1.000E-03 8.936E-01 3.167E-02 1.646E+03 0.000E+00 0.000E+00 
1.142E-03 8.677E-01 3.977E-02 1.150E+03 0.000E+00 0.000E+00 
1.305E-03 8.395E-01 4.970E-02 8.019E+02 0.000E+00 0.000E+00 
1.500E-03 8.047E-01 6.213E-02 5.502E+02 0.000E+00 0.000E+00 
2.000E-03 7.102E-01 9.377E-02 2.453E+02 0.000E+00 0.000E+00 
2.145E-03 6.832E-01 1.025E-01 2.008E+02 0.000E+00 0.000E+00 
2.303E-03 6.547E-01 1.117E-01 1.995E+02 0.000E+00 0.000E+00 
2.472E-03 6.253E-01 1.210E-01 1.639E+02 0.000E+00 0.000E+00 
3.000E-03 5.415E-01 1.470E-01 9.590E+01 0.000E+00 0.000E+00 
4.000E-03 4.161E-01 1.830E-01 4.185E+01 0.000E+00 0.000E+00 
4.038E-03 4.121E-01 1.841E-01 4.071E+01 0.000E+00 0.000E+00 
5.000E-03 3.280E-01 2.064E-01 3.812E+01 0.000E+00 0.000E+00 
6.000E-03 2.661E-01 2.218E-01 2.282E+01 0.000E+00 0.000E+00 
8.000E-03 1.881E-01 2.401E-01 1.004E+01 0.000E+00 0.000E+00 
1.000E-02 1.424E-01 2.500E-01 5.246E+00 0.000E+00 0.000E+00 
1.500E-02 8.347E-02 2.608E-01 1.575E+00 0.000E+00 0.000E+00 
2.000E-02 5.499E-02 2.642E-01 6.596E-01 0.000E+00 0.000E+00 
3.000E-02 2.888E-02 2.630E-01 1.895E-01 0.000E+00 0.000E+00 
4.000E-02 1.776E-02 2.582E-01 7.724E-02 0.000E+00 0.000E+00 
5.000E-02 1.202E-02 2.523E-01 3.828E-02 0.000E+00 0.000E+00 
6.000E-02 8.677E-03 2.463E-01 2.150E-02 0.000E+00 0.000E+00 
8.000E-02 5.114E-03 2.346E-01 8.616E-03 0.000E+00 0.000E+00 
1.000E-01 3.360E-03 2.240E-01 4.232E-03 0.000E+00 0.000E+00 
1.500E-01 1.542E-03 2.023E-01 1.167E-03 0.000E+00 0.000E+00 
2.000E-01 8.795E-04 1.856E-01 4.727E-04 0.000E+00 0.000E+00 
3.000E-01 3.955E-04 1.615E-01 1.373E-04 0.000E+00 0.000E+00 
4.000E-01 2.235E-04 1.448E-01 5.973E-05 0.000E+00 0.000E+00 
5.000E-01 1.434E-04 1.323E-01 3.249E-05 0.000E+00 0.000E+00 
6.000E-01 9.968E-05 1.223E-01 2.034E-05 0.000E+00 0.000E+00 
8.000E-01 5.614E-05 1.075E-01 1.032E-05 0.000E+00 0.000E+00 
1.000E+00 3.595E-05 9.666E-02 6.413E-06 0.000E+00 0.000E+00 
1.022E+00 3.442E-05 9.566E-02 6.050E-06 0.000E+00 0.000E+00 
1.250E+00 2.302E-05 8.643E-02 4.099E-06 1.201E-05 0.000E+00 
1.500E+00 1.599E-05 7.856E-02 2.964E-06 6.616E-05 0.000E+00 
2.000E+00 8.994E-06 6.704E-02 1.844E-06 2.629E-04 0.000E+00 
2.044E+00 8.611E-06 6.621E-02 1.782E-06 2.834E-04 0.000E+00 
3.000E+00 3.998E-06 5.273E-02 1.014E-06 7.504E-04 1.845E-05 
4.000E+00 2.249E-06 4.399E-02 6.890E-07 1.216E-03 7.532E-05 
5.000E+00 1.439E-06 3.799E-02 5.190E-07 1.631E-03 1.501E-04 
6.000E+00 9.996E-07 3.358E-02 4.152E-07 2.003E-03 2.306E-04 
7.000E+00 7.343E-07 3.018E-02 3.455E-07 2.335E-03 3.109E-04 
8.000E+00 5.623E-07 2.747E-02 2.956E-07 2.634E-03 3.888E-04 
9.000E+00 4.443E-07 2.525E-02 2.582E-07 2.906E-03 4.637E-04 
1.000E+01 3.599E-07 2.340E-02 2.291E-07 3.152E-03 5.350E-04 
1.100E+01 2.974E-07 2.182E-02 2.059E-07 3.376E-03 6.026E-04 
1.200E+01 2.499E-07 2.046E-02 1.869E-07 3.582E-03 6.666E-04 
1.300E+01 2.130E-07 1.928E-02 1.711E-07 3.774E-03 7.270E-04 
1.400E+01 1.836E-07 1.824E-02 1.578E-07 3.953E-03 7.847E-04 
1.500E+01 1.599E-07 1.731E-02 1.464E-07 4.119E-03 8.395E-04 
1.600E+01 1.406E-07 1.649E-02 1.365E-07 4.277E-03 8.920E-04 
1.800E+01 1.111E-07 1.507E-02 1.202E-07 4.564E-03 9.893E-04 
2.000E+01 8.996E-08 1.390E-02 1.074E-07 4.822E-03 1.078E-03 
2.200E+01 7.436E-08 1.291E-02 9.705E-08 5.057E-03 1.161E-03 
2.400E+01 6.247E-08 1.206E-02 8.851E-08 5.271E-03 1.237E-03 
2.600E+01 5.324E-08 1.133E-02 8.133E-08 5.467E-03 1.308E-03 
2.800E+01 4.590E-08 1.068E-02 7.527E-08 5.649E-03 1.374E-03 
3.000E+01 3.999E-08 1.012E-02 7.001E-08 5.817E-03 1.436E-03 
4.000E+01 2.249E-08 8.039E-03 5.193E-08 6.509E-03 1.698E-03 
5.000E+01 1.439E-08 6.713E-03 4.126E-08 7.036E-03 1.903E-03 
6.000E+01 9.996E-09 5.780E-03 3.423E-08 7.455E-03 2.071E-03 
8.000E+01 5.622E-09 4.560E-03 2.553E-08 8.095E-03 2.336E-03 
1.000E+02 3.599E-09 3.785E-03 2.035E-08 8.566E-03 2.539E-03 
1.500E+02 1.599E-09 2.695E-03 1.351E-08 9.356E-03 2.899E-03 
2.000E+02 8.994E-10 2.113E-03 1.010E-08 9.850E-03 3.143E-03 
3.000E+02 3.998E-10 1.498E-03 6.721E-09 1.045E-02 3.466E-03 
4.000E+02 2.249E-10 1.173E-03 5.036E-09 1.081E-02 3.674E-03 
5.000E+02 1.439E-10 9.709E-04 4.026E-09 1.105E-02 3.822E-03 
6.000E+02 9.994E-11 8.315E-04 3.353E-09 1.122E-02 3.933E-03 
8.000E+02 5.622E-11 6.494E-04 2.513E-09 1.145E-02 4.091E-03 
1.000E+03 3.598E-11 5.342E-04 2.010E-09 1.161E-02 4.199E-03 
1.500E+03 1.599E-11 3.731E-04 1.340E-09 1.183E-02 4.365E-03 
2.000E+03 8.994E-12 2.888E-04 1.004E-09 1.195E-02 4.460E-03 
3.000E+03 3.998E-12 2.008E-04 6.694E-10 1.209E-02 4.566E-03 
4.000E+03 2.249E-12 1.550E-04 5.020E-10 1.216E-02 4.628E-03 
5.000E+03 1.439E-12 1.267E-04 4.015E-10 1.221E-02 4.668E-03 
6.000E+03 9.994E-13 1.075E-04 3.346E-10 1.224E-02 4.696E-03 
8.000E+03 5.622E-13 8.277E-05 2.509E-10 1.228E-02 4.733E-03 
1.000E+04 3.598E-13 6.759E-05 2.007E-10 1.231E-02 4.757E-03 
1.500E+04 1.599E-13 4.670E-05 1.338E-10 1.234E-02 4.789E-03 
2.000E+04 8.994E-14 3.591E-05 1.004E-10 1.236E-02 4.806E-03 
3.000E+04 3.998E-14 2.477E-05 6.692E-11 1.238E-02 4.826E-03 
4.000E+04 2.249E-14 1.901E-05 5.018E-11 1.240E-02 4.838E-03 
5.000E+04 1.439E-14 1.548E-05 4.015E-11 1.240E-02 4.842E-03 
6.000E+04 9.994E-15 1.309E-05 3.346E-11 1.241E-02 4.850E-03 
8.000E+04 5.622E-15 1.004E-05 2.509E-11 1.241E-02 4.854E-03 
1.000E+05 3.598E-15 8.163E-06 2.007E-11 1.242E-02 4.858E-03 
