 54000  0  0  131.3      180717  2  0.0         1.0000E+50  0.0
91912  0  0.0         0.0         0.0         0.0         0.0
 1.000000000E+00 2.000000000E+00
 3.000000000E+00 2.000000000E+00
 5.000000000E+00 2.000000000E+00
 6.000000000E+00 4.000000000E+00
 8.000000000E+00 2.000000000E+00
 1.000000000E+01 2.000000000E+00
 1.100000000E+01 4.000000000E+00
 1.300000000E+01 4.000000000E+00
 1.400000000E+01 6.000000000E+00
 1.600000000E+01 2.000000000E+00
 1.800000000E+01 2.000000000E+00
 1.900000000E+01 4.000000000E+00
 2.100000000E+01 4.000000000E+00
 2.200000000E+01 6.000000000E+00
 2.700000000E+01 2.000000000E+00
 2.900000000E+01 2.000000000E+00
 3.000000000E+01 4.000000000E+00
                                                                       1
 54000  0  0  131.3      180717  2  0.0         1.0000E+50  0.0
91913  0  0.0         0.0         0.0         0.0         0.0
 1.000000000E+00 3.456500000E-02
 3.000000000E+00 5.453200000E-03
 5.000000000E+00 5.107200000E-03
 6.000000000E+00 4.787300000E-03
 8.000000000E+00 1.148700000E-03
 1.000000000E+01 1.002100000E-03
 1.100000000E+01 9.406000000E-04
 1.300000000E+01 6.890000000E-04
 1.400000000E+01 6.764000000E-04
 1.600000000E+01 2.132000000E-04
 1.800000000E+01 1.570000000E-04
 1.900000000E+01 1.455000000E-04
 2.100000000E+01 6.950000000E-05
 2.200000000E+01 6.750000000E-05
 2.700000000E+01 2.339000000E-05
 2.900000000E+01 1.343000000E-05
 3.000000000E+01 1.213000000E-05
                                                                       1
 54000  0  0  131.3      180717  2  0.0         1.0000E+50  0.0
91914  0  0.0         0.0         0.0         0.0         0.0
 1.000000000E+00 4.417650263E-02
 3.000000000E+00 9.738425210E-03
 5.000000000E+00 9.689460812E-03
 6.000000000E+00 8.506087714E-03
 8.000000000E+00 2.909528102E-03
 1.000000000E+01 2.806370178E-03
 1.100000000E+01 2.539303272E-03
 1.300000000E+01 2.368833278E-03
 1.400000000E+01 2.306480871E-03
 1.600000000E+01 8.420463790E-04
 1.800000000E+01 7.358550625E-04
 1.900000000E+01 6.722025274E-04
 2.100000000E+01 5.353112113E-04
 2.200000000E+01 5.208992328E-04
 2.700000000E+01 1.523173443E-04
 2.900000000E+01 1.187168502E-04
 3.000000000E+01 1.057501369E-04
                                                                       1
 54000  0  0  131.3      180717  2  0.0         1.0000E+50  0.0
91915  0  0.0         0.0         0.0         0.0         0.0
 1.000000000E+00 1.408300000E-10
 3.000000000E+00 6.020200000E-10
 5.000000000E+00 5.066400000E-10
 6.000000000E+00 5.371500000E-10
 8.000000000E+00 1.608700000E-09
 1.000000000E+01 1.553500000E-09
 1.100000000E+01 1.614500000E-09
 1.300000000E+01 1.457400000E-09
 1.400000000E+01 1.476700000E-09
 1.600000000E+01 3.749600000E-09
 1.800000000E+01 3.888600000E-09
 1.900000000E+01 4.031500000E-09
 2.100000000E+01 4.487200000E-09
 2.200000000E+01 4.541200000E-09
 2.700000000E+01 9.526500000E-09
 2.900000000E+01 1.129900000E-08
 3.000000000E+01 1.191700000E-08
                                                                       1
 54000  0  0  131.3      180717  2  0.0         1.0000E+50  0.0
91921  0  0.0         0.0         0.0         0.0         0.0
 1.000000000E+00 9.891100000E-06
 3.000000000E+00 1.630800000E-07
 5.000000000E+00 2.739400000E-07
 6.000000000E+00 2.577400000E-07
 8.000000000E+00 4.096100000E-09
 1.000000000E+01 4.044600000E-09
 1.100000000E+01 4.015500000E-09
 1.300000000E+01 3.121700000E-10
 1.400000000E+01 2.655000000E-10
 1.600000000E+01 9.602100000E-11
 1.800000000E+01 2.313700000E-10
 1.900000000E+01 1.788800000E-10
 2.100000000E+01 8.247400000E-12
 2.200000000E+01 7.148200000E-12
                                                                       1
 54000  0  0  131.3      180717  2  0.0         1.0000E+50  0.0
91922  0  0.0         0.0         0.0         0.0         0.0
 1.000000000E+00 1.216600000E-06
 3.000000000E+00 3.183500000E-06
 5.000000000E+00 2.577200000E-06
 6.000000000E+00 2.367400000E-06
 8.000000000E+00 1.117000000E-05
 1.000000000E+01 4.976300000E-06
 1.100000000E+01 5.572800000E-06
 1.300000000E+01 5.946000000E-07
 1.400000000E+01 5.957200000E-07
 1.600000000E+01 5.198100000E-06
 1.800000000E+01 2.570500000E-05
 1.900000000E+01 3.197300000E-05
 2.100000000E+01 8.049100000E-08
 2.200000000E+01 8.042400000E-08
                                                                       1
 54000  0  0  131.3      180717  2  0.0         1.0000E+50  0.0
92935  0  0.0         0.0         0.0         0.0         0.0
 1.000000000E+00 1.952828476E-04
 3.000000000E+00 2.261634894E-04
 5.000000000E+00 1.920721067E-04
 6.000000000E+00 1.835170101E-04
 8.000000000E+00 1.665461430E-04
 1.000000000E+01 1.401169688E-04
 1.100000000E+01 1.372242980E-04
 1.300000000E+01 8.261178909E-05
 1.400000000E+01 8.367434992E-05
 1.600000000E+01 7.169830974E-05
 1.800000000E+01 6.371245442E-05
 1.900000000E+01 6.487099507E-05
 2.100000000E+01 3.252219860E-05
 2.200000000E+01 3.364682797E-05
 2.700000000E+01 2.339000000E-05
 2.900000000E+01 1.343000000E-05
 3.000000000E+01 1.213000000E-05
                                                                       1
 54000  0  7  131.3      180717  2  0.0         1.0000E+50  0.0
92933  0  0.0         0.0         0.0         0.0         0.0
 1.000000000E+00 9.856560000E-01
 3.000000000E+00 1.022500000E-01
 5.000000000E+00 1.120400000E-01
 6.000000000E+00 9.685220000E-02
 8.000000000E+00 3.831450000E-03
 1.000000000E+01 4.092770000E-03
 1.100000000E+01 3.862460000E-03
 1.300000000E+01 2.360700000E-03
 1.400000000E+01 2.176420000E-03
 1.600000000E+01 1.113440000E-04
 1.800000000E+01 1.054230000E-04
 1.900000000E+01 3.194630000E-05
 2.100000000E+01 5.199390000E-07
 2.200000000E+01 5.359700000E-07
                                                                       1
 54000  0  7  131.3      180717  2  0.0         1.0000E+50  0.0
92934  0  0.0         0.0         0.0         0.0         0.0
 1.000000000E+00 2.752376661E-02
 3.000000000E+00 4.351808431E-04
 5.000000000E+00 4.772343634E-04
 6.000000000E+00 3.847897527E-04
 8.000000000E+00 2.604856414E-06
 1.000000000E+01 2.643740469E-06
 1.100000000E+01 2.503021710E-06
 1.300000000E+01 1.268453677E-06
 1.400000000E+01 1.161097426E-06
 1.600000000E+01 1.059420953E-08
 1.800000000E+01 9.887511980E-09
 1.900000000E+01 2.697629781E-09
 2.100000000E+01 2.985076747E-11
 2.200000000E+01 3.032799498E-11
                                                                       1
 54000  0  9  131.3      180717  2  0.0         1.0000E+50  0.0
92933  0  0.0         0.0         0.0         0.0         0.0
 1.000000000E+00 1.074840000E+01
 3.000000000E+00 1.251730000E+01
 5.000000000E+00 1.057060000E+01
 6.000000000E+00 1.000160000E+01
 8.000000000E+00 8.789020000E+00
 1.000000000E+01 7.360880000E+00
 1.100000000E+01 7.122070000E+00
 1.300000000E+01 4.016670000E+00
 1.400000000E+01 4.016410000E+00
 1.600000000E+01 3.249300000E+00
 1.800000000E+01 2.942380000E+00
 1.900000000E+01 2.940340000E+00
 2.100000000E+01 9.999990000E-01
 2.200000000E+01 9.999990000E-01
                                                                       1
 54000  0  9  131.3      180717  2  0.0         1.0000E+50  0.0
92934  0  0.0         0.0         0.0         0.0         0.0
 1.000000000E+00 6.845962545E-03
 3.000000000E+00 4.791857681E-03
 5.000000000E+00 4.437897532E-03
 6.000000000E+00 4.218994240E-03
 8.000000000E+00 9.795493179E-04
 1.000000000E+01 8.593397161E-04
 1.100000000E+01 8.008733502E-04
 1.300000000E+01 6.051195279E-04
 1.400000000E+01 5.915644728E-04
 1.600000000E+01 1.414914585E-04
 1.800000000E+01 9.327757981E-05
 1.900000000E+01 8.062625186E-05
 2.100000000E+01 3.697780140E-05
 2.200000000E+01 3.385317203E-05
                                                                       1
 54000  0  7  131.3      180717  2  0.0         1.0000E+50  0.0
92931 91  0.0         1.          0.0         0.0         0.0
  5.00000000E+00  2.55988000E-01  2.94578000E-02
  6.00000000E+00  4.74077000E-01  2.97777000E-02
  1.00000000E+01  4.45027000E-02  3.35629000E-02
  1.10000000E+01  8.62775000E-02  3.36244000E-02
  1.30000000E+01  4.38977000E-04  3.38760000E-02
  1.40000000E+01  5.99496000E-04  3.38886000E-02
  1.80000000E+01  9.33064000E-03  3.44080000E-02
  1.90000000E+01  1.81979000E-02  3.44195000E-02
  2.10000000E+01  8.18305000E-05  3.44955000E-02
  2.20000000E+01  1.11539000E-04  3.44975000E-02
  2.90000000E+01  9.56254000E-04  3.45515700E-02
  3.00000000E+01  1.80819000E-03  3.45528700E-02
                                                                       1
 54000  0  9  131.3      180717  2  0.0         1.0000E+50  0.0
92932 91  0.0         1.          0.0         0.0         0.0
  3.00000000E+00  3.00000000E+00  8.66166000E-03  2.36586000E-02
  3.00000000E+00  5.00000000E+00  1.02644000E-02  2.40046000E-02
  3.00000000E+00  6.00000000E+00  1.23564000E-02  2.43245000E-02
  3.00000000E+00  8.00000000E+00  3.08562000E-03  2.79631000E-02
  3.00000000E+00  1.00000000E+01  1.95658000E-03  2.81097000E-02
  3.00000000E+00  1.10000000E+01  2.38363000E-03  2.81712000E-02
  3.00000000E+00  1.30000000E+01  1.53828000E-04  2.84228000E-02
  3.00000000E+00  1.40000000E+01  1.67791000E-04  2.84354000E-02
  3.00000000E+00  1.60000000E+01  6.64150000E-04  2.88986000E-02
  3.00000000E+00  1.80000000E+01  3.96230000E-04  2.89548000E-02
  3.00000000E+00  1.90000000E+01  4.79527000E-04  2.89663000E-02
  3.00000000E+00  2.10000000E+01  2.76823000E-05  2.90423000E-02
  3.00000000E+00  2.20000000E+01  2.98489000E-05  2.90443000E-02
  3.00000000E+00  2.70000000E+01  9.46053000E-05  2.90884100E-02
  3.00000000E+00  2.90000000E+01  4.09221000E-05  2.90983700E-02
  3.00000000E+00  3.00000000E+01  4.69406000E-05  2.90996700E-02
  5.00000000E+00  5.00000000E+00  1.25048000E-03  2.43506000E-02
  5.00000000E+00  6.00000000E+00  2.62988000E-02  2.46705000E-02
  5.00000000E+00  8.00000000E+00  1.51823000E-03  2.83091000E-02
  5.00000000E+00  1.00000000E+01  4.28008000E-04  2.84557000E-02
  5.00000000E+00  1.10000000E+01  4.24412000E-03  2.85172000E-02
  5.00000000E+00  1.30000000E+01  1.83434000E-04  2.87688000E-02
  5.00000000E+00  1.40000000E+01  6.15039000E-04  2.87814000E-02
  5.00000000E+00  1.60000000E+01  3.14624000E-04  2.92446000E-02
  5.00000000E+00  1.80000000E+01  8.49746000E-05  2.93008000E-02
  5.00000000E+00  1.90000000E+01  8.25682000E-04  2.93123000E-02
  5.00000000E+00  2.10000000E+01  3.24971000E-05  2.93883000E-02
  5.00000000E+00  2.20000000E+01  1.08087000E-04  2.93903000E-02
  5.00000000E+00  2.70000000E+01  4.45331000E-05  2.94344100E-02
  5.00000000E+00  2.90000000E+01  8.66599000E-06  2.94443700E-02
  5.00000000E+00  3.00000000E+01  8.06413000E-05  2.94456700E-02
  6.00000000E+00  6.00000000E+00  1.31388000E-02  2.49904000E-02
  6.00000000E+00  8.00000000E+00  1.78907000E-03  2.86290000E-02
  6.00000000E+00  1.00000000E+01  4.13904000E-03  2.87756000E-02
  6.00000000E+00  1.10000000E+01  4.35297000E-03  2.88371000E-02
  6.00000000E+00  1.30000000E+01  7.31324000E-04  2.90887000E-02
  6.00000000E+00  1.40000000E+01  6.73074000E-04  2.91013000E-02
  6.00000000E+00  1.60000000E+01  3.69038000E-04  2.95645000E-02
  6.00000000E+00  1.80000000E+01  8.09080000E-04  2.96207000E-02
  6.00000000E+00  1.90000000E+01  8.51687000E-04  2.96322000E-02
  6.00000000E+00  2.10000000E+01  1.29275000E-04  2.97082000E-02
  6.00000000E+00  2.20000000E+01  1.18682000E-04  2.97102000E-02
  6.00000000E+00  2.70000000E+01  5.22368000E-05  2.97543100E-02
  6.00000000E+00  2.90000000E+01  8.32919000E-05  2.97642700E-02
  6.00000000E+00  3.00000000E+01  8.32919000E-05  2.97655700E-02
  8.00000000E+00  8.00000000E+00  2.70593000E-04  3.22676000E-02
  8.00000000E+00  1.00000000E+01  2.92261000E-04  3.24142000E-02
  8.00000000E+00  1.10000000E+01  3.47861000E-04  3.24757000E-02
  8.00000000E+00  1.30000000E+01  2.11847000E-05  3.27273000E-02
  8.00000000E+00  1.40000000E+01  2.23884000E-05  3.27399000E-02
  8.00000000E+00  1.60000000E+01  1.16271000E-04  3.32031000E-02
  8.00000000E+00  1.80000000E+01  5.92216000E-05  3.32593000E-02
  8.00000000E+00  1.90000000E+01  7.00556000E-05  3.32708000E-02
  8.00000000E+00  2.10000000E+01  3.85184000E-06  3.33468000E-02
  8.00000000E+00  2.20000000E+01  4.09250000E-06  3.33488000E-02
  8.00000000E+00  2.70000000E+01  1.66113000E-05  3.33929100E-02
  8.00000000E+00  2.90000000E+01  6.01855000E-06  3.34028700E-02
  8.00000000E+00  3.00000000E+01  6.98139000E-06  3.34041700E-02
  1.00000000E+01  1.00000000E+01  3.51465000E-05  3.25608000E-02
  1.00000000E+01  1.10000000E+01  6.78846000E-04  3.26223000E-02
  1.00000000E+01  1.30000000E+01  2.28686000E-05  3.28739000E-02
  1.00000000E+01  1.40000000E+01  7.58282000E-05  3.28865000E-02
  1.00000000E+01  1.60000000E+01  6.06623000E-05  3.33497000E-02
  1.00000000E+01  1.80000000E+01  1.39611000E-05  3.34059000E-02
  1.00000000E+01  1.90000000E+01  1.32398000E-04  3.34174000E-02
  1.00000000E+01  2.10000000E+01  4.09224000E-06  3.34934000E-02
  1.00000000E+01  2.20000000E+01  1.34806000E-05  3.34954000E-02
  1.00000000E+01  2.70000000E+01  8.66606000E-06  3.35395100E-02
  1.00000000E+01  2.90000000E+01  1.44436000E-06  3.35494700E-02
  1.00000000E+01  3.00000000E+01  1.29992000E-05  3.35507700E-02
  1.10000000E+01  1.10000000E+01  3.61812000E-04  3.26838000E-02
  1.10000000E+01  1.30000000E+01  9.62873000E-05  3.29354000E-02
  1.10000000E+01  1.40000000E+01  8.64198000E-05  3.29480000E-02
  1.10000000E+01  1.60000000E+01  7.19762000E-05  3.34112000E-02
  1.10000000E+01  1.80000000E+01  1.33125000E-04  3.34674000E-02
  1.10000000E+01  1.90000000E+01  1.41782000E-04  3.34789000E-02
  1.10000000E+01  2.10000000E+01  1.70917000E-05  3.35549000E-02
  1.10000000E+01  2.20000000E+01  1.54066000E-05  3.35569000E-02
  1.10000000E+01  2.70000000E+01  1.01101000E-05  3.36010100E-02
  1.10000000E+01  2.90000000E+01  1.37213000E-05  3.36109700E-02
  1.10000000E+01  3.00000000E+01  1.37213000E-05  3.36122700E-02
  1.30000000E+01  1.40000000E+01  1.13060000E-05  3.31996000E-02
  1.30000000E+01  1.60000000E+01  4.42382000E-06  3.36628000E-02
  1.30000000E+01  1.80000000E+01  4.42382000E-06  3.37190000E-02
  1.30000000E+01  1.90000000E+01  1.84328000E-05  3.37305000E-02
  1.30000000E+01  2.20000000E+01  1.96617000E-06  3.38085000E-02
  1.30000000E+01  2.70000000E+01  7.37293000E-07  3.38526100E-02
  1.30000000E+01  2.90000000E+01  4.91529000E-07  3.38625700E-02
  1.30000000E+01  3.00000000E+01  1.72029000E-06  3.38638700E-02
  1.40000000E+01  1.40000000E+01  2.73182000E-06  3.32122000E-02
  1.40000000E+01  1.60000000E+01  4.71854000E-06  3.36754000E-02
  1.40000000E+01  1.80000000E+01  1.46525000E-05  3.37316000E-02
  1.40000000E+01  1.90000000E+01  1.66394000E-05  3.37431000E-02
  1.40000000E+01  2.10000000E+01  1.98682000E-06  3.38191000E-02
  1.40000000E+01  2.20000000E+01  9.93361000E-07  3.38211000E-02
  1.40000000E+01  2.70000000E+01  7.45035000E-07  3.38652100E-02
  1.40000000E+01  2.90000000E+01  1.49009000E-06  3.38751700E-02
  1.40000000E+01  3.00000000E+01  1.49009000E-06  3.38764700E-02
  1.60000000E+01  1.60000000E+01  1.26247000E-05  3.41386000E-02
  1.60000000E+01  1.80000000E+01  1.23819000E-05  3.41948000E-02
  1.60000000E+01  1.90000000E+01  1.45671000E-05  3.42063000E-02
  1.60000000E+01  2.10000000E+01  7.28344000E-07  3.42823000E-02
  1.60000000E+01  2.20000000E+01  7.28344000E-07  3.42843000E-02
  1.60000000E+01  2.70000000E+01  3.64173000E-06  3.43284100E-02
  1.60000000E+01  2.90000000E+01  1.21391000E-06  3.43383700E-02
  1.60000000E+01  3.00000000E+01  1.45671000E-06  3.43396700E-02
  1.80000000E+01  1.80000000E+01  1.42393000E-06  3.42510000E-02
  1.80000000E+01  1.90000000E+01  2.56306000E-05  3.42625000E-02
  1.80000000E+01  2.10000000E+01  7.11955000E-07  3.43385000E-02
  1.80000000E+01  2.20000000E+01  2.37328000E-06  3.43405000E-02
  1.80000000E+01  2.70000000E+01  1.66117000E-06  3.43846100E-02
  1.80000000E+01  2.90000000E+01  2.37328000E-07  3.43945700E-02
  1.80000000E+01  3.00000000E+01  2.61053000E-06  3.43958700E-02
  1.90000000E+01  1.90000000E+01  1.39612000E-05  3.42740000E-02
  1.90000000E+01  2.10000000E+01  3.12947000E-06  3.43500000E-02
  1.90000000E+01  2.20000000E+01  2.88873000E-06  3.43520000E-02
  1.90000000E+01  2.70000000E+01  2.16649000E-06  3.43961100E-02
  1.90000000E+01  2.90000000E+01  2.64799000E-06  3.44060700E-02
  1.90000000E+01  3.00000000E+01  2.64799000E-06  3.44073700E-02
  2.10000000E+01  2.20000000E+01  5.34297000E-07  3.44280000E-02
  2.10000000E+01  3.00000000E+01  5.34297000E-07  3.44833700E-02
  2.20000000E+01  2.90000000E+01  4.27857000E-07  3.44840700E-02
  2.20000000E+01  3.00000000E+01  4.27857000E-07  3.44853700E-02
  2.70000000E+01  2.70000000E+01  2.81545000E-07  3.45182200E-02
  2.70000000E+01  2.90000000E+01  2.81545000E-07  3.45281800E-02
  2.70000000E+01  3.00000000E+01  2.81545000E-07  3.45294800E-02
  2.90000000E+01  3.00000000E+01  3.41278000E-07  3.45394400E-02
  3.00000000E+01  3.00000000E+01  2.40729000E-07  3.45407400E-02
                                                                       1
 54000  0  7  131.3      180717  2  0.0         1.0000E+50  0.0
92931 91  0.0         3.          0.0         0.0         0.0
  5.00000000E+00  1.98398000E-05  3.46000000E-04
  6.00000000E+00  3.73327000E-04  6.65900000E-04
  1.00000000E+01  1.38829000E-02  4.45110000E-03
  1.10000000E+01  2.18758000E-02  4.51260000E-03
  1.30000000E+01  2.06838000E-04  4.76420000E-03
  1.40000000E+01  3.08777000E-04  4.77680000E-03
  1.80000000E+01  2.99258000E-03  5.29620000E-03
  1.90000000E+01  4.83886000E-03  5.30770000E-03
  2.10000000E+01  2.51578000E-05  5.38370000E-03
  2.20000000E+01  3.82137000E-05  5.38570000E-03
  2.90000000E+01  3.40147000E-04  5.43977000E-03
  3.00000000E+01  5.28266000E-04  5.44107000E-03
                                                                       1
 54000  0  9  131.3      180717  2  0.0         1.0000E+50  0.0
92932 91  0.0         3.          0.0         0.0         0.0
  5.00000000E+00  1.60000000E+01  5.69431000E-02  1.32800000E-04
  5.00000000E+00  1.80000000E+01  4.06576000E-02  1.89000000E-04
  5.00000000E+00  1.90000000E+01  5.15253000E-02  2.00500000E-04
  5.00000000E+00  2.10000000E+01  1.31854000E-02  2.76500000E-04
  5.00000000E+00  2.20000000E+01  2.18037000E-02  2.78500000E-04
  5.00000000E+00  2.70000000E+01  7.77756000E-03  3.22610000E-04
  5.00000000E+00  2.90000000E+01  3.96775000E-03  3.32570000E-04
  5.00000000E+00  3.00000000E+01  4.77790000E-03  3.33870000E-04
  6.00000000E+00  1.60000000E+01  7.43055000E-02  4.52700000E-04
  6.00000000E+00  1.80000000E+01  3.23640000E-02  5.08900000E-04
  6.00000000E+00  1.90000000E+01  6.09524000E-02  5.20400000E-04
  6.00000000E+00  2.10000000E+01  6.22297000E-02  5.96400000E-04
  6.00000000E+00  2.20000000E+01  8.00767000E-02  5.98400000E-04
  6.00000000E+00  2.70000000E+01  1.02309000E-02  6.42510000E-04
  6.00000000E+00  2.90000000E+01  3.22316000E-03  6.52470000E-04
  6.00000000E+00  3.00000000E+01  5.81492000E-03  6.53770000E-04
  8.00000000E+00  8.00000000E+00  1.34704000E-02  3.15580000E-03
  8.00000000E+00  1.00000000E+01  2.67210000E-02  3.30240000E-03
  8.00000000E+00  1.10000000E+01  4.93433000E-02  3.36390000E-03
  8.00000000E+00  1.30000000E+01  3.87315000E-02  3.61550000E-03
  8.00000000E+00  1.40000000E+01  5.46919000E-02  3.62810000E-03
  8.00000000E+00  1.60000000E+01  4.95078000E-03  4.09130000E-03
  8.00000000E+00  1.80000000E+01  5.29200000E-03  4.14750000E-03
  8.00000000E+00  1.90000000E+01  9.69018000E-03  4.15900000E-03
  8.00000000E+00  2.10000000E+01  5.94375000E-03  4.23500000E-03
  8.00000000E+00  2.20000000E+01  8.34214000E-03  4.23700000E-03
  8.00000000E+00  2.70000000E+01  6.89327000E-04  4.28111000E-03
  8.00000000E+00  2.90000000E+01  5.44942000E-04  4.29107000E-03
  8.00000000E+00  3.00000000E+01  9.47105000E-04  4.29237000E-03
  1.00000000E+01  1.00000000E+01  1.55808000E-04  3.44900000E-03
  1.00000000E+01  1.10000000E+01  9.80531000E-04  3.51050000E-03
  1.00000000E+01  1.30000000E+01  1.09226000E-03  3.76210000E-03
  1.00000000E+01  1.40000000E+01  1.43276000E-02  3.77470000E-03
  1.00000000E+01  1.60000000E+01  3.95236000E-03  4.23790000E-03
  1.00000000E+01  1.80000000E+01  3.26282000E-05  4.29410000E-03
  1.00000000E+01  1.90000000E+01  1.81912000E-04  4.30560000E-03
  1.00000000E+01  2.10000000E+01  1.68037000E-04  4.38160000E-03
  1.00000000E+01  2.20000000E+01  1.47329000E-03  4.38360000E-03
  1.00000000E+01  2.70000000E+01  5.26152000E-04  4.42771000E-03
  1.00000000E+01  2.90000000E+01  3.26282000E-06  4.43767000E-03
  1.00000000E+01  3.00000000E+01  1.79464000E-05  4.43897000E-03
  1.10000000E+01  1.10000000E+01  1.15513000E-03  3.57200000E-03
  1.10000000E+01  1.30000000E+01  9.88891000E-03  3.82360000E-03
  1.10000000E+01  1.40000000E+01  6.71326000E-03  3.83620000E-03
  1.10000000E+01  1.60000000E+01  7.29570000E-03  4.29940000E-03
  1.10000000E+01  1.80000000E+01  1.82737000E-04  4.35560000E-03
  1.10000000E+01  1.90000000E+01  3.46720000E-04  4.36710000E-03
  1.10000000E+01  2.10000000E+01  8.84304000E-04  4.44310000E-03
  1.10000000E+01  2.20000000E+01  6.19996000E-04  4.44510000E-03
  1.10000000E+01  2.70000000E+01  9.71613000E-04  4.48921000E-03
  1.10000000E+01  2.90000000E+01  1.87633000E-05  4.49917000E-03
  1.10000000E+01  3.00000000E+01  3.26303000E-05  4.50047000E-03
  1.30000000E+01  1.30000000E+01  2.11287000E-03  4.07520000E-03
  1.30000000E+01  1.40000000E+01  7.75065000E-02  4.08780000E-03
  1.30000000E+01  1.60000000E+01  5.42578000E-03  4.55100000E-03
  1.30000000E+01  1.80000000E+01  2.81438000E-04  4.60720000E-03
  1.30000000E+01  1.90000000E+01  1.96689000E-03  4.61870000E-03
  1.30000000E+01  2.10000000E+01  6.43642000E-04  4.69470000E-03
  1.30000000E+01  2.20000000E+01  8.78828000E-03  4.69670000E-03
  1.30000000E+01  2.70000000E+01  7.17055000E-04  4.74081000E-03
  1.30000000E+01  2.90000000E+01  3.01835000E-05  4.75077000E-03
  1.30000000E+01  3.00000000E+01  1.92525000E-04  4.75207000E-03
  1.40000000E+01  1.40000000E+01  2.17703000E-02  4.10040000E-03
  1.40000000E+01  1.60000000E+01  7.70643000E-03  4.56360000E-03
  1.40000000E+01  1.80000000E+01  2.59329000E-03  4.61980000E-03
  1.40000000E+01  1.90000000E+01  1.40068000E-03  4.63130000E-03
  1.40000000E+01  2.10000000E+01  8.70981000E-03  4.70730000E-03
  1.40000000E+01  2.20000000E+01  5.15306000E-03  4.70930000E-03
  1.40000000E+01  2.70000000E+01  1.01963000E-03  4.75341000E-03
  1.40000000E+01  2.90000000E+01  2.63493000E-04  4.76337000E-03
  1.40000000E+01  3.00000000E+01  1.37862000E-04  4.76467000E-03
  1.60000000E+01  1.60000000E+01  4.32375000E-04  5.02680000E-03
  1.60000000E+01  1.80000000E+01  7.84776000E-04  5.08300000E-03
  1.60000000E+01  1.90000000E+01  1.43573000E-03  5.09450000E-03
  1.60000000E+01  2.10000000E+01  8.30437000E-04  5.17050000E-03
  1.60000000E+01  2.20000000E+01  1.17056000E-03  5.17250000E-03
  1.60000000E+01  2.70000000E+01  1.19103000E-04  5.21661000E-03
  1.60000000E+01  2.90000000E+01  8.07632000E-05  5.22657000E-03
  1.60000000E+01  3.00000000E+01  1.40313000E-04  5.22787000E-03
  1.80000000E+01  1.80000000E+01  1.63148000E-06  5.13920000E-03
  1.80000000E+01  1.90000000E+01  3.42610000E-05  5.15070000E-03
  1.80000000E+01  2.10000000E+01  3.67101000E-05  5.22670000E-03
  1.80000000E+01  2.20000000E+01  2.74906000E-04  5.22870000E-03
  1.80000000E+01  2.70000000E+01  1.04424000E-04  5.27281000E-03
  1.80000000E+01  3.00000000E+01  3.26296000E-06  5.28407000E-03
  1.90000000E+01  1.90000000E+01  2.74199000E-05  5.16220000E-03
  1.90000000E+01  2.10000000E+01  1.95369000E-04  5.23820000E-03
  1.90000000E+01  2.20000000E+01  1.43096000E-04  5.24020000E-03
  1.90000000E+01  2.70000000E+01  2.00512000E-04  5.28431000E-03
  1.90000000E+01  2.90000000E+01  3.42744000E-06  5.29427000E-03
  1.90000000E+01  3.00000000E+01  5.14125000E-06  5.29557000E-03
  2.10000000E+01  2.10000000E+01  4.95404000E-05  5.31420000E-03
  2.10000000E+01  2.20000000E+01  1.11855000E-03  5.31620000E-03
  2.10000000E+01  2.70000000E+01  1.16462000E-04  5.36031000E-03
  2.10000000E+01  2.90000000E+01  4.34560000E-06  5.37027000E-03
  2.10000000E+01  3.00000000E+01  1.99905000E-05  5.37157000E-03
  2.20000000E+01  2.20000000E+01  3.50437000E-04  5.31820000E-03
  2.20000000E+01  2.70000000E+01  1.69423000E-04  5.36231000E-03
  2.20000000E+01  2.90000000E+01  3.03172000E-05  5.37227000E-03
  2.20000000E+01  3.00000000E+01  1.51580000E-05  5.37357000E-03
  2.70000000E+01  2.70000000E+01  7.76019000E-06  5.40642000E-03
  2.70000000E+01  2.90000000E+01  1.00891000E-05  5.41638000E-03
  2.70000000E+01  3.00000000E+01  1.78484000E-05  5.41768000E-03
                                                                       1
 54000  0  7  131.3      180717  2  0.0         1.0000E+50  0.0
92931 91  0.0         5.          0.0         0.0         0.0
  6.00000000E+00  7.04308000E-08  3.19900000E-04
  8.00000000E+00  4.02949000E-03  3.95850000E-03
  1.10000000E+01  5.82469000E-05  4.16660000E-03
  1.30000000E+01  7.49118000E-02  4.41820000E-03
  1.60000000E+01  5.74889000E-04  4.89400000E-03
  1.90000000E+01  7.20318000E-06  4.96170000E-03
  2.10000000E+01  1.11830000E-02  5.03770000E-03
  2.70000000E+01  6.89998000E-05  5.08381000E-03
  3.00000000E+01  7.86878000E-07  5.09507000E-03
                                                                       1
 54000  0  9  131.3      180717  2  0.0         1.0000E+50  0.0
92932 91  0.0         5.          0.0         0.0         0.0
  6.00000000E+00  1.60000000E+01  1.18029000E-02  1.06700000E-04
  6.00000000E+00  1.80000000E+01  5.17412000E-02  1.62900000E-04
  6.00000000E+00  1.90000000E+01  1.78166000E-02  1.74400000E-04
  6.00000000E+00  2.10000000E+01  6.41393000E-02  2.50400000E-04
  6.00000000E+00  2.20000000E+01  2.38654000E-02  2.52400000E-04
  6.00000000E+00  2.70000000E+01  1.50864000E-03  2.96510000E-04
  6.00000000E+00  2.90000000E+01  5.09719000E-03  3.06470000E-04
  6.00000000E+00  3.00000000E+01  1.72846000E-03  3.07770000E-04
  8.00000000E+00  8.00000000E+00  1.06054000E-03  2.80980000E-03
  8.00000000E+00  1.00000000E+01  2.55320000E-02  2.95640000E-03
  8.00000000E+00  1.10000000E+01  2.44630000E-03  3.01790000E-03
  8.00000000E+00  1.30000000E+01  1.93866000E-03  3.26950000E-03
  8.00000000E+00  1.40000000E+01  3.44740000E-03  3.28210000E-03
  8.00000000E+00  1.60000000E+01  3.62792000E-04  3.74530000E-03
  8.00000000E+00  1.80000000E+01  3.49728000E-03  3.80150000E-03
  8.00000000E+00  1.90000000E+01  4.28047000E-04  3.81300000E-03
  8.00000000E+00  2.10000000E+01  2.14985000E-04  3.88900000E-03
  8.00000000E+00  2.20000000E+01  3.33025000E-04  3.89100000E-03
  8.00000000E+00  2.70000000E+01  4.99075000E-05  3.93511000E-03
  8.00000000E+00  2.90000000E+01  3.39753000E-04  3.94507000E-03
  8.00000000E+00  3.00000000E+01  4.12702000E-05  3.94637000E-03
  1.00000000E+01  1.00000000E+01  2.50355000E-02  3.10300000E-03
  1.00000000E+01  1.10000000E+01  7.82246000E-02  3.16450000E-03
  1.00000000E+01  1.30000000E+01  4.14630000E-02  3.41610000E-03
  1.00000000E+01  1.40000000E+01  7.09763000E-02  3.42870000E-03
  1.00000000E+01  1.60000000E+01  5.59516000E-03  3.89190000E-03
  1.00000000E+01  1.80000000E+01  8.52327000E-03  3.94810000E-03
  1.00000000E+01  1.90000000E+01  1.51001000E-02  3.95960000E-03
  1.00000000E+01  2.10000000E+01  6.34856000E-03  4.03560000E-03
  1.00000000E+01  2.20000000E+01  1.08434000E-02  4.03760000E-03
  1.00000000E+01  2.70000000E+01  7.98467000E-04  4.08171000E-03
  1.00000000E+01  2.90000000E+01  8.59909000E-04  4.09167000E-03
  1.00000000E+01  3.00000000E+01  1.47120000E-03  4.09297000E-03
  1.10000000E+01  1.10000000E+01  2.05088000E-03  3.22600000E-03
  1.10000000E+01  1.30000000E+01  4.88211000E-02  3.47760000E-03
  1.10000000E+01  1.40000000E+01  6.63360000E-03  3.49020000E-03
  1.10000000E+01  1.60000000E+01  4.60667000E-04  3.95340000E-03
  1.10000000E+01  1.80000000E+01  1.11101000E-02  4.00960000E-03
  1.10000000E+01  1.90000000E+01  6.70842000E-04  4.02110000E-03
  1.10000000E+01  2.10000000E+01  6.46296000E-03  4.09710000E-03
  1.10000000E+01  2.20000000E+01  8.20570000E-04  4.09910000E-03
  1.10000000E+01  2.70000000E+01  6.43017000E-05  4.14321000E-03
  1.10000000E+01  2.90000000E+01  1.08546000E-03  4.15317000E-03
  1.10000000E+01  3.00000000E+01  6.33423000E-05  4.15447000E-03
  1.30000000E+01  1.30000000E+01  4.44831000E-02  3.72920000E-03
  1.30000000E+01  1.40000000E+01  1.90970000E-01  3.74180000E-03
  1.30000000E+01  1.60000000E+01  4.34745000E-04  4.20500000E-03
  1.30000000E+01  1.80000000E+01  5.87078000E-03  4.26120000E-03
  1.30000000E+01  1.90000000E+01  8.90828000E-03  4.27270000E-03
  1.30000000E+01  2.10000000E+01  1.17156000E-02  4.34870000E-03
  1.30000000E+01  2.20000000E+01  2.68071000E-02  4.35070000E-03
  1.30000000E+01  2.70000000E+01  6.23823000E-05  4.39481000E-03
  1.30000000E+01  2.90000000E+01  5.76810000E-04  4.40477000E-03
  1.30000000E+01  3.00000000E+01  8.60891000E-04  4.40607000E-03
  1.40000000E+01  1.40000000E+01  9.10198000E-03  3.75440000E-03
  1.40000000E+01  1.60000000E+01  6.40165000E-04  4.21760000E-03
  1.40000000E+01  1.80000000E+01  8.99930000E-03  4.27380000E-03
  1.40000000E+01  1.90000000E+01  1.10941000E-03  4.28530000E-03
  1.40000000E+01  2.10000000E+01  2.14914000E-02  4.36130000E-03
  1.40000000E+01  2.20000000E+01  2.33408000E-03  4.36330000E-03
  1.40000000E+01  2.70000000E+01  8.92559000E-05  4.40741000E-03
  1.40000000E+01  2.90000000E+01  8.63778000E-04  4.41737000E-03
  1.40000000E+01  3.00000000E+01  1.05571000E-04  4.41867000E-03
  1.60000000E+01  1.60000000E+01  3.27322000E-05  4.68080000E-03
  1.60000000E+01  1.80000000E+01  8.20343000E-04  4.73700000E-03
  1.60000000E+01  1.90000000E+01  8.59216000E-05  4.74850000E-03
  1.60000000E+01  2.10000000E+01  5.01198000E-05  4.82450000E-03
  1.60000000E+01  2.20000000E+01  6.75094000E-05  4.82650000E-03
  1.60000000E+01  2.70000000E+01  9.20597000E-06  4.87061000E-03
  1.60000000E+01  2.90000000E+01  7.97825000E-05  4.88057000E-03
  1.60000000E+01  3.00000000E+01  8.18317000E-06  4.88187000E-03
  1.80000000E+01  1.80000000E+01  6.72093000E-04  4.79320000E-03
  1.80000000E+01  1.90000000E+01  2.07285000E-03  4.80470000E-03
  1.80000000E+01  2.10000000E+01  8.56570000E-04  4.88070000E-03
  1.80000000E+01  2.20000000E+01  1.33677000E-03  4.88270000E-03
  1.80000000E+01  2.70000000E+01  1.06605000E-04  4.92681000E-03
  1.80000000E+01  2.90000000E+01  1.34415000E-04  4.93677000E-03
  1.80000000E+01  3.00000000E+01  2.02088000E-04  4.93807000E-03
  1.90000000E+01  1.90000000E+01  5.68419000E-05  4.81620000E-03
  1.90000000E+01  2.10000000E+01  1.21422000E-03  4.89220000E-03
  1.90000000E+01  2.20000000E+01  1.44067000E-04  4.89420000E-03
  1.90000000E+01  2.70000000E+01  1.17613000E-05  4.93831000E-03
  1.90000000E+01  2.90000000E+01  2.14626000E-04  4.94827000E-03
  1.90000000E+01  3.00000000E+01  1.07805000E-05  4.94957000E-03
  2.10000000E+01  2.10000000E+01  8.05787000E-04  4.96820000E-03
  2.10000000E+01  2.20000000E+01  3.27573000E-03  4.97020000E-03
  2.10000000E+01  2.70000000E+01  7.08574000E-06  5.01431000E-03
  2.10000000E+01  2.90000000E+01  9.11071000E-05  5.02427000E-03
  2.10000000E+01  3.00000000E+01  1.21481000E-04  5.02557000E-03
  2.20000000E+01  2.20000000E+01  1.61273000E-04  4.97220000E-03
  2.20000000E+01  2.70000000E+01  9.24532000E-06  5.01631000E-03
  2.20000000E+01  2.90000000E+01  1.42790000E-04  5.02627000E-03
  2.20000000E+01  3.00000000E+01  1.43812000E-05  5.02757000E-03
  2.70000000E+01  2.70000000E+01  1.05031000E-06  5.06042000E-03
  2.70000000E+01  2.90000000E+01  1.15534000E-05  5.07038000E-03
  2.70000000E+01  3.00000000E+01  1.05031000E-06  5.07168000E-03
  2.90000000E+01  2.90000000E+01  9.11085000E-06  5.08034000E-03
  2.90000000E+01  3.00000000E+01  2.73341000E-05  5.08164000E-03
                                                                       1
 54000  0  7  131.3      180717  2  0.0         1.0000E+50  0.0
92931 91  0.0         6.          0.0         0.0         0.0
  8.00000000E+00  7.27630000E-03  3.63860000E-03
  1.00000000E+01  4.01710000E-05  3.78520000E-03
  1.10000000E+01  3.74000000E-05  3.84670000E-03
  1.30000000E+01  7.43320000E-03  4.09830000E-03
  1.40000000E+01  6.58790000E-02  4.11090000E-03
  1.60000000E+01  6.41050000E-04  4.57410000E-03
  1.80000000E+01  3.53540000E-06  4.63030000E-03
  1.90000000E+01  3.39230000E-06  4.64180000E-03
  2.10000000E+01  1.08100000E-03  4.71780000E-03
  2.20000000E+01  9.63999000E-03  4.71980000E-03
  2.70000000E+01  9.02559000E-05  4.76391000E-03
  2.90000000E+01  3.99850000E-07  4.77387000E-03
  3.00000000E+01  3.69190000E-07  4.77517000E-03
                                                                       1
 54000  0  9  131.3      180717  2  0.0         1.0000E+50  0.0
92932 91  0.0         6.          0.0         0.0         0.0
  8.00000000E+00  8.00000000E+00  1.38459000E-03  2.48990000E-03
  8.00000000E+00  1.00000000E+01  9.64060000E-04  2.63650000E-03
  8.00000000E+00  1.10000000E+01  2.96214000E-02  2.69800000E-03
  8.00000000E+00  1.30000000E+01  2.89018000E-03  2.94960000E-03
  8.00000000E+00  1.40000000E+01  3.27309000E-03  2.96220000E-03
  8.00000000E+00  1.60000000E+01  4.74737000E-04  3.42540000E-03
  8.00000000E+00  1.80000000E+01  1.58591000E-04  3.48160000E-03
  8.00000000E+00  1.90000000E+01  4.05462000E-03  3.49310000E-03
  8.00000000E+00  2.10000000E+01  2.44153000E-04  3.56910000E-03
  8.00000000E+00  2.20000000E+01  2.55628000E-04  3.57110000E-03
  8.00000000E+00  2.70000000E+01  6.46908000E-05  3.61521000E-03
  8.00000000E+00  2.90000000E+01  1.56507000E-05  3.62517000E-03
  8.00000000E+00  3.00000000E+01  3.74579000E-04  3.62647000E-03
  1.00000000E+01  1.00000000E+01  3.16145000E-04  2.78310000E-03
  1.00000000E+01  1.10000000E+01  4.91920000E-02  2.84460000E-03
  1.00000000E+01  1.30000000E+01  3.16246000E-03  3.09620000E-03
  1.00000000E+01  1.40000000E+01  2.84558000E-02  3.10880000E-03
  1.00000000E+01  1.60000000E+01  1.77374000E-04  3.57200000E-03
  1.00000000E+01  1.80000000E+01  1.04335000E-04  3.62820000E-03
  1.00000000E+01  1.90000000E+01  6.96986000E-03  3.63970000E-03
  1.00000000E+01  2.10000000E+01  4.52813000E-04  3.71570000E-03
  1.00000000E+01  2.20000000E+01  3.55373000E-03  3.71770000E-03
  1.00000000E+01  2.70000000E+01  2.50415000E-05  3.76181000E-03
  1.00000000E+01  2.90000000E+01  1.04335000E-05  3.77177000E-03
  1.00000000E+01  3.00000000E+01  6.47945000E-04  3.77307000E-03
  1.10000000E+01  1.10000000E+01  6.89830000E-02  2.90610000E-03
  1.10000000E+01  1.30000000E+01  6.91441000E-02  3.15770000E-03
  1.10000000E+01  1.40000000E+01  1.03651000E-01  3.17030000E-03
  1.10000000E+01  1.60000000E+01  6.42509000E-03  3.63350000E-03
  1.10000000E+01  1.80000000E+01  9.36020000E-03  3.68970000E-03
  1.10000000E+01  1.90000000E+01  2.30447000E-02  3.70120000E-03
  1.10000000E+01  2.10000000E+01  1.02162000E-02  3.77720000E-03
  1.10000000E+01  2.20000000E+01  1.51275000E-02  3.77920000E-03
  1.10000000E+01  2.70000000E+01  9.16140000E-04  3.82331000E-03
  1.10000000E+01  2.90000000E+01  9.58901000E-04  3.83327000E-03
  1.10000000E+01  3.00000000E+01  2.20269000E-03  3.83457000E-03
  1.30000000E+01  1.30000000E+01  9.89602000E-03  3.40930000E-03
  1.30000000E+01  1.40000000E+01  1.90317000E-01  3.42190000E-03
  1.30000000E+01  1.60000000E+01  5.87458000E-04  3.88510000E-03
  1.30000000E+01  1.80000000E+01  5.99960000E-04  3.94130000E-03
  1.30000000E+01  1.90000000E+01  9.16519000E-03  3.95280000E-03
  1.30000000E+01  2.10000000E+01  2.60751000E-03  4.02880000E-03
  1.30000000E+01  2.20000000E+01  2.16801000E-02  4.03080000E-03
  1.30000000E+01  2.70000000E+01  8.24281000E-05  4.07491000E-03
  1.30000000E+01  2.90000000E+01  6.15604000E-05  4.08487000E-03
  1.30000000E+01  3.00000000E+01  8.43075000E-04  4.08617000E-03
  1.40000000E+01  1.40000000E+01  1.28990000E-01  3.43450000E-03
  1.40000000E+01  1.60000000E+01  7.05325000E-04  3.89770000E-03
  1.40000000E+01  1.80000000E+01  5.05429000E-03  3.95390000E-03
  1.40000000E+01  1.90000000E+01  1.52978000E-02  3.96540000E-03
  1.40000000E+01  2.10000000E+01  2.53349000E-02  4.04140000E-03
  1.40000000E+01  2.20000000E+01  3.25886000E-02  4.04340000E-03
  1.40000000E+01  2.70000000E+01  1.01206000E-04  4.08751000E-03
  1.40000000E+01  2.90000000E+01  5.12294000E-04  4.09747000E-03
  1.40000000E+01  3.00000000E+01  1.43576000E-03  4.09877000E-03
  1.60000000E+01  1.60000000E+01  4.38428000E-05  4.36090000E-03
  1.60000000E+01  1.80000000E+01  3.26012000E-05  4.41710000E-03
  1.60000000E+01  1.90000000E+01  9.49944000E-04  4.42860000E-03
  1.60000000E+01  2.10000000E+01  5.73327000E-05  4.50460000E-03
  1.60000000E+01  2.20000000E+01  6.29540000E-05  4.50660000E-03
  1.60000000E+01  2.70000000E+01  1.23663000E-05  4.55071000E-03
  1.60000000E+01  2.90000000E+01  3.37258000E-06  4.56067000E-03
  1.60000000E+01  3.00000000E+01  8.76855000E-05  4.56197000E-03
  1.80000000E+01  1.80000000E+01  8.02789000E-06  4.47330000E-03
  1.80000000E+01  1.90000000E+01  1.27441000E-03  4.48480000E-03
  1.80000000E+01  2.10000000E+01  8.12818000E-05  4.56080000E-03
  1.80000000E+01  2.20000000E+01  6.24155000E-04  4.56280000E-03
  1.80000000E+01  2.70000000E+01  4.01375000E-06  4.60691000E-03
  1.80000000E+01  2.90000000E+01  2.00687000E-06  4.61687000E-03
  1.80000000E+01  3.00000000E+01  1.18408000E-04  4.61817000E-03
  1.90000000E+01  1.90000000E+01  1.75771000E-03  4.49630000E-03
  1.90000000E+01  2.10000000E+01  1.27636000E-03  4.57230000E-03
  1.90000000E+01  2.20000000E+01  2.07905000E-03  4.57430000E-03
  1.90000000E+01  2.70000000E+01  1.18886000E-04  4.61841000E-03
  1.90000000E+01  2.90000000E+01  1.27731000E-04  4.62837000E-03
  1.90000000E+01  3.00000000E+01  3.34063000E-04  4.62967000E-03
  2.10000000E+01  2.10000000E+01  1.76674000E-04  4.64830000E-03
  2.10000000E+01  2.20000000E+01  3.11867000E-03  4.65030000E-03
  2.10000000E+01  2.70000000E+01  7.68140000E-06  4.69441000E-03
  2.10000000E+01  2.90000000E+01  8.77907000E-06  4.70437000E-03
  2.10000000E+01  3.00000000E+01  1.31689000E-04  4.70567000E-03
  2.20000000E+01  2.20000000E+01  2.27414000E-03  4.65230000E-03
  2.20000000E+01  2.70000000E+01  9.17935000E-06  4.69641000E-03
  2.20000000E+01  2.90000000E+01  7.22866000E-05  4.70637000E-03
  2.20000000E+01  3.00000000E+01  2.27192000E-04  4.70767000E-03
  2.70000000E+01  2.70000000E+01  1.74576000E-06  4.74052000E-03
  2.70000000E+01  3.00000000E+01  1.92042000E-05  4.75178000E-03
  2.90000000E+01  3.00000000E+01  1.56510000E-05  4.76174000E-03
  3.00000000E+01  3.00000000E+01  2.14940000E-05  4.76304000E-03
                                                                       1
 54000  0  7  131.3      180717  2  0.0         1.0000E+50  0.0
92931 91  0.0         8.          0.0         0.0         0.0
  1.00000000E+01  1.26204000E-05  1.46600000E-04
  1.10000000E+01  8.43362000E-05  2.08100000E-04
  1.80000000E+01  2.27950000E-04  9.91700000E-04
  1.90000000E+01  3.09248000E-04  1.00320000E-03
  2.90000000E+01  2.84097000E-05  1.13527000E-03
  3.00000000E+01  3.79478000E-05  1.13657000E-03
                                                                       1
 54000  0  9  131.3      180717  2  0.0         1.0000E+50  0.0
92932 91  0.0         8.          0.0         0.0         0.0
  1.00000000E+01  2.10000000E+01  8.98435000E-02  7.71000000E-05
  1.00000000E+01  2.20000000E+01  1.23229000E-01  7.91000000E-05
  1.00000000E+01  2.70000000E+01  9.08811000E-03  1.23210000E-04
  1.00000000E+01  2.90000000E+01  6.50251000E-03  1.33170000E-04
  1.00000000E+01  3.00000000E+01  1.08334000E-02  1.34470000E-04
  1.10000000E+01  1.80000000E+01  9.52022000E-02  5.11000000E-05
  1.10000000E+01  1.90000000E+01  1.46209000E-01  6.26000000E-05
  1.10000000E+01  2.10000000E+01  6.59116000E-02  1.38600000E-04
  1.10000000E+01  2.20000000E+01  9.62122000E-02  1.40600000E-04
  1.10000000E+01  2.70000000E+01  1.21415000E-02  1.84710000E-04
  1.10000000E+01  2.90000000E+01  9.05711000E-03  1.94670000E-04
  1.10000000E+01  3.00000000E+01  1.35936000E-02  1.95970000E-04
  1.30000000E+01  1.60000000E+01  3.60225000E-02  2.46500000E-04
  1.30000000E+01  1.80000000E+01  7.61524000E-03  3.02700000E-04
  1.30000000E+01  1.90000000E+01  5.98012000E-03  3.14200000E-04
  1.30000000E+01  2.10000000E+01  9.60553000E-03  3.90200000E-04
  1.30000000E+01  2.20000000E+01  1.17826000E-02  3.92200000E-04
  1.30000000E+01  2.70000000E+01  3.59419000E-03  4.36310000E-04
  1.30000000E+01  2.90000000E+01  6.33647000E-04  4.46270000E-04
  1.30000000E+01  3.00000000E+01  4.63705000E-04  4.47570000E-04
  1.40000000E+01  1.60000000E+01  5.26696000E-02  2.59100000E-04
  1.40000000E+01  1.80000000E+01  1.89730000E-03  3.15300000E-04
  1.40000000E+01  1.90000000E+01  1.49167000E-02  3.26800000E-04
  1.40000000E+01  2.10000000E+01  1.24389000E-02  4.02800000E-04
  1.40000000E+01  2.20000000E+01  1.95409000E-02  4.04800000E-04
  1.40000000E+01  2.70000000E+01  5.22473000E-03  4.48910000E-04
  1.40000000E+01  2.90000000E+01  1.46893000E-04  4.58870000E-04
  1.40000000E+01  3.00000000E+01  1.16445000E-03  4.60170000E-04
  1.60000000E+01  1.60000000E+01  8.51591000E-03  7.22300000E-04
  1.60000000E+01  1.80000000E+01  1.37313000E-02  7.78500000E-04
  1.60000000E+01  1.90000000E+01  2.52760000E-02  7.90000000E-04
  1.60000000E+01  2.10000000E+01  2.47403000E-02  8.66000000E-04
  1.60000000E+01  2.20000000E+01  3.60446000E-02  8.68000000E-04
  1.60000000E+01  2.70000000E+01  2.02363000E-03  9.12110000E-04
  1.60000000E+01  2.90000000E+01  1.39959000E-03  9.22070000E-04
  1.60000000E+01  3.00000000E+01  2.44753000E-03  9.23370000E-04
  1.80000000E+01  1.80000000E+01  7.60174000E-04  8.34700000E-04
  1.80000000E+01  1.90000000E+01  1.85598000E-03  8.46200000E-04
  1.80000000E+01  2.10000000E+01  1.09414000E-03  9.22200000E-04
  1.80000000E+01  2.20000000E+01  4.03762000E-04  9.24200000E-04
  1.80000000E+01  2.70000000E+01  1.29853000E-03  9.68310000E-04
  1.80000000E+01  2.90000000E+01  1.28774000E-04  9.78270000E-04
  1.80000000E+01  3.00000000E+01  1.45389000E-04  9.79570000E-04
  1.90000000E+01  1.90000000E+01  2.40546000E-03  8.57700000E-04
  1.90000000E+01  2.10000000E+01  1.03949000E-03  9.33700000E-04
  1.90000000E+01  2.20000000E+01  2.90518000E-03  9.35700000E-04
  1.90000000E+01  2.70000000E+01  2.31723000E-03  9.79810000E-04
  1.90000000E+01  2.90000000E+01  1.54806000E-04  9.89770000E-04
  1.90000000E+01  3.00000000E+01  3.97824000E-04  9.91070000E-04
  2.10000000E+01  2.10000000E+01  3.13120000E-04  1.00970000E-03
  2.10000000E+01  2.20000000E+01  1.11218000E-03  1.01170000E-03
  2.10000000E+01  2.70000000E+01  2.31403000E-03  1.05581000E-03
  2.10000000E+01  2.90000000E+01  8.55546000E-05  1.06577000E-03
  2.10000000E+01  3.00000000E+01  8.22293000E-05  1.06707000E-03
  2.20000000E+01  2.20000000E+01  7.44067000E-04  1.01370000E-03
  2.20000000E+01  2.70000000E+01  3.39165000E-03  1.05781000E-03
  2.20000000E+01  2.90000000E+01  3.00970000E-05  1.06777000E-03
  2.20000000E+01  3.00000000E+01  2.35758000E-04  1.06907000E-03
  2.70000000E+01  2.70000000E+01  8.60760000E-05  1.10192000E-03
  2.70000000E+01  2.90000000E+01  1.02014000E-04  1.11188000E-03
  2.70000000E+01  3.00000000E+01  1.78524000E-04  1.11318000E-03
  2.90000000E+01  2.90000000E+01  2.23235000E-06  1.12184000E-03
  2.90000000E+01  3.00000000E+01  5.58118000E-06  1.12314000E-03
  3.00000000E+01  3.00000000E+01  1.05390000E-05  1.12444000E-03
                                                                       1
 54000  0  7  131.3      180717  2  0.0         1.0000E+50  0.0
92931 91  0.0         10.         0.0         0.0         0.0
  1.30000000E+01  4.23922000E-04  3.13100000E-04
  1.60000000E+01  2.93474000E-04  7.88900000E-04
  2.10000000E+01  1.10941000E-03  9.32600000E-04
  2.70000000E+01  4.42907000E-05  9.78710000E-04
                                                                       1
 54000  0  9  131.3      180717  2  0.0         1.0000E+50  0.0
92932 91  0.0         10.         0.0         0.0         0.0
  1.10000000E+01  2.20000000E+01  4.54615000E-02  0.00000000E+00
  1.10000000E+01  2.70000000E+01  8.17419000E-03  3.81100000E-05
  1.10000000E+01  2.90000000E+01  6.75548000E-03  4.80700000E-05
  1.10000000E+01  3.00000000E+01  7.95812000E-03  4.93700000E-05
  1.30000000E+01  1.60000000E+01  1.26439000E-01  9.99000000E-05
  1.30000000E+01  1.80000000E+01  1.28225000E-01  1.56100000E-04
  1.30000000E+01  1.90000000E+01  1.87814000E-01  1.67600000E-04
  1.30000000E+01  2.10000000E+01  5.27275000E-02  2.43600000E-04
  1.30000000E+01  2.20000000E+01  5.66639000E-02  2.45600000E-04
  1.30000000E+01  2.70000000E+01  1.81619000E-02  2.89710000E-04
  1.30000000E+01  2.90000000E+01  1.15331000E-02  2.99670000E-04
  1.30000000E+01  3.00000000E+01  1.75443000E-02  3.00970000E-04
  1.40000000E+01  1.60000000E+01  2.16181000E-02  1.12500000E-04
  1.40000000E+01  1.80000000E+01  1.55228000E-01  1.68700000E-04
  1.40000000E+01  1.90000000E+01  1.62144000E-02  1.80200000E-04
  1.40000000E+01  2.10000000E+01  3.35803000E-03  2.56200000E-04
  1.40000000E+01  2.20000000E+01  6.97326000E-03  2.58200000E-04
  1.40000000E+01  2.70000000E+01  2.10220000E-03  3.02310000E-04
  1.40000000E+01  2.90000000E+01  1.17157000E-02  3.12270000E-04
  1.40000000E+01  3.00000000E+01  1.38477000E-03  3.13570000E-04
  1.60000000E+01  1.60000000E+01  7.11491000E-04  5.75700000E-04
  1.60000000E+01  1.80000000E+01  1.00712000E-02  6.31900000E-04
  1.60000000E+01  1.90000000E+01  1.64492000E-03  6.43400000E-04
  1.60000000E+01  2.10000000E+01  3.60604000E-04  7.19400000E-04
  1.60000000E+01  2.20000000E+01  1.05443000E-03  7.21400000E-04
  1.60000000E+01  2.70000000E+01  1.61142000E-04  7.65510000E-04
  1.60000000E+01  2.90000000E+01  7.26084000E-04  7.75470000E-04
  1.60000000E+01  3.00000000E+01  1.44113000E-04  7.76770000E-04
  1.80000000E+01  1.80000000E+01  7.18716000E-03  6.88100000E-04
  1.80000000E+01  1.90000000E+01  2.24402000E-02  6.99600000E-04
  1.80000000E+01  2.10000000E+01  1.91939000E-02  7.75600000E-04
  1.80000000E+01  2.20000000E+01  3.19327000E-02  7.77600000E-04
  1.80000000E+01  2.70000000E+01  1.43652000E-03  8.21710000E-04
  1.80000000E+01  2.90000000E+01  1.26701000E-03  8.31670000E-04
  1.80000000E+01  3.00000000E+01  2.16657000E-03  8.32970000E-04
  1.90000000E+01  1.90000000E+01  6.35024000E-04  7.11100000E-04
  1.90000000E+01  2.10000000E+01  1.98394000E-03  7.87100000E-04
  1.90000000E+01  2.20000000E+01  1.44210000E-03  7.89100000E-04
  1.90000000E+01  2.70000000E+01  1.71361000E-04  8.33210000E-04
  1.90000000E+01  2.90000000E+01  1.73954000E-03  8.43170000E-04
  1.90000000E+01  3.00000000E+01  1.04112000E-04  8.44470000E-04
  2.10000000E+01  2.10000000E+01  6.39249000E-04  8.63100000E-04
  2.10000000E+01  2.20000000E+01  1.60199000E-03  8.65100000E-04
  2.10000000E+01  2.70000000E+01  4.45985000E-05  9.09210000E-04
  2.10000000E+01  2.90000000E+01  1.33914000E-03  9.19170000E-04
  2.10000000E+01  3.00000000E+01  1.48662000E-04  9.20470000E-04
  2.20000000E+01  2.20000000E+01  2.04162000E-04  8.67100000E-04
  2.20000000E+01  2.70000000E+01  5.78418000E-05  9.11210000E-04
  2.20000000E+01  2.90000000E+01  1.18744000E-03  9.21170000E-04
  2.20000000E+01  3.00000000E+01  5.31492000E-05  9.22470000E-04
  2.70000000E+01  2.70000000E+01  7.24053000E-06  9.55320000E-04
  2.70000000E+01  2.90000000E+01  8.10945000E-05  9.65280000E-04
  2.70000000E+01  3.00000000E+01  1.11021000E-05  9.66580000E-04
  2.90000000E+01  2.90000000E+01  3.12454000E-05  9.75240000E-04
  2.90000000E+01  3.00000000E+01  9.30160000E-05  9.76540000E-04
  3.00000000E+01  3.00000000E+01  2.44933000E-06  9.77840000E-04
                                                                       1
 54000  0  7  131.3      180717  2  0.0         1.0000E+50  0.0
92931 91  0.0         11.         0.0         0.0         0.0
  1.30000000E+01  2.21851000E-05  2.51600000E-04
  1.40000000E+01  2.41335000E-04  2.64200000E-04
  1.60000000E+01  3.66684000E-04  7.27400000E-04
  2.10000000E+01  1.36958000E-04  8.71100000E-04
  2.20000000E+01  1.12974000E-03  8.73100000E-04
  2.70000000E+01  5.48100000E-05  9.17210000E-04
                                                                       1
 54000  0  9  131.3      180717  2  0.0         1.0000E+50  0.0
92932 91  0.0         11.         0.0         0.0         0.0
  1.30000000E+01  1.60000000E+01  2.71286000E-02  3.84000000E-05
  1.30000000E+01  1.80000000E+01  1.79867000E-02  9.46000000E-05
  1.30000000E+01  1.90000000E+01  1.04918000E-01  1.06100000E-04
  1.30000000E+01  2.10000000E+01  1.29951000E-02  1.82100000E-04
  1.30000000E+01  2.20000000E+01  9.54389000E-03  1.84100000E-04
  1.30000000E+01  2.70000000E+01  2.91347000E-03  2.28210000E-04
  1.30000000E+01  2.90000000E+01  1.72128000E-03  2.38170000E-04
  1.30000000E+01  3.00000000E+01  8.10935000E-03  2.39470000E-04
  1.40000000E+01  1.60000000E+01  1.15746000E-01  5.10000000E-05
  1.40000000E+01  1.80000000E+01  1.19367000E-01  1.07200000E-04
  1.40000000E+01  1.90000000E+01  2.34124000E-01  1.18700000E-04
  1.40000000E+01  2.10000000E+01  5.07807000E-02  1.94700000E-04
  1.40000000E+01  2.20000000E+01  8.44980000E-02  1.96700000E-04
  1.40000000E+01  2.70000000E+01  1.65062000E-02  2.40810000E-04
  1.40000000E+01  2.90000000E+01  1.15884000E-02  2.50770000E-04
  1.40000000E+01  3.00000000E+01  2.01376000E-02  2.52070000E-04
  1.60000000E+01  1.60000000E+01  8.03028000E-04  5.14200000E-04
  1.60000000E+01  1.80000000E+01  1.17422000E-03  5.70400000E-04
  1.60000000E+01  1.90000000E+01  1.70023000E-02  5.81900000E-04
  1.60000000E+01  2.10000000E+01  9.86782000E-04  6.57900000E-04
  1.60000000E+01  2.20000000E+01  1.07868000E-03  6.59900000E-04
  1.60000000E+01  2.70000000E+01  1.81922000E-04  7.04010000E-04
  1.60000000E+01  2.90000000E+01  1.01989000E-04  7.13970000E-04
  1.60000000E+01  3.00000000E+01  1.18526000E-03  7.15270000E-04
  1.80000000E+01  1.80000000E+01  1.90674000E-04  6.26600000E-04
  1.80000000E+01  1.90000000E+01  1.91487000E-02  6.38100000E-04
  1.80000000E+01  2.10000000E+01  5.25034000E-04  7.14100000E-04
  1.80000000E+01  2.20000000E+01  3.02399000E-03  7.16100000E-04
  1.80000000E+01  2.70000000E+01  1.19748000E-04  7.60210000E-04
  1.80000000E+01  2.90000000E+01  3.13178000E-05  7.70170000E-04
  1.80000000E+01  3.00000000E+01  1.34947000E-03  7.71470000E-04
  1.90000000E+01  1.90000000E+01  2.48295000E-02  6.49600000E-04
  1.90000000E+01  2.10000000E+01  3.10231000E-02  7.25600000E-04
  1.90000000E+01  2.20000000E+01  4.22075000E-02  7.27600000E-04
  1.90000000E+01  2.70000000E+01  2.09267000E-03  7.71710000E-04
  1.90000000E+01  2.90000000E+01  1.71438000E-03  7.81670000E-04
  1.90000000E+01  3.00000000E+01  4.14942000E-03  7.82970000E-04
  2.10000000E+01  2.10000000E+01  1.73248000E-04  8.01600000E-04
  2.10000000E+01  2.20000000E+01  2.00734000E-03  8.03600000E-04
  2.10000000E+01  2.70000000E+01  6.17858000E-05  8.47710000E-04
  2.10000000E+01  2.90000000E+01  2.42287000E-05  8.57670000E-04
  2.10000000E+01  3.00000000E+01  1.61491000E-03  8.58970000E-04
  2.20000000E+01  2.20000000E+01  9.72047000E-04  8.05600000E-04
  2.20000000E+01  2.70000000E+01  5.77792000E-05  8.49710000E-04
  2.20000000E+01  2.90000000E+01  1.14100000E-04  8.59670000E-04
  2.20000000E+01  3.00000000E+01  1.74981000E-03  8.60970000E-04
  2.70000000E+01  2.70000000E+01  6.23866000E-06  8.93820000E-04
  2.70000000E+01  2.90000000E+01  6.23866000E-06  9.03780000E-04
  2.70000000E+01  3.00000000E+01  9.25395000E-05  9.05080000E-04
  2.90000000E+01  2.90000000E+01  5.19899000E-07  9.13740000E-04
  2.90000000E+01  3.00000000E+01  7.69443000E-05  9.15040000E-04
  3.00000000E+01  3.00000000E+01  1.06347000E-04  9.16340000E-04
                                                                       1
 54000  0  7  131.3      180717  2  0.0         1.0000E+50  0.0
92931 91  0.0         13.         0.0         0.0         0.0
  1.80000000E+01  1.78220000E-03  5.32000000E-04
  1.90000000E+01  2.81619000E-04  5.43500000E-04
  2.90000000E+01  1.93170000E-04  6.75570000E-04
  3.00000000E+01  2.92809000E-05  6.76870000E-04
                                                                       1
 54000  0  9  131.3      180717  2  0.0         1.0000E+50  0.0
92932 91  0.0         13.         0.0         0.0         0.0
  1.40000000E+01  2.90000000E+01  4.09385000E-03  0.00000000E+00
  1.40000000E+01  3.00000000E+01  1.28221000E-02  4.70000000E-07
  1.60000000E+01  1.60000000E+01  3.20525000E-05  2.62600000E-04
  1.60000000E+01  1.80000000E+01  5.84296000E-03  3.18800000E-04
  1.60000000E+01  1.90000000E+01  4.72560000E-03  3.30300000E-04
  1.60000000E+01  2.10000000E+01  1.12367000E-01  4.06300000E-04
  1.60000000E+01  2.20000000E+01  1.60132000E-02  4.08300000E-04
  1.60000000E+01  2.70000000E+01  2.74744000E-05  4.52410000E-04
  1.60000000E+01  2.90000000E+01  4.71648000E-04  4.62370000E-04
  1.60000000E+01  3.00000000E+01  2.79329000E-04  4.63670000E-04
  1.80000000E+01  1.80000000E+01  1.85929000E-03  3.75000000E-04
  1.80000000E+01  1.90000000E+01  1.73555000E-02  3.86500000E-04
  1.80000000E+01  2.10000000E+01  8.96346000E-02  4.62500000E-04
  1.80000000E+01  2.20000000E+01  7.88559000E-03  4.64500000E-04
  1.80000000E+01  2.70000000E+01  4.12136000E-04  5.08610000E-04
  1.80000000E+01  2.90000000E+01  3.34284000E-04  5.18570000E-04
  1.80000000E+01  3.00000000E+01  1.26839000E-03  5.19870000E-04
  1.90000000E+01  1.90000000E+01  6.74057000E-03  3.98000000E-04
  1.90000000E+01  2.10000000E+01  1.98079000E-01  4.74000000E-04
  1.90000000E+01  2.20000000E+01  7.60596000E-03  4.76000000E-04
  1.90000000E+01  2.70000000E+01  4.12125000E-04  5.20110000E-04
  1.90000000E+01  2.90000000E+01  1.30510000E-03  5.30070000E-04
  1.90000000E+01  3.00000000E+01  9.57042000E-04  5.31370000E-04
  2.10000000E+01  2.10000000E+01  1.49771000E-01  5.50000000E-04
  2.10000000E+01  2.20000000E+01  3.07974000E-01  5.52000000E-04
  2.10000000E+01  2.70000000E+01  1.42057000E-02  5.96110000E-04
  2.10000000E+01  2.90000000E+01  9.07857000E-03  6.06070000E-04
  2.10000000E+01  3.00000000E+01  1.86393000E-02  6.07370000E-04
  2.20000000E+01  2.20000000E+01  5.08743000E-03  5.54000000E-04
  2.20000000E+01  2.70000000E+01  1.12651000E-03  5.98110000E-04
  2.20000000E+01  2.90000000E+01  5.44925000E-04  6.08070000E-04
  2.20000000E+01  3.00000000E+01  5.90719000E-04  6.09370000E-04
  2.70000000E+01  2.90000000E+01  3.92614000E-05  6.52180000E-04
  2.70000000E+01  3.00000000E+01  2.18115000E-05  6.53480000E-04
  2.90000000E+01  2.90000000E+01  9.01829000E-06  6.62140000E-04
  2.90000000E+01  3.00000000E+01  6.61355000E-05  6.63440000E-04
  3.00000000E+01  3.00000000E+01  3.41659000E-05  6.64740000E-04
                                                                       1
 54000  0  7  131.3      180717  2  0.0         1.0000E+50  0.0
92931 91  0.0         14.         0.0         0.0         0.0
  1.90000000E+01  1.93632000E-03  5.30900000E-04
  3.00000000E+01  2.01152000E-04  6.64270000E-04
                                                                       1
 54000  0  9  131.3      180717  2  0.0         1.0000E+50  0.0
92932 91  0.0         14.         0.0         0.0         0.0
  1.60000000E+01  1.60000000E+01  1.13937000E-04  2.50000000E-04
  1.60000000E+01  1.80000000E+01  2.52951000E-03  3.06200000E-04
  1.60000000E+01  1.90000000E+01  9.01947000E-03  3.17700000E-04
  1.60000000E+01  2.10000000E+01  1.19188000E-02  3.93700000E-04
  1.60000000E+01  2.20000000E+01  1.19627000E-01  3.95700000E-04
  1.60000000E+01  2.70000000E+01  3.64612000E-05  4.39810000E-04
  1.60000000E+01  2.90000000E+01  1.18499000E-04  4.49770000E-04
  1.60000000E+01  3.00000000E+01  6.38066000E-04  4.51070000E-04
  1.80000000E+01  1.90000000E+01  1.72470000E-02  3.73900000E-04
  1.80000000E+01  2.10000000E+01  1.31261000E-03  4.49900000E-04
  1.80000000E+01  2.20000000E+01  1.11266000E-01  4.51900000E-04
  1.80000000E+01  2.70000000E+01  1.91427000E-04  4.96010000E-04
  1.80000000E+01  3.00000000E+01  1.24424000E-03  5.07270000E-04
  1.90000000E+01  1.90000000E+01  1.29165000E-02  3.85400000E-04
  1.90000000E+01  2.10000000E+01  1.02452000E-02  4.61400000E-04
  1.90000000E+01  2.20000000E+01  1.83561000E-01  4.63400000E-04
  1.90000000E+01  2.70000000E+01  7.24691000E-04  5.07510000E-04
  1.90000000E+01  2.90000000E+01  1.22158000E-03  5.17470000E-04
  1.90000000E+01  3.00000000E+01  1.92336000E-03  5.18770000E-04
  2.10000000E+01  2.10000000E+01  2.08757000E-03  5.37400000E-04
  2.10000000E+01  2.20000000E+01  2.15467000E-01  5.39400000E-04
  2.10000000E+01  2.70000000E+01  8.29510000E-04  5.83510000E-04
  2.10000000E+01  2.90000000E+01  1.27618000E-04  5.93470000E-04
  2.10000000E+01  3.00000000E+01  7.11026000E-04  5.94770000E-04
  2.20000000E+01  2.20000000E+01  2.49282000E-01  5.41400000E-04
  2.20000000E+01  2.70000000E+01  1.47626000E-02  5.85510000E-04
  2.20000000E+01  2.90000000E+01  1.09521000E-02  5.95470000E-04
  2.20000000E+01  3.00000000E+01  1.75069000E-02  5.96770000E-04
  2.70000000E+01  2.90000000E+01  1.18340000E-05  6.39580000E-04
  2.70000000E+01  3.00000000E+01  7.10049000E-05  6.40880000E-04
  2.90000000E+01  3.00000000E+01  9.12910000E-05  6.50840000E-04
  3.00000000E+01  3.00000000E+01  1.07371000E-04  6.52140000E-04
                                                                       1
 54000  0  7  131.3      180717  2  0.0         1.0000E+50  0.0
92931 91  0.0         16.         0.0         0.0         0.0
  1.80000000E+01  1.12457000E-05  5.62000000E-05
  1.90000000E+01  4.28906000E-05  6.77000000E-05
  2.90000000E+01  9.46397000E-06  1.99770000E-04
  3.00000000E+01  9.08276000E-06  2.01070000E-04
                                                                       1
 54000  0  9  131.3      180717  2  0.0         1.0000E+50  0.0
92932 91  0.0         16.         0.0         0.0         0.0
  1.80000000E+01  2.70000000E+01  8.32736000E-02  3.28100000E-05
  1.80000000E+01  2.90000000E+01  5.06202000E-02  4.27700000E-05
  1.80000000E+01  3.00000000E+01  1.15048000E-01  4.40700000E-05
  1.90000000E+01  2.70000000E+01  1.24769000E-01  4.43100000E-05
  1.90000000E+01  2.90000000E+01  1.08354000E-01  5.42700000E-05
  1.90000000E+01  3.00000000E+01  1.48959000E-01  5.55700000E-05
  2.10000000E+01  2.10000000E+01  5.96540000E-03  7.42000000E-05
  2.10000000E+01  2.20000000E+01  8.80750000E-02  7.62000000E-05
  2.10000000E+01  2.70000000E+01  3.13400000E-02  1.20310000E-04
  2.10000000E+01  2.90000000E+01  4.16902000E-03  1.30270000E-04
  2.10000000E+01  3.00000000E+01  2.04515000E-02  1.31570000E-04
  2.20000000E+01  2.20000000E+01  3.23010000E-02  7.82000000E-05
  2.20000000E+01  2.70000000E+01  4.78604000E-02  1.22310000E-04
  2.20000000E+01  2.90000000E+01  1.85678000E-02  1.32270000E-04
  2.20000000E+01  3.00000000E+01  1.82116000E-02  1.33570000E-04
  2.70000000E+01  2.70000000E+01  1.40408000E-02  1.66420000E-04
  2.70000000E+01  2.90000000E+01  1.47300000E-02  1.76380000E-04
  2.70000000E+01  3.00000000E+01  2.57576000E-02  1.77680000E-04
  2.90000000E+01  2.90000000E+01  5.04777000E-03  1.86340000E-04
  2.90000000E+01  3.00000000E+01  2.36544000E-02  1.87640000E-04
  3.00000000E+01  3.00000000E+01  1.87311000E-02  1.88940000E-04
                                                                       1
 54000  0  7  131.3      180717  2  0.0         1.0000E+50  0.0
92931 91  0.0         18.         0.0         0.0         0.0
  2.10000000E+01  9.16709000E-05  8.75000000E-05
  2.70000000E+01  1.24890000E-05  1.33610000E-04
                                                                       1
 54000  0  9  131.3      180717  2  0.0         1.0000E+50  0.0
92932 91  0.0         18.         0.0         0.0         0.0
  1.90000000E+01  2.90000000E+01  3.19292000E-03  0.00000000E+00
  1.90000000E+01  3.00000000E+01  4.70697000E-03  0.00000000E+00
  2.10000000E+01  2.10000000E+01  1.61182000E-01  1.80000000E-05
  2.10000000E+01  2.20000000E+01  7.42342000E-01  2.00000000E-05
  2.10000000E+01  2.70000000E+01  1.60252000E-02  6.41100000E-05
  2.10000000E+01  2.90000000E+01  1.02080000E-02  7.40700000E-05
  2.10000000E+01  3.00000000E+01  2.03822000E-02  7.53700000E-05
  2.20000000E+01  2.20000000E+01  2.54467000E-02  2.20000000E-05
  2.20000000E+01  2.70000000E+01  2.20325000E-03  6.61100000E-05
  2.20000000E+01  2.90000000E+01  1.01669000E-02  7.60700000E-05
  2.20000000E+01  3.00000000E+01  2.24012000E-03  7.73700000E-05
  2.70000000E+01  2.70000000E+01  2.20759000E-05  1.10220000E-04
  2.70000000E+01  2.90000000E+01  5.74488000E-04  1.20180000E-04
  2.70000000E+01  3.00000000E+01  7.19851000E-05  1.21480000E-04
  2.90000000E+01  2.90000000E+01  2.84313000E-04  1.30140000E-04
  2.90000000E+01  3.00000000E+01  8.18786000E-04  1.31440000E-04
  3.00000000E+01  3.00000000E+01  2.82610000E-05  1.32740000E-04
                                                                       1
 54000  0  7  131.3      180717  2  0.0         1.0000E+50  0.0
92931 91  0.0         19.         0.0         0.0         0.0
  2.10000000E+01  2.29319000E-06  7.60000000E-05
  2.20000000E+01  2.38608000E-05  7.80000000E-05
  2.70000000E+01  4.75907000E-06  1.22110000E-04
                                                                       1
 54000  0  9  131.3      180717  2  0.0         1.0000E+50  0.0
92932 91  0.0         19.         0.0         0.0         0.0
  2.10000000E+01  2.10000000E+01  5.80238000E-02  6.50000000E-06
  2.10000000E+01  2.20000000E+01  2.94546000E-01  8.50000000E-06
  2.10000000E+01  2.70000000E+01  2.49165000E-03  5.26100000E-05
  2.10000000E+01  2.90000000E+01  1.75630000E-03  6.25700000E-05
  2.10000000E+01  3.00000000E+01  7.61009000E-03  6.38700000E-05
  2.20000000E+01  2.20000000E+01  5.89073000E-01  1.05000000E-05
  2.20000000E+01  2.70000000E+01  1.36657000E-02  5.46100000E-05
  2.20000000E+01  2.90000000E+01  1.20733000E-02  6.45700000E-05
  2.20000000E+01  3.00000000E+01  1.94638000E-02  6.58700000E-05
  2.70000000E+01  2.70000000E+01  1.55220000E-06  9.87200000E-05
  2.70000000E+01  2.90000000E+01  3.34235000E-05  1.08680000E-04
  2.70000000E+01  3.00000000E+01  6.11640000E-04  1.09980000E-04
  2.90000000E+01  2.90000000E+01  3.16997000E-06  1.18640000E-04
  2.90000000E+01  3.00000000E+01  2.52438000E-04  1.19940000E-04
  3.00000000E+01  3.00000000E+01  3.63168000E-04  1.21240000E-04
                                                                       1
 54000  0  7  131.3      180717  2  0.0         1.0000E+50  0.0
92931 91  0.0         21.         0.0         0.0         0.0
  2.90000000E+01  4.44001000E-07  5.60700000E-05
  3.00000000E+01  7.59381000E-08  5.73700000E-05
                                                                       1
 54000  0  9  131.3      180717  2  0.0         1.0000E+50  0.0
92932 91  0.0         21.         0.0         0.0         0.0
  2.70000000E+01  2.70000000E+01  3.25078000E-01  2.27200000E-05
  2.70000000E+01  2.90000000E+01  7.75770000E-02  3.26800000E-05
  2.70000000E+01  3.00000000E+01  4.66254000E-02  3.39800000E-05
  2.90000000E+01  2.90000000E+01  1.50101000E-01  4.26400000E-05
  2.90000000E+01  3.00000000E+01  3.16940000E-01  4.39400000E-05
  3.00000000E+01  3.00000000E+01  8.36781000E-02  4.52400000E-05
                                                                       1
 54000  0  7  131.3      180717  2  0.0         1.0000E+50  0.0
92931 91  0.0         22.         0.0         0.0         0.0
  3.00000000E+01  5.35970000E-07  5.53700000E-05
                                                                       1
 54000  0  9  131.3      180717  2  0.0         1.0000E+50  0.0
92932 91  0.0         22.         0.0         0.0         0.0
  2.70000000E+01  2.70000000E+01  3.68057000E-01  2.07200000E-05
  2.70000000E+01  2.90000000E+01  6.75438000E-02  3.06800000E-05
  2.70000000E+01  3.00000000E+01  1.00209000E-01  3.19800000E-05
  2.90000000E+01  2.90000000E+01  2.62920000E-02  4.06400000E-05
  2.90000000E+01  3.00000000E+01  1.90988000E-01  4.19400000E-05
  3.00000000E+01  3.00000000E+01  2.46910000E-01  4.32400000E-05
                                                                       1
