 68000  0  0  167.26     180717  2  0.0         1.0000E+50  0.0
91912  0  0.0         0.0         0.0         0.0         0.0
 1.000000000E+00 2.000000000E+00
 3.000000000E+00 2.000000000E+00
 5.000000000E+00 2.000000000E+00
 6.000000000E+00 4.000000000E+00
 8.000000000E+00 2.000000000E+00
 1.000000000E+01 2.000000000E+00
 1.100000000E+01 4.000000000E+00
 1.300000000E+01 4.000000000E+00
 1.400000000E+01 6.000000000E+00
 1.600000000E+01 2.000000000E+00
 1.800000000E+01 2.000000000E+00
 1.900000000E+01 4.000000000E+00
 2.100000000E+01 4.000000000E+00
 2.200000000E+01 6.000000000E+00
 2.400000000E+01 5.140000000E+00
 2.500000000E+01 6.860000000E+00
 2.700000000E+01 2.000000000E+00
 2.900000000E+01 2.000000000E+00
 3.000000000E+01 4.000000000E+00
 4.100000000E+01 2.000000000E+00
                                                                       1
 68000  0  0  167.26     180717  2  0.0         1.0000E+50  0.0
91913  0  0.0         0.0         0.0         0.0         0.0
 1.000000000E+00 5.748900000E-02
 3.000000000E+00 9.754000000E-03
 5.000000000E+00 9.267000000E-03
 6.000000000E+00 8.361000000E-03
 8.000000000E+00 2.220000000E-03
 1.000000000E+01 2.008000000E-03
 1.100000000E+01 1.815000000E-03
 1.300000000E+01 1.456000000E-03
 1.400000000E+01 1.412000000E-03
 1.600000000E+01 4.520000000E-04
 1.800000000E+01 3.650000000E-04
 1.900000000E+01 3.230000000E-04
 2.100000000E+01 1.810000000E-04
 2.200000000E+01 1.720000000E-04
 2.400000000E+01 6.070000000E-06
 2.500000000E+01 6.000000000E-06
 2.700000000E+01 5.400000000E-05
 2.900000000E+01 3.500000000E-05
 3.000000000E+01 3.000000000E-05
 4.100000000E+01 6.000000000E-06
                                                                       1
 68000  0  0  167.26     180717  2  0.0         1.0000E+50  0.0
91914  0  0.0         0.0         0.0         0.0         0.0
 1.000000000E+00 7.620333004E-02
 3.000000000E+00 1.764638562E-02
 5.000000000E+00 1.756421626E-02
 6.000000000E+00 1.414400664E-02
 8.000000000E+00 5.564858148E-03
 1.000000000E+01 5.439887539E-03
 1.100000000E+01 4.616518483E-03
 1.300000000E+01 4.435946667E-03
 1.400000000E+01 4.242800000E-03
 1.600000000E+01 1.780270573E-03
 1.800000000E+01 1.655605814E-03
 1.900000000E+01 1.422987507E-03
 2.100000000E+01 1.190332316E-03
 2.200000000E+01 1.131190062E-03
 2.400000000E+01 3.912042870E-04
 2.500000000E+01 4.216721311E-04
 2.700000000E+01 3.304918033E-04
 2.900000000E+01 2.743161532E-04
 3.000000000E+01 2.307295251E-04
 4.100000000E+01 3.493795620E-05
                                                                       1
 68000  0  0  167.26     180717  2  0.0         1.0000E+50  0.0
91915  0  0.0         0.0         0.0         0.0         0.0
 1.000000000E+00 1.076600000E-10
 3.000000000E+00 4.529600000E-10
 5.000000000E+00 3.765800000E-10
 6.000000000E+00 4.151200000E-10
 8.000000000E+00 1.184300000E-09
 1.000000000E+01 1.128400000E-09
 1.100000000E+01 1.200600000E-09
 1.300000000E+01 1.056100000E-09
 1.400000000E+01 1.078500000E-09
 1.600000000E+01 2.672600000E-09
 1.800000000E+01 2.715500000E-09
 1.900000000E+01 2.880400000E-09
 2.100000000E+01 3.019800000E-09
 2.200000000E+01 3.077300000E-09
 2.400000000E+01 4.031500000E-09
 2.500000000E+01 4.108700000E-09
 2.700000000E+01 6.537700000E-09
 2.900000000E+01 7.337000000E-09
 3.000000000E+01 7.900800000E-09
 4.100000000E+01 2.120000000E-08
                                                                       1
 68000  0  0  167.26     180717  2  0.0         1.0000E+50  0.0
91921  0  0.0         0.0         0.0         0.0         0.0
 1.000000000E+00 2.626800000E-05
 3.000000000E+00 5.279100000E-07
 5.000000000E+00 9.090100000E-07
 6.000000000E+00 8.237800000E-07
 8.000000000E+00 1.687000000E-08
 1.000000000E+01 1.749500000E-08
 1.100000000E+01 1.810900000E-08
 1.300000000E+01 1.585900000E-08
 1.400000000E+01 1.488500000E-08
 1.600000000E+01 4.356100000E-10
 1.800000000E+01 8.506800000E-10
 1.900000000E+01 5.496200000E-10
 2.100000000E+01 6.175300000E-10
 2.200000000E+01 5.574000000E-10
 2.700000000E+01 2.058900000E-11
                                                                       1
 68000  0  0  167.26     180717  2  0.0         1.0000E+50  0.0
91922  0  0.0         0.0         0.0         0.0         0.0
 1.000000000E+00 1.562900000E-06
 3.000000000E+00 4.587600000E-06
 5.000000000E+00 3.121100000E-06
 6.000000000E+00 3.101100000E-06
 8.000000000E+00 1.785600000E-05
 1.000000000E+01 9.566100000E-06
 1.100000000E+01 9.633300000E-06
 1.300000000E+01 1.991000000E-06
 1.400000000E+01 1.181300000E-06
 1.600000000E+01 1.277500000E-05
 1.800000000E+01 1.667600000E-05
 1.900000000E+01 8.851200000E-06
 2.100000000E+01 5.617400000E-06
 2.200000000E+01 4.547600000E-06
 2.700000000E+01 4.275200000E-06
                                                                       1
 68000  0  0  167.26     180717  2  0.0         1.0000E+50  0.0
92935  0  0.0         0.0         0.0         0.0         0.0
 1.000000000E+00 1.060422120E-04
 3.000000000E+00 1.339651596E-04
 5.000000000E+00 1.108077335E-04
 6.000000000E+00 1.047213397E-04
 8.000000000E+00 1.014816575E-04
 1.000000000E+01 8.483038859E-05
 1.100000000E+01 7.781804922E-05
 1.300000000E+01 5.519450832E-05
 1.400000000E+01 5.245360000E-05
 1.600000000E+01 6.377623257E-05
 1.800000000E+01 5.040381750E-05
 1.900000000E+01 4.492215100E-05
 2.100000000E+01 2.860020915E-05
 2.200000000E+01 2.646120051E-05
 2.400000000E+01 6.070000000E-06
 2.500000000E+01 6.000000000E-06
 2.700000000E+01 3.494846113E-05
 2.900000000E+01 3.500000000E-05
 3.000000000E+01 3.000000000E-05
 4.100000000E+01 6.000000000E-06
                                                                       1
 68000  0  7  167.26     180717  2  0.0         1.0000E+50  0.0
92933  0  0.0         0.0         0.0         0.0         0.0
 1.000000000E+00 1.147870000E+00
 3.000000000E+00 2.348280000E-01
 5.000000000E+00 2.699040000E-01
 6.000000000E+00 2.215310000E-01
 8.000000000E+00 1.452590000E-02
 1.000000000E+01 1.477880000E-02
 1.100000000E+01 1.407630000E-02
 1.300000000E+01 1.364960000E-02
 1.400000000E+01 1.292840000E-02
 1.600000000E+01 4.983760000E-04
 1.800000000E+01 6.240050000E-04
 1.900000000E+01 2.374350000E-04
 2.100000000E+01 5.095940000E-05
 2.200000000E+01 4.944490000E-05
 2.700000000E+01 6.951510000E-07
                                                                       1
 68000  0  7  167.26     180717  2  0.0         1.0000E+50  0.0
92934  0  0.0         0.0         0.0         0.0         0.0
 1.000000000E+00 4.882840507E-02
 3.000000000E+00 1.683594490E-03
 5.000000000E+00 1.990804347E-03
 6.000000000E+00 1.449627964E-03
 8.000000000E+00 2.050698250E-05
 1.000000000E+01 2.042589055E-05
 1.100000000E+01 1.937650429E-05
 1.300000000E+01 1.814346117E-05
 1.400000000E+01 1.702720000E-05
 1.600000000E+01 1.088400687E-07
 1.800000000E+01 1.244234540E-07
 1.900000000E+01 4.209908745E-08
 2.100000000E+01 8.278222025E-09
 2.200000000E+01 7.750683850E-09
 2.700000000E+01 1.023821463E-11
                                                                       1
 68000  0  9  167.26     180717  2  0.0         1.0000E+50  0.0
92933  0  0.0         0.0         0.0         0.0         0.0
 1.000000000E+00 6.853790000E+00
 3.000000000E+00 8.773450000E+00
 5.000000000E+00 7.188950000E+00
 6.000000000E+00 6.787650000E+00
 8.000000000E+00 6.301370000E+00
 1.000000000E+01 5.145590000E+00
 1.100000000E+01 4.688490000E+00
 1.300000000E+01 3.130710000E+00
 1.400000000E+01 2.977970000E+00
 1.600000000E+01 2.885530000E+00
 1.800000000E+01 2.454720000E+00
 1.900000000E+01 2.055990000E+00
 2.100000000E+01 1.129820000E+00
 2.200000000E+01 1.090010000E+00
 2.700000000E+01 9.999990000E-01
                                                                       1
 68000  0  9  167.26     180717  2  0.0         1.0000E+50  0.0
92934  0  0.0         0.0         0.0         0.0         0.0
 1.000000000E+00 8.554521766E-03
 3.000000000E+00 7.936436335E-03
 5.000000000E+00 7.165388918E-03
 6.000000000E+00 6.806651698E-03
 8.000000000E+00 2.098011056E-03
 1.000000000E+01 1.902740797E-03
 1.100000000E+01 1.717803223E-03
 1.300000000E+01 1.382659629E-03
 1.400000000E+01 1.342520000E-03
 1.600000000E+01 3.881147121E-04
 1.800000000E+01 3.144720760E-04
 1.900000000E+01 2.780357414E-04
 2.100000000E+01 1.523914563E-04
 2.200000000E+01 1.455310113E-04
 2.700000000E+01 1.110504835E-05
                                                                       1
 68000  0  7  167.26     180717  2  0.0         1.0000E+50  0.0
92931 91  0.0         1.          0.0         0.0         0.0
  5.00000000E+00  2.71691000E-01  4.82220000E-02
  6.00000000E+00  4.82122000E-01  4.91280000E-02
  1.00000000E+01  5.02172000E-02  5.54810000E-02
  1.10000000E+01  9.70585000E-02  5.56740000E-02
  1.30000000E+01  8.89314000E-04  5.60330000E-02
  1.40000000E+01  1.15261000E-03  5.60770000E-02
  1.80000000E+01  1.11171000E-02  5.71240000E-02
  1.90000000E+01  2.15141000E-02  5.71660000E-02
  2.10000000E+01  2.02941000E-04  5.73080000E-02
  2.20000000E+01  2.61801000E-04  5.73170000E-02
  2.90000000E+01  2.47651000E-03  5.74540000E-02
  3.00000000E+01  5.13622000E-03  5.74590000E-02
                                                                       1
 68000  0  9  167.26     180717  2  0.0         1.0000E+50  0.0
92932 91  0.0         1.          0.0         0.0         0.0
  3.00000000E+00  3.00000000E+00  5.24722000E-03  3.79810000E-02
  3.00000000E+00  5.00000000E+00  7.07966000E-03  3.84680000E-02
  3.00000000E+00  6.00000000E+00  5.93173000E-03  3.93740000E-02
  3.00000000E+00  8.00000000E+00  2.02555000E-03  4.55150000E-02
  3.00000000E+00  1.00000000E+01  1.47513000E-03  4.57270000E-02
  3.00000000E+00  1.10000000E+01  1.28853000E-03  4.59200000E-02
  3.00000000E+00  1.30000000E+01  9.86644000E-05  4.62790000E-02
  3.00000000E+00  1.40000000E+01  8.98643000E-05  4.63230000E-02
  3.00000000E+00  1.60000000E+01  4.78662000E-04  4.72830000E-02
  3.00000000E+00  1.80000000E+01  3.36077000E-04  4.73700000E-02
  3.00000000E+00  1.90000000E+01  2.90807000E-04  4.74120000E-02
  3.00000000E+00  2.10000000E+01  2.22945000E-05  4.75540000E-02
  3.00000000E+00  2.20000000E+01  2.00455000E-05  4.75630000E-02
  3.00000000E+00  2.70000000E+01  7.63679000E-05  4.76810000E-02
  3.00000000E+00  2.90000000E+01  4.28280000E-05  4.77000000E-02
  3.00000000E+00  3.00000000E+01  3.50057000E-05  4.77050000E-02
  3.00000000E+00  4.10000000E+01  5.67113000E-06  4.77290000E-02
  5.00000000E+00  5.00000000E+00  5.95178000E-04  3.89550000E-02
  5.00000000E+00  6.00000000E+00  1.15949000E-02  3.98610000E-02
  5.00000000E+00  8.00000000E+00  1.15549000E-03  4.60020000E-02
  5.00000000E+00  1.00000000E+01  2.18640000E-04  4.62140000E-02
  5.00000000E+00  1.10000000E+01  2.09130000E-03  4.64070000E-02
  5.00000000E+00  1.30000000E+01  1.07949000E-04  4.67660000E-02
  5.00000000E+00  1.40000000E+01  3.25999000E-04  4.68100000E-02
  5.00000000E+00  1.60000000E+01  2.63029000E-04  4.77700000E-02
  5.00000000E+00  1.80000000E+01  4.84999000E-05  4.78570000E-02
  5.00000000E+00  1.90000000E+01  4.53889000E-04  4.78990000E-02
  5.00000000E+00  2.10000000E+01  2.37600000E-05  4.80410000E-02
  5.00000000E+00  2.20000000E+01  7.14748000E-05  4.80500000E-02
  5.00000000E+00  2.40000000E+01  3.91109000E-07  4.82159300E-02
  5.00000000E+00  2.50000000E+01  4.88879000E-07  4.82160000E-02
  5.00000000E+00  2.70000000E+01  4.16549000E-05  4.81680000E-02
  5.00000000E+00  2.90000000E+01  6.16019000E-06  4.81870000E-02
  5.00000000E+00  3.00000000E+01  5.41708000E-05  4.81920000E-02
  5.00000000E+00  4.10000000E+01  3.12899000E-06  4.82160000E-02
  6.00000000E+00  6.00000000E+00  5.38138000E-03  4.07670000E-02
  6.00000000E+00  8.00000000E+00  9.12191000E-04  4.69080000E-02
  6.00000000E+00  1.00000000E+01  1.98206000E-03  4.71200000E-02
  6.00000000E+00  1.10000000E+01  2.00166000E-03  4.73130000E-02
  6.00000000E+00  1.30000000E+01  3.75642000E-04  4.76720000E-02
  6.00000000E+00  1.40000000E+01  3.29702000E-04  4.77160000E-02
  6.00000000E+00  1.60000000E+01  2.04846000E-04  4.86760000E-02
  6.00000000E+00  1.80000000E+01  4.33830000E-04  4.87630000E-02
  6.00000000E+00  1.90000000E+01  4.37850000E-04  4.88050000E-02
  6.00000000E+00  2.10000000E+01  8.31093000E-05  4.89470000E-02
  6.00000000E+00  2.20000000E+01  7.25513000E-05  4.89560000E-02
  6.00000000E+00  2.40000000E+01  7.82233000E-07  4.91219300E-02
  6.00000000E+00  2.50000000E+01  5.86636000E-07  4.91220000E-02
  6.00000000E+00  2.70000000E+01  3.23642000E-05  4.90740000E-02
  6.00000000E+00  2.90000000E+01  5.48527000E-05  4.90930000E-02
  6.00000000E+00  3.00000000E+01  5.23118000E-05  4.90980000E-02
  6.00000000E+00  4.10000000E+01  2.34665000E-06  4.91220000E-02
  8.00000000E+00  8.00000000E+00  1.92434000E-04  5.30490000E-02
  8.00000000E+00  1.00000000E+01  2.42304000E-04  5.32610000E-02
  8.00000000E+00  1.10000000E+01  2.00064000E-04  5.34540000E-02
  8.00000000E+00  1.30000000E+01  1.47642000E-05  5.38130000E-02
  8.00000000E+00  1.40000000E+01  1.27112000E-05  5.38570000E-02
  8.00000000E+00  1.60000000E+01  9.06438000E-05  5.48170000E-02
  8.00000000E+00  1.80000000E+01  5.52459000E-05  5.49040000E-02
  8.00000000E+00  1.90000000E+01  4.52738000E-05  5.49460000E-02
  8.00000000E+00  2.10000000E+01  3.32455000E-06  5.50880000E-02
  8.00000000E+00  2.20000000E+01  2.83565000E-06  5.50970000E-02
  8.00000000E+00  2.70000000E+01  1.44712000E-05  5.52150000E-02
  8.00000000E+00  2.90000000E+01  7.04032000E-06  5.52340000E-02
  8.00000000E+00  3.00000000E+01  5.47579000E-06  5.52390000E-02
  8.00000000E+00  4.10000000E+01  1.07561000E-06  5.52630000E-02
  1.00000000E+01  1.00000000E+01  1.94583000E-05  5.34730000E-02
  1.00000000E+01  1.10000000E+01  3.65605000E-04  5.36660000E-02
  1.00000000E+01  1.30000000E+01  1.51563000E-05  5.40250000E-02
  1.00000000E+01  1.40000000E+01  4.28275000E-05  5.40690000E-02
  1.00000000E+01  1.60000000E+01  5.52457000E-05  5.50290000E-02
  1.00000000E+01  1.80000000E+01  8.60443000E-06  5.51160000E-02
  1.00000000E+01  1.90000000E+01  7.96922000E-05  5.51580000E-02
  1.00000000E+01  2.10000000E+01  3.32454000E-06  5.53000000E-02
  1.00000000E+01  2.20000000E+01  9.48443000E-06  5.53090000E-02
  1.00000000E+01  2.50000000E+01  9.77814000E-08  5.54750000E-02
  1.00000000E+01  2.70000000E+01  8.70273000E-06  5.54270000E-02
  1.00000000E+01  2.90000000E+01  1.07561000E-06  5.54460000E-02
  1.00000000E+01  3.00000000E+01  9.48443000E-06  5.54510000E-02
  1.00000000E+01  4.10000000E+01  6.84428000E-07  5.54750000E-02
  1.10000000E+01  1.10000000E+01  1.87453000E-04  5.38590000E-02
  1.10000000E+01  1.30000000E+01  5.55407000E-05  5.42180000E-02
  1.10000000E+01  1.40000000E+01  4.73267000E-05  5.42620000E-02
  1.10000000E+01  1.60000000E+01  4.49797000E-05  5.52220000E-02
  1.10000000E+01  1.80000000E+01  8.03773000E-05  5.53090000E-02
  1.10000000E+01  1.90000000E+01  8.21353000E-05  5.53510000E-02
  1.10000000E+01  2.10000000E+01  1.24182000E-05  5.54930000E-02
  1.10000000E+01  2.20000000E+01  1.04621000E-05  5.55020000E-02
  1.10000000E+01  2.40000000E+01  9.77815000E-08  5.56679300E-02
  1.10000000E+01  2.50000000E+01  9.77815000E-08  5.56680000E-02
  1.10000000E+01  2.70000000E+01  7.13799000E-06  5.56200000E-02
  1.10000000E+01  2.90000000E+01  1.01691000E-05  5.56390000E-02
  1.10000000E+01  3.00000000E+01  9.77815000E-06  5.56440000E-02
  1.10000000E+01  4.10000000E+01  4.88887000E-07  5.56680000E-02
  1.30000000E+01  1.30000000E+01  9.82756000E-08  5.45770000E-02
  1.30000000E+01  1.40000000E+01  6.78068000E-06  5.46210000E-02
  1.30000000E+01  1.60000000E+01  3.34134000E-06  5.55810000E-02
  1.30000000E+01  1.80000000E+01  3.24305000E-06  5.56680000E-02
  1.30000000E+01  1.90000000E+01  1.15964000E-05  5.57100000E-02
  1.30000000E+01  2.20000000E+01  1.47413000E-06  5.58610000E-02
  1.30000000E+01  2.70000000E+01  4.91358000E-07  5.59790000E-02
  1.30000000E+01  2.90000000E+01  3.93092000E-07  5.59980000E-02
  1.30000000E+01  3.00000000E+01  1.37584000E-06  5.60030000E-02
  1.40000000E+01  1.40000000E+01  1.56451000E-06  5.46650000E-02
  1.40000000E+01  1.60000000E+01  2.83560000E-06  5.56250000E-02
  1.40000000E+01  1.80000000E+01  8.89803000E-06  5.57120000E-02
  1.40000000E+01  1.90000000E+01  9.77802000E-06  5.57540000E-02
  1.40000000E+01  2.10000000E+01  1.46670000E-06  5.58960000E-02
  1.40000000E+01  2.20000000E+01  6.84420000E-07  5.59050000E-02
  1.40000000E+01  2.70000000E+01  4.88880000E-07  5.60230000E-02
  1.40000000E+01  2.90000000E+01  1.07559000E-06  5.60420000E-02
  1.40000000E+01  3.00000000E+01  1.17339000E-06  5.60470000E-02
  1.60000000E+01  1.60000000E+01  1.07574000E-05  5.65850000E-02
  1.60000000E+01  1.80000000E+01  1.27318000E-05  5.66720000E-02
  1.60000000E+01  1.90000000E+01  1.02639000E-05  5.67140000E-02
  1.60000000E+01  2.10000000E+01  7.89555000E-07  5.68560000E-02
  1.60000000E+01  2.20000000E+01  5.92127000E-07  5.68650000E-02
  1.60000000E+01  2.70000000E+01  3.45425000E-06  5.69830000E-02
  1.60000000E+01  2.90000000E+01  1.57912000E-06  5.70020000E-02
  1.60000000E+01  3.00000000E+01  1.28297000E-06  5.70070000E-02
  1.60000000E+01  4.10000000E+01  2.96079000E-07  5.70310000E-02
  1.80000000E+01  1.80000000E+01  9.77805000E-07  5.67590000E-02
  1.80000000E+01  1.90000000E+01  1.75021000E-05  5.68010000E-02
  1.80000000E+01  2.10000000E+01  6.84422000E-07  5.69430000E-02
  1.80000000E+01  2.20000000E+01  1.95561000E-06  5.69520000E-02
  1.80000000E+01  2.70000000E+01  1.95561000E-06  5.70700000E-02
  1.80000000E+01  2.90000000E+01  1.95561000E-07  5.70890000E-02
  1.80000000E+01  3.00000000E+01  2.05341000E-06  5.70940000E-02
  1.80000000E+01  4.10000000E+01  1.95561000E-07  5.71180000E-02
  1.90000000E+01  1.90000000E+01  8.77004000E-06  5.68430000E-02
  1.90000000E+01  2.10000000E+01  2.47852000E-06  5.69850000E-02
  1.90000000E+01  2.20000000E+01  2.09723000E-06  5.69940000E-02
  1.90000000E+01  2.70000000E+01  1.52526000E-06  5.71120000E-02
  1.90000000E+01  2.90000000E+01  2.19248000E-06  5.71310000E-02
  1.90000000E+01  3.00000000E+01  2.09723000E-06  5.71360000E-02
  1.90000000E+01  4.10000000E+01  9.53271000E-08  5.71600000E-02
  2.10000000E+01  2.20000000E+01  2.98951000E-07  5.71360000E-02
  2.10000000E+01  2.70000000E+01  9.96507000E-08  5.72540000E-02
  2.10000000E+01  2.90000000E+01  9.96507000E-08  5.72730000E-02
  2.10000000E+01  3.00000000E+01  2.98951000E-07  5.72780000E-02
  2.20000000E+01  2.20000000E+01  9.77819000E-08  5.71450000E-02
  2.20000000E+01  2.70000000E+01  9.77819000E-08  5.72630000E-02
  2.20000000E+01  2.90000000E+01  2.93345000E-07  5.72820000E-02
  2.20000000E+01  3.00000000E+01  2.93345000E-07  5.72870000E-02
  2.70000000E+01  2.70000000E+01  3.73393000E-07  5.73810000E-02
  2.70000000E+01  2.90000000E+01  3.73393000E-07  5.74000000E-02
  2.70000000E+01  3.00000000E+01  2.48929000E-07  5.74050000E-02
  2.90000000E+01  3.00000000E+01  2.99401000E-07  5.74240000E-02
  3.00000000E+01  3.00000000E+01  9.77815000E-08  5.74290000E-02
                                                                       1
 68000  0  7  167.26     180717  2  0.0         1.0000E+50  0.0
92931 91  0.0         3.          0.0         0.0         0.0
  5.00000000E+00  1.89200000E-05  4.87000000E-04
  6.00000000E+00  1.29540000E-03  1.39300000E-03
  1.00000000E+01  2.88470000E-02  7.74600000E-03
  1.10000000E+01  3.92470000E-02  7.93900000E-03
  1.30000000E+01  6.99840000E-04  8.29800000E-03
  1.40000000E+01  1.04760000E-03  8.34200000E-03
  1.80000000E+01  6.89370000E-03  9.38900000E-03
  1.90000000E+01  9.80791000E-03  9.43100000E-03
  2.10000000E+01  9.52451000E-05  9.57300000E-03
  2.20000000E+01  1.47450000E-04  9.58200000E-03
  2.90000000E+01  9.16851000E-04  9.71900000E-03
  3.00000000E+01  1.25270000E-03  9.72400000E-03
                                                                       1
 68000  0  9  167.26     180717  2  0.0         1.0000E+50  0.0
92932 91  0.0         3.          0.0         0.0         0.0
  5.00000000E+00  1.60000000E+01  4.70872000E-02  3.50000000E-05
  5.00000000E+00  1.80000000E+01  3.70382000E-02  1.22000000E-04
  5.00000000E+00  1.90000000E+01  4.07263000E-02  1.64000000E-04
  5.00000000E+00  2.10000000E+01  1.09344000E-02  3.06000000E-04
  5.00000000E+00  2.20000000E+01  1.61857000E-02  3.15000000E-04
  5.00000000E+00  2.40000000E+01  2.71078000E-02  4.80930000E-04
  5.00000000E+00  2.50000000E+01  2.64486000E-02  4.81000000E-04
  5.00000000E+00  2.70000000E+01  7.37883000E-03  4.33000000E-04
  5.00000000E+00  2.90000000E+01  4.43941000E-03  4.52000000E-04
  5.00000000E+00  3.00000000E+01  4.68873000E-03  4.57000000E-04
  5.00000000E+00  4.10000000E+01  5.44949000E-04  4.81000000E-04
  6.00000000E+00  1.60000000E+01  5.10374000E-02  9.41000000E-04
  6.00000000E+00  1.80000000E+01  2.12807000E-02  1.02800000E-03
  6.00000000E+00  1.90000000E+01  3.58619000E-02  1.07000000E-03
  6.00000000E+00  2.10000000E+01  6.23583000E-02  1.21200000E-03
  6.00000000E+00  2.20000000E+01  7.69415000E-02  1.22100000E-03
  6.00000000E+00  2.40000000E+01  3.88370000E-02  1.38693000E-03
  6.00000000E+00  2.50000000E+01  3.64594000E-02  1.38700000E-03
  6.00000000E+00  2.70000000E+01  7.80837000E-03  1.33900000E-03
  6.00000000E+00  2.90000000E+01  2.63311000E-03  1.35800000E-03
  6.00000000E+00  3.00000000E+01  4.24521000E-03  1.36300000E-03
  6.00000000E+00  4.10000000E+01  5.77311000E-04  1.38700000E-03
  8.00000000E+00  8.00000000E+00  1.12820000E-02  5.31400000E-03
  8.00000000E+00  1.00000000E+01  2.27808000E-02  5.52600000E-03
  8.00000000E+00  1.10000000E+01  3.95902000E-02  5.71900000E-03
  8.00000000E+00  1.30000000E+01  3.07336000E-02  6.07800000E-03
  8.00000000E+00  1.40000000E+01  4.17234000E-02  6.12200000E-03
  8.00000000E+00  1.60000000E+01  4.52371000E-03  7.08200000E-03
  8.00000000E+00  1.80000000E+01  5.09085000E-03  7.16900000E-03
  8.00000000E+00  1.90000000E+01  8.70437000E-03  7.21100000E-03
  8.00000000E+00  2.10000000E+01  5.80914000E-03  7.35300000E-03
  8.00000000E+00  2.20000000E+01  7.80929000E-03  7.36200000E-03
  8.00000000E+00  2.40000000E+01  2.89747000E-04  7.52793000E-03
  8.00000000E+00  2.50000000E+01  2.50368000E-04  7.52800000E-03
  8.00000000E+00  2.70000000E+01  7.03613000E-04  7.48000000E-03
  8.00000000E+00  2.90000000E+01  6.45874000E-04  7.49900000E-03
  8.00000000E+00  3.00000000E+01  1.04086000E-03  7.50400000E-03
  8.00000000E+00  4.10000000E+01  5.23379000E-05  7.52800000E-03
  1.00000000E+01  1.00000000E+01  7.76932000E-05  5.73800000E-03
  1.00000000E+01  1.10000000E+01  6.15078000E-04  5.93100000E-03
  1.00000000E+01  1.30000000E+01  1.21403000E-03  6.29000000E-03
  1.00000000E+01  1.40000000E+01  1.23056000E-02  6.33400000E-03
  1.00000000E+01  1.60000000E+01  3.61114000E-03  7.29400000E-03
  1.00000000E+01  1.80000000E+01  1.40279000E-05  7.38100000E-03
  1.00000000E+01  1.90000000E+01  1.24091000E-04  7.42300000E-03
  1.00000000E+01  2.10000000E+01  2.19070000E-04  7.56500000E-03
  1.00000000E+01  2.20000000E+01  1.48374000E-03  7.57400000E-03
  1.00000000E+01  2.40000000E+01  1.01431000E-04  7.73993000E-03
  1.00000000E+01  2.50000000E+01  2.65455000E-04  7.74000000E-03
  1.00000000E+01  2.70000000E+01  5.33061000E-04  7.69200000E-03
  1.00000000E+01  2.90000000E+01  1.61864000E-06  7.71100000E-03
  1.00000000E+01  3.00000000E+01  1.45676000E-05  7.71600000E-03
  1.00000000E+01  4.10000000E+01  3.93867000E-05  7.74000000E-03
  1.10000000E+01  1.10000000E+01  9.96486000E-04  6.12400000E-03
  1.10000000E+01  1.30000000E+01  6.03254000E-03  6.48300000E-03
  1.10000000E+01  1.40000000E+01  3.88131000E-03  6.52700000E-03
  1.10000000E+01  1.60000000E+01  6.24563000E-03  7.48700000E-03
  1.10000000E+01  1.80000000E+01  1.30571000E-04  7.57400000E-03
  1.10000000E+01  1.90000000E+01  3.24271000E-04  7.61600000E-03
  1.10000000E+01  2.10000000E+01  5.44931000E-04  7.75800000E-03
  1.10000000E+01  2.20000000E+01  3.49080000E-04  7.76700000E-03
  1.10000000E+01  2.40000000E+01  2.53046000E-04  7.93293000E-03
  1.10000000E+01  2.50000000E+01  1.54306000E-04  7.93300000E-03
  1.10000000E+01  2.70000000E+01  9.20992000E-04  7.88500000E-03
  1.10000000E+01  2.90000000E+01  1.61862000E-05  7.90400000E-03
  1.10000000E+01  3.00000000E+01  3.66881000E-05  7.90900000E-03
  1.10000000E+01  4.10000000E+01  6.79801000E-05  7.93300000E-03
  1.30000000E+01  1.30000000E+01  1.80968000E-03  6.84200000E-03
  1.30000000E+01  1.40000000E+01  5.89309000E-02  6.88600000E-03
  1.30000000E+01  1.60000000E+01  4.52353000E-03  7.84600000E-03
  1.30000000E+01  1.80000000E+01  3.39924000E-04  7.93300000E-03
  1.30000000E+01  1.90000000E+01  1.41906000E-03  7.97500000E-03
  1.30000000E+01  2.10000000E+01  6.70669000E-04  8.11700000E-03
  1.30000000E+01  2.20000000E+01  7.81495000E-03  8.12600000E-03
  1.30000000E+01  2.40000000E+01  3.33980000E-04  8.29193000E-03
  1.30000000E+01  2.50000000E+01  6.97092000E-04  8.29200000E-03
  1.30000000E+01  2.70000000E+01  6.59328000E-04  8.24400000E-03
  1.30000000E+01  2.90000000E+01  4.47829000E-05  8.26300000E-03
  1.30000000E+01  3.00000000E+01  1.71575000E-04  8.26800000E-03
  1.30000000E+01  4.10000000E+01  4.85613000E-05  8.29200000E-03
  1.40000000E+01  1.40000000E+01  1.65074000E-02  6.93000000E-03
  1.40000000E+01  1.60000000E+01  6.20489000E-03  7.89000000E-03
  1.40000000E+01  1.80000000E+01  2.46848000E-03  7.97700000E-03
  1.40000000E+01  1.90000000E+01  9.58233000E-04  8.01900000E-03
  1.40000000E+01  2.10000000E+01  7.67852000E-03  8.16100000E-03
  1.40000000E+01  2.20000000E+01  4.61097000E-03  8.17000000E-03
  1.40000000E+01  2.40000000E+01  1.04234000E-03  8.33593000E-03
  1.40000000E+01  2.50000000E+01  5.95680000E-04  8.33600000E-03
  1.40000000E+01  2.70000000E+01  9.07527000E-04  8.28800000E-03
  1.40000000E+01  2.90000000E+01  3.07547000E-04  8.30700000E-03
  1.40000000E+01  3.00000000E+01  1.16548000E-04  8.31200000E-03
  1.40000000E+01  4.10000000E+01  6.69046000E-05  8.33600000E-03
  1.60000000E+01  1.60000000E+01  4.28410000E-04  8.85000000E-03
  1.60000000E+01  1.80000000E+01  8.09338000E-04  8.93700000E-03
  1.60000000E+01  1.90000000E+01  1.37749000E-03  8.97900000E-03
  1.60000000E+01  2.10000000E+01  8.54131000E-04  9.12100000E-03
  1.60000000E+01  2.20000000E+01  1.15514000E-03  9.13000000E-03
  1.60000000E+01  2.40000000E+01  3.50710000E-05  9.29593000E-03
  1.60000000E+01  2.50000000E+01  2.96757000E-05  9.29600000E-03
  1.60000000E+01  2.70000000E+01  1.31652000E-04  9.24800000E-03
  1.60000000E+01  2.90000000E+01  1.02520000E-04  9.26700000E-03
  1.60000000E+01  3.00000000E+01  1.64568000E-04  9.27200000E-03
  1.60000000E+01  4.10000000E+01  9.71156000E-06  9.29600000E-03
  1.80000000E+01  1.80000000E+01  5.39558000E-07  9.02400000E-03
  1.80000000E+01  1.90000000E+01  2.64372000E-05  9.06600000E-03
  1.80000000E+01  2.10000000E+01  5.23349000E-05  9.20800000E-03
  1.80000000E+01  2.20000000E+01  3.08079000E-04  9.21700000E-03
  1.80000000E+01  2.40000000E+01  1.34895000E-05  9.38293000E-03
  1.80000000E+01  2.50000000E+01  3.99267000E-05  9.38300000E-03
  1.80000000E+01  2.70000000E+01  1.19234000E-04  9.33500000E-03
  1.80000000E+01  3.00000000E+01  3.23720000E-06  9.35900000E-03
  1.80000000E+01  4.10000000E+01  8.63268000E-06  9.38300000E-03
  1.90000000E+01  1.90000000E+01  2.58980000E-05  9.10800000E-03
  1.90000000E+01  2.10000000E+01  1.41906000E-04  9.25000000E-03
  1.90000000E+01  2.20000000E+01  9.65783000E-05  9.25900000E-03
  1.90000000E+01  2.40000000E+01  4.42444000E-05  9.42493000E-03
  1.90000000E+01  2.50000000E+01  2.64377000E-05  9.42500000E-03
  1.90000000E+01  2.70000000E+01  2.03396000E-04  9.37700000E-03
  1.90000000E+01  2.90000000E+01  3.23726000E-06  9.39600000E-03
  1.90000000E+01  3.00000000E+01  5.93521000E-06  9.40100000E-03
  1.90000000E+01  4.10000000E+01  1.51077000E-05  9.42500000E-03
  2.10000000E+01  2.10000000E+01  5.77336000E-05  9.39200000E-03
  2.10000000E+01  2.20000000E+01  1.10608000E-03  9.40100000E-03
  2.10000000E+01  2.40000000E+01  4.31670000E-05  9.56693000E-03
  2.10000000E+01  2.50000000E+01  6.96067000E-05  9.56700000E-03
  2.10000000E+01  2.70000000E+01  1.24100000E-04  9.51900000E-03
  2.10000000E+01  2.90000000E+01  6.47499000E-06  9.53800000E-03
  2.10000000E+01  3.00000000E+01  1.72658000E-05  9.54300000E-03
  2.10000000E+01  4.10000000E+01  9.17243000E-06  9.56700000E-03
  2.20000000E+01  2.20000000E+01  3.43696000E-04  9.41000000E-03
  2.20000000E+01  2.40000000E+01  1.07915000E-04  9.57593000E-03
  2.20000000E+01  2.50000000E+01  6.85242000E-05  9.57600000E-03
  2.20000000E+01  2.70000000E+01  1.68877000E-04  9.52800000E-03
  2.20000000E+01  2.90000000E+01  3.88489000E-05  9.54700000E-03
  2.20000000E+01  3.00000000E+01  1.18697000E-05  9.55200000E-03
  2.20000000E+01  4.10000000E+01  1.24094000E-05  9.57600000E-03
  2.40000000E+01  2.40000000E+01  6.12965000E-07  9.74186000E-03
  2.40000000E+01  2.50000000E+01  1.04197000E-05  9.74193000E-03
  2.40000000E+01  2.70000000E+01  5.51673000E-06  9.69393000E-03
  2.40000000E+01  2.90000000E+01  1.83888000E-06  9.71293000E-03
  2.40000000E+01  3.00000000E+01  5.51673000E-06  9.71793000E-03
  2.40000000E+01  4.10000000E+01  6.12965000E-07  9.74193000E-03
  2.50000000E+01  2.50000000E+01  1.90440000E-06  9.74200000E-03
  2.50000000E+01  2.70000000E+01  3.80889000E-06  9.69400000E-03
  2.50000000E+01  2.90000000E+01  4.28506000E-06  9.71300000E-03
  2.50000000E+01  3.00000000E+01  2.85655000E-06  9.71800000E-03
  2.50000000E+01  4.10000000E+01  4.76114000E-07  9.74200000E-03
  2.70000000E+01  2.70000000E+01  2.21165000E-05  9.64600000E-03
  2.70000000E+01  2.90000000E+01  3.25918000E-05  9.66500000E-03
  2.70000000E+01  3.00000000E+01  5.23797000E-05  9.67000000E-03
  2.70000000E+01  4.10000000E+01  3.49200000E-06  9.69400000E-03
  2.90000000E+01  3.00000000E+01  2.25260000E-06  9.68900000E-03
  2.90000000E+01  4.10000000E+01  4.50530000E-06  9.71300000E-03
  3.00000000E+01  3.00000000E+01  8.77382000E-07  9.69400000E-03
  3.00000000E+01  4.10000000E+01  2.63212000E-06  9.71800000E-03
                                                                       1
 68000  0  7  167.26     180717  2  0.0         1.0000E+50  0.0
92931 91  0.0         5.          0.0         0.0         0.0
  6.00000000E+00  1.14740000E-06  9.06000000E-04
  8.00000000E+00  5.71951000E-03  7.04700000E-03
  1.10000000E+01  1.36920000E-04  7.45200000E-03
  1.30000000E+01  1.79620000E-01  7.81100000E-03
  1.60000000E+01  1.22460000E-03  8.81500000E-03
  1.90000000E+01  3.27541000E-05  8.94400000E-03
  2.10000000E+01  3.17611000E-02  9.08600000E-03
  2.40000000E+01  4.62231000E-05  9.26093000E-03
  2.70000000E+01  2.20510000E-04  9.21300000E-03
  3.00000000E+01  7.27231000E-06  9.23700000E-03
                                                                       1
 68000  0  9  167.26     180717  2  0.0         1.0000E+50  0.0
92932 91  0.0         5.          0.0         0.0         0.0
  6.00000000E+00  1.60000000E+01  7.95143000E-03  4.54000000E-04
  6.00000000E+00  1.80000000E+01  4.56113000E-02  5.41000000E-04
  6.00000000E+00  1.90000000E+01  1.44750000E-02  5.83000000E-04
  6.00000000E+00  2.10000000E+01  5.40059000E-02  7.25000000E-04
  6.00000000E+00  2.20000000E+01  1.92143000E-02  7.34000000E-04
  6.00000000E+00  2.40000000E+01  1.31198000E-03  8.99930000E-04
  6.00000000E+00  2.50000000E+01  1.49036000E-03  9.00000000E-04
  6.00000000E+00  2.70000000E+01  1.15740000E-03  8.52000000E-04
  6.00000000E+00  2.90000000E+01  5.42913000E-03  8.71000000E-04
  6.00000000E+00  3.00000000E+01  1.70827000E-03  8.76000000E-04
  6.00000000E+00  4.10000000E+01  8.51057000E-05  9.00000000E-04
  8.00000000E+00  8.00000000E+00  8.03412000E-04  4.82700000E-03
  8.00000000E+00  1.00000000E+01  2.30569000E-02  5.03900000E-03
  8.00000000E+00  1.10000000E+01  2.23380000E-03  5.23200000E-03
  8.00000000E+00  1.30000000E+01  2.55516000E-03  5.59100000E-03
  8.00000000E+00  1.40000000E+01  2.69553000E-03  5.63500000E-03
  8.00000000E+00  1.60000000E+01  2.95477000E-04  6.59500000E-03
  8.00000000E+00  1.80000000E+01  3.44362000E-03  6.68200000E-03
  8.00000000E+00  1.90000000E+01  4.37090000E-04  6.72400000E-03
  8.00000000E+00  2.10000000E+01  3.43817000E-04  6.86600000E-03
  8.00000000E+00  2.20000000E+01  3.08404000E-04  6.87500000E-03
  8.00000000E+00  2.40000000E+01  7.28491000E-05  7.04093000E-03
  8.00000000E+00  2.50000000E+01  3.54042000E-05  7.04100000E-03
  8.00000000E+00  2.70000000E+01  4.49351000E-05  6.99300000E-03
  8.00000000E+00  2.90000000E+01  4.07142000E-04  7.01200000E-03
  8.00000000E+00  3.00000000E+01  5.10628000E-05  7.01700000E-03
  8.00000000E+00  4.10000000E+01  3.40409000E-06  7.04100000E-03
  1.00000000E+01  1.00000000E+01  2.34003000E-02  5.25100000E-03
  1.00000000E+01  1.10000000E+01  6.70928000E-02  5.44400000E-03
  1.00000000E+01  1.30000000E+01  3.57477000E-02  5.80300000E-03
  1.00000000E+01  1.40000000E+01  5.66190000E-02  5.84700000E-03
  1.00000000E+01  1.60000000E+01  5.56327000E-03  6.80700000E-03
  1.00000000E+01  1.80000000E+01  8.86355000E-03  6.89400000E-03
  1.00000000E+01  1.90000000E+01  1.44953000E-02  6.93600000E-03
  1.00000000E+01  2.10000000E+01  6.75203000E-03  7.07800000E-03
  1.00000000E+01  2.20000000E+01  1.06423000E-02  7.08700000E-03
  1.00000000E+01  2.40000000E+01  3.26127000E-04  7.25293000E-03
  1.00000000E+01  2.50000000E+01  2.26722000E-04  7.25300000E-03
  1.00000000E+01  2.70000000E+01  8.89874000E-04  7.20500000E-03
  1.00000000E+01  2.90000000E+01  1.09751000E-03  7.22400000E-03
  1.00000000E+01  3.00000000E+01  1.72794000E-03  7.22900000E-03
  1.00000000E+01  4.10000000E+01  6.60410000E-05  7.25300000E-03
  1.10000000E+01  1.10000000E+01  1.67487000E-03  5.63700000E-03
  1.10000000E+01  1.30000000E+01  3.82870000E-02  5.99600000E-03
  1.10000000E+01  1.40000000E+01  5.28939000E-03  6.04000000E-03
  1.10000000E+01  1.60000000E+01  4.57528000E-04  7.00000000E-03
  1.10000000E+01  1.80000000E+01  1.03375000E-02  7.08700000E-03
  1.10000000E+01  1.90000000E+01  6.14789000E-04  7.12900000E-03
  1.10000000E+01  2.10000000E+01  6.10312000E-03  7.27100000E-03
  1.10000000E+01  2.20000000E+01  7.97945000E-04  7.28000000E-03
  1.10000000E+01  2.40000000E+01  1.77700000E-04  7.44593000E-03
  1.10000000E+01  2.50000000E+01  7.35307000E-05  7.44600000E-03
  1.10000000E+01  2.70000000E+01  7.08061000E-05  7.39800000E-03
  1.10000000E+01  2.90000000E+01  1.22898000E-03  7.41700000E-03
  1.10000000E+01  3.00000000E+01  7.14877000E-05  7.42200000E-03
  1.10000000E+01  4.10000000E+01  5.44680000E-06  7.44600000E-03
  1.30000000E+01  1.30000000E+01  3.57008000E-02  6.35500000E-03
  1.30000000E+01  1.40000000E+01  1.47800000E-01  6.39900000E-03
  1.30000000E+01  1.60000000E+01  6.18878000E-04  7.35900000E-03
  1.30000000E+01  1.80000000E+01  5.43638000E-03  7.44600000E-03
  1.30000000E+01  1.90000000E+01  7.74230000E-03  7.48800000E-03
  1.30000000E+01  2.10000000E+01  1.13215000E-02  7.63000000E-03
  1.30000000E+01  2.20000000E+01  2.51659000E-02  7.63900000E-03
  1.30000000E+01  2.40000000E+01  1.27311000E-03  7.80493000E-03
  1.30000000E+01  2.50000000E+01  1.94305000E-03  7.80500000E-03
  1.30000000E+01  2.70000000E+01  9.94002000E-05  7.75700000E-03
  1.30000000E+01  2.90000000E+01  6.48825000E-04  7.77600000E-03
  1.30000000E+01  3.00000000E+01  9.13026000E-04  7.78100000E-03
  1.30000000E+01  4.10000000E+01  7.48901000E-06  7.80500000E-03
  1.40000000E+01  1.40000000E+01  7.10671000E-03  6.44300000E-03
  1.40000000E+01  1.60000000E+01  5.33099000E-04  7.40300000E-03
  1.40000000E+01  1.80000000E+01  7.62268000E-03  7.49000000E-03
  1.40000000E+01  1.90000000E+01  9.79749000E-04  7.53200000E-03
  1.40000000E+01  2.10000000E+01  1.94534000E-02  7.67400000E-03
  1.40000000E+01  2.20000000E+01  2.19571000E-03  7.68300000E-03
  1.40000000E+01  2.40000000E+01  5.15413000E-04  7.84893000E-03
  1.40000000E+01  2.50000000E+01  1.48420000E-04  7.84900000E-03
  1.40000000E+01  2.70000000E+01  8.23798000E-05  7.80100000E-03
  1.40000000E+01  2.90000000E+01  8.83695000E-04  7.82000000E-03
  1.40000000E+01  3.00000000E+01  1.13702000E-04  7.82500000E-03
  1.40000000E+01  4.10000000E+01  6.12769000E-06  7.84900000E-03
  1.60000000E+01  1.60000000E+01  2.65520000E-05  8.36300000E-03
  1.60000000E+01  1.80000000E+01  8.35429000E-04  8.45000000E-03
  1.60000000E+01  1.90000000E+01  8.98683000E-05  8.49200000E-03
  1.60000000E+01  2.10000000E+01  8.03414000E-05  8.63400000E-03
  1.60000000E+01  2.20000000E+01  6.19571000E-05  8.64300000E-03
  1.60000000E+01  2.40000000E+01  1.56587000E-05  8.80893000E-03
  1.60000000E+01  2.50000000E+01  6.12765000E-06  8.80900000E-03
  1.60000000E+01  2.70000000E+01  8.16997000E-06  8.76100000E-03
  1.60000000E+01  2.90000000E+01  9.87235000E-05  8.78000000E-03
  1.60000000E+01  3.00000000E+01  1.08933000E-05  8.78500000E-03
  1.60000000E+01  4.10000000E+01  6.80849000E-07  8.80900000E-03
  1.80000000E+01  1.80000000E+01  7.99262000E-04  8.53700000E-03
  1.80000000E+01  1.90000000E+01  2.23651000E-03  8.57900000E-03
  1.80000000E+01  2.10000000E+01  1.00965000E-03  8.72100000E-03
  1.80000000E+01  2.20000000E+01  1.44465000E-03  8.73000000E-03
  1.80000000E+01  2.40000000E+01  4.01684000E-05  8.89593000E-03
  1.80000000E+01  2.50000000E+01  2.31475000E-05  8.89600000E-03
  1.80000000E+01  2.70000000E+01  1.33444000E-04  8.84800000E-03
  1.80000000E+01  2.90000000E+01  1.96083000E-04  8.86700000E-03
  1.80000000E+01  3.00000000E+01  2.66889000E-04  8.87200000E-03
  1.80000000E+01  4.10000000E+01  1.02124000E-05  8.89600000E-03
  1.90000000E+01  1.90000000E+01  5.66325000E-05  8.62100000E-03
  1.90000000E+01  2.10000000E+01  1.24720000E-03  8.76300000E-03
  1.90000000E+01  2.20000000E+01  1.51479000E-04  8.77200000E-03
  1.90000000E+01  2.40000000E+01  2.93400000E-05  8.93793000E-03
  1.90000000E+01  2.50000000E+01  1.15990000E-05  8.93800000E-03
  1.90000000E+01  2.70000000E+01  1.43284000E-05  8.89000000E-03
  1.90000000E+01  2.90000000E+01  2.66095000E-04  8.90900000E-03
  1.90000000E+01  3.00000000E+01  1.29642000E-05  8.91400000E-03
  1.90000000E+01  4.10000000E+01  1.36463000E-06  8.93800000E-03
  2.10000000E+01  2.10000000E+01  8.86424000E-04  8.90500000E-03
  2.10000000E+01  2.20000000E+01  3.43688000E-03  8.91400000E-03
  2.10000000E+01  2.40000000E+01  1.39577000E-04  9.07993000E-03
  2.10000000E+01  2.50000000E+01  2.15829000E-04  9.08000000E-03
  2.10000000E+01  2.70000000E+01  1.29362000E-05  9.03200000E-03
  2.10000000E+01  2.90000000E+01  1.19823000E-04  9.05100000E-03
  2.10000000E+01  3.00000000E+01  1.47058000E-04  9.05600000E-03
  2.10000000E+01  4.10000000E+01  6.80851000E-07  9.08000000E-03
  2.20000000E+01  2.20000000E+01  2.57286000E-04  8.92300000E-03
  2.20000000E+01  2.40000000E+01  9.12338000E-05  9.08893000E-03
  2.20000000E+01  2.50000000E+01  2.66518000E-05  9.08900000E-03
  2.20000000E+01  2.70000000E+01  1.43514000E-05  9.04100000E-03
  2.20000000E+01  2.90000000E+01  2.52171000E-04  9.06000000E-03
  2.20000000E+01  3.00000000E+01  2.66518000E-05  9.06500000E-03
  2.20000000E+01  4.10000000E+01  1.02509000E-06  9.08900000E-03
  2.40000000E+01  2.40000000E+01  2.87457000E-06  9.25486000E-03
  2.40000000E+01  2.50000000E+01  1.34149000E-05  9.25493000E-03
  2.40000000E+01  2.70000000E+01  3.83262000E-06  9.20693000E-03
  2.40000000E+01  2.90000000E+01  6.70718000E-06  9.22593000E-03
  2.40000000E+01  3.00000000E+01  4.79081000E-06  9.23093000E-03
  2.50000000E+01  2.50000000E+01  1.26641000E-06  9.25500000E-03
  2.50000000E+01  2.70000000E+01  1.26641000E-06  9.20700000E-03
  2.50000000E+01  2.90000000E+01  5.06541000E-06  9.22600000E-03
  2.50000000E+01  3.00000000E+01  2.53279000E-06  9.23100000E-03
  2.70000000E+01  2.70000000E+01  1.30499000E-06  9.15900000E-03
  2.70000000E+01  2.90000000E+01  3.00131000E-05  9.17800000E-03
  2.70000000E+01  3.00000000E+01  2.60994000E-06  9.18300000E-03
  2.90000000E+01  2.90000000E+01  2.68093000E-05  9.19700000E-03
  2.90000000E+01  3.00000000E+01  7.00049000E-05  9.20200000E-03
  2.90000000E+01  4.10000000E+01  2.97896000E-06  9.22600000E-03
                                                                       1
 68000  0  7  167.26     180717  2  0.0         1.0000E+50  0.0
92931 91  0.0         6.          0.0         0.0         0.0
  8.00000000E+00  1.06781000E-02  6.14100000E-03
  1.00000000E+01  7.87365000E-05  6.35300000E-03
  1.10000000E+01  7.15654000E-05  6.54600000E-03
  1.30000000E+01  1.63411000E-02  6.90500000E-03
  1.40000000E+01  1.44331000E-01  6.94900000E-03
  1.60000000E+01  1.63601000E-03  7.90900000E-03
  1.80000000E+01  1.42001000E-05  7.99600000E-03
  1.90000000E+01  1.37901000E-05  8.03800000E-03
  2.10000000E+01  2.74402000E-03  8.18000000E-03
  2.20000000E+01  2.45452000E-02  8.18900000E-03
  2.40000000E+01  6.64694000E-06  8.35493000E-03
  2.50000000E+01  3.72932000E-05  8.35500000E-03
  2.70000000E+01  3.15172000E-04  8.30700000E-03
  2.90000000E+01  3.21802000E-06  8.32600000E-03
  3.00000000E+01  2.80762000E-06  8.33100000E-03
                                                                       1
 68000  0  9  167.26     180717  2  0.0         1.0000E+50  0.0
92932 91  0.0         6.          0.0         0.0         0.0
  8.00000000E+00  8.00000000E+00  1.06655000E-03  3.92100000E-03
  8.00000000E+00  1.00000000E+01  6.46781000E-04  4.13300000E-03
  8.00000000E+00  1.10000000E+01  2.52779000E-02  4.32600000E-03
  8.00000000E+00  1.30000000E+01  2.68881000E-03  4.68500000E-03
  8.00000000E+00  1.40000000E+01  3.56391000E-03  4.72900000E-03
  8.00000000E+00  1.60000000E+01  3.93112000E-04  5.68900000E-03
  8.00000000E+00  1.80000000E+01  1.14216000E-04  5.77600000E-03
  8.00000000E+00  1.90000000E+01  3.72028000E-03  5.81800000E-03
  8.00000000E+00  2.10000000E+01  2.49473000E-04  5.96000000E-03
  8.00000000E+00  2.20000000E+01  2.97111000E-04  5.96900000E-03
  8.00000000E+00  2.40000000E+01  1.11426000E-04  6.13493000E-03
  8.00000000E+00  2.50000000E+01  1.51361000E-04  6.13500000E-03
  8.00000000E+00  2.70000000E+01  5.95637000E-05  6.08700000E-03
  8.00000000E+00  2.90000000E+01  1.40151000E-05  6.10600000E-03
  8.00000000E+00  3.00000000E+01  4.15550000E-04  6.11100000E-03
  8.00000000E+00  4.10000000E+01  4.20432000E-06  6.13500000E-03
  1.00000000E+01  1.00000000E+01  1.58377000E-04  4.34500000E-03
  1.00000000E+01  1.10000000E+01  4.23531000E-02  4.53800000E-03
  1.00000000E+01  1.30000000E+01  2.41977000E-03  4.89700000E-03
  1.00000000E+01  1.40000000E+01  2.15393000E-02  4.94100000E-03
  1.00000000E+01  1.60000000E+01  1.28934000E-04  5.90100000E-03
  1.00000000E+01  1.80000000E+01  5.95644000E-05  5.98800000E-03
  1.00000000E+01  1.90000000E+01  6.47638000E-03  6.03000000E-03
  1.00000000E+01  2.10000000E+01  4.16253000E-04  6.17200000E-03
  1.00000000E+01  2.20000000E+01  3.12337000E-03  6.18100000E-03
  1.00000000E+01  2.40000000E+01  1.21231000E-04  6.34693000E-03
  1.00000000E+01  2.50000000E+01  2.38955000E-04  6.34700000E-03
  1.00000000E+01  2.70000000E+01  2.03214000E-05  6.29900000E-03
  1.00000000E+01  2.90000000E+01  7.70840000E-06  6.31800000E-03
  1.00000000E+01  3.00000000E+01  7.28792000E-04  6.32300000E-03
  1.00000000E+01  4.10000000E+01  1.40153000E-06  6.34700000E-03
  1.10000000E+01  1.10000000E+01  5.67684000E-02  4.73100000E-03
  1.10000000E+01  1.30000000E+01  5.88719000E-02  5.09000000E-03
  1.10000000E+01  1.40000000E+01  8.48470000E-02  5.13400000E-03
  1.10000000E+01  1.60000000E+01  6.02091000E-03  6.09400000E-03
  1.10000000E+01  1.80000000E+01  8.99261000E-03  6.18100000E-03
  1.10000000E+01  1.90000000E+01  2.08432000E-02  6.22300000E-03
  1.10000000E+01  2.10000000E+01  1.06031000E-02  6.36500000E-03
  1.10000000E+01  2.20000000E+01  1.50111000E-02  6.37400000E-03
  1.10000000E+01  2.40000000E+01  5.33278000E-04  6.53993000E-03
  1.10000000E+01  2.50000000E+01  5.08756000E-04  6.54000000E-03
  1.10000000E+01  2.70000000E+01  9.60757000E-04  6.49200000E-03
  1.10000000E+01  2.90000000E+01  1.13178000E-03  6.51100000E-03
  1.10000000E+01  3.00000000E+01  2.42739000E-03  6.51600000E-03
  1.10000000E+01  4.10000000E+01  7.14783000E-05  6.54000000E-03
  1.30000000E+01  1.30000000E+01  8.50021000E-03  5.44900000E-03
  1.30000000E+01  1.40000000E+01  1.60888000E-01  5.49300000E-03
  1.30000000E+01  1.60000000E+01  6.10347000E-04  6.45300000E-03
  1.30000000E+01  1.80000000E+01  5.19230000E-04  6.54000000E-03
  1.30000000E+01  1.90000000E+01  8.31970000E-03  6.58200000E-03
  1.30000000E+01  2.10000000E+01  2.65427000E-03  6.72400000E-03
  1.30000000E+01  2.20000000E+01  2.11565000E-02  6.73300000E-03
  1.30000000E+01  2.40000000E+01  3.01328000E-04  6.89893000E-03
  1.30000000E+01  2.50000000E+01  7.69395000E-04  6.89900000E-03
  1.30000000E+01  2.70000000E+01  9.67012000E-05  6.85100000E-03
  1.30000000E+01  2.90000000E+01  6.51676000E-05  6.87000000E-03
  1.30000000E+01  3.00000000E+01  9.23571000E-04  6.87500000E-03
  1.30000000E+01  4.10000000E+01  7.00737000E-06  6.89900000E-03
  1.40000000E+01  1.40000000E+01  1.08261000E-01  5.53700000E-03
  1.40000000E+01  1.60000000E+01  8.45802000E-04  6.49700000E-03
  1.40000000E+01  1.80000000E+01  4.21491000E-03  6.58400000E-03
  1.40000000E+01  1.90000000E+01  1.35218000E-02  6.62600000E-03
  1.40000000E+01  2.10000000E+01  2.54131000E-02  6.76800000E-03
  1.40000000E+01  2.20000000E+01  3.22377000E-02  6.77700000E-03
  1.40000000E+01  2.40000000E+01  3.20952000E-03  6.94293000E-03
  1.40000000E+01  2.50000000E+01  2.18988000E-03  6.94300000E-03
  1.40000000E+01  2.70000000E+01  1.35249000E-04  6.89500000E-03
  1.40000000E+01  2.90000000E+01  5.22747000E-04  6.91400000E-03
  1.40000000E+01  3.00000000E+01  1.53957000E-03  6.91900000E-03
  1.40000000E+01  4.10000000E+01  9.81010000E-06  6.94300000E-03
  1.60000000E+01  1.60000000E+01  3.64396000E-05  7.45700000E-03
  1.60000000E+01  1.80000000E+01  2.31250000E-05  7.54400000E-03
  1.60000000E+01  1.90000000E+01  8.88531000E-04  7.58600000E-03
  1.60000000E+01  2.10000000E+01  6.16648000E-05  7.72800000E-03
  1.60000000E+01  2.20000000E+01  7.70829000E-05  7.73700000E-03
  1.60000000E+01  2.40000000E+01  1.61175000E-05  7.90293000E-03
  1.60000000E+01  2.50000000E+01  2.45259000E-05  7.90300000E-03
  1.60000000E+01  2.70000000E+01  1.12113000E-05  7.85500000E-03
  1.60000000E+01  2.90000000E+01  2.80291000E-06  7.87400000E-03
  1.60000000E+01  3.00000000E+01  9.95065000E-05  7.87900000E-03
  1.60000000E+01  4.10000000E+01  7.00754000E-07  7.90300000E-03
  1.80000000E+01  1.80000000E+01  4.90519000E-06  7.63100000E-03
  1.80000000E+01  1.90000000E+01  1.37210000E-03  7.67300000E-03
  1.80000000E+01  2.10000000E+01  8.61940000E-05  7.81500000E-03
  1.80000000E+01  2.20000000E+01  6.37695000E-04  7.82400000E-03
  1.80000000E+01  2.40000000E+01  1.75194000E-05  7.98993000E-03
  1.80000000E+01  2.50000000E+01  3.22340000E-05  7.99000000E-03
  1.80000000E+01  2.70000000E+01  3.50368000E-06  7.94200000E-03
  1.80000000E+01  2.90000000E+01  1.40151000E-06  7.96100000E-03
  1.80000000E+01  3.00000000E+01  1.54160000E-04  7.96600000E-03
  1.90000000E+01  1.90000000E+01  1.80287000E-03  7.71500000E-03
  1.90000000E+01  2.10000000E+01  1.46871000E-03  7.85700000E-03
  1.90000000E+01  2.20000000E+01  2.30702000E-03  7.86600000E-03
  1.90000000E+01  2.40000000E+01  6.03682000E-05  8.03193000E-03
  1.90000000E+01  2.50000000E+01  6.10570000E-05  8.03200000E-03
  1.90000000E+01  2.70000000E+01  1.38579000E-04  7.98400000E-03
  1.90000000E+01  2.90000000E+01  1.68759000E-04  8.00300000E-03
  1.90000000E+01  3.00000000E+01  4.17093000E-04  8.00800000E-03
  1.90000000E+01  4.10000000E+01  1.02898000E-05  8.03200000E-03
  2.10000000E+01  2.10000000E+01  2.00428000E-04  7.99900000E-03
  2.10000000E+01  2.20000000E+01  3.46587000E-03  8.00800000E-03
  2.10000000E+01  2.40000000E+01  3.22349000E-05  8.17393000E-03
  2.10000000E+01  2.50000000E+01  7.98871000E-05  8.17400000E-03
  2.10000000E+01  2.70000000E+01  9.81045000E-06  8.12600000E-03
  2.10000000E+01  2.90000000E+01  1.05111000E-05  8.14500000E-03
  2.10000000E+01  3.00000000E+01  1.66780000E-04  8.15000000E-03
  2.10000000E+01  4.10000000E+01  7.00775000E-07  8.17400000E-03
  2.20000000E+01  2.20000000E+01  2.80168000E-03  8.01700000E-03
  2.20000000E+01  2.40000000E+01  3.91052000E-04  8.18293000E-03
  2.20000000E+01  2.50000000E+01  2.63142000E-04  8.18300000E-03
  2.20000000E+01  2.70000000E+01  1.46642000E-05  8.13500000E-03
  2.20000000E+01  2.90000000E+01  9.28745000E-05  8.15400000E-03
  2.20000000E+01  3.00000000E+01  3.11192000E-04  8.15900000E-03
  2.20000000E+01  4.10000000E+01  8.14701000E-07  8.18300000E-03
  2.40000000E+01  2.40000000E+01  1.14680000E-06  8.34886000E-03
  2.40000000E+01  2.50000000E+01  2.52286000E-05  8.34893000E-03
  2.40000000E+01  2.70000000E+01  3.44041000E-06  8.30093000E-03
  2.40000000E+01  2.90000000E+01  3.44041000E-06  8.31993000E-03
  2.40000000E+01  3.00000000E+01  1.14680000E-05  8.32493000E-03
  2.50000000E+01  2.50000000E+01  5.89038000E-06  8.34900000E-03
  2.50000000E+01  2.70000000E+01  3.68138000E-06  8.30100000E-03
  2.50000000E+01  2.90000000E+01  3.68138000E-06  8.32000000E-03
  2.50000000E+01  3.00000000E+01  7.36298000E-06  8.32500000E-03
  2.70000000E+01  2.70000000E+01  1.35244000E-06  8.25300000E-03
  2.70000000E+01  2.90000000E+01  1.35244000E-06  8.27200000E-03
  2.70000000E+01  3.00000000E+01  3.11063000E-05  8.27700000E-03
  2.90000000E+01  3.00000000E+01  5.82274000E-05  8.29600000E-03
  3.00000000E+01  3.00000000E+01  1.17497000E-04  8.30100000E-03
  3.00000000E+01  4.10000000E+01  6.71423000E-06  8.32500000E-03
                                                                       1
 68000  0  7  167.26     180717  2  0.0         1.0000E+50  0.0
92931 91  0.0         8.          0.0         0.0         0.0
  1.00000000E+01  9.77413000E-06  2.12000000E-04
  1.10000000E+01  1.57040000E-04  4.05000000E-04
  1.80000000E+01  6.05932000E-04  1.85500000E-03
  1.90000000E+01  6.55122000E-04  1.89700000E-03
  2.90000000E+01  1.37670000E-04  2.18500000E-03
  3.00000000E+01  1.39060000E-04  2.19000000E-03
                                                                       1
 68000  0  9  167.26     180717  2  0.0         1.0000E+50  0.0
92932 91  0.0         8.          0.0         0.0         0.0
  1.00000000E+01  2.10000000E+01  6.12639000E-02  3.10000000E-05
  1.00000000E+01  2.20000000E+01  9.28997000E-02  4.00000000E-05
  1.00000000E+01  2.40000000E+01  3.19834000E-02  2.05930000E-04
  1.00000000E+01  2.50000000E+01  4.24934000E-02  2.06000000E-04
  1.00000000E+01  2.70000000E+01  7.96315000E-03  1.58000000E-04
  1.00000000E+01  2.90000000E+01  6.65319000E-03  1.77000000E-04
  1.00000000E+01  3.00000000E+01  9.71551000E-03  1.82000000E-04
  1.00000000E+01  4.10000000E+01  5.78406000E-04  2.06000000E-04
  1.10000000E+01  1.80000000E+01  6.41849000E-02  4.00000000E-05
  1.10000000E+01  1.90000000E+01  8.28150000E-02  8.20000000E-05
  1.10000000E+01  2.10000000E+01  3.50859000E-02  2.24000000E-04
  1.10000000E+01  2.20000000E+01  5.06008000E-02  2.33000000E-04
  1.10000000E+01  2.40000000E+01  9.91993000E-02  3.98930000E-04
  1.10000000E+01  2.50000000E+01  1.23605000E-01  3.99000000E-04
  1.10000000E+01  2.70000000E+01  9.03748000E-03  3.51000000E-04
  1.10000000E+01  2.90000000E+01  7.57113000E-03  3.70000000E-04
  1.10000000E+01  3.00000000E+01  9.65283000E-03  3.75000000E-04
  1.10000000E+01  4.10000000E+01  6.58880000E-04  3.99000000E-04
  1.30000000E+01  1.60000000E+01  2.44594000E-02  3.12000000E-04
  1.30000000E+01  1.80000000E+01  5.42190000E-03  3.99000000E-04
  1.30000000E+01  1.90000000E+01  5.01800000E-03  4.41000000E-04
  1.30000000E+01  2.10000000E+01  7.99629000E-03  5.83000000E-04
  1.30000000E+01  2.20000000E+01  1.00202000E-02  5.92000000E-04
  1.30000000E+01  2.40000000E+01  5.05013000E-03  7.57930000E-04
  1.30000000E+01  2.50000000E+01  4.71707000E-03  7.58000000E-04
  1.30000000E+01  2.70000000E+01  2.61459000E-03  7.10000000E-04
  1.30000000E+01  2.90000000E+01  5.39464000E-04  7.29000000E-04
  1.30000000E+01  3.00000000E+01  4.65017000E-04  7.34000000E-04
  1.30000000E+01  4.10000000E+01  1.85139000E-04  7.58000000E-04
  1.40000000E+01  1.60000000E+01  3.50597000E-02  3.56000000E-04
  1.40000000E+01  1.80000000E+01  1.09589000E-03  4.43000000E-04
  1.40000000E+01  1.90000000E+01  1.03800000E-02  4.85000000E-04
  1.40000000E+01  2.10000000E+01  1.09139000E-02  6.27000000E-04
  1.40000000E+01  2.20000000E+01  1.62542000E-02  6.36000000E-04
  1.40000000E+01  2.40000000E+01  5.78000000E-03  8.01930000E-04
  1.40000000E+01  2.50000000E+01  8.94578000E-03  8.02000000E-04
  1.40000000E+01  2.70000000E+01  3.71386000E-03  7.54000000E-04
  1.40000000E+01  2.90000000E+01  1.11257000E-04  7.73000000E-04
  1.40000000E+01  3.00000000E+01  9.59665000E-04  7.78000000E-04
  1.40000000E+01  4.10000000E+01  2.63034000E-04  8.02000000E-04
  1.60000000E+01  1.60000000E+01  4.22603000E-03  1.31600000E-03
  1.60000000E+01  1.80000000E+01  7.15879000E-03  1.40300000E-03
  1.60000000E+01  1.90000000E+01  1.25342000E-02  1.44500000E-03
  1.60000000E+01  2.10000000E+01  1.36780000E-02  1.58700000E-03
  1.60000000E+01  2.20000000E+01  1.95917000E-02  1.59600000E-03
  1.60000000E+01  2.40000000E+01  5.62493000E-03  1.76193000E-03
  1.60000000E+01  2.50000000E+01  7.06508000E-03  1.76200000E-03
  1.60000000E+01  2.70000000E+01  1.11864000E-03  1.71400000E-03
  1.60000000E+01  2.90000000E+01  9.02989000E-04  1.73300000E-03
  1.60000000E+01  3.00000000E+01  1.49110000E-03  1.73800000E-03
  1.60000000E+01  4.10000000E+01  8.16922000E-05  1.76200000E-03
  1.80000000E+01  1.80000000E+01  3.49988000E-04  1.49000000E-03
  1.80000000E+01  1.90000000E+01  9.14669000E-04  1.53200000E-03
  1.80000000E+01  2.10000000E+01  5.21376000E-04  1.67400000E-03
  1.80000000E+01  2.20000000E+01  2.84872000E-04  1.68300000E-03
  1.80000000E+01  2.40000000E+01  7.89497000E-05  1.84893000E-03
  1.80000000E+01  2.50000000E+01  3.95131000E-04  1.84900000E-03
  1.80000000E+01  2.70000000E+01  7.50212000E-04  1.80100000E-03
  1.80000000E+01  2.90000000E+01  6.98572000E-05  1.82000000E-03
  1.80000000E+01  3.00000000E+01  8.51367000E-05  1.82500000E-03
  1.80000000E+01  4.10000000E+01  5.31175000E-05  1.84900000E-03
  1.90000000E+01  1.90000000E+01  1.17805000E-03  1.57400000E-03
  1.90000000E+01  2.10000000E+01  8.00063000E-04  1.71600000E-03
  1.90000000E+01  2.20000000E+01  1.93513000E-03  1.72500000E-03
  1.90000000E+01  2.40000000E+01  4.20604000E-04  1.89093000E-03
  1.90000000E+01  2.50000000E+01  7.86584000E-04  1.89100000E-03
  1.90000000E+01  2.70000000E+01  1.31850000E-03  1.84300000E-03
  1.90000000E+01  2.90000000E+01  9.78715000E-05  1.86200000E-03
  1.90000000E+01  3.00000000E+01  2.37211000E-04  1.86700000E-03
  1.90000000E+01  4.10000000E+01  9.35032000E-05  1.89100000E-03
  2.10000000E+01  2.10000000E+01  1.56509000E-04  1.85800000E-03
  2.10000000E+01  2.20000000E+01  7.54998000E-04  1.86700000E-03
  2.10000000E+01  2.40000000E+01  3.89469000E-04  2.03293000E-03
  2.10000000E+01  2.50000000E+01  2.88029000E-03  2.03300000E-03
  2.10000000E+01  2.70000000E+01  1.40934000E-03  1.98500000E-03
  2.10000000E+01  2.90000000E+01  4.70969000E-05  2.00400000E-03
  2.10000000E+01  3.00000000E+01  7.60806000E-05  2.00900000E-03
  2.10000000E+01  4.10000000E+01  9.96318000E-05  2.03300000E-03
  2.20000000E+01  2.20000000E+01  4.23470000E-04  1.87600000E-03
  2.20000000E+01  2.40000000E+01  2.86687000E-03  2.04193000E-03
  2.20000000E+01  2.50000000E+01  1.62480000E-03  2.04200000E-03
  2.20000000E+01  2.70000000E+01  2.02391000E-03  1.99400000E-03
  2.20000000E+01  2.90000000E+01  2.72851000E-05  2.01300000E-03
  2.20000000E+01  3.00000000E+01  1.83001000E-04  2.01800000E-03
  2.20000000E+01  4.10000000E+01  1.42984000E-04  2.04200000E-03
  2.40000000E+01  2.40000000E+01  2.97969000E-04  2.20786000E-03
  2.40000000E+01  2.50000000E+01  2.27943000E-03  2.20793000E-03
  2.40000000E+01  2.70000000E+01  5.38462000E-04  2.15993000E-03
  2.40000000E+01  2.90000000E+01  7.27629000E-06  2.17893000E-03
  2.40000000E+01  3.00000000E+01  3.38351000E-05  2.18393000E-03
  2.40000000E+01  4.10000000E+01  3.78377000E-05  2.20793000E-03
  2.50000000E+01  2.50000000E+01  7.26323000E-04  2.20800000E-03
  2.50000000E+01  2.70000000E+01  6.81195000E-04  2.16000000E-03
  2.50000000E+01  2.90000000E+01  4.54610000E-05  2.17900000E-03
  2.50000000E+01  3.00000000E+01  6.41629000E-05  2.18400000E-03
  2.50000000E+01  4.10000000E+01  4.76621000E-05  2.20800000E-03
  2.70000000E+01  2.70000000E+01  1.17779000E-04  2.11200000E-03
  2.70000000E+01  2.90000000E+01  1.60942000E-04  2.13100000E-03
  2.70000000E+01  3.00000000E+01  2.66384000E-04  2.13600000E-03
  2.70000000E+01  4.10000000E+01  1.72659000E-05  2.16000000E-03
  2.90000000E+01  2.90000000E+01  6.66792000E-06  2.15000000E-03
  2.90000000E+01  3.00000000E+01  1.77804000E-05  2.15500000E-03
  2.90000000E+01  4.10000000E+01  1.33348000E-05  2.17900000E-03
  3.00000000E+01  3.00000000E+01  3.02446000E-05  2.16000000E-03
  3.00000000E+01  4.10000000E+01  2.92996000E-05  2.18400000E-03
                                                                       1
 68000  0  7  167.26     180717  2  0.0         1.0000E+50  0.0
92931 91  0.0         10.         0.0         0.0         0.0
  1.30000000E+01  5.85987000E-04  5.52000000E-04
  1.60000000E+01  4.94692000E-04  1.55600000E-03
  2.10000000E+01  2.51157000E-03  1.82700000E-03
  2.70000000E+01  9.10354000E-05  1.95400000E-03
                                                                       1
 68000  0  9  167.26     180717  2  0.0         1.0000E+50  0.0
92932 91  0.0         10.         0.0         0.0         0.0
  1.10000000E+01  2.10000000E+01  9.67668000E-03  1.20000000E-05
  1.10000000E+01  2.20000000E+01  2.31652000E-02  2.10000000E-05
  1.10000000E+01  2.40000000E+01  2.38102000E-02  1.86930000E-04
  1.10000000E+01  2.50000000E+01  2.51345000E-02  1.87000000E-04
  1.10000000E+01  2.70000000E+01  3.91685000E-03  1.39000000E-04
  1.10000000E+01  2.90000000E+01  4.03426000E-03  1.58000000E-04
  1.10000000E+01  3.00000000E+01  3.79631000E-03  1.63000000E-04
  1.10000000E+01  4.10000000E+01  2.73612000E-04  1.87000000E-04
  1.30000000E+01  1.60000000E+01  6.65560000E-02  1.00000000E-04
  1.30000000E+01  1.80000000E+01  6.64468000E-02  1.87000000E-04
  1.30000000E+01  1.90000000E+01  8.14080000E-02  2.29000000E-04
  1.30000000E+01  2.10000000E+01  2.80508000E-02  3.71000000E-04
  1.30000000E+01  2.20000000E+01  3.22030000E-02  3.80000000E-04
  1.30000000E+01  2.40000000E+01  1.13614000E-01  5.45930000E-04
  1.30000000E+01  2.50000000E+01  1.70385000E-01  5.46000000E-04
  1.30000000E+01  2.70000000E+01  1.05382000E-02  4.98000000E-04
  1.30000000E+01  2.90000000E+01  7.27115000E-03  5.17000000E-04
  1.30000000E+01  3.00000000E+01  9.30918000E-03  5.22000000E-04
  1.30000000E+01  4.10000000E+01  7.79933000E-04  5.46000000E-04
  1.40000000E+01  1.60000000E+01  1.11380000E-02  1.44000000E-04
  1.40000000E+01  1.80000000E+01  7.62825000E-02  2.31000000E-04
  1.40000000E+01  1.90000000E+01  7.14597000E-03  2.73000000E-04
  1.40000000E+01  2.10000000E+01  1.19829000E-03  4.15000000E-04
  1.40000000E+01  2.20000000E+01  3.73910000E-03  4.24000000E-04
  1.40000000E+01  2.40000000E+01  3.61621000E-03  5.89930000E-04
  1.40000000E+01  2.50000000E+01  2.82702000E-03  5.90000000E-04
  1.40000000E+01  2.70000000E+01  1.17691000E-03  5.42000000E-04
  1.40000000E+01  2.90000000E+01  6.74803000E-03  5.61000000E-04
  1.40000000E+01  3.00000000E+01  7.48720000E-04  5.66000000E-04
  1.40000000E+01  4.10000000E+01  8.35206000E-05  5.90000000E-04
  1.60000000E+01  1.60000000E+01  8.86048000E-04  1.10400000E-03
  1.60000000E+01  1.80000000E+01  1.23257000E-02  1.19100000E-03
  1.60000000E+01  1.90000000E+01  1.90044000E-03  1.23300000E-03
  1.60000000E+01  2.10000000E+01  3.96671000E-04  1.37500000E-03
  1.60000000E+01  2.20000000E+01  1.42079000E-03  1.38400000E-03
  1.60000000E+01  2.40000000E+01  5.25034000E-05  1.54993000E-03
  1.60000000E+01  2.50000000E+01  6.20298000E-04  1.55000000E-03
  1.60000000E+01  2.70000000E+01  2.21676000E-04  1.50200000E-03
  1.60000000E+01  2.90000000E+01  1.05261000E-03  1.52100000E-03
  1.60000000E+01  3.00000000E+01  2.04821000E-04  1.52600000E-03
  1.60000000E+01  4.10000000E+01  1.62044000E-05  1.55000000E-03
  1.80000000E+01  1.80000000E+01  9.20624000E-03  1.27800000E-03
  1.80000000E+01  1.90000000E+01  2.73192000E-02  1.32000000E-03
  1.80000000E+01  2.10000000E+01  2.58692000E-02  1.46200000E-03
  1.80000000E+01  2.20000000E+01  4.21968000E-02  1.47100000E-03
  1.80000000E+01  2.40000000E+01  8.80806000E-03  1.63693000E-03
  1.80000000E+01  2.50000000E+01  1.50381000E-02  1.63700000E-03
  1.80000000E+01  2.70000000E+01  1.95005000E-03  1.58900000E-03
  1.80000000E+01  2.90000000E+01  1.97473000E-03  1.60800000E-03
  1.80000000E+01  3.00000000E+01  3.22800000E-03  1.61300000E-03
  1.80000000E+01  4.10000000E+01  1.44809000E-04  1.63700000E-03
  1.90000000E+01  1.90000000E+01  7.70599000E-04  1.36200000E-03
  1.90000000E+01  2.10000000E+01  2.12506000E-03  1.50400000E-03
  1.90000000E+01  2.20000000E+01  1.70216000E-03  1.51300000E-03
  1.90000000E+01  2.40000000E+01  6.48535000E-03  1.67893000E-03
  1.90000000E+01  2.50000000E+01  1.82092000E-03  1.67900000E-03
  1.90000000E+01  2.70000000E+01  2.04523000E-04  1.63100000E-03
  1.90000000E+01  2.90000000E+01  2.42544000E-03  1.65000000E-03
  1.90000000E+01  3.00000000E+01  1.55040000E-04  1.65500000E-03
  1.90000000E+01  4.10000000E+01  1.45146000E-05  1.67900000E-03
  2.10000000E+01  2.10000000E+01  8.84964000E-04  1.64600000E-03
  2.10000000E+01  2.20000000E+01  2.57297000E-03  1.65500000E-03
  2.10000000E+01  2.40000000E+01  8.06396000E-04  1.82093000E-03
  2.10000000E+01  2.50000000E+01  1.49091000E-03  1.82100000E-03
  2.10000000E+01  2.70000000E+01  5.85964000E-05  1.77300000E-03
  2.10000000E+01  2.90000000E+01  2.26731000E-03  1.79200000E-03
  2.10000000E+01  3.00000000E+01  2.19076000E-04  1.79700000E-03
  2.10000000E+01  4.10000000E+01  3.99540000E-06  1.82100000E-03
  2.20000000E+01  2.20000000E+01  6.02635000E-04  1.66400000E-03
  2.20000000E+01  2.40000000E+01  2.69821000E-03  1.82993000E-03
  2.20000000E+01  2.50000000E+01  5.69964000E-04  1.83000000E-03
  2.20000000E+01  2.70000000E+01  1.83114000E-04  1.78200000E-03
  2.20000000E+01  2.90000000E+01  3.75169000E-03  1.80100000E-03
  2.20000000E+01  3.00000000E+01  1.60476000E-04  1.80600000E-03
  2.20000000E+01  4.10000000E+01  1.33175000E-05  1.83000000E-03
  2.40000000E+01  2.40000000E+01  1.27784000E-03  1.99586000E-03
  2.40000000E+01  2.50000000E+01  8.54860000E-03  1.99593000E-03
  2.40000000E+01  2.70000000E+01  2.66354000E-06  1.94793000E-03
  2.40000000E+01  2.90000000E+01  7.12500000E-04  1.96693000E-03
  2.40000000E+01  3.00000000E+01  7.25823000E-04  1.97193000E-03
  2.50000000E+01  2.50000000E+01  4.34169000E-04  1.99600000E-03
  2.50000000E+01  2.70000000E+01  8.65667000E-05  1.94800000E-03
  2.50000000E+01  2.90000000E+01  1.21395000E-03  1.96700000E-03
  2.50000000E+01  3.00000000E+01  1.83790000E-04  1.97200000E-03
  2.50000000E+01  4.10000000E+01  5.99327000E-06  1.99600000E-03
  2.70000000E+01  2.70000000E+01  1.77900000E-05  1.90000000E-03
  2.70000000E+01  2.90000000E+01  2.18565000E-04  1.91900000E-03
  2.70000000E+01  3.00000000E+01  2.88033000E-05  1.92400000E-03
  2.70000000E+01  4.10000000E+01  2.54146000E-06  1.94800000E-03
  2.90000000E+01  2.90000000E+01  2.28881000E-04  1.93800000E-03
  2.90000000E+01  3.00000000E+01  6.39676000E-04  1.94300000E-03
  2.90000000E+01  4.10000000E+01  2.78762000E-05  1.96700000E-03
  3.00000000E+01  3.00000000E+01  5.70433000E-05  1.94800000E-03
  3.00000000E+01  4.10000000E+01  9.50724000E-06  1.97200000E-03
                                                                       1
 68000  0  7  167.26     180717  2  0.0         1.0000E+50  0.0
92931 91  0.0         11.         0.0         0.0         0.0
  1.30000000E+01  1.74229000E-05  3.59000000E-04
  1.40000000E+01  2.32729000E-04  4.03000000E-04
  1.60000000E+01  7.53797000E-04  1.36300000E-03
  2.10000000E+01  3.57449000E-04  1.63400000E-03
  2.20000000E+01  2.85669000E-03  1.64300000E-03
  2.70000000E+01  1.36359000E-04  1.76100000E-03
                                                                       1
 68000  0  9  167.26     180717  2  0.0         1.0000E+50  0.0
92932 91  0.0         11.         0.0         0.0         0.0
  1.30000000E+01  1.90000000E+01  5.75955000E-02  3.60000000E-05
  1.30000000E+01  2.10000000E+01  1.00695000E-02  1.78000000E-04
  1.30000000E+01  2.20000000E+01  9.33385000E-03  1.87000000E-04
  1.30000000E+01  2.40000000E+01  1.19989000E-02  3.52930000E-04
  1.30000000E+01  2.50000000E+01  1.74356000E-02  3.53000000E-04
  1.30000000E+01  2.70000000E+01  2.00186000E-03  3.05000000E-04
  1.30000000E+01  2.90000000E+01  1.39919000E-03  3.24000000E-04
  1.30000000E+01  3.00000000E+01  5.34017000E-03  3.29000000E-04
  1.30000000E+01  4.10000000E+01  1.44828000E-04  3.53000000E-04
  1.40000000E+01  1.80000000E+01  8.05237000E-02  3.80000000E-05
  1.40000000E+01  1.90000000E+01  1.30792000E-01  8.00000000E-05
  1.40000000E+01  2.10000000E+01  4.48732000E-02  2.22000000E-04
  1.40000000E+01  2.20000000E+01  6.48998000E-02  2.31000000E-04
  1.40000000E+01  2.40000000E+01  1.17836000E-01  3.96930000E-04
  1.40000000E+01  2.50000000E+01  1.40114000E-01  3.97000000E-04
  1.40000000E+01  2.70000000E+01  1.17137000E-02  3.49000000E-04
  1.40000000E+01  2.90000000E+01  9.56953000E-03  3.68000000E-04
  1.40000000E+01  3.00000000E+01  1.38099000E-02  3.73000000E-04
  1.40000000E+01  4.10000000E+01  8.54464000E-04  3.97000000E-04
  1.60000000E+01  1.60000000E+01  6.76968000E-04  9.11000000E-04
  1.60000000E+01  1.80000000E+01  1.04910000E-03  9.98000000E-04
  1.60000000E+01  1.90000000E+01  1.60360000E-02  1.04000000E-03
  1.60000000E+01  2.10000000E+01  9.52704000E-04  1.18200000E-03
  1.60000000E+01  2.20000000E+01  1.04759000E-03  1.19100000E-03
  1.60000000E+01  2.40000000E+01  8.89204000E-04  1.35693000E-03
  1.60000000E+01  2.50000000E+01  1.37037000E-03  1.35700000E-03
  1.60000000E+01  2.70000000E+01  1.68122000E-04  1.30900000E-03
  1.60000000E+01  2.90000000E+01  1.06850000E-04  1.32800000E-03
  1.60000000E+01  3.00000000E+01  1.32404000E-03  1.33300000E-03
  1.60000000E+01  4.10000000E+01  1.19553000E-05  1.35700000E-03
  1.80000000E+01  1.80000000E+01  1.19356000E-04  1.08500000E-03
  1.80000000E+01  1.90000000E+01  1.89860000E-02  1.12700000E-03
  1.80000000E+01  2.10000000E+01  4.48330000E-04  1.26900000E-03
  1.80000000E+01  2.20000000E+01  3.52996000E-03  1.27800000E-03
  1.80000000E+01  2.40000000E+01  1.01380000E-03  1.44393000E-03
  1.80000000E+01  2.50000000E+01  5.86604000E-03  1.44400000E-03
  1.80000000E+01  2.70000000E+01  1.15628000E-04  1.39600000E-03
  1.80000000E+01  2.90000000E+01  2.23794000E-05  1.41500000E-03
  1.80000000E+01  3.00000000E+01  1.58820000E-03  1.42000000E-03
  1.80000000E+01  4.10000000E+01  8.20586000E-06  1.44400000E-03
  1.90000000E+01  1.90000000E+01  2.65595000E-02  1.16900000E-03
  1.90000000E+01  2.10000000E+01  3.67555000E-02  1.31100000E-03
  1.90000000E+01  2.20000000E+01  4.89023000E-02  1.32000000E-03
  1.90000000E+01  2.40000000E+01  1.78511000E-02  1.48593000E-03
  1.90000000E+01  2.50000000E+01  2.02239000E-02  1.48600000E-03
  1.90000000E+01  2.70000000E+01  2.48380000E-03  1.43800000E-03
  1.90000000E+01  2.90000000E+01  2.35976000E-03  1.45700000E-03
  1.90000000E+01  3.00000000E+01  5.33970000E-03  1.46200000E-03
  1.90000000E+01  4.10000000E+01  1.83820000E-04  1.48600000E-03
  2.10000000E+01  2.10000000E+01  2.39852000E-04  1.45300000E-03
  2.10000000E+01  2.20000000E+01  4.83092000E-03  1.46200000E-03
  2.10000000E+01  2.40000000E+01  4.22163000E-04  1.62793000E-03
  2.10000000E+01  2.50000000E+01  5.16059000E-03  1.62800000E-03
  2.10000000E+01  2.70000000E+01  9.71345000E-05  1.58000000E-03
  2.10000000E+01  2.90000000E+01  3.21293000E-05  1.59900000E-03
  2.10000000E+01  3.00000000E+01  3.04543000E-03  1.60400000E-03
  2.10000000E+01  4.10000000E+01  6.72480000E-06  1.62800000E-03
  2.20000000E+01  2.20000000E+01  2.30593000E-03  1.47100000E-03
  2.20000000E+01  2.40000000E+01  4.15335000E-03  1.63693000E-03
  2.20000000E+01  2.50000000E+01  3.57476000E-03  1.63700000E-03
  2.20000000E+01  2.70000000E+01  1.09095000E-04  1.58900000E-03
  2.20000000E+01  2.90000000E+01  2.75713000E-04  1.60800000E-03
  2.20000000E+01  3.00000000E+01  4.01262000E-03  1.61300000E-03
  2.20000000E+01  4.10000000E+01  7.47234000E-06  1.63700000E-03
  2.40000000E+01  2.40000000E+01  3.76601000E-04  1.80286000E-03
  2.40000000E+01  2.50000000E+01  1.05943000E-02  1.80293000E-03
  2.40000000E+01  2.70000000E+01  8.74293000E-05  1.75493000E-03
  2.40000000E+01  2.90000000E+01  1.06855000E-04  1.77393000E-03
  2.40000000E+01  3.00000000E+01  1.41080000E-03  1.77893000E-03
  2.40000000E+01  4.10000000E+01  5.97831000E-06  1.80293000E-03
  2.50000000E+01  2.50000000E+01  3.98423000E-03  1.80300000E-03
  2.50000000E+01  2.70000000E+01  1.09095000E-04  1.75500000E-03
  2.50000000E+01  2.90000000E+01  6.20199000E-04  1.77400000E-03
  2.50000000E+01  3.00000000E+01  1.64238000E-03  1.77900000E-03
  2.50000000E+01  4.10000000E+01  7.47230000E-06  1.80300000E-03
  2.70000000E+01  2.70000000E+01  1.78217000E-05  1.70700000E-03
  2.70000000E+01  2.90000000E+01  1.90092000E-05  1.72600000E-03
  2.70000000E+01  3.00000000E+01  3.26721000E-04  1.73100000E-03
  2.70000000E+01  4.10000000E+01  2.37614000E-06  1.75500000E-03
  2.90000000E+01  2.90000000E+01  1.47376000E-06  1.74500000E-03
  2.90000000E+01  3.00000000E+01  3.90541000E-04  1.75000000E-03
  2.90000000E+01  4.10000000E+01  1.47376000E-06  1.77400000E-03
  3.00000000E+01  3.00000000E+01  1.29544000E-03  1.75500000E-03
  3.00000000E+01  4.10000000E+01  7.44498000E-05  1.77900000E-03
                                                                       1
 68000  0  7  167.26     180717  2  0.0         1.0000E+50  0.0
92931 91  0.0         13.         0.0         0.0         0.0
  1.80000000E+01  2.99158000E-03  1.09100000E-03
  1.90000000E+01  3.51528000E-04  1.13300000E-03
  2.40000000E+01  7.82206000E-03  1.44993000E-03
  2.90000000E+01  6.03097000E-04  1.42100000E-03
  3.00000000E+01  7.07576000E-05  1.42600000E-03
                                                                       1
 68000  0  9  167.26     180717  2  0.0         1.0000E+50  0.0
92932 91  0.0         13.         0.0         0.0         0.0
  1.40000000E+01  2.40000000E+01  1.09113000E-01  3.79300000E-05
  1.40000000E+01  2.50000000E+01  1.52543000E-02  3.80000000E-05
  1.40000000E+01  2.90000000E+01  6.47657000E-04  9.00000000E-06
  1.40000000E+01  3.00000000E+01  1.74223000E-03  1.40000000E-05
  1.40000000E+01  4.10000000E+01  1.22566000E-04  3.80000000E-05
  1.60000000E+01  1.60000000E+01  3.86630000E-05  5.52000000E-04
  1.60000000E+01  1.80000000E+01  2.28732000E-03  6.39000000E-04
  1.60000000E+01  1.90000000E+01  1.56890000E-03  6.81000000E-04
  1.60000000E+01  2.10000000E+01  5.51099000E-02  8.23000000E-04
  1.60000000E+01  2.20000000E+01  6.66838000E-03  8.32000000E-04
  1.60000000E+01  2.40000000E+01  1.29363000E-02  9.97930000E-04
  1.60000000E+01  2.50000000E+01  4.16766000E-03  9.98000000E-04
  1.60000000E+01  2.70000000E+01  2.23840000E-05  9.50000000E-04
  1.60000000E+01  2.90000000E+01  2.27907000E-04  9.69000000E-04
  1.60000000E+01  3.00000000E+01  1.26169000E-04  9.74000000E-04
  1.60000000E+01  4.10000000E+01  2.03490000E-06  9.98000000E-04
  1.80000000E+01  1.80000000E+01  1.29018000E-03  7.26000000E-04
  1.80000000E+01  1.90000000E+01  8.28827000E-03  7.68000000E-04
  1.80000000E+01  2.10000000E+01  4.76132000E-02  9.10000000E-04
  1.80000000E+01  2.20000000E+01  3.93335000E-03  9.19000000E-04
  1.80000000E+01  2.40000000E+01  8.08026000E-03  1.08493000E-03
  1.80000000E+01  2.50000000E+01  4.16763000E-03  1.08500000E-03
  1.80000000E+01  2.70000000E+01  2.42162000E-04  1.03700000E-03
  1.80000000E+01  2.90000000E+01  2.60473000E-04  1.05600000E-03
  1.80000000E+01  3.00000000E+01  7.46809000E-04  1.06100000E-03
  1.80000000E+01  4.10000000E+01  1.62802000E-05  1.08500000E-03
  1.90000000E+01  1.90000000E+01  3.00377000E-03  8.10000000E-04
  1.90000000E+01  2.10000000E+01  1.00865000E-01  9.52000000E-04
  1.90000000E+01  2.20000000E+01  3.78092000E-03  9.61000000E-04
  1.90000000E+01  2.40000000E+01  4.71113000E-03  1.12693000E-03
  1.90000000E+01  2.50000000E+01  2.40944000E-03  1.12700000E-03
  1.90000000E+01  2.70000000E+01  1.87229000E-04  1.07900000E-03
  1.90000000E+01  2.90000000E+01  7.16320000E-04  1.09800000E-03
  1.90000000E+01  3.00000000E+01  5.20971000E-04  1.10300000E-03
  1.90000000E+01  4.10000000E+01  1.42446000E-05  1.12700000E-03
  2.10000000E+01  2.10000000E+01  8.53190000E-02  1.09400000E-03
  2.10000000E+01  2.20000000E+01  1.72465000E-01  1.10300000E-03
  2.10000000E+01  2.40000000E+01  5.06021000E-02  1.26893000E-03
  2.10000000E+01  2.50000000E+01  6.35370000E-02  1.26900000E-03
  2.10000000E+01  2.70000000E+01  7.92183000E-03  1.22100000E-03
  2.10000000E+01  2.90000000E+01  5.93785000E-03  1.24000000E-03
  2.10000000E+01  3.00000000E+01  1.16130000E-02  1.24500000E-03
  2.10000000E+01  4.10000000E+01  5.81975000E-04  1.26900000E-03
  2.20000000E+01  2.20000000E+01  2.81828000E-03  1.11200000E-03
  2.20000000E+01  2.40000000E+01  5.23151000E-02  1.27793000E-03
  2.20000000E+01  2.50000000E+01  2.93233000E-03  1.27800000E-03
  2.20000000E+01  2.70000000E+01  5.51456000E-04  1.23000000E-03
  2.20000000E+01  2.90000000E+01  3.29659000E-04  1.24900000E-03
  2.20000000E+01  3.00000000E+01  3.60185000E-04  1.25400000E-03
  2.20000000E+01  4.10000000E+01  3.86628000E-05  1.27800000E-03
  2.40000000E+01  2.40000000E+01  3.03430000E-02  1.44386000E-03
  2.40000000E+01  2.50000000E+01  9.09600000E-02  1.44393000E-03
  2.40000000E+01  2.70000000E+01  1.90059000E-03  1.39593000E-03
  2.40000000E+01  2.90000000E+01  8.32279000E-04  1.41493000E-03
  2.40000000E+01  3.00000000E+01  5.31116000E-04  1.41993000E-03
  2.40000000E+01  4.10000000E+01  1.42442000E-04  1.44393000E-03
  2.50000000E+01  2.50000000E+01  2.20166000E-03  1.44400000E-03
  2.50000000E+01  2.70000000E+01  5.20590000E-04  1.39600000E-03
  2.50000000E+01  2.90000000E+01  2.98502000E-04  1.41500000E-03
  2.50000000E+01  3.00000000E+01  2.96108000E-04  1.42000000E-03
  2.50000000E+01  4.10000000E+01  3.58206000E-05  1.44400000E-03
  2.70000000E+01  2.70000000E+01  1.66484000E-05  1.34800000E-03
  2.70000000E+01  2.90000000E+01  2.16433000E-04  1.36700000E-03
  2.70000000E+01  3.00000000E+01  1.33197000E-04  1.37200000E-03
  2.90000000E+01  2.90000000E+01  1.12060000E-04  1.38600000E-03
  2.90000000E+01  3.00000000E+01  5.44307000E-04  1.39100000E-03
  2.90000000E+01  4.10000000E+01  1.60089000E-05  1.41500000E-03
  3.00000000E+01  3.00000000E+01  7.88166000E-04  1.39600000E-03
  3.00000000E+01  4.10000000E+01  6.56799000E-05  1.42000000E-03
                                                                       1
 68000  0  7  167.26     180717  2  0.0         1.0000E+50  0.0
92931 91  0.0         14.         0.0         0.0         0.0
  1.90000000E+01  2.81361000E-03  1.08900000E-03
  2.40000000E+01  4.53181000E-04  1.40593000E-03
  2.50000000E+01  8.76233000E-03  1.40600000E-03
  3.00000000E+01  7.06932000E-04  1.38200000E-03
                                                                       1
 68000  0  9  167.26     180717  2  0.0         1.0000E+50  0.0
92932 91  0.0         14.         0.0         0.0         0.0
  1.60000000E+01  1.60000000E+01  4.54003000E-06  5.08000000E-04
  1.60000000E+01  1.80000000E+01  5.87940000E-04  5.95000000E-04
  1.60000000E+01  1.90000000E+01  4.00443000E-03  6.37000000E-04
  1.60000000E+01  2.10000000E+01  5.91792000E-03  7.79000000E-04
  1.60000000E+01  2.20000000E+01  6.57958000E-02  7.88000000E-04
  1.60000000E+01  2.40000000E+01  4.56508000E-03  9.53930000E-04
  1.60000000E+01  2.50000000E+01  1.52279000E-02  9.54000000E-04
  1.60000000E+01  2.70000000E+01  1.58895000E-05  9.06000000E-04
  1.60000000E+01  2.90000000E+01  2.95108000E-05  9.25000000E-04
  1.60000000E+01  3.00000000E+01  3.45046000E-04  9.30000000E-04
  1.60000000E+01  4.10000000E+01  2.27007000E-06  9.54000000E-04
  1.80000000E+01  1.80000000E+01  1.13508000E-05  6.82000000E-04
  1.80000000E+01  1.90000000E+01  9.82247000E-03  7.24000000E-04
  1.80000000E+01  2.10000000E+01  5.56155000E-04  8.66000000E-04
  1.80000000E+01  2.20000000E+01  6.61580000E-02  8.75000000E-04
  1.80000000E+01  2.40000000E+01  2.08395000E-03  1.04093000E-03
  1.80000000E+01  2.50000000E+01  7.51157000E-03  1.04100000E-03
  1.80000000E+01  2.70000000E+01  5.90217000E-05  9.93000000E-04
  1.80000000E+01  2.90000000E+01  4.54004000E-06  1.01200000E-03
  1.80000000E+01  3.00000000E+01  8.37670000E-04  1.01700000E-03
  1.80000000E+01  4.10000000E+01  4.54004000E-06  1.04100000E-03
  1.90000000E+01  1.90000000E+01  7.42521000E-03  7.66000000E-04
  1.90000000E+01  2.10000000E+01  6.20852000E-03  9.08000000E-04
  1.90000000E+01  2.20000000E+01  1.04744000E-01  9.17000000E-04
  1.90000000E+01  2.40000000E+01  3.01000000E-03  1.08293000E-03
  1.90000000E+01  2.50000000E+01  6.82135000E-03  1.08300000E-03
  1.90000000E+01  2.70000000E+01  4.78973000E-04  1.03500000E-03
  1.90000000E+01  2.90000000E+01  8.30818000E-04  1.05400000E-03
  1.90000000E+01  3.00000000E+01  1.30750000E-03  1.05900000E-03
  1.90000000E+01  4.10000000E+01  3.40498000E-05  1.08300000E-03
  2.10000000E+01  2.10000000E+01  1.33261000E-03  1.05000000E-03
  2.10000000E+01  2.20000000E+01  1.36854000E-01  1.05900000E-03
  2.10000000E+01  2.40000000E+01  2.69236000E-03  1.22493000E-03
  2.10000000E+01  2.50000000E+01  3.56671000E-02  1.22500000E-03
  2.10000000E+01  2.70000000E+01  4.74452000E-04  1.17700000E-03
  2.10000000E+01  2.90000000E+01  7.26424000E-05  1.19600000E-03
  2.10000000E+01  3.00000000E+01  5.35739000E-04  1.20100000E-03
  2.10000000E+01  4.10000000E+01  3.17809000E-05  1.22500000E-03
  2.20000000E+01  2.20000000E+01  1.55553000E-01  1.06800000E-03
  2.20000000E+01  2.40000000E+01  6.19568000E-02  1.23393000E-03
  2.20000000E+01  2.50000000E+01  9.36282000E-02  1.23400000E-03
  2.20000000E+01  2.70000000E+01  9.16183000E-03  1.18600000E-03
  2.20000000E+01  2.90000000E+01  7.95430000E-03  1.20500000E-03
  2.20000000E+01  3.00000000E+01  1.21552000E-02  1.21000000E-03
  2.20000000E+01  4.10000000E+01  6.71941000E-04  1.23400000E-03
  2.40000000E+01  2.40000000E+01  2.64230000E-03  1.39986000E-03
  2.40000000E+01  2.50000000E+01  8.70959000E-02  1.39993000E-03
  2.40000000E+01  2.70000000E+01  5.15296000E-04  1.35193000E-03
  2.40000000E+01  2.90000000E+01  2.31537000E-04  1.37093000E-03
  2.40000000E+01  3.00000000E+01  2.67873000E-04  1.37593000E-03
  2.40000000E+01  4.10000000E+01  3.63208000E-05  1.39993000E-03
  2.50000000E+01  2.50000000E+01  5.74892000E-02  1.40000000E-03
  2.50000000E+01  2.70000000E+01  2.16557000E-03  1.35200000E-03
  2.50000000E+01  2.90000000E+01  8.92141000E-04  1.37100000E-03
  2.50000000E+01  3.00000000E+01  7.15065000E-04  1.37600000E-03
  2.50000000E+01  4.10000000E+01  1.61169000E-04  1.40000000E-03
  2.70000000E+01  2.70000000E+01  2.83832000E-05  1.30400000E-03
  2.70000000E+01  2.90000000E+01  2.83832000E-05  1.32300000E-03
  2.70000000E+01  3.00000000E+01  5.39275000E-04  1.32800000E-03
  2.90000000E+01  3.00000000E+01  5.19122000E-04  1.34700000E-03
  3.00000000E+01  3.00000000E+01  7.59607000E-04  1.35200000E-03
  3.00000000E+01  4.10000000E+01  2.92158000E-05  1.37600000E-03
                                                                       1
 68000  0  7  167.26     180717  2  0.0         1.0000E+50  0.0
92931 91  0.0         16.         0.0         0.0         0.0
  1.80000000E+01  1.71801000E-05  8.70000000E-05
  1.90000000E+01  1.32410000E-04  1.29000000E-04
  2.90000000E+01  6.32577000E-05  4.17000000E-04
  3.00000000E+01  4.29763000E-05  4.22000000E-04
                                                                       1
 68000  0  9  167.26     180717  2  0.0         1.0000E+50  0.0
92932 91  0.0         16.         0.0         0.0         0.0
  1.80000000E+01  2.40000000E+01  2.91785000E-02  8.09300000E-05
  1.80000000E+01  2.50000000E+01  4.15322000E-02  8.10000000E-05
  1.80000000E+01  2.70000000E+01  3.82592000E-02  3.30000000E-05
  1.80000000E+01  2.90000000E+01  3.06668000E-02  5.20000000E-05
  1.80000000E+01  3.00000000E+01  5.88908000E-02  5.70000000E-05
  1.80000000E+01  4.10000000E+01  2.72839000E-03  8.10000000E-05
  1.90000000E+01  2.40000000E+01  1.35610000E-01  1.22930000E-04
  1.90000000E+01  2.50000000E+01  1.64246000E-01  1.23000000E-04
  1.90000000E+01  2.70000000E+01  4.67338000E-02  7.50000000E-05
  1.90000000E+01  2.90000000E+01  4.77576000E-02  9.40000000E-05
  1.90000000E+01  3.00000000E+01  5.84162000E-02  9.90000000E-05
  1.90000000E+01  4.10000000E+01  3.36977000E-03  1.23000000E-04
  2.10000000E+01  2.10000000E+01  3.92407000E-03  9.00000000E-05
  2.10000000E+01  2.20000000E+01  1.62755000E-02  9.90000000E-05
  2.10000000E+01  2.40000000E+01  4.74385000E-03  2.64930000E-04
  2.10000000E+01  2.50000000E+01  1.10645000E-02  2.65000000E-04
  2.10000000E+01  2.70000000E+01  1.58501000E-02  2.17000000E-04
  2.10000000E+01  2.90000000E+01  3.31182000E-03  2.36000000E-04
  2.10000000E+01  3.00000000E+01  8.67783000E-03  2.41000000E-04
  2.10000000E+01  4.10000000E+01  9.62300000E-04  2.65000000E-04
  2.20000000E+01  2.20000000E+01  9.24757000E-03  1.08000000E-04
  2.20000000E+01  2.40000000E+01  1.26840000E-02  2.73930000E-04
  2.20000000E+01  2.50000000E+01  1.11716000E-02  2.74000000E-04
  2.20000000E+01  2.70000000E+01  2.28605000E-02  2.26000000E-04
  2.20000000E+01  2.90000000E+01  8.65354000E-03  2.45000000E-04
  2.20000000E+01  3.00000000E+01  8.26160000E-03  2.50000000E-04
  2.20000000E+01  4.10000000E+01  1.38239000E-03  2.74000000E-04
  2.40000000E+01  2.40000000E+01  4.05665000E-03  4.39860000E-04
  2.40000000E+01  2.50000000E+01  9.76462000E-03  4.39930000E-04
  2.40000000E+01  2.70000000E+01  1.21686000E-02  3.91930000E-04
  2.40000000E+01  2.90000000E+01  1.44740000E-03  4.10930000E-04
  2.40000000E+01  3.00000000E+01  3.71421000E-03  4.15930000E-04
  2.40000000E+01  4.10000000E+01  6.78394000E-04  4.39930000E-04
  2.50000000E+01  2.50000000E+01  6.79833000E-03  4.40000000E-04
  2.50000000E+01  2.70000000E+01  1.56783000E-02  3.92000000E-04
  2.50000000E+01  2.90000000E+01  9.15876000E-04  4.11000000E-04
  2.50000000E+01  3.00000000E+01  4.63063000E-03  4.16000000E-04
  2.50000000E+01  4.10000000E+01  8.72724000E-04  4.40000000E-04
  2.70000000E+01  2.70000000E+01  2.15477000E-02  3.44000000E-04
  2.70000000E+01  2.90000000E+01  2.61315000E-02  3.63000000E-04
  2.70000000E+01  3.00000000E+01  4.36247000E-02  3.68000000E-04
  2.70000000E+01  4.10000000E+01  2.81579000E-03  3.92000000E-04
  2.90000000E+01  2.90000000E+01  4.58792000E-03  3.82000000E-04
  2.90000000E+01  3.00000000E+01  1.90599000E-02  3.87000000E-04
  2.90000000E+01  4.10000000E+01  3.39999000E-03  4.11000000E-04
  3.00000000E+01  3.00000000E+01  1.53849000E-02  3.92000000E-04
  3.00000000E+01  4.10000000E+01  6.00575000E-03  4.16000000E-04
                                                                       1
 68000  0  7  167.26     180717  2  0.0         1.0000E+50  0.0
92931 91  0.0         18.         0.0         0.0         0.0
  2.10000000E+01  4.40597000E-04  1.84000000E-04
  2.70000000E+01  1.00463000E-04  3.11000000E-04
                                                                       1
 68000  0  9  167.26     180717  2  0.0         1.0000E+50  0.0
92932 91  0.0         18.         0.0         0.0         0.0
  1.90000000E+01  2.40000000E+01  6.30282000E-02  3.59300000E-05
  1.90000000E+01  2.50000000E+01  4.81784000E-02  3.60000000E-05
  1.90000000E+01  2.90000000E+01  1.02837000E-02  7.00000000E-06
  1.90000000E+01  3.00000000E+01  9.71210000E-03  1.20000000E-05
  1.90000000E+01  4.10000000E+01  1.04853000E-03  3.60000000E-05
  2.10000000E+01  2.10000000E+01  1.82720000E-02  3.00000000E-06
  2.10000000E+01  2.20000000E+01  2.44069000E-01  1.20000000E-05
  2.10000000E+01  2.40000000E+01  1.02258000E-01  1.77930000E-04
  2.10000000E+01  2.50000000E+01  2.12841000E-01  1.78000000E-04
  2.10000000E+01  2.70000000E+01  2.52267000E-02  1.30000000E-04
  2.10000000E+01  2.90000000E+01  1.77035000E-02  1.49000000E-04
  2.10000000E+01  3.00000000E+01  3.00455000E-02  1.54000000E-04
  2.10000000E+01  4.10000000E+01  1.84856000E-03  1.78000000E-04
  2.20000000E+01  2.20000000E+01  1.58146000E-02  2.10000000E-05
  2.20000000E+01  2.40000000E+01  3.37021000E-02  1.86930000E-04
  2.20000000E+01  2.50000000E+01  8.84665000E-03  1.87000000E-04
  2.20000000E+01  2.70000000E+01  5.30841000E-03  1.39000000E-04
  2.20000000E+01  2.90000000E+01  2.18998000E-02  1.58000000E-04
  2.20000000E+01  3.00000000E+01  4.51766000E-03  1.63000000E-04
  2.20000000E+01  4.10000000E+01  3.41356000E-04  1.87000000E-04
  2.40000000E+01  2.40000000E+01  2.30560000E-03  3.52860000E-04
  2.40000000E+01  2.50000000E+01  1.63059000E-02  3.52930000E-04
  2.40000000E+01  2.70000000E+01  3.13223000E-03  3.04930000E-04
  2.40000000E+01  2.90000000E+01  1.19122000E-02  3.23930000E-04
  2.40000000E+01  3.00000000E+01  3.53553000E-03  3.28930000E-04
  2.40000000E+01  4.10000000E+01  2.25811000E-04  3.52930000E-04
  2.50000000E+01  2.50000000E+01  8.14691000E-04  3.53000000E-04
  2.50000000E+01  2.70000000E+01  2.12891000E-03  3.05000000E-04
  2.50000000E+01  2.90000000E+01  2.45825000E-02  3.24000000E-04
  2.50000000E+01  3.00000000E+01  1.71704000E-03  3.29000000E-04
  2.50000000E+01  4.10000000E+01  1.31054000E-04  3.53000000E-04
  2.70000000E+01  2.70000000E+01  3.75576000E-04  2.57000000E-04
  2.70000000E+01  2.90000000E+01  5.78461000E-03  2.76000000E-04
  2.70000000E+01  3.00000000E+01  9.37615000E-04  2.81000000E-04
  2.70000000E+01  4.10000000E+01  4.79464000E-05  3.05000000E-04
  2.90000000E+01  2.90000000E+01  1.24174000E-02  2.95000000E-04
  2.90000000E+01  3.00000000E+01  3.41548000E-02  3.00000000E-04
  2.90000000E+01  4.10000000E+01  1.66012000E-03  3.24000000E-04
  3.00000000E+01  3.00000000E+01  2.00782000E-03  3.05000000E-04
  3.00000000E+01  4.10000000E+01  3.35494000E-04  3.29000000E-04
                                                                       1
 68000  0  7  167.26     180717  2  0.0         1.0000E+50  0.0
92931 91  0.0         19.         0.0         0.0         0.0
  2.10000000E+01  1.12662000E-05  1.42000000E-04
  2.20000000E+01  1.24250000E-04  1.51000000E-04
  2.70000000E+01  5.83311000E-05  2.69000000E-04
                                                                       1
 68000  0  9  167.26     180717  2  0.0         1.0000E+50  0.0
92932 91  0.0         19.         0.0         0.0         0.0
  2.10000000E+01  2.40000000E+01  1.94083000E-02  1.35930000E-04
  2.10000000E+01  2.50000000E+01  5.60045000E-02  1.36000000E-04
  2.10000000E+01  2.70000000E+01  1.25387000E-02  8.80000000E-05
  2.10000000E+01  2.90000000E+01  9.32035000E-03  1.07000000E-04
  2.10000000E+01  3.00000000E+01  3.44845000E-02  1.12000000E-04
  2.10000000E+01  4.10000000E+01  8.92746000E-04  1.36000000E-04
  2.20000000E+01  2.40000000E+01  2.55756000E-01  1.44930000E-04
  2.20000000E+01  2.50000000E+01  2.65937000E-01  1.45000000E-04
  2.20000000E+01  2.70000000E+01  6.48440000E-02  9.70000000E-05
  2.20000000E+01  2.90000000E+01  6.27071000E-02  1.16000000E-04
  2.20000000E+01  3.00000000E+01  8.93275000E-02  1.21000000E-04
  2.20000000E+01  4.10000000E+01  4.77305000E-03  1.45000000E-04
  2.40000000E+01  2.40000000E+01  6.47608000E-04  3.10860000E-04
  2.40000000E+01  2.50000000E+01  1.86027000E-02  3.10930000E-04
  2.40000000E+01  2.70000000E+01  4.06462000E-03  2.62930000E-04
  2.40000000E+01  2.90000000E+01  1.73725000E-03  2.81930000E-04
  2.40000000E+01  3.00000000E+01  2.49595000E-02  2.86930000E-04
  2.40000000E+01  4.10000000E+01  2.29950000E-04  3.10930000E-04
  2.50000000E+01  2.50000000E+01  7.41895000E-03  3.11000000E-04
  2.50000000E+01  2.70000000E+01  8.53715000E-03  2.63000000E-04
  2.50000000E+01  2.90000000E+01  6.86164000E-03  2.82000000E-04
  2.50000000E+01  3.00000000E+01  3.00211000E-02  2.87000000E-04
  2.50000000E+01  4.10000000E+01  5.32802000E-04  3.11000000E-04
  2.70000000E+01  2.70000000E+01  1.67682000E-05  2.15000000E-04
  2.70000000E+01  2.90000000E+01  2.91138000E-04  2.34000000E-04
  2.70000000E+01  3.00000000E+01  5.54280000E-03  2.39000000E-04
  2.70000000E+01  4.10000000E+01  3.04874000E-06  2.63000000E-04
  2.90000000E+01  2.90000000E+01  2.48334000E-05  2.53000000E-04
  2.90000000E+01  3.00000000E+01  3.38392000E-03  2.58000000E-04
  2.90000000E+01  4.10000000E+01  1.19202000E-05  2.82000000E-04
  3.00000000E+01  3.00000000E+01  1.02958000E-02  2.63000000E-04
  3.00000000E+01  4.10000000E+01  6.29091000E-04  2.87000000E-04
                                                                       1
 68000  0  7  167.26     180717  2  0.0         1.0000E+50  0.0
92931 91  0.0         21.         0.0         0.0         0.0
  2.40000000E+01  3.35747000E-05  1.74930000E-04
  2.90000000E+01  1.31398000E-05  1.46000000E-04
  3.00000000E+01  2.01667000E-06  1.51000000E-04
                                                                       1
 68000  0  9  167.26     180717  2  0.0         1.0000E+50  0.0
92932 91  0.0         21.         0.0         0.0         0.0
  2.20000000E+01  2.40000000E+01  4.02474000E-02  2.93000000E-06
  2.20000000E+01  2.50000000E+01  3.54957000E-03  3.00000000E-06
  2.20000000E+01  4.10000000E+01  1.14189000E-04  3.00000000E-06
  2.40000000E+01  2.40000000E+01  1.63495000E-01  1.68860000E-04
  2.40000000E+01  2.50000000E+01  5.20931000E-01  1.68930000E-04
  2.40000000E+01  2.70000000E+01  6.27278000E-02  1.20930000E-04
  2.40000000E+01  2.90000000E+01  5.09136000E-02  1.39930000E-04
  2.40000000E+01  3.00000000E+01  7.74739000E-02  1.44930000E-04
  2.40000000E+01  4.10000000E+01  4.66242000E-03  1.68930000E-04
  2.50000000E+01  2.50000000E+01  4.82817000E-03  1.69000000E-04
  2.50000000E+01  2.70000000E+01  5.50385000E-03  1.21000000E-04
  2.50000000E+01  2.90000000E+01  1.41103000E-02  1.40000000E-04
  2.50000000E+01  3.00000000E+01  4.63967000E-03  1.45000000E-04
  2.50000000E+01  4.10000000E+01  3.47149000E-04  1.69000000E-04
  2.70000000E+01  2.70000000E+01  3.31357000E-03  7.30000000E-05
  2.70000000E+01  2.90000000E+01  3.19110000E-03  9.20000000E-05
  2.70000000E+01  3.00000000E+01  3.68360000E-03  9.70000000E-05
  2.70000000E+01  4.10000000E+01  2.75779000E-04  1.21000000E-04
  2.90000000E+01  2.90000000E+01  6.02141000E-03  1.11000000E-04
  2.90000000E+01  3.00000000E+01  1.81882000E-02  1.16000000E-04
  2.90000000E+01  4.10000000E+01  7.25515000E-04  1.40000000E-04
  3.00000000E+01  3.00000000E+01  1.01644000E-02  1.21000000E-04
  3.00000000E+01  4.10000000E+01  8.43673000E-04  1.45000000E-04
                                                                       1
 68000  0  7  167.26     180717  2  0.0         1.0000E+50  0.0
92931 91  0.0         22.         0.0         0.0         0.0
  2.40000000E+01  1.66869000E-06  1.65930000E-04
  2.50000000E+01  3.41427000E-05  1.66000000E-04
  3.00000000E+01  1.35709000E-05  1.42000000E-04
                                                                       1
 68000  0  9  167.26     180717  2  0.0         1.0000E+50  0.0
92932 91  0.0         22.         0.0         0.0         0.0
  2.40000000E+01  2.40000000E+01  1.10069000E-02  1.59860000E-04
  2.40000000E+01  2.50000000E+01  4.24013000E-01  1.59930000E-04
  2.40000000E+01  2.70000000E+01  9.24882000E-03  1.11930000E-04
  2.40000000E+01  2.90000000E+01  5.08469000E-03  1.30930000E-04
  2.40000000E+01  3.00000000E+01  1.67993000E-02  1.35930000E-04
  2.40000000E+01  4.10000000E+01  6.24059000E-04  1.59930000E-04
  2.50000000E+01  2.50000000E+01  2.96912000E-01  1.60000000E-04
  2.50000000E+01  2.70000000E+01  6.86303000E-02  1.12000000E-04
  2.50000000E+01  2.90000000E+01  6.64500000E-02  1.31000000E-04
  2.50000000E+01  3.00000000E+01  8.22272000E-02  1.36000000E-04
  2.50000000E+01  4.10000000E+01  5.10629000E-03  1.60000000E-04
  2.70000000E+01  2.70000000E+01  3.08322000E-03  6.40000000E-05
  2.70000000E+01  2.90000000E+01  1.63162000E-03  8.30000000E-05
  2.70000000E+01  3.00000000E+01  4.13390000E-03  8.80000000E-05
  2.70000000E+01  4.10000000E+01  2.51287000E-04  1.12000000E-04
  2.90000000E+01  2.90000000E+01  3.02761000E-04  1.02000000E-04
  2.90000000E+01  3.00000000E+01  2.74399000E-03  1.07000000E-04
  2.90000000E+01  4.10000000E+01  6.34217000E-05  1.31000000E-04
  3.00000000E+01  3.00000000E+01  1.48682000E-03  1.12000000E-04
  3.00000000E+01  4.10000000E+01  1.51372000E-04  1.36000000E-04
                                                                       1
 68000  0  7  167.26     180717  2  0.0         1.0000E+50  0.0
92931 91  0.0         27.         0.0         0.0         0.0
  2.90000000E+01  1.38000000E-07  1.90000000E-05
  3.00000000E+01  5.57151000E-07  2.40000000E-05
                                                                       1
 68000  0  9  167.26     180717  2  0.0         1.0000E+50  0.0
92932 91  0.0         27.         0.0         0.0         0.0
  2.90000000E+01  4.10000000E+01  4.15331000E-01  1.30000000E-05
  3.00000000E+01  4.10000000E+01  5.77051000E-01  1.80000000E-05
  4.10000000E+01  4.10000000E+01  7.61811000E-03  4.20000000E-05
                                                                       1
