1.000E-02 1.975E+01 3.897E-03 
1.250E-02 1.663E+01 3.921E-03 
1.500E-02 1.444E+01 3.937E-03 
1.750E-02 1.282E+01 3.946E-03 
2.000E-02 1.157E+01 3.954E-03 
2.500E-02 9.753E+00 3.966E-03 
3.000E-02 8.491E+00 3.976E-03 
3.500E-02 7.562E+00 3.986E-03 
4.000E-02 6.848E+00 3.998E-03 
4.500E-02 6.280E+00 4.011E-03 
5.000E-02 5.818E+00 4.025E-03 
5.500E-02 5.434E+00 4.040E-03 
6.000E-02 5.110E+00 4.057E-03 
7.000E-02 4.593E+00 4.093E-03 
8.000E-02 4.197E+00 4.133E-03 
9.000E-02 3.885E+00 4.175E-03 
1.000E-01 3.633E+00 4.222E-03 
1.250E-01 3.172E+00 4.348E-03 
1.500E-01 2.861E+00 4.485E-03 
1.750E-01 2.637E+00 4.633E-03 
2.000E-01 2.469E+00 4.789E-03 
2.500E-01 2.236E+00 5.126E-03 
3.000E-01 2.084E+00 5.495E-03 
3.500E-01 1.978E+00 5.890E-03 
4.000E-01 1.902E+00 6.311E-03 
4.500E-01 1.845E+00 6.757E-03 
5.000E-01 1.802E+00 7.223E-03 
5.500E-01 1.769E+00 7.708E-03 
6.000E-01 1.743E+00 8.210E-03 
7.000E-01 1.706E+00 9.258E-03 
8.000E-01 1.683E+00 1.036E-02 
9.000E-01 1.669E+00 1.151E-02 
1.000E+00 1.661E+00 1.271E-02 
1.250E+00 1.655E+00 1.588E-02 
1.500E+00 1.661E+00 1.927E-02 
1.750E+00 1.671E+00 2.284E-02 
2.000E+00 1.684E+00 2.656E-02 
2.500E+00 1.712E+00 3.437E-02 
3.000E+00 1.740E+00 4.260E-02 
3.500E+00 1.766E+00 5.115E-02 
4.000E+00 1.790E+00 5.999E-02 
4.500E+00 1.812E+00 6.908E-02 
5.000E+00 1.833E+00 7.838E-02 
5.500E+00 1.852E+00 8.787E-02 
6.000E+00 1.870E+00 9.754E-02 
7.000E+00 1.902E+00 1.173E-01 
8.000E+00 1.931E+00 1.376E-01 
9.000E+00 1.956E+00 1.584E-01 
1.000E+01 1.979E+00 1.795E-01 
1.250E+01 2.029E+00 2.337E-01 
1.500E+01 2.069E+00 2.895E-01 
1.750E+01 2.104E+00 3.464E-01 
2.000E+01 2.134E+00 4.042E-01 
2.500E+01 2.185E+00 5.219E-01 
3.000E+01 2.226E+00 6.417E-01 
3.500E+01 2.257E+00 7.630E-01 
4.000E+01 2.282E+00 8.855E-01 
4.500E+01 2.302E+00 1.009E+00 
5.000E+01 2.319E+00 1.133E+00 
5.500E+01 2.334E+00 1.258E+00 
6.000E+01 2.347E+00 1.384E+00 
7.000E+01 2.369E+00 1.637E+00 
8.000E+01 2.387E+00 1.892E+00 
9.000E+01 2.403E+00 2.148E+00 
1.000E+02 2.417E+00 2.405E+00 
1.250E+02 2.445E+00 3.053E+00 
1.500E+02 2.468E+00 3.705E+00 
1.750E+02 2.486E+00 4.360E+00 
2.000E+02 2.502E+00 5.018E+00 
2.500E+02 2.529E+00 6.340E+00 
3.000E+02 2.550E+00 7.667E+00 
3.500E+02 2.567E+00 8.998E+00 
4.000E+02 2.582E+00 1.033E+01 
4.500E+02 2.595E+00 1.167E+01 
5.000E+02 2.606E+00 1.301E+01 
5.500E+02 2.616E+00 1.435E+01 
6.000E+02 2.625E+00 1.569E+01 
7.000E+02 2.641E+00 1.838E+01 
8.000E+02 2.653E+00 2.107E+01 
9.000E+02 2.664E+00 2.376E+01 
1.000E+03 2.674E+00 2.646E+01 
