1.655812e+00  1.655813e+00  1.655814e+00  1.655815e+00  1.655816e+00  1.655819e+00  
1.655823e+00  1.655829e+00  1.655839e+00  1.655854e+00  1.655879e+00  1.655918e+00  
1.655980e+00  1.656079e+00  1.656235e+00  1.656482e+00  1.656874e+00  1.657495e+00  
1.658481e+00  1.660042e+00  1.662517e+00  1.666438e+00  1.672653e+00  1.682499e+00  
1.698086e+00  1.722715e+00  1.761500e+00  1.813401e+00  1.864284e+00  1.913871e+00  
1.961964e+00  2.008420e+00  2.053250e+00  2.096271e+00  2.137419e+00  2.176990e+00  
2.215870e+00  2.254850e+00  2.293910e+00  2.333170e+00  2.372400e+00  2.410320e+00  
2.445390e+00  2.462600e+00  2.482990e+00  2.503530e+00  2.528980e+00  2.536020e+00  
2.541430e+00  2.542040e+00  2.542660e+00  2.542750e+00  2.542790e+00  2.543260e+00  
2.139350e+00  2.139351e+00  2.139352e+00  2.139353e+00  2.139355e+00  2.139357e+00  
2.139361e+00  2.139368e+00  2.139378e+00  2.139395e+00  2.139421e+00  2.139462e+00  
2.139528e+00  2.139632e+00  2.139797e+00  2.140058e+00  2.140472e+00  2.141129e+00  
2.142169e+00  2.143818e+00  2.146432e+00  2.150573e+00  2.157137e+00  2.167537e+00  
2.184001e+00  2.210017e+00  2.250977e+00  2.305745e+00  2.359368e+00  2.411483e+00  
2.461699e+00  2.509657e+00  2.555034e+00  2.597628e+00  2.637478e+00  2.675220e+00  
2.712290e+00  2.750020e+00  2.788520e+00  2.827890e+00  2.868660e+00  2.912650e+00  
2.961060e+00  2.985290e+00  3.005870e+00  3.018830e+00  3.037180e+00  3.043900e+00  
3.047130e+00  3.047300e+00  3.047810e+00  3.047820e+00  3.047990e+00  3.051010e+00  
2.541041e+00  2.541042e+00  2.541043e+00  2.541044e+00  2.541046e+00  2.541049e+00  
2.541054e+00  2.541062e+00  2.541074e+00  2.541094e+00  2.541125e+00  2.541173e+00  
2.541251e+00  2.541373e+00  2.541568e+00  2.541876e+00  2.542364e+00  2.543138e+00  
2.544364e+00  2.546309e+00  2.549389e+00  2.554270e+00  2.561997e+00  2.574202e+00  
2.593380e+00  2.623125e+00  2.668415e+00  2.726349e+00  2.780034e+00  2.829395e+00  
2.874704e+00  2.916782e+00  2.956856e+00  2.995158e+00  3.031778e+00  3.067220e+00  
3.102480e+00  3.138540e+00  3.175720e+00  3.214560e+00  3.255610e+00  3.298920e+00  
3.343740e+00  3.365860e+00  3.386520e+00  3.401210e+00  3.416130e+00  3.420190e+00  
3.423200e+00  3.423530e+00  3.423830e+00  3.423840e+00  3.423840e+00  3.426370e+00  
3.191068e+00  3.191070e+00  3.191071e+00  3.191072e+00  3.191074e+00  3.191078e+00  
3.191084e+00  3.191093e+00  3.191108e+00  3.191132e+00  3.191169e+00  3.191228e+00  
3.191321e+00  3.191470e+00  3.191706e+00  3.192080e+00  3.192672e+00  3.193611e+00  
3.195099e+00  3.197457e+00  3.201192e+00  3.207109e+00  3.216465e+00  3.231201e+00  
3.254181e+00  3.289130e+00  3.340390e+00  3.402409e+00  3.455464e+00  3.499847e+00  
3.536498e+00  3.567573e+00  3.595958e+00  3.622458e+00  3.647353e+00  3.671520e+00  
3.696380e+00  3.723140e+00  3.751910e+00  3.782360e+00  3.814470e+00  3.849590e+00  
3.888730e+00  3.908790e+00  3.926610e+00  3.938180e+00  3.950260e+00  3.953270e+00  
3.955440e+00  3.955690e+00  3.955920e+00  3.955950e+00  3.956010e+00  3.955310e+00  
3.703195e+00  3.703197e+00  3.703198e+00  3.703200e+00  3.703203e+00  3.703208e+00  
3.703215e+00  3.703227e+00  3.703245e+00  3.703274e+00  3.703321e+00  3.703395e+00  
3.703511e+00  3.703695e+00  3.703988e+00  3.704453e+00  3.705189e+00  3.706355e+00  
3.708204e+00  3.711134e+00  3.715774e+00  3.723117e+00  3.734700e+00  3.752840e+00  
3.780697e+00  3.821366e+00  3.876487e+00  3.936430e+00  3.981987e+00  4.017157e+00  
4.043880e+00  4.064698e+00  4.083009e+00  4.099448e+00  4.113781e+00  4.126560e+00  
4.139190e+00  4.153090e+00  4.168870e+00  4.187420e+00  4.209690e+00  4.235860e+00  
4.264870e+00  4.279440e+00  4.293460e+00  4.303710e+00  4.312980e+00  4.315280e+00  
4.317100e+00  4.317300e+00  4.317460e+00  4.317540e+00  4.317550e+00  4.314230e+00  
4.129655e+00  4.129657e+00  4.129658e+00  4.129660e+00  4.129663e+00  4.129668e+00  
4.129675e+00  4.129687e+00  4.129705e+00  4.129735e+00  4.129781e+00  4.129856e+00  
4.129973e+00  4.130158e+00  4.130452e+00  4.130919e+00  4.131659e+00  4.132831e+00  
4.134688e+00  4.137633e+00  4.142298e+00  4.149683e+00  4.161342e+00  4.179634e+00  
4.207851e+00  4.249544e+00  4.307197e+00  4.370485e+00  4.416398e+00  4.445968e+00  
4.461730e+00  4.468368e+00  4.471961e+00  4.474146e+00  4.475353e+00  4.476540e+00  
4.479050e+00  4.483900e+00  4.491010e+00  4.499560e+00  4.509180e+00  4.521860e+00  
4.539970e+00  4.550890e+00  4.561210e+00  4.568310e+00  4.575350e+00  4.577180e+00  
4.578590e+00  4.578720e+00  4.578840e+00  4.578900e+00  4.578940e+00  4.573960e+00  
4.489331e+00  4.489333e+00  4.489334e+00  4.489336e+00  4.489339e+00  4.489344e+00  
4.489352e+00  4.489365e+00  4.489384e+00  4.489416e+00  4.489465e+00  4.489543e+00  
4.489667e+00  4.489864e+00  4.490175e+00  4.490669e+00  4.491452e+00  4.492694e+00  
4.494660e+00  4.497778e+00  4.502718e+00  4.510536e+00  4.522873e+00  4.542197e+00  
4.571883e+00  4.615240e+00  4.673738e+00  4.735180e+00  4.775911e+00  4.797306e+00  
4.802615e+00  4.797570e+00  4.789503e+00  4.780421e+00  4.770758e+00  4.761460e+00  
4.753750e+00  4.748480e+00  4.745450e+00  4.743540e+00  4.742200e+00  4.743730e+00  
4.751190e+00  4.757310e+00  4.763550e+00  4.768080e+00  4.772580e+00  4.773810e+00  
4.774820e+00  4.774880e+00  4.774950e+00  4.775030e+00  4.775070e+00  4.769360e+00  
5.072813e+00  5.072815e+00  5.072817e+00  5.072819e+00  5.072822e+00  5.072827e+00  
5.072835e+00  5.072848e+00  5.072869e+00  5.072901e+00  5.072952e+00  5.073034e+00  
5.073164e+00  5.073370e+00  5.073697e+00  5.074214e+00  5.075034e+00  5.076335e+00  
5.078395e+00  5.081663e+00  5.086840e+00  5.095033e+00  5.107950e+00  5.128127e+00  
5.158891e+00  5.202893e+00  5.259571e+00  5.313908e+00  5.342412e+00  5.347165e+00  
5.332569e+00  5.306072e+00  5.277018e+00  5.247868e+00  5.219094e+00  5.191460e+00  
5.165990e+00  5.143080e+00  5.122200e+00  5.101660e+00  5.080510e+00  5.061930e+00  
5.050350e+00  5.047710e+00  5.045780e+00  5.044450e+00  5.043500e+00  5.043440e+00  
5.043410e+00  5.043360e+00  5.043330e+00  5.043390e+00  5.043400e+00  5.038440e+00  
5.532974e+00  5.532976e+00  5.532977e+00  5.532980e+00  5.532983e+00  5.532988e+00  
5.532996e+00  5.533009e+00  5.533029e+00  5.533061e+00  5.533113e+00  5.533194e+00  
5.533321e+00  5.533525e+00  5.533848e+00  5.534358e+00  5.535169e+00  5.536454e+00  
5.538490e+00  5.541721e+00  5.546839e+00  5.554938e+00  5.567697e+00  5.587575e+00  
5.617656e+00  5.659774e+00  5.711359e+00  5.755481e+00  5.770223e+00  5.758338e+00  
5.725130e+00  5.679402e+00  5.631914e+00  5.585439e+00  5.540460e+00  5.497570e+00  
5.457440e+00  5.419970e+00  5.384330e+00  5.348190e+00  5.310260e+00  5.274710e+00  
5.247200e+00  5.237010e+00  5.227340e+00  5.219820e+00  5.213420e+00  5.212010e+00  
5.210850e+00  5.210690e+00  5.210560e+00  5.210570e+00  5.210570e+00  5.207890e+00  
6.374137e+00  6.374139e+00  6.374140e+00  6.374142e+00  6.374144e+00  6.374149e+00  
6.374155e+00  6.374166e+00  6.374183e+00  6.374210e+00  6.374252e+00  6.374319e+00  
6.374426e+00  6.374595e+00  6.374863e+00  6.375289e+00  6.375963e+00  6.377033e+00  
6.378731e+00  6.381427e+00  6.385700e+00  6.392463e+00  6.403090e+00  6.419503e+00  
6.443723e+00  6.475191e+00  6.506461e+00  6.518010e+00  6.495244e+00  6.442314e+00  
6.366353e+00  6.278531e+00  6.192063e+00  6.109994e+00  6.033009e+00  5.960882e+00  
5.893360e+00  5.829120e+00  5.766600e+00  5.702140e+00  5.633630e+00  5.566920e+00  
5.509530e+00  5.484410e+00  5.458250e+00  5.436660e+00  5.418870e+00  5.414630e+00  
5.410940e+00  5.410510e+00  5.410180e+00  5.410100e+00  5.410100e+00  5.414260e+00  
6.949576e+00  6.949578e+00  6.949580e+00  6.949582e+00  6.949585e+00  6.949590e+00  
6.949598e+00  6.949612e+00  6.949631e+00  6.949664e+00  6.949716e+00  6.949799e+00  
6.949930e+00  6.950136e+00  6.950464e+00  6.950985e+00  6.951811e+00  6.953122e+00  
6.955203e+00  6.958506e+00  6.963740e+00  6.971999e+00  6.984870e+00  7.004299e+00  
7.031154e+00  7.058631e+00  7.063931e+00  7.018871e+00  6.933317e+00  6.831458e+00  
6.721075e+00  6.608188e+00  6.499594e+00  6.396400e+00  6.298398e+00  6.204407e+00  
6.114170e+00  6.026560e+00  5.941030e+00  5.856320e+00  5.772040e+00  5.691470e+00  
5.614100e+00  5.573770e+00  5.533810e+00  5.503950e+00  5.477460e+00  5.470740e+00  
5.465370e+00  5.464800e+00  5.464340e+00  5.464110e+00  5.464080e+00  5.474080e+00  
7.785429e+00  7.785429e+00  7.785429e+00  7.785429e+00  7.785429e+00  7.785428e+00  
7.785428e+00  7.785427e+00  7.785425e+00  7.785423e+00  7.785421e+00  7.785417e+00  
7.785409e+00  7.785397e+00  7.785381e+00  7.785354e+00  7.785313e+00  7.785254e+00  
7.785168e+00  7.785045e+00  7.784869e+00  7.784595e+00  7.784048e+00  7.782584e+00  
7.777901e+00  7.761787e+00  7.713930e+00  7.614825e+00  7.479829e+00  7.316268e+00  
7.134859e+00  6.950547e+00  6.779165e+00  6.624789e+00  6.487063e+00  6.363605e+00  
6.251170e+00  6.145770e+00  6.044430e+00  5.941260e+00  5.832110e+00  5.722560e+00  
5.618970e+00  5.567970e+00  5.511960e+00  5.464820e+00  5.428960e+00  5.420170e+00  
5.412140e+00  5.411300e+00  5.410700e+00  5.410380e+00  5.410390e+00  5.425900e+00  
8.350353e+00  8.350351e+00  8.350351e+00  8.350348e+00  8.350346e+00  8.350342e+00  
8.350337e+00  8.350328e+00  8.350313e+00  8.350291e+00  8.350254e+00  8.350197e+00  
8.350106e+00  8.349962e+00  8.349735e+00  8.349376e+00  8.348812e+00  8.347924e+00  
8.346529e+00  8.344342e+00  8.340908e+00  8.335478e+00  8.326745e+00  8.312231e+00  
8.286738e+00  8.237557e+00  8.137807e+00  7.970863e+00  7.771933e+00  7.549526e+00  
7.315199e+00  7.084502e+00  6.873420e+00  6.685633e+00  6.520428e+00  6.374024e+00  
6.241660e+00  6.118510e+00  6.001210e+00  5.883700e+00  5.761390e+00  5.638360e+00  
5.519220e+00  5.459720e+00  5.395350e+00  5.341870e+00  5.299490e+00  5.289070e+00  
5.279770e+00  5.278770e+00  5.278030e+00  5.277710e+00  5.277700e+00  5.291540e+00  
8.778523e+00  8.778520e+00  8.778518e+00  8.778516e+00  8.778511e+00  8.778504e+00  
8.778494e+00  8.778475e+00  8.778448e+00  8.778405e+00  8.778335e+00  8.778226e+00  
8.778053e+00  8.777778e+00  8.777345e+00  8.776660e+00  8.775580e+00  8.773878e+00  
8.771199e+00  8.766987e+00  8.760355e+00  8.749864e+00  8.733088e+00  8.705770e+00  
8.660002e+00  8.579199e+00  8.431322e+00  8.203619e+00  7.949688e+00  7.678545e+00  
7.401782e+00  7.134380e+00  6.891996e+00  6.677527e+00  6.489856e+00  6.324110e+00  
6.174336e+00  6.035470e+00  5.903990e+00  5.774330e+00  5.642010e+00  5.509540e+00  
5.380190e+00  5.315960e+00  5.248550e+00  5.193640e+00  5.146410e+00  5.134770e+00  
5.124850e+00  5.123720e+00  5.122840e+00  5.122600e+00  5.122570e+00  5.130360e+00  
9.097043e+00  9.097040e+00  9.097038e+00  9.097036e+00  9.097031e+00  9.097024e+00  
9.097013e+00  9.096996e+00  9.096968e+00  9.096924e+00  9.096855e+00  9.096744e+00  
9.096569e+00  9.096293e+00  9.095856e+00  9.095167e+00  9.094083e+00  9.092378e+00  
9.089700e+00  9.085495e+00  9.078878e+00  9.068371e+00  9.051378e+00  9.023034e+00  
8.973204e+00  8.877050e+00  8.684512e+00  8.378322e+00  8.046734e+00  7.720077e+00  
7.409657e+00  7.124638e+00  6.874202e+00  6.654112e+00  6.453361e+00  6.263547e+00  
6.087033e+00  5.926340e+00  5.778810e+00  5.639480e+00  5.503220e+00  5.366690e+00  
5.228460e+00  5.160100e+00  5.092440e+00  5.039850e+00  4.988370e+00  4.975720e+00  
4.965610e+00  4.964310e+00  4.963340e+00  4.963190e+00  4.963110e+00  4.963080e+00  
9.581081e+00  9.581077e+00  9.581075e+00  9.581071e+00  9.581065e+00  9.581055e+00  
9.581041e+00  9.581016e+00  9.580979e+00  9.580918e+00  9.580824e+00  9.580673e+00  
9.580436e+00  9.580061e+00  9.579470e+00  9.578537e+00  9.577069e+00  9.574765e+00  
9.571151e+00  9.565481e+00  9.556548e+00  9.542309e+00  9.519143e+00  9.480273e+00  
9.411435e+00  9.277114e+00  9.007061e+00  8.586575e+00  8.153233e+00  7.756934e+00  
7.402344e+00  7.084855e+00  6.800256e+00  6.543919e+00  6.307263e+00  6.084597e+00  
5.878870e+00  5.693360e+00  5.525320e+00  5.368950e+00  5.218020e+00  5.066390e+00  
4.916100e+00  4.847440e+00  4.781440e+00  4.729620e+00  4.673100e+00  4.659680e+00  
4.649140e+00  4.647570e+00  4.646470e+00  4.646520e+00  4.646390e+00  4.634420e+00  
1.010505e+01  1.010504e+01  1.010503e+01  1.010502e+01  1.010501e+01  1.010498e+01  
1.010494e+01  1.010488e+01  1.010478e+01  1.010462e+01  1.010437e+01  1.010397e+01  
1.010335e+01  1.010236e+01  1.010079e+01  1.009832e+01  1.009441e+01  1.008826e+01  
1.007856e+01  1.006325e+01  1.003910e+01  1.000080e+01  9.939822e+00  9.842717e+00  
9.689002e+00  9.449576e+00  9.084416e+00  8.616701e+00  8.179367e+00  7.771487e+00  
7.392092e+00  7.040049e+00  6.714660e+00  6.416898e+00  6.144710e+00  5.895314e+00  
5.666254e+00  5.457310e+00  5.268600e+00  5.099100e+00  4.945470e+00  4.793260e+00  
4.630010e+00  4.548630e+00  4.477470e+00  4.430490e+00  4.374440e+00  4.357310e+00  
4.346950e+00  4.346000e+00  4.344520e+00  4.344460e+00  4.344500e+00  4.328260e+00  
1.066404e+01  1.066403e+01  1.066402e+01  1.066400e+01  1.066398e+01  1.066395e+01  
1.066390e+01  1.066382e+01  1.066368e+01  1.066348e+01  1.066315e+01  1.066261e+01  
1.066178e+01  1.066047e+01  1.065840e+01  1.065512e+01  1.064997e+01  1.064185e+01  
1.062908e+01  1.060895e+01  1.057708e+01  1.052634e+01  1.044528e+01  1.031608e+01  
1.011211e+01  9.796690e+00  9.321732e+00  8.722945e+00  8.173628e+00  7.670228e+00  
7.209482e+00  6.789668e+00  6.409219e+00  6.065624e+00  5.754856e+00  5.471833e+00  
5.210958e+00  4.969314e+00  4.748020e+00  4.545420e+00  4.358820e+00  4.178270e+00  
3.996620e+00  3.909360e+00  3.831340e+00  3.777510e+00  3.717180e+00  3.700420e+00  
3.689170e+00  3.688040e+00  3.686710e+00  3.686580e+00  3.686420e+00  3.681480e+00  
1.097998e+01  1.097996e+01  1.097995e+01  1.097994e+01  1.097991e+01  1.097988e+01  
1.097981e+01  1.097971e+01  1.097955e+01  1.097931e+01  1.097892e+01  1.097831e+01  
1.097733e+01  1.097579e+01  1.097336e+01  1.096954e+01  1.096352e+01  1.095407e+01  
1.093921e+01  1.091575e+01  1.087850e+01  1.081893e+01  1.072352e+01  1.057137e+01  
1.033159e+01  9.962393e+00  9.411214e+00  8.723267e+00  8.098721e+00  7.532705e+00  
7.020314e+00  6.557765e+00  6.143029e+00  5.771166e+00  5.436200e+00  5.131722e+00  
4.850106e+00  4.586707e+00  4.342602e+00  4.117060e+00  3.907150e+00  3.706170e+00  
3.510170e+00  3.417050e+00  3.331210e+00  3.269500e+00  3.206640e+00  3.191770e+00  
3.179510e+00  3.178090e+00  3.177040e+00  3.176790e+00  3.176560e+00  3.186130e+00  
1.138444e+01  1.138442e+01  1.138441e+01  1.138439e+01  1.138436e+01  1.138431e+01  
1.138423e+01  1.138411e+01  1.138391e+01  1.138360e+01  1.138311e+01  1.138234e+01  
1.138112e+01  1.137919e+01  1.137617e+01  1.137142e+01  1.136397e+01  1.135228e+01  
1.133390e+01  1.130474e+01  1.125806e+01  1.118293e+01  1.106233e+01  1.087041e+01  
1.056941e+01  1.011226e+01  9.446732e+00  8.638082e+00  7.923625e+00  7.291832e+00  
6.733003e+00  6.235033e+00  5.788205e+00  5.385577e+00  5.020035e+00  4.684264e+00  
4.369754e+00  4.071348e+00  3.790675e+00  3.530870e+00  3.291530e+00  3.069120e+00  
2.862770e+00  2.766300e+00  2.672750e+00  2.602080e+00  2.539020e+00  2.523710e+00  
2.511270e+00  2.509860e+00  2.508700e+00  2.508460e+00  2.508350e+00  2.514360e+00  
1.164847e+01  1.164845e+01  1.164843e+01  1.164841e+01  1.164838e+01  1.164832e+01  
1.164824e+01  1.164810e+01  1.164788e+01  1.164754e+01  1.164698e+01  1.164611e+01  
1.164475e+01  1.164260e+01  1.163923e+01  1.163395e+01  1.162569e+01  1.161277e+01  
1.159238e+01  1.155981e+01  1.150722e+01  1.142216e+01  1.128553e+01  1.106827e+01  
1.072816e+01  1.021567e+01  9.478991e+00  8.594065e+00  7.822842e+00  7.148072e+00  
6.557449e+00  6.034882e+00  5.565677e+00  5.141721e+00  4.756220e+00  4.402053e+00  
4.071100e+00  3.758164e+00  3.463495e+00  3.188515e+00  2.933380e+00  2.694570e+00  
2.472850e+00  2.370350e+00  2.274620e+00  2.204710e+00  2.138410e+00  2.122550e+00  
2.110240e+00  2.108780e+00  2.107520e+00  2.107400e+00  2.107250e+00  2.104850e+00  
1.184495e+01  1.184491e+01  1.184490e+01  1.184488e+01  1.184484e+01  1.184478e+01  
1.184469e+01  1.184454e+01  1.184431e+01  1.184393e+01  1.184334e+01  1.184242e+01  
1.184097e+01  1.183869e+01  1.183511e+01  1.182955e+01  1.182087e+01  1.180729e+01  
1.178576e+01  1.175102e+01  1.169451e+01  1.160283e+01  1.145554e+01  1.122120e+01  
1.085490e+01  1.030604e+01  9.522764e+00  8.586280e+00  7.776660e+00  7.072666e+00  
6.459300e+00  5.918308e+00  5.432570e+00  4.993043e+00  4.593071e+00  4.225726e+00  
3.883134e+00  3.560064e+00  3.256137e+00  2.971747e+00  2.707300e+00  2.459110e+00  
2.226780e+00  2.118610e+00  2.017870e+00  1.944710e+00  1.876200e+00  1.860100e+00  
1.847680e+00  1.846190e+00  1.844890e+00  1.844780e+00  1.844620e+00  1.841610e+00  
1.200446e+01  1.200443e+01  1.200442e+01  1.200439e+01  1.200436e+01  1.200429e+01  
1.200420e+01  1.200404e+01  1.200380e+01  1.200341e+01  1.200279e+01  1.200184e+01  
1.200032e+01  1.199796e+01  1.199429e+01  1.198858e+01  1.197971e+01  1.196580e+01  
1.194358e+01  1.190738e+01  1.184811e+01  1.175173e+01  1.159682e+01  1.135017e+01  
1.096529e+01  1.039110e+01  9.575576e+00  8.602380e+00  7.765308e+00  7.041053e+00  
6.411296e+00  5.856261e+00  5.357728e+00  4.906230e+00  4.495098e+00  4.117515e+00  
3.765761e+00  3.434658e+00  3.123542e+00  2.832357e+00  2.561166e+00  2.306500e+00  
2.065720e+00  1.952320e+00  1.845910e+00  1.768300e+00  1.697560e+00  1.681120e+00  
1.668330e+00  1.666810e+00  1.665480e+00  1.665340e+00  1.665190e+00  1.663980e+00  
1.226068e+01  1.226065e+01  1.226064e+01  1.226061e+01  1.226057e+01  1.226051e+01  
1.226040e+01  1.226023e+01  1.225998e+01  1.225957e+01  1.225893e+01  1.225794e+01  
1.225638e+01  1.225396e+01  1.225023e+01  1.224449e+01  1.223562e+01  1.222159e+01  
1.219867e+01  1.216065e+01  1.209773e+01  1.199520e+01  1.182999e+01  1.156666e+01  
1.115741e+01  1.055073e+01  9.694772e+00  8.675608e+00  7.804368e+00  7.056030e+00  
6.406388e+00  5.833212e+00  5.317191e+00  4.848820e+00  4.421560e+00  4.028694e+00  
3.662773e+00  3.318774e+00  2.995799e+00  2.693523e+00  2.410943e+00  2.144200e+00  
1.888190e+00  1.765410e+00  1.648890e+00  1.562990e+00  1.486080e+00  1.468150e+00  
1.454050e+00  1.452390e+00  1.450960e+00  1.450780e+00  1.450630e+00  1.451520e+00  
1.246330e+01  1.246326e+01  1.246324e+01  1.246322e+01  1.246318e+01  1.246311e+01  
1.246301e+01  1.246284e+01  1.246257e+01  1.246216e+01  1.246151e+01  1.246050e+01  
1.245895e+01  1.245655e+01  1.245292e+01  1.244737e+01  1.243878e+01  1.242497e+01  
1.240186e+01  1.236281e+01  1.229774e+01  1.219150e+01  1.201967e+01  1.174592e+01  
1.132219e+01  1.069685e+01  9.818437e+00  8.774932e+00  7.886788e+00  7.126466e+00  
6.466711e+00  5.883511e+00  5.356895e+00  4.877606e+00  4.439269e+00  4.035312e+00  
3.658454e+00  3.303775e+00  2.970348e+00  2.657743e+00  2.364171e+00  2.084236e+00  
1.812990e+00  1.681250e+00  1.555400e+00  1.461630e+00  1.376410e+00  1.356220e+00  
1.340280e+00  1.338410e+00  1.336820e+00  1.336610e+00  1.336440e+00  1.337000e+00  
1.280298e+01  1.280295e+01  1.280293e+01  1.280291e+01  1.280287e+01  1.280280e+01  
1.280269e+01  1.280252e+01  1.280226e+01  1.280185e+01  1.280123e+01  1.280027e+01  
1.279885e+01  1.279675e+01  1.279368e+01  1.278914e+01  1.278188e+01  1.276926e+01  
1.274664e+01  1.270698e+01  1.264024e+01  1.252985e+01  1.235011e+01  1.206571e+01  
1.162921e+01  1.098947e+01  1.009336e+01  9.031690e+00  8.134481e+00  7.363191e+00  
6.691876e+00  6.096225e+00  5.556534e+00  5.063510e+00  4.610627e+00  4.190917e+00  
3.796473e+00  3.422117e+00  3.067234e+00  2.731808e+00  2.412997e+00  2.101389e+00  
1.790990e+00  1.636050e+00  1.483160e+00  1.364530e+00  1.254210e+00  1.227380e+00  
1.205850e+00  1.203320e+00  1.201240e+00  1.200960e+00  1.200750e+00  1.200400e+00  
1.299549e+01  1.299546e+01  1.299545e+01  1.299542e+01  1.299538e+01  1.299532e+01  
1.299521e+01  1.299505e+01  1.299480e+01  1.299442e+01  1.299385e+01  1.299303e+01  
1.299184e+01  1.299022e+01  1.298803e+01  1.298482e+01  1.297914e+01  1.296793e+01  
1.294628e+01  1.290744e+01  1.284098e+01  1.272929e+01  1.254788e+01  1.226317e+01  
1.182999e+01  1.119830e+01  1.030993e+01  9.257566e+00  8.367289e+00  7.595470e+00  
6.920014e+00  6.319075e+00  5.774866e+00  5.277860e+00  4.820628e+00  4.395124e+00  
3.991898e+00  3.604902e+00  3.234155e+00  2.880504e+00  2.540749e+00  2.202090e+00  
1.853809e+00  1.674940e+00  1.490740e+00  1.341680e+00  1.203450e+00  1.170190e+00  
1.143420e+00  1.140160e+00  1.137380e+00  1.137020e+00  1.136770e+00  1.137340e+00  
1.319478e+01  1.319475e+01  1.319474e+01  1.319471e+01  1.319467e+01  1.319461e+01  
1.319451e+01  1.319437e+01  1.319415e+01  1.319386e+01  1.319344e+01  1.319294e+01  
1.319242e+01  1.319203e+01  1.319190e+01  1.319134e+01  1.318834e+01  1.317933e+01  
1.315958e+01  1.312239e+01  1.305549e+01  1.294197e+01  1.276026e+01  1.248030e+01  
1.206064e+01  1.145228e+01  1.060149e+01  9.595204e+00  8.734745e+00  7.980503e+00  
7.313545e+00  6.714868e+00  6.168770e+00  5.666989e+00  5.203226e+00  4.770534e+00  
4.360643e+00  3.966902e+00  3.585624e+00  3.211647e+00  2.837309e+00  2.449726e+00  
2.033633e+00  1.809661e+00  1.569540e+00  1.362790e+00  1.156760e+00  1.111200e+00  
1.080440e+00  1.076570e+00  1.070900e+00  1.069850e+00  1.070370e+00  1.073190e+00  
1.320377e+01  1.320375e+01  1.320373e+01  1.320371e+01  1.320368e+01  1.320362e+01  
1.320354e+01  1.320343e+01  1.320327e+01  1.320309e+01  1.320292e+01  1.320290e+01  
1.320330e+01  1.320455e+01  1.320674e+01  1.320886e+01  1.320850e+01  1.320207e+01  
1.318553e+01  1.315107e+01  1.308633e+01  1.297741e+01  1.280601e+01  1.254686e+01  
1.216197e+01  1.159741e+01  1.081603e+01  9.869840e+00  9.035318e+00  8.286980e+00  
7.614852e+00  7.009049e+00  6.461457e+00  5.963915e+00  5.507933e+00  5.083810e+00  
4.679459e+00  4.285480e+00  3.897882e+00  3.511087e+00  3.115295e+00  2.691748e+00  
2.217939e+00  1.954622e+00  1.667740e+00  1.415600e+00  1.143160e+00  1.076130e+00  
1.045120e+00  1.042750e+00  1.033870e+00  1.031660e+00  1.033840e+00  1.037070e+00  
1.324237e+01  1.324234e+01  1.324233e+01  1.324231e+01  1.324228e+01  1.324223e+01  
1.324216e+01  1.324207e+01  1.324197e+01  1.324191e+01  1.324197e+01  1.324246e+01  
1.324383e+01  1.324664e+01  1.325080e+01  1.325483e+01  1.325599e+01  1.325104e+01  
1.323555e+01  1.320021e+01  1.313367e+01  1.302354e+01  1.285389e+01  1.260121e+01  
1.222769e+01  1.168197e+01  1.093423e+01  1.002929e+01  9.224547e+00  8.498952e+00  
7.843898e+00  7.250579e+00  6.711753e+00  6.220035e+00  5.767658e+00  5.345491e+00  
4.942023e+00  4.547868e+00  4.158273e+00  3.766171e+00  3.359002e+00  2.912193e+00  
2.394977e+00  2.098652e+00  1.767342e+00  1.471690e+00  1.142100e+00  1.057960e+00  
1.022240e+00  1.020120e+00  1.009190e+00  1.006330e+00  1.009430e+00  1.012030e+00  
1.325725e+01  1.325722e+01  1.325721e+01  1.325719e+01  1.325716e+01  1.325712e+01  
1.325707e+01  1.325700e+01  1.325696e+01  1.325703e+01  1.325739e+01  1.325844e+01  
1.326087e+01  1.326524e+01  1.327111e+01  1.327669e+01  1.327903e+01  1.327530e+01  
1.325991e+01  1.322281e+01  1.315408e+01  1.304246e+01  1.287401e+01  1.262632e+01  
1.225765e+01  1.173577e+01  1.101825e+01  1.014742e+01  9.368949e+00  8.663893e+00  
8.024897e+00  7.443959e+00  6.914521e+00  6.429812e+00  5.982623e+00  5.564344e+00  
5.163904e+00  4.771964e+00  4.383144e+00  3.989206e+00  3.575181e+00  3.111447e+00  
2.559625e+00  2.235710e+00  1.866241e+00  1.530910e+00  1.148830e+00  1.048420e+00  
1.006030e+00  1.003760e+00  9.913400e-01  9.880200e-01  9.917200e-01  9.932400e-01  
1.324302e+01  1.324299e+01  1.324298e+01  1.324296e+01  1.324295e+01  1.324291e+01  
1.324288e+01  1.324288e+01  1.324299e+01  1.324338e+01  1.324443e+01  1.324683e+01  
1.325151e+01  1.325875e+01  1.326749e+01  1.327533e+01  1.327971e+01  1.327735e+01  
1.326011e+01  1.321886e+01  1.314550e+01  1.303157e+01  1.286519e+01  1.262492e+01  
1.226781e+01  1.179005e+01  1.112649e+01  1.031227e+01  9.579034e+00  8.909866e+00  
8.299376e+00  7.740821e+00  7.228886e+00  6.757941e+00  6.321823e+00  5.913044e+00  
5.521741e+00  5.138928e+00  4.758013e+00  4.368327e+00  3.949851e+00  3.461866e+00  
2.851201e+00  2.479504e+00  2.045566e+00  1.645530e+00  1.187500e+00  1.057880e+00  
9.746500e-01  9.719400e-01  9.729400e-01  9.703700e-01  9.603500e-01  9.667100e-01  
1.322696e+01  1.322693e+01  1.322692e+01  1.322691e+01  1.322689e+01  1.322688e+01  
1.322688e+01  1.322696e+01  1.322725e+01  1.322804e+01  1.322990e+01  1.323383e+01  
1.324074e+01  1.325046e+01  1.326138e+01  1.327085e+01  1.327681e+01  1.327416e+01  
1.325361e+01  1.320779e+01  1.312988e+01  1.301366e+01  1.284818e+01  1.260494e+01  
1.226753e+01  1.181987e+01  1.119459e+01  1.042080e+01  9.721104e+00  9.079896e+00  
8.492753e+00  7.953814e+00  7.458485e+00  7.001755e+00  6.578151e+00  6.180765e+00  
5.800385e+00  5.428202e+00  5.057015e+00  4.674735e+00  4.258161e+00  3.759216e+00  
3.112282e+00  2.706447e+00  2.220920e+00  1.761886e+00  1.225120e+00  1.068750e+00  
9.621100e-01  9.568200e-01  9.571100e-01  9.543500e-01  9.427300e-01  9.488600e-01  
1.325656e+01  1.325654e+01  1.325653e+01  1.325652e+01  1.325652e+01  1.325656e+01  
1.325667e+01  1.325703e+01  1.325791e+01  1.325999e+01  1.326436e+01  1.327232e+01  
1.328410e+01  1.329847e+01  1.331284e+01  1.332548e+01  1.333227e+01  1.332408e+01  
1.329381e+01  1.323619e+01  1.314840e+01  1.302567e+01  1.285331e+01  1.260511e+01  
1.229983e+01  1.188601e+01  1.130284e+01  1.057845e+01  9.923085e+00  9.323302e+00  
8.775286e+00  8.273761e+00  7.814486e+00  7.392648e+00  7.002708e+00  6.637383e+00  
6.286364e+00  5.940088e+00  5.591665e+00  5.229435e+00  4.830443e+00  4.345392e+00  
3.684673e+00  3.233068e+00  2.639438e+00  2.037493e+00  1.312040e+00  1.103030e+00  
9.612900e-01  9.451200e-01  9.270000e-01  9.245400e-01  9.235600e-01  9.225800e-01  
1.322099e+01  1.322097e+01  1.322097e+01  1.322097e+01  1.322100e+01  1.322110e+01  
1.322138e+01  1.322211e+01  1.322382e+01  1.322755e+01  1.323479e+01  1.324654e+01  
1.326218e+01  1.327958e+01  1.329658e+01  1.331099e+01  1.331502e+01  1.330004e+01  
1.326083e+01  1.319492e+01  1.310122e+01  1.297561e+01  1.278560e+01  1.256239e+01  
1.228062e+01  1.189384e+01  1.134458e+01  1.066118e+01  1.004102e+01  9.473013e+00  
8.953889e+00  8.479116e+00  8.045021e+00  7.647374e+00  7.281135e+00  6.939571e+00  
6.612823e+00  6.291447e+00  5.968243e+00  5.630508e+00  5.252429e+00  4.776901e+00  
4.101035e+00  3.625767e+00  2.987468e+00  2.312594e+00  1.429550e+00  1.160060e+00  
9.580900e-01  9.343600e-01  9.141400e-01  9.114800e-01  9.101700e-01  9.082700e-01  
1.314121e+01  1.314120e+01  1.314121e+01  1.314124e+01  1.314135e+01  1.314165e+01  
1.314240e+01  1.314415e+01  1.314801e+01  1.315568e+01  1.316855e+01  1.318636e+01  
1.320720e+01  1.322873e+01  1.324937e+01  1.326178e+01  1.325649e+01  1.322829e+01  
1.317510e+01  1.309822e+01  1.299788e+01  1.284587e+01  1.267315e+01  1.247901e+01  
1.222739e+01  1.187638e+01  1.137276e+01  1.074425e+01  1.017155e+01  9.646468e+00  
9.166449e+00  8.728060e+00  8.328429e+00  7.964306e+00  7.631671e+00  7.324943e+00  
7.035582e+00  6.755026e+00  6.475940e+00  6.184373e+00  5.850195e+00  5.403501e+00  
4.720981e+00  4.220385e+00  3.530042e+00  2.765522e+00  1.668981e+00  1.303960e+00  
9.697200e-01  9.256800e-01  8.990600e-01  8.964700e-01  8.888200e-01  8.930300e-01  
1.313529e+01  1.313529e+01  1.313532e+01  1.313540e+01  1.313563e+01  1.313621e+01  
1.313759e+01  1.314071e+01  1.314720e+01  1.315897e+01  1.317654e+01  1.319872e+01  
1.322280e+01  1.324759e+01  1.326835e+01  1.327458e+01  1.325962e+01  1.321979e+01  
1.315671e+01  1.307247e+01  1.295947e+01  1.279784e+01  1.264237e+01  1.246147e+01  
1.222229e+01  1.188469e+01  1.139786e+01  1.079063e+01  1.023846e+01  9.734252e+00  
9.275561e+00  8.859290e+00  8.482767e+00  8.142962e+00  7.836026e+00  7.556398e+00  
7.295349e+00  7.044305e+00  6.796745e+00  6.539743e+00  6.244282e+00  5.840491e+00  
5.196421e+00  4.701897e+00  3.988635e+00  3.155936e+00  1.875220e+00  1.427450e+00  
9.953600e-01  9.323900e-01  8.888100e-01  8.857000e-01  8.823800e-01  8.849800e-01  
1.311494e+01  1.311496e+01  1.311501e+01  1.311516e+01  1.311555e+01  1.311648e+01  
1.311865e+01  1.312340e+01  1.313277e+01  1.314831e+01  1.316976e+01  1.319502e+01  
1.322186e+01  1.324859e+01  1.326664e+01  1.326619e+01  1.324213e+01  1.319360e+01  
1.312361e+01  1.303529e+01  1.289600e+01  1.275347e+01  1.261105e+01  1.244232e+01  
1.221627e+01  1.189396e+01  1.142509e+01  1.083614e+01  1.029693e+01  9.802566e+00  
9.352069e+00  8.944273e+00  8.578474e+00  8.252355e+00  7.962575e+00  7.704184e+00  
7.469173e+00  7.248478e+00  7.032199e+00  6.800120e+00  6.520674e+00  6.140508e+00  
5.545406e+00  5.084350e+00  4.398286e+00  3.538868e+00  2.072649e+00  1.536540e+00  
1.009250e+00  9.349200e-01  8.898200e-01  8.874300e-01  8.807300e-01  8.800100e-01  
1.311539e+01  1.311543e+01  1.311551e+01  1.311575e+01  1.311632e+01  1.311768e+01  
1.312079e+01  1.312737e+01  1.313961e+01  1.315849e+01  1.318309e+01  1.321066e+01  
1.323992e+01  1.326693e+01  1.328077e+01  1.327364e+01  1.324138e+01  1.318584e+01  
1.311052e+01  1.301631e+01  1.286466e+01  1.273329e+01  1.259841e+01  1.243567e+01  
1.221484e+01  1.189783e+01  1.143583e+01  1.085643e+01  1.032722e+01  9.843667e+00  
9.404453e+00  9.008210e+00  8.654055e+00  8.339899e+00  8.062793e+00  7.818377e+00  
7.599281e+00  7.397183e+00  7.202762e+00  6.996183e+00  6.746080e+00  6.398179e+00  
5.836220e+00  5.390413e+00  4.713404e+00  3.838499e+00  2.262746e+00  1.652488e+00  
1.033880e+00  9.445900e-01  8.880400e-01  8.847600e-01  8.768500e-01  8.766500e-01  
1.312356e+01  1.312365e+01  1.312382e+01  1.312425e+01  1.312530e+01  1.312773e+01  
1.313306e+01  1.314359e+01  1.316116e+01  1.318559e+01  1.321468e+01  1.324621e+01  
1.327848e+01  1.330220e+01  1.330681e+01  1.328685e+01  1.324185e+01  1.317582e+01  
1.309388e+01  1.296021e+01  1.282949e+01  1.271223e+01  1.258737e+01  1.243221e+01  
1.221744e+01  1.190632e+01  1.145232e+01  1.088484e+01  1.036905e+01  9.900355e+00  
9.476856e+00  9.096335e+00  8.757164e+00  8.457702e+00  8.196171e+00  7.969741e+00  
7.773322e+00  7.600492e+00  7.442383e+00  7.278610e+00  7.077236e+00  6.784349e+00  
6.279857e+00  5.861610e+00  5.211296e+00  4.337152e+00  2.615212e+00  1.867807e+00  
1.083090e+00  9.699500e-01  8.878800e-01  8.810800e-01  8.723800e-01  8.724000e-01  
1.312482e+01  1.312498e+01  1.312526e+01  1.312596e+01  1.312761e+01  1.313136e+01  
1.313924e+01  1.315374e+01  1.317588e+01  1.320455e+01  1.323684e+01  1.327169e+01  
1.330419e+01  1.332212e+01  1.331765e+01  1.328675e+01  1.323245e+01  1.315961e+01  
1.306809e+01  1.291895e+01  1.280280e+01  1.269526e+01  1.257788e+01  1.242882e+01  
1.221959e+01  1.191425e+01  1.146732e+01  1.090849e+01  1.040092e+01  9.940409e+00  
9.525211e+00  9.153431e+00  8.823592e+00  8.534372e+00  8.284294e+00  8.070957e+00  
7.889852e+00  7.735369e+00  7.599976e+00  7.465133e+00  7.301023e+00  7.055045e+00  
6.606247e+00  6.217713e+00  5.596405e+00  4.733031e+00  2.919918e+00  2.070356e+00  
1.135670e+00  9.968600e-01  8.894200e-01  8.794600e-01  8.695300e-01  8.698000e-01  
1.312573e+01  1.312615e+01  1.312683e+01  1.312842e+01  1.313208e+01  1.313991e+01  
1.315464e+01  1.317780e+01  1.320856e+01  1.324398e+01  1.328280e+01  1.332101e+01  
1.334596e+01  1.334835e+01  1.332332e+01  1.327348e+01  1.320425e+01  1.312142e+01  
1.297181e+01  1.285764e+01  1.276217e+01  1.266984e+01  1.256433e+01  1.242515e+01  
1.222524e+01  1.193017e+01  1.149598e+01  1.095114e+01  1.045461e+01  1.000385e+01  
9.597862e+00  9.236154e+00  8.918195e+00  8.643217e+00  8.410062e+00  8.216628e+00  
8.058738e+00  7.931841e+00  7.831088e+00  7.742417e+00  7.641047e+00  7.478061e+00  
7.142491e+00  6.824227e+00  6.269096e+00  5.442972e+00  3.542374e+00  2.535443e+00  
1.264790e+00  1.060690e+00  8.971800e-01  8.816500e-01  8.680700e-01  8.663000e-01  
1.314694e+01  1.314775e+01  1.314896e+01  1.315179e+01  1.315803e+01  1.317051e+01  
1.319161e+01  1.322146e+01  1.325776e+01  1.329806e+01  1.334089e+01  1.337576e+01  
1.339018e+01  1.337770e+01  1.333772e+01  1.327560e+01  1.319924e+01  1.306751e+01  
1.293992e+01  1.284236e+01  1.275823e+01  1.267393e+01  1.257385e+01  1.243803e+01  
1.223988e+01  1.194525e+01  1.151095e+01  1.096824e+01  1.047594e+01  1.003126e+01  
9.632891e+00  9.279722e+00  8.970563e+00  8.704525e+00  8.480410e+00  8.295996e+00  
8.146797e+00  8.029522e+00  7.944493e+00  7.888029e+00  7.842189e+00  7.744179e+00  
7.472771e+00  7.197820e+00  6.713139e+00  5.948893e+00  4.017908e+00  2.924187e+00  
1.391230e+00  1.131100e+00  9.081500e-01  8.843800e-01  8.661600e-01  8.645400e-01  
1.312679e+01  1.312873e+01  1.313145e+01  1.313753e+01  1.314990e+01  1.317142e+01  
1.320260e+01  1.324142e+01  1.328499e+01  1.333234e+01  1.337373e+01  1.339507e+01  
1.338900e+01  1.335362e+01  1.329448e+01  1.321993e+01  1.309600e+01  1.295970e+01  
1.286114e+01  1.278293e+01  1.271331e+01  1.264015e+01  1.254915e+01  1.242172e+01  
1.223251e+01  1.194811e+01  1.152530e+01  1.099424e+01  1.050975e+01  1.007043e+01  
9.675937e+00  9.326445e+00  9.022174e+00  8.762935e+00  8.548158e+00  8.376734e+00  
8.245494e+00  8.151660e+00  8.093402e+00  8.061561e+00  8.039540e+00  7.993717e+00  
7.842045e+00  7.657536e+00  7.278051e+00  6.624419e+00  4.756918e+00  3.517342e+00  
1.628805e+00  1.276720e+00  9.341900e-01  8.884200e-01  8.661000e-01  8.627700e-01  
1.313014e+01  1.313365e+01  1.313837e+01  1.314843e+01  1.316717e+01  1.319622e+01  
1.323460e+01  1.327893e+01  1.332832e+01  1.337714e+01  1.341019e+01  1.341752e+01  
1.339394e+01  1.334348e+01  1.327329e+01  1.318910e+01  1.302529e+01  1.291380e+01  
1.283051e+01  1.276327e+01  1.270145e+01  1.263369e+01  1.254632e+01  1.242136e+01  
1.223392e+01  1.195113e+01  1.153045e+01  1.100222e+01  1.052076e+01  1.008492e+01  
9.694125e+00  9.348552e+00  9.048519e+00  8.793918e+00  8.584360e+00  8.419004e+00  
8.294974e+00  8.210038e+00  8.163519e+00  8.148019e+00  8.150350e+00  8.143284e+00  
8.057730e+00  7.924368e+00  7.617066e+00  7.049873e+00  5.288265e+00  4.002257e+00  
1.843834e+00  1.408390e+00  9.616200e-01  8.980900e-01  8.683000e-01  8.618700e-01  
1.313436e+01  1.313985e+01  1.314697e+01  1.316133e+01  1.318592e+01  1.322109e+01  
1.326448e+01  1.331338e+01  1.336646e+01  1.341209e+01  1.343566e+01  1.342956e+01  
1.339276e+01  1.333157e+01  1.325585e+01  1.311881e+01  1.298232e+01  1.288556e+01  
1.281248e+01  1.275260e+01  1.269594e+01  1.263168e+01  1.254664e+01  1.242324e+01  
1.223688e+01  1.195484e+01  1.153470e+01  1.100679e+01  1.052595e+01  1.009139e+01  
9.702827e+00  9.360202e+00  9.063788e+00  8.812986e+00  8.606656e+00  8.443929e+00  
8.323527e+00  8.244559e+00  8.206629e+00  8.202468e+00  8.220779e+00  8.242286e+00  
8.201321e+00  8.096872e+00  7.840539e+00  7.352200e+00  5.707705e+00  4.388689e+00  
2.040534e+00  1.534630e+00  9.892800e-01  9.079900e-01  8.733100e-01  8.613400e-01  
1.313426e+01  1.314213e+01  1.315193e+01  1.317061e+01  1.320034e+01  1.324045e+01  
1.328759e+01  1.334054e+01  1.339483e+01  1.343487e+01  1.344906e+01  1.343106e+01  
1.338410e+01  1.331538e+01  1.323555e+01  1.306823e+01  1.294864e+01  1.286228e+01  
1.279671e+01  1.274223e+01  1.268935e+01  1.262771e+01  1.254457e+01  1.242264e+01  
1.223759e+01  1.195674e+01  1.153749e+01  1.101021e+01  1.053001e+01  1.009685e+01  
9.710165e+00  9.369350e+00  9.074255e+00  8.824741e+00  8.620750e+00  8.461732e+00  
8.345437e+00  8.270428e+00  8.236947e+00  8.239164e+00  8.267355e+00  8.303572e+00  
8.297362e+00  8.229221e+00  8.018084e+00  7.560060e+00  5.993384e+00  4.758108e+00  
2.235872e+00  1.643545e+00  1.016680e+00  9.267700e-01  8.696300e-01  8.609800e-01  
1.313460e+01  1.314825e+01  1.316383e+01  1.319048e+01  1.322864e+01  1.327582e+01  
1.332926e+01  1.338760e+01  1.343822e+01  1.346567e+01  1.346176e+01  1.342592e+01  
1.336374e+01  1.328730e+01  1.314384e+01  1.300218e+01  1.290336e+01  1.283131e+01  
1.277607e+01  1.272886e+01  1.268095e+01  1.262268e+01  1.254186e+01  1.242162e+01  
1.223793e+01  1.195839e+01  1.154052e+01  1.101463e+01  1.053579e+01  1.010449e+01  
9.719896e+00  9.381368e+00  9.088591e+00  8.841565e+00  8.640352e+00  8.484581e+00  
8.372255e+00  8.302273e+00  8.275489e+00  8.287044e+00  8.329101e+00  8.387838e+00  
8.422881e+00  8.391918e+00  8.246491e+00  7.878962e+00  6.471141e+00  5.284654e+00  
2.589120e+00  1.863644e+00  1.073020e+00  9.526600e-01  8.741200e-01  8.605300e-01  
1.313477e+01  1.315532e+01  1.317477e+01  1.320987e+01  1.325469e+01  1.330690e+01  
1.336562e+01  1.342275e+01  1.346863e+01  1.348554e+01  1.346379e+01  1.341438e+01  
1.334316e+01  1.325997e+01  1.307942e+01  1.295910e+01  1.287362e+01  1.281118e+01  
1.276279e+01  1.272031e+01  1.267559e+01  1.261943e+01  1.254003e+01  1.242080e+01  
1.223792e+01  1.195916e+01  1.154228e+01  1.101767e+01  1.054015e+01  1.010986e+01  
9.726266e+00  9.388826e+00  9.097378e+00  8.851900e+00  8.652455e+00  8.498663e+00  
8.388765e+00  8.321901e+00  8.299284e+00  8.316576e+00  8.367130e+00  8.440124e+00  
8.501279e+00  8.494130e+00  8.393503e+00  8.092758e+00  6.818510e+00  5.688916e+00  
2.900376e+00  2.064794e+00  1.128480e+00  9.797700e-01  8.790100e-01  8.602600e-01  
