4.889034e-01  4.889038e-01  4.889041e-01  4.889045e-01  4.889051e-01  4.889062e-01  
4.889078e-01  4.889103e-01  4.889143e-01  4.889207e-01  4.889309e-01  4.889469e-01  
4.889724e-01  4.890127e-01  4.890766e-01  4.891778e-01  4.893384e-01  4.895929e-01  
4.899963e-01  4.906357e-01  4.916495e-01  4.932576e-01  4.958114e-01  4.998798e-01  
5.064094e-01  5.170750e-01  5.348314e-01  5.602797e-01  5.872100e-01  6.153702e-01  
6.446996e-01  6.751000e-01  7.065033e-01  7.390448e-01  7.730627e-01  8.087800e-01  
8.459100e-01  8.839800e-01  9.223300e-01  9.598600e-01  9.952000e-01  1.027380e+00  
1.053820e+00  1.063590e+00  1.072640e+00  1.080030e+00  1.088980e+00  1.091380e+00  
1.093390e+00  1.093580e+00  1.093670e+00  1.093710e+00  1.093700e+00  1.093880e+00  
7.038998e-01  7.039004e-01  7.039008e-01  7.039014e-01  7.039024e-01  7.039039e-01  
7.039063e-01  7.039102e-01  7.039162e-01  7.039258e-01  7.039411e-01  7.039652e-01  
7.040034e-01  7.040640e-01  7.041601e-01  7.043123e-01  7.045536e-01  7.049361e-01  
7.055423e-01  7.065031e-01  7.080263e-01  7.104415e-01  7.142737e-01  7.203636e-01  
7.300798e-01  7.457279e-01  7.712108e-01  8.068997e-01  8.439106e-01  8.821808e-01  
9.216495e-01  9.621962e-01  1.003691e+00  1.046066e+00  1.089315e+00  1.133590e+00  
1.179340e+00  1.226710e+00  1.274720e+00  1.321210e+00  1.363700e+00  1.401460e+00  
1.433130e+00  1.446090e+00  1.458890e+00  1.469350e+00  1.480220e+00  1.483760e+00  
1.487640e+00  1.487050e+00  1.485810e+00  1.486390e+00  1.485770e+00  1.490090e+00  
9.124199e-01  9.124207e-01  9.124212e-01  9.124220e-01  9.124233e-01  9.124252e-01  
9.124283e-01  9.124332e-01  9.124410e-01  9.124534e-01  9.124729e-01  9.125040e-01  
9.125531e-01  9.126310e-01  9.127545e-01  9.129502e-01  9.132605e-01  9.137520e-01  
9.145312e-01  9.157663e-01  9.177241e-01  9.208284e-01  9.257521e-01  9.335705e-01  
9.460197e-01  9.659737e-01  9.981979e-01  1.042818e+00  1.088470e+00  1.135040e+00  
1.182427e+00  1.230582e+00  1.279440e+00  1.328918e+00  1.378968e+00  1.429760e+00  
1.481800e+00  1.535260e+00  1.588970e+00  1.640520e+00  1.687270e+00  1.729000e+00  
1.765050e+00  1.780520e+00  1.796210e+00  1.809160e+00  1.821860e+00  1.825820e+00  
1.830090e+00  1.829530e+00  1.828300e+00  1.828890e+00  1.828260e+00  1.832770e+00  
1.303119e+00  1.303120e+00  1.303121e+00  1.303122e+00  1.303124e+00  1.303126e+00  
1.303131e+00  1.303137e+00  1.303148e+00  1.303165e+00  1.303192e+00  1.303235e+00  
1.303303e+00  1.303411e+00  1.303581e+00  1.303852e+00  1.304281e+00  1.304960e+00  
1.306037e+00  1.307743e+00  1.310448e+00  1.314738e+00  1.321536e+00  1.332317e+00  
1.349422e+00  1.376606e+00  1.419850e+00  1.478533e+00  1.537126e+00  1.595466e+00  
1.653501e+00  1.711422e+00  1.769598e+00  1.827984e+00  1.886376e+00  1.944850e+00  
2.003730e+00  2.063030e+00  2.121570e+00  2.177260e+00  2.228030e+00  2.274380e+00  
2.316580e+00  2.335840e+00  2.355650e+00  2.372040e+00  2.387820e+00  2.391850e+00  
2.395300e+00  2.395570e+00  2.395680e+00  2.395800e+00  2.395740e+00  2.396610e+00  
1.657836e+00  1.657837e+00  1.657838e+00  1.657840e+00  1.657842e+00  1.657845e+00  
1.657850e+00  1.657858e+00  1.657872e+00  1.657893e+00  1.657926e+00  1.657978e+00  
1.658061e+00  1.658193e+00  1.658402e+00  1.658733e+00  1.659258e+00  1.660090e+00  
1.661408e+00  1.663498e+00  1.666810e+00  1.672058e+00  1.680375e+00  1.693547e+00  
1.714384e+00  1.747249e+00  1.798851e+00  1.867649e+00  1.934823e+00  2.000232e+00  
2.063925e+00  2.126511e+00  2.188891e+00  2.251082e+00  2.312825e+00  2.374050e+00  
2.434870e+00  2.495170e+00  2.553920e+00  2.609670e+00  2.661170e+00  2.709420e+00  
2.755250e+00  2.777040e+00  2.799430e+00  2.817850e+00  2.835880e+00  2.839710e+00  
2.841980e+00  2.843160e+00  2.844800e+00  2.844370e+00  2.844960e+00  2.841540e+00  
1.980490e+00  1.980492e+00  1.980493e+00  1.980494e+00  1.980497e+00  1.980500e+00  
1.980506e+00  1.980516e+00  1.980531e+00  1.980555e+00  1.980593e+00  1.980654e+00  
1.980749e+00  1.980901e+00  1.981141e+00  1.981522e+00  1.982126e+00  1.983082e+00  
1.984600e+00  1.987003e+00  1.990813e+00  1.996849e+00  2.006410e+00  2.021529e+00  
2.045359e+00  2.082616e+00  2.140213e+00  2.215526e+00  2.287552e+00  2.356469e+00  
2.422589e+00  2.486750e+00  2.550320e+00  2.613451e+00  2.675935e+00  2.737510e+00  
2.797570e+00  2.855490e+00  2.910860e+00  2.964110e+00  3.015590e+00  3.064840e+00  
3.112100e+00  3.135620e+00  3.159620e+00  3.179100e+00  3.198650e+00  3.202170e+00  
3.203860e+00  3.205120e+00  3.207960e+00  3.208440e+00  3.207920e+00  3.201690e+00  
2.272974e+00  2.272976e+00  2.272977e+00  2.272979e+00  2.272981e+00  2.272986e+00  
2.272992e+00  2.273003e+00  2.273019e+00  2.273046e+00  2.273088e+00  2.273156e+00  
2.273263e+00  2.273432e+00  2.273701e+00  2.274126e+00  2.274801e+00  2.275870e+00  
2.277566e+00  2.280252e+00  2.284510e+00  2.291255e+00  2.301929e+00  2.318786e+00  
2.345250e+00  2.386226e+00  2.448487e+00  2.528155e+00  2.602642e+00  2.672738e+00  
2.738963e+00  2.802467e+00  2.864959e+00  2.926659e+00  2.987286e+00  3.046540e+00  
3.103790e+00  3.158470e+00  3.210460e+00  3.260820e+00  3.310590e+00  3.359430e+00  
3.407440e+00  3.431610e+00  3.456390e+00  3.476630e+00  3.497040e+00  3.500390e+00  
3.501590e+00  3.503110e+00  3.506710e+00  3.507320e+00  3.506630e+00  3.498390e+00  
2.782482e+00  2.782484e+00  2.782485e+00  2.782487e+00  2.782491e+00  2.782495e+00  
2.782503e+00  2.782516e+00  2.782536e+00  2.782567e+00  2.782617e+00  2.782696e+00  
2.782820e+00  2.783018e+00  2.783331e+00  2.783829e+00  2.784617e+00  2.785867e+00  
2.787847e+00  2.790986e+00  2.795961e+00  2.803838e+00  2.816290e+00  2.835895e+00  
2.866443e+00  2.912849e+00  2.980963e+00  3.064399e+00  3.138879e+00  3.206652e+00  
3.268747e+00  3.326684e+00  3.382717e+00  3.437263e+00  3.490210e+00  3.541380e+00  
3.590370e+00  3.636850e+00  3.681130e+00  3.724910e+00  3.769910e+00  3.816010e+00  
3.863130e+00  3.887290e+00  3.912200e+00  3.932700e+00  3.953610e+00  3.957000e+00  
3.958080e+00  3.959710e+00  3.963590e+00  3.964250e+00  3.963500e+00  3.954580e+00  
3.212496e+00  3.212498e+00  3.212500e+00  3.212502e+00  3.212505e+00  3.212511e+00  
3.212520e+00  3.212534e+00  3.212555e+00  3.212590e+00  3.212645e+00  3.212732e+00  
3.212871e+00  3.213090e+00  3.213437e+00  3.213988e+00  3.214860e+00  3.216243e+00  
3.218436e+00  3.221912e+00  3.227418e+00  3.236135e+00  3.249900e+00  3.271512e+00  
3.304958e+00  3.354861e+00  3.425646e+00  3.508462e+00  3.578754e+00  3.640481e+00  
3.695103e+00  3.744403e+00  3.790963e+00  3.835444e+00  3.878128e+00  3.919160e+00  
3.958540e+00  3.996280e+00  4.032860e+00  4.070040e+00  4.109560e+00  4.151540e+00  
4.195860e+00  4.218960e+00  4.242890e+00  4.262650e+00  4.283020e+00  4.286710e+00  
4.288380e+00  4.289770e+00  4.292900e+00  4.293440e+00  4.292860e+00  4.286000e+00  
4.056176e+00  4.056179e+00  4.056180e+00  4.056183e+00  4.056187e+00  4.056193e+00  
4.056203e+00  4.056219e+00  4.056244e+00  4.056283e+00  4.056346e+00  4.056446e+00  
4.056605e+00  4.056857e+00  4.057256e+00  4.057888e+00  4.058891e+00  4.060479e+00  
4.062997e+00  4.066989e+00  4.073312e+00  4.083313e+00  4.099067e+00  4.123653e+00  
4.161124e+00  4.214740e+00  4.284520e+00  4.356180e+00  4.407423e+00  4.446628e+00  
4.476491e+00  4.499588e+00  4.519487e+00  4.537091e+00  4.553057e+00  4.568127e+00  
4.583750e+00  4.601020e+00  4.620390e+00  4.642360e+00  4.667670e+00  4.697310e+00  
4.731510e+00  4.749810e+00  4.769060e+00  4.785210e+00  4.802280e+00  4.806510e+00  
4.809810e+00  4.810400e+00  4.810930e+00  4.810930e+00  4.811020e+00  4.811490e+00  
4.699419e+00  4.699421e+00  4.699423e+00  4.699425e+00  4.699428e+00  4.699434e+00  
4.699442e+00  4.699456e+00  4.699477e+00  4.699511e+00  4.699565e+00  4.699651e+00  
4.699787e+00  4.700002e+00  4.700343e+00  4.700884e+00  4.701741e+00  4.703101e+00  
4.705258e+00  4.708678e+00  4.714097e+00  4.722670e+00  4.736183e+00  4.757312e+00  
4.789686e+00  4.836716e+00  4.899480e+00  4.964163e+00  5.005279e+00  5.024583e+00  
5.026066e+00  5.016735e+00  5.005385e+00  4.994567e+00  4.985223e+00  4.978433e+00  
4.976110e+00  4.979370e+00  4.987430e+00  4.997370e+00  5.007190e+00  5.020890e+00  
5.043590e+00  5.058220e+00  5.072320e+00  5.082680e+00  5.095690e+00  5.099840e+00  
5.103840e+00  5.103360e+00  5.102330e+00  5.102830e+00  5.102320e+00  5.108300e+00  
5.630474e+00  5.630476e+00  5.630477e+00  5.630479e+00  5.630482e+00  5.630486e+00  
5.630494e+00  5.630505e+00  5.630523e+00  5.630552e+00  5.630598e+00  5.630669e+00  
5.630784e+00  5.630966e+00  5.631254e+00  5.631711e+00  5.632437e+00  5.633587e+00  
5.635415e+00  5.638315e+00  5.642909e+00  5.650164e+00  5.661554e+00  5.679209e+00  
5.705664e+00  5.741721e+00  5.782998e+00  5.812394e+00  5.811940e+00  5.785029e+00  
5.737860e+00  5.680303e+00  5.623988e+00  5.572531e+00  5.526859e+00  5.487762e+00  
5.456520e+00  5.433600e+00  5.417620e+00  5.404250e+00  5.390320e+00  5.380560e+00  
5.381160e+00  5.385300e+00  5.388630e+00  5.390090e+00  5.394420e+00  5.396770e+00  
5.399890e+00  5.398750e+00  5.396730e+00  5.397500e+00  5.396620e+00  5.406450e+00  
6.294685e+00  6.294688e+00  6.294689e+00  6.294691e+00  6.294695e+00  6.294701e+00  
6.294710e+00  6.294725e+00  6.294748e+00  6.294785e+00  6.294844e+00  6.294938e+00  
6.295086e+00  6.295322e+00  6.295694e+00  6.296286e+00  6.297227e+00  6.298719e+00  
6.301088e+00  6.304844e+00  6.310786e+00  6.320136e+00  6.334687e+00  6.356747e+00  
6.387779e+00  6.421883e+00  6.437778e+00  6.408077e+00  6.340998e+00  6.262744e+00  
6.179973e+00  6.096422e+00  6.016104e+00  5.940399e+00  5.869678e+00  5.804363e+00  
5.746630e+00  5.698110e+00  5.658100e+00  5.623780e+00  5.592940e+00  5.567780e+00  
5.549330e+00  5.541600e+00  5.535040e+00  5.530820e+00  5.526830e+00  5.527430e+00  
5.529560e+00  5.528040e+00  5.525600e+00  5.525900e+00  5.525230e+00  5.535770e+00  
6.841611e+00  6.841613e+00  6.841614e+00  6.841616e+00  6.841619e+00  6.841624e+00  
6.841632e+00  6.841644e+00  6.841664e+00  6.841695e+00  6.841744e+00  6.841822e+00  
6.841946e+00  6.842141e+00  6.842451e+00  6.842945e+00  6.843728e+00  6.844974e+00  
6.846955e+00  6.850096e+00  6.855058e+00  6.862839e+00  6.874863e+00  6.892766e+00  
6.916637e+00  6.937242e+00  6.926759e+00  6.856387e+00  6.747496e+00  6.630821e+00  
6.513762e+00  6.399870e+00  6.292979e+00  6.193715e+00  6.101461e+00  6.015721e+00  
5.938636e+00  5.871930e+00  5.814600e+00  5.763410e+00  5.715810e+00  5.674090e+00  
5.639440e+00  5.623800e+00  5.609320e+00  5.598710e+00  5.588050e+00  5.587580e+00  
5.589360e+00  5.587140e+00  5.583730e+00  5.584180e+00  5.583250e+00  5.594020e+00  
7.303556e+00  7.303558e+00  7.303559e+00  7.303560e+00  7.303562e+00  7.303566e+00  
7.303572e+00  7.303581e+00  7.303596e+00  7.303619e+00  7.303656e+00  7.303715e+00  
7.303808e+00  7.303957e+00  7.304193e+00  7.304568e+00  7.305165e+00  7.306117e+00  
7.307631e+00  7.310035e+00  7.313823e+00  7.319731e+00  7.328754e+00  7.341778e+00  
7.357462e+00  7.363451e+00  7.326383e+00  7.217168e+00  7.069949e+00  6.919117e+00  
6.772346e+00  6.632617e+00  6.503337e+00  6.384370e+00  6.273941e+00  6.170748e+00  
6.076907e+00  5.994260e+00  5.921640e+00  5.855520e+00  5.793200e+00  5.737090e+00  
5.688570e+00  5.666170e+00  5.644920e+00  5.628850e+00  5.612410e+00  5.611260e+00  
5.613230e+00  5.610130e+00  5.605500e+00  5.606150e+00  5.604890e+00  5.615780e+00  
8.232086e+00  8.232082e+00  8.232080e+00  8.232076e+00  8.232071e+00  8.232062e+00  
8.232048e+00  8.232026e+00  8.231990e+00  8.231933e+00  8.231844e+00  8.231704e+00  
8.231481e+00  8.231127e+00  8.230569e+00  8.229686e+00  8.228292e+00  8.226089e+00  
8.222607e+00  8.217098e+00  8.208355e+00  8.194468e+00  8.172413e+00  8.137389e+00  
8.081803e+00  7.993918e+00  7.855927e+00  7.672431e+00  7.492903e+00  7.317660e+00  
7.147015e+00  6.981072e+00  6.820448e+00  6.666250e+00  6.518979e+00  6.379044e+00  
6.247499e+00  6.126130e+00  6.016200e+00  5.919320e+00  5.836530e+00  5.765000e+00  
5.704360e+00  5.681560e+00  5.666020e+00  5.652970e+00  5.594750e+00  5.568110e+00  
5.585890e+00  5.590510e+00  5.581360e+00  5.578350e+00  5.583280e+00  5.589080e+00  
8.619369e+00  8.619368e+00  8.619368e+00  8.619367e+00  8.619366e+00  8.619364e+00  
8.619361e+00  8.619356e+00  8.619348e+00  8.619334e+00  8.619315e+00  8.619284e+00  
8.619234e+00  8.619157e+00  8.619036e+00  8.618847e+00  8.618554e+00  8.618099e+00  
8.617388e+00  8.616261e+00  8.614430e+00  8.611400e+00  8.606184e+00  8.596414e+00  
8.575262e+00  8.520573e+00  8.383052e+00  8.139502e+00  7.868274e+00  7.610420e+00  
7.372959e+00  7.156377e+00  6.960867e+00  6.784040e+00  6.620034e+00  6.465173e+00  
6.321164e+00  6.189660e+00  6.069840e+00  5.957910e+00  5.851370e+00  5.752620e+00  
5.663030e+00  5.620660e+00  5.579450e+00  5.547390e+00  5.514620e+00  5.510140e+00  
5.510000e+00  5.505820e+00  5.499930e+00  5.500810e+00  5.499240e+00  5.504560e+00  
9.592087e+00  9.592083e+00  9.592081e+00  9.592077e+00  9.592071e+00  9.592060e+00  
9.592045e+00  9.592022e+00  9.591984e+00  9.591925e+00  9.591829e+00  9.591679e+00  
9.591443e+00  9.591069e+00  9.590481e+00  9.589554e+00  9.588094e+00  9.585794e+00  
9.582160e+00  9.576380e+00  9.567156e+00  9.552393e+00  9.528548e+00  9.489281e+00  
9.421895e+00  9.296218e+00  9.053568e+00  8.683175e+00  8.303802e+00  7.954683e+00  
7.640310e+00  7.358981e+00  7.108337e+00  6.883242e+00  6.675520e+00  6.479554e+00  
6.295518e+00  6.124113e+00  5.965380e+00  5.816630e+00  5.676150e+00  5.544700e+00  
5.422550e+00  5.364390e+00  5.307330e+00  5.263190e+00  5.219490e+00  5.207850e+00  
5.197740e+00  5.197390e+00  5.197860e+00  5.197630e+00  5.197910e+00  5.186530e+00  
1.030500e+01  1.030499e+01  1.030498e+01  1.030497e+01  1.030496e+01  1.030493e+01  
1.030490e+01  1.030484e+01  1.030474e+01  1.030459e+01  1.030435e+01  1.030397e+01  
1.030337e+01  1.030242e+01  1.030091e+01  1.029855e+01  1.029481e+01  1.028891e+01  
1.027955e+01  1.026467e+01  1.024105e+01  1.020352e+01  1.014390e+01  1.004942e+01  
9.900741e+00  9.670398e+00  9.321224e+00  8.875888e+00  8.461480e+00  8.076988e+00  
7.721272e+00  7.393525e+00  7.093499e+00  6.819702e+00  6.569998e+00  6.341601e+00  
6.130446e+00  5.933981e+00  5.753361e+00  5.588690e+00  5.437220e+00  5.287930e+00  
5.131760e+00  5.055140e+00  4.987870e+00  4.943330e+00  4.891490e+00  4.873500e+00  
4.854540e+00  4.857190e+00  4.864920e+00  4.863770e+00  4.865850e+00  4.841470e+00  
1.094698e+01  1.094697e+01  1.094696e+01  1.094695e+01  1.094693e+01  1.094689e+01  
1.094684e+01  1.094676e+01  1.094663e+01  1.094643e+01  1.094611e+01  1.094561e+01  
1.094483e+01  1.094358e+01  1.094160e+01  1.093849e+01  1.093358e+01  1.092580e+01  
1.091344e+01  1.089379e+01  1.086256e+01  1.081288e+01  1.073389e+01  1.060882e+01  
1.041241e+01  1.011012e+01  9.657149e+00  9.086726e+00  8.563388e+00  8.084850e+00  
7.649300e+00  7.253898e+00  6.896394e+00  6.573947e+00  6.282754e+00  6.018222e+00  
5.773912e+00  5.545352e+00  5.333073e+00  5.137440e+00  4.955420e+00  4.776100e+00  
4.591590e+00  4.501800e+00  4.422190e+00  4.368270e+00  4.305970e+00  4.285150e+00  
4.264090e+00  4.266670e+00  4.274380e+00  4.273090e+00  4.275090e+00  4.258430e+00  
1.124357e+01  1.124355e+01  1.124355e+01  1.124353e+01  1.124351e+01  1.124348e+01  
1.124342e+01  1.124333e+01  1.124320e+01  1.124297e+01  1.124262e+01  1.124209e+01  
1.124122e+01  1.123986e+01  1.123772e+01  1.123435e+01  1.122902e+01  1.122056e+01  
1.120708e+01  1.118566e+01  1.115153e+01  1.109713e+01  1.101047e+01  1.087298e+01  
1.065604e+01  1.031892e+01  9.805721e+00  9.151827e+00  8.551431e+00  8.009217e+00  
7.524241e+00  7.092909e+00  6.710795e+00  6.368214e+00  6.051822e+00  5.754070e+00  
5.477328e+00  5.222438e+00  4.985940e+00  4.764940e+00  4.557500e+00  4.360950e+00  
4.172740e+00  4.081300e+00  3.991830e+00  3.921900e+00  3.853280e+00  3.834440e+00  
3.817990e+00  3.817350e+00  3.819550e+00  3.819860e+00  3.818930e+00  3.818600e+00  
1.147387e+01  1.147385e+01  1.147384e+01  1.147383e+01  1.147379e+01  1.147375e+01  
1.147368e+01  1.147358e+01  1.147342e+01  1.147316e+01  1.147276e+01  1.147212e+01  
1.147111e+01  1.146952e+01  1.146702e+01  1.146306e+01  1.145681e+01  1.144686e+01  
1.143101e+01  1.140580e+01  1.136560e+01  1.130145e+01  1.119945e+01  1.103806e+01  
1.078557e+01  1.040142e+01  9.835788e+00  9.135741e+00  8.507154e+00  7.942302e+00  
7.435173e+00  6.978107e+00  6.563422e+00  6.186608e+00  5.843934e+00  5.531074e+00  
5.242328e+00  4.973362e+00  4.722716e+00  4.487685e+00  4.265930e+00  4.055210e+00  
3.854880e+00  3.758470e+00  3.661360e+00  3.583690e+00  3.509230e+00  3.491670e+00  
3.477590e+00  3.475770e+00  3.473810e+00  3.473410e+00  3.473410e+00  3.480000e+00  
1.160147e+01  1.160145e+01  1.160144e+01  1.160142e+01  1.160140e+01  1.160135e+01  
1.160128e+01  1.160117e+01  1.160100e+01  1.160073e+01  1.160029e+01  1.159962e+01  
1.159854e+01  1.159685e+01  1.159420e+01  1.159001e+01  1.158337e+01  1.157278e+01  
1.155591e+01  1.152904e+01  1.148611e+01  1.141753e+01  1.130847e+01  1.113586e+01  
1.086621e+01  1.045723e+01  9.857823e+00  9.118839e+00  8.459232e+00  7.869718e+00  
7.342278e+00  6.867894e+00  6.437741e+00  6.046685e+00  5.690660e+00  5.365042e+00  
5.063801e+00  4.782485e+00  4.520017e+00  4.274609e+00  4.044216e+00  3.824640e+00  
3.612420e+00  3.509210e+00  3.406180e+00  3.324310e+00  3.244270e+00  3.226650e+00  
3.213800e+00  3.210290e+00  3.206190e+00  3.207050e+00  3.205690e+00  3.214960e+00  
1.172593e+01  1.172591e+01  1.172590e+01  1.172588e+01  1.172585e+01  1.172580e+01  
1.172573e+01  1.172561e+01  1.172543e+01  1.172513e+01  1.172468e+01  1.172395e+01  
1.172281e+01  1.172103e+01  1.171822e+01  1.171380e+01  1.170673e+01  1.169545e+01  
1.167743e+01  1.164863e+01  1.160243e+01  1.152857e+01  1.141093e+01  1.122467e+01  
1.093428e+01  1.049540e+01  9.855912e+00  9.070809e+00  8.374550e+00  7.756209e+00  
7.204528e+00  6.708521e+00  6.258100e+00  5.847881e+00  5.473849e+00  5.131558e+00  
4.815477e+00  4.521158e+00  4.246325e+00  3.987172e+00  3.740370e+00  3.503820e+00  
3.275040e+00  3.163100e+00  3.050480e+00  2.960120e+00  2.870900e+00  2.850130e+00  
2.835180e+00  2.832340e+00  2.827300e+00  2.826470e+00  2.827100e+00  2.833260e+00  
1.177077e+01  1.177075e+01  1.177074e+01  1.177072e+01  1.177069e+01  1.177064e+01  
1.177055e+01  1.177043e+01  1.177024e+01  1.176995e+01  1.176947e+01  1.176873e+01  
1.176757e+01  1.176576e+01  1.176293e+01  1.175843e+01  1.175120e+01  1.173964e+01  
1.172115e+01  1.169144e+01  1.164362e+01  1.156710e+01  1.144492e+01  1.125158e+01  
1.095028e+01  1.049562e+01  9.834758e+00  9.024642e+00  8.308074e+00  7.673112e+00  
7.107324e+00  6.599086e+00  6.138153e+00  5.718928e+00  5.337023e+00  4.987549e+00  
4.664501e+00  4.362996e+00  4.080303e+00  3.812028e+00  3.554130e+00  3.304272e+00  
3.060150e+00  2.939700e+00  2.818970e+00  2.722240e+00  2.623790e+00  2.598980e+00  
2.580440e+00  2.577730e+00  2.573860e+00  2.573230e+00  2.573520e+00  2.575150e+00  
1.175403e+01  1.175401e+01  1.175400e+01  1.175398e+01  1.175394e+01  1.175389e+01  
1.175381e+01  1.175369e+01  1.175351e+01  1.175320e+01  1.175273e+01  1.175202e+01  
1.175091e+01  1.174918e+01  1.174646e+01  1.174206e+01  1.173497e+01  1.172357e+01  
1.170509e+01  1.167495e+01  1.162627e+01  1.154777e+01  1.142210e+01  1.122327e+01  
1.091363e+01  1.044747e+01  9.770450e+00  8.941137e+00  8.209595e+00  7.559747e+00  
6.980073e+00  6.459467e+00  5.988449e+00  5.561186e+00  5.172729e+00  4.817578e+00  
4.489065e+00  4.181519e+00  3.891330e+00  3.612666e+00  3.339704e+00  3.067397e+00  
2.790970e+00  2.649370e+00  2.503670e+00  2.384130e+00  2.263570e+00  2.232790e+00  
2.208000e+00  2.205090e+00  2.202680e+00  2.202360e+00  2.202080e+00  2.199360e+00  
1.168167e+01  1.168165e+01  1.168164e+01  1.168162e+01  1.168159e+01  1.168154e+01  
1.168147e+01  1.168134e+01  1.168116e+01  1.168087e+01  1.168044e+01  1.167977e+01  
1.167877e+01  1.167721e+01  1.167471e+01  1.167060e+01  1.166395e+01  1.165311e+01  
1.163517e+01  1.160569e+01  1.155766e+01  1.147961e+01  1.135468e+01  1.115685e+01  
1.084963e+01  1.038820e+01  9.716719e+00  8.894153e+00  8.167779e+00  7.519387e+00  
6.939090e+00  6.416991e+00  5.944644e+00  5.516397e+00  5.127297e+00  4.771897e+00  
4.443524e+00  4.136340e+00  3.846016e+00  3.565429e+00  3.286597e+00  3.000622e+00  
2.696820e+00  2.534240e+00  2.359690e+00  2.211760e+00  2.069680e+00  2.036830e+00  
2.009600e+00  2.005920e+00  2.002590e+00  2.002200e+00  2.001910e+00  2.002790e+00  
1.151109e+01  1.151107e+01  1.151106e+01  1.151104e+01  1.151101e+01  1.151097e+01  
1.151090e+01  1.151080e+01  1.151064e+01  1.151040e+01  1.151005e+01  1.150954e+01  
1.150881e+01  1.150764e+01  1.150565e+01  1.150233e+01  1.149680e+01  1.148723e+01  
1.147085e+01  1.144341e+01  1.139745e+01  1.132250e+01  1.120199e+01  1.101182e+01  
1.071820e+01  1.027783e+01  9.636513e+00  8.847922e+00  8.144334e+00  7.510750e+00  
6.940270e+00  6.426183e+00  5.962670e+00  5.543970e+00  5.164040e+00  4.815980e+00  
4.491079e+00  4.182567e+00  3.887744e+00  3.602451e+00  3.318304e+00  3.016092e+00  
2.672321e+00  2.477411e+00  2.260090e+00  2.066210e+00  1.867150e+00  1.824480e+00  
1.801350e+00  1.798470e+00  1.791640e+00  1.790210e+00  1.791400e+00  1.804940e+00  
1.139143e+01  1.139141e+01  1.139140e+01  1.139138e+01  1.139136e+01  1.139131e+01  
1.139125e+01  1.139116e+01  1.139102e+01  1.139083e+01  1.139059e+01  1.139026e+01  
1.138980e+01  1.138896e+01  1.138746e+01  1.138490e+01  1.138026e+01  1.137161e+01  
1.135647e+01  1.133002e+01  1.128527e+01  1.121182e+01  1.109372e+01  1.090870e+01  
1.062469e+01  1.019807e+01  9.585391e+00  8.829891e+00  8.151696e+00  7.538087e+00  
6.982602e+00  6.478881e+00  6.021465e+00  5.605982e+00  5.228270e+00  4.883798e+00  
4.567024e+00  4.272259e+00  3.993381e+00  3.719643e+00  3.435912e+00  3.118007e+00  
2.734089e+00  2.505507e+00  2.242380e+00  2.004280e+00  1.768520e+00  1.722260e+00  
1.694690e+00  1.691000e+00  1.683830e+00  1.682360e+00  1.683830e+00  1.706770e+00  
1.128831e+01  1.128829e+01  1.128828e+01  1.128827e+01  1.128824e+01  1.128820e+01  
1.128815e+01  1.128808e+01  1.128797e+01  1.128784e+01  1.128771e+01  1.128758e+01  
1.128737e+01  1.128688e+01  1.128594e+01  1.128412e+01  1.128023e+01  1.127256e+01  
1.125848e+01  1.123290e+01  1.118940e+01  1.111744e+01  1.100235e+01  1.082331e+01  
1.054927e+01  1.013831e+01  9.550330e+00  8.824042e+00  8.167993e+00  7.571837e+00  
7.030364e+00  6.538294e+00  6.091219e+00  5.685056e+00  5.315855e+00  4.979153e+00  
4.669429e+00  4.380883e+00  4.107155e+00  3.836834e+00  3.552969e+00  3.226769e+00  
2.818601e+00  2.567420e+00  2.269678e+00  1.994500e+00  1.715340e+00  1.659450e+00  
1.630870e+00  1.628140e+00  1.621050e+00  1.619360e+00  1.621310e+00  1.647500e+00  
1.120652e+01  1.120650e+01  1.120649e+01  1.120648e+01  1.120645e+01  1.120641e+01  
1.120637e+01  1.120631e+01  1.120623e+01  1.120618e+01  1.120616e+01  1.120623e+01  
1.120626e+01  1.120613e+01  1.120572e+01  1.120454e+01  1.120127e+01  1.119446e+01  
1.118098e+01  1.115600e+01  1.111310e+01  1.104195e+01  1.092907e+01  1.075476e+01  
1.048709e+01  1.009240e+01  9.525987e+00  8.824160e+00  8.187520e+00  7.607108e+00  
7.078680e+00  6.597841e+00  6.160949e+00  5.764219e+00  5.403700e+00  5.074890e+00  
4.772137e+00  4.489463e+00  4.220414e+00  3.953242e+00  3.669805e+00  3.338031e+00  
2.911670e+00  2.642269e+00  2.315101e+00  2.006690e+00  1.686200e+00  1.619980e+00  
1.589320e+00  1.587540e+00  1.580940e+00  1.579150e+00  1.581410e+00  1.607850e+00  
1.108456e+01  1.108454e+01  1.108454e+01  1.108452e+01  1.108450e+01  1.108447e+01  
1.108444e+01  1.108442e+01  1.108442e+01  1.108452e+01  1.108478e+01  1.108518e+01  
1.108567e+01  1.108628e+01  1.108686e+01  1.108666e+01  1.108453e+01  1.107887e+01  
1.106589e+01  1.104148e+01  1.099859e+01  1.092821e+01  1.081843e+01  1.065093e+01  
1.039420e+01  1.002675e+01  9.495467e+00  8.832519e+00  8.227947e+00  7.674208e+00  
7.168497e+00  6.707747e+00  6.289500e+00  5.910255e+00  5.566050e+00  5.252205e+00  
4.962518e+00  4.690676e+00  4.430201e+00  4.169139e+00  3.887970e+00  3.550262e+00  
3.099182e+00  2.802290e+00  2.427526e+00  2.061951e+00  1.665540e+00  1.578050e+00  
1.539960e+00  1.539450e+00  1.533950e+00  1.532080e+00  1.534620e+00  1.558490e+00  
1.099882e+01  1.099881e+01  1.099880e+01  1.099878e+01  1.099877e+01  1.099875e+01  
1.099874e+01  1.099876e+01  1.099886e+01  1.099912e+01  1.099963e+01  1.100037e+01  
1.100134e+01  1.100266e+01  1.100409e+01  1.100463e+01  1.100353e+01  1.099830e+01  
1.098553e+01  1.096086e+01  1.091728e+01  1.084712e+01  1.073951e+01  1.057400e+01  
1.033040e+01  9.982989e+00  9.478441e+00  8.845197e+00  8.265723e+00  7.733384e+00  
7.246361e+00  6.802457e+00  6.400056e+00  6.035876e+00  5.705897e+00  5.405246e+00  
5.127203e+00  4.865076e+00  4.612516e+00  4.357557e+00  4.079978e+00  3.740799e+00  
3.275233e+00  2.959148e+00  2.548041e+00  2.135430e+00  1.670720e+00  1.561940e+00  
1.512980e+00  1.512780e+00  1.508000e+00  1.506070e+00  1.508660e+00  1.529050e+00  
1.092183e+01  1.092182e+01  1.092182e+01  1.092181e+01  1.092180e+01  1.092181e+01  
1.092187e+01  1.092202e+01  1.092239e+01  1.092309e+01  1.092418e+01  1.092568e+01  
1.092787e+01  1.093073e+01  1.093349e+01  1.093566e+01  1.093543e+01  1.092982e+01  
1.091569e+01  1.088747e+01  1.084002e+01  1.076693e+01  1.065666e+01  1.049015e+01  
1.026180e+01  9.933221e+00  9.456951e+00  8.862856e+00  8.323699e+00  7.832409e+00  
7.385821e+00  6.980347e+00  6.612817e+00  6.279857e+00  5.977507e+00  5.700647e+00  
5.441804e+00  5.194279e+00  4.953899e+00  4.712761e+00  4.453151e+00  4.132192e+00  
3.665868e+00  3.321765e+00  2.836500e+00  2.325831e+00  1.728680e+00  1.567620e+00  
1.485270e+00  1.481900e+00  1.475820e+00  1.475060e+00  1.472730e+00  1.489450e+00  
1.085578e+01  1.085577e+01  1.085576e+01  1.085577e+01  1.085578e+01  1.085583e+01  
1.085597e+01  1.085630e+01  1.085698e+01  1.085812e+01  1.085974e+01  1.086213e+01  
1.086551e+01  1.086952e+01  1.087351e+01  1.087682e+01  1.087655e+01  1.087044e+01  
1.085415e+01  1.082314e+01  1.077350e+01  1.069991e+01  1.058416e+01  1.043061e+01  
1.021661e+01  9.906563e+00  9.455400e+00  8.892305e+00  8.380816e+00  7.914858e+00  
7.491618e+00  7.107902e+00  6.760848e+00  6.447375e+00  6.163731e+00  5.904898e+00  
5.663314e+00  5.432166e+00  5.207415e+00  4.981086e+00  4.735136e+00  4.424965e+00  
3.960083e+00  3.606745e+00  3.094711e+00  2.532116e+00  1.809660e+00  1.597130e+00  
1.477320e+00  1.470540e+00  1.461270e+00  1.459300e+00  1.457350e+00  1.469480e+00  
1.073406e+01  1.073406e+01  1.073406e+01  1.073408e+01  1.073414e+01  1.073431e+01  
1.073467e+01  1.073542e+01  1.073675e+01  1.073865e+01  1.074149e+01  1.074564e+01  
1.075093e+01  1.075674e+01  1.076285e+01  1.076657e+01  1.076596e+01  1.075741e+01  
1.073699e+01  1.070249e+01  1.065180e+01  1.057098e+01  1.046825e+01  1.033637e+01  
1.015001e+01  9.876342e+00  9.471359e+00  8.957749e+00  8.483189e+00  8.045163e+00  
7.643902e+00  7.279744e+00  6.953337e+00  6.662511e+00  6.403657e+00  6.171742e+00  
5.958877e+00  5.757492e+00  5.561874e+00  5.360610e+00  5.134017e+00  4.843303e+00  
4.399053e+00  4.049003e+00  3.518050e+00  2.888440e+00  1.980589e+00  1.700900e+00  
1.478520e+00  1.457190e+00  1.449260e+00  1.447820e+00  1.441270e+00  1.449650e+00  
1.070808e+01  1.070808e+01  1.070810e+01  1.070815e+01  1.070828e+01  1.070858e+01  
1.070923e+01  1.071043e+01  1.071230e+01  1.071500e+01  1.071909e+01  1.072472e+01  
1.073125e+01  1.073872e+01  1.074536e+01  1.074869e+01  1.074635e+01  1.073395e+01  
1.070941e+01  1.067151e+01  1.061560e+01  1.053142e+01  1.043683e+01  1.031254e+01  
1.013491e+01  9.872599e+00  9.483628e+00  8.990427e+00  8.535226e+00  8.115956e+00  
7.732710e+00  7.385856e+00  7.076063e+00  6.801381e+00  6.558650e+00  6.343200e+00  
6.147571e+00  5.964472e+00  5.788412e+00  5.607970e+00  5.403968e+00  5.139891e+00  
4.725817e+00  4.387442e+00  3.853857e+00  3.187527e+00  2.145228e+00  1.799020e+00  
1.495460e+00  1.459860e+00  1.442270e+00  1.440130e+00  1.431380e+00  1.439660e+00  
1.070378e+01  1.070380e+01  1.070382e+01  1.070391e+01  1.070413e+01  1.070459e+01  
1.070555e+01  1.070717e+01  1.070956e+01  1.071314e+01  1.071840e+01  1.072514e+01  
1.073287e+01  1.074142e+01  1.074787e+01  1.075052e+01  1.074557e+01  1.072965e+01  
1.070161e+01  1.066128e+01  1.059413e+01  1.051691e+01  1.042683e+01  1.030650e+01  
1.013300e+01  9.875880e+00  9.494763e+00  9.012813e+00  8.569538e+00  8.162711e+00  
7.792027e+00  7.457355e+00  7.158835e+00  6.894914e+00  6.663165e+00  6.459958e+00  
6.279223e+00  6.114279e+00  5.957994e+00  5.794929e+00  5.603148e+00  5.350132e+00  
4.956294e+00  4.639986e+00  4.142584e+00  3.481058e+00  2.298266e+00  1.877970e+00  
1.514970e+00  1.470520e+00  1.438370e+00  1.431630e+00  1.430340e+00  1.433660e+00  
1.070062e+01  1.070064e+01  1.070069e+01  1.070082e+01  1.070113e+01  1.070179e+01  
1.070306e+01  1.070508e+01  1.070800e+01  1.071246e+01  1.071878e+01  1.072638e+01  
1.073532e+01  1.074426e+01  1.075045e+01  1.075191e+01  1.074418e+01  1.072524e+01  
1.069455e+01  1.065141e+01  1.057914e+01  1.050644e+01  1.041968e+01  1.030238e+01  
1.013205e+01  9.878929e+00  9.503862e+00  9.030470e+00  8.596068e+00  8.198433e+00  
7.836921e+00  7.511100e+00  7.220731e+00  6.964462e+00  6.740345e+00  6.545339e+00  
6.374265e+00  6.221204e+00  6.079433e+00  5.933683e+00  5.761649e+00  5.528864e+00  
5.154999e+00  4.850589e+00  4.367992e+00  3.708314e+00  2.450389e+00  1.969266e+00  
1.533050e+00  1.476620e+00  1.436340e+00  1.428730e+00  1.426790e+00  1.429690e+00  
1.069792e+01  1.069798e+01  1.069808e+01  1.069832e+01  1.069886e+01  1.069995e+01  
1.070181e+01  1.070455e+01  1.070868e+01  1.071478e+01  1.072271e+01  1.073201e+01  
1.074260e+01  1.075142e+01  1.075679e+01  1.075481e+01  1.074220e+01  1.071836e+01  
1.068432e+01  1.062503e+01  1.056125e+01  1.049486e+01  1.041343e+01  1.030133e+01  
1.013664e+01  9.889937e+00  9.522106e+00  9.056833e+00  8.630655e+00  8.243442e+00  
7.894141e+00  7.581231e+00  7.303262e+00  7.058805e+00  6.846170e+00  6.663086e+00  
6.506095e+00  6.370696e+00  6.250419e+00  6.129595e+00  5.986481e+00  5.790821e+00  
5.467448e+00  5.191923e+00  4.730411e+00  4.063295e+00  2.709229e+00  2.152245e+00  
1.578460e+00  1.493270e+00  1.431610e+00  1.425230e+00  1.415360e+00  1.424760e+00  
1.071725e+01  1.071736e+01  1.071752e+01  1.071789e+01  1.071870e+01  1.072022e+01  
1.072260e+01  1.072611e+01  1.073144e+01  1.073900e+01  1.074810e+01  1.075905e+01  
1.077009e+01  1.077855e+01  1.078219e+01  1.077638e+01  1.075955e+01  1.073202e+01  
1.069313e+01  1.062679e+01  1.056789e+01  1.050420e+01  1.042406e+01  1.031187e+01  
1.014585e+01  9.897506e+00  9.530239e+00  9.070011e+00  8.651254e+00  8.271542e+00  
7.929592e+00  7.624093e+00  7.353784e+00  7.117468e+00  6.913502e+00  6.739249e+00  
6.589839e+00  6.461221e+00  6.351988e+00  6.256797e+00  6.157858e+00  6.001078e+00  
5.689362e+00  5.421439e+00  4.997470e+00  4.375892e+00  2.959373e+00  2.311744e+00  
1.607920e+00  1.503520e+00  1.433460e+00  1.425680e+00  1.418740e+00  1.421770e+00  
1.071093e+01  1.071119e+01  1.071156e+01  1.071236e+01  1.071391e+01  1.071639e+01  
1.072005e+01  1.072564e+01  1.073370e+01  1.074367e+01  1.075576e+01  1.076869e+01  
1.077939e+01  1.078592e+01  1.078336e+01  1.076980e+01  1.074560e+01  1.071267e+01  
1.064962e+01  1.059675e+01  1.054600e+01  1.048859e+01  1.041373e+01  1.030642e+01  
1.014566e+01  9.903896e+00  9.545684e+00  9.096402e+00  8.687367e+00  8.316625e+00  
7.982994e+00  7.685354e+00  7.422815e+00  7.194888e+00  7.001192e+00  6.840679e+00  
6.711130e+00  6.609803e+00  6.532891e+00  6.468524e+00  6.397503e+00  6.285835e+00  
6.056296e+00  5.841634e+00  5.475805e+00  4.907205e+00  3.458425e+00  2.664248e+00  
1.698050e+00  1.548570e+00  1.436930e+00  1.426360e+00  1.410880e+00  1.417780e+00  
1.071044e+01  1.071092e+01  1.071156e+01  1.071285e+01  1.071511e+01  1.071844e+01  
1.072351e+01  1.073108e+01  1.074110e+01  1.075312e+01  1.076729e+01  1.078019e+01  
1.079011e+01  1.079271e+01  1.078443e+01  1.076501e+01  1.073693e+01  1.068365e+01  
1.062899e+01  1.058268e+01  1.053671e+01  1.048307e+01  1.041132e+01  1.030688e+01  
1.014914e+01  9.910742e+00  9.556273e+00  9.111152e+00  8.705558e+00  8.337966e+00  
8.007544e+00  7.713713e+00  7.456133e+00  7.234466e+00  7.048330e+00  6.896635e+00  
6.776965e+00  6.686928e+00  6.624406e+00  6.580610e+00  6.539361e+00  6.466810e+00  
6.290703e+00  6.111345e+00  5.783778e+00  5.260813e+00  3.847454e+00  2.973292e+00  
1.784820e+00  1.589190e+00  1.443780e+00  1.428630e+00  1.412340e+00  1.415800e+00  
1.072577e+01  1.072685e+01  1.072813e+01  1.073042e+01  1.073386e+01  1.073906e+01  
1.074691e+01  1.075756e+01  1.077040e+01  1.078594e+01  1.080077e+01  1.081294e+01  
1.081839e+01  1.081278e+01  1.079570e+01  1.076960e+01  1.072088e+01  1.066469e+01  
1.062082e+01  1.058159e+01  1.054067e+01  1.049047e+01  1.042085e+01  1.031747e+01  
1.015991e+01  9.921010e+00  9.565989e+00  9.121640e+00  8.718415e+00  8.354771e+00  
8.029627e+00  7.742125e+00  7.491734e+00  7.277985e+00  7.100267e+00  6.957202e+00  
6.845769e+00  6.764321e+00  6.714997e+00  6.697660e+00  6.702362e+00  6.685734e+00  
6.570000e+00  6.433876e+00  6.178936e+00  5.733549e+00  4.383024e+00  3.469805e+00  
1.960554e+00  1.684930e+00  1.458980e+00  1.435510e+00  1.409900e+00  1.413810e+00  
1.071058e+01  1.071245e+01  1.071442e+01  1.071755e+01  1.072220e+01  1.072935e+01  
1.073959e+01  1.075225e+01  1.076787e+01  1.078453e+01  1.079907e+01  1.080898e+01  
1.080866e+01  1.079656e+01  1.077384e+01  1.074270e+01  1.067737e+01  1.063074e+01  
1.059297e+01  1.055836e+01  1.052109e+01  1.047396e+01  1.040725e+01  1.030713e+01  
1.015367e+01  9.920002e+00  9.571010e+00  9.131961e+00  8.731545e+00  8.369150e+00  
8.044596e+00  7.758053e+00  7.509960e+00  7.299729e+00  7.126270e+00  6.988423e+00  
6.884809e+00  6.814539e+00  6.777984e+00  6.770346e+00  6.781186e+00  6.784448e+00  
6.718598e+00  6.619801e+00  6.423835e+00  6.069753e+00  4.794705e+00  3.770954e+00  
2.136604e+00  1.809680e+00  1.473910e+00  1.427970e+00  1.412440e+00  1.412800e+00  
1.071011e+01  1.071288e+01  1.071549e+01  1.071941e+01  1.072538e+01  1.073434e+01  
1.074636e+01  1.076094e+01  1.077847e+01  1.079510e+01  1.080897e+01  1.081527e+01  
1.080984e+01  1.079253e+01  1.076662e+01  1.071356e+01  1.065864e+01  1.061762e+01  
1.058381e+01  1.055209e+01  1.051690e+01  1.047122e+01  1.040555e+01  1.030625e+01  
1.015355e+01  9.920793e+00  9.573198e+00  9.135988e+00  8.737231e+00  8.376266e+00  
8.053011e+00  7.767916e+00  7.521633e+00  7.313651e+00  7.142850e+00  7.008172e+00  
6.908168e+00  6.842146e+00  6.810949e+00  6.810769e+00  6.833098e+00  6.856079e+00  
6.824361e+00  6.750237e+00  6.586889e+00  6.277925e+00  5.097938e+00  4.070073e+00  
2.286832e+00  1.904790e+00  1.493920e+00  1.434910e+00  1.416010e+00  1.412210e+00  
1.070849e+01  1.071225e+01  1.071544e+01  1.072016e+01  1.072745e+01  1.073806e+01  
1.075142e+01  1.076794e+01  1.078626e+01  1.080273e+01  1.081515e+01  1.081754e+01  
1.080772e+01  1.078657e+01  1.075815e+01  1.069248e+01  1.064396e+01  1.060693e+01  
1.057602e+01  1.054642e+01  1.051272e+01  1.046810e+01  1.040320e+01  1.030455e+01  
1.015249e+01  9.920597e+00  9.574349e+00  9.138939e+00  8.741942e+00  8.382645e+00  
8.060789e+00  7.776514e+00  7.530250e+00  7.322127e+00  7.152136e+00  7.019878e+00  
6.923681e+00  6.862428e+00  6.836081e+00  6.838979e+00  6.863266e+00  6.898366e+00  
6.908826e+00  6.865354e+00  6.709283e+00  6.379901e+00  5.308288e+00  4.401284e+00  
2.424126e+00  1.969214e+00  1.514600e+00  1.459950e+00  1.411100e+00  1.411800e+00  
1.070870e+01  1.071454e+01  1.071878e+01  1.072527e+01  1.073504e+01  1.074812e+01  
1.076410e+01  1.078334e+01  1.080176e+01  1.081745e+01  1.082520e+01  1.082080e+01  
1.080373e+01  1.077812e+01  1.072314e+01  1.066698e+01  1.062637e+01  1.059484e+01  
1.056796e+01  1.054121e+01  1.050947e+01  1.046619e+01  1.040223e+01  1.030425e+01  
1.015279e+01  9.921553e+00  9.576238e+00  9.142157e+00  8.746629e+00  8.388911e+00  
8.068704e+00  7.786108e+00  7.541543e+00  7.335169e+00  7.167106e+00  7.037156e+00  
6.943868e+00  6.886443e+00  6.865163e+00  6.874918e+00  6.909203e+00  6.960909e+00  
7.003068e+00  6.988167e+00  6.878931e+00  6.608353e+00  5.646215e+00  4.786656e+00  
2.698147e+00  2.145743e+00  1.553500e+00  1.476980e+00  1.413000e+00  1.411300e+00  
1.070835e+01  1.071629e+01  1.072106e+01  1.072983e+01  1.074182e+01  1.075673e+01  
1.077524e+01  1.079468e+01  1.081382e+01  1.082809e+01  1.082986e+01  1.081957e+01  
1.079777e+01  1.076835e+01  1.069788e+01  1.064984e+01  1.061435e+01  1.058658e+01  
1.056243e+01  1.053764e+01  1.050731e+01  1.046508e+01  1.040203e+01  1.030496e+01  
1.015450e+01  9.924178e+00  9.579161e+00  9.144600e+00  8.748490e+00  8.391021e+00  
8.071864e+00  7.790877e+00  7.548231e+00  7.343866e+00  7.177673e+00  7.049221e+00  
6.957181e+00  6.900945e+00  6.881594e+00  6.895697e+00  6.938098e+00  7.000603e+00  
7.059789e+00  7.063497e+00  6.991832e+00  6.769773e+00  5.883934e+00  5.077419e+00  
2.939431e+00  2.310722e+00  1.596070e+00  1.490600e+00  1.416530e+00  1.410990e+00  
