7.387509e-01  7.387515e-01  7.387519e-01  7.387525e-01  7.387534e-01  7.387549e-01  
7.387572e-01  7.387609e-01  7.387667e-01  7.387759e-01  7.387906e-01  7.388138e-01  
7.388505e-01  7.389088e-01  7.390012e-01  7.391475e-01  7.393795e-01  7.397471e-01  
7.403298e-01  7.412534e-01  7.427173e-01  7.450382e-01  7.487192e-01  7.545624e-01  
7.638599e-01  7.787362e-01  8.027019e-01  8.358591e-01  8.698784e-01  9.048671e-01  
9.410942e-01  9.789592e-01  1.019056e+00  1.061783e+00  1.107574e+00  1.157080e+00  
1.211180e+00  1.269750e+00  1.329340e+00  1.381110e+00  1.416240e+00  1.438180e+00  
1.452570e+00  1.457940e+00  1.466250e+00  1.474030e+00  1.470780e+00  1.469270e+00  
1.469620e+00  1.469680e+00  1.469430e+00  1.469480e+00  1.469350e+00  1.469420e+00  
1.041781e+00  1.041782e+00  1.041782e+00  1.041783e+00  1.041784e+00  1.041786e+00  
1.041788e+00  1.041793e+00  1.041799e+00  1.041810e+00  1.041827e+00  1.041853e+00  
1.041896e+00  1.041963e+00  1.042070e+00  1.042238e+00  1.042506e+00  1.042930e+00  
1.043602e+00  1.044667e+00  1.046356e+00  1.049035e+00  1.053285e+00  1.060046e+00  
1.070851e+00  1.088330e+00  1.117007e+00  1.157580e+00  1.200275e+00  1.245218e+00  
1.292499e+00  1.342195e+00  1.394372e+00  1.448979e+00  1.505908e+00  1.564870e+00  
1.625230e+00  1.686010e+00  1.745730e+00  1.801930e+00  1.850360e+00  1.883690e+00  
1.892900e+00  1.889560e+00  1.891110e+00  1.898260e+00  1.899400e+00  1.897430e+00  
1.898210e+00  1.898670e+00  1.898540e+00  1.898390e+00  1.898720e+00  1.898460e+00  
1.310317e+00  1.310318e+00  1.310319e+00  1.310319e+00  1.310321e+00  1.310323e+00  
1.310326e+00  1.310331e+00  1.310340e+00  1.310353e+00  1.310375e+00  1.310409e+00  
1.310462e+00  1.310547e+00  1.310682e+00  1.310895e+00  1.311233e+00  1.311769e+00  
1.312619e+00  1.313966e+00  1.316100e+00  1.319485e+00  1.324857e+00  1.333392e+00  
1.347012e+00  1.368944e+00  1.404661e+00  1.454711e+00  1.506711e+00  1.560678e+00  
1.616591e+00  1.674368e+00  1.733900e+00  1.794967e+00  1.857243e+00  1.920270e+00  
1.983320e+00  2.045330e+00  2.104810e+00  2.159710e+00  2.207420e+00  2.245490e+00  
2.267310e+00  2.266680e+00  2.253860e+00  2.237730e+00  2.254520e+00  2.272210e+00  
2.265740e+00  2.261750e+00  2.262360e+00  2.263340e+00  2.261060e+00  2.262580e+00  
1.796976e+00  1.796977e+00  1.796978e+00  1.796979e+00  1.796981e+00  1.796984e+00  
1.796988e+00  1.796995e+00  1.797007e+00  1.797025e+00  1.797053e+00  1.797098e+00  
1.797170e+00  1.797283e+00  1.797462e+00  1.797747e+00  1.798197e+00  1.798912e+00  
1.800044e+00  1.801838e+00  1.804683e+00  1.809194e+00  1.816347e+00  1.827698e+00  
1.845743e+00  1.874552e+00  1.920768e+00  1.984223e+00  2.048484e+00  2.113349e+00  
2.178594e+00  2.243952e+00  2.309182e+00  2.374056e+00  2.438384e+00  2.502300e+00  
2.566310e+00  2.630260e+00  2.691800e+00  2.746310e+00  2.788490e+00  2.815980e+00  
2.830160e+00  2.835160e+00  2.840950e+00  2.846580e+00  2.851430e+00  2.851640e+00  
2.850270e+00  2.850040e+00  2.850160e+00  2.850250e+00  2.850190e+00  2.850190e+00  
2.207699e+00  2.207701e+00  2.207702e+00  2.207703e+00  2.207705e+00  2.207709e+00  
2.207715e+00  2.207725e+00  2.207740e+00  2.207763e+00  2.207801e+00  2.207860e+00  
2.207955e+00  2.208104e+00  2.208341e+00  2.208716e+00  2.209312e+00  2.210256e+00  
2.211752e+00  2.214125e+00  2.217883e+00  2.223841e+00  2.233278e+00  2.248213e+00  
2.271791e+00  2.308794e+00  2.366377e+00  2.442258e+00  2.515331e+00  2.585440e+00  
2.652759e+00  2.718026e+00  2.782393e+00  2.845907e+00  2.908247e+00  2.969350e+00  
3.029280e+00  3.087620e+00  3.142440e+00  3.190460e+00  3.228430e+00  3.256420e+00  
3.274690e+00  3.280890e+00  3.289820e+00  3.299940e+00  3.307350e+00  3.307740e+00  
3.304690e+00  3.304190e+00  3.304550e+00  3.304570e+00  3.304670e+00  3.304600e+00  
2.566658e+00  2.566660e+00  2.566661e+00  2.566663e+00  2.566666e+00  2.566670e+00  
2.566678e+00  2.566689e+00  2.566708e+00  2.566737e+00  2.566783e+00  2.566856e+00  
2.566971e+00  2.567154e+00  2.567445e+00  2.567905e+00  2.568634e+00  2.569789e+00  
2.571621e+00  2.574524e+00  2.579124e+00  2.586414e+00  2.597951e+00  2.616170e+00  
2.644776e+00  2.689070e+00  2.756290e+00  2.841737e+00  2.920190e+00  2.991635e+00  
3.056905e+00  3.118030e+00  3.177893e+00  3.236928e+00  3.294672e+00  3.350670e+00  
3.404380e+00  3.454970e+00  3.501480e+00  3.542980e+00  3.578410e+00  3.606770e+00  
3.627030e+00  3.635080e+00  3.646590e+00  3.659660e+00  3.670420e+00  3.670290e+00  
3.666450e+00  3.665750e+00  3.666130e+00  3.666360e+00  3.666230e+00  3.666300e+00  
2.885572e+00  2.885574e+00  2.885576e+00  2.885578e+00  2.885581e+00  2.885586e+00  
2.885595e+00  2.885608e+00  2.885629e+00  2.885663e+00  2.885715e+00  2.885799e+00  
2.885932e+00  2.886143e+00  2.886477e+00  2.887007e+00  2.887846e+00  2.889176e+00  
2.891284e+00  2.894626e+00  2.899923e+00  2.908311e+00  2.921581e+00  2.942503e+00  
2.975226e+00  3.025399e+00  3.100116e+00  3.192390e+00  3.273684e+00  3.344183e+00  
3.405294e+00  3.460226e+00  3.513432e+00  3.565719e+00  3.616689e+00  3.665870e+00  
3.712660e+00  3.756290e+00  3.796070e+00  3.831640e+00  3.862730e+00  3.889370e+00  
3.911880e+00  3.922620e+00  3.936780e+00  3.951530e+00  3.963830e+00  3.963950e+00  
3.959800e+00  3.959020e+00  3.959460e+00  3.959720e+00  3.959560e+00  3.959670e+00  
3.429849e+00  3.429852e+00  3.429853e+00  3.429856e+00  3.429860e+00  3.429866e+00  
3.429876e+00  3.429892e+00  3.429917e+00  3.429958e+00  3.430021e+00  3.430122e+00  
3.430281e+00  3.430534e+00  3.430934e+00  3.431569e+00  3.432575e+00  3.434170e+00  
3.436697e+00  3.440703e+00  3.447052e+00  3.457104e+00  3.472991e+00  3.497977e+00  
3.536811e+00  3.595399e+00  3.679901e+00  3.779079e+00  3.859850e+00  3.922957e+00  
3.971166e+00  4.010082e+00  4.047152e+00  4.084007e+00  4.120276e+00  4.155380e+00  
4.188370e+00  4.218300e+00  4.245100e+00  4.269640e+00  4.293090e+00  4.316810e+00  
4.342660e+00  4.357130e+00  4.373870e+00  4.389020e+00  4.402490e+00  4.403920e+00  
4.400390e+00  4.399810e+00  4.400360e+00  4.400380e+00  4.400550e+00  4.400520e+00  
3.885971e+00  3.885974e+00  3.885976e+00  3.885978e+00  3.885983e+00  3.885989e+00  
3.886000e+00  3.886017e+00  3.886045e+00  3.886088e+00  3.886156e+00  3.886265e+00  
3.886436e+00  3.886708e+00  3.887139e+00  3.887823e+00  3.888906e+00  3.890624e+00  
3.893345e+00  3.897660e+00  3.904497e+00  3.915320e+00  3.932413e+00  3.959250e+00  
4.000776e+00  4.062711e+00  4.149991e+00  4.248581e+00  4.323739e+00  4.376662e+00  
4.411027e+00  4.433871e+00  4.454413e+00  4.474841e+00  4.495077e+00  4.514950e+00  
4.534150e+00  4.552230e+00  4.569280e+00  4.585830e+00  4.603000e+00  4.623230e+00  
4.649630e+00  4.665410e+00  4.681940e+00  4.695370e+00  4.708950e+00  4.711240e+00  
4.709970e+00  4.709690e+00  4.710150e+00  4.710160e+00  4.710300e+00  4.710290e+00  
4.774926e+00  4.774929e+00  4.774931e+00  4.774933e+00  4.774938e+00  4.774944e+00  
4.774955e+00  4.774972e+00  4.774999e+00  4.775042e+00  4.775110e+00  4.775217e+00  
4.775388e+00  4.775658e+00  4.776086e+00  4.776764e+00  4.777841e+00  4.779547e+00  
4.782253e+00  4.786541e+00  4.793338e+00  4.804094e+00  4.821053e+00  4.847577e+00  
4.888224e+00  4.947308e+00  5.026169e+00  5.107056e+00  5.157666e+00  5.180184e+00  
5.179700e+00  5.165231e+00  5.148213e+00  5.131631e+00  5.116339e+00  5.103111e+00  
5.093470e+00  5.088180e+00  5.086880e+00  5.087850e+00  5.090490e+00  5.099730e+00  
5.121270e+00  5.135490e+00  5.146200e+00  5.151000e+00  5.160690e+00  5.164710e+00  
5.170520e+00  5.171290e+00  5.171320e+00  5.171340e+00  5.171300e+00  5.171370e+00  
5.439236e+00  5.439238e+00  5.439240e+00  5.439242e+00  5.439246e+00  5.439252e+00  
5.439261e+00  5.439276e+00  5.439299e+00  5.439336e+00  5.439394e+00  5.439486e+00  
5.439631e+00  5.439863e+00  5.440231e+00  5.440813e+00  5.441737e+00  5.443203e+00  
5.445526e+00  5.449213e+00  5.455056e+00  5.464298e+00  5.478842e+00  5.501482e+00  
5.535784e+00  5.584103e+00  5.644149e+00  5.697242e+00  5.717958e+00  5.709297e+00  
5.677167e+00  5.631403e+00  5.584095e+00  5.538696e+00  5.496514e+00  5.458807e+00  
5.427880e+00  5.404920e+00  5.388990e+00  5.376390e+00  5.365080e+00  5.361600e+00  
5.373180e+00  5.382250e+00  5.384280e+00  5.379020e+00  5.381980e+00  5.386740e+00  
5.399120e+00  5.400900e+00  5.400430e+00  5.400460e+00  5.400260e+00  5.400390e+00  
6.380910e+00  6.380912e+00  6.380913e+00  6.380916e+00  6.380919e+00  6.380924e+00  
6.380932e+00  6.380945e+00  6.380966e+00  6.380999e+00  6.381050e+00  6.381133e+00  
6.381263e+00  6.381471e+00  6.381799e+00  6.382321e+00  6.383148e+00  6.384462e+00  
6.386548e+00  6.389858e+00  6.395102e+00  6.403360e+00  6.416222e+00  6.435726e+00  
6.463256e+00  6.493918e+00  6.509415e+00  6.484649e+00  6.423665e+00  6.347281e+00  
6.263147e+00  6.178146e+00  6.099293e+00  6.025116e+00  5.949470e+00  5.871294e+00  
5.801750e+00  5.749030e+00  5.710060e+00  5.674670e+00  5.636370e+00  5.609020e+00  
5.599610e+00  5.592710e+00  5.576900e+00  5.557110e+00  5.546650e+00  5.550140e+00  
5.569590e+00  5.572610e+00  5.571660e+00  5.571210e+00  5.571220e+00  5.571260e+00  
7.072141e+00  7.072142e+00  7.072142e+00  7.072143e+00  7.072144e+00  7.072146e+00  
7.072149e+00  7.072154e+00  7.072162e+00  7.072174e+00  7.072193e+00  7.072223e+00  
7.072270e+00  7.072346e+00  7.072467e+00  7.072660e+00  7.072967e+00  7.073458e+00  
7.074242e+00  7.075494e+00  7.077475e+00  7.080565e+00  7.085241e+00  7.091861e+00  
7.099343e+00  7.099761e+00  7.071525e+00  6.993991e+00  6.884954e+00  6.761759e+00  
6.632595e+00  6.505829e+00  6.389994e+00  6.284390e+00  6.183787e+00  6.085904e+00  
5.997310e+00  5.923020e+00  5.860680e+00  5.803220e+00  5.746080e+00  5.698270e+00  
5.664110e+00  5.645620e+00  5.618740e+00  5.590460e+00  5.570750e+00  5.571790e+00  
5.589400e+00  5.592190e+00  5.591070e+00  5.590600e+00  5.590610e+00  5.590660e+00  
7.602495e+00  7.602495e+00  7.602495e+00  7.602494e+00  7.602494e+00  7.602493e+00  
7.602492e+00  7.602491e+00  7.602489e+00  7.602485e+00  7.602478e+00  7.602468e+00  
7.602453e+00  7.602430e+00  7.602392e+00  7.602336e+00  7.602248e+00  7.602115e+00  
7.601913e+00  7.601604e+00  7.601113e+00  7.600275e+00  7.598714e+00  7.595446e+00  
7.587285e+00  7.563132e+00  7.496954e+00  7.370747e+00  7.216593e+00  7.052020e+00  
6.885267e+00  6.724572e+00  6.578559e+00  6.447014e+00  6.325800e+00  6.211768e+00  
6.107288e+00  6.014330e+00  5.931630e+00  5.855660e+00  5.783860e+00  5.719350e+00  
5.663300e+00  5.635290e+00  5.602110e+00  5.571470e+00  5.546480e+00  5.544300e+00  
5.554100e+00  5.555720e+00  5.554740e+00  5.554380e+00  5.554370e+00  5.554420e+00  
8.027733e+00  8.027732e+00  8.027731e+00  8.027730e+00  8.027729e+00  8.027727e+00  
8.027723e+00  8.027717e+00  8.027707e+00  8.027693e+00  8.027668e+00  8.027631e+00  
8.027571e+00  8.027477e+00  8.027329e+00  8.027097e+00  8.026733e+00  8.026162e+00  
8.025270e+00  8.023869e+00  8.021642e+00  8.018039e+00  8.012063e+00  8.001712e+00  
7.982026e+00  7.938569e+00  7.839764e+00  7.668671e+00  7.471898e+00  7.269991e+00  
7.071006e+00  6.881944e+00  6.710477e+00  6.556657e+00  6.417201e+00  6.288436e+00  
6.169352e+00  6.059740e+00  5.959370e+00  5.867790e+00  5.784050e+00  5.705670e+00  
5.630850e+00  5.595080e+00  5.558660e+00  5.529250e+00  5.501580e+00  5.495940e+00  
5.495000e+00  5.495000e+00  5.494330e+00  5.494170e+00  5.494140e+00  5.494180e+00  
8.675046e+00  8.675044e+00  8.675043e+00  8.675041e+00  8.675038e+00  8.675033e+00  
8.675025e+00  8.675012e+00  8.674992e+00  8.674962e+00  8.674913e+00  8.674835e+00  
8.674712e+00  8.674519e+00  8.674214e+00  8.673734e+00  8.672978e+00  8.671793e+00  
8.669930e+00  8.666991e+00  8.662314e+00  8.654786e+00  8.642508e+00  8.621899e+00  
8.585005e+00  8.510901e+00  8.356356e+00  8.105158e+00  7.832059e+00  7.566122e+00  
7.314518e+00  7.080649e+00  6.868572e+00  6.678484e+00  6.507588e+00  6.351755e+00  
6.206057e+00  6.067880e+00  5.938680e+00  5.821640e+00  5.717570e+00  5.616440e+00  
5.512480e+00  5.464650e+00  5.423800e+00  5.397400e+00  5.366270e+00  5.354990e+00  
5.335650e+00  5.332840e+00  5.332720e+00  5.332890e+00  5.332830e+00  5.332840e+00  
9.152313e+00  9.152310e+00  9.152308e+00  9.152305e+00  9.152301e+00  9.152294e+00  
9.152281e+00  9.152263e+00  9.152235e+00  9.152189e+00  9.152117e+00  9.152003e+00  
9.151822e+00  9.151538e+00  9.151089e+00  9.150382e+00  9.149270e+00  9.147522e+00  
9.144774e+00  9.140428e+00  9.133500e+00  9.122370e+00  9.104314e+00  9.074308e+00  
9.021743e+00  8.920150e+00  8.716593e+00  8.396607e+00  8.060056e+00  7.742825e+00  
7.450575e+00  7.183320e+00  6.941026e+00  6.722623e+00  6.524054e+00  6.341187e+00  
6.170970e+00  6.011900e+00  5.864120e+00  5.726950e+00  5.599330e+00  5.477270e+00  
5.358410e+00  5.302970e+00  5.254710e+00  5.224120e+00  5.191870e+00  5.175770e+00  
5.148170e+00  5.143830e+00  5.143570e+00  5.144200e+00  5.143400e+00  5.143880e+00  
1.007302e+01  1.007301e+01  1.007300e+01  1.007300e+01  1.007298e+01  1.007296e+01  
1.007292e+01  1.007287e+01  1.007278e+01  1.007263e+01  1.007241e+01  1.007205e+01  
1.007148e+01  1.007058e+01  1.006917e+01  1.006694e+01  1.006340e+01  1.005784e+01  
1.004903e+01  1.003507e+01  1.001289e+01  9.977621e+00  9.921574e+00  9.832622e+00  
9.692213e+00  9.473758e+00  9.140254e+00  8.711670e+00  8.309586e+00  7.932964e+00  
7.580834e+00  7.253066e+00  6.949565e+00  6.669704e+00  6.411992e+00  6.174281e+00  
5.954075e+00  5.750244e+00  5.564060e+00  5.395020e+00  5.240570e+00  5.089140e+00  
4.931310e+00  4.854150e+00  4.786650e+00  4.742600e+00  4.693800e+00  4.677610e+00  
4.655980e+00  4.652950e+00  4.652380e+00  4.652380e+00  4.652510e+00  4.652270e+00  
1.054055e+01  1.054054e+01  1.054053e+01  1.054052e+01  1.054050e+01  1.054047e+01  
1.054043e+01  1.054036e+01  1.054025e+01  1.054007e+01  1.053979e+01  1.053934e+01  
1.053863e+01  1.053751e+01  1.053575e+01  1.053298e+01  1.052859e+01  1.052167e+01  
1.051073e+01  1.049335e+01  1.046568e+01  1.042170e+01  1.035175e+01  1.024072e+01  
1.006588e+01  9.795435e+00  9.386611e+00  8.867390e+00  8.386637e+00  7.942452e+00  
7.532836e+00  7.156346e+00  6.812369e+00  6.498551e+00  6.211760e+00  5.948280e+00  
5.703148e+00  5.473211e+00  5.259601e+00  5.062210e+00  4.878770e+00  4.701010e+00  
4.522390e+00  4.435050e+00  4.352520e+00  4.291000e+00  4.225770e+00  4.211260e+00  
4.206810e+00  4.206780e+00  4.205170e+00  4.204840e+00  4.204600e+00  4.204450e+00  
1.107604e+01  1.107602e+01  1.107601e+01  1.107600e+01  1.107598e+01  1.107593e+01  
1.107587e+01  1.107578e+01  1.107564e+01  1.107541e+01  1.107505e+01  1.107447e+01  
1.107357e+01  1.107213e+01  1.106987e+01  1.106632e+01  1.106071e+01  1.105187e+01  
1.103781e+01  1.101541e+01  1.097975e+01  1.092294e+01  1.083244e+01  1.068885e+01  
1.046340e+01  1.011710e+01  9.600281e+00  8.953466e+00  8.363736e+00  7.827425e+00  
7.341718e+00  6.902422e+00  6.506258e+00  6.149014e+00  5.825493e+00  5.529667e+00  
5.253605e+00  4.991813e+00  4.744544e+00  4.512280e+00  4.292730e+00  4.079390e+00  
3.868850e+00  3.767780e+00  3.673950e+00  3.605080e+00  3.529980e+00  3.511950e+00  
3.505400e+00  3.505210e+00  3.503410e+00  3.503110e+00  3.502720e+00  3.502480e+00  
1.137885e+01  1.137883e+01  1.137882e+01  1.137880e+01  1.137878e+01  1.137873e+01  
1.137866e+01  1.137855e+01  1.137838e+01  1.137811e+01  1.137769e+01  1.137702e+01  
1.137596e+01  1.137431e+01  1.137168e+01  1.136757e+01  1.136108e+01  1.135080e+01  
1.133442e+01  1.130828e+01  1.126663e+01  1.120016e+01  1.109412e+01  1.092607e+01  
1.066296e+01  1.026185e+01  9.671105e+00  8.941405e+00  8.286342e+00  7.698461e+00  
7.172520e+00  6.701029e+00  6.276727e+00  5.893779e+00  5.546047e+00  5.226382e+00  
4.925380e+00  4.636914e+00  4.361961e+00  4.103099e+00  3.861470e+00  3.633220e+00  
3.417330e+00  3.315050e+00  3.215680e+00  3.139200e+00  3.063700e+00  3.044250e+00  
3.026850e+00  3.024710e+00  3.023320e+00  3.023130e+00  3.023010e+00  3.022890e+00  
1.158085e+01  1.158083e+01  1.158081e+01  1.158079e+01  1.158076e+01  1.158071e+01  
1.158064e+01  1.158053e+01  1.158034e+01  1.158005e+01  1.157959e+01  1.157886e+01  
1.157771e+01  1.157590e+01  1.157306e+01  1.156861e+01  1.156158e+01  1.155039e+01  
1.153252e+01  1.150401e+01  1.145846e+01  1.138559e+01  1.126925e+01  1.108501e+01  
1.079688e+01  1.035946e+01  9.719455e+00  8.932874e+00  8.232110e+00  7.606964e+00  
7.050089e+00  6.552136e+00  6.103833e+00  5.698611e+00  5.330407e+00  4.992332e+00  
4.675597e+00  4.374267e+00  4.088562e+00  3.819535e+00  3.567740e+00  3.329590e+00  
3.103870e+00  2.996770e+00  2.893190e+00  2.813920e+00  2.735720e+00  2.715510e+00  
2.696780e+00  2.694410e+00  2.692960e+00  2.692770e+00  2.692660e+00  2.693120e+00  
1.172120e+01  1.172118e+01  1.172117e+01  1.172115e+01  1.172112e+01  1.172107e+01  
1.172099e+01  1.172087e+01  1.172067e+01  1.172035e+01  1.171987e+01  1.171910e+01  
1.171790e+01  1.171600e+01  1.171303e+01  1.170836e+01  1.170099e+01  1.168922e+01  
1.167037e+01  1.164025e+01  1.159202e+01  1.151470e+01  1.139122e+01  1.119569e+01  
1.089010e+01  1.042772e+01  9.753997e+00  8.928047e+00  8.195659e+00  7.545030e+00  
6.966484e+00  6.449264e+00  5.982993e+00  5.560847e+00  5.176942e+00  4.824819e+00  
4.496440e+00  4.186200e+00  3.893456e+00  3.617854e+00  3.359068e+00  3.114610e+00  
2.882840e+00  2.772310e+00  2.664370e+00  2.580860e+00  2.499490e+00  2.479250e+00  
2.462170e+00  2.460030e+00  2.458400e+00  2.458220e+00  2.458040e+00  2.458860e+00  
1.190330e+01  1.190328e+01  1.190326e+01  1.190324e+01  1.190321e+01  1.190316e+01  
1.190308e+01  1.190294e+01  1.190274e+01  1.190241e+01  1.190189e+01  1.190108e+01  
1.189981e+01  1.189783e+01  1.189472e+01  1.188986e+01  1.188211e+01  1.186966e+01  
1.184968e+01  1.181762e+01  1.176600e+01  1.168290e+01  1.155021e+01  1.133994e+01  
1.101184e+01  1.051791e+01  9.802571e+00  8.929124e+00  8.159610e+00  7.480394e+00  
6.877647e+00  6.338333e+00  5.850663e+00  5.407783e+00  5.004158e+00  4.633892e+00  
4.289953e+00  3.967202e+00  3.664045e+00  3.378565e+00  3.109101e+00  2.854020e+00  
2.611000e+00  2.493930e+00  2.378600e+00  2.288350e+00  2.200400e+00  2.179180e+00  
2.163350e+00  2.161460e+00  2.159600e+00  2.159410e+00  2.159170e+00  2.159490e+00  
1.201423e+01  1.201421e+01  1.201419e+01  1.201417e+01  1.201414e+01  1.201408e+01  
1.201400e+01  1.201386e+01  1.201365e+01  1.201331e+01  1.201278e+01  1.201195e+01  
1.201066e+01  1.200866e+01  1.200554e+01  1.200063e+01  1.199274e+01  1.197999e+01  
1.195949e+01  1.192640e+01  1.187278e+01  1.178631e+01  1.164810e+01  1.142889e+01  
1.108760e+01  1.057577e+01  9.838041e+00  8.940736e+00  8.154427e+00  7.463213e+00  
6.850887e+00  6.302621e+00  5.805627e+00  5.353019e+00  4.939470e+00  4.559242e+00  
4.205625e+00  3.873650e+00  3.561555e+00  3.267274e+00  2.988526e+00  2.722513e+00  
2.466590e+00  2.342190e+00  2.219910e+00  2.124200e+00  2.029110e+00  2.005650e+00  
1.987690e+00  1.985600e+00  1.983690e+00  1.983460e+00  1.983230e+00  1.982440e+00  
1.214154e+01  1.214152e+01  1.214150e+01  1.214148e+01  1.214145e+01  1.214139e+01  
1.214130e+01  1.214117e+01  1.214095e+01  1.214061e+01  1.214009e+01  1.213929e+01  
1.213807e+01  1.213620e+01  1.213330e+01  1.212863e+01  1.212094e+01  1.210845e+01  
1.208803e+01  1.205442e+01  1.199928e+01  1.191007e+01  1.176670e+01  1.153941e+01  
1.118730e+01  1.066164e+01  9.907395e+00  8.994279e+00  8.200026e+00  7.501924e+00  
6.883696e+00  6.329740e+00  5.826817e+00  5.367759e+00  4.946815e+00  4.557697e+00  
4.192876e+00  3.847021e+00  3.518892e+00  3.207255e+00  2.909387e+00  2.618602e+00  
2.329440e+00  2.184350e+00  2.038220e+00  1.921000e+00  1.804190e+00  1.774400e+00  
1.750260e+00  1.747430e+00  1.745140e+00  1.744820e+00  1.744590e+00  1.743720e+00  
1.217248e+01  1.217246e+01  1.217244e+01  1.217242e+01  1.217239e+01  1.217234e+01  
1.217225e+01  1.217212e+01  1.217191e+01  1.217159e+01  1.217111e+01  1.217039e+01  
1.216933e+01  1.216772e+01  1.216518e+01  1.216094e+01  1.215388e+01  1.214223e+01  
1.212269e+01  1.208977e+01  1.203541e+01  1.194678e+01  1.180373e+01  1.157784e+01  
1.122924e+01  1.071037e+01  9.963936e+00  9.060087e+00  8.273127e+00  7.577759e+00  
6.960113e+00  6.406331e+00  5.904667e+00  5.447592e+00  5.028535e+00  4.640065e+00  
4.273123e+00  3.921421e+00  3.584127e+00  3.260688e+00  2.948044e+00  2.636833e+00  
2.316899e+00  2.150260e+00  1.974270e+00  1.827270e+00  1.685800e+00  1.651270e+00  
1.623440e+00  1.619940e+00  1.616880e+00  1.616560e+00  1.616220e+00  1.617790e+00  
1.212712e+01  1.212710e+01  1.212709e+01  1.212707e+01  1.212704e+01  1.212699e+01  
1.212691e+01  1.212680e+01  1.212662e+01  1.212638e+01  1.212603e+01  1.212554e+01  
1.212490e+01  1.212394e+01  1.212224e+01  1.211915e+01  1.211380e+01  1.210423e+01  
1.208688e+01  1.205671e+01  1.200582e+01  1.192115e+01  1.178496e+01  1.157161e+01  
1.124449e+01  1.075753e+01  1.005351e+01  9.193016e+00  8.430359e+00  7.746028e+00  
7.131583e+00  6.578696e+00  6.080214e+00  5.628972e+00  5.217431e+00  4.836890e+00  
4.476448e+00  4.127916e+00  3.788603e+00  3.454909e+00  3.120242e+00  2.771238e+00  
2.391499e+00  2.184441e+00  1.960170e+00  1.763930e+00  1.559010e+00  1.512390e+00  
1.487110e+00  1.484540e+00  1.478320e+00  1.476900e+00  1.477830e+00  1.483090e+00  
1.208747e+01  1.208745e+01  1.208744e+01  1.208742e+01  1.208739e+01  1.208734e+01  
1.208728e+01  1.208718e+01  1.208704e+01  1.208686e+01  1.208664e+01  1.208641e+01  
1.208619e+01  1.208578e+01  1.208476e+01  1.208274e+01  1.207868e+01  1.207036e+01  
1.205417e+01  1.202531e+01  1.197504e+01  1.189114e+01  1.175744e+01  1.154971e+01  
1.123372e+01  1.076217e+01  1.009192e+01  9.270224e+00  8.537024e+00  7.876324e+00  
7.280580e+00  6.742397e+00  6.255309e+00  5.812763e+00  5.407767e+00  5.032061e+00  
4.675105e+00  4.328588e+00  3.989030e+00  3.651330e+00  3.306019e+00  2.933553e+00  
2.508891e+00  2.267573e+00  1.998390e+00  1.757100e+00  1.497640e+00  1.437100e+00  
1.413970e+00  1.412620e+00  1.403610e+00  1.401250e+00  1.403480e+00  1.410050e+00  
1.204033e+01  1.204031e+01  1.204029e+01  1.204027e+01  1.204025e+01  1.204021e+01  
1.204015e+01  1.204007e+01  1.203998e+01  1.203987e+01  1.203981e+01  1.203988e+01  
1.204007e+01  1.204017e+01  1.203989e+01  1.203891e+01  1.203600e+01  1.202863e+01  
1.201353e+01  1.198548e+01  1.193542e+01  1.185250e+01  1.172145e+01  1.151973e+01  
1.121398e+01  1.075906e+01  1.011655e+01  9.328763e+00  8.621947e+00  7.982587e+00  
7.404043e+00  6.879630e+00  6.403521e+00  5.969684e+00  5.571649e+00  5.201611e+00  
4.849473e+00  4.506915e+00  4.169824e+00  3.831891e+00  3.481086e+00  3.092495e+00  
2.633215e+00  2.364081e+00  2.056459e+00  1.776050e+00  1.466400e+00  1.391760e+00  
1.368290e+00  1.367810e+00  1.356570e+00  1.353470e+00  1.356770e+00  1.363020e+00  
1.199452e+01  1.199450e+01  1.199449e+01  1.199447e+01  1.199445e+01  1.199441e+01  
1.199436e+01  1.199430e+01  1.199425e+01  1.199423e+01  1.199435e+01  1.199472e+01  
1.199532e+01  1.199590e+01  1.199638e+01  1.199634e+01  1.199432e+01  1.198770e+01  
1.197343e+01  1.194549e+01  1.189526e+01  1.181289e+01  1.168382e+01  1.148713e+01  
1.118774e+01  1.075148e+01  1.013373e+01  9.374653e+00  8.690954e+00  8.070469e+00  
7.507367e+00  6.995536e+00  6.529650e+00  6.104214e+00  5.713129e+00  5.349063e+00  
5.002296e+00  4.664616e+00  4.331395e+00  3.995280e+00  3.642161e+00  3.242387e+00  
2.755884e+00  2.463712e+00  2.123236e+00  1.807810e+00  1.451800e+00  1.363290e+00  
1.337200e+00  1.337180e+00  1.324160e+00  1.320470e+00  1.324600e+00  1.329890e+00  
1.191511e+01  1.191509e+01  1.191508e+01  1.191507e+01  1.191505e+01  1.191502e+01  
1.191500e+01  1.191498e+01  1.191504e+01  1.191524e+01  1.191575e+01  1.191671e+01  
1.191801e+01  1.191961e+01  1.192155e+01  1.192307e+01  1.192226e+01  1.191685e+01  
1.190316e+01  1.187427e+01  1.182318e+01  1.174096e+01  1.161479e+01  1.142525e+01  
1.113732e+01  1.073304e+01  1.015644e+01  9.442894e+00  8.797044e+00  8.207941e+00  
7.670988e+00  7.180943e+00  6.733311e+00  6.323291e+00  5.945541e+00  5.593409e+00  
5.257884e+00  4.930957e+00  4.607305e+00  4.278039e+00  3.925707e+00  3.512987e+00  
2.987277e+00  2.659185e+00  2.264975e+00  1.889035e+00  1.449530e+00  1.334460e+00  
1.298070e+00  1.297930e+00  1.282300e+00  1.277840e+00  1.282980e+00  1.286050e+00  
1.185346e+01  1.185344e+01  1.185343e+01  1.185342e+01  1.185341e+01  1.185340e+01  
1.185339e+01  1.185344e+01  1.185361e+01  1.185407e+01  1.185500e+01  1.185651e+01  
1.185848e+01  1.186114e+01  1.186436e+01  1.186704e+01  1.186708e+01  1.186245e+01  
1.184817e+01  1.181784e+01  1.176552e+01  1.168288e+01  1.155883e+01  1.137045e+01  
1.109774e+01  1.071676e+01  1.017107e+01  9.491839e+00  8.875038e+00  8.310595e+00  
7.794680e+00  7.322661e+00  6.890586e+00  6.494230e+00  6.128735e+00  5.787958e+00  
5.463427e+00  5.147344e+00  4.833956e+00  4.513361e+00  4.165727e+00  3.747964e+00  
3.197016e+00  2.842832e+00  2.406823e+00  1.980364e+00  1.466470e+00  1.326320e+00  
1.274980e+00  1.273670e+00  1.256310e+00  1.251430e+00  1.256970e+00  1.258160e+00  
1.181919e+01  1.181917e+01  1.181917e+01  1.181916e+01  1.181917e+01  1.181919e+01  
1.181927e+01  1.181951e+01  1.182007e+01  1.182123e+01  1.182316e+01  1.182586e+01  
1.182961e+01  1.183466e+01  1.184021e+01  1.184444e+01  1.184584e+01  1.184039e+01  
1.182226e+01  1.178720e+01  1.172985e+01  1.164411e+01  1.151745e+01  1.132881e+01  
1.107774e+01  1.072198e+01  1.020988e+01  9.571611e+00  8.992561e+00  8.463979e+00  
7.982359e+00  7.543433e+00  7.143489e+00  6.778334e+00  6.443050e+00  6.131033e+00  
5.832754e+00  5.539751e+00  5.246992e+00  4.945845e+00  4.618785e+00  4.226001e+00  
3.681663e+00  3.289178e+00  2.741574e+00  2.175742e+00  1.530610e+00  1.356910e+00  
1.251620e+00  1.238650e+00  1.219290e+00  1.217550e+00  1.214780e+00  1.218480e+00  
1.176011e+01  1.176010e+01  1.176010e+01  1.176009e+01  1.176012e+01  1.176019e+01  
1.176040e+01  1.176088e+01  1.176193e+01  1.176382e+01  1.176665e+01  1.177058e+01  
1.177616e+01  1.178317e+01  1.179012e+01  1.179558e+01  1.179718e+01  1.178923e+01  
1.176760e+01  1.172864e+01  1.166822e+01  1.158164e+01  1.144703e+01  1.127479e+01  
1.104115e+01  1.070720e+01  1.022386e+01  9.620510e+00  9.071868e+00  8.570599e+00  
8.113688e+00  7.697471e+00  7.318704e+00  6.973738e+00  6.658091e+00  6.365683e+00  
6.087443e+00  5.815119e+00  5.543590e+00  5.263691e+00  4.956070e+00  4.575819e+00  
4.026989e+00  3.619378e+00  3.037655e+00  2.410939e+00  1.625760e+00  1.395420e+00  
1.241290e+00  1.222790e+00  1.200470e+00  1.197940e+00  1.195220e+00  1.197400e+00  
1.164752e+01  1.164752e+01  1.164753e+01  1.164756e+01  1.164764e+01  1.164786e+01  
1.164838e+01  1.164950e+01  1.165159e+01  1.165481e+01  1.165935e+01  1.166591e+01  
1.167456e+01  1.168405e+01  1.169293e+01  1.169949e+01  1.169820e+01  1.168495e+01  
1.165719e+01  1.161231e+01  1.154917e+01  1.145015e+01  1.132854e+01  1.117817e+01  
1.097060e+01  1.067052e+01  1.023207e+01  9.681368e+00  9.177128e+00  8.713933e+00  
8.289793e+00  7.902224e+00  7.549097e+00  7.228010e+00  6.935982e+00  6.668885e+00  
6.420307e+00  6.183746e+00  5.953612e+00  5.718421e+00  5.451886e+00  5.090099e+00  
4.519935e+00  4.091760e+00  3.490883e+00  2.818203e+00  1.846522e+00  1.517930e+00  
1.234060e+00  1.201890e+00  1.184950e+00  1.180830e+00  1.165520e+00  1.175480e+00  
1.164032e+01  1.164032e+01  1.164034e+01  1.164041e+01  1.164058e+01  1.164100e+01  
1.164193e+01  1.164377e+01  1.164684e+01  1.165123e+01  1.165761e+01  1.166649e+01  
1.167726e+01  1.168817e+01  1.169827e+01  1.170326e+01  1.169778e+01  1.167939e+01  
1.164565e+01  1.159635e+01  1.152594e+01  1.142173e+01  1.130981e+01  1.116745e+01  
1.096810e+01  1.067784e+01  1.025271e+01  9.719020e+00  9.231481e+00  8.785273e+00  
8.378498e+00  8.008905e+00  7.674522e+00  7.373080e+00  7.101758e+00  6.856447e+00  
6.630566e+00  6.417714e+00  6.213029e+00  6.006080e+00  5.771930e+00  5.447538e+00  
4.913797e+00  4.494244e+00  3.878532e+00  3.152469e+00  2.027206e+00  1.626340e+00  
1.253420e+00  1.203680e+00  1.171790e+00  1.167270e+00  1.155040e+00  1.164200e+00  
1.163593e+01  1.163595e+01  1.163599e+01  1.163611e+01  1.163639e+01  1.163705e+01  
1.163845e+01  1.164103e+01  1.164496e+01  1.165057e+01  1.165875e+01  1.166961e+01  
1.168174e+01  1.169390e+01  1.170412e+01  1.170644e+01  1.169713e+01  1.167412e+01  
1.163611e+01  1.158419e+01  1.149936e+01  1.140551e+01  1.130101e+01  1.116593e+01  
1.097479e+01  1.069428e+01  1.028056e+01  9.758381e+00  9.278968e+00  8.838974e+00  
8.437743e+00  8.074582e+00  7.749072e+00  7.459512e+00  7.203394e+00  6.977017e+00  
6.774190e+00  6.587593e+00  6.408276e+00  6.217176e+00  5.987437e+00  5.679859e+00  
5.201782e+00  4.824243e+00  4.244712e+00  3.495480e+00  2.184087e+00  1.708290e+00  
1.269690e+00  1.209970e+00  1.167160e+00  1.160820e+00  1.157580e+00  1.157380e+00  
1.163790e+01  1.163793e+01  1.163800e+01  1.163818e+01  1.163859e+01  1.163954e+01  
1.164143e+01  1.164469e+01  1.164943e+01  1.165635e+01  1.166618e+01  1.167856e+01  
1.169171e+01  1.170480e+01  1.171402e+01  1.171341e+01  1.170050e+01  1.167321e+01  
1.163195e+01  1.157640e+01  1.148468e+01  1.139682e+01  1.129649e+01  1.116490e+01  
1.097705e+01  1.070028e+01  1.029189e+01  9.777274e+00  9.305836e+00  8.874423e+00  
8.482223e+00  8.128335e+00  7.812156e+00  7.532159e+00  7.286182e+00  7.070917e+00  
6.880694e+00  6.708861e+00  6.547308e+00  6.378094e+00  6.174294e+00  5.892778e+00  
5.437865e+00  5.072752e+00  4.507823e+00  3.757207e+00  2.355102e+00  1.809419e+00  
1.288140e+00  1.215740e+00  1.164410e+00  1.156900e+00  1.153030e+00  1.152830e+00  
1.164123e+01  1.164131e+01  1.164144e+01  1.164176e+01  1.164251e+01  1.164410e+01  
1.164701e+01  1.165148e+01  1.165791e+01  1.166736e+01  1.168000e+01  1.169438e+01  
1.170931e+01  1.172280e+01  1.172841e+01  1.172239e+01  1.170285e+01  1.166904e+01  
1.162356e+01  1.154623e+01  1.146570e+01  1.138564e+01  1.129123e+01  1.116463e+01  
1.098150e+01  1.071004e+01  1.030897e+01  9.804291e+00  9.342997e+00  8.922427e+00  
8.541879e+00  8.200431e+00  7.897564e+00  7.631959e+00  7.401555e+00  7.203232e+00  
7.031362e+00  6.879744e+00  6.741907e+00  6.602552e+00  6.437213e+00  6.203056e+00  
5.804496e+00  5.470578e+00  4.933449e+00  4.179131e+00  2.652011e+00  2.009853e+00  
1.332190e+00  1.230370e+00  1.160850e+00  1.154940e+00  1.144560e+00  1.147110e+00  
1.164477e+01  1.164491e+01  1.164512e+01  1.164563e+01  1.164677e+01  1.164906e+01  
1.165291e+01  1.165851e+01  1.166675e+01  1.167845e+01  1.169314e+01  1.170896e+01  
1.172515e+01  1.173715e+01  1.173883e+01  1.172793e+01  1.170265e+01  1.166463e+01  
1.161330e+01  1.152726e+01  1.145437e+01  1.137944e+01  1.128901e+01  1.116569e+01  
1.098556e+01  1.071737e+01  1.032079e+01  9.822653e+00  9.367972e+00  8.954473e+00  
8.581385e+00  8.247648e+00  7.952752e+00  7.695547e+00  7.474474e+00  7.286903e+00  
7.127975e+00  6.992338e+00  6.874216e+00  6.759075e+00  6.623195e+00  6.424149e+00  
6.068519e+00  5.761703e+00  5.256996e+00  4.521143e+00  2.919405e+00  2.190585e+00  
1.376000e+00  1.250090e+00  1.161020e+00  1.153210e+00  1.140320e+00  1.143610e+00  
1.164857e+01  1.164892e+01  1.164941e+01  1.165053e+01  1.165282e+01  1.165681e+01  
1.166266e+01  1.167128e+01  1.168370e+01  1.169972e+01  1.171742e+01  1.173607e+01  
1.175161e+01  1.175716e+01  1.175008e+01  1.172850e+01  1.169392e+01  1.164925e+01  
1.156568e+01  1.149796e+01  1.143591e+01  1.136898e+01  1.128480e+01  1.116665e+01  
1.099139e+01  1.072887e+01  1.034016e+01  9.851996e+00  9.407005e+00  9.003267e+00  
8.639910e+00  8.316122e+00  8.031495e+00  7.785461e+00  7.577008e+00  7.404538e+00  
7.264610e+00  7.153556e+00  7.067587e+00  6.994903e+00  6.914254e+00  6.782855e+00  
6.508737e+00  6.251176e+00  5.805679e+00  5.130736e+00  3.488277e+00  2.592481e+00  
1.479540e+00  1.303300e+00  1.167880e+00  1.151820e+00  1.139170e+00  1.138850e+00  
1.164752e+01  1.164816e+01  1.164903e+01  1.165090e+01  1.165440e+01  1.165982e+01  
1.166767e+01  1.167931e+01  1.169513e+01  1.171366e+01  1.173360e+01  1.175301e+01  
1.176455e+01  1.176387e+01  1.174910e+01  1.171986e+01  1.168062e+01  1.160888e+01  
1.153690e+01  1.147815e+01  1.142252e+01  1.136051e+01  1.128023e+01  1.116545e+01  
1.099354e+01  1.073458e+01  1.035001e+01  9.867232e+00  9.427291e+00  9.028573e+00  
8.670314e+00  8.352026e+00  8.073518e+00  7.834513e+00  7.634140e+00  7.471108e+00  
7.342371e+00  7.244798e+00  7.175439e+00  7.123667e+00  7.071022e+00  6.981632e+00  
6.775422e+00  6.567188e+00  6.184486e+00  5.562387e+00  3.903547e+00  2.924304e+00  
1.592360e+00  1.364990e+00  1.175760e+00  1.154610e+00  1.132930e+00  1.136460e+00  
1.164740e+01  1.164886e+01  1.165070e+01  1.165421e+01  1.165978e+01  1.166788e+01  
1.167994e+01  1.169662e+01  1.171669e+01  1.173856e+01  1.176079e+01  1.177598e+01  
1.177884e+01  1.176736e+01  1.174067e+01  1.170348e+01  1.163719e+01  1.156218e+01  
1.150532e+01  1.145664e+01  1.140847e+01  1.135204e+01  1.127604e+01  1.116484e+01  
1.099638e+01  1.074123e+01  1.036123e+01  9.884063e+00  9.449261e+00  9.055570e+00  
8.702370e+00  8.389450e+00  8.116931e+00  7.884654e+00  7.692160e+00  7.538557e+00  
7.421348e+00  7.338403e+00  7.288273e+00  7.262922e+00  7.247878e+00  7.214036e+00  
7.093484e+00  6.945937e+00  6.642618e+00  6.113731e+00  4.542273e+00  3.462816e+00  
1.794986e+00  1.484900e+00  1.197570e+00  1.160540e+00  1.132760e+00  1.134050e+00  
1.166834e+01  1.167090e+01  1.167383e+01  1.167886e+01  1.168622e+01  1.169720e+01  
1.171298e+01  1.173322e+01  1.175577e+01  1.178003e+01  1.180055e+01  1.180975e+01  
1.180500e+01  1.178438e+01  1.175081e+01  1.170726e+01  1.161875e+01  1.155661e+01  
1.150763e+01  1.146447e+01  1.142000e+01  1.136573e+01  1.129056e+01  1.117893e+01  
1.100877e+01  1.075088e+01  1.036785e+01  9.888771e+00  9.454437e+00  9.063215e+00  
8.713983e+00  8.405912e+00  8.138432e+00  7.911133e+00  7.723367e+00  7.573792e+00  
7.459272e+00  7.378436e+00  7.334255e+00  7.328092e+00  7.352078e+00  7.365326e+00  
7.288643e+00  7.168466e+00  6.911835e+00  6.444278e+00  4.989972e+00  3.914867e+00  
1.979442e+00  1.591390e+00  1.220290e+00  1.173360e+00  1.134480e+00  1.132850e+00  
1.165017e+01  1.165404e+01  1.165808e+01  1.166441e+01  1.167365e+01  1.168741e+01  
1.170631e+01  1.172880e+01  1.175350e+01  1.177843e+01  1.179525e+01  1.179891e+01  
1.178726e+01  1.175991e+01  1.172261e+01  1.164993e+01  1.157586e+01  1.152163e+01  
1.147831e+01  1.143952e+01  1.139850e+01  1.134720e+01  1.127500e+01  1.116688e+01  
1.100127e+01  1.074911e+01  1.037230e+01  9.898096e+00  9.465852e+00  9.075297e+00  
8.726105e+00  8.418213e+00  8.151812e+00  7.926372e+00  7.740924e+00  7.594588e+00  
7.486277e+00  7.415439e+00  7.382046e+00  7.380201e+00  7.400636e+00  7.426635e+00  
7.399034e+00  7.312873e+00  7.104144e+00  6.715118e+00  5.361023e+00  4.205109e+00  
2.155804e+00  1.717400e+00  1.244460e+00  1.173490e+00  1.139980e+00  1.132150e+00  
1.165007e+01  1.165542e+01  1.166049e+01  1.166803e+01  1.167922e+01  1.169551e+01  
1.171686e+01  1.174105e+01  1.176746e+01  1.179132e+01  1.180412e+01  1.180269e+01  
1.178484e+01  1.175288e+01  1.171257e+01  1.162314e+01  1.155792e+01  1.150917e+01  
1.146984e+01  1.143394e+01  1.139497e+01  1.134512e+01  1.127399e+01  1.116675e+01  
1.100201e+01  1.075076e+01  1.037494e+01  9.901624e+00  9.470170e+00  9.080685e+00  
8.732681e+00  8.425918e+00  8.160357e+00  7.935925e+00  7.752437e+00  7.609310e+00  
7.504677e+00  7.437488e+00  7.407984e+00  7.411077e+00  7.438641e+00  7.476018e+00  
7.481599e+00  7.429950e+00  7.253599e+00  6.872958e+00  5.597210e+00  4.545603e+00  
2.321539e+00  1.806236e+00  1.268190e+00  1.193870e+00  1.136350e+00  1.131670e+00  
1.165049e+01  1.165906e+01  1.166592e+01  1.167595e+01  1.169094e+01  1.171153e+01  
1.173609e+01  1.176326e+01  1.179085e+01  1.180997e+01  1.181529e+01  1.180472e+01  
1.177737e+01  1.174015e+01  1.166453e+01  1.158836e+01  1.153404e+01  1.149285e+01  
1.145903e+01  1.142702e+01  1.139073e+01  1.134272e+01  1.127288e+01  1.116662e+01  
1.100272e+01  1.075232e+01  1.037749e+01  9.905480e+00  9.475343e+00  9.087278e+00  
8.740872e+00  8.435837e+00  8.172204e+00  7.949872e+00  7.768792e+00  7.628444e+00  
7.527199e+00  7.464168e+00  7.440232e+00  7.451152e+00  7.490402e+00  7.546497e+00  
7.586506e+00  7.566661e+00  7.446388e+00  7.139167e+00  5.991412e+00  4.993812e+00  
2.631199e+00  2.003341e+00  1.315910e+00  1.214440e+00  1.140480e+00  1.131070e+00  
1.165061e+01  1.166254e+01  1.167015e+01  1.168360e+01  1.170203e+01  1.172583e+01  
1.175264e+01  1.178091e+01  1.180817e+01  1.182293e+01  1.182037e+01  1.180150e+01  
1.176852e+01  1.172665e+01  1.163048e+01  1.156549e+01  1.151819e+01  1.148210e+01  
1.145195e+01  1.142247e+01  1.138790e+01  1.134105e+01  1.127201e+01  1.116634e+01  
1.100296e+01  1.075313e+01  1.037902e+01  9.907750e+00  9.478413e+00  9.091276e+00  
8.745869e+00  8.441934e+00  8.179489e+00  7.958497e+00  7.778884e+00  7.640235e+00  
7.541038e+00  7.480616e+00  7.460128e+00  7.475856e+00  7.522314e+00  7.590055e+00  
7.651513e+00  7.652187e+00  7.571359e+00  7.319830e+00  6.275851e+00  5.333893e+00  
2.905743e+00  2.184274e+00  1.363000e+00  1.235830e+00  1.145280e+00  1.130710e+00  
