5.817168e-01  5.817173e-01  5.817175e-01  5.817180e-01  5.817187e-01  5.817198e-01  
5.817215e-01  5.817243e-01  5.817286e-01  5.817355e-01  5.817465e-01  5.817638e-01  
5.817913e-01  5.818349e-01  5.819040e-01  5.820135e-01  5.821871e-01  5.824623e-01  
5.828984e-01  5.835895e-01  5.846855e-01  5.864239e-01  5.891846e-01  5.935823e-01  
6.006396e-01  6.121628e-01  6.313349e-01  6.587762e-01  6.877498e-01  7.180434e-01  
7.496962e-01  7.829044e-01  8.179372e-01  8.552375e-01  8.955332e-01  9.395800e-01  
9.878100e-01  1.039930e+00  1.093470e+00  1.142070e+00  1.178480e+00  1.201760e+00  
1.217750e+00  1.226890e+00  1.234890e+00  1.238390e+00  1.236620e+00  1.235940e+00  
1.236140e+00  1.236160e+00  1.236030e+00  1.236010e+00  1.235990e+00  1.236010e+00  
8.232465e-01  8.232472e-01  8.232476e-01  8.232482e-01  8.232492e-01  8.232508e-01  
8.232533e-01  8.232573e-01  8.232636e-01  8.232737e-01  8.232895e-01  8.233147e-01  
8.233546e-01  8.234178e-01  8.235180e-01  8.236769e-01  8.239286e-01  8.243277e-01  
8.249601e-01  8.259626e-01  8.275520e-01  8.300731e-01  8.340767e-01  8.404524e-01  
8.506781e-01  8.673508e-01  8.949936e-01  9.342372e-01  9.749833e-01  1.016499e+00  
1.058823e+00  1.102255e+00  1.147378e+00  1.194890e+00  1.245896e+00  1.301200e+00  
1.360360e+00  1.422120e+00  1.483700e+00  1.538860e+00  1.580440e+00  1.606460e+00  
1.621210e+00  1.628260e+00  1.634750e+00  1.637720e+00  1.634580e+00  1.634740e+00  
1.638190e+00  1.638660e+00  1.638470e+00  1.638430e+00  1.638380e+00  1.638430e+00  
1.053901e+00  1.053902e+00  1.053903e+00  1.053903e+00  1.053905e+00  1.053907e+00  
1.053910e+00  1.053916e+00  1.053924e+00  1.053938e+00  1.053960e+00  1.053994e+00  
1.054048e+00  1.054134e+00  1.054271e+00  1.054486e+00  1.054829e+00  1.055373e+00  
1.056234e+00  1.057599e+00  1.059762e+00  1.063193e+00  1.068633e+00  1.077265e+00  
1.090989e+00  1.112902e+00  1.148050e+00  1.196307e+00  1.245286e+00  1.295013e+00  
1.345688e+00  1.397640e+00  1.451447e+00  1.507294e+00  1.565360e+00  1.625940e+00  
1.689530e+00  1.755730e+00  1.821450e+00  1.879630e+00  1.923050e+00  1.952640e+00  
1.970000e+00  1.974290e+00  1.979980e+00  1.985470e+00  1.984740e+00  1.985040e+00  
1.988330e+00  1.988820e+00  1.988640e+00  1.988720e+00  1.988560e+00  1.988650e+00  
1.484349e+00  1.484350e+00  1.484351e+00  1.484352e+00  1.484354e+00  1.484357e+00  
1.484362e+00  1.484369e+00  1.484381e+00  1.484399e+00  1.484429e+00  1.484475e+00  
1.484549e+00  1.484667e+00  1.484852e+00  1.485147e+00  1.485614e+00  1.486353e+00  
1.487526e+00  1.489384e+00  1.492329e+00  1.496998e+00  1.504397e+00  1.516128e+00  
1.534724e+00  1.564212e+00  1.610940e+00  1.674044e+00  1.736750e+00  1.798961e+00  
1.860837e+00  1.922796e+00  1.985609e+00  2.049365e+00  2.113969e+00  2.179500e+00  
2.246210e+00  2.313600e+00  2.379020e+00  2.437070e+00  2.482320e+00  2.515440e+00  
2.537210e+00  2.543780e+00  2.551310e+00  2.559090e+00  2.566580e+00  2.568050e+00  
2.567610e+00  2.567480e+00  2.567710e+00  2.567720e+00  2.567770e+00  2.567750e+00  
1.871563e+00  1.871565e+00  1.871565e+00  1.871567e+00  1.871569e+00  1.871573e+00  
1.871578e+00  1.871587e+00  1.871601e+00  1.871624e+00  1.871660e+00  1.871716e+00  
1.871806e+00  1.871948e+00  1.872173e+00  1.872529e+00  1.873095e+00  1.873990e+00  
1.875410e+00  1.877660e+00  1.881227e+00  1.886879e+00  1.895834e+00  1.910011e+00  
1.932417e+00  1.967673e+00  2.022790e+00  2.095914e+00  2.167016e+00  2.236070e+00  
2.303305e+00  2.369522e+00  2.435839e+00  2.502207e+00  2.567969e+00  2.632810e+00  
2.696940e+00  2.760100e+00  2.820520e+00  2.875120e+00  2.920540e+00  2.955590e+00  
2.981470e+00  2.992450e+00  3.002860e+00  3.012190e+00  3.027580e+00  3.029730e+00  
3.025790e+00  3.025200e+00  3.025660e+00  3.025750e+00  3.025840e+00  3.025770e+00  
2.218955e+00  2.218957e+00  2.218958e+00  2.218960e+00  2.218962e+00  2.218966e+00  
2.218973e+00  2.218983e+00  2.219000e+00  2.219026e+00  2.219067e+00  2.219133e+00  
2.219237e+00  2.219402e+00  2.219664e+00  2.220078e+00  2.220736e+00  2.221777e+00  
2.223428e+00  2.226043e+00  2.230189e+00  2.236758e+00  2.247157e+00  2.263587e+00  
2.289420e+00  2.329553e+00  2.390922e+00  2.470227e+00  2.545455e+00  2.617382e+00  
2.686465e+00  2.753587e+00  2.820077e+00  2.885555e+00  2.948791e+00  3.009250e+00  
3.067840e+00  3.125120e+00  3.179870e+00  3.230120e+00  3.273780e+00  3.310390e+00  
3.340800e+00  3.354350e+00  3.367270e+00  3.379140e+00  3.399950e+00  3.402580e+00  
3.396370e+00  3.395460e+00  3.396090e+00  3.396230e+00  3.396350e+00  3.396250e+00  
2.532275e+00  2.532277e+00  2.532278e+00  2.532280e+00  2.532283e+00  2.532288e+00  
2.532295e+00  2.532307e+00  2.532325e+00  2.532354e+00  2.532400e+00  2.532474e+00  
2.532590e+00  2.532775e+00  2.533067e+00  2.533530e+00  2.534264e+00  2.535427e+00  
2.537271e+00  2.540192e+00  2.544823e+00  2.552157e+00  2.563760e+00  2.582060e+00  
2.610698e+00  2.654671e+00  2.720527e+00  2.803492e+00  2.880207e+00  2.952385e+00  
3.020686e+00  3.086173e+00  3.150286e+00  3.212515e+00  3.271284e+00  3.325990e+00  
3.378160e+00  3.428980e+00  3.477740e+00  3.523340e+00  3.564720e+00  3.602020e+00  
3.635890e+00  3.651650e+00  3.666780e+00  3.680630e+00  3.704740e+00  3.707770e+00  
3.700610e+00  3.699560e+00  3.700280e+00  3.700440e+00  3.700590e+00  3.700480e+00  
3.072835e+00  3.072837e+00  3.072839e+00  3.072841e+00  3.072844e+00  3.072850e+00  
3.072858e+00  3.072872e+00  3.072893e+00  3.072927e+00  3.072981e+00  3.073066e+00  
3.073201e+00  3.073415e+00  3.073753e+00  3.074291e+00  3.075143e+00  3.076493e+00  
3.078634e+00  3.082026e+00  3.087401e+00  3.095909e+00  3.109355e+00  3.130493e+00  
3.163302e+00  3.212624e+00  3.283656e+00  3.368713e+00  3.443229e+00  3.510778e+00  
3.572532e+00  3.629837e+00  3.684572e+00  3.736230e+00  3.783283e+00  3.825310e+00  
3.864550e+00  3.902930e+00  3.940450e+00  3.977190e+00  4.013450e+00  4.050120e+00  
4.087700e+00  4.106330e+00  4.124620e+00  4.140810e+00  4.166000e+00  4.169660e+00  
4.164110e+00  4.163280e+00  4.163990e+00  4.164150e+00  4.164280e+00  4.164180e+00  
3.523824e+00  3.523826e+00  3.523828e+00  3.523830e+00  3.523834e+00  3.523840e+00  
3.523849e+00  3.523864e+00  3.523888e+00  3.523925e+00  3.523984e+00  3.524077e+00  
3.524225e+00  3.524460e+00  3.524832e+00  3.525421e+00  3.526355e+00  3.527835e+00  
3.530182e+00  3.533899e+00  3.539791e+00  3.549114e+00  3.563830e+00  3.586904e+00  
3.622460e+00  3.674908e+00  3.747686e+00  3.830386e+00  3.898481e+00  3.957438e+00  
4.008953e+00  4.054703e+00  4.097020e+00  4.135783e+00  4.169946e+00  4.199570e+00  
4.227030e+00  4.254440e+00  4.282220e+00  4.311100e+00  4.342090e+00  4.376340e+00  
4.414320e+00  4.434060e+00  4.453960e+00  4.470790e+00  4.492490e+00  4.496560e+00  
4.495300e+00  4.495060e+00  4.495600e+00  4.495700e+00  4.495790e+00  4.495750e+00  
4.394903e+00  4.394906e+00  4.394908e+00  4.394910e+00  4.394914e+00  4.394921e+00  
4.394931e+00  4.394948e+00  4.394974e+00  4.395015e+00  4.395081e+00  4.395186e+00  
4.395351e+00  4.395613e+00  4.396027e+00  4.396685e+00  4.397728e+00  4.399379e+00  
4.401999e+00  4.406150e+00  4.412726e+00  4.423124e+00  4.439500e+00  4.465014e+00  
4.503699e+00  4.558264e+00  4.627080e+00  4.694044e+00  4.737982e+00  4.768917e+00  
4.789803e+00  4.803289e+00  4.812867e+00  4.819451e+00  4.823651e+00  4.826329e+00  
4.829520e+00  4.834870e+00  4.843220e+00  4.855720e+00  4.873690e+00  4.898150e+00  
4.929360e+00  4.947200e+00  4.966440e+00  4.980910e+00  4.988210e+00  4.992450e+00  
5.003110e+00  5.004580e+00  5.004540e+00  5.004480e+00  5.004420e+00  5.004540e+00  
5.035776e+00  5.035779e+00  5.035781e+00  5.035783e+00  5.035787e+00  5.035793e+00  
5.035804e+00  5.035821e+00  5.035848e+00  5.035891e+00  5.035958e+00  5.036065e+00  
5.036235e+00  5.036504e+00  5.036930e+00  5.037606e+00  5.038676e+00  5.040374e+00  
5.043065e+00  5.047331e+00  5.054089e+00  5.064766e+00  5.081544e+00  5.107529e+00  
5.146321e+00  5.198607e+00  5.257586e+00  5.302833e+00  5.318926e+00  5.320110e+00  
5.310688e+00  5.294129e+00  5.274858e+00  5.254488e+00  5.234391e+00  5.215739e+00  
5.200060e+00  5.188470e+00  5.181800e+00  5.180830e+00  5.186420e+00  5.198980e+00  
5.218460e+00  5.230920e+00  5.245620e+00  5.255190e+00  5.248770e+00  5.252300e+00  
5.271380e+00  5.274080e+00  5.273530e+00  5.273340e+00  5.273150e+00  5.273390e+00  
5.951282e+00  5.951285e+00  5.951286e+00  5.951289e+00  5.951293e+00  5.951299e+00  
5.951309e+00  5.951325e+00  5.951351e+00  5.951390e+00  5.951453e+00  5.951554e+00  
5.951714e+00  5.951967e+00  5.952368e+00  5.953004e+00  5.954012e+00  5.955612e+00  
5.958151e+00  5.962175e+00  5.968548e+00  5.978603e+00  5.994323e+00  6.018364e+00  
6.053049e+00  6.094917e+00  6.127701e+00  6.125450e+00  6.086789e+00  6.033361e+00  
5.971566e+00  5.906023e+00  5.841965e+00  5.781461e+00  5.725558e+00  5.674873e+00  
5.630440e+00  5.592940e+00  5.562730e+00  5.539480e+00  5.522690e+00  5.511690e+00  
5.505520e+00  5.504780e+00  5.506840e+00  5.505570e+00  5.481680e+00  5.482790e+00  
5.507300e+00  5.510870e+00  5.509810e+00  5.509480e+00  5.509210e+00  5.509520e+00  
6.613938e+00  6.613940e+00  6.613942e+00  6.613944e+00  6.613947e+00  6.613953e+00  
6.613961e+00  6.613975e+00  6.613997e+00  6.614031e+00  6.614084e+00  6.614170e+00  
6.614306e+00  6.614522e+00  6.614863e+00  6.615407e+00  6.616268e+00  6.617635e+00  
6.619806e+00  6.623251e+00  6.628704e+00  6.637291e+00  6.650626e+00  6.670687e+00  
6.698308e+00  6.726121e+00  6.729805e+00  6.680768e+00  6.592368e+00  6.492099e+00  
6.387623e+00  6.283774e+00  6.185774e+00  6.095269e+00  6.012536e+00  5.937344e+00  
5.870280e+00  5.812030e+00  5.762460e+00  5.720410e+00  5.684460e+00  5.653300e+00  
5.625250e+00  5.612820e+00  5.602900e+00  5.592680e+00  5.562580e+00  5.561290e+00  
5.581650e+00  5.584670e+00  5.583560e+00  5.583210e+00  5.582950e+00  5.583250e+00  
7.143159e+00  7.143161e+00  7.143162e+00  7.143164e+00  7.143166e+00  7.143170e+00  
7.143177e+00  7.143188e+00  7.143204e+00  7.143231e+00  7.143273e+00  7.143339e+00  
7.143444e+00  7.143611e+00  7.143875e+00  7.144296e+00  7.144964e+00  7.146025e+00  
7.147715e+00  7.150396e+00  7.154642e+00  7.161301e+00  7.171538e+00  7.186535e+00  
7.205577e+00  7.217706e+00  7.191764e+00  7.098329e+00  6.965225e+00  6.824550e+00  
6.684414e+00  6.549186e+00  6.423571e+00  6.308524e+00  6.203628e+00  6.107817e+00  
6.021477e+00  5.945140e+00  5.878420e+00  5.819730e+00  5.767220e+00  5.719370e+00  
5.674030e+00  5.652300e+00  5.632320e+00  5.615370e+00  5.586300e+00  5.583000e+00  
5.594060e+00  5.595750e+00  5.594840e+00  5.594590e+00  5.594420e+00  5.594600e+00  
7.589214e+00  7.589214e+00  7.589215e+00  7.589216e+00  7.589218e+00  7.589221e+00  
7.589225e+00  7.589232e+00  7.589243e+00  7.589261e+00  7.589289e+00  7.589332e+00  
7.589402e+00  7.589514e+00  7.589690e+00  7.589971e+00  7.590419e+00  7.591133e+00  
7.592272e+00  7.594086e+00  7.596956e+00  7.601421e+00  7.608141e+00  7.617447e+00  
7.627038e+00  7.622606e+00  7.567397e+00  7.432113e+00  7.258562e+00  7.082391e+00  
6.911702e+00  6.749884e+00  6.600768e+00  6.464718e+00  6.340560e+00  6.226645e+00  
6.123113e+00  6.030460e+00  5.948110e+00  5.874360e+00  5.807310e+00  5.745510e+00  
5.686460e+00  5.657370e+00  5.629100e+00  5.607130e+00  5.582910e+00  5.577920e+00  
5.577540e+00  5.577570e+00  5.577010e+00  5.576900e+00  5.576820e+00  5.576880e+00  
8.493867e+00  8.493862e+00  8.493860e+00  8.493856e+00  8.493848e+00  8.493838e+00  
8.493821e+00  8.493795e+00  8.493754e+00  8.493688e+00  8.493584e+00  8.493419e+00  
8.493158e+00  8.492743e+00  8.492088e+00  8.491052e+00  8.489413e+00  8.486824e+00  
8.482734e+00  8.476267e+00  8.466033e+00  8.449797e+00  8.424009e+00  8.383066e+00  
8.318161e+00  8.215690e+00  8.055177e+00  7.842449e+00  7.635194e+00  7.433758e+00  
7.238488e+00  7.049506e+00  6.867469e+00  6.693637e+00  6.528576e+00  6.372681e+00  
6.227136e+00  6.093920e+00  5.974370e+00  5.870140e+00  5.782070e+00  5.705920e+00  
5.639650e+00  5.613380e+00  5.593720e+00  5.576870e+00  5.514160e+00  5.483450e+00  
5.487090e+00  5.490900e+00  5.487480e+00  5.485960e+00  5.488380e+00  5.487010e+00  
8.852428e+00  8.852427e+00  8.852426e+00  8.852424e+00  8.852422e+00  8.852418e+00  
8.852413e+00  8.852404e+00  8.852390e+00  8.852367e+00  8.852331e+00  8.852274e+00  
8.852185e+00  8.852044e+00  8.851821e+00  8.851472e+00  8.850924e+00  8.850065e+00  
8.848720e+00  8.846602e+00  8.843230e+00  8.837762e+00  8.828651e+00  8.812679e+00  
8.781606e+00  8.710759e+00  8.547190e+00  8.269551e+00  7.967269e+00  7.682413e+00  
7.421179e+00  7.182765e+00  6.966056e+00  6.769176e+00  6.587411e+00  6.417432e+00  
6.259566e+00  6.114720e+00  5.982670e+00  5.861140e+00  5.748490e+00  5.644470e+00  
5.546450e+00  5.497280e+00  5.446690e+00  5.410680e+00  5.396620e+00  5.387100e+00  
5.357940e+00  5.353780e+00  5.354070e+00  5.354300e+00  5.354490e+00  5.354180e+00  
9.772156e+00  9.772151e+00  9.772148e+00  9.772144e+00  9.772136e+00  9.772124e+00  
9.772105e+00  9.772077e+00  9.772031e+00  9.771957e+00  9.771842e+00  9.771658e+00  
9.771369e+00  9.770911e+00  9.770188e+00  9.769047e+00  9.767250e+00  9.764418e+00  
9.759954e+00  9.752892e+00  9.741656e+00  9.723681e+00  9.694734e+00  9.647373e+00  
9.567051e+00  9.420717e+00  9.146060e+00  8.735955e+00  8.323358e+00  7.948733e+00  
7.614703e+00  7.317040e+00  7.050712e+00  6.808986e+00  6.582187e+00  6.364804e+00  
6.160064e+00  5.971073e+00  5.797650e+00  5.636010e+00  5.483780e+00  5.342400e+00  
5.210430e+00  5.145240e+00  5.079630e+00  5.030460e+00  4.994040e+00  4.981560e+00  
4.959160e+00  4.956030e+00  4.955670e+00  4.955720e+00  4.955790e+00  4.955590e+00  
1.042985e+01  1.042984e+01  1.042983e+01  1.042982e+01  1.042981e+01  1.042978e+01  
1.042974e+01  1.042967e+01  1.042957e+01  1.042941e+01  1.042915e+01  1.042872e+01  
1.042807e+01  1.042705e+01  1.042540e+01  1.042283e+01  1.041876e+01  1.041233e+01  
1.040216e+01  1.038605e+01  1.036045e+01  1.031979e+01  1.025522e+01  1.015289e+01  
9.991736e+00  9.742369e+00  9.365267e+00  8.885722e+00  8.441193e+00  8.030252e+00  
7.651238e+00  7.302948e+00  6.984851e+00  6.694896e+00  6.430236e+00  6.187262e+00  
5.960855e+00  5.747641e+00  5.548691e+00  5.364070e+00  5.191730e+00  5.023620e+00  
4.853960e+00  4.772030e+00  4.697810e+00  4.644860e+00  4.581330e+00  4.563890e+00  
4.559760e+00  4.560150e+00  4.558450e+00  4.558100e+00  4.557830e+00  4.557990e+00  
1.095809e+01  1.095808e+01  1.095807e+01  1.095806e+01  1.095804e+01  1.095801e+01  
1.095796e+01  1.095789e+01  1.095776e+01  1.095758e+01  1.095728e+01  1.095682e+01  
1.095608e+01  1.095492e+01  1.095308e+01  1.095019e+01  1.094562e+01  1.093842e+01  
1.092701e+01  1.090888e+01  1.088000e+01  1.083400e+01  1.076062e+01  1.064338e+01  
1.045582e+01  1.015496e+01  9.675491e+00  9.045379e+00  8.462023e+00  7.947205e+00  
7.496711e+00  7.099993e+00  6.746542e+00  6.425620e+00  6.123861e+00  5.834292e+00  
5.560761e+00  5.306207e+00  5.069328e+00  4.846310e+00  4.633460e+00  4.432420e+00  
4.243600e+00  4.152520e+00  4.063910e+00  3.994270e+00  3.917910e+00  3.901070e+00  
3.895100e+00  3.894500e+00  3.892930e+00  3.892630e+00  3.892440e+00  3.892470e+00  
1.132961e+01  1.132959e+01  1.132958e+01  1.132957e+01  1.132954e+01  1.132950e+01  
1.132944e+01  1.132934e+01  1.132918e+01  1.132892e+01  1.132853e+01  1.132790e+01  
1.132692e+01  1.132536e+01  1.132290e+01  1.131901e+01  1.131289e+01  1.130323e+01  
1.128788e+01  1.126345e+01  1.122455e+01  1.116262e+01  1.106408e+01  1.090781e+01  
1.066302e+01  1.028940e+01  9.737032e+00  9.051943e+00  8.434401e+00  7.878112e+00  
7.378577e+00  6.929303e+00  6.523952e+00  6.157486e+00  5.824627e+00  5.518948e+00  
5.231857e+00  4.957494e+00  4.696570e+00  4.450848e+00  4.220920e+00  4.003030e+00  
3.795770e+00  3.696660e+00  3.598790e+00  3.522650e+00  3.450150e+00  3.431740e+00  
3.415110e+00  3.413060e+00  3.411720e+00  3.411520e+00  3.411420e+00  3.411360e+00  
1.152392e+01  1.152390e+01  1.152389e+01  1.152387e+01  1.152385e+01  1.152380e+01  
1.152374e+01  1.152363e+01  1.152346e+01  1.152318e+01  1.152275e+01  1.152207e+01  
1.152098e+01  1.151929e+01  1.151662e+01  1.151241e+01  1.150577e+01  1.149527e+01  
1.147857e+01  1.145191e+01  1.140945e+01  1.134173e+01  1.123382e+01  1.106269e+01  
1.079507e+01  1.038795e+01  9.789408e+00  9.050218e+00  8.388114e+00  7.794577e+00  
7.263238e+00  6.785929e+00  6.354518e+00  5.963469e+00  5.607768e+00  5.281521e+00  
4.977126e+00  4.689177e+00  4.417269e+00  4.161070e+00  3.920120e+00  3.691310e+00  
3.473300e+00  3.368560e+00  3.264650e+00  3.183670e+00  3.108220e+00  3.089070e+00  
3.070580e+00  3.068180e+00  3.066730e+00  3.066530e+00  3.066450e+00  3.066390e+00  
1.164637e+01  1.164635e+01  1.164634e+01  1.164632e+01  1.164629e+01  1.164625e+01  
1.164617e+01  1.164606e+01  1.164588e+01  1.164559e+01  1.164514e+01  1.164441e+01  
1.164328e+01  1.164149e+01  1.163868e+01  1.163427e+01  1.162730e+01  1.161628e+01  
1.159867e+01  1.157056e+01  1.152570e+01  1.145404e+01  1.133966e+01  1.115836e+01  
1.087507e+01  1.044515e+01  9.815517e+00  9.039877e+00  8.348039e+00  7.729943e+00  
7.177112e+00  6.679955e+00  6.229199e+00  5.819305e+00  5.445764e+00  5.103599e+00  
4.786618e+00  4.490002e+00  4.211931e+00  3.949437e+00  3.700387e+00  3.463340e+00  
3.237530e+00  3.128850e+00  3.020730e+00  2.935600e+00  2.854240e+00  2.834370e+00  
2.817310e+00  2.815090e+00  2.813330e+00  2.813140e+00  2.812940e+00  2.812970e+00  
1.179014e+01  1.179012e+01  1.179011e+01  1.179008e+01  1.179005e+01  1.179000e+01  
1.178992e+01  1.178980e+01  1.178961e+01  1.178930e+01  1.178882e+01  1.178806e+01  
1.178686e+01  1.178498e+01  1.178203e+01  1.177741e+01  1.177010e+01  1.175846e+01  
1.173981e+01  1.170994e+01  1.166213e+01  1.158544e+01  1.146275e+01  1.126842e+01  
1.096496e+01  1.050605e+01  9.837164e+00  9.015150e+00  8.285497e+00  7.636976e+00  
7.058032e+00  6.537574e+00  6.065537e+00  5.636062e+00  5.244532e+00  4.885903e+00  
4.554163e+00  4.244484e+00  3.954529e+00  3.680713e+00  3.420107e+00  3.171320e+00  
2.932440e+00  2.816440e+00  2.700920e+00  2.609280e+00  2.518600e+00  2.496360e+00  
2.479710e+00  2.477830e+00  2.475880e+00  2.475550e+00  2.475480e+00  2.475370e+00  
1.186745e+01  1.186743e+01  1.186742e+01  1.186740e+01  1.186735e+01  1.186730e+01  
1.186722e+01  1.186710e+01  1.186690e+01  1.186658e+01  1.186608e+01  1.186530e+01  
1.186407e+01  1.186215e+01  1.185915e+01  1.185445e+01  1.184699e+01  1.183504e+01  
1.181581e+01  1.178495e+01  1.173532e+01  1.165535e+01  1.152737e+01  1.132466e+01  
1.100833e+01  1.053146e+01  9.839288e+00  8.991597e+00  8.242801e+00  7.579973e+00  
6.989750e+00  6.459790e+00  5.979361e+00  5.542298e+00  5.143605e+00  4.777835e+00  
4.438397e+00  4.120222e+00  3.821148e+00  3.538050e+00  3.267888e+00  3.007923e+00  
2.755630e+00  2.632130e+00  2.509810e+00  2.412840e+00  2.313800e+00  2.288980e+00  
2.269890e+00  2.267700e+00  2.265750e+00  2.265500e+00  2.265260e+00  2.265120e+00  
1.192136e+01  1.192134e+01  1.192133e+01  1.192130e+01  1.192127e+01  1.192122e+01  
1.192113e+01  1.192100e+01  1.192080e+01  1.192048e+01  1.191998e+01  1.191919e+01  
1.191799e+01  1.191613e+01  1.191326e+01  1.190872e+01  1.190139e+01  1.188949e+01  
1.187022e+01  1.183892e+01  1.178781e+01  1.170489e+01  1.157206e+01  1.136129e+01  
1.103343e+01  1.054150e+01  9.830641e+00  8.964167e+00  8.204351e+00  7.532407e+00  
6.934864e+00  6.398745e+00  5.912979e+00  5.470967e+00  5.067201e+00  4.695501e+00  
4.348379e+00  4.020203e+00  3.708944e+00  3.411890e+00  3.125315e+00  2.843016e+00  
2.559390e+00  2.415490e+00  2.268720e+00  2.149440e+00  2.029780e+00  1.999030e+00  
1.974100e+00  1.971230e+00  1.968920e+00  1.968560e+00  1.968350e+00  1.968030e+00  
1.190089e+01  1.190087e+01  1.190086e+01  1.190084e+01  1.190080e+01  1.190075e+01  
1.190067e+01  1.190055e+01  1.190034e+01  1.190004e+01  1.189956e+01  1.189882e+01  
1.189771e+01  1.189602e+01  1.189342e+01  1.188925e+01  1.188238e+01  1.187109e+01  
1.185257e+01  1.182193e+01  1.177113e+01  1.168854e+01  1.155572e+01  1.134511e+01  
1.101885e+01  1.053102e+01  9.825647e+00  8.967276e+00  8.215070e+00  7.547297e+00  
6.951817e+00  6.416341e+00  5.930446e+00  5.487830e+00  5.083191e+00  4.710659e+00  
4.363117e+00  4.034664e+00  3.721780e+00  3.419113e+00  3.120700e+00  2.819672e+00  
2.507588e+00  2.343520e+00  2.168540e+00  2.020480e+00  1.876200e+00  1.841990e+00  
1.814320e+00  1.810780e+00  1.807490e+00  1.807020e+00  1.806740e+00  1.807780e+00  
1.179753e+01  1.179751e+01  1.179750e+01  1.179748e+01  1.179745e+01  1.179740e+01  
1.179733e+01  1.179721e+01  1.179704e+01  1.179677e+01  1.179638e+01  1.179581e+01  
1.179498e+01  1.179379e+01  1.179190e+01  1.178865e+01  1.178307e+01  1.177360e+01  
1.175724e+01  1.172873e+01  1.168081e+01  1.160197e+01  1.147448e+01  1.127371e+01  
1.096453e+01  1.050231e+01  9.831540e+00  9.009253e+00  8.278147e+00  7.621274e+00  
7.030916e+00  6.499590e+00  6.020758e+00  5.587886e+00  5.194136e+00  4.831555e+00  
4.490153e+00  4.162270e+00  3.845207e+00  3.535094e+00  3.224537e+00  2.897674e+00  
2.535060e+00  2.333947e+00  2.113330e+00  1.918520e+00  1.715500e+00  1.669800e+00  
1.643730e+00  1.640560e+00  1.633590e+00  1.632100e+00  1.633120e+00  1.641760e+00  
1.171429e+01  1.171427e+01  1.171426e+01  1.171424e+01  1.171421e+01  1.171417e+01  
1.171410e+01  1.171400e+01  1.171384e+01  1.171362e+01  1.171331e+01  1.171290e+01  
1.171239e+01  1.171166e+01  1.171036e+01  1.170790e+01  1.170344e+01  1.169530e+01  
1.168006e+01  1.165264e+01  1.160594e+01  1.152811e+01  1.140293e+01  1.120741e+01  
1.090836e+01  1.046047e+01  9.820355e+00  9.033567e+00  8.329911e+00  7.695361e+00  
7.123017e+00  6.606144e+00  6.138838e+00  5.715133e+00  5.328649e+00  4.971915e+00  
4.635298e+00  4.311162e+00  3.996094e+00  3.684906e+00  3.367515e+00  3.022179e+00  
2.621100e+00  2.389714e+00  2.128810e+00  1.892870e+00  1.638990e+00  1.579850e+00  
1.554630e+00  1.552190e+00  1.541980e+00  1.539500e+00  1.541950e+00  1.556600e+00  
1.164375e+01  1.164373e+01  1.164372e+01  1.164370e+01  1.164368e+01  1.164364e+01  
1.164357e+01  1.164348e+01  1.164336e+01  1.164318e+01  1.164298e+01  1.164277e+01  
1.164258e+01  1.164232e+01  1.164159e+01  1.163997e+01  1.163660e+01  1.162960e+01  
1.161522e+01  1.158888e+01  1.154304e+01  1.146631e+01  1.134401e+01  1.115446e+01  
1.086552e+01  1.043372e+01  9.819504e+00  9.063568e+00  8.383196e+00  7.766708e+00  
7.208125e+00  6.701533e+00  6.241746e+00  5.823782e+00  5.442388e+00  5.091422e+00  
4.763057e+00  4.449938e+00  4.146189e+00  3.841827e+00  3.522411e+00  3.164332e+00  
2.733092e+00  2.473641e+00  2.168365e+00  1.886420e+00  1.594570e+00  1.534340e+00  
1.502570e+00  1.497900e+00  1.486120e+00  1.483640e+00  1.486230e+00  1.503150e+00  
1.157667e+01  1.157665e+01  1.157664e+01  1.157663e+01  1.157660e+01  1.157656e+01  
1.157651e+01  1.157643e+01  1.157633e+01  1.157621e+01  1.157612e+01  1.157612e+01  
1.157629e+01  1.157644e+01  1.157628e+01  1.157547e+01  1.157309e+01  1.156689e+01  
1.155319e+01  1.152758e+01  1.148204e+01  1.140617e+01  1.128635e+01  1.110220e+01  
1.082042e+01  1.040685e+01  9.816404e+00  9.087211e+00  8.427727e+00  7.827735e+00  
7.282514e+00  6.787105e+00  6.337271e+00  5.928338e+00  5.555176e+00  5.211712e+00  
4.889986e+00  4.582519e+00  4.283088e+00  3.981105e+00  3.660637e+00  3.294694e+00  
2.842102e+00  2.562391e+00  2.225249e+00  1.907900e+00  1.572790e+00  1.502160e+00  
1.467790e+00  1.463020e+00  1.449220e+00  1.446260e+00  1.449620e+00  1.466140e+00  
1.147166e+01  1.147164e+01  1.147164e+01  1.147162e+01  1.147160e+01  1.147157e+01  
1.147153e+01  1.147148e+01  1.147144e+01  1.147145e+01  1.147163e+01  1.147209e+01  
1.147288e+01  1.147381e+01  1.147477e+01  1.147542e+01  1.147452e+01  1.146918e+01  
1.145639e+01  1.143089e+01  1.138484e+01  1.130966e+01  1.119307e+01  1.101631e+01  
1.074633e+01  1.036286e+01  9.811169e+00  9.124536e+00  8.499902e+00  7.928570e+00  
7.407279e+00  6.932356e+00  6.500777e+00  6.108349e+00  5.750232e+00  5.420523e+00  
5.111251e+00  4.814767e+00  4.524518e+00  4.229063e+00  3.910253e+00  3.535544e+00  
3.052184e+00  2.740832e+00  2.351935e+00  1.975373e+00  1.565060e+00  1.471200e+00  
1.421640e+00  1.416710e+00  1.404470e+00  1.401920e+00  1.406800e+00  1.418170e+00  
1.139414e+01  1.139413e+01  1.139412e+01  1.139410e+01  1.139408e+01  1.139405e+01  
1.139403e+01  1.139401e+01  1.139405e+01  1.139423e+01  1.139469e+01  1.139561e+01  
1.139697e+01  1.139866e+01  1.140069e+01  1.140261e+01  1.140255e+01  1.139776e+01  
1.138520e+01  1.135879e+01  1.131182e+01  1.123667e+01  1.112237e+01  1.094751e+01  
1.069189e+01  1.033033e+01  9.807793e+00  9.153560e+00  8.556191e+00  8.007991e+00  
7.506557e+00  7.049040e+00  6.633177e+00  6.255155e+00  5.910332e+00  5.592928e+00  
5.294922e+00  5.008511e+00  4.727106e+00  4.438843e+00  4.124282e+00  3.747510e+00  
3.246545e+00  2.912959e+00  2.483321e+00  2.055648e+00  1.575600e+00  1.461260e+00  
1.397230e+00  1.391060e+00  1.378020e+00  1.375280e+00  1.379640e+00  1.388380e+00  
1.126973e+01  1.126971e+01  1.126970e+01  1.126970e+01  1.126969e+01  1.126968e+01  
1.126970e+01  1.126980e+01  1.127008e+01  1.127072e+01  1.127199e+01  1.127397e+01  
1.127665e+01  1.128025e+01  1.128467e+01  1.128857e+01  1.128946e+01  1.128520e+01  
1.127091e+01  1.124128e+01  1.119179e+01  1.111649e+01  1.100411e+01  1.083563e+01  
1.060846e+01  1.028276e+01  9.807460e+00  9.207459e+00  8.655651e+00  8.146700e+00  
7.679820e+00  7.253996e+00  6.868614e+00  6.520202e+00  6.203970e+00  5.913546e+00  
5.639690e+00  5.373561e+00  5.108357e+00  4.831903e+00  4.525988e+00  4.160015e+00  
3.662120e+00  3.306187e+00  2.806202e+00  2.269140e+00  1.626750e+00  1.473510e+00  
1.375330e+00  1.362390e+00  1.341340e+00  1.337500e+00  1.339570e+00  1.347160e+00  
1.120532e+01  1.120531e+01  1.120530e+01  1.120530e+01  1.120530e+01  1.120533e+01  
1.120541e+01  1.120565e+01  1.120624e+01  1.120743e+01  1.120946e+01  1.121238e+01  
1.121639e+01  1.122174e+01  1.122790e+01  1.123252e+01  1.123383e+01  1.122845e+01  
1.121104e+01  1.117813e+01  1.112595e+01  1.104991e+01  1.093091e+01  1.077654e+01  
1.056467e+01  1.025849e+01  9.809605e+00  9.242207e+00  8.719457e+00  8.237009e+00  
7.794399e+00  7.391012e+00  7.026567e+00  6.698052e+00  6.401047e+00  6.129551e+00  
5.874574e+00  5.627354e+00  5.380949e+00  5.122525e+00  4.832779e+00  4.479092e+00  
3.982124e+00  3.614806e+00  3.082763e+00  2.485876e+00  1.711700e+00  1.507880e+00  
1.364450e+00  1.346430e+00  1.323710e+00  1.319720e+00  1.321120e+00  1.325920e+00  
1.114267e+01  1.114266e+01  1.114266e+01  1.114267e+01  1.114270e+01  1.114281e+01  
1.114308e+01  1.114372e+01  1.114503e+01  1.114733e+01  1.115072e+01  1.115549e+01  
1.116205e+01  1.117022e+01  1.117781e+01  1.118312e+01  1.118339e+01  1.117340e+01  
1.115022e+01  1.111159e+01  1.105587e+01  1.096765e+01  1.085720e+01  1.071769e+01  
1.052249e+01  1.023770e+01  9.818370e+00  9.288499e+00  8.800648e+00  8.351183e+00  
7.939583e+00  7.565214e+00  7.227728e+00  6.924771e+00  6.652826e+00  6.406930e+00  
6.179343e+00  5.962315e+00  5.749424e+00  5.527957e+00  5.276508e+00  4.954358e+00  
4.467859e+00  4.089786e+00  3.523532e+00  2.858022e+00  1.902826e+00  1.607570e+00  
1.359000e+00  1.328690e+00  1.308000e+00  1.305010e+00  1.300050e+00  1.304320e+00  
1.111583e+01  1.111583e+01  1.111583e+01  1.111586e+01  1.111594e+01  1.111617e+01  
1.111667e+01  1.111779e+01  1.111990e+01  1.112319e+01  1.112787e+01  1.113449e+01  
1.114329e+01  1.115292e+01  1.116112e+01  1.116625e+01  1.116349e+01  1.114895e+01  
1.112091e+01  1.107851e+01  1.101685e+01  1.092474e+01  1.082338e+01  1.069214e+01  
1.050625e+01  1.023323e+01  9.830054e+00  9.320413e+00  8.851514e+00  8.420294e+00  
8.026369e+00  7.669345e+00  7.349083e+00  7.063540e+00  6.809570e+00  6.582609e+00  
6.375249e+00  6.180069e+00  5.990787e+00  5.794551e+00  5.570146e+00  5.278092e+00  
4.822746e+00  4.455377e+00  3.884019e+00  3.177068e+00  2.075677e+00  1.708160e+00  
1.372280e+00  1.327580e+00  1.298710e+00  1.295350e+00  1.287780e+00  1.293230e+00  
1.111126e+01  1.111126e+01  1.111127e+01  1.111133e+01  1.111147e+01  1.111184e+01  
1.111264e+01  1.111429e+01  1.111715e+01  1.112135e+01  1.112735e+01  1.113570e+01  
1.114619e+01  1.115648e+01  1.116502e+01  1.116879e+01  1.116251e+01  1.114394e+01  
1.111189e+01  1.106681e+01  1.099236e+01  1.090817e+01  1.081184e+01  1.068491e+01  
1.050334e+01  1.023559e+01  9.840245e+00  9.341656e+00  8.884402e+00  8.465407e+00  
8.083875e+00  7.739003e+00  7.430253e+00  7.156034e+00  6.913995e+00  6.700718e+00  
6.510453e+00  6.336446e+00  6.170811e+00  5.996473e+00  5.788738e+00  5.510217e+00  
5.073978e+00  4.727484e+00  4.192107e+00  3.489169e+00  2.239286e+00  1.791820e+00  
1.388460e+00  1.333950e+00  1.293730e+00  1.287800e+00  1.284430e+00  1.286490e+00  
1.110572e+01  1.110573e+01  1.110576e+01  1.110585e+01  1.110607e+01  1.110659e+01  
1.110774e+01  1.110993e+01  1.111348e+01  1.111860e+01  1.112588e+01  1.113583e+01  
1.114740e+01  1.115813e+01  1.116664e+01  1.116831e+01  1.115880e+01  1.113674e+01  
1.110187e+01  1.105381e+01  1.097380e+01  1.089513e+01  1.080314e+01  1.068042e+01  
1.050346e+01  1.024104e+01  9.851903e+00  9.360141e+00  8.909181e+00  8.497398e+00  
8.124046e+00  7.788227e+00  7.489188e+00  7.225031e+00  6.993023e+00  6.789748e+00  
6.610325e+00  6.449013e+00  6.298811e+00  6.143839e+00  5.959722e+00  5.705942e+00  
5.291898e+00  4.956461e+00  4.434127e+00  3.731315e+00  2.401590e+00  1.886704e+00  
1.404890e+00  1.339090e+00  1.290840e+00  1.284420e+00  1.280130e+00  1.281980e+00  
1.110244e+01  1.110247e+01  1.110254e+01  1.110271e+01  1.110311e+01  1.110404e+01  
1.110592e+01  1.110917e+01  1.111401e+01  1.112094e+01  1.113067e+01  1.114310e+01  
1.115572e+01  1.116704e+01  1.117391e+01  1.117077e+01  1.115563e+01  1.112784e+01  
1.108919e+01  1.102256e+01  1.095192e+01  1.087987e+01  1.079297e+01  1.067467e+01  
1.050213e+01  1.024523e+01  9.864693e+00  9.385331e+00  8.946505e+00  8.546034e+00  
8.183394e+00  7.858006e+00  7.569638e+00  7.317041e+00  7.098377e+00  6.910695e+00  
6.748694e+00  6.606635e+00  6.478690e+00  6.350874e+00  6.200939e+00  5.990064e+00  
5.629784e+00  5.324372e+00  4.826430e+00  4.119997e+00  2.681970e+00  2.078295e+00  
1.445310e+00  1.350890e+00  1.287740e+00  1.282310e+00  1.272390e+00  1.276330e+00  
1.112365e+01  1.112371e+01  1.112382e+01  1.112410e+01  1.112474e+01  1.112613e+01  
1.112877e+01  1.113297e+01  1.113905e+01  1.114777e+01  1.115968e+01  1.117351e+01  
1.118674e+01  1.119791e+01  1.120178e+01  1.119419e+01  1.117415e+01  1.114240e+01  
1.109842e+01  1.102400e+01  1.095921e+01  1.089063e+01  1.080577e+01  1.068823e+01  
1.051520e+01  1.025707e+01  9.875844e+00  9.398376e+00  8.964212e+00  8.570742e+00  
8.216653e+00  7.900474e+00  7.620947e+00  7.376812e+00  7.166348e+00  6.986806e+00  
6.833096e+00  6.700880e+00  6.588417e+00  6.489617e+00  6.384748e+00  6.214745e+00  
5.873661e+00  5.580293e+00  5.117824e+00  4.446386e+00  2.938294e+00  2.248905e+00  
1.483550e+00  1.368300e+00  1.288290e+00  1.279120e+00  1.271320e+00  1.272900e+00  
1.111577e+01  1.111594e+01  1.111620e+01  1.111683e+01  1.111821e+01  1.112089e+01  
1.112527e+01  1.113164e+01  1.114087e+01  1.115365e+01  1.116909e+01  1.118439e+01  
1.119828e+01  1.120566e+01  1.120164e+01  1.118511e+01  1.115679e+01  1.111914e+01  
1.104781e+01  1.098891e+01  1.093356e+01  1.087224e+01  1.079350e+01  1.068164e+01  
1.051478e+01  1.026424e+01  9.893164e+00  9.427513e+00  9.003391e+00  8.618811e+00  
8.272731e+00  7.964102e+00  7.692255e+00  7.456719e+00  7.256985e+00  7.092013e+00  
6.959405e+00  6.856170e+00  6.778099e+00  6.712275e+00  6.638124e+00  6.519896e+00  
6.272602e+00  6.037767e+00  5.636140e+00  5.018426e+00  3.469956e+00  2.620859e+00  
1.584740e+00  1.421990e+00  1.292950e+00  1.279270e+00  1.263160e+00  1.268310e+00  
1.111503e+01  1.111536e+01  1.111584e+01  1.111693e+01  1.111917e+01  1.112310e+01  
1.112900e+01  1.113755e+01  1.114970e+01  1.116555e+01  1.118234e+01  1.119853e+01  
1.121075e+01  1.121263e+01  1.120206e+01  1.117881e+01  1.114629e+01  1.108557e+01  
1.102393e+01  1.097263e+01  1.092277e+01  1.086579e+01  1.079065e+01  1.068213e+01  
1.051875e+01  1.027208e+01  9.905211e+00  9.444142e+00  9.023560e+00  8.642098e+00  
8.299098e+00  7.994258e+00  7.727511e+00  7.498604e+00  7.306899e+00  7.151207e+00  
7.028778e+00  6.936932e+00  6.873323e+00  6.828639e+00  6.785922e+00  6.710222e+00  
6.524073e+00  6.330763e+00  5.972278e+00  5.399291e+00  3.880385e+00  2.952693e+00  
1.681840e+00  1.469750e+00  1.301270e+00  1.281610e+00  1.264760e+00  1.266040e+00  
1.111733e+01  1.111811e+01  1.111917e+01  1.112138e+01  1.112538e+01  1.113146e+01  
1.114031e+01  1.115299e+01  1.116992e+01  1.118847e+01  1.120678e+01  1.122194e+01  
1.122711e+01  1.121951e+01  1.119874e+01  1.116825e+01  1.111251e+01  1.104877e+01  
1.099977e+01  1.095688e+01  1.091326e+01  1.086093e+01  1.078934e+01  1.068372e+01  
1.052306e+01  1.027919e+01  9.915364e+00  9.458006e+00  9.041042e+00  8.663569e+00  
8.325228e+00  8.025998e+00  7.766107e+00  7.544959e+00  7.361342e+00  7.214038e+00  
7.101498e+00  7.022521e+00  6.976450e+00  6.956736e+00  6.949810e+00  6.923955e+00  
6.806813e+00  6.666638e+00  6.405243e+00  5.951206e+00  4.466977e+00  3.412825e+00  
1.886152e+00  1.600260e+00  1.316450e+00  1.278220e+00  1.262600e+00  1.263740e+00  
1.111688e+01  1.111829e+01  1.112006e+01  1.112349e+01  1.112903e+01  1.113711e+01  
1.114885e+01  1.116517e+01  1.118469e+01  1.120447e+01  1.122300e+01  1.123393e+01  
1.123223e+01  1.121700e+01  1.118999e+01  1.115390e+01  1.107925e+01  1.102641e+01  
1.098418e+01  1.094624e+01  1.090625e+01  1.085652e+01  1.078685e+01  1.068277e+01  
1.052358e+01  1.028134e+01  9.919644e+00  9.464736e+00  9.050031e+00  8.674977e+00  
8.339224e+00  8.042921e+00  7.786330e+00  7.568870e+00  7.389382e+00  7.246827e+00  
7.139845e+00  7.067667e+00  7.030604e+00  7.023608e+00  7.035921e+00  7.041077e+00  
6.974780e+00  6.871284e+00  6.660516e+00  6.274757e+00  4.897293e+00  3.804625e+00  
2.059703e+00  1.707360e+00  1.338150e+00  1.285520e+00  1.266030e+00  1.262590e+00  
1.113528e+01  1.113746e+01  1.114004e+01  1.114461e+01  1.115154e+01  1.116163e+01  
1.117608e+01  1.119520e+01  1.121593e+01  1.123659e+01  1.125354e+01  1.125946e+01  
1.125191e+01  1.123069e+01  1.120020e+01  1.113916e+01  1.107641e+01  1.102989e+01  
1.099195e+01  1.095694e+01  1.091871e+01  1.086967e+01  1.079965e+01  1.069412e+01  
1.053226e+01  1.028641e+01  9.921130e+00  9.464232e+00  9.050166e+00  8.677471e+00  
8.345127e+00  8.052374e+00  7.798692e+00  7.583741e+00  7.407022e+00  7.267355e+00  
7.161862e+00  7.089451e+00  7.053767e+00  7.057190e+00  7.094551e+00  7.131447e+00  
7.101232e+00  7.020411e+00  6.825043e+00  6.448853e+00  5.205441e+00  4.198455e+00  
2.212503e+00  1.786020e+00  1.363090e+00  1.308220e+00  1.262490e+00  1.261900e+00  
1.111468e+01  1.111775e+01  1.112115e+01  1.112677e+01  1.113504e+01  1.114711e+01  
1.116405e+01  1.118497e+01  1.120656e+01  1.122749e+01  1.124161e+01  1.124292e+01  
1.123021e+01  1.120479e+01  1.117162e+01  1.109636e+01  1.104110e+01  1.099935e+01  
1.096505e+01  1.093289e+01  1.089707e+01  1.085033e+01  1.078292e+01  1.068077e+01  
1.052350e+01  1.028344e+01  9.924220e+00  9.471772e+00  9.059215e+00  8.686630e+00  
8.353705e+00  8.060371e+00  7.806847e+00  7.592786e+00  7.417556e+00  7.280479e+00  
7.180274e+00  7.116203e+00  7.088687e+00  7.092647e+00  7.120318e+00  7.158552e+00  
7.169787e+00  7.125798e+00  6.964797e+00  6.615380e+00  5.448685e+00  4.468667e+00  
2.368798e+00  1.885451e+00  1.385410e+00  1.318000e+00  1.263140e+00  1.261440e+00  
1.111413e+01  1.111929e+01  1.112425e+01  1.113176e+01  1.114274e+01  1.115850e+01  
1.117936e+01  1.120209e+01  1.122496e+01  1.124405e+01  1.125155e+01  1.124509e+01  
1.122403e+01  1.119381e+01  1.113052e+01  1.106629e+01  1.102016e+01  1.098474e+01  
1.095506e+01  1.092621e+01  1.089267e+01  1.084752e+01  1.078125e+01  1.068003e+01  
1.052362e+01  1.028447e+01  9.926348e+00  9.475208e+00  9.063941e+00  8.692784e+00  
8.361398e+00  8.069673e+00  7.817758e+00  7.605435e+00  7.432324e+00  7.297875e+00  
7.200828e+00  7.140685e+00  7.118246e+00  7.129365e+00  7.167742e+00  7.223092e+00  
7.266197e+00  7.251888e+00  7.142606e+00  6.859987e+00  5.812039e+00  4.886293e+00  
2.661177e+00  2.073032e+00  1.429880e+00  1.336600e+00  1.266820e+00  1.260860e+00  
1.111409e+01  1.112157e+01  1.112731e+01  1.113717e+01  1.115087e+01  1.116995e+01  
1.119304e+01  1.121610e+01  1.124025e+01  1.125620e+01  1.125669e+01  1.124328e+01  
1.121706e+01  1.118266e+01  1.110182e+01  1.104694e+01  1.100668e+01  1.097554e+01  
1.094895e+01  1.092225e+01  1.089017e+01  1.084601e+01  1.078044e+01  1.067975e+01  
1.052381e+01  1.028519e+01  9.927700e+00  9.477340e+00  9.066901e+00  8.696653e+00  
8.366217e+00  8.075430e+00  7.824385e+00  7.613011e+00  7.441158e+00  7.308368e+00  
7.213380e+00  7.155666e+00  7.136315e+00  7.151791e+00  7.196825e+00  7.262924e+00  
7.325696e+00  7.330377e+00  7.258216e+00  7.027368e+00  6.073254e+00  5.201472e+00  
2.921192e+00  2.245743e+00  1.473880e+00  1.355910e+00  1.271220e+00  1.260510e+00  
