 28000  0  0  58.71      180717  2  0.0         1.0000E+50  0.0
91912  0  0.0         0.0         0.0         0.0         0.0
 1.000000000E+00 2.000000000E+00
 3.000000000E+00 2.000000000E+00
 5.000000000E+00 2.000000000E+00
 6.000000000E+00 4.000000000E+00
 8.000000000E+00 2.000000000E+00
 1.000000000E+01 2.000000000E+00
 1.100000000E+01 4.000000000E+00
 1.300000000E+01 3.200000000E+00
 1.400000000E+01 4.800000000E+00
 1.600000000E+01 2.000000000E+00
                                                                       1
 28000  0  0  58.71      180717  2  0.0         1.0000E+50  0.0
91913  0  0.0         0.0         0.0         0.0         0.0
 1.000000000E+00 8.338000000E-03
 3.000000000E+00 1.015000000E-03
 5.000000000E+00 8.770000000E-04
 6.000000000E+00 8.600000000E-04
 8.000000000E+00 1.170000000E-04
 1.000000000E+01 7.500000000E-05
 1.100000000E+01 7.300000000E-05
 1.300000000E+01 1.000000000E-05
 1.400000000E+01 1.000000000E-05
 1.600000000E+01 7.630000000E-06
                                                                       1
 28000  0  0  58.71      180717  2  0.0         1.0000E+50  0.0
91914  0  0.0         0.0         0.0         0.0         0.0
 1.000000000E+00 1.072628246E-02
 3.000000000E+00 2.048152012E-03
 5.000000000E+00 2.000001582E-03
 6.000000000E+00 1.934211437E-03
 8.000000000E+00 4.425073331E-04
 1.000000000E+01 3.765469682E-04
 1.100000000E+01 3.652893492E-04
 1.300000000E+01 1.808445040E-04
 1.400000000E+01 1.821145975E-04
 1.600000000E+01 3.531114957E-05
                                                                       1
 28000  0  0  58.71      180717  2  0.0         1.0000E+50  0.0
91915  0  0.0         0.0         0.0         0.0         0.0
 1.000000000E+00 2.853300000E-10
 3.000000000E+00 1.285500000E-09
 5.000000000E+00 1.115600000E-09
 6.000000000E+00 1.132200000E-09
 8.000000000E+00 3.869300000E-09
 1.000000000E+01 4.008300000E-09
 1.100000000E+01 4.062400000E-09
 1.300000000E+01 4.931300000E-09
 1.400000000E+01 4.962100000E-09
 1.600000000E+01 1.477400000E-08
                                                                       1
 28000  0  0  58.71      180717  2  0.0         1.0000E+50  0.0
91921  0  0.0         0.0         0.0         0.0         0.0
 1.000000000E+00 5.509900000E-07
 3.000000000E+00 3.846700000E-09
 5.000000000E+00 3.966900000E-09
 6.000000000E+00 3.906400000E-09
 8.000000000E+00 2.414400000E-11
 1.000000000E+01 6.605600000E-11
 1.100000000E+01 6.177900000E-11
                                                                       1
 28000  0  0  58.71      180717  2  0.0         1.0000E+50  0.0
91922  0  0.0         0.0         0.0         0.0         0.0
 1.000000000E+00 7.831700000E-07
 3.000000000E+00 8.510800000E-06
 5.000000000E+00 5.212300000E-07
 6.000000000E+00 5.289000000E-07
 8.000000000E+00 4.247500000E-06
 1.000000000E+01 2.540900000E-06
 1.100000000E+01 2.447400000E-06
                                                                       1
 28000  0  0  58.71      180717  2  0.0         1.0000E+50  0.0
92935  0  0.0         0.0         0.0         0.0         0.0
 1.000000000E+00 7.635946184E-05
 3.000000000E+00 6.789588624E-05
 5.000000000E+00 4.596317182E-05
 6.000000000E+00 4.576096284E-05
 8.000000000E+00 4.004449258E-05
 1.000000000E+01 2.719206635E-05
 1.100000000E+01 2.708495077E-05
 1.300000000E+01 1.000000000E-05
 1.400000000E+01 1.000000000E-05
 1.600000000E+01 7.630000000E-06
                                                                       1
 28000  0  7  58.71      180717  2  0.0         1.0000E+50  0.0
92933  0  0.0         0.0         0.0         0.0         0.0
 1.000000000E+00 4.122920000E-01
 3.000000000E+00 7.956920000E-03
 5.000000000E+00 7.921480000E-03
 6.000000000E+00 7.510920000E-03
 8.000000000E+00 3.379650000E-05
 1.000000000E+01 1.344020000E-05
 1.100000000E+01 1.161620000E-05
                                                                       1
 28000  0  7  58.71      180717  2  0.0         1.0000E+50  0.0
92934  0  0.0         0.0         0.0         0.0         0.0
 1.000000000E+00 3.038296582E-03
 3.000000000E+00 6.517429459E-06
 5.000000000E+00 6.340734378E-06
 6.000000000E+00 5.898303384E-06
 8.000000000E+00 1.588908125E-09
 1.000000000E+01 8.301329523E-10
 1.100000000E+01 6.919020458E-10
                                                                       1
 28000  0  9  58.71      180717  2  0.0         1.0000E+50  0.0
92933  0  0.0         0.0         0.0         0.0         0.0
 1.000000000E+00 4.241470000E+00
 3.000000000E+00 3.657020000E+00
 5.000000000E+00 2.190040000E+00
 6.000000000E+00 2.175580000E+00
 8.000000000E+00 1.879830000E+00
 1.000000000E+01 9.999870000E-01
 1.100000000E+01 9.999880000E-01
                                                                       1
 28000  0  9  58.71      180717  2  0.0         1.0000E+50  0.0
92934  0  0.0         0.0         0.0         0.0         0.0
 1.000000000E+00 5.223351086E-03
 3.000000000E+00 9.405868356E-04
 5.000000000E+00 8.246959253E-04
 6.000000000E+00 8.083406842E-04
 8.000000000E+00 7.695392953E-05
 1.000000000E+01 4.780709493E-05
 1.100000000E+01 4.591439586E-05
                                                                       1
 28000  0  7  58.71      180717  2  0.0         1.0000E+50  0.0
92931 91  0.0         1.          0.0         0.0         0.0
  5.00000000E+00  1.21060000E-01  7.46100000E-03
  6.00000000E+00  2.36419000E-01  7.47800000E-03
  1.00000000E+01  1.48050000E-02  8.26300000E-03
  1.10000000E+01  2.90299000E-02  8.26500000E-03
  1.30000000E+01  1.26910000E-05  8.32800000E-03
  1.40000000E+01  1.84450000E-05  8.32800000E-03
                                                                       1
 28000  0  9  58.71      180717  2  0.0         1.0000E+50  0.0
92932 91  0.0         1.          0.0         0.0         0.0
  3.00000000E+00  3.00000000E+00  4.06788000E-02  6.30800000E-03
  3.00000000E+00  5.00000000E+00  4.51818000E-02  6.44600000E-03
  3.00000000E+00  6.00000000E+00  8.10999000E-02  6.46300000E-03
  3.00000000E+00  8.00000000E+00  1.09920000E-02  7.20600000E-03
  3.00000000E+00  1.00000000E+01  5.89415000E-03  7.24800000E-03
  3.00000000E+00  1.10000000E+01  1.04968000E-02  7.25000000E-03
  3.00000000E+00  1.30000000E+01  2.45244000E-04  7.31300000E-03
  3.00000000E+00  1.40000000E+01  3.36680000E-04  7.31300000E-03
  3.00000000E+00  1.60000000E+01  9.04076000E-04  7.31537000E-03
  5.00000000E+00  5.00000000E+00  8.05326000E-03  6.58400000E-03
  5.00000000E+00  6.00000000E+00  1.91464000E-01  6.60100000E-03
  5.00000000E+00  8.00000000E+00  5.18552000E-03  7.34400000E-03
  5.00000000E+00  1.00000000E+01  1.97028000E-03  7.38600000E-03
  5.00000000E+00  1.10000000E+01  2.14086000E-02  7.38800000E-03
  5.00000000E+00  1.30000000E+01  3.40843000E-04  7.45100000E-03
  5.00000000E+00  1.40000000E+01  1.25951000E-03  7.45100000E-03
  5.00000000E+00  1.60000000E+01  4.17749000E-04  7.45337000E-03
  6.00000000E+00  6.00000000E+00  1.06181000E-01  6.61800000E-03
  6.00000000E+00  8.00000000E+00  9.34647000E-03  7.36100000E-03
  6.00000000E+00  1.00000000E+01  2.14238000E-02  7.40300000E-03
  6.00000000E+00  1.10000000E+01  2.41334000E-02  7.40500000E-03
  6.00000000E+00  1.30000000E+01  1.56286000E-03  7.46800000E-03
  6.00000000E+00  1.40000000E+01  1.52965000E-03  7.46800000E-03
  6.00000000E+00  1.60000000E+01  7.52322000E-04  7.47037000E-03
  8.00000000E+00  8.00000000E+00  7.61029000E-04  8.10400000E-03
  8.00000000E+00  1.00000000E+01  7.04933000E-04  8.14600000E-03
  8.00000000E+00  1.10000000E+01  1.25902000E-03  8.14800000E-03
  8.00000000E+00  1.30000000E+01  2.80260000E-05  8.21100000E-03
  8.00000000E+00  1.40000000E+01  3.66493000E-05  8.21100000E-03
  8.00000000E+00  1.60000000E+01  1.25036000E-04  8.21337000E-03
  1.00000000E+01  1.00000000E+01  1.24412000E-04  8.18800000E-03
  1.00000000E+01  1.10000000E+01  2.58160000E-03  8.19000000E-03
  1.00000000E+01  1.30000000E+01  3.11038000E-05  8.25300000E-03
  1.00000000E+01  1.40000000E+01  1.24412000E-04  8.25300000E-03
  1.00000000E+01  1.60000000E+01  5.77652000E-05  8.25537000E-03
  1.10000000E+01  1.10000000E+01  1.52067000E-03  8.19200000E-03
  1.10000000E+01  1.30000000E+01  1.61274000E-04  8.25500000E-03
  1.10000000E+01  1.40000000E+01  1.54360000E-04  8.25500000E-03
  1.10000000E+01  1.60000000E+01  1.08291000E-04  8.25737000E-03
  1.30000000E+01  1.40000000E+01  8.63385000E-06  8.31800000E-03
  1.30000000E+01  1.60000000E+01  2.87812000E-06  8.32037000E-03
  1.40000000E+01  1.40000000E+01  3.13604000E-06  8.31800000E-03
  1.40000000E+01  1.60000000E+01  3.13604000E-06  8.32037000E-03
                                                                       1
 28000  0  7  58.71      180717  2  0.0         1.0000E+50  0.0
92931 91  0.0         3.          0.0         0.0         0.0
  5.00000000E+00  2.14808000E-05  1.38000000E-04
  6.00000000E+00  9.31647000E-05  1.55000000E-04
  1.00000000E+01  6.32143000E-04  9.40000000E-04
  1.10000000E+01  9.67704000E-04  9.42000000E-04
  1.30000000E+01  2.27301000E-06  1.00500000E-03
  1.40000000E+01  2.97943000E-06  1.00500000E-03
                                                                       1
 28000  0  9  58.71      180717  2  0.0         1.0000E+50  0.0
92932 91  0.0         3.          0.0         0.0         0.0
  5.00000000E+00  1.00000000E+01  4.87391000E-02  6.30000000E-05
  5.00000000E+00  1.10000000E+01  6.93105000E-02  6.50000000E-05
  5.00000000E+00  1.30000000E+01  4.41388000E-02  1.28000000E-04
  5.00000000E+00  1.40000000E+01  7.15333000E-02  1.28000000E-04
  5.00000000E+00  1.60000000E+01  5.14809000E-03  1.30370000E-04
  6.00000000E+00  8.00000000E+00  1.14861000E-01  3.80000000E-05
  6.00000000E+00  1.00000000E+01  6.04399000E-02  8.00000000E-05
  6.00000000E+00  1.10000000E+01  1.32102000E-01  8.20000000E-05
  6.00000000E+00  1.30000000E+01  1.07403000E-01  1.45000000E-04
  6.00000000E+00  1.40000000E+01  1.52509000E-01  1.45000000E-04
  6.00000000E+00  1.60000000E+01  9.25467000E-03  1.47370000E-04
  8.00000000E+00  8.00000000E+00  1.23365000E-02  7.81000000E-04
  8.00000000E+00  1.00000000E+01  2.23644000E-02  8.23000000E-04
  8.00000000E+00  1.10000000E+01  4.36083000E-02  8.25000000E-04
  8.00000000E+00  1.30000000E+01  1.91210000E-02  8.88000000E-04
  8.00000000E+00  1.40000000E+01  2.81122000E-02  8.88000000E-04
  8.00000000E+00  1.60000000E+01  1.80752000E-03  8.90370000E-04
  1.00000000E+01  1.00000000E+01  3.26025000E-04  8.65000000E-04
  1.00000000E+01  1.10000000E+01  6.74812000E-04  8.67000000E-04
  1.00000000E+01  1.30000000E+01  2.86845000E-04  9.30000000E-04
  1.00000000E+01  1.40000000E+01  5.60458000E-03  9.30000000E-04
  1.00000000E+01  1.60000000E+01  1.44563000E-03  9.32370000E-04
  1.10000000E+01  1.10000000E+01  1.07183000E-03  8.69000000E-04
  1.10000000E+01  1.30000000E+01  5.83763000E-03  9.32000000E-04
  1.10000000E+01  1.40000000E+01  4.19256000E-03  9.32000000E-04
  1.10000000E+01  1.60000000E+01  2.80996000E-03  9.34370000E-04
  1.30000000E+01  1.30000000E+01  4.63433000E-04  9.95000000E-04
  1.30000000E+01  1.40000000E+01  2.35853000E-02  9.95000000E-04
  1.30000000E+01  1.60000000E+01  1.25527000E-03  9.97370000E-04
  1.40000000E+01  1.40000000E+01  6.18041000E-03  9.95000000E-04
  1.40000000E+01  1.60000000E+01  1.75708000E-03  9.97370000E-04
                                                                       1
 28000  0  7  58.71      180717  2  0.0         1.0000E+50  0.0
92931 91  0.0         5.          0.0         0.0         0.0
  6.00000000E+00  3.92551000E-10  1.70000000E-05
  8.00000000E+00  4.55671000E-03  7.60000000E-04
  1.10000000E+01  1.39400000E-05  8.04000000E-04
  1.30000000E+01  3.12391000E-03  8.67000000E-04
  1.60000000E+01  1.08300000E-04  8.69370000E-04
                                                                       1
 28000  0  9  58.71      180717  2  0.0         1.0000E+50  0.0
92932 91  0.0         5.          0.0         0.0         0.0
  6.00000000E+00  1.60000000E+01  1.36660000E-02  9.37000000E-06
  8.00000000E+00  8.00000000E+00  4.12943000E-03  6.43000000E-04
  8.00000000E+00  1.00000000E+01  7.62945000E-02  6.85000000E-04
  8.00000000E+00  1.10000000E+01  6.34256000E-03  6.87000000E-04
  8.00000000E+00  1.30000000E+01  3.11451000E-03  7.50000000E-04
  8.00000000E+00  1.40000000E+01  6.41691000E-03  7.50000000E-04
  8.00000000E+00  1.60000000E+01  5.84255000E-04  7.52370000E-04
  1.00000000E+01  1.00000000E+01  6.59229000E-02  7.27000000E-04
  1.00000000E+01  1.10000000E+01  2.27127000E-01  7.29000000E-04
  1.00000000E+01  1.30000000E+01  6.57901000E-02  7.92000000E-04
  1.00000000E+01  1.40000000E+01  1.25998000E-01  7.92000000E-04
  1.00000000E+01  1.60000000E+01  6.29326000E-03  7.94370000E-04
  1.10000000E+01  1.10000000E+01  6.31775000E-03  7.31000000E-04
  1.10000000E+01  1.30000000E+01  7.81152000E-02  7.94000000E-04
  1.10000000E+01  1.40000000E+01  1.16208000E-02  7.94000000E-04
  1.10000000E+01  1.60000000E+01  4.65414000E-04  7.96370000E-04
  1.30000000E+01  1.30000000E+01  5.11766000E-02  8.57000000E-04
  1.30000000E+01  1.40000000E+01  2.32640000E-01  8.57000000E-04
  1.30000000E+01  1.60000000E+01  3.04350000E-04  8.59370000E-04
  1.40000000E+01  1.40000000E+01  9.37841000E-03  8.57000000E-04
  1.40000000E+01  1.60000000E+01  5.00110000E-04  8.59370000E-04
                                                                       1
 28000  0  7  58.71      180717  2  0.0         1.0000E+50  0.0
92931 91  0.0         6.          0.0         0.0         0.0
  8.00000000E+00  4.26136000E-03  7.43000000E-04
  1.00000000E+01  7.03973000E-06  7.85000000E-04
  1.10000000E+01  6.83503000E-06  7.87000000E-04
  1.30000000E+01  2.62697000E-04  8.50000000E-04
  1.40000000E+01  2.85977000E-03  8.50000000E-04
  1.60000000E+01  9.78831000E-05  8.52370000E-04
                                                                       1
 28000  0  9  58.71      180717  2  0.0         1.0000E+50  0.0
92932 91  0.0         6.          0.0         0.0         0.0
  8.00000000E+00  8.00000000E+00  4.25752000E-03  6.26000000E-04
  8.00000000E+00  1.00000000E+01  2.97197000E-03  6.68000000E-04
  8.00000000E+00  1.10000000E+01  7.98570000E-02  6.70000000E-04
  8.00000000E+00  1.30000000E+01  4.42077000E-03  7.33000000E-04
  8.00000000E+00  1.40000000E+01  5.62247000E-03  7.33000000E-04
  8.00000000E+00  1.60000000E+01  6.03281000E-04  7.35370000E-04
  1.00000000E+01  1.00000000E+01  1.12741000E-03  7.10000000E-04
  1.00000000E+01  1.10000000E+01  1.21639000E-01  7.12000000E-04
  1.00000000E+01  1.30000000E+01  4.32169000E-03  7.75000000E-04
  1.00000000E+01  1.40000000E+01  4.13628000E-02  7.75000000E-04
  1.00000000E+01  1.60000000E+01  2.17581000E-04  7.77370000E-04
  1.10000000E+01  1.10000000E+01  1.79207000E-01  7.14000000E-04
  1.10000000E+01  1.30000000E+01  9.75631000E-02  7.77000000E-04
  1.10000000E+01  1.40000000E+01  1.46538000E-01  7.77000000E-04
  1.10000000E+01  1.60000000E+01  6.55703000E-03  7.79370000E-04
  1.30000000E+01  1.30000000E+01  8.31042000E-03  8.40000000E-04
  1.30000000E+01  1.40000000E+01  1.68447000E-01  8.40000000E-04
  1.30000000E+01  1.60000000E+01  3.80946000E-04  8.42370000E-04
  1.40000000E+01  1.40000000E+01  1.18583000E-01  8.40000000E-04
  1.40000000E+01  1.60000000E+01  5.15735000E-04  8.42370000E-04
                                                                       1
 28000  0  7  58.71      180717  2  0.0         1.0000E+50  0.0
92931 91  0.0         8.          0.0         0.0         0.0
  1.00000000E+01  6.76023000E-06  4.20000000E-05
  1.10000000E+01  1.63071000E-05  4.40000000E-05
                                                                       1
 28000  0  9  58.71      180717  2  0.0         1.0000E+50  0.0
92932 91  0.0         8.          0.0         0.0         0.0
  1.00000000E+01  1.30000000E+01  7.01871000E-02  3.20000000E-05
  1.00000000E+01  1.40000000E+01  1.55305000E-01  3.20000000E-05
  1.00000000E+01  1.60000000E+01  5.32894000E-02  3.43700000E-05
  1.10000000E+01  1.30000000E+01  2.22739000E-01  3.40000000E-05
  1.10000000E+01  1.40000000E+01  2.78669000E-01  3.40000000E-05
  1.10000000E+01  1.60000000E+01  9.96551000E-02  3.63700000E-05
  1.30000000E+01  1.30000000E+01  2.32308000E-03  9.70000000E-05
  1.30000000E+01  1.40000000E+01  3.33218000E-02  9.70000000E-05
  1.30000000E+01  1.60000000E+01  2.94384000E-02  9.93700000E-05
  1.40000000E+01  1.40000000E+01  1.13271000E-02  9.70000000E-05
  1.40000000E+01  1.60000000E+01  4.37231000E-02  9.93700000E-05
                                                                       1
 28000  0  7  58.71      180717  2  0.0         1.0000E+50  0.0
92931 91  0.0         10.         0.0         0.0         0.0
  1.30000000E+01  1.20271000E-05  6.50000000E-05
  1.60000000E+01  1.41311000E-06  6.73700000E-05
                                                                       1
 28000  0  9  58.71      180717  2  0.0         1.0000E+50  0.0
92932 91  0.0         10.         0.0         0.0         0.0
  1.30000000E+01  1.30000000E+01  1.37024000E-01  5.50000000E-05
  1.30000000E+01  1.40000000E+01  7.78847000E-01  5.50000000E-05
  1.30000000E+01  1.60000000E+01  5.57833000E-02  5.73700000E-05
  1.40000000E+01  1.40000000E+01  1.87946000E-02  5.50000000E-05
  1.40000000E+01  1.60000000E+01  9.53758000E-03  5.73700000E-05
                                                                       1
 28000  0  7  58.71      180717  2  0.0         1.0000E+50  0.0
92931 91  0.0         11.         0.0         0.0         0.0
  1.30000000E+01  1.09460000E-06  6.30000000E-05
  1.40000000E+01  1.00110000E-05  6.30000000E-05
  1.60000000E+01  5.10659000E-07  6.53700000E-05
                                                                       1
 28000  0  9  58.71      180717  2  0.0         1.0000E+50  0.0
92932 91  0.0         11.         0.0         0.0         0.0
  1.30000000E+01  1.30000000E+01  2.18808000E-02  5.30000000E-05
  1.30000000E+01  1.40000000E+01  5.58801000E-01  5.30000000E-05
  1.30000000E+01  1.60000000E+01  1.27870000E-02  5.53700000E-05
  1.40000000E+01  1.40000000E+01  3.49009000E-01  5.30000000E-05
  1.40000000E+01  1.60000000E+01  5.75100000E-02  5.53700000E-05
                                                                       1
