4.083966e-01  4.083970e-01  4.083973e-01  4.083977e-01  4.083984e-01  4.083994e-01  
4.084010e-01  4.084037e-01  4.084078e-01  4.084143e-01  4.084247e-01  4.084411e-01  
4.084671e-01  4.085084e-01  4.085738e-01  4.086774e-01  4.088416e-01  4.091019e-01  
4.095144e-01  4.101682e-01  4.112048e-01  4.128484e-01  4.154570e-01  4.196049e-01  
4.262329e-01  4.369461e-01  4.544821e-01  4.791476e-01  5.048451e-01  5.314627e-01  
5.588497e-01  5.867745e-01  6.149092e-01  6.429022e-01  6.703323e-01  6.967300e-01  
7.215500e-01  7.447200e-01  7.676200e-01  7.943700e-01  8.287500e-01  8.679000e-01  
9.031000e-01  9.156600e-01  9.267300e-01  9.367900e-01  9.571900e-01  9.644000e-01  
9.692700e-01  9.697800e-01  9.702800e-01  9.703600e-01  9.703400e-01  9.715500e-01  
6.135081e-01  6.135087e-01  6.135090e-01  6.135096e-01  6.135104e-01  6.135118e-01  
6.135139e-01  6.135173e-01  6.135227e-01  6.135312e-01  6.135447e-01  6.135661e-01  
6.136001e-01  6.136538e-01  6.137391e-01  6.138741e-01  6.140882e-01  6.144276e-01  
6.149655e-01  6.158180e-01  6.171695e-01  6.193123e-01  6.227121e-01  6.281138e-01  
6.367276e-01  6.505833e-01  6.730886e-01  7.044631e-01  7.368197e-01  7.700961e-01  
8.041714e-01  8.389452e-01  8.742436e-01  9.099413e-01  9.458844e-01  9.820300e-01  
1.018490e+00  1.055320e+00  1.092290e+00  1.129330e+00  1.167100e+00  1.209000e+00  
1.258800e+00  1.285630e+00  1.310010e+00  1.326410e+00  1.345740e+00  1.351380e+00  
1.354380e+00  1.354630e+00  1.355410e+00  1.355710e+00  1.355800e+00  1.336730e+00  
8.074727e-01  8.074734e-01  8.074738e-01  8.074745e-01  8.074755e-01  8.074772e-01  
8.074798e-01  8.074839e-01  8.074904e-01  8.075008e-01  8.075172e-01  8.075432e-01  
8.075845e-01  8.076498e-01  8.077535e-01  8.079177e-01  8.081779e-01  8.085903e-01  
8.092441e-01  8.102803e-01  8.119231e-01  8.145275e-01  8.186595e-01  8.252235e-01  
8.356860e-01  8.524972e-01  8.797527e-01  9.176667e-01  9.566927e-01  9.967278e-01  
1.037661e+00  1.079362e+00  1.121650e+00  1.164341e+00  1.207277e+00  1.250390e+00  
1.293760e+00  1.337420e+00  1.381090e+00  1.424640e+00  1.468860e+00  1.517760e+00  
1.576110e+00  1.608260e+00  1.639170e+00  1.661340e+00  1.682740e+00  1.686980e+00  
1.690180e+00  1.690650e+00  1.691390e+00  1.691660e+00  1.691750e+00  1.671570e+00  
1.160639e+00  1.160640e+00  1.160640e+00  1.160641e+00  1.160643e+00  1.160645e+00  
1.160649e+00  1.160654e+00  1.160663e+00  1.160677e+00  1.160700e+00  1.160736e+00  
1.160792e+00  1.160882e+00  1.161024e+00  1.161249e+00  1.161606e+00  1.162171e+00  
1.163067e+00  1.164488e+00  1.166740e+00  1.170309e+00  1.175972e+00  1.184961e+00  
1.199265e+00  1.222152e+00  1.259008e+00  1.309832e+00  1.361527e+00  1.413879e+00  
1.466629e+00  1.519514e+00  1.572216e+00  1.624464e+00  1.676023e+00  1.726920e+00  
1.777590e+00  1.828360e+00  1.878970e+00  1.929410e+00  1.980780e+00  2.038110e+00  
2.107330e+00  2.145590e+00  2.181990e+00  2.207770e+00  2.233770e+00  2.239630e+00  
2.244240e+00  2.244880e+00  2.245560e+00  2.245670e+00  2.245720e+00  2.241240e+00  
1.475983e+00  1.475984e+00  1.475985e+00  1.475986e+00  1.475988e+00  1.475991e+00  
1.475995e+00  1.476002e+00  1.476013e+00  1.476031e+00  1.476059e+00  1.476104e+00  
1.476174e+00  1.476286e+00  1.476463e+00  1.476744e+00  1.477190e+00  1.477895e+00  
1.479014e+00  1.480787e+00  1.483598e+00  1.488055e+00  1.495120e+00  1.506330e+00  
1.524141e+00  1.552539e+00  1.597963e+00  1.659988e+00  1.722282e+00  1.784451e+00  
1.846105e+00  1.906755e+00  1.965968e+00  2.023338e+00  2.078661e+00  2.132180e+00  
2.184890e+00  2.237700e+00  2.290490e+00  2.343390e+00  2.397780e+00  2.459140e+00  
2.533540e+00  2.574130e+00  2.611000e+00  2.635800e+00  2.665320e+00  2.674330e+00  
2.680340e+00  2.680920e+00  2.681570e+00  2.681530e+00  2.681570e+00  2.693960e+00  
1.761313e+00  1.761314e+00  1.761315e+00  1.761317e+00  1.761319e+00  1.761322e+00  
1.761327e+00  1.761335e+00  1.761349e+00  1.761369e+00  1.761402e+00  1.761454e+00  
1.761537e+00  1.761668e+00  1.761875e+00  1.762204e+00  1.762725e+00  1.763551e+00  
1.764859e+00  1.766935e+00  1.770223e+00  1.775436e+00  1.783701e+00  1.796806e+00  
1.817598e+00  1.850640e+00  1.903168e+00  1.974275e+00  2.044887e+00  2.114434e+00  
2.182353e+00  2.247985e+00  2.310789e+00  2.370273e+00  2.426300e+00  2.479400e+00  
2.531230e+00  2.583340e+00  2.635770e+00  2.688820e+00  2.744060e+00  2.806940e+00  
2.883040e+00  2.923810e+00  2.958970e+00  2.981180e+00  3.012900e+00  3.024880e+00  
3.031880e+00  3.032330e+00  3.032950e+00  3.032830e+00  3.032860e+00  3.057300e+00  
2.014556e+00  2.014558e+00  2.014559e+00  2.014560e+00  2.014563e+00  2.014567e+00  
2.014574e+00  2.014584e+00  2.014601e+00  2.014627e+00  2.014668e+00  2.014733e+00  
2.014837e+00  2.015001e+00  2.015262e+00  2.015674e+00  2.016328e+00  2.017365e+00  
2.019007e+00  2.021611e+00  2.025737e+00  2.032276e+00  2.042631e+00  2.059003e+00  
2.084797e+00  2.125073e+00  2.187135e+00  2.267652e+00  2.343465e+00  2.414287e+00  
2.480371e+00  2.542795e+00  2.603299e+00  2.662088e+00  2.718889e+00  2.773820e+00  
2.827450e+00  2.880410e+00  2.933130e+00  2.987110e+00  3.044220e+00  3.105910e+00  
3.173170e+00  3.208120e+00  3.242140e+00  3.268140e+00  3.299790e+00  3.311430e+00  
3.320210e+00  3.321090e+00  3.321230e+00  3.320700e+00  3.320940e+00  3.351450e+00  
2.469279e+00  2.469281e+00  2.469283e+00  2.469284e+00  2.469288e+00  2.469293e+00  
2.469301e+00  2.469314e+00  2.469334e+00  2.469366e+00  2.469417e+00  2.469498e+00  
2.469626e+00  2.469828e+00  2.470149e+00  2.470658e+00  2.471465e+00  2.472744e+00  
2.474772e+00  2.477986e+00  2.483079e+00  2.491145e+00  2.503910e+00  2.524049e+00  
2.555607e+00  2.604231e+00  2.677292e+00  2.768654e+00  2.850404e+00  2.922529e+00  
2.986040e+00  3.043586e+00  3.099009e+00  3.153087e+00  3.205700e+00  3.256890e+00  
3.307130e+00  3.356850e+00  3.406360e+00  3.456810e+00  3.509600e+00  3.565790e+00  
3.625930e+00  3.656720e+00  3.686570e+00  3.709680e+00  3.740060e+00  3.752050e+00  
3.760930e+00  3.761680e+00  3.761750e+00  3.761320e+00  3.761510e+00  3.787200e+00  
2.864248e+00  2.864251e+00  2.864252e+00  2.864254e+00  2.864258e+00  2.864264e+00  
2.864273e+00  2.864287e+00  2.864310e+00  2.864346e+00  2.864404e+00  2.864495e+00  
2.864640e+00  2.864869e+00  2.865233e+00  2.865809e+00  2.866722e+00  2.868168e+00  
2.870462e+00  2.874097e+00  2.879858e+00  2.888981e+00  2.903406e+00  2.926126e+00  
2.961576e+00  3.015598e+00  3.095046e+00  3.191173e+00  3.273219e+00  3.341486e+00  
3.397912e+00  3.446678e+00  3.493637e+00  3.540149e+00  3.586194e+00  3.631770e+00  
3.677160e+00  3.722470e+00  3.767800e+00  3.813700e+00  3.860850e+00  3.910030e+00  
3.961640e+00  3.987940e+00  4.014100e+00  4.035170e+00  4.062300e+00  4.072550e+00  
4.080160e+00  4.080710e+00  4.080860e+00  4.080780e+00  4.080830e+00  4.089680e+00  
3.672935e+00  3.672938e+00  3.672940e+00  3.672942e+00  3.672946e+00  3.672953e+00  
3.672963e+00  3.672980e+00  3.673006e+00  3.673047e+00  3.673113e+00  3.673217e+00  
3.673382e+00  3.673643e+00  3.674058e+00  3.674715e+00  3.675756e+00  3.677405e+00  
3.680022e+00  3.684168e+00  3.690738e+00  3.701137e+00  3.717557e+00  3.743327e+00  
3.783170e+00  3.842453e+00  3.925588e+00  4.018815e+00  4.089062e+00  4.137839e+00  
4.169130e+00  4.190469e+00  4.211642e+00  4.235155e+00  4.261371e+00  4.290386e+00  
4.322290e+00  4.356500e+00  4.391580e+00  4.424120e+00  4.451860e+00  4.479870e+00  
4.514350e+00  4.533840e+00  4.552890e+00  4.567850e+00  4.586610e+00  4.590960e+00  
4.594690e+00  4.595030e+00  4.595310e+00  4.595620e+00  4.595760e+00  4.563480e+00  
4.316329e+00  4.316332e+00  4.316333e+00  4.316336e+00  4.316340e+00  4.316346e+00  
4.316357e+00  4.316373e+00  4.316398e+00  4.316439e+00  4.316503e+00  4.316605e+00  
4.316766e+00  4.317022e+00  4.317426e+00  4.318068e+00  4.319086e+00  4.320700e+00  
4.323258e+00  4.327314e+00  4.333740e+00  4.343908e+00  4.359942e+00  4.385031e+00  
4.423527e+00  4.479638e+00  4.555021e+00  4.633476e+00  4.684506e+00  4.710546e+00  
4.716913e+00  4.712848e+00  4.709959e+00  4.711362e+00  4.717656e+00  4.729048e+00  
4.745740e+00  4.766920e+00  4.790090e+00  4.809190e+00  4.820030e+00  4.830610e+00  
4.851110e+00  4.865210e+00  4.879120e+00  4.890090e+00  4.902720e+00  4.902140e+00  
4.903940e+00  4.904440e+00  4.904580e+00  4.904910e+00  4.905110e+00  4.857220e+00  
5.304676e+00  5.304678e+00  5.304679e+00  5.304681e+00  5.304684e+00  5.304689e+00  
5.304697e+00  5.304710e+00  5.304729e+00  5.304760e+00  5.304810e+00  5.304888e+00  
5.305011e+00  5.305207e+00  5.305517e+00  5.306011e+00  5.306792e+00  5.308031e+00  
5.309998e+00  5.313118e+00  5.318060e+00  5.325872e+00  5.338154e+00  5.357235e+00  
5.385976e+00  5.425764e+00  5.473190e+00  5.511210e+00  5.519807e+00  5.502510e+00  
5.465853e+00  5.420195e+00  5.377858e+00  5.342416e+00  5.314512e+00  5.294324e+00  
5.281930e+00  5.276280e+00  5.274210e+00  5.268030e+00  5.252600e+00  5.238360e+00  
5.238720e+00  5.244760e+00  5.250690e+00  5.255040e+00  5.260440e+00  5.257500e+00  
5.257650e+00  5.258130e+00  5.258200e+00  5.258330e+00  5.258510e+00  5.226360e+00  
6.048010e+00  6.048011e+00  6.048012e+00  6.048013e+00  6.048015e+00  6.048018e+00  
6.048023e+00  6.048031e+00  6.048043e+00  6.048062e+00  6.048092e+00  6.048139e+00  
6.048215e+00  6.048335e+00  6.048525e+00  6.048828e+00  6.049309e+00  6.050073e+00  
6.051286e+00  6.053213e+00  6.056266e+00  6.061081e+00  6.068603e+00  6.080123e+00  
6.096822e+00  6.117345e+00  6.134022e+00  6.130877e+00  6.099525e+00  6.044172e+00  
5.971695e+00  5.892611e+00  5.818983e+00  5.754314e+00  5.699190e+00  5.653409e+00  
5.616590e+00  5.587460e+00  5.562850e+00  5.535270e+00  5.499970e+00  5.467590e+00  
5.451950e+00  5.450970e+00  5.450080e+00  5.448960e+00  5.449360e+00  5.446620e+00  
5.446040e+00  5.446360e+00  5.446410e+00  5.446370e+00  5.446480e+00  5.438130e+00  
6.637932e+00  6.637933e+00  6.637933e+00  6.637933e+00  6.637934e+00  6.637935e+00  
6.637937e+00  6.637940e+00  6.637945e+00  6.637953e+00  6.637965e+00  6.637984e+00  
6.638013e+00  6.638061e+00  6.638137e+00  6.638259e+00  6.638453e+00  6.638764e+00  
6.639260e+00  6.640053e+00  6.641308e+00  6.643269e+00  6.646263e+00  6.650598e+00  
6.655896e+00  6.658350e+00  6.646645e+00  6.606174e+00  6.539254e+00  6.450580e+00  
6.347292e+00  6.239808e+00  6.140146e+00  6.051500e+00  5.974353e+00  5.907954e+00  
5.851195e+00  5.802460e+00  5.758770e+00  5.713310e+00  5.661930e+00  5.614640e+00  
5.584540e+00  5.576740e+00  5.569490e+00  5.563640e+00  5.559590e+00  5.556970e+00  
5.555770e+00  5.555960e+00  5.555980e+00  5.555810e+00  5.555870e+00  5.562890e+00  
7.247653e+00  7.247651e+00  7.247650e+00  7.247648e+00  7.247644e+00  7.247639e+00  
7.247631e+00  7.247619e+00  7.247598e+00  7.247567e+00  7.247516e+00  7.247436e+00  
7.247309e+00  7.247107e+00  7.246790e+00  7.246286e+00  7.245491e+00  7.244233e+00  
7.242246e+00  7.239105e+00  7.234131e+00  7.226239e+00  7.213707e+00  7.193798e+00  
7.162150e+00  7.111850e+00  7.032223e+00  6.925323e+00  6.819472e+00  6.714906e+00  
6.611804e+00  6.510283e+00  6.410705e+00  6.313625e+00  6.219704e+00  6.129030e+00  
6.042392e+00  5.960970e+00  5.885540e+00  5.817460e+00  5.758100e+00  5.707440e+00  
5.668400e+00  5.657090e+00  5.654500e+00  5.656050e+00  5.629030e+00  5.612120e+00  
5.618690e+00  5.622490e+00  5.621380e+00  5.620100e+00  5.622160e+00  5.634080e+00  
7.878851e+00  7.878850e+00  7.878849e+00  7.878848e+00  7.878846e+00  7.878842e+00  
7.878837e+00  7.878829e+00  7.878816e+00  7.878796e+00  7.878763e+00  7.878712e+00  
7.878629e+00  7.878500e+00  7.878296e+00  7.877975e+00  7.877468e+00  7.876671e+00  
7.875417e+00  7.873436e+00  7.870289e+00  7.865260e+00  7.857164e+00  7.843885e+00  
7.821243e+00  7.779530e+00  7.698671e+00  7.567444e+00  7.414223e+00  7.244863e+00  
7.067351e+00  6.892434e+00  6.732374e+00  6.590165e+00  6.464912e+00  6.354396e+00  
6.254957e+00  6.163490e+00  6.077800e+00  5.993170e+00  5.906890e+00  5.825700e+00  
5.759250e+00  5.733040e+00  5.709200e+00  5.691970e+00  5.675760e+00  5.670930e+00  
5.667730e+00  5.667570e+00  5.667360e+00  5.667190e+00  5.667150e+00  5.680170e+00  
8.414811e+00  8.414810e+00  8.414810e+00  8.414809e+00  8.414808e+00  8.414806e+00  
8.414802e+00  8.414797e+00  8.414789e+00  8.414777e+00  8.414756e+00  8.414724e+00  
8.414674e+00  8.414595e+00  8.414471e+00  8.414276e+00  8.413972e+00  8.413498e+00  
8.412755e+00  8.411582e+00  8.409698e+00  8.406614e+00  8.401388e+00  8.391855e+00  
8.372038e+00  8.322972e+00  8.202709e+00  7.991344e+00  7.755607e+00  7.529660e+00  
7.319621e+00  7.126296e+00  6.950344e+00  6.790546e+00  6.643017e+00  6.504976e+00  
6.376842e+00  6.259150e+00  6.151140e+00  6.049450e+00  5.951400e+00  5.857580e+00  
5.772050e+00  5.735360e+00  5.702950e+00  5.680770e+00  5.657500e+00  5.650640e+00  
5.645940e+00  5.645670e+00  5.645360e+00  5.645110e+00  5.645210e+00  5.653260e+00  
9.369892e+00  9.369889e+00  9.369887e+00  9.369884e+00  9.369879e+00  9.369872e+00  
9.369861e+00  9.369842e+00  9.369813e+00  9.369766e+00  9.369693e+00  9.369578e+00  
9.369395e+00  9.369106e+00  9.368650e+00  9.367931e+00  9.366800e+00  9.365020e+00  
9.362210e+00  9.357750e+00  9.350640e+00  9.339252e+00  9.320801e+00  9.290203e+00  
9.236850e+00  9.134381e+00  8.929919e+00  8.609016e+00  8.271681e+00  7.953646e+00  
7.662234e+00  7.400436e+00  7.170335e+00  6.965208e+00  6.772452e+00  6.585925e+00  
6.412903e+00  6.259245e+00  6.123040e+00  5.996250e+00  5.872090e+00  5.751750e+00  
5.641000e+00  5.592260e+00  5.546020e+00  5.511450e+00  5.476270e+00  5.463920e+00  
5.456360e+00  5.455960e+00  5.455330e+00  5.455090e+00  5.455150e+00  5.454440e+00  
9.971792e+00  9.971787e+00  9.971784e+00  9.971779e+00  9.971771e+00  9.971758e+00  
9.971739e+00  9.971707e+00  9.971657e+00  9.971579e+00  9.971454e+00  9.971258e+00  
9.970947e+00  9.970455e+00  9.969681e+00  9.968460e+00  9.966534e+00  9.963499e+00  
9.958695e+00  9.951062e+00  9.938911e+00  9.919507e+00  9.888302e+00  9.837492e+00  
9.752375e+00  9.600862e+00  9.323181e+00  8.913162e+00  8.499580e+00  8.118062e+00  
7.772829e+00  7.462560e+00  7.185848e+00  6.937258e+00  6.708582e+00  6.495202e+00  
6.299349e+00  6.122871e+00  5.964631e+00  5.819270e+00  5.681500e+00  5.550600e+00  
5.427870e+00  5.370940e+00  5.316160e+00  5.274770e+00  5.231140e+00  5.215390e+00  
5.205750e+00  5.205240e+00  5.204440e+00  5.204140e+00  5.204220e+00  5.201700e+00  
1.078273e+01  1.078272e+01  1.078271e+01  1.078270e+01  1.078268e+01  1.078265e+01  
1.078261e+01  1.078254e+01  1.078243e+01  1.078225e+01  1.078197e+01  1.078153e+01  
1.078083e+01  1.077972e+01  1.077797e+01  1.077522e+01  1.077086e+01  1.076396e+01  
1.075303e+01  1.073567e+01  1.070808e+01  1.066421e+01  1.059449e+01  1.048401e+01  
1.031022e+01  1.004151e+01  9.635603e+00  9.119425e+00  8.640387e+00  8.197370e+00  
7.789656e+00  7.415567e+00  7.074045e+00  6.763564e+00  6.482018e+00  6.227113e+00  
5.995543e+00  5.785428e+00  5.598015e+00  5.433990e+00  5.289810e+00  5.149790e+00  
4.999680e+00  4.924200e+00  4.856450e+00  4.810010e+00  4.756550e+00  4.740890e+00  
4.729800e+00  4.728840e+00  4.727800e+00  4.727530e+00  4.727660e+00  4.724430e+00  
1.114427e+01  1.114426e+01  1.114425e+01  1.114424e+01  1.114421e+01  1.114418e+01  
1.114413e+01  1.114405e+01  1.114392e+01  1.114371e+01  1.114338e+01  1.114286e+01  
1.114204e+01  1.114074e+01  1.113870e+01  1.113547e+01  1.113038e+01  1.112233e+01  
1.110951e+01  1.108915e+01  1.105677e+01  1.100520e+01  1.092318e+01  1.079329e+01  
1.058916e+01  1.027493e+01  9.803661e+00  9.208874e+00  8.662191e+00  8.161071e+00  
7.704228e+00  7.288951e+00  6.912597e+00  6.572542e+00  6.265886e+00  5.989111e+00  
5.737500e+00  5.507952e+00  5.301220e+00  5.117794e+00  4.954560e+00  4.796260e+00  
4.629580e+00  4.545930e+00  4.468620e+00  4.413620e+00  4.355960e+00  4.341860e+00  
4.331750e+00  4.330500e+00  4.329120e+00  4.329010e+00  4.328870e+00  4.326520e+00  
1.134856e+01  1.134853e+01  1.134852e+01  1.134851e+01  1.134849e+01  1.134845e+01  
1.134840e+01  1.134830e+01  1.134816e+01  1.134793e+01  1.134757e+01  1.134700e+01  
1.134610e+01  1.134468e+01  1.134244e+01  1.133891e+01  1.133332e+01  1.132447e+01  
1.131037e+01  1.128797e+01  1.125227e+01  1.119536e+01  1.110482e+01  1.096138e+01  
1.073622e+01  1.039085e+01  9.875486e+00  9.227870e+00  8.636712e+00  8.098152e+00  
7.609920e+00  7.168488e+00  6.770115e+00  6.411276e+00  6.088290e+00  5.796727e+00  
5.530700e+00  5.286115e+00  5.063353e+00  4.862587e+00  4.681180e+00  4.505600e+00  
4.323930e+00  4.232920e+00  4.146440e+00  4.082940e+00  4.022440e+00  4.010660e+00  
4.001210e+00  3.999580e+00  3.997970e+00  3.998000e+00  3.997630e+00  3.997470e+00  
1.146956e+01  1.146954e+01  1.146953e+01  1.146952e+01  1.146949e+01  1.146946e+01  
1.146939e+01  1.146930e+01  1.146913e+01  1.146889e+01  1.146851e+01  1.146791e+01  
1.146695e+01  1.146543e+01  1.146306e+01  1.145931e+01  1.145340e+01  1.144397e+01  
1.142899e+01  1.140512e+01  1.136702e+01  1.130624e+01  1.120948e+01  1.105615e+01  
1.081568e+01  1.044787e+01  9.901026e+00  9.215837e+00  8.593589e+00  8.029496e+00  
7.519963e+00  7.060725e+00  6.647374e+00  6.275713e+00  5.941416e+00  5.639396e+00  
5.362755e+00  5.106748e+00  4.871423e+00  4.656640e+00  4.459915e+00  4.269350e+00  
4.073930e+00  3.976040e+00  3.881580e+00  3.810960e+00  3.746450e+00  3.735310e+00  
3.725310e+00  3.723360e+00  3.721640e+00  3.721720e+00  3.721220e+00  3.722830e+00  
1.159538e+01  1.159536e+01  1.159535e+01  1.159533e+01  1.159531e+01  1.159526e+01  
1.159520e+01  1.159509e+01  1.159492e+01  1.159465e+01  1.159422e+01  1.159355e+01  
1.159249e+01  1.159084e+01  1.158824e+01  1.158414e+01  1.157762e+01  1.156723e+01  
1.155069e+01  1.152425e+01  1.148194e+01  1.141431e+01  1.130661e+01  1.113590e+01  
1.086918e+01  1.046451e+01  9.870589e+00  9.135845e+00  8.478840e+00  7.891438e+00  
7.365130e+00  6.891611e+00  6.463172e+00  6.075050e+00  5.723206e+00  5.403093e+00  
5.108742e+00  4.835501e+00  4.581720e+00  4.344340e+00  4.120303e+00  3.906560e+00  
3.699090e+00  3.596070e+00  3.488980e+00  3.401460e+00  3.323870e+00  3.308350e+00  
3.294120e+00  3.291850e+00  3.289880e+00  3.289680e+00  3.289370e+00  3.291360e+00  
1.162876e+01  1.162874e+01  1.162873e+01  1.162870e+01  1.162867e+01  1.162863e+01  
1.162856e+01  1.162845e+01  1.162827e+01  1.162799e+01  1.162756e+01  1.162686e+01  
1.162578e+01  1.162408e+01  1.162141e+01  1.161720e+01  1.161049e+01  1.159977e+01  
1.158266e+01  1.155519e+01  1.151110e+01  1.144054e+01  1.132792e+01  1.114939e+01  
1.087073e+01  1.044857e+01  9.830372e+00  9.066714e+00  8.385682e+00  7.778284e+00  
7.234972e+00  6.746994e+00  6.306575e+00  5.908666e+00  5.548809e+00  5.221946e+00  
4.921596e+00  4.642531e+00  4.382129e+00  4.135855e+00  3.899161e+00  3.668422e+00  
3.439840e+00  3.325380e+00  3.208870e+00  3.114910e+00  3.022260e+00  2.997920e+00  
2.977300e+00  2.974870e+00  2.973110e+00  2.972860e+00  2.972610e+00  2.972790e+00  
1.157059e+01  1.157057e+01  1.157056e+01  1.157054e+01  1.157051e+01  1.157047e+01  
1.157039e+01  1.157028e+01  1.157010e+01  1.156981e+01  1.156938e+01  1.156869e+01  
1.156761e+01  1.156595e+01  1.156334e+01  1.155920e+01  1.155252e+01  1.154181e+01  
1.152451e+01  1.149645e+01  1.145115e+01  1.137818e+01  1.126117e+01  1.107587e+01  
1.078691e+01  1.034975e+01  9.709853e+00  8.919723e+00  8.216617e+00  7.588002e+00  
7.025310e+00  6.520429e+00  6.066457e+00  5.658112e+00  5.290424e+00  4.957873e+00  
4.653590e+00  4.371474e+00  4.107095e+00  3.852723e+00  3.600472e+00  3.343989e+00  
3.077330e+00  2.939030e+00  2.797340e+00  2.681510e+00  2.560170e+00  2.526380e+00  
2.499420e+00  2.496600e+00  2.494500e+00  2.494150e+00  2.493950e+00  2.492450e+00  
1.146700e+01  1.146698e+01  1.146697e+01  1.146695e+01  1.146692e+01  1.146688e+01  
1.146681e+01  1.146669e+01  1.146651e+01  1.146624e+01  1.146582e+01  1.146517e+01  
1.146417e+01  1.146262e+01  1.146018e+01  1.145624e+01  1.144989e+01  1.143958e+01  
1.142267e+01  1.139499e+01  1.134997e+01  1.127683e+01  1.115947e+01  1.097374e+01  
1.068462e+01  1.024809e+01  9.607832e+00  8.817289e+00  8.113307e+00  7.481560e+00  
6.915050e+00  6.406927e+00  5.951429e+00  5.542940e+00  5.175791e+00  4.843531e+00  
4.538149e+00  4.253426e+00  3.986942e+00  3.734695e+00  3.487645e+00  3.223412e+00  
2.920314e+00  2.754460e+00  2.584690e+00  2.446750e+00  2.306940e+00  2.275730e+00  
2.250700e+00  2.247300e+00  2.244260e+00  2.244010e+00  2.243580e+00  2.247410e+00  
1.121438e+01  1.121436e+01  1.121435e+01  1.121433e+01  1.121431e+01  1.121426e+01  
1.121420e+01  1.121409e+01  1.121393e+01  1.121369e+01  1.121332e+01  1.121278e+01  
1.121198e+01  1.121074e+01  1.120871e+01  1.120540e+01  1.119991e+01  1.119063e+01  
1.117492e+01  1.114872e+01  1.110506e+01  1.103351e+01  1.091879e+01  1.073765e+01  
1.045740e+01  1.003618e+01  9.421701e+00  8.665254e+00  7.989693e+00  7.381409e+00  
6.833998e+00  6.341160e+00  5.897487e+00  5.497568e+00  5.135770e+00  4.805601e+00  
4.498752e+00  4.208801e+00  3.933288e+00  3.668346e+00  3.405681e+00  3.125500e+00  
2.803332e+00  2.618794e+00  2.411410e+00  2.226080e+00  2.042050e+00  2.008160e+00  
1.999650e+00  1.999050e+00  1.991630e+00  1.989450e+00  1.991210e+00  2.019510e+00  
1.100552e+01  1.100550e+01  1.100549e+01  1.100548e+01  1.100545e+01  1.100541e+01  
1.100535e+01  1.100526e+01  1.100512e+01  1.100491e+01  1.100463e+01  1.100423e+01  
1.100367e+01  1.100277e+01  1.100122e+01  1.099863e+01  1.099405e+01  1.098585e+01  
1.097156e+01  1.094690e+01  1.090492e+01  1.083604e+01  1.072551e+01  1.055194e+01  
1.028475e+01  9.882283e+00  9.301959e+00  8.584522e+00  7.939044e+00  7.354486e+00  
6.825333e+00  6.346232e+00  5.912477e+00  5.519386e+00  5.162056e+00  4.834735e+00  
4.530164e+00  4.242391e+00  3.968515e+00  3.703678e+00  3.437588e+00  3.145944e+00  
2.797408e+00  2.590877e+00  2.352990e+00  2.136080e+00  1.916080e+00  1.875660e+00  
1.878010e+00  1.879880e+00  1.869480e+00  1.865900e+00  1.869460e+00  1.916920e+00  
1.084360e+01  1.084358e+01  1.084357e+01  1.084356e+01  1.084354e+01  1.084350e+01  
1.084344e+01  1.084336e+01  1.084324e+01  1.084308e+01  1.084289e+01  1.084266e+01  
1.084233e+01  1.084175e+01  1.084071e+01  1.083879e+01  1.083503e+01  1.082782e+01  
1.081475e+01  1.079119e+01  1.075067e+01  1.068405e+01  1.057739e+01  1.041097e+01  
1.015551e+01  9.771455e+00  9.219914e+00  8.536938e+00  7.918655e+00  7.355920e+00  
6.844049e+00  6.378330e+00  5.954707e+00  5.569076e+00  5.217087e+00  4.893658e+00  
4.592266e+00  4.307363e+00  4.035758e+00  3.771898e+00  3.504004e+00  3.204375e+00  
2.836109e+00  2.612370e+00  2.349151e+00  2.105130e+00  1.850040e+00  1.801110e+00  
1.810760e+00  1.814700e+00  1.802000e+00  1.797430e+00  1.802440e+00  1.856350e+00  
1.071668e+01  1.071667e+01  1.071666e+01  1.071664e+01  1.071662e+01  1.071658e+01  
1.071654e+01  1.071647e+01  1.071637e+01  1.071628e+01  1.071618e+01  1.071610e+01  
1.071600e+01  1.071573e+01  1.071518e+01  1.071386e+01  1.071079e+01  1.070445e+01  
1.069223e+01  1.066936e+01  1.062989e+01  1.056482e+01  1.046127e+01  1.030078e+01  
1.005368e+01  9.688142e+00  9.161738e+00  8.507972e+00  7.913447e+00  7.370008e+00  
6.873711e+00  6.420355e+00  6.006384e+00  5.628146e+00  5.281779e+00  4.962681e+00  
4.664912e+00  4.383270e+00  4.114315e+00  3.852025e+00  3.583439e+00  3.278177e+00  
2.894577e+00  2.656759e+00  2.372003e+00  2.103640e+00  1.814650e+00  1.756230e+00  
1.770160e+00  1.775750e+00  1.761260e+00  1.755970e+00  1.762130e+00  1.816030e+00  
1.052856e+01  1.052855e+01  1.052854e+01  1.052853e+01  1.052850e+01  1.052848e+01  
1.052844e+01  1.052841e+01  1.052837e+01  1.052838e+01  1.052849e+01  1.052873e+01  
1.052904e+01  1.052943e+01  1.052976e+01  1.052947e+01  1.052756e+01  1.052255e+01  
1.051116e+01  1.048908e+01  1.045070e+01  1.038760e+01  1.028873e+01  1.013729e+01  
9.904640e+00  9.570528e+00  9.086058e+00  8.479647e+00  7.924440e+00  7.413383e+00  
6.943544e+00  6.511585e+00  6.114700e+00  5.749988e+00  5.414335e+00  5.103992e+00  
4.813997e+00  4.539669e+00  4.277218e+00  4.019600e+00  3.751564e+00  3.437207e+00  
3.026559e+00  2.765029e+00  2.446596e+00  2.142030e+00  1.803890e+00  1.723880e+00  
1.710000e+00  1.720110e+00  1.725480e+00  1.721250e+00  1.713870e+00  1.766190e+00  
1.040725e+01  1.040724e+01  1.040723e+01  1.040722e+01  1.040720e+01  1.040718e+01  
1.040716e+01  1.040715e+01  1.040718e+01  1.040733e+01  1.040764e+01  1.040817e+01  
1.040890e+01  1.040993e+01  1.041102e+01  1.041153e+01  1.041057e+01  1.040627e+01  
1.039507e+01  1.037315e+01  1.033480e+01  1.027265e+01  1.017685e+01  1.002899e+01  
9.810804e+00  9.498800e+00  9.044453e+00  8.472265e+00  7.946024e+00  7.459407e+00  
7.010076e+00  6.595253e+00  6.212614e+00  5.859755e+00  5.534058e+00  5.232310e+00  
4.950209e+00  4.683486e+00  4.428139e+00  4.176624e+00  3.912331e+00  3.595682e+00  
3.169549e+00  2.890734e+00  2.543120e+00  2.202491e+00  1.810710e+00  1.711390e+00  
1.686370e+00  1.697480e+00  1.705510e+00  1.700900e+00  1.689600e+00  1.736730e+00  
1.029115e+01  1.029114e+01  1.029113e+01  1.029112e+01  1.029111e+01  1.029112e+01  
1.029115e+01  1.029123e+01  1.029147e+01  1.029197e+01  1.029281e+01  1.029405e+01  
1.029591e+01  1.029835e+01  1.030099e+01  1.030324e+01  1.030390e+01  1.029999e+01  
1.028871e+01  1.026620e+01  1.022771e+01  1.016806e+01  1.007774e+01  9.940855e+00  
9.752440e+00  9.473118e+00  9.046339e+00  8.490383e+00  7.975109e+00  7.511520e+00  
7.097562e+00  6.727630e+00  6.395520e+00  6.091112e+00  5.800734e+00  5.515816e+00  
5.237005e+00  4.965763e+00  4.704216e+00  4.455921e+00  4.216436e+00  3.954533e+00  
3.570093e+00  3.259771e+00  2.815918e+00  2.345781e+00  1.826470e+00  1.727680e+00  
1.686190e+00  1.681150e+00  1.670340e+00  1.668000e+00  1.672610e+00  1.697420e+00  
1.022591e+01  1.022590e+01  1.022589e+01  1.022589e+01  1.022590e+01  1.022592e+01  
1.022601e+01  1.022622e+01  1.022669e+01  1.022755e+01  1.022886e+01  1.023085e+01  
1.023369e+01  1.023723e+01  1.024097e+01  1.024436e+01  1.024509e+01  1.024040e+01  
1.022756e+01  1.020257e+01  1.016203e+01  1.010165e+01  1.000617e+01  9.880377e+00  
9.704723e+00  9.444098e+00  9.047533e+00  8.530395e+00  8.043626e+00  7.593888e+00  
7.186999e+00  6.829224e+00  6.524280e+00  6.253337e+00  5.984745e+00  5.705234e+00  
5.434871e+00  5.186826e+00  4.953028e+00  4.715393e+00  4.463607e+00  4.213243e+00  
3.858435e+00  3.535680e+00  3.073367e+00  2.549854e+00  1.876960e+00  1.762900e+00  
1.688460e+00  1.672260e+00  1.659130e+00  1.660070e+00  1.655050e+00  1.677760e+00  
1.019052e+01  1.019052e+01  1.019052e+01  1.019053e+01  1.019056e+01  1.019066e+01  
1.019090e+01  1.019142e+01  1.019240e+01  1.019392e+01  1.019624e+01  1.019968e+01  
1.020419e+01  1.020939e+01  1.021495e+01  1.021892e+01  1.021857e+01  1.021166e+01  
1.019475e+01  1.016557e+01  1.012221e+01  1.005254e+01  9.964033e+00  9.850494e+00  
9.688988e+00  9.446706e+00  9.075288e+00  8.589622e+00  8.132102e+00  7.710435e+00  
7.328984e+00  6.992016e+00  6.702259e+00  6.446354e+00  6.201569e+00  5.956686e+00  
5.722061e+00  5.504347e+00  5.297740e+00  5.088770e+00  4.865480e+00  4.624443e+00  
4.276301e+00  3.970276e+00  3.493526e+00  2.904668e+00  2.046181e+00  1.835570e+00  
1.687730e+00  1.667180e+00  1.650790e+00  1.649750e+00  1.646050e+00  1.658350e+00  
1.020666e+01  1.020665e+01  1.020666e+01  1.020669e+01  1.020677e+01  1.020696e+01  
1.020740e+01  1.020827e+01  1.020972e+01  1.021191e+01  1.021528e+01  1.021996e+01  
1.022572e+01  1.023230e+01  1.023868e+01  1.024193e+01  1.023996e+01  1.022981e+01  
1.020894e+01  1.017616e+01  1.012726e+01  1.005325e+01  9.969816e+00  9.859779e+00  
9.701383e+00  9.463468e+00  9.101141e+00  8.631182e+00  8.191431e+00  7.787421e+00  
7.421714e+00  7.096759e+00  6.814106e+00  6.564944e+00  6.334263e+00  6.113523e+00  
5.906654e+00  5.715465e+00  5.534707e+00  5.352146e+00  5.153508e+00  4.923405e+00  
4.581190e+00  4.288621e+00  3.818951e+00  3.206633e+00  2.212038e+00  1.916640e+00  
1.693250e+00  1.666060e+00  1.646100e+00  1.643590e+00  1.640810e+00  1.648550e+00  
1.023278e+01  1.023279e+01  1.023281e+01  1.023286e+01  1.023299e+01  1.023330e+01  
1.023396e+01  1.023518e+01  1.023708e+01  1.024001e+01  1.024433e+01  1.025007e+01  
1.025689e+01  1.026455e+01  1.027084e+01  1.027308e+01  1.026912e+01  1.025573e+01  
1.023152e+01  1.019606e+01  1.013649e+01  1.006745e+01  9.986239e+00  9.877054e+00  
9.718519e+00  9.480701e+00  9.121779e+00  8.660860e+00  8.232965e+00  7.841027e+00  
7.486112e+00  7.169190e+00  6.890809e+00  6.645518e+00  6.424249e+00  6.220952e+00  
6.035326e+00  5.865911e+00  5.707407e+00  5.547633e+00  5.370153e+00  5.151943e+00  
4.816281e+00  4.534401e+00  4.079415e+00  3.463853e+00  2.368085e+00  1.998470e+00  
1.701960e+00  1.666920e+00  1.642850e+00  1.639240e+00  1.636970e+00  1.642640e+00  
1.025645e+01  1.025646e+01  1.025648e+01  1.025656e+01  1.025677e+01  1.025722e+01  
1.025812e+01  1.025967e+01  1.026202e+01  1.026569e+01  1.027089e+01  1.027752e+01  
1.028533e+01  1.029362e+01  1.029943e+01  1.030059e+01  1.029435e+01  1.027815e+01  
1.025130e+01  1.021291e+01  1.014818e+01  1.008213e+01  1.000234e+01  9.893504e+00  
9.734380e+00  9.495776e+00  9.137930e+00  8.682109e+00  8.262146e+00  7.879390e+00  
7.533257e+00  7.222815e+00  6.947105e+00  6.703747e+00  6.489329e+00  6.300083e+00  
6.131649e+00  5.979197e+00  5.837477e+00  5.694415e+00  5.533613e+00  5.332182e+00  
5.017373e+00  4.746640e+00  4.290241e+00  3.657418e+00  2.509298e+00  2.094838e+00  
1.713920e+00  1.665920e+00  1.640570e+00  1.638150e+00  1.628440e+00  1.638720e+00  
1.028605e+01  1.028608e+01  1.028614e+01  1.028629e+01  1.028665e+01  1.028740e+01  
1.028880e+01  1.029097e+01  1.029435e+01  1.029937e+01  1.030610e+01  1.031425e+01  
1.032366e+01  1.033201e+01  1.033655e+01  1.033511e+01  1.032449e+01  1.030372e+01  
1.027333e+01  1.021991e+01  1.016146e+01  1.009917e+01  1.002132e+01  9.912904e+00  
9.752924e+00  9.513609e+00  9.158758e+00  8.712094e+00  8.303555e+00  7.931132e+00  
7.593819e+00  7.290960e+00  7.021859e+00  6.785632e+00  6.581085e+00  6.406351e+00  
6.257879e+00  6.131239e+00  6.020463e+00  5.910698e+00  5.780434e+00  5.597335e+00  
5.290427e+00  5.036678e+00  4.629494e+00  4.040727e+00  2.772646e+00  2.235636e+00  
1.738180e+00  1.676340e+00  1.638420e+00  1.631450e+00  1.629790e+00  1.633830e+00  
1.028629e+01  1.028635e+01  1.028645e+01  1.028669e+01  1.028725e+01  1.028834e+01  
1.029019e+01  1.029302e+01  1.029741e+01  1.030365e+01  1.031161e+01  1.032116e+01  
1.033141e+01  1.033917e+01  1.034230e+01  1.033790e+01  1.032372e+01  1.029985e+01  
1.026546e+01  1.020633e+01  1.015302e+01  1.009450e+01  1.001998e+01  9.914873e+00  
9.758603e+00  9.523703e+00  9.174083e+00  8.732944e+00  8.328597e+00  7.959804e+00  
7.626402e+00  7.328682e+00  7.066903e+00  6.840135e+00  6.646709e+00  6.483936e+00  
6.346804e+00  6.230236e+00  6.129760e+00  6.033950e+00  5.925941e+00  5.779421e+00  
5.524428e+00  5.292639e+00  4.884409e+00  4.271773e+00  2.970199e+00  2.402693e+00  
1.780760e+00  1.688090e+00  1.632690e+00  1.629270e+00  1.616860e+00  1.630880e+00  
1.028827e+01  1.028843e+01  1.028867e+01  1.028921e+01  1.029032e+01  1.029223e+01  
1.029517e+01  1.029977e+01  1.030640e+01  1.031506e+01  1.032558e+01  1.033742e+01  
1.034730e+01  1.035289e+01  1.035138e+01  1.034017e+01  1.031941e+01  1.029046e+01  
1.023447e+01  1.018681e+01  1.014021e+01  1.008653e+01  1.001560e+01  9.913184e+00  
9.759186e+00  9.527059e+00  9.182431e+00  8.749408e+00  8.354512e+00  7.996110e+00  
7.673368e+00  7.385687e+00  7.132587e+00  6.913759e+00  6.728873e+00  6.577149e+00  
6.456587e+00  6.364509e+00  6.296636e+00  6.239898e+00  6.173645e+00  6.063187e+00  
5.839278e+00  5.638699e+00  5.304936e+00  4.792076e+00  3.457491e+00  2.716915e+00  
1.842260e+00  1.715720e+00  1.637810e+00  1.627460e+00  1.622840e+00  1.626930e+00  
1.029197e+01  1.029228e+01  1.029270e+01  1.029360e+01  1.029528e+01  1.029794e+01  
1.030208e+01  1.030830e+01  1.031678e+01  1.032730e+01  1.033986e+01  1.035196e+01  
1.036052e+01  1.036331e+01  1.035684e+01  1.034050e+01  1.031609e+01  1.026900e+01  
1.022016e+01  1.017801e+01  1.013522e+01  1.008428e+01  1.001520e+01  9.913949e+00  
9.760591e+00  9.528807e+00  9.184822e+00  8.754041e+00  8.362816e+00  8.009453e+00  
7.692880e+00  7.412179e+00  7.166688e+00  6.955779e+00  6.778702e+00  6.633847e+00  
6.517935e+00  6.428737e+00  6.366953e+00  6.330185e+00  6.304545e+00  6.240021e+00  
6.053554e+00  5.877467e+00  5.590374e+00  5.121508e+00  3.786279e+00  3.010879e+00  
1.923380e+00  1.749400e+00  1.639180e+00  1.630400e+00  1.619650e+00  1.624980e+00  
1.028804e+01  1.028875e+01  1.028964e+01  1.029133e+01  1.029405e+01  1.029829e+01  
1.030474e+01  1.031369e+01  1.032493e+01  1.033857e+01  1.035245e+01  1.036308e+01  
1.036827e+01  1.036430e+01  1.035019e+01  1.032778e+01  1.028507e+01  1.023535e+01  
1.019610e+01  1.016040e+01  1.012247e+01  1.007522e+01  1.000906e+01  9.910383e+00  
9.759664e+00  9.530945e+00  9.190871e+00  8.765060e+00  8.378495e+00  8.029740e+00  
7.717786e+00  7.441854e+00  7.201412e+00  6.996031e+00  6.825213e+00  6.687656e+00  
6.580552e+00  6.502372e+00  6.455117e+00  6.438578e+00  6.442867e+00  6.425467e+00  
6.312280e+00  6.183116e+00  5.947707e+00  5.540986e+00  4.303954e+00  3.465871e+00  
2.075317e+00  1.829450e+00  1.649650e+00  1.635020e+00  1.616640e+00  1.622990e+00  
1.029158e+01  1.029282e+01  1.029424e+01  1.029665e+01  1.030040e+01  1.030629e+01  
1.031473e+01  1.032575e+01  1.033932e+01  1.035462e+01  1.036780e+01  1.037642e+01  
1.037712e+01  1.036743e+01  1.034822e+01  1.032116e+01  1.026362e+01  1.022213e+01  
1.018799e+01  1.015604e+01  1.012082e+01  1.007549e+01  1.001070e+01  9.913025e+00  
9.763155e+00  9.535351e+00  9.196553e+00  8.772443e+00  8.387636e+00  8.040770e+00  
7.730886e+00  7.457282e+00  7.219459e+00  7.017047e+00  6.849618e+00  6.716009e+00  
6.613574e+00  6.541133e+00  6.501506e+00  6.496005e+00  6.517753e+00  6.530562e+00  
6.467909e+00  6.371520e+00  6.171025e+00  5.809517e+00  4.674860e+00  3.816079e+00  
2.219454e+00  1.913160e+00  1.663090e+00  1.640420e+00  1.615250e+00  1.621990e+00  
1.029535e+01  1.029723e+01  1.029918e+01  1.030228e+01  1.030715e+01  1.031452e+01  
1.032466e+01  1.033739e+01  1.035286e+01  1.036837e+01  1.038039e+01  1.038649e+01  
1.038275e+01  1.036852e+01  1.034634e+01  1.029987e+01  1.025138e+01  1.021478e+01  
1.018409e+01  1.015464e+01  1.012118e+01  1.007705e+01  1.001304e+01  9.915879e+00  
9.766357e+00  9.538890e+00  9.200631e+00  8.777291e+00  8.393384e+00  8.047558e+00  
7.738902e+00  7.466737e+00  7.230593e+00  7.030131e+00  6.864930e+00  6.733940e+00  
6.634514e+00  6.565692e+00  6.530844e+00  6.532331e+00  6.565396e+00  6.598515e+00  
6.571282e+00  6.498936e+00  6.325668e+00  6.000566e+00  4.954457e+00  4.094506e+00  
2.356362e+00  1.997500e+00  1.678030e+00  1.645840e+00  1.614710e+00  1.621400e+00  
1.027960e+01  1.028219e+01  1.028463e+01  1.028843e+01  1.029441e+01  1.030314e+01  
1.031469e+01  1.032903e+01  1.034569e+01  1.036074e+01  1.037147e+01  1.037456e+01  
1.036698e+01  1.034931e+01  1.032484e+01  1.026721e+01  1.022440e+01  1.019140e+01  
1.016343e+01  1.013614e+01  1.010447e+01  1.006202e+01  9.999869e+00  9.905089e+00  
9.758854e+00  9.535784e+00  9.202804e+00  8.784233e+00  8.402795e+00  8.057689e+00  
7.748582e+00  7.475476e+00  7.238692e+00  7.038238e+00  6.874087e+00  6.745767e+00  
6.651559e+00  6.590366e+00  6.562606e+00  6.563991e+00  6.588066e+00  6.624512e+00  
6.638790e+00  6.598945e+00  6.449912e+00  6.140520e+00  5.163984e+00  4.329854e+00  
2.490115e+00  2.077946e+00  1.691660e+00  1.653740e+00  1.615040e+00  1.621000e+00  
1.028046e+01  1.028462e+01  1.028798e+01  1.029327e+01  1.030129e+01  1.031235e+01  
1.032627e+01  1.034326e+01  1.036038e+01  1.037397e+01  1.038142e+01  1.037867e+01  
1.036476e+01  1.034296e+01  1.029495e+01  1.024558e+01  1.020965e+01  1.018147e+01  
1.015703e+01  1.013225e+01  1.010232e+01  1.006105e+01  9.999731e+00  9.905577e+00  
9.759887e+00  9.537397e+00  9.205193e+00  8.787733e+00  8.407454e+00  8.063616e+00  
7.755878e+00  7.484221e+00  7.248956e+00  7.050231e+00  6.888088e+00  6.762287e+00  
6.671408e+00  6.614652e+00  6.592490e+00  6.600624e+00  6.633455e+00  6.684798e+00  
6.729123e+00  6.716680e+00  6.611820e+00  6.354361e+00  5.469475e+00  4.681670e+00  
2.741644e+00  2.239084e+00  1.722780e+00  1.666040e+00  1.615270e+00  1.620490e+00  
1.027981e+01  1.028559e+01  1.028945e+01  1.029663e+01  1.030649e+01  1.031943e+01  
1.033548e+01  1.035329e+01  1.037056e+01  1.038296e+01  1.038566e+01  1.037774e+01  
1.035956e+01  1.033427e+01  1.027251e+01  1.023022e+01  1.019877e+01  1.017388e+01  
1.015185e+01  1.012877e+01  1.010007e+01  1.005973e+01  9.999219e+00  9.905879e+00  
9.761101e+00  9.539503e+00  9.207736e+00  8.790005e+00  8.409275e+00  8.065556e+00  
7.758549e+00  7.488202e+00  7.254735e+00  7.058050e+00  6.897905e+00  6.773863e+00  
6.684853e+00  6.630366e+00  6.611242e+00  6.623654e+00  6.662763e+00  6.723404e+00  
6.783705e+00  6.787881e+00  6.718833e+00  6.506301e+00  5.682990e+00  4.944409e+00  
2.964298e+00  2.392412e+00  1.758990e+00  1.674140e+00  1.617140e+00  1.620190e+00  
