3.832632e+00  3.832634e+00  3.832634e+00  3.832636e+00  3.832638e+00  3.832641e+00  
3.832647e+00  3.832655e+00  3.832669e+00  3.832691e+00  3.832725e+00  3.832779e+00  
3.832866e+00  3.833002e+00  3.833219e+00  3.833562e+00  3.834106e+00  3.834968e+00  
3.836335e+00  3.838500e+00  3.841932e+00  3.847366e+00  3.855955e+00  3.869473e+00  
3.890506e+00  3.922308e+00  3.968443e+00  4.023422e+00  4.069381e+00  4.106548e+00  
4.135677e+00  4.158564e+00  4.177632e+00  4.193534e+00  4.206549e+00  4.217720e+00  
4.228650e+00  4.240530e+00  4.252600e+00  4.262830e+00  4.269720e+00  4.275380e+00  
4.282150e+00  4.285490e+00  4.287570e+00  4.287750e+00  4.287510e+00  4.287270e+00  
4.286960e+00  4.286910e+00  4.286880e+00  4.286870e+00  4.286880e+00  4.286890e+00  
4.526000e+00  4.526001e+00  4.526002e+00  4.526004e+00  4.526006e+00  4.526010e+00  
4.526015e+00  4.526024e+00  4.526038e+00  4.526060e+00  4.526096e+00  4.526152e+00  
4.526241e+00  4.526381e+00  4.526604e+00  4.526958e+00  4.527517e+00  4.528405e+00  
4.529812e+00  4.532042e+00  4.535575e+00  4.541169e+00  4.550005e+00  4.563875e+00  
4.585313e+00  4.617141e+00  4.661639e+00  4.711564e+00  4.749236e+00  4.774993e+00  
4.790007e+00  4.796642e+00  4.798081e+00  4.795169e+00  4.788263e+00  4.778570e+00  
4.767910e+00  4.757650e+00  4.747250e+00  4.735210e+00  4.720520e+00  4.705240e+00  
4.691970e+00  4.686170e+00  4.680130e+00  4.674760e+00  4.668540e+00  4.666950e+00  
4.665640e+00  4.665460e+00  4.665330e+00  4.665340e+00  4.665320e+00  4.665260e+00  
5.037424e+00  5.037426e+00  5.037427e+00  5.037428e+00  5.037430e+00  5.037434e+00  
5.037440e+00  5.037450e+00  5.037465e+00  5.037489e+00  5.037526e+00  5.037586e+00  
5.037681e+00  5.037830e+00  5.038068e+00  5.038445e+00  5.039042e+00  5.039990e+00  
5.041491e+00  5.043870e+00  5.047640e+00  5.053608e+00  5.063025e+00  5.077765e+00  
5.100362e+00  5.133173e+00  5.176920e+00  5.221981e+00  5.250428e+00  5.263035e+00  
5.261777e+00  5.250319e+00  5.233389e+00  5.212305e+00  5.187492e+00  5.160370e+00  
5.132750e+00  5.106040e+00  5.079730e+00  5.052260e+00  5.022610e+00  4.992920e+00  
4.966070e+00  4.953930e+00  4.941680e+00  4.931600e+00  4.921170e+00  4.918610e+00  
4.916540e+00  4.916280e+00  4.916070e+00  4.916050e+00  4.916040e+00  4.915980e+00  
5.769592e+00  5.769594e+00  5.769595e+00  5.769597e+00  5.769601e+00  5.769606e+00  
5.769613e+00  5.769626e+00  5.769646e+00  5.769678e+00  5.769728e+00  5.769807e+00  
5.769933e+00  5.770132e+00  5.770448e+00  5.770949e+00  5.771743e+00  5.773002e+00  
5.774997e+00  5.778160e+00  5.783170e+00  5.791088e+00  5.803522e+00  5.822747e+00  
5.851238e+00  5.888706e+00  5.928058e+00  5.951879e+00  5.949373e+00  5.930722e+00  
5.899197e+00  5.857854e+00  5.810669e+00  5.759418e+00  5.705700e+00  5.651520e+00  
5.597440e+00  5.544030e+00  5.491750e+00  5.441320e+00  5.393240e+00  5.346960e+00  
5.302030e+00  5.280310e+00  5.259220e+00  5.243090e+00  5.226680e+00  5.222590e+00  
5.219420e+00  5.219020e+00  5.218730e+00  5.218680e+00  5.218660e+00  5.218630e+00  
6.296964e+00  6.296966e+00  6.296968e+00  6.296970e+00  6.296973e+00  6.296979e+00  
6.296987e+00  6.297001e+00  6.297022e+00  6.297055e+00  6.297109e+00  6.297194e+00  
6.297329e+00  6.297544e+00  6.297882e+00  6.298421e+00  6.299274e+00  6.300626e+00  
6.302771e+00  6.306171e+00  6.311557e+00  6.320065e+00  6.333398e+00  6.353880e+00  
6.383684e+00  6.420636e+00  6.452638e+00  6.457577e+00  6.429210e+00  6.381871e+00  
6.320445e+00  6.249335e+00  6.174010e+00  6.096656e+00  6.018926e+00  5.942810e+00  
5.868640e+00  5.796710e+00  5.727570e+00  5.661880e+00  5.600040e+00  5.541300e+00  
5.484810e+00  5.457520e+00  5.430910e+00  5.410480e+00  5.389920e+00  5.384810e+00  
5.380820e+00  5.380310e+00  5.379950e+00  5.379900e+00  5.379880e+00  5.379860e+00  
6.705723e+00  6.705725e+00  6.705727e+00  6.705729e+00  6.705732e+00  6.705738e+00  
6.705746e+00  6.705760e+00  6.705782e+00  6.705816e+00  6.705871e+00  6.705957e+00  
6.706095e+00  6.706314e+00  6.706659e+00  6.707207e+00  6.708076e+00  6.709454e+00  
6.711640e+00  6.715108e+00  6.720602e+00  6.729275e+00  6.742840e+00  6.763542e+00  
6.793103e+00  6.827441e+00  6.849794e+00  6.834389e+00  6.780397e+00  6.705911e+00  
6.617188e+00  6.519677e+00  6.419924e+00  6.320353e+00  6.222536e+00  6.128420e+00  
6.038010e+00  5.951340e+00  5.868970e+00  5.791350e+00  5.718750e+00  5.650430e+00  
5.585480e+00  5.554290e+00  5.523820e+00  5.500370e+00  5.476720e+00  5.470850e+00  
5.466250e+00  5.465660e+00  5.465230e+00  5.465160e+00  5.465130e+00  5.465140e+00  
7.037942e+00  7.037944e+00  7.037946e+00  7.037948e+00  7.037951e+00  7.037957e+00  
7.037965e+00  7.037979e+00  7.038000e+00  7.038033e+00  7.038087e+00  7.038172e+00  
7.038307e+00  7.038520e+00  7.038860e+00  7.039397e+00  7.040251e+00  7.041604e+00  
7.043753e+00  7.047162e+00  7.052564e+00  7.061089e+00  7.074392e+00  7.094548e+00  
7.122721e+00  7.152940e+00  7.164103e+00  7.127624e+00  7.048684e+00  6.948774e+00  
6.835248e+00  6.714318e+00  6.593224e+00  6.474484e+00  6.359541e+00  6.250100e+00  
6.146040e+00  6.047080e+00  5.953740e+00  5.866240e+00  5.784660e+00  5.708460e+00  
5.636850e+00  5.602690e+00  5.569370e+00  5.543680e+00  5.517670e+00  5.511170e+00  
5.506090e+00  5.505440e+00  5.504980e+00  5.504920e+00  5.504890e+00  5.504880e+00  
7.554902e+00  7.554904e+00  7.554905e+00  7.554907e+00  7.554910e+00  7.554915e+00  
7.554923e+00  7.554935e+00  7.554953e+00  7.554983e+00  7.555031e+00  7.555108e+00  
7.555227e+00  7.555419e+00  7.555721e+00  7.556202e+00  7.556965e+00  7.558178e+00  
7.560105e+00  7.563167e+00  7.568023e+00  7.575680e+00  7.587561e+00  7.605240e+00  
7.628624e+00  7.648195e+00  7.635219e+00  7.557099e+00  7.430939e+00  7.283761e+00  
7.125222e+00  6.963448e+00  6.807455e+00  6.658935e+00  6.517241e+00  6.382640e+00  
6.255720e+00  6.136400e+00  6.025160e+00  5.921800e+00  5.825960e+00  5.736850e+00  
5.654510e+00  5.616480e+00  5.579370e+00  5.550400e+00  5.520850e+00  5.513650e+00  
5.507890e+00  5.507130e+00  5.506570e+00  5.506510e+00  5.506440e+00  5.506440e+00  
7.949898e+00  7.949900e+00  7.949901e+00  7.949902e+00  7.949905e+00  7.949909e+00  
7.949914e+00  7.949923e+00  7.949939e+00  7.949963e+00  7.950002e+00  7.950063e+00  
7.950160e+00  7.950314e+00  7.950559e+00  7.950947e+00  7.951565e+00  7.952548e+00  
7.954114e+00  7.956608e+00  7.960571e+00  7.966813e+00  7.976408e+00  7.990265e+00  
8.006883e+00  8.013351e+00  7.974133e+00  7.854618e+00  7.685089e+00  7.497420e+00  
7.302333e+00  7.108208e+00  6.923972e+00  6.750635e+00  6.586735e+00  6.431830e+00  
6.286970e+00  6.151940e+00  6.026870e+00  5.910620e+00  5.802340e+00  5.702520e+00  
5.612250e+00  5.570980e+00  5.530940e+00  5.499840e+00  5.468070e+00  5.460300e+00  
5.454070e+00  5.453260e+00  5.452660e+00  5.452590e+00  5.452520e+00  5.452510e+00  
8.646548e+00  8.646548e+00  8.646549e+00  8.646548e+00  8.646549e+00  8.646550e+00  
8.646552e+00  8.646554e+00  8.646559e+00  8.646566e+00  8.646575e+00  8.646593e+00  
8.646619e+00  8.646661e+00  8.646729e+00  8.646840e+00  8.647020e+00  8.647313e+00  
8.647796e+00  8.648588e+00  8.649870e+00  8.651860e+00  8.654614e+00  8.657195e+00  
8.654638e+00  8.626722e+00  8.524425e+00  8.312039e+00  8.050688e+00  7.781414e+00  
7.515798e+00  7.261192e+00  7.025075e+00  6.805867e+00  6.600981e+00  6.407742e+00  
6.228840e+00  6.064100e+00  5.912670e+00  5.771220e+00  5.637820e+00  5.516150e+00  
5.409420e+00  5.360880e+00  5.314490e+00  5.279430e+00  5.244680e+00  5.236160e+00  
5.229400e+00  5.228500e+00  5.227860e+00  5.227760e+00  5.227700e+00  5.227680e+00  
9.385037e+00  9.385030e+00  9.385027e+00  9.385020e+00  9.385010e+00  9.384995e+00  
9.384971e+00  9.384934e+00  9.384874e+00  9.384778e+00  9.384627e+00  9.384388e+00  
9.384009e+00  9.383410e+00  9.382462e+00  9.380963e+00  9.378593e+00  9.374854e+00  
9.368959e+00  9.359665e+00  9.345011e+00  9.321845e+00  9.285051e+00  9.226321e+00  
9.132747e+00  8.985255e+00  8.754992e+00  8.449527e+00  8.151803e+00  7.862508e+00  
7.582142e+00  7.310992e+00  7.049344e+00  6.797221e+00  6.557336e+00  6.329314e+00  
6.115380e+00  5.915080e+00  5.729660e+00  5.560950e+00  5.410270e+00  5.275640e+00  
5.160170e+00  5.115900e+00  5.085930e+00  5.066900e+00  4.995100e+00  4.960050e+00  
4.969590e+00  4.975840e+00  4.973120e+00  4.971180e+00  4.974720e+00  4.972410e+00  
9.982043e+00  9.982034e+00  9.982029e+00  9.982021e+00  9.982008e+00  9.981988e+00  
9.981955e+00  9.981904e+00  9.981824e+00  9.981695e+00  9.981491e+00  9.981169e+00  
9.980661e+00  9.979854e+00  9.978581e+00  9.976570e+00  9.973397e+00  9.968399e+00  
9.960535e+00  9.948160e+00  9.928655e+00  9.897760e+00  9.848457e+00  9.769471e+00  
9.643844e+00  9.446640e+00  9.140179e+00  8.736865e+00  8.348236e+00  7.974876e+00  
7.617324e+00  7.275953e+00  6.949366e+00  6.639537e+00  6.348663e+00  6.075474e+00  
5.822260e+00  5.589100e+00  5.376260e+00  5.185200e+00  5.016230e+00  4.864120e+00  
4.728120e+00  4.671490e+00  4.626950e+00  4.594710e+00  4.513500e+00  4.479790e+00  
4.494320e+00  4.501140e+00  4.497570e+00  4.495380e+00  4.498790e+00  4.496810e+00  
1.016799e+01  1.016798e+01  1.016798e+01  1.016798e+01  1.016797e+01  1.016796e+01  
1.016794e+01  1.016791e+01  1.016786e+01  1.016778e+01  1.016766e+01  1.016747e+01  
1.016717e+01  1.016669e+01  1.016594e+01  1.016475e+01  1.016291e+01  1.016002e+01  
1.015554e+01  1.014857e+01  1.013759e+01  1.011997e+01  1.009084e+01  1.004149e+01  
9.955087e+00  9.790197e+00  9.463816e+00  8.959041e+00  8.438786e+00  7.957218e+00  
7.520699e+00  7.126996e+00  6.771066e+00  6.446865e+00  6.145841e+00  5.859461e+00  
5.593800e+00  5.351960e+00  5.128750e+00  4.916830e+00  4.712220e+00  4.523350e+00  
4.354510e+00  4.275140e+00  4.202480e+00  4.153540e+00  4.114540e+00  4.105620e+00  
4.098810e+00  4.098000e+00  4.097350e+00  4.097240e+00  4.097220e+00  4.097290e+00  
1.046719e+01  1.046718e+01  1.046718e+01  1.046717e+01  1.046716e+01  1.046714e+01  
1.046712e+01  1.046708e+01  1.046701e+01  1.046691e+01  1.046674e+01  1.046648e+01  
1.046607e+01  1.046541e+01  1.046438e+01  1.046278e+01  1.046027e+01  1.045636e+01  
1.045027e+01  1.044078e+01  1.042581e+01  1.040169e+01  1.036188e+01  1.029546e+01  
1.018264e+01  9.977819e+00  9.589721e+00  9.013831e+00  8.436846e+00  7.911891e+00  
7.441913e+00  7.020609e+00  6.640747e+00  6.294894e+00  5.974805e+00  5.670667e+00  
5.387210e+00  5.128260e+00  4.887780e+00  4.659300e+00  4.439020e+00  4.232670e+00  
4.043990e+00  3.955850e+00  3.876250e+00  3.823590e+00  3.782130e+00  3.773050e+00  
3.766200e+00  3.765390e+00  3.764750e+00  3.764640e+00  3.764600e+00  3.764640e+00  
1.086377e+01  1.086376e+01  1.086375e+01  1.086373e+01  1.086372e+01  1.086368e+01  
1.086363e+01  1.086355e+01  1.086342e+01  1.086322e+01  1.086290e+01  1.086239e+01  
1.086159e+01  1.086032e+01  1.085832e+01  1.085517e+01  1.085022e+01  1.084249e+01  
1.083037e+01  1.081136e+01  1.078128e+01  1.073307e+01  1.065523e+01  1.053045e+01  
1.033328e+01  1.002615e+01  9.556691e+00  8.956242e+00  8.397293e+00  7.878750e+00  
7.398338e+00  6.952857e+00  6.540968e+00  6.162423e+00  5.817010e+00  5.497691e+00  
5.201339e+00  4.927970e+00  4.673690e+00  4.437550e+00  4.216730e+00  4.001260e+00  
3.785750e+00  3.684290e+00  3.598460e+00  3.546680e+00  3.501920e+00  3.493640e+00  
3.486020e+00  3.485060e+00  3.484500e+00  3.484350e+00  3.484470e+00  3.484340e+00  
1.116786e+01  1.116784e+01  1.116783e+01  1.116782e+01  1.116780e+01  1.116776e+01  
1.116770e+01  1.116760e+01  1.116746e+01  1.116722e+01  1.116685e+01  1.116625e+01  
1.116531e+01  1.116384e+01  1.116153e+01  1.115789e+01  1.115220e+01  1.114332e+01  
1.112947e+01  1.110771e+01  1.107309e+01  1.101712e+01  1.092632e+01  1.078111e+01  
1.055170e+01  1.019475e+01  9.653050e+00  8.968808e+00  8.340368e+00  7.764857e+00  
7.238398e+00  6.755587e+00  6.314047e+00  5.914712e+00  5.552572e+00  5.219195e+00  
4.908474e+00  4.619700e+00  4.348970e+00  4.093760e+00  3.850920e+00  3.611240e+00  
3.370770e+00  3.257530e+00  3.162460e+00  3.105490e+00  3.054950e+00  3.045010e+00  
3.036940e+00  3.036010e+00  3.035360e+00  3.035220e+00  3.035250e+00  3.035090e+00  
1.137193e+01  1.137191e+01  1.137189e+01  1.137188e+01  1.137185e+01  1.137181e+01  
1.137174e+01  1.137164e+01  1.137147e+01  1.137121e+01  1.137079e+01  1.137014e+01  
1.136909e+01  1.136747e+01  1.136491e+01  1.136092e+01  1.135470e+01  1.134502e+01  
1.132994e+01  1.130620e+01  1.126813e+01  1.120604e+01  1.110523e+01  1.094421e+01  
1.068942e+01  1.029313e+01  9.695374e+00  8.947476e+00  8.267569e+00  7.650307e+00  
7.090236e+00  6.581731e+00  6.120585e+00  5.707661e+00  5.335062e+00  4.992932e+00  
4.673209e+00  4.373960e+00  4.092740e+00  3.825180e+00  3.567950e+00  3.312420e+00  
3.055410e+00  2.933770e+00  2.830700e+00  2.767480e+00  2.710690e+00  2.699410e+00  
2.690370e+00  2.689320e+00  2.688580e+00  2.688450e+00  2.688400e+00  2.688250e+00  
1.168993e+01  1.168991e+01  1.168990e+01  1.168988e+01  1.168984e+01  1.168979e+01  
1.168970e+01  1.168958e+01  1.168938e+01  1.168906e+01  1.168856e+01  1.168776e+01  
1.168652e+01  1.168457e+01  1.168154e+01  1.167683e+01  1.166957e+01  1.165835e+01  
1.164084e+01  1.161292e+01  1.156711e+01  1.149151e+01  1.136938e+01  1.117407e+01  
1.086384e+01  1.038514e+01  9.679280e+00  8.817670e+00  8.055462e+00  7.378871e+00  
6.775135e+00  6.236455e+00  5.756327e+00  5.327975e+00  4.941461e+00  4.584850e+00  
4.247107e+00  3.923870e+00  3.618790e+00  3.329270e+00  3.053810e+00  2.784810e+00  
2.517680e+00  2.387940e+00  2.267020e+00  2.182230e+00  2.113810e+00  2.099120e+00  
2.087620e+00  2.086310e+00  2.085220e+00  2.085060e+00  2.084960e+00  2.084910e+00  
1.192140e+01  1.192138e+01  1.192136e+01  1.192134e+01  1.192130e+01  1.192124e+01  
1.192115e+01  1.192100e+01  1.192077e+01  1.192040e+01  1.191982e+01  1.191892e+01  
1.191751e+01  1.191529e+01  1.191189e+01  1.190664e+01  1.189860e+01  1.188620e+01  
1.186672e+01  1.183502e+01  1.178196e+01  1.169454e+01  1.155390e+01  1.132770e+01  
1.096789e+01  1.041950e+01  9.629103e+00  8.685007e+00  7.867583e+00  7.156703e+00  
6.532959e+00  5.980826e+00  5.491276e+00  5.053609e+00  4.656667e+00  4.289795e+00  
3.942485e+00  3.610162e+00  3.297206e+00  3.003700e+00  2.724790e+00  2.451430e+00  
2.176750e+00  2.040460e+00  1.909110e+00  1.812940e+00  1.735480e+00  1.718280e+00  
1.704410e+00  1.702810e+00  1.701500e+00  1.701290e+00  1.701210e+00  1.701230e+00  
1.226567e+01  1.226564e+01  1.226562e+01  1.226560e+01  1.226555e+01  1.226549e+01  
1.226538e+01  1.226520e+01  1.226493e+01  1.226451e+01  1.226384e+01  1.226280e+01  
1.226118e+01  1.225870e+01  1.225492e+01  1.224920e+01  1.224053e+01  1.222711e+01  
1.220531e+01  1.216799e+01  1.210470e+01  1.200185e+01  1.183506e+01  1.156320e+01  
1.113201e+01  1.048870e+01  9.586438e+00  8.534646e+00  7.643879e+00  6.885437e+00  
6.237248e+00  5.671803e+00  5.169465e+00  4.718765e+00  4.308451e+00  3.928894e+00  
3.570819e+00  3.229528e+00  2.907876e+00  2.610430e+00  2.330670e+00  2.055910e+00  
1.777640e+00  1.637840e+00  1.500570e+00  1.396170e+00  1.305320e+00  1.284070e+00  
1.266980e+00  1.264970e+00  1.263300e+00  1.263050e+00  1.262930e+00  1.262970e+00  
1.256346e+01  1.256343e+01  1.256341e+01  1.256338e+01  1.256333e+01  1.256326e+01  
1.256313e+01  1.256294e+01  1.256264e+01  1.256217e+01  1.256144e+01  1.256030e+01  
1.255857e+01  1.255593e+01  1.255200e+01  1.254614e+01  1.253730e+01  1.252329e+01  
1.249927e+01  1.245676e+01  1.238558e+01  1.227038e+01  1.208057e+01  1.176944e+01  
1.128243e+01  1.057268e+01  9.603831e+00  8.495539e+00  7.571015e+00  6.783059e+00  
6.112164e+00  5.530828e+00  5.014796e+00  4.550586e+00  4.126639e+00  3.734218e+00  
3.367724e+00  3.023555e+00  2.700838e+00  2.399667e+00  2.116730e+00  1.840030e+00  
1.562490e+00  1.422610e+00  1.284200e+00  1.176320e+00  1.075380e+00  1.051460e+00  
1.032290e+00  1.029680e+00  1.027840e+00  1.027650e+00  1.027390e+00  1.027400e+00  
1.284559e+01  1.284555e+01  1.284553e+01  1.284549e+01  1.284544e+01  1.284536e+01  
1.284523e+01  1.284503e+01  1.284471e+01  1.284421e+01  1.284344e+01  1.284227e+01  
1.284049e+01  1.283785e+01  1.283397e+01  1.282829e+01  1.281972e+01  1.280550e+01  
1.277959e+01  1.273326e+01  1.265704e+01  1.253242e+01  1.232381e+01  1.198222e+01  
1.145481e+01  1.069703e+01  9.678134e+00  8.521564e+00  7.568384e+00  6.759156e+00  
6.071561e+00  5.477352e+00  4.949649e+00  4.473683e+00  4.038844e+00  3.637132e+00  
3.263239e+00  2.913406e+00  2.585853e+00  2.279440e+00  1.993110e+00  1.715560e+00  
1.437390e+00  1.296810e+00  1.156220e+00  1.044450e+00  9.360700e-01  9.097000e-01  
8.886700e-01  8.858400e-01  8.838100e-01  8.835900e-01  8.833200e-01  8.832100e-01  
1.308746e+01  1.308742e+01  1.308739e+01  1.308736e+01  1.308731e+01  1.308723e+01  
1.308709e+01  1.308689e+01  1.308657e+01  1.308609e+01  1.308532e+01  1.308419e+01  
1.308250e+01  1.308005e+01  1.307659e+01  1.307161e+01  1.306399e+01  1.305037e+01  
1.302393e+01  1.297690e+01  1.290015e+01  1.277212e+01  1.255448e+01  1.219942e+01  
1.165544e+01  1.087221e+01  9.808198e+00  8.586786e+00  7.586846e+00  6.757296e+00  
6.063533e+00  5.467677e+00  4.935508e+00  4.452310e+00  4.010077e+00  3.601713e+00  
3.220029e+00  2.860630e+00  2.523543e+00  2.210352e+00  1.921173e+00  1.643730e+00  
1.362960e+00  1.220460e+00  1.076700e+00  9.607800e-01  8.460700e-01  8.174100e-01  
7.945300e-01  7.917700e-01  7.894600e-01  7.891800e-01  7.889100e-01  7.887400e-01  
1.351603e+01  1.351599e+01  1.351597e+01  1.351593e+01  1.351588e+01  1.351579e+01  
1.351565e+01  1.351544e+01  1.351512e+01  1.351464e+01  1.351390e+01  1.351283e+01  
1.351133e+01  1.350931e+01  1.350666e+01  1.350305e+01  1.349680e+01  1.348303e+01  
1.345457e+01  1.340593e+01  1.332547e+01  1.318509e+01  1.294399e+01  1.255892e+01  
1.197850e+01  1.115100e+01  1.003673e+01  8.756452e+00  7.716079e+00  6.863790e+00  
6.151788e+00  5.538346e+00  4.988937e+00  4.489421e+00  4.032068e+00  3.610058e+00  
3.216462e+00  2.846666e+00  2.499683e+00  2.175415e+00  1.872609e+00  1.584950e+00  
1.296620e+00  1.149270e+00  9.980300e-01  8.730400e-01  7.450800e-01  7.123600e-01  
6.861700e-01  6.830000e-01  6.803400e-01  6.800200e-01  6.797000e-01  6.796000e-01  
1.385994e+01  1.385989e+01  1.385987e+01  1.385984e+01  1.385979e+01  1.385969e+01  
1.385956e+01  1.385935e+01  1.385904e+01  1.385857e+01  1.385790e+01  1.385697e+01  
1.385578e+01  1.385439e+01  1.385289e+01  1.385092e+01  1.384596e+01  1.383186e+01  
1.380294e+01  1.375481e+01  1.367135e+01  1.352007e+01  1.326234e+01  1.285941e+01  
1.225757e+01  1.140454e+01  1.026091e+01  8.945950e+00  7.881379e+00  7.012232e+00  
6.285573e+00  5.657622e+00  5.094637e+00  4.583038e+00  4.115095e+00  3.683518e+00  
3.280872e+00  2.901990e+00  2.545183e+00  2.209185e+00  1.891781e+00  1.588456e+00  
1.288780e+00  1.134660e+00  9.743500e-01  8.394000e-01  6.974700e-01  6.605700e-01  
6.310100e-01  6.274100e-01  6.243800e-01  6.240200e-01  6.236700e-01  6.237100e-01  
1.447049e+01  1.447044e+01  1.447042e+01  1.447039e+01  1.447034e+01  1.447025e+01  
1.447013e+01  1.446994e+01  1.446968e+01  1.446932e+01  1.446890e+01  1.446855e+01  
1.446851e+01  1.446934e+01  1.447143e+01  1.447353e+01  1.447038e+01  1.445657e+01  
1.443142e+01  1.438551e+01  1.429237e+01  1.411876e+01  1.383820e+01  1.341364e+01  
1.278886e+01  1.191260e+01  1.073870e+01  9.389237e+00  8.308484e+00  7.413816e+00  
6.659614e+00  6.004266e+00  5.417304e+00  4.885174e+00  4.399288e+00  3.951034e+00  
3.531279e+00  3.133422e+00  2.754768e+00  2.392427e+00  2.042727e+00  1.700497e+00  
1.362020e+00  1.186790e+00  9.990700e-01  8.358700e-01  6.581700e-01  6.110900e-01  
5.734300e-01  5.688000e-01  5.649000e-01  5.644300e-01  5.640100e-01  5.640800e-01  
1.486637e+01  1.486634e+01  1.486632e+01  1.486628e+01  1.486623e+01  1.486615e+01  
1.486604e+01  1.486588e+01  1.486570e+01  1.486552e+01  1.486548e+01  1.486591e+01  
1.486745e+01  1.487104e+01  1.487693e+01  1.488190e+01  1.487953e+01  1.486911e+01  
1.484922e+01  1.480194e+01  1.469613e+01  1.450755e+01  1.421575e+01  1.378164e+01  
1.315295e+01  1.228136e+01  1.110629e+01  9.761136e+00  8.686514e+00  7.782662e+00  
7.012768e+00  6.340087e+00  5.737849e+00  5.192512e+00  4.694656e+00  4.234755e+00  
3.802397e+00  3.389953e+00  2.994224e+00  2.611518e+00  2.236798e+00  1.862480e+00  
1.480783e+00  1.281880e+00  1.063250e+00  8.690800e-01  6.562000e-01  5.996100e-01  
5.538600e-01  5.482000e-01  5.435800e-01  5.430300e-01  5.424600e-01  5.420400e-01  
1.522571e+01  1.522567e+01  1.522565e+01  1.522563e+01  1.522558e+01  1.522554e+01  
1.522547e+01  1.522543e+01  1.522549e+01  1.522582e+01  1.522689e+01  1.522955e+01  
1.523523e+01  1.524521e+01  1.525750e+01  1.526557e+01  1.526872e+01  1.527015e+01  
1.525706e+01  1.520033e+01  1.507786e+01  1.488132e+01  1.458969e+01  1.417011e+01  
1.357945e+01  1.276517e+01  1.166573e+01  1.039433e+01  9.337038e+00  8.414632e+00  
7.607580e+00  6.895863e+00  6.265564e+00  5.703329e+00  5.196480e+00  4.731673e+00  
4.293570e+00  3.870747e+00  3.458586e+00  3.051246e+00  2.639427e+00  2.206709e+00  
1.736173e+00  1.482727e+00  1.211160e+00  9.675700e-01  6.826300e-01  5.996300e-01  
5.394000e-01  5.330800e-01  5.272400e-01  5.261900e-01  5.257500e-01  5.228400e-01  
1.551287e+01  1.551283e+01  1.551282e+01  1.551279e+01  1.551276e+01  1.551273e+01  
1.551273e+01  1.551282e+01  1.551317e+01  1.551416e+01  1.551662e+01  1.552202e+01  
1.553237e+01  1.554793e+01  1.556334e+01  1.557403e+01  1.558567e+01  1.559463e+01  
1.557645e+01  1.550244e+01  1.536501e+01  1.515577e+01  1.485353e+01  1.443099e+01  
1.384617e+01  1.303030e+01  1.198966e+01  1.078010e+01  9.755649e+00  8.853717e+00  
8.057118e+00  7.348624e+00  6.716163e+00  6.147951e+00  5.632671e+00  5.157975e+00  
4.709442e+00  4.275700e+00  3.850991e+00  3.427539e+00  2.992333e+00  2.521493e+00  
1.987198e+00  1.687276e+00  1.359360e+00  1.064640e+00  7.152200e-01  6.121200e-01  
5.347200e-01  5.262700e-01  5.193900e-01  5.182900e-01  5.171000e-01  5.126000e-01  
1.568952e+01  1.568949e+01  1.568947e+01  1.568945e+01  1.568943e+01  1.568943e+01  
1.568951e+01  1.568976e+01  1.569049e+01  1.569233e+01  1.569650e+01  1.570512e+01  
1.572028e+01  1.574003e+01  1.575720e+01  1.577309e+01  1.579351e+01  1.580516e+01  
1.577668e+01  1.568899e+01  1.554160e+01  1.532308e+01  1.501629e+01  1.459720e+01  
1.401945e+01  1.321765e+01  1.221713e+01  1.106072e+01  1.006815e+01  9.187850e+00  
8.405185e+00  7.704628e+00  7.075467e+00  6.507138e+00  5.989312e+00  5.510511e+00  
5.056966e+00  4.617388e+00  4.185242e+00  3.751224e+00  3.299429e+00  2.799920e+00  
2.215482e+00  1.877706e+00  1.498548e+00  1.158560e+00  7.505000e-01  6.284300e-01  
5.329700e-01  5.219900e-01  5.138900e-01  5.127800e-01  5.109400e-01  5.057500e-01  
1.580566e+01  1.580563e+01  1.580562e+01  1.580561e+01  1.580561e+01  1.580565e+01  
1.580580e+01  1.580627e+01  1.580745e+01  1.581027e+01  1.581644e+01  1.582857e+01  
1.584815e+01  1.587058e+01  1.588978e+01  1.591246e+01  1.593970e+01  1.594913e+01  
1.590851e+01  1.581005e+01  1.565327e+01  1.542606e+01  1.511538e+01  1.469851e+01  
1.411327e+01  1.334735e+01  1.238663e+01  1.127325e+01  1.031032e+01  9.451119e+00  
8.683368e+00  7.992768e+00  7.369714e+00  6.804533e+00  6.287636e+00  5.808194e+00  
5.352969e+00  4.910728e+00  4.474339e+00  4.033355e+00  3.569536e+00  3.048046e+00  
2.423438e+00  2.054274e+00  1.631783e+00  1.248640e+00  7.865400e-01  6.464500e-01  
5.328700e-01  5.191600e-01  5.095900e-01  5.084600e-01  5.061100e-01  5.007400e-01  
1.594466e+01  1.594463e+01  1.594462e+01  1.594462e+01  1.594467e+01  1.594480e+01  
1.594519e+01  1.594616e+01  1.594848e+01  1.595371e+01  1.596452e+01  1.598384e+01  
1.601017e+01  1.603553e+01  1.606209e+01  1.609845e+01  1.613166e+01  1.612730e+01  
1.606530e+01  1.594977e+01  1.577497e+01  1.553328e+01  1.521614e+01  1.479805e+01  
1.420751e+01  1.351059e+01  1.262239e+01  1.157581e+01  1.066343e+01  9.842342e+00  
9.103481e+00  8.434300e+00  7.826754e+00  7.272399e+00  6.762707e+00  6.287721e+00  
5.834890e+00  5.392995e+00  4.954145e+00  4.506237e+00  4.027570e+00  3.475747e+00  
2.791510e+00  2.373366e+00  1.879874e+00  1.418364e+00  8.583300e-01  6.846300e-01  
5.357500e-01  5.163700e-01  5.032000e-01  5.019500e-01  4.989700e-01  4.938500e-01  
1.602148e+01  1.602145e+01  1.602146e+01  1.602148e+01  1.602157e+01  1.602183e+01  
1.602249e+01  1.602412e+01  1.602787e+01  1.603603e+01  1.605201e+01  1.607786e+01  
1.610808e+01  1.613669e+01  1.617358e+01  1.622018e+01  1.625018e+01  1.622837e+01  
1.615064e+01  1.602010e+01  1.583000e+01  1.557785e+01  1.525627e+01  1.481480e+01  
1.425671e+01  1.360919e+01  1.277710e+01  1.178133e+01  1.090914e+01  1.012004e+01  
9.406833e+00  8.758163e+00  8.167036e+00  7.625767e+00  7.126508e+00  6.659793e+00  
6.213433e+00  5.776176e+00  5.339675e+00  4.890699e+00  4.405177e+00  3.835169e+00  
3.110084e+00  2.655790e+00  2.106880e+00  1.577438e+00  9.283700e-01  7.236500e-01  
5.411400e-01  5.160500e-01  4.986300e-01  4.971300e-01  4.939100e-01  4.892800e-01  
1.611238e+01  1.611236e+01  1.611240e+01  1.611250e+01  1.611277e+01  1.611346e+01  
1.611512e+01  1.611897e+01  1.612742e+01  1.614442e+01  1.617323e+01  1.620947e+01  
1.624503e+01  1.629005e+01  1.635051e+01  1.640244e+01  1.640505e+01  1.634943e+01  
1.624251e+01  1.608002e+01  1.586397e+01  1.559672e+01  1.525468e+01  1.479240e+01  
1.431506e+01  1.374359e+01  1.299556e+01  1.208737e+01  1.128438e+01  1.055356e+01  
9.889698e+00  9.283583e+00  8.729389e+00  8.220518e+00  7.749920e+00  7.308690e+00  
6.884779e+00  6.466748e+00  6.045680e+00  5.606892e+00  5.122745e+00  4.536362e+00  
3.756220e+00  3.245036e+00  2.600123e+00  1.943957e+00  1.094160e+00  8.202000e-01  
5.599100e-01  5.209100e-01  4.913600e-01  4.888800e-01  4.860200e-01  4.825500e-01  
1.615024e+01  1.615025e+01  1.615033e+01  1.615055e+01  1.615107e+01  1.615236e+01  
1.615540e+01  1.616224e+01  1.617661e+01  1.620321e+01  1.624165e+01  1.628222e+01  
1.632747e+01  1.639170e+01  1.646320e+01  1.649993e+01  1.647501e+01  1.639684e+01  
1.626476e+01  1.607927e+01  1.584775e+01  1.557096e+01  1.517048e+01  1.476749e+01  
1.433625e+01  1.380888e+01  1.310813e+01  1.225469e+01  1.149550e+01  1.080350e+01  
1.017431e+01  9.599921e+00  9.075114e+00  8.593817e+00  8.149351e+00  7.733009e+00  
7.332601e+00  6.936398e+00  6.535281e+00  6.113982e+00  5.643049e+00  5.060484e+00  
4.260537e+00  3.719257e+00  3.014558e+00  2.267840e+00  1.247280e+00  9.125800e-01  
5.816500e-01  5.296400e-01  4.875300e-01  4.837300e-01  4.814800e-01  4.788400e-01  
1.617990e+01  1.618000e+01  1.618020e+01  1.618073e+01  1.618200e+01  1.618502e+01  
1.619185e+01  1.620649e+01  1.623441e+01  1.627689e+01  1.632406e+01  1.637551e+01  
1.644865e+01  1.653670e+01  1.659648e+01  1.659219e+01  1.653123e+01  1.641547e+01  
1.624545e+01  1.603182e+01  1.578338e+01  1.542481e+01  1.506222e+01  1.472190e+01  
1.434317e+01  1.386644e+01  1.322058e+01  1.243053e+01  1.172422e+01  1.108075e+01  
1.049670e+01  9.965415e+00  9.482426e+00  9.042376e+00  8.639028e+00  8.263869e+00  
7.904390e+00  7.548518e+00  7.187246e+00  6.805030e+00  6.370961e+00  5.817548e+00  
5.021255e+00  4.456298e+00  3.685904e+00  2.819257e+00  1.522777e+00  1.084040e+00  
6.269700e-01  5.513900e-01  4.851000e-01  4.782300e-01  4.765000e-01  4.748700e-01  
1.619944e+01  1.619966e+01  1.620007e+01  1.620103e+01  1.620335e+01  1.620872e+01  
1.622055e+01  1.624450e+01  1.628511e+01  1.633623e+01  1.638917e+01  1.645976e+01  
1.655544e+01  1.664385e+01  1.667449e+01  1.664110e+01  1.655252e+01  1.640636e+01  
1.621214e+01  1.598342e+01  1.570141e+01  1.531544e+01  1.500187e+01  1.469695e+01  
1.434868e+01  1.390103e+01  1.328642e+01  1.253098e+01  1.185322e+01  1.123594e+01  
1.067600e+01  1.016817e+01  9.708648e+00  9.292939e+00  8.915781e+00  8.569784e+00  
8.243756e+00  7.926584e+00  7.609205e+00  7.275037e+00  6.889087e+00  6.371512e+00  
5.582668e+00  5.007076e+00  4.210415e+00  3.280145e+00  1.777813e+00  1.240810e+00  
6.710000e-01  5.737800e-01  4.862300e-01  4.774000e-01  4.737300e-01  4.727800e-01  
1.620118e+01  1.620157e+01  1.620221e+01  1.620375e+01  1.620741e+01  1.621571e+01  
1.623345e+01  1.626705e+01  1.631731e+01  1.637263e+01  1.643564e+01  1.652610e+01  
1.663340e+01  1.670703e+01  1.671128e+01  1.665633e+01  1.654294e+01  1.637399e+01  
1.616388e+01  1.592602e+01  1.556659e+01  1.523263e+01  1.494997e+01  1.466880e+01  
1.434087e+01  1.391259e+01  1.331930e+01  1.258814e+01  1.193093e+01  1.133321e+01  
1.079203e+01  1.030268e+01  9.861870e+00  9.465645e+00  9.109262e+00  8.785912e+00  
8.484982e+00  8.195918e+00  7.910137e+00  7.611212e+00  7.263179e+00  6.781470e+00  
6.018129e+00  5.447708e+00  4.643894e+00  3.673781e+00  2.013916e+00  1.385370e+00  
7.142500e-01  5.977600e-01  4.890900e-01  4.767800e-01  4.723800e-01  4.715000e-01  
1.620113e+01  1.620174e+01  1.620268e+01  1.620493e+01  1.621019e+01  1.622192e+01  
1.624615e+01  1.628879e+01  1.634530e+01  1.640448e+01  1.648101e+01  1.658793e+01  
1.669641e+01  1.674977e+01  1.673375e+01  1.665967e+01  1.652494e+01  1.633899e+01  
1.611834e+01  1.586636e+01  1.547240e+01  1.517171e+01  1.491140e+01  1.464777e+01  
1.433475e+01  1.392026e+01  1.334155e+01  1.262740e+01  1.198481e+01  1.140096e+01  
1.087331e+01  1.039750e+01  9.970615e+00  9.589099e+00  9.248618e+00  8.942900e+00  
8.661914e+00  8.395647e+00  8.136163e+00  7.867483e+00  7.553430e+00  7.106475e+00  
6.372886e+00  5.812621e+00  5.010028e+00  4.014791e+00  2.231889e+00  1.522399e+00  
7.559400e-01  6.214000e-01  4.929200e-01  4.771900e-01  4.715300e-01  4.706300e-01  
1.620255e+01  1.620369e+01  1.620540e+01  1.620944e+01  1.621866e+01  1.623846e+01  
1.627614e+01  1.633277e+01  1.639567e+01  1.646823e+01  1.657282e+01  1.669812e+01  
1.678848e+01  1.680485e+01  1.675840e+01  1.664975e+01  1.648258e+01  1.627378e+01  
1.604094e+01  1.567778e+01  1.534721e+01  1.508936e+01  1.485991e+01  1.462036e+01  
1.432735e+01  1.393109e+01  1.337154e+01  1.268008e+01  1.205686e+01  1.149181e+01  
1.098238e+01  1.052506e+01  1.011734e+01  9.756256e+00  9.438229e+00  9.157729e+00  
8.905843e+00  8.673720e+00  8.454653e+00  8.234123e+00  7.976749e+00  7.592640e+00  
6.921536e+00  6.388218e+00  5.600660e+00  4.581074e+00  2.622311e+00  1.780557e+00  
8.350800e-01  6.672000e-01  5.020600e-01  4.798100e-01  4.705700e-01  4.695400e-01  
1.618005e+01  1.618191e+01  1.618461e+01  1.619089e+01  1.620494e+01  1.623379e+01  
1.628380e+01  1.634854e+01  1.641713e+01  1.650886e+01  1.663559e+01  1.676115e+01  
1.682373e+01  1.681339e+01  1.674103e+01  1.660395e+01  1.641454e+01  1.619265e+01  
1.593598e+01  1.552992e+01  1.524313e+01  1.501455e+01  1.480783e+01  1.458727e+01  
1.431182e+01  1.393347e+01  1.339348e+01  1.272245e+01  1.211385e+01  1.156025e+01  
1.106012e+01  1.061145e+01  1.021329e+01  9.863619e+00  9.559692e+00  9.297362e+00  
9.069470e+00  8.867783e+00  8.682816e+00  8.493190e+00  8.262263e+00  7.920639e+00  
7.324585e+00  6.831150e+00  6.062414e+00  5.033022e+00  2.971044e+00  2.017042e+00  
9.093000e-01  7.110100e-01  5.120400e-01  4.839700e-01  4.700400e-01  4.688700e-01  
1.619210e+01  1.619646e+01  1.620255e+01  1.621626e+01  1.624495e+01  1.629637e+01  
1.636613e+01  1.644065e+01  1.653726e+01  1.667389e+01  1.681916e+01  1.690519e+01  
1.691240e+01  1.685406e+01  1.672699e+01  1.654241e+01  1.632185e+01  1.608002e+01  
1.565822e+01  1.535562e+01  1.512869e+01  1.494240e+01  1.476651e+01  1.456863e+01  
1.431096e+01  1.394926e+01  1.342892e+01  1.277926e+01  1.218886e+01  1.165234e+01  
1.116856e+01  1.073653e+01  1.035575e+01  1.002492e+01  9.742259e+00  9.504704e+00  
9.306670e+00  9.141835e+00  9.003098e+00  8.872103e+00  8.716907e+00  8.475413e+00  
8.009460e+00  7.588241e+00  6.882226e+00  5.875127e+00  3.676049e+00  2.540541e+00  
1.079560e+00  8.132700e-01  5.384800e-01  4.961300e-01  4.699500e-01  4.679700e-01  
1.619145e+01  1.619933e+01  1.620997e+01  1.623308e+01  1.627771e+01  1.634614e+01  
1.642373e+01  1.651381e+01  1.664422e+01  1.680457e+01  1.693040e+01  1.697309e+01  
1.694468e+01  1.684593e+01  1.668066e+01  1.646938e+01  1.623664e+01  1.585691e+01  
1.550211e+01  1.524981e+01  1.505771e+01  1.489701e+01  1.474010e+01  1.455688e+01  
1.431152e+01  1.396053e+01  1.344958e+01  1.281092e+01  1.223008e+01  1.170274e+01  
1.122788e+01  1.080476e+01  1.043334e+01  1.011268e+01  9.841450e+00  9.617502e+00  
9.436335e+00  9.292953e+00  9.181710e+00  9.086177e+00  8.978352e+00  8.804484e+00  
8.436996e+00  8.077501e+00  7.435419e+00  6.471247e+00  4.229359e+00  2.980384e+00  
1.233830e+00  9.074400e-01  5.647300e-01  5.096200e-01  4.706500e-01  4.675100e-01  
1.619938e+01  1.621714e+01  1.623968e+01  1.628428e+01  1.635542e+01  1.643905e+01  
1.653360e+01  1.666961e+01  1.684408e+01  1.699365e+01  1.705783e+01  1.704519e+01  
1.695914e+01  1.680098e+01  1.659140e+01  1.635740e+01  1.599342e+01  1.560387e+01  
1.533469e+01  1.513820e+01  1.498623e+01  1.485420e+01  1.471760e+01  1.454913e+01  
1.431523e+01  1.397375e+01  1.347141e+01  1.284313e+01  1.227150e+01  1.175332e+01  
1.128776e+01  1.087437e+01  1.051352e+01  1.020437e+01  9.946313e+00  9.737888e+00  
9.575768e+00  9.456334e+00  9.375816e+00  9.320602e+00  9.268272e+00  9.177638e+00  
8.942167e+00  8.675734e+00  8.147594e+00  7.282804e+00  5.059456e+00  3.686459e+00  
1.510423e+00  1.079540e+00  6.150400e-01  5.372100e-01  4.731900e-01  4.670500e-01  
1.621080e+01  1.624184e+01  1.627860e+01  1.634338e+01  1.642893e+01  1.652136e+01  
1.664586e+01  1.681998e+01  1.700029e+01  1.710789e+01  1.712837e+01  1.707467e+01  
1.694272e+01  1.674803e+01  1.651721e+01  1.626214e+01  1.578548e+01  1.547005e+01  
1.524624e+01  1.508199e+01  1.495283e+01  1.483638e+01  1.471012e+01  1.454836e+01  
1.431886e+01  1.398083e+01  1.348249e+01  1.285869e+01  1.229129e+01  1.177767e+01  
1.131692e+01  1.090886e+01  1.055389e+01  1.025131e+01  1.000078e+01  9.801173e+00  
9.649645e+00  9.543263e+00  9.479420e+00  9.446495e+00  9.425799e+00  9.384325e+00  
9.232259e+00  9.030901e+00  8.593430e+00  7.821703e+00  5.667778e+00  4.239518e+00  
1.756071e+00  1.235680e+00  6.623100e-01  5.641200e-01  4.768500e-01  4.668200e-01  
1.621898e+01  1.626620e+01  1.631771e+01  1.639784e+01  1.649011e+01  1.659758e+01  
1.675354e+01  1.694873e+01  1.710993e+01  1.717870e+01  1.716759e+01  1.707743e+01  
1.691170e+01  1.669398e+01  1.645456e+01  1.604926e+01  1.565427e+01  1.538274e+01  
1.518911e+01  1.504642e+01  1.493221e+01  1.482579e+01  1.470600e+01  1.454830e+01  
1.432129e+01  1.398504e+01  1.348889e+01  1.286781e+01  1.230291e+01  1.179208e+01  
1.133438e+01  1.092962e+01  1.057840e+01  1.028001e+01  1.003428e+01  9.840369e+00  
9.695549e+00  9.597388e+00  9.544076e+00  9.525446e+00  9.525447e+00  9.516549e+00  
9.421639e+00  9.267563e+00  8.901248e+00  8.210206e+00  6.141374e+00  4.691643e+00  
1.978517e+00  1.379930e+00  7.070600e-01  5.900400e-01  4.812700e-01  4.666800e-01  
1.622179e+01  1.628746e+01  1.635279e+01  1.644286e+01  1.654082e+01  1.666867e+01  
1.685103e+01  1.705098e+01  1.718367e+01  1.722283e+01  1.718413e+01  1.706278e+01  
1.687233e+01  1.664030e+01  1.639365e+01  1.590255e+01  1.555806e+01  1.531746e+01  
1.514590e+01  1.501897e+01  1.491571e+01  1.481680e+01  1.470226e+01  1.454845e+01  
1.432460e+01  1.399091e+01  1.349609e+01  1.287468e+01  1.230905e+01  1.179903e+01  
1.134372e+01  1.094240e+01  1.059490e+01  1.030048e+01  1.005884e+01  9.869147e+00  
9.728557e+00  9.634875e+00  9.587502e+00  9.578513e+00  9.594639e+00  9.610520e+00  
9.555644e+00  9.435571e+00  9.127355e+00  8.507022e+00  6.519743e+00  5.074195e+00  
2.193605e+00  1.514202e+00  7.500900e-01  6.147500e-01  4.864100e-01  4.665900e-01  
1.622567e+01  1.633255e+01  1.641933e+01  1.651927e+01  1.663655e+01  1.680713e+01  
1.702047e+01  1.719774e+01  1.727735e+01  1.727306e+01  1.718484e+01  1.701790e+01  
1.679419e+01  1.655018e+01  1.612359e+01  1.571018e+01  1.542773e+01  1.522940e+01  
1.508814e+01  1.498239e+01  1.489346e+01  1.480402e+01  1.469567e+01  1.454590e+01  
1.432477e+01  1.399314e+01  1.350046e+01  1.288180e+01  1.231891e+01  1.181170e+01  
1.135946e+01  1.096155e+01  1.061790e+01  1.032764e+01  1.008971e+01  9.903580e+00  
9.768007e+00  9.682371e+00  9.646127e+00  9.650868e+00  9.684815e+00  9.732076e+00  
9.737198e+00  9.665075e+00  9.429436e+00  8.914805e+00  7.130621e+00  5.698667e+00  
2.586019e+00  1.753881e+00  8.316700e-01  6.636200e-01  4.990600e-01  4.664700e-01  
1.622586e+01  1.637606e+01  1.646464e+01  1.658221e+01  1.672852e+01  1.693367e+01  
1.715039e+01  1.728046e+01  1.733239e+01  1.729787e+01  1.716169e+01  1.696185e+01  
1.672168e+01  1.646411e+01  1.593251e+01  1.558295e+01  1.534012e+01  1.517010e+01  
1.504899e+01  1.495706e+01  1.487741e+01  1.479413e+01  1.468989e+01  1.454298e+01  
1.432401e+01  1.399419e+01  1.350321e+01  1.288657e+01  1.232566e+01  1.182029e+01  
1.136989e+01  1.097359e+01  1.063121e+01  1.034259e+01  1.010755e+01  9.925813e+00  
9.794757e+00  9.713120e+00  9.681653e+00  9.694621e+00  9.742907e+00  9.810102e+00  
9.846408e+00  9.806483e+00  9.637861e+00  9.211208e+00  7.540998e+00  6.161422e+00  
2.952794e+00  1.984078e+00  9.059300e-01  7.069100e-01  5.083000e-01  4.664000e-01  
