9.711052e-01  9.711060e-01  9.711064e-01  9.711072e-01  9.711083e-01  9.711102e-01  
9.711131e-01  9.711177e-01  9.711250e-01  9.711366e-01  9.711550e-01  9.711841e-01  
9.712302e-01  9.713034e-01  9.714192e-01  9.716029e-01  9.718939e-01  9.723553e-01  
9.730865e-01  9.742455e-01  9.760825e-01  9.789948e-01  9.836128e-01  9.909416e-01  
1.002594e+00  1.021206e+00  1.051077e+00  1.092125e+00  1.133782e+00  1.176018e+00  
1.218861e+00  1.262452e+00  1.307008e+00  1.352640e+00  1.399496e+00  1.447980e+00  
1.498810e+00  1.551980e+00  1.604930e+00  1.651700e+00  1.686480e+00  1.711440e+00  
1.730400e+00  1.739130e+00  1.752320e+00  1.766160e+00  1.772480e+00  1.773610e+00  
1.776000e+00  1.776030e+00  1.775200e+00  1.775200e+00  1.776190e+00  1.776220e+00  
1.332907e+00  1.332908e+00  1.332908e+00  1.332909e+00  1.332910e+00  1.332913e+00  
1.332916e+00  1.332921e+00  1.332929e+00  1.332942e+00  1.332962e+00  1.332994e+00  
1.333045e+00  1.333125e+00  1.333253e+00  1.333456e+00  1.333776e+00  1.334285e+00  
1.335091e+00  1.336369e+00  1.338394e+00  1.341605e+00  1.346700e+00  1.354795e+00  
1.367702e+00  1.388459e+00  1.422175e+00  1.469244e+00  1.517931e+00  1.568224e+00  
1.620052e+00  1.673315e+00  1.727883e+00  1.783481e+00  1.839791e+00  1.896340e+00  
1.952430e+00  2.007090e+00  2.059010e+00  2.106550e+00  2.147910e+00  2.182440e+00  
2.207040e+00  2.212140e+00  2.209750e+00  2.205380e+00  2.229380e+00  2.246290e+00  
2.241730e+00  2.237610e+00  2.236540e+00  2.237600e+00  2.238610e+00  2.239650e+00  
1.652346e+00  1.652347e+00  1.652348e+00  1.652349e+00  1.652350e+00  1.652352e+00  
1.652356e+00  1.652362e+00  1.652371e+00  1.652385e+00  1.652408e+00  1.652444e+00  
1.652502e+00  1.652594e+00  1.652738e+00  1.652968e+00  1.653331e+00  1.653908e+00  
1.654821e+00  1.656269e+00  1.658564e+00  1.662203e+00  1.667977e+00  1.677146e+00  
1.691757e+00  1.715209e+00  1.753173e+00  1.805953e+00  1.860269e+00  1.916049e+00  
1.973201e+00  2.031567e+00  2.090916e+00  2.150945e+00  2.211187e+00  2.271090e+00  
2.329790e+00  2.386180e+00  2.438770e+00  2.485790e+00  2.525520e+00  2.558020e+00  
2.581270e+00  2.586340e+00  2.584760e+00  2.581990e+00  2.608260e+00  2.625260e+00  
2.618560e+00  2.614370e+00  2.614300e+00  2.615430e+00  2.615470e+00  2.616530e+00  
2.188565e+00  2.188566e+00  2.188567e+00  2.188568e+00  2.188570e+00  2.188574e+00  
2.188578e+00  2.188586e+00  2.188599e+00  2.188619e+00  2.188650e+00  2.188700e+00  
2.188778e+00  2.188903e+00  2.189101e+00  2.189415e+00  2.189912e+00  2.190699e+00  
2.191947e+00  2.193925e+00  2.197061e+00  2.202031e+00  2.209908e+00  2.222391e+00  
2.242158e+00  2.273413e+00  2.322709e+00  2.388895e+00  2.454058e+00  2.517909e+00  
2.580199e+00  2.640790e+00  2.699660e+00  2.756636e+00  2.811581e+00  2.864900e+00  
2.917600e+00  2.970160e+00  3.021030e+00  3.067130e+00  3.105300e+00  3.135300e+00  
3.158920e+00  3.169680e+00  3.180550e+00  3.189350e+00  3.197850e+00  3.199270e+00  
3.199520e+00  3.200180e+00  3.201730e+00  3.201710e+00  3.199910e+00  3.199980e+00  
2.628329e+00  2.628331e+00  2.628332e+00  2.628334e+00  2.628336e+00  2.628340e+00  
2.628347e+00  2.628357e+00  2.628374e+00  2.628400e+00  2.628441e+00  2.628507e+00  
2.628611e+00  2.628777e+00  2.629038e+00  2.629453e+00  2.630110e+00  2.631152e+00  
2.632804e+00  2.635422e+00  2.639570e+00  2.646143e+00  2.656548e+00  2.672982e+00  
2.698795e+00  2.738792e+00  2.799560e+00  2.876971e+00  2.948251e+00  3.013333e+00  
3.072770e+00  3.128034e+00  3.181273e+00  3.232863e+00  3.282678e+00  3.330930e+00  
3.378180e+00  3.424510e+00  3.468530e+00  3.507690e+00  3.539890e+00  3.566970e+00  
3.591240e+00  3.602590e+00  3.615190e+00  3.626050e+00  3.634710e+00  3.636200e+00  
3.633230e+00  3.634080e+00  3.638640e+00  3.639020e+00  3.633730e+00  3.633870e+00  
3.004326e+00  3.004328e+00  3.004329e+00  3.004331e+00  3.004335e+00  3.004340e+00  
3.004348e+00  3.004360e+00  3.004380e+00  3.004412e+00  3.004462e+00  3.004542e+00  
3.004668e+00  3.004868e+00  3.005185e+00  3.005687e+00  3.006483e+00  3.007746e+00  
3.009746e+00  3.012918e+00  3.017941e+00  3.025899e+00  3.038486e+00  3.058326e+00  
3.089323e+00  3.136699e+00  3.206807e+00  3.292602e+00  3.367238e+00  3.430911e+00  
3.484984e+00  3.532508e+00  3.577683e+00  3.621447e+00  3.663727e+00  3.704710e+00  
3.744810e+00  3.784000e+00  3.820990e+00  3.853460e+00  3.879720e+00  3.902630e+00  
3.925900e+00  3.938210e+00  3.952110e+00  3.963940e+00  3.972770e+00  3.974030e+00  
3.969100e+00  3.970210e+00  3.976580e+00  3.977100e+00  3.969630e+00  3.969840e+00  
3.333536e+00  3.333539e+00  3.333540e+00  3.333542e+00  3.333546e+00  3.333552e+00  
3.333561e+00  3.333575e+00  3.333598e+00  3.333634e+00  3.333691e+00  3.333782e+00  
3.333926e+00  3.334153e+00  3.334515e+00  3.335087e+00  3.335994e+00  3.337431e+00  
3.339709e+00  3.343320e+00  3.349042e+00  3.358102e+00  3.372424e+00  3.394966e+00  
3.430049e+00  3.483130e+00  3.560130e+00  3.651429e+00  3.727021e+00  3.787443e+00  
3.834810e+00  3.873604e+00  3.909804e+00  3.944868e+00  3.978787e+00  4.011760e+00  
4.044160e+00  4.075910e+00  4.105860e+00  4.131790e+00  4.152340e+00  4.171100e+00  
4.192800e+00  4.205440e+00  4.219840e+00  4.231940e+00  4.240670e+00  4.241770e+00  
4.235910e+00  4.237120e+00  4.244300e+00  4.244900e+00  4.236450e+00  4.236690e+00  
3.890686e+00  3.890689e+00  3.890690e+00  3.890693e+00  3.890697e+00  3.890704e+00  
3.890714e+00  3.890731e+00  3.890757e+00  3.890798e+00  3.890864e+00  3.890968e+00  
3.891133e+00  3.891395e+00  3.891808e+00  3.892466e+00  3.893507e+00  3.895158e+00  
3.897774e+00  3.901920e+00  3.908490e+00  3.918890e+00  3.935320e+00  3.961125e+00  
4.001066e+00  4.060630e+00  4.144531e+00  4.239257e+00  4.311439e+00  4.362149e+00  
4.394781e+00  4.415859e+00  4.434024e+00  4.451416e+00  4.468193e+00  4.484730e+00  
4.501560e+00  4.518740e+00  4.535360e+00  4.549460e+00  4.560040e+00  4.571300e+00  
4.588790e+00  4.600520e+00  4.613640e+00  4.624230e+00  4.632150e+00  4.633170e+00  
4.627970e+00  4.629040e+00  4.635390e+00  4.635910e+00  4.628440e+00  4.628670e+00  
4.351608e+00  4.351611e+00  4.351613e+00  4.351615e+00  4.351620e+00  4.351627e+00  
4.351638e+00  4.351655e+00  4.351682e+00  4.351725e+00  4.351794e+00  4.351903e+00  
4.352075e+00  4.352348e+00  4.352781e+00  4.353467e+00  4.354554e+00  4.356278e+00  
4.359011e+00  4.363342e+00  4.370205e+00  4.381068e+00  4.398219e+00  4.425111e+00  
4.466554e+00  4.527640e+00  4.611641e+00  4.702633e+00  4.766693e+00  4.805448e+00  
4.823080e+00  4.827476e+00  4.828743e+00  4.829491e+00  4.830053e+00  4.831030e+00  
4.833250e+00  4.837020e+00  4.841700e+00  4.845540e+00  4.847760e+00  4.852440e+00  
4.864910e+00  4.874390e+00  4.884290e+00  4.891670e+00  4.898220e+00  4.899320e+00  
4.896680e+00  4.897330e+00  4.900990e+00  4.901290e+00  4.897030e+00  4.897180e+00  
5.228825e+00  5.228828e+00  5.228830e+00  5.228834e+00  5.228839e+00  5.228847e+00  
5.228859e+00  5.228879e+00  5.228911e+00  5.228961e+00  5.229040e+00  5.229166e+00  
5.229366e+00  5.229683e+00  5.230185e+00  5.230979e+00  5.232241e+00  5.234240e+00  
5.237410e+00  5.242433e+00  5.250390e+00  5.262965e+00  5.282733e+00  5.313368e+00  
5.359118e+00  5.420797e+00  5.490262e+00  5.542665e+00  5.559050e+00  5.555881e+00  
5.539175e+00  5.514910e+00  5.490061e+00  5.464219e+00  5.434242e+00  5.399453e+00  
5.365730e+00  5.337750e+00  5.315710e+00  5.298180e+00  5.284570e+00  5.278140e+00  
5.277700e+00  5.276170e+00  5.274600e+00  5.274170e+00  5.275560e+00  5.276620e+00  
5.282110e+00  5.281290e+00  5.276620e+00  5.276350e+00  5.282140e+00  5.281940e+00  
5.901468e+00  5.901470e+00  5.901471e+00  5.901473e+00  5.901477e+00  5.901481e+00  
5.901489e+00  5.901502e+00  5.901521e+00  5.901553e+00  5.901602e+00  5.901680e+00  
5.901804e+00  5.902001e+00  5.902313e+00  5.902807e+00  5.903592e+00  5.904837e+00  
5.906812e+00  5.909945e+00  5.914913e+00  5.922776e+00  5.935150e+00  5.954358e+00  
5.983156e+00  6.022492e+00  6.067809e+00  6.100668e+00  6.101207e+00  6.072815e+00  
6.021664e+00  5.957747e+00  5.893102e+00  5.830912e+00  5.772137e+00  5.717359e+00  
5.667740e+00  5.623720e+00  5.585280e+00  5.551240e+00  5.521050e+00  5.497000e+00  
5.481320e+00  5.474920e+00  5.463520e+00  5.450990e+00  5.447750e+00  5.448970e+00  
5.460990e+00  5.459120e+00  5.447160e+00  5.446190e+00  5.460630e+00  5.460240e+00  
6.847880e+00  6.847881e+00  6.847881e+00  6.847882e+00  6.847883e+00  6.847884e+00  
6.847887e+00  6.847891e+00  6.847898e+00  6.847908e+00  6.847924e+00  6.847949e+00  
6.847991e+00  6.848056e+00  6.848158e+00  6.848322e+00  6.848583e+00  6.848998e+00  
6.849662e+00  6.850721e+00  6.852410e+00  6.855081e+00  6.859226e+00  6.865358e+00  
6.873346e+00  6.879541e+00  6.872447e+00  6.835955e+00  6.770242e+00  6.679751e+00  
6.571605e+00  6.456299e+00  6.345513e+00  6.242659e+00  6.148223e+00  6.061734e+00  
5.982700e+00  5.910400e+00  5.844550e+00  5.784030e+00  5.728220e+00  5.678930e+00  
5.637460e+00  5.617050e+00  5.589150e+00  5.562280e+00  5.549270e+00  5.549250e+00  
5.567140e+00  5.563980e+00  5.544590e+00  5.543010e+00  5.566220e+00  5.565570e+00  
7.650058e+00  7.650055e+00  7.650054e+00  7.650051e+00  7.650047e+00  7.650041e+00  
7.650031e+00  7.650015e+00  7.649989e+00  7.649949e+00  7.649884e+00  7.649783e+00  
7.649623e+00  7.649368e+00  7.648965e+00  7.648327e+00  7.647319e+00  7.645724e+00  
7.643205e+00  7.639228e+00  7.632946e+00  7.623018e+00  7.607285e+00  7.582277e+00  
7.542455e+00  7.479076e+00  7.378751e+00  7.244153e+00  7.111104e+00  6.979769e+00  
6.850399e+00  6.723344e+00  6.598527e+00  6.476722e+00  6.358891e+00  6.245004e+00  
6.135970e+00  6.032810e+00  5.936200e+00  5.847460e+00  5.767660e+00  5.695940e+00  
5.633980e+00  5.610070e+00  5.593330e+00  5.580630e+00  5.531610e+00  5.511900e+00  
5.534420e+00  5.535060e+00  5.517780e+00  5.516950e+00  5.540140e+00  5.537100e+00  
8.137668e+00  8.137664e+00  8.137662e+00  8.137659e+00  8.137653e+00  8.137644e+00  
8.137631e+00  8.137609e+00  8.137574e+00  8.137519e+00  8.137431e+00  8.137293e+00  
8.137073e+00  8.136726e+00  8.136177e+00  8.135307e+00  8.133930e+00  8.131755e+00  
8.128319e+00  8.122896e+00  8.114329e+00  8.100779e+00  8.079294e+00  8.045138e+00  
7.990808e+00  7.904664e+00  7.769167e+00  7.588707e+00  7.411858e+00  7.238936e+00  
7.070243e+00  6.906073e+00  6.746716e+00  6.592974e+00  6.446105e+00  6.306041e+00  
6.173940e+00  6.051360e+00  5.939080e+00  5.838580e+00  5.750560e+00  5.671670e+00  
5.600480e+00  5.570430e+00  5.545690e+00  5.524040e+00  5.461040e+00  5.436380e+00  
5.457440e+00  5.460520e+00  5.447930e+00  5.446510e+00  5.462240e+00  5.459700e+00  
8.524875e+00  8.524870e+00  8.524868e+00  8.524863e+00  8.524857e+00  8.524846e+00  
8.524829e+00  8.524802e+00  8.524758e+00  8.524690e+00  8.524582e+00  8.524410e+00  
8.524140e+00  8.523710e+00  8.523030e+00  8.521954e+00  8.520254e+00  8.517567e+00  
8.513323e+00  8.506623e+00  8.496040e+00  8.479297e+00  8.452727e+00  8.410475e+00  
8.343302e+00  8.237056e+00  8.070618e+00  7.850032e+00  7.635136e+00  7.426327e+00  
7.223916e+00  7.028018e+00  6.839274e+00  6.658639e+00  6.487247e+00  6.325142e+00  
6.173524e+00  6.034380e+00  5.908550e+00  5.797610e+00  5.701990e+00  5.616620e+00  
5.538090e+00  5.503730e+00  5.473820e+00  5.446650e+00  5.373980e+00  5.344500e+00  
5.360520e+00  5.366220e+00  5.360720e+00  5.358750e+00  5.364150e+00  5.362300e+00  
8.961848e+00  8.961846e+00  8.961844e+00  8.961842e+00  8.961839e+00  8.961834e+00  
8.961826e+00  8.961813e+00  8.961792e+00  8.961759e+00  8.961707e+00  8.961624e+00  
8.961494e+00  8.961288e+00  8.960964e+00  8.960451e+00  8.959646e+00  8.958382e+00  
8.956401e+00  8.953293e+00  8.948388e+00  8.940537e+00  8.927640e+00  8.905514e+00  
8.864456e+00  8.777869e+00  8.590310e+00  8.282922e+00  7.954565e+00  7.647366e+00  
7.367087e+00  7.112210e+00  6.881377e+00  6.672606e+00  6.481207e+00  6.303214e+00  
6.138217e+00  5.986580e+00  5.847130e+00  5.716890e+00  5.592030e+00  5.466830e+00  
5.346810e+00  5.297140e+00  5.251090e+00  5.215110e+00  5.174160e+00  5.162300e+00  
5.140550e+00  5.141780e+00  5.153500e+00  5.154140e+00  5.138630e+00  5.139280e+00  
9.388520e+00  9.388516e+00  9.388514e+00  9.388510e+00  9.388505e+00  9.388497e+00  
9.388484e+00  9.388464e+00  9.388432e+00  9.388380e+00  9.388300e+00  9.388171e+00  
9.387968e+00  9.387648e+00  9.387141e+00  9.386343e+00  9.385088e+00  9.383116e+00  
9.380021e+00  9.375157e+00  9.367469e+00  9.355172e+00  9.335131e+00  9.301496e+00  
9.241852e+00  9.124995e+00  8.888267e+00  8.516156e+00  8.128494e+00  7.769498e+00  
7.444439e+00  7.151122e+00  6.887146e+00  6.649616e+00  6.432135e+00  6.229818e+00  
6.042104e+00  5.869440e+00  5.710890e+00  5.563130e+00  5.421610e+00  5.277930e+00  
5.139960e+00  5.085210e+00  5.035310e+00  4.996070e+00  4.949230e+00  4.934960e+00  
4.905140e+00  4.907360e+00  4.925220e+00  4.926210e+00  4.902960e+00  4.903920e+00  
1.009598e+01  1.009597e+01  1.009597e+01  1.009596e+01  1.009595e+01  1.009594e+01  
1.009591e+01  1.009587e+01  1.009581e+01  1.009571e+01  1.009555e+01  1.009530e+01  
1.009490e+01  1.009428e+01  1.009330e+01  1.009175e+01  1.008931e+01  1.008547e+01  
1.007944e+01  1.006993e+01  1.005487e+01  1.003077e+01  9.991829e+00  9.928123e+00  
9.821488e+00  9.633358e+00  9.293332e+00  8.799198e+00  8.308100e+00  7.859771e+00  
7.456970e+00  7.096532e+00  6.774800e+00  6.485266e+00  6.218352e+00  5.967762e+00  
5.734406e+00  5.519464e+00  5.322390e+00  5.138630e+00  4.963870e+00  4.794210e+00  
4.632930e+00  4.560500e+00  4.491220e+00  4.437410e+00  4.380660e+00  4.365470e+00  
4.345360e+00  4.345400e+00  4.352480e+00  4.352810e+00  4.342650e+00  4.343000e+00  
1.064416e+01  1.064415e+01  1.064414e+01  1.064413e+01  1.064411e+01  1.064408e+01  
1.064403e+01  1.064395e+01  1.064383e+01  1.064364e+01  1.064333e+01  1.064285e+01  
1.064208e+01  1.064086e+01  1.063894e+01  1.063591e+01  1.063114e+01  1.062362e+01  
1.061177e+01  1.059306e+01  1.056334e+01  1.051596e+01  1.044030e+01  1.031988e+01  
1.013009e+01  9.836367e+00  9.393034e+00  8.831396e+00  8.312445e+00  7.833832e+00  
7.393132e+00  6.988545e+00  6.619272e+00  6.282524e+00  5.974719e+00  5.691830e+00  
5.428722e+00  5.182370e+00  4.954061e+00  4.743930e+00  4.550400e+00  4.367500e+00  
4.190370e+00  4.104180e+00  4.017800e+00  3.949030e+00  3.884950e+00  3.875010e+00  
3.868930e+00  3.864850e+00  3.856270e+00  3.856580e+00  3.866570e+00  3.865860e+00  
1.109072e+01  1.109070e+01  1.109070e+01  1.109068e+01  1.109066e+01  1.109062e+01  
1.109057e+01  1.109048e+01  1.109034e+01  1.109012e+01  1.108977e+01  1.108921e+01  
1.108833e+01  1.108693e+01  1.108474e+01  1.108129e+01  1.107587e+01  1.106736e+01  
1.105394e+01  1.103265e+01  1.099863e+01  1.094403e+01  1.085637e+01  1.071628e+01  
1.049308e+01  1.013912e+01  9.586693e+00  8.873687e+00  8.219990e+00  7.642100e+00  
7.133711e+00  6.682468e+00  6.277159e+00  5.908865e+00  5.567800e+00  5.247835e+00  
4.948420e+00  4.669150e+00  4.408926e+00  4.165070e+00  3.935220e+00  3.723000e+00  
3.525490e+00  3.426960e+00  3.329790e+00  3.255400e+00  3.184970e+00  3.168540e+00  
3.162020e+00  3.159030e+00  3.151070e+00  3.150490e+00  3.158620e+00  3.158070e+00  
1.145272e+01  1.145270e+01  1.145269e+01  1.145267e+01  1.145264e+01  1.145259e+01  
1.145252e+01  1.145241e+01  1.145222e+01  1.145192e+01  1.145146e+01  1.145072e+01  
1.144957e+01  1.144773e+01  1.144486e+01  1.144034e+01  1.143324e+01  1.142208e+01  
1.140443e+01  1.137631e+01  1.133124e+01  1.125881e+01  1.114300e+01  1.095938e+01  
1.067176e+01  1.023522e+01  9.597698e+00  8.817283e+00  8.123408e+00  7.505832e+00  
6.957121e+00  6.467043e+00  6.026015e+00  5.627548e+00  5.265401e+00  4.932587e+00  
4.620404e+00  4.323112e+00  4.041280e+00  3.776733e+00  3.530200e+00  3.298820e+00  
3.082920e+00  2.981800e+00  2.884070e+00  2.808980e+00  2.734520e+00  2.715710e+00  
2.698230e+00  2.696890e+00  2.698080e+00  2.698120e+00  2.694730e+00  2.694780e+00  
1.166773e+01  1.166771e+01  1.166770e+01  1.166767e+01  1.166764e+01  1.166759e+01  
1.166751e+01  1.166738e+01  1.166718e+01  1.166686e+01  1.166633e+01  1.166553e+01  
1.166425e+01  1.166224e+01  1.165909e+01  1.165414e+01  1.164639e+01  1.163419e+01  
1.161483e+01  1.158384e+01  1.153391e+01  1.145351e+01  1.132508e+01  1.112150e+01  
1.080338e+01  1.032400e+01  9.630998e+00  8.790313e+00  8.052061e+00  7.401649e+00  
6.828109e+00  6.318128e+00  5.858881e+00  5.442908e+00  5.064079e+00  4.715597e+00  
4.389131e+00  4.079167e+00  3.785866e+00  3.510377e+00  3.253560e+00  3.012510e+00  
2.786900e+00  2.681080e+00  2.579570e+00  2.502230e+00  2.425460e+00  2.406170e+00  
2.387700e+00  2.386410e+00  2.388240e+00  2.388330e+00  2.384040e+00  2.384370e+00  
1.182068e+01  1.182066e+01  1.182064e+01  1.182062e+01  1.182059e+01  1.182053e+01  
1.182045e+01  1.182031e+01  1.182010e+01  1.181974e+01  1.181920e+01  1.181835e+01  
1.181700e+01  1.181488e+01  1.181157e+01  1.180638e+01  1.179826e+01  1.178546e+01  
1.176507e+01  1.173222e+01  1.167909e+01  1.159343e+01  1.145666e+01  1.123970e+01  
1.090141e+01  1.039382e+01  9.664153e+00  8.782727e+00  8.014022e+00  7.340938e+00  
6.749334e+00  6.223915e+00  5.750249e+00  5.320432e+00  4.928432e+00  4.567642e+00  
4.230182e+00  3.910741e+00  3.609301e+00  3.326572e+00  3.063100e+00  2.815950e+00  
2.583190e+00  2.473140e+00  2.367100e+00  2.286240e+00  2.207620e+00  2.188360e+00  
2.171980e+00  2.170330e+00  2.169970e+00  2.169890e+00  2.168160e+00  2.168540e+00  
1.202381e+01  1.202379e+01  1.202377e+01  1.202375e+01  1.202371e+01  1.202365e+01  
1.202355e+01  1.202341e+01  1.202318e+01  1.202282e+01  1.202225e+01  1.202135e+01  
1.201994e+01  1.201774e+01  1.201431e+01  1.200897e+01  1.200063e+01  1.198742e+01  
1.196612e+01  1.193143e+01  1.187482e+01  1.178356e+01  1.163759e+01  1.140585e+01  
1.104564e+01  1.050756e+01  9.738012e+00  8.810876e+00  8.006577e+00  7.306300e+00  
6.691550e+00  6.144895e+00  5.650827e+00  5.201346e+00  4.790566e+00  4.412271e+00  
4.059124e+00  3.726212e+00  3.413063e+00  3.119787e+00  2.845873e+00  2.587990e+00  
2.342250e+00  2.224440e+00  2.110340e+00  2.023140e+00  1.939680e+00  1.919620e+00  
1.905030e+00  1.902920e+00  1.899960e+00  1.899670e+00  1.901010e+00  1.901030e+00  
1.215264e+01  1.215261e+01  1.215260e+01  1.215258e+01  1.215254e+01  1.215248e+01  
1.215239e+01  1.215224e+01  1.215201e+01  1.215164e+01  1.215106e+01  1.215016e+01  
1.214875e+01  1.214657e+01  1.214318e+01  1.213796e+01  1.212978e+01  1.211669e+01  
1.209530e+01  1.206001e+01  1.200216e+01  1.190883e+01  1.175899e+01  1.152127e+01  
1.115250e+01  1.060247e+01  9.816928e+00  8.870432e+00  8.050094e+00  7.336025e+00  
6.708255e+00  6.148654e+00  5.641751e+00  5.179770e+00  4.756946e+00  4.367180e+00  
4.003394e+00  3.660739e+00  3.338443e+00  3.036099e+00  2.752304e+00  2.482704e+00  
2.223410e+00  2.097830e+00  1.976120e+00  1.882890e+00  1.792620e+00  1.770570e+00  
1.754030e+00  1.751840e+00  1.749180e+00  1.748910e+00  1.749820e+00  1.749350e+00  
1.233755e+01  1.233752e+01  1.233751e+01  1.233749e+01  1.233745e+01  1.233739e+01  
1.233730e+01  1.233716e+01  1.233693e+01  1.233657e+01  1.233601e+01  1.233515e+01  
1.233383e+01  1.233184e+01  1.232884e+01  1.232424e+01  1.231692e+01  1.230472e+01  
1.228392e+01  1.224861e+01  1.219054e+01  1.209588e+01  1.194316e+01  1.170192e+01  
1.132899e+01  1.077404e+01  9.981275e+00  9.024849e+00  8.197016e+00  7.471915e+00  
6.831495e+00  6.258608e+00  5.738913e+00  5.264629e+00  4.829579e+00  4.427073e+00  
4.049231e+00  3.690717e+00  3.350778e+00  3.029043e+00  2.723171e+00  2.425748e+00  
2.131290e+00  1.984410e+00  1.837940e+00  1.722100e+00  1.609360e+00  1.581100e+00  
1.558060e+00  1.555470e+00  1.553710e+00  1.553470e+00  1.552740e+00  1.552410e+00  
1.243729e+01  1.243727e+01  1.243725e+01  1.243723e+01  1.243719e+01  1.243714e+01  
1.243705e+01  1.243691e+01  1.243668e+01  1.243633e+01  1.243582e+01  1.243503e+01  
1.243386e+01  1.243214e+01  1.242964e+01  1.242581e+01  1.241941e+01  1.240808e+01  
1.238778e+01  1.235298e+01  1.229518e+01  1.219977e+01  1.204630e+01  1.180487e+01  
1.143324e+01  1.088271e+01  1.009489e+01  9.145688e+00  8.324664e+00  7.602203e+00  
6.962534e+00  6.389996e+00  5.871385e+00  5.398473e+00  4.964207e+00  4.560600e+00  
4.178119e+00  3.810506e+00  3.457761e+00  3.120764e+00  2.797149e+00  2.476434e+00  
2.148224e+00  1.978710e+00  1.801780e+00  1.655970e+00  1.517370e+00  1.483660e+00  
1.456690e+00  1.453260e+00  1.449990e+00  1.449580e+00  1.449670e+00  1.450620e+00  
1.253906e+01  1.253904e+01  1.253902e+01  1.253900e+01  1.253897e+01  1.253890e+01  
1.253881e+01  1.253869e+01  1.253848e+01  1.253818e+01  1.253773e+01  1.253712e+01  
1.253630e+01  1.253528e+01  1.253389e+01  1.253151e+01  1.252659e+01  1.251630e+01  
1.249673e+01  1.246257e+01  1.240363e+01  1.230616e+01  1.215061e+01  1.190791e+01  
1.153847e+01  1.099573e+01  1.022759e+01  9.310258e+00  8.517559e+00  7.819721e+00  
7.200577e+00  6.643791e+00  6.135419e+00  5.668018e+00  5.235737e+00  4.831965e+00  
4.448514e+00  4.078999e+00  3.720426e+00  3.368612e+00  3.017066e+00  2.654091e+00  
2.264146e+00  2.052232e+00  1.821300e+00  1.619620e+00  1.418660e+00  1.376520e+00  
1.350000e+00  1.345230e+00  1.336300e+00  1.335350e+00  1.339940e+00  1.342500e+00  
1.257109e+01  1.257107e+01  1.257105e+01  1.257103e+01  1.257100e+01  1.257095e+01  
1.257086e+01  1.257074e+01  1.257056e+01  1.257031e+01  1.256998e+01  1.256960e+01  
1.256928e+01  1.256908e+01  1.256888e+01  1.256784e+01  1.256413e+01  1.255463e+01  
1.253614e+01  1.250207e+01  1.244223e+01  1.234394e+01  1.218817e+01  1.194748e+01  
1.158426e+01  1.104993e+01  1.030945e+01  9.425725e+00  8.659930e+00  7.985680e+00  
7.386954e+00  6.847471e+00  6.352992e+00  5.896364e+00  5.472057e+00  5.073590e+00  
4.692792e+00  4.323033e+00  3.961083e+00  3.602163e+00  3.237512e+00  2.849137e+00  
2.411523e+00  2.161919e+00  1.879120e+00  1.625560e+00  1.370650e+00  1.318970e+00  
1.292690e+00  1.287180e+00  1.273600e+00  1.272130e+00  1.280460e+00  1.283110e+00  
1.257086e+01  1.257084e+01  1.257083e+01  1.257080e+01  1.257076e+01  1.257072e+01  
1.257064e+01  1.257053e+01  1.257039e+01  1.257021e+01  1.257002e+01  1.256995e+01  
1.257019e+01  1.257090e+01  1.257184e+01  1.257202e+01  1.256918e+01  1.256065e+01  
1.254304e+01  1.250863e+01  1.244835e+01  1.234995e+01  1.219518e+01  1.195862e+01  
1.160290e+01  1.108147e+01  1.036486e+01  9.511775e+00  8.770392e+00  8.116981e+00  
7.536106e+00  7.011780e+00  6.529790e+00  6.083290e+00  5.667062e+00  5.274904e+00  
4.898753e+00  4.531912e+00  4.170748e+00  3.809773e+00  3.438087e+00  3.032427e+00  
2.558248e+00  2.277931e+00  1.950601e+00  1.652130e+00  1.347170e+00  1.284530e+00  
1.255960e+00  1.250090e+00  1.233630e+00  1.231660e+00  1.241840e+00  1.243680e+00  
1.255586e+01  1.255584e+01  1.255583e+01  1.255581e+01  1.255578e+01  1.255573e+01  
1.255566e+01  1.255557e+01  1.255546e+01  1.255536e+01  1.255535e+01  1.255562e+01  
1.255647e+01  1.255809e+01  1.256008e+01  1.256126e+01  1.255908e+01  1.255153e+01  
1.253418e+01  1.249922e+01  1.243841e+01  1.233975e+01  1.218612e+01  1.195368e+01  
1.160254e+01  1.109894e+01  1.040548e+01  9.579221e+00  8.859547e+00  8.224230e+00  
7.658675e+00  7.147332e+00  6.676343e+00  6.239124e+00  5.830777e+00  5.445278e+00  
5.074758e+00  4.712465e+00  4.354360e+00  3.994173e+00  3.619141e+00  3.201508e+00  
2.698687e+00  2.392954e+00  2.027641e+00  1.689150e+00  1.337640e+00  1.263340e+00  
1.230280e+00  1.224100e+00  1.205840e+00  1.203460e+00  1.214380e+00  1.215130e+00  
1.251045e+01  1.251043e+01  1.251042e+01  1.251040e+01  1.251037e+01  1.251033e+01  
1.251028e+01  1.251023e+01  1.251021e+01  1.251031e+01  1.251071e+01  1.251178e+01  
1.251393e+01  1.251724e+01  1.252107e+01  1.252358e+01  1.252276e+01  1.251649e+01  
1.249844e+01  1.246219e+01  1.239996e+01  1.230053e+01  1.214936e+01  1.192375e+01  
1.158345e+01  1.111342e+01  1.046158e+01  9.679901e+00  8.996406e+00  8.390801e+00  
7.850134e+00  7.360017e+00  6.907473e+00  6.486479e+00  6.092624e+00  5.720329e+00  
5.362101e+00  5.011180e+00  4.662745e+00  4.309016e+00  3.933899e+00  3.502057e+00  
2.956798e+00  2.610628e+00  2.182906e+00  1.777018e+00  1.346290e+00  1.247310e+00  
1.191860e+00  1.184960e+00  1.171150e+00  1.169740e+00  1.178700e+00  1.176280e+00  
1.234765e+01  1.234763e+01  1.234762e+01  1.234761e+01  1.234758e+01  1.234756e+01  
1.234754e+01  1.234755e+01  1.234765e+01  1.234801e+01  1.234896e+01  1.235098e+01  
1.235453e+01  1.235955e+01  1.236506e+01  1.236893e+01  1.237013e+01  1.236507e+01  
1.234757e+01  1.231254e+01  1.225295e+01  1.215980e+01  1.202189e+01  1.181402e+01  
1.151600e+01  1.110472e+01  1.052064e+01  9.797400e+00  9.144674e+00  8.550390e+00  
8.009921e+00  7.517731e+00  7.069132e+00  6.659034e+00  6.281634e+00  5.929563e+00  
5.592639e+00  5.261501e+00  4.929629e+00  4.586000e+00  4.209061e+00  3.753494e+00  
3.156407e+00  2.778703e+00  2.324015e+00  1.891998e+00  1.389810e+00  1.247290e+00  
1.159010e+00  1.156350e+00  1.156520e+00  1.153820e+00  1.144760e+00  1.150950e+00  
1.234591e+01  1.234588e+01  1.234587e+01  1.234587e+01  1.234586e+01  1.234586e+01  
1.234591e+01  1.234607e+01  1.234654e+01  1.234767e+01  1.235006e+01  1.235438e+01  
1.236079e+01  1.236873e+01  1.237610e+01  1.238210e+01  1.238418e+01  1.237632e+01  
1.235441e+01  1.231335e+01  1.224704e+01  1.214973e+01  1.200765e+01  1.179766e+01  
1.152262e+01  1.113699e+01  1.058635e+01  9.903866e+00  9.288803e+00  8.730620e+00  
8.225047e+00  7.766929e+00  7.351772e+00  6.974516e+00  6.629137e+00  6.307588e+00  
5.998185e+00  5.690687e+00  5.379294e+00  5.054431e+00  4.697306e+00  4.266784e+00  
3.677392e+00  3.262257e+00  2.696656e+00  2.117991e+00  1.448300e+00  1.265060e+00  
1.153480e+00  1.139010e+00  1.114830e+00  1.111670e+00  1.115490e+00  1.114490e+00  
1.228772e+01  1.228771e+01  1.228770e+01  1.228769e+01  1.228770e+01  1.228774e+01  
1.228789e+01  1.228828e+01  1.228923e+01  1.229132e+01  1.229535e+01  1.230187e+01  
1.231072e+01  1.232039e+01  1.232936e+01  1.233690e+01  1.233755e+01  1.232680e+01  
1.230082e+01  1.225473e+01  1.218497e+01  1.208671e+01  1.193502e+01  1.174449e+01  
1.148991e+01  1.112953e+01  1.061160e+01  9.968073e+00  9.386111e+00  8.856942e+00  
8.376980e+00  7.941881e+00  7.547772e+00  7.190294e+00  6.864134e+00  6.561993e+00  
6.273009e+00  5.987401e+00  5.699177e+00  5.398024e+00  5.062757e+00  4.645779e+00  
4.049569e+00  3.616306e+00  3.011874e+00  2.366861e+00  1.550570e+00  1.309210e+00  
1.144030e+00  1.123570e+00  1.098110e+00  1.094570e+00  1.096380e+00  1.094990e+00  
1.216951e+01  1.216950e+01  1.216950e+01  1.216952e+01  1.216958e+01  1.216973e+01  
1.217015e+01  1.217115e+01  1.217337e+01  1.217773e+01  1.218498e+01  1.219524e+01  
1.220722e+01  1.221919e+01  1.223102e+01  1.223762e+01  1.223418e+01  1.221751e+01  
1.218364e+01  1.213062e+01  1.205768e+01  1.194440e+01  1.180796e+01  1.164298e+01  
1.141842e+01  1.109664e+01  1.062926e+01  1.004434e+01  9.511000e+00  9.022835e+00  
8.577495e+00  8.171996e+00  7.803808e+00  7.469980e+00  7.166970e+00  6.889722e+00  
6.630500e+00  6.381567e+00  6.136638e+00  5.883202e+00  5.593401e+00  5.200777e+00  
4.588172e+00  4.132282e+00  3.497541e+00  2.791754e+00  1.779205e+00  1.439380e+00  
1.140150e+00  1.104020e+00  1.083390e+00  1.079640e+00  1.066840e+00  1.074540e+00  
1.215473e+01  1.215473e+01  1.215474e+01  1.215479e+01  1.215491e+01  1.215524e+01  
1.215604e+01  1.215784e+01  1.216157e+01  1.216825e+01  1.217832e+01  1.219129e+01  
1.220494e+01  1.221922e+01  1.223128e+01  1.223488e+01  1.222693e+01  1.220387e+01  
1.216297e+01  1.210505e+01  1.202378e+01  1.190471e+01  1.178049e+01  1.162589e+01  
1.141226e+01  1.110349e+01  1.065325e+01  1.008973e+01  9.576271e+00  9.107373e+00  
8.680920e+00  8.294276e+00  7.945163e+00  7.630960e+00  7.348378e+00  7.092665e+00  
6.856243e+00  6.631758e+00  6.413741e+00  6.190828e+00  5.936482e+00  5.584823e+00  
5.011491e+00  4.564270e+00  3.912161e+00  3.147148e+00  1.968703e+00  1.552450e+00  
1.160870e+00  1.106830e+00  1.070890e+00  1.066670e+00  1.056980e+00  1.063880e+00  
1.215252e+01  1.215252e+01  1.215255e+01  1.215264e+01  1.215285e+01  1.215339e+01  
1.215465e+01  1.215741e+01  1.216277e+01  1.217162e+01  1.218412e+01  1.219877e+01  
1.221405e+01  1.222985e+01  1.224032e+01  1.224084e+01  1.222834e+01  1.219928e+01  
1.215330e+01  1.209202e+01  1.199297e+01  1.188550e+01  1.176871e+01  1.162054e+01  
1.141338e+01  1.111211e+01  1.067180e+01  1.012082e+01  9.619475e+00  9.162863e+00  
8.748902e+00  8.375202e+00  8.039603e+00  7.739653e+00  7.472295e+00  7.232836e+00  
7.013749e+00  6.807911e+00  6.610631e+00  6.411768e+00  6.186544e+00  5.871319e+00  
5.339480e+00  4.908415e+00  4.255453e+00  3.454337e+00  2.145688e+00  1.661600e+00  
1.185480e+00  1.114430e+00  1.062850e+00  1.057950e+00  1.051720e+00  1.057370e+00  
1.214304e+01  1.214306e+01  1.214311e+01  1.214324e+01  1.214357e+01  1.214436e+01  
1.214618e+01  1.214998e+01  1.215698e+01  1.216782e+01  1.218227e+01  1.219811e+01  
1.221509e+01  1.223119e+01  1.223962e+01  1.223707e+01  1.222016e+01  1.218613e+01  
1.213672e+01  1.207163e+01  1.196506e+01  1.186583e+01  1.175566e+01  1.161409e+01  
1.141444e+01  1.112224e+01  1.069297e+01  1.015372e+01  9.660930e+00  9.210889e+00  
8.802271e+00  8.433593e+00  8.103716e+00  7.810928e+00  7.552912e+00  7.326167e+00  
7.124783e+00  6.941799e+00  6.768806e+00  6.587359e+00  6.369005e+00  6.066242e+00  
5.575377e+00  5.182348e+00  4.578029e+00  3.784435e+00  2.319773e+00  1.747412e+00  
1.194740e+00  1.118290e+00  1.065800e+00  1.058400e+00  1.054270e+00  1.052990e+00  
1.213711e+01  1.213716e+01  1.213725e+01  1.213751e+01  1.213812e+01  1.213954e+01  
1.214265e+01  1.214871e+01  1.215875e+01  1.217306e+01  1.219004e+01  1.220819e+01  
1.222753e+01  1.224173e+01  1.224600e+01  1.223723e+01  1.221197e+01  1.217069e+01  
1.211662e+01  1.202588e+01  1.193335e+01  1.184432e+01  1.174243e+01  1.160863e+01  
1.141712e+01  1.113424e+01  1.071593e+01  1.018861e+01  9.706127e+00  9.266689e+00  
8.869313e+00  8.512857e+00  8.196502e+00  7.918427e+00  7.676123e+00  7.466341e+00  
7.284592e+00  7.125233e+00  6.980567e+00  6.832650e+00  6.653959e+00  6.399406e+00  
5.967536e+00  5.607030e+00  5.030561e+00  4.231761e+00  2.636143e+00  1.954771e+00  
1.238810e+00  1.136270e+00  1.063160e+00  1.056240e+00  1.046220e+00  1.047480e+00  
1.213637e+01  1.213646e+01  1.213663e+01  1.213703e+01  1.213800e+01  1.214019e+01  
1.214477e+01  1.215308e+01  1.216586e+01  1.218278e+01  1.220140e+01  1.222189e+01  
1.224145e+01  1.225286e+01  1.225287e+01  1.223797e+01  1.220591e+01  1.215983e+01  
1.209899e+01  1.199793e+01  1.191470e+01  1.183192e+01  1.173491e+01  1.160517e+01  
1.141755e+01  1.113933e+01  1.072799e+01  1.021028e+01  9.736829e+00  9.305403e+00  
8.915277e+00  8.565892e+00  8.257087e+00  7.987714e+00  7.755971e+00  7.559010e+00  
7.391523e+00  7.247719e+00  7.121366e+00  6.997115e+00  6.849834e+00  6.634454e+00  
6.251245e+00  5.921232e+00  5.379655e+00  4.596378e+00  2.910384e+00  2.144225e+00  
1.288020e+00  1.156590e+00  1.063170e+00  1.055080e+00  1.041690e+00  1.044120e+00  
1.214479e+01  1.214504e+01  1.214543e+01  1.214637e+01  1.214852e+01  1.215308e+01  
1.216154e+01  1.217488e+01  1.219305e+01  1.221359e+01  1.223633e+01  1.225942e+01  
1.227498e+01  1.227927e+01  1.226873e+01  1.224057e+01  1.219797e+01  1.214427e+01  
1.204495e+01  1.196606e+01  1.189583e+01  1.182252e+01  1.173268e+01  1.160860e+01  
1.142599e+01  1.115329e+01  1.074968e+01  1.024219e+01  9.778868e+00  9.357871e+00  
8.978426e+00  8.640040e+00  8.342686e+00  8.085582e+00  7.867681e+00  7.687182e+00  
7.540297e+00  7.422944e+00  7.330837e+00  7.251084e+00  7.161215e+00  7.017275e+00  
6.722462e+00  6.445834e+00  5.966098e+00  5.241701e+00  3.504734e+00  2.566702e+00  
1.398010e+00  1.213330e+00  1.070410e+00  1.054430e+00  1.040710e+00  1.039590e+00  
1.214837e+01  1.214885e+01  1.214957e+01  1.215123e+01  1.215488e+01  1.216209e+01  
1.217420e+01  1.219171e+01  1.221300e+01  1.223634e+01  1.226214e+01  1.228324e+01  
1.229408e+01  1.229121e+01  1.227085e+01  1.223400e+01  1.218605e+01  1.210005e+01  
1.201480e+01  1.194668e+01  1.188404e+01  1.181638e+01  1.173082e+01  1.161013e+01  
1.143050e+01  1.116067e+01  1.076029e+01  1.025761e+01  9.799370e+00  9.383952e+00  
9.010566e+00  8.678740e+00  8.388515e+00  8.139231e+00  7.930129e+00  7.759720e+00  
7.624654e+00  7.521523e+00  7.447087e+00  7.390086e+00  7.330972e+00  7.231684e+00  
7.006771e+00  6.781252e+00  6.368600e+00  5.702478e+00  3.943955e+00  2.911423e+00  
1.516280e+00  1.279690e+00  1.079240e+00  1.056340e+00  1.035320e+00  1.037320e+00  
1.215089e+01  1.215203e+01  1.215364e+01  1.215720e+01  1.216437e+01  1.217672e+01  
1.219495e+01  1.221781e+01  1.224302e+01  1.227145e+01  1.229644e+01  1.231132e+01  
1.231251e+01  1.229591e+01  1.226169e+01  1.221577e+01  1.213579e+01  1.204615e+01  
1.197923e+01  1.192331e+01  1.186966e+01  1.180867e+01  1.172817e+01  1.161164e+01  
1.143587e+01  1.116997e+01  1.077379e+01  1.027606e+01  9.822334e+00  9.411606e+00  
9.043357e+00  8.717540e+00  8.434402e+00  8.193237e+00  7.993044e+00  7.832544e+00  
7.709647e+00  7.622404e+00  7.568878e+00  7.539798e+00  7.520498e+00  7.485268e+00  
7.358957e+00  7.193529e+00  6.847643e+00  6.261963e+00  4.626807e+00  3.498293e+00  
1.723540e+00  1.400150e+00  1.101760e+00  1.066530e+00  1.035880e+00  1.035020e+00  
1.215095e+01  1.215302e+01  1.215580e+01  1.216166e+01  1.217242e+01  1.218925e+01  
1.221195e+01  1.223765e+01  1.226682e+01  1.229635e+01  1.231730e+01  1.232573e+01  
1.231744e+01  1.228988e+01  1.224792e+01  1.219481e+01  1.208846e+01  1.201465e+01  
1.195757e+01  1.190877e+01  1.186032e+01  1.180306e+01  1.172532e+01  1.161098e+01  
1.143727e+01  1.117356e+01  1.077992e+01  1.028482e+01  9.833598e+00  9.425727e+00  
9.060727e+00  8.738298e+00  8.458540e+00  8.221042e+00  8.025318e+00  7.870496e+00  
7.754468e+00  7.675594e+00  7.632916e+00  7.618975e+00  7.621815e+00  7.620118e+00  
7.551686e+00  7.433240e+00  7.152076e+00  6.637188e+00  5.096863e+00  3.950245e+00  
1.923209e+00  1.519380e+00  1.125900e+00  1.076200e+00  1.036250e+00  1.033860e+00  
1.215071e+01  1.215396e+01  1.215813e+01  1.216644e+01  1.218056e+01  1.220121e+01  
1.222670e+01  1.225506e+01  1.228704e+01  1.231467e+01  1.233141e+01  1.233341e+01  
1.231627e+01  1.228113e+01  1.223485e+01  1.214692e+01  1.205799e+01  1.199358e+01  
1.194308e+01  1.189909e+01  1.185405e+01  1.179921e+01  1.172320e+01  1.161027e+01  
1.143785e+01  1.117556e+01  1.078360e+01  1.029011e+01  9.840319e+00  9.434208e+00  
9.071176e+00  8.750856e+00  8.473147e+00  8.237948e+00  8.045032e+00  7.893719e+00  
7.781949e+00  7.708224e+00  7.672285e+00  7.667902e+00  7.685001e+00  7.705184e+00  
7.675947e+00  7.591337e+00  7.360357e+00  6.903652e+00  5.453630e+00  4.316239e+00  
2.108794e+00  1.633430e+00  1.150790e+00  1.086470e+00  1.037550e+00  1.033160e+00  
1.215158e+01  1.215623e+01  1.216195e+01  1.217270e+01  1.218986e+01  1.221360e+01  
1.224099e+01  1.227211e+01  1.230496e+01  1.232988e+01  1.234234e+01  1.233795e+01  
1.231338e+01  1.227298e+01  1.222335e+01  1.211540e+01  1.203720e+01  1.197939e+01  
1.193364e+01  1.189300e+01  1.185024e+01  1.179680e+01  1.172160e+01  1.160898e+01  
1.143657e+01  1.117445e+01  1.078374e+01  1.029299e+01  9.846077e+00  9.441934e+00  
9.080121e+00  8.760550e+00  8.483519e+00  8.249150e+00  8.057463e+00  7.908119e+00  
7.799448e+00  7.730241e+00  7.700230e+00  7.702817e+00  7.728513e+00  7.763176e+00  
7.763181e+00  7.704055e+00  7.511713e+00  7.102337e+00  5.736192e+00  4.620967e+00  
2.287530e+00  1.740259e+00  1.173560e+00  1.099580e+00  1.039270e+00  1.032700e+00  
1.215183e+01  1.215987e+01  1.216888e+01  1.218419e+01  1.220660e+01  1.223433e+01  
1.226534e+01  1.230049e+01  1.233114e+01  1.235048e+01  1.235433e+01  1.233826e+01  
1.230288e+01  1.225652e+01  1.216481e+01  1.207305e+01  1.200809e+01  1.195944e+01  
1.192033e+01  1.188440e+01  1.184485e+01  1.179362e+01  1.171993e+01  1.160843e+01  
1.143698e+01  1.117580e+01  1.078630e+01  1.029725e+01  9.851828e+00  9.449294e+00  
9.089130e+00  8.771376e+00  8.496314e+00  8.264173e+00  8.075055e+00  7.928769e+00  
7.823786e+00  7.759227e+00  7.735313e+00  7.746347e+00  7.784501e+00  7.839331e+00  
7.877217e+00  7.852434e+00  7.717784e+00  7.385360e+00  6.162010e+00  5.094063e+00  
2.612600e+00  1.946688e+00  1.223470e+00  1.121700e+00  1.043180e+00  1.032110e+00  
1.215085e+01  1.216290e+01  1.217408e+01  1.219440e+01  1.222092e+01  1.225123e+01  
1.228590e+01  1.232046e+01  1.234922e+01  1.236404e+01  1.235798e+01  1.233202e+01  
1.229027e+01  1.223868e+01  1.212249e+01  1.204432e+01  1.198791e+01  1.194548e+01  
1.191087e+01  1.187811e+01  1.184083e+01  1.179129e+01  1.171903e+01  1.160893e+01  
1.143900e+01  1.117925e+01  1.079024e+01  1.030029e+01  9.853896e+00  9.451471e+00  
9.092505e+00  8.776621e+00  8.503777e+00  8.273956e+00  8.087216e+00  7.943168e+00  
7.840113e+00  7.777273e+00  7.755776e+00  7.771778e+00  7.819260e+00  7.887797e+00  
7.947332e+00  7.943820e+00  7.852904e+00  7.581215e+00  6.462796e+00  5.458720e+00  
2.898342e+00  2.136694e+00  1.275500e+00  1.141560e+00  1.048910e+00  1.031750e+00  
