9.210273e-01  9.210280e-01  9.210285e-01  9.210292e-01  9.210303e-01  9.210320e-01  
9.210348e-01  9.210391e-01  9.210461e-01  9.210571e-01  9.210744e-01  9.211020e-01  
9.211457e-01  9.212150e-01  9.213247e-01  9.214987e-01  9.217744e-01  9.222115e-01  
9.229042e-01  9.240021e-01  9.257424e-01  9.285014e-01  9.328773e-01  9.398237e-01  
9.508764e-01  9.685607e-01  9.970386e-01  1.036362e+00  1.076518e+00  1.117511e+00  
1.159363e+00  1.202232e+00  1.246316e+00  1.291779e+00  1.338805e+00  1.387850e+00  
1.439700e+00  1.494380e+00  1.549250e+00  1.598030e+00  1.633910e+00  1.656530e+00  
1.672560e+00  1.682990e+00  1.695680e+00  1.706310e+00  1.711170e+00  1.711690e+00  
1.713300e+00  1.713230e+00  1.712410e+00  1.712410e+00  1.713580e+00  1.713490e+00  
1.272649e+00  1.272650e+00  1.272650e+00  1.272651e+00  1.272652e+00  1.272654e+00  
1.272658e+00  1.272663e+00  1.272670e+00  1.272683e+00  1.272703e+00  1.272734e+00  
1.272784e+00  1.272863e+00  1.272987e+00  1.273185e+00  1.273499e+00  1.273996e+00  
1.274784e+00  1.276032e+00  1.278013e+00  1.281151e+00  1.286132e+00  1.294046e+00  
1.306668e+00  1.326981e+00  1.360012e+00  1.406196e+00  1.454069e+00  1.503619e+00  
1.554816e+00  1.607567e+00  1.661773e+00  1.717189e+00  1.773510e+00  1.830330e+00  
1.886970e+00  1.942500e+00  1.995640e+00  2.044690e+00  2.087730e+00  2.123520e+00  
2.147970e+00  2.151950e+00  2.147200e+00  2.139810e+00  2.160600e+00  2.177030e+00  
2.172650e+00  2.168640e+00  2.167610e+00  2.168600e+00  2.169260e+00  2.170350e+00  
1.584618e+00  1.584619e+00  1.584620e+00  1.584620e+00  1.584622e+00  1.584624e+00  
1.584628e+00  1.584633e+00  1.584642e+00  1.584657e+00  1.584679e+00  1.584715e+00  
1.584772e+00  1.584862e+00  1.585005e+00  1.585232e+00  1.585591e+00  1.586159e+00  
1.587061e+00  1.588490e+00  1.590756e+00  1.594349e+00  1.600048e+00  1.609103e+00  
1.623530e+00  1.646700e+00  1.684254e+00  1.736537e+00  1.790440e+00  1.845915e+00  
1.902875e+00  1.961179e+00  2.020626e+00  2.080902e+00  2.141596e+00  2.202170e+00  
2.261790e+00  2.319330e+00  2.373320e+00  2.421930e+00  2.463250e+00  2.496790e+00  
2.519590e+00  2.523360e+00  2.519270e+00  2.513470e+00  2.537220e+00  2.554140e+00  
2.547500e+00  2.543360e+00  2.543390e+00  2.544490e+00  2.544090e+00  2.545230e+00  
2.107780e+00  2.107781e+00  2.107782e+00  2.107783e+00  2.107786e+00  2.107789e+00  
2.107794e+00  2.107802e+00  2.107814e+00  2.107835e+00  2.107867e+00  2.107917e+00  
2.107998e+00  2.108125e+00  2.108326e+00  2.108646e+00  2.109152e+00  2.109955e+00  
2.111226e+00  2.113242e+00  2.116439e+00  2.121504e+00  2.129532e+00  2.142249e+00  
2.162374e+00  2.194153e+00  2.244159e+00  2.311065e+00  2.376714e+00  2.440840e+00  
2.503246e+00  2.563993e+00  2.623269e+00  2.681020e+00  2.737200e+00  2.792350e+00  
2.847640e+00  2.903540e+00  2.958000e+00  3.006560e+00  3.044800e+00  3.073110e+00  
3.094260e+00  3.103560e+00  3.113130e+00  3.121210e+00  3.129260e+00  3.130390e+00  
3.130230e+00  3.130910e+00  3.132600e+00  3.132570e+00  3.130580e+00  3.130640e+00  
2.542439e+00  2.542441e+00  2.542442e+00  2.542444e+00  2.542446e+00  2.542450e+00  
2.542457e+00  2.542467e+00  2.542483e+00  2.542510e+00  2.542551e+00  2.542616e+00  
2.542720e+00  2.542884e+00  2.543145e+00  2.543557e+00  2.544212e+00  2.545248e+00  
2.546892e+00  2.549497e+00  2.553625e+00  2.560167e+00  2.570522e+00  2.586880e+00  
2.612583e+00  2.652465e+00  2.713238e+00  2.790967e+00  2.862960e+00  2.929167e+00  
2.990128e+00  3.047316e+00  3.102872e+00  3.157120e+00  3.209826e+00  3.261030e+00  
3.310940e+00  3.359380e+00  3.405070e+00  3.445910e+00  3.479950e+00  3.507680e+00  
3.529720e+00  3.539040e+00  3.550200e+00  3.561150e+00  3.570950e+00  3.572060e+00  
3.568920e+00  3.569820e+00  3.574410e+00  3.574770e+00  3.569440e+00  3.569580e+00  
2.916160e+00  2.916162e+00  2.916163e+00  2.916165e+00  2.916168e+00  2.916173e+00  
2.916181e+00  2.916193e+00  2.916213e+00  2.916243e+00  2.916292e+00  2.916370e+00  
2.916493e+00  2.916687e+00  2.916995e+00  2.917484e+00  2.918258e+00  2.919486e+00  
2.921432e+00  2.924515e+00  2.929403e+00  2.937145e+00  2.949391e+00  2.968702e+00  
2.998907e+00  3.045239e+00  3.114323e+00  3.199875e+00  3.275552e+00  3.341486e+00  
3.398852e+00  3.450281e+00  3.499513e+00  3.547254e+00  3.593264e+00  3.637490e+00  
3.679990e+00  3.720530e+00  3.758310e+00  3.792300e+00  3.821610e+00  3.846690e+00  
3.868310e+00  3.878500e+00  3.891100e+00  3.903580e+00  3.914690e+00  3.915550e+00  
3.910630e+00  3.911810e+00  3.918130e+00  3.918610e+00  3.911220e+00  3.911440e+00  
3.244199e+00  3.244201e+00  3.244203e+00  3.244205e+00  3.244208e+00  3.244214e+00  
3.244223e+00  3.244236e+00  3.244258e+00  3.244293e+00  3.244348e+00  3.244435e+00  
3.244572e+00  3.244791e+00  3.245137e+00  3.245685e+00  3.246555e+00  3.247932e+00  
3.250117e+00  3.253578e+00  3.259066e+00  3.267754e+00  3.281493e+00  3.303124e+00  
3.336844e+00  3.388113e+00  3.463252e+00  3.553838e+00  3.630798e+00  3.694480e+00  
3.746609e+00  3.790927e+00  3.832544e+00  3.872545e+00  3.910754e+00  3.947120e+00  
3.981710e+00  4.014370e+00  4.044630e+00  4.072100e+00  4.096530e+00  4.118580e+00  
4.139310e+00  4.150030e+00  4.163410e+00  4.176590e+00  4.188280e+00  4.189040e+00  
4.183290e+00  4.184590e+00  4.191680e+00  4.192240e+00  4.183920e+00  4.184160e+00  
3.800264e+00  3.800267e+00  3.800268e+00  3.800271e+00  3.800275e+00  3.800281e+00  
3.800291e+00  3.800306e+00  3.800331e+00  3.800370e+00  3.800432e+00  3.800531e+00  
3.800687e+00  3.800935e+00  3.801327e+00  3.801949e+00  3.802935e+00  3.804497e+00  
3.806975e+00  3.810902e+00  3.817125e+00  3.826979e+00  3.842545e+00  3.867003e+00  
3.904933e+00  3.961841e+00  4.043036e+00  4.136735e+00  4.210892e+00  4.266278e+00  
4.305591e+00  4.334203e+00  4.359313e+00  4.382604e+00  4.404117e+00  4.424100e+00  
4.443010e+00  4.461110e+00  4.478210e+00  4.494230e+00  4.509370e+00  4.524960e+00  
4.543010e+00  4.553750e+00  4.566690e+00  4.578820e+00  4.589990e+00  4.590860e+00  
4.585860e+00  4.587030e+00  4.593350e+00  4.593830e+00  4.586440e+00  4.586680e+00  
4.260687e+00  4.260690e+00  4.260691e+00  4.260694e+00  4.260698e+00  4.260705e+00  
4.260715e+00  4.260731e+00  4.260757e+00  4.260798e+00  4.260863e+00  4.260966e+00  
4.261129e+00  4.261387e+00  4.261797e+00  4.262445e+00  4.263474e+00  4.265105e+00  
4.267691e+00  4.271790e+00  4.278286e+00  4.288570e+00  4.304804e+00  4.330267e+00  
4.369585e+00  4.427918e+00  4.509248e+00  4.599530e+00  4.666201e+00  4.710429e+00  
4.735591e+00  4.748221e+00  4.756833e+00  4.763579e+00  4.768775e+00  4.773070e+00  
4.777590e+00  4.783020e+00  4.789220e+00  4.795650e+00  4.802260e+00  4.811300e+00  
4.825860e+00  4.835590e+00  4.846260e+00  4.855280e+00  4.864480e+00  4.865720e+00  
4.863270e+00  4.864000e+00  4.867760e+00  4.868040e+00  4.863730e+00  4.863890e+00  
5.149915e+00  5.149918e+00  5.149919e+00  5.149922e+00  5.149925e+00  5.149932e+00  
5.149941e+00  5.149956e+00  5.149981e+00  5.150019e+00  5.150080e+00  5.150176e+00  
5.150329e+00  5.150571e+00  5.150955e+00  5.151565e+00  5.152530e+00  5.154063e+00  
5.156493e+00  5.160347e+00  5.166455e+00  5.176119e+00  5.191345e+00  5.215118e+00  
5.251425e+00  5.303723e+00  5.372158e+00  5.439758e+00  5.478192e+00  5.489615e+00  
5.478659e+00  5.453596e+00  5.424792e+00  5.395036e+00  5.365420e+00  5.337193e+00  
5.312630e+00  5.293060e+00  5.277930e+00  5.264860e+00  5.252570e+00  5.245590e+00  
5.249300e+00  5.254280e+00  5.256300e+00  5.254720e+00  5.256660e+00  5.258790e+00  
5.264390e+00  5.263730e+00  5.259240e+00  5.258880e+00  5.264450e+00  5.264310e+00  
5.809946e+00  5.809948e+00  5.809949e+00  5.809951e+00  5.809954e+00  5.809959e+00  
5.809967e+00  5.809980e+00  5.810000e+00  5.810031e+00  5.810081e+00  5.810160e+00  
5.810285e+00  5.810483e+00  5.810798e+00  5.811296e+00  5.812087e+00  5.813344e+00  
5.815337e+00  5.818501e+00  5.823516e+00  5.831444e+00  5.843900e+00  5.863223e+00  
5.892285e+00  5.932374e+00  5.979658e+00  6.016228e+00  6.021593e+00  5.998771e+00  
5.953470e+00  5.895074e+00  5.834923e+00  5.776280e+00  5.720434e+00  5.668636e+00  
5.623180e+00  5.585130e+00  5.553400e+00  5.524240e+00  5.495460e+00  5.473360e+00  
5.464960e+00  5.463880e+00  5.456480e+00  5.444320e+00  5.438470e+00  5.440950e+00  
5.453460e+00  5.451520e+00  5.439660e+00  5.438730e+00  5.453100e+00  5.452690e+00  
6.757447e+00  6.757448e+00  6.757449e+00  6.757449e+00  6.757451e+00  6.757453e+00  
6.757456e+00  6.757461e+00  6.757469e+00  6.757483e+00  6.757505e+00  6.757539e+00  
6.757594e+00  6.757681e+00  6.757818e+00  6.758038e+00  6.758387e+00  6.758945e+00  
6.759834e+00  6.761252e+00  6.763502e+00  6.767035e+00  6.772493e+00  6.780663e+00  
6.791846e+00  6.802885e+00  6.802658e+00  6.773887e+00  6.714045e+00  6.627731e+00  
6.522341e+00  6.408884e+00  6.299721e+00  6.198626e+00  6.106400e+00  6.023165e+00  
5.949350e+00  5.884480e+00  5.826710e+00  5.771210e+00  5.715260e+00  5.666840e+00  
5.634470e+00  5.621090e+00  5.597940e+00  5.570280e+00  5.551710e+00  5.553320e+00  
5.572200e+00  5.568830e+00  5.549070e+00  5.547510e+00  5.571230e+00  5.570520e+00  
7.579856e+00  7.579853e+00  7.579852e+00  7.579849e+00  7.579845e+00  7.579839e+00  
7.579830e+00  7.579814e+00  7.579790e+00  7.579751e+00  7.579689e+00  7.579591e+00  
7.579437e+00  7.579192e+00  7.578805e+00  7.578194e+00  7.577228e+00  7.575702e+00  
7.573295e+00  7.569492e+00  7.563473e+00  7.553915e+00  7.538709e+00  7.514534e+00  
7.476107e+00  7.415036e+00  7.318381e+00  7.188681e+00  7.060440e+00  6.933771e+00  
6.808964e+00  6.686307e+00  6.565774e+00  6.448119e+00  6.334277e+00  6.224221e+00  
6.118880e+00  6.019260e+00  5.926110e+00  5.840790e+00  5.764590e+00  5.697050e+00  
5.640580e+00  5.620090e+00  5.607240e+00  5.597240e+00  5.546090e+00  5.524120e+00  
5.547650e+00  5.548630e+00  5.530790e+00  5.529880e+00  5.554190e+00  5.550850e+00  
8.074946e+00  8.074942e+00  8.074940e+00  8.074937e+00  8.074932e+00  8.074923e+00  
8.074910e+00  8.074888e+00  8.074855e+00  8.074801e+00  8.074716e+00  8.074582e+00  
8.074370e+00  8.074034e+00  8.073503e+00  8.072663e+00  8.071336e+00  8.069241e+00  
8.065935e+00  8.060710e+00  8.052432e+00  8.039280e+00  8.018362e+00  7.985129e+00  
7.932364e+00  7.848795e+00  7.717358e+00  7.542232e+00  7.370547e+00  7.202608e+00  
7.038688e+00  6.879084e+00  6.724103e+00  6.574522e+00  6.431572e+00  6.295238e+00  
6.166640e+00  6.047340e+00  5.938180e+00  5.840700e+00  5.755760e+00  5.680430e+00  
5.613920e+00  5.586850e+00  5.565530e+00  5.546460e+00  5.482570e+00  5.456390e+00  
5.478240e+00  5.481510e+00  5.468380e+00  5.466910e+00  5.483650e+00  5.480890e+00  
8.466879e+00  8.466874e+00  8.466872e+00  8.466868e+00  8.466861e+00  8.466851e+00  
8.466834e+00  8.466808e+00  8.466766e+00  8.466700e+00  8.466594e+00  8.466428e+00  
8.466165e+00  8.465749e+00  8.465090e+00  8.464049e+00  8.462406e+00  8.459813e+00  
8.455719e+00  8.449247e+00  8.438986e+00  8.422671e+00  8.396731e+00  8.355525e+00  
8.290136e+00  8.186789e+00  8.024897e+00  7.810230e+00  7.600995e+00  7.397588e+00  
7.200289e+00  7.009259e+00  6.825089e+00  6.648745e+00  6.481333e+00  6.322938e+00  
6.174752e+00  6.038740e+00  5.915800e+00  5.807530e+00  5.714510e+00  5.632050e+00  
5.557220e+00  5.525200e+00  5.498060e+00  5.473280e+00  5.401650e+00  5.371790e+00  
5.388120e+00  5.393840e+00  5.388050e+00  5.386080e+00  5.392080e+00  5.390140e+00  
8.908770e+00  8.908768e+00  8.908767e+00  8.908765e+00  8.908761e+00  8.908756e+00  
8.908749e+00  8.908735e+00  8.908715e+00  8.908683e+00  8.908633e+00  8.908553e+00  
8.908428e+00  8.908230e+00  8.907919e+00  8.907430e+00  8.906666e+00  8.905470e+00  
8.903592e+00  8.900628e+00  8.895880e+00  8.888187e+00  8.875537e+00  8.853963e+00  
8.814176e+00  8.730582e+00  8.549862e+00  8.253192e+00  7.934782e+00  7.634554e+00  
7.358846e+00  7.107398e+00  6.880202e+00  6.675653e+00  6.489183e+00  6.316250e+00  
6.154547e+00  6.003390e+00  5.863040e+00  5.733940e+00  5.614910e+00  5.498190e+00  
5.380740e+00  5.326920e+00  5.280080e+00  5.248830e+00  5.213390e+00  5.200720e+00  
5.179090e+00  5.180540e+00  5.192400e+00  5.193010e+00  5.177320e+00  5.178020e+00  
9.344675e+00  9.344672e+00  9.344670e+00  9.344667e+00  9.344662e+00  9.344654e+00  
9.344642e+00  9.344622e+00  9.344591e+00  9.344541e+00  9.344463e+00  9.344339e+00  
9.344144e+00  9.343837e+00  9.343352e+00  9.342592e+00  9.341401e+00  9.339532e+00  
9.336593e+00  9.331934e+00  9.324475e+00  9.312448e+00  9.292859e+00  9.260074e+00  
9.201915e+00  9.087394e+00  8.854346e+00  8.487702e+00  8.107136e+00  7.757573e+00  
7.442907e+00  7.158750e+00  6.900583e+00  6.666422e+00  6.452129e+00  6.253803e+00  
6.069304e+00  5.897870e+00  5.739080e+00  5.591000e+00  5.451560e+00  5.316730e+00  
5.184930e+00  5.123440e+00  5.069680e+00  5.035390e+00  4.998760e+00  4.979040e+00  
4.952350e+00  4.956410e+00  4.972710e+00  4.972030e+00  4.949510e+00  4.950720e+00  
1.020124e+01  1.020123e+01  1.020122e+01  1.020121e+01  1.020120e+01  1.020117e+01  
1.020113e+01  1.020107e+01  1.020097e+01  1.020082e+01  1.020056e+01  1.020017e+01  
1.019956e+01  1.019857e+01  1.019703e+01  1.019459e+01  1.019075e+01  1.018469e+01  
1.017511e+01  1.015989e+01  1.013566e+01  1.009709e+01  1.003575e+01  9.938289e+00  
9.784457e+00  9.545497e+00  9.181669e+00  8.715990e+00  8.280974e+00  7.875143e+00  
7.497207e+00  7.146781e+00  6.823578e+00  6.526663e+00  6.254158e+00  6.003448e+00  
5.771584e+00  5.557266e+00  5.361620e+00  5.183820e+00  5.020970e+00  4.860930e+00  
4.693840e+00  4.611930e+00  4.540000e+00  4.492780e+00  4.441010e+00  4.424110e+00  
4.403580e+00  4.404010e+00  4.411600e+00  4.411800e+00  4.401210e+00  4.401420e+00  
1.062688e+01  1.062687e+01  1.062686e+01  1.062685e+01  1.062683e+01  1.062680e+01  
1.062675e+01  1.062667e+01  1.062655e+01  1.062636e+01  1.062606e+01  1.062558e+01  
1.062483e+01  1.062364e+01  1.062175e+01  1.061879e+01  1.061412e+01  1.060676e+01  
1.059509e+01  1.057650e+01  1.054689e+01  1.049974e+01  1.042465e+01  1.030530e+01  
1.011737e+01  9.826859e+00  9.388481e+00  8.833125e+00  8.320125e+00  7.847132e+00  
7.411808e+00  7.012415e+00  6.648180e+00  6.316421e+00  6.013705e+00  5.736105e+00  
5.478639e+00  5.238251e+00  5.016041e+00  4.811700e+00  4.622480e+00  4.439300e+00  
4.254990e+00  4.164770e+00  4.079630e+00  4.016230e+00  3.949120e+00  3.935050e+00  
3.932370e+00  3.929430e+00  3.919380e+00  3.918770e+00  3.929270e+00  3.928740e+00  
1.113310e+01  1.113308e+01  1.113307e+01  1.113306e+01  1.113303e+01  1.113300e+01  
1.113293e+01  1.113284e+01  1.113268e+01  1.113244e+01  1.113206e+01  1.113144e+01  
1.113048e+01  1.112898e+01  1.112659e+01  1.112286e+01  1.111697e+01  1.110766e+01  
1.109283e+01  1.106915e+01  1.103139e+01  1.097111e+01  1.087488e+01  1.072210e+01  
1.048225e+01  1.011407e+01  9.566032e+00  8.881810e+00  8.259418e+00  7.694688e+00  
7.184367e+00  6.723658e+00  6.308857e+00  5.935341e+00  5.597486e+00  5.289051e+00  
5.002127e+00  4.731299e+00  4.476838e+00  4.239130e+00  4.015590e+00  3.799420e+00  
3.587110e+00  3.485600e+00  3.391660e+00  3.322920e+00  3.248120e+00  3.230620e+00  
3.224470e+00  3.221830e+00  3.213560e+00  3.213060e+00  3.221040e+00  3.220560e+00  
1.144316e+01  1.144314e+01  1.144313e+01  1.144311e+01  1.144308e+01  1.144304e+01  
1.144296e+01  1.144285e+01  1.144267e+01  1.144238e+01  1.144193e+01  1.144122e+01  
1.144008e+01  1.143831e+01  1.143554e+01  1.143117e+01  1.142430e+01  1.141337e+01  
1.139587e+01  1.136793e+01  1.132333e+01  1.125192e+01  1.113782e+01  1.095712e+01  
1.067438e+01  1.024491e+01  9.616563e+00  8.845479e+00  8.158162e+00  7.545149e+00  
6.999538e+00  6.511895e+00  6.073214e+00  5.677115e+00  5.317327e+00  4.986754e+00  
4.676441e+00  4.380531e+00  4.099790e+00  3.836310e+00  3.590920e+00  3.360020e+00  
3.143220e+00  3.041270e+00  2.942960e+00  2.867880e+00  2.793810e+00  2.774630e+00  
2.756940e+00  2.755610e+00  2.756800e+00  2.756830e+00  2.753420e+00  2.753460e+00  
1.165190e+01  1.165188e+01  1.165187e+01  1.165185e+01  1.165181e+01  1.165176e+01  
1.165169e+01  1.165155e+01  1.165135e+01  1.165104e+01  1.165055e+01  1.164977e+01  
1.164854e+01  1.164662e+01  1.164361e+01  1.163889e+01  1.163142e+01  1.161949e+01  
1.160035e+01  1.156977e+01  1.152081e+01  1.144218e+01  1.131661e+01  1.111783e+01  
1.080728e+01  1.033827e+01  9.657444e+00  8.827453e+00  8.094770e+00  7.446414e+00  
6.872867e+00  6.362370e+00  5.903500e+00  5.488847e+00  5.111996e+00  4.765744e+00  
4.441169e+00  4.132426e+00  3.839995e+00  3.565560e+00  3.310140e+00  3.069830e+00  
2.843340e+00  2.736610e+00  2.634410e+00  2.557050e+00  2.480850e+00  2.461090e+00  
2.442320e+00  2.441050e+00  2.442900e+00  2.442980e+00  2.438630e+00  2.439120e+00  
1.180083e+01  1.180081e+01  1.180079e+01  1.180077e+01  1.180074e+01  1.180069e+01  
1.180059e+01  1.180046e+01  1.180025e+01  1.179992e+01  1.179940e+01  1.179858e+01  
1.179729e+01  1.179528e+01  1.179214e+01  1.178721e+01  1.177937e+01  1.176680e+01  
1.174660e+01  1.171428e+01  1.166233e+01  1.157873e+01  1.144529e+01  1.123397e+01  
1.090434e+01  1.040842e+01  9.691966e+00  8.821672e+00  8.058039e+00  7.385944e+00  
6.793052e+00  6.265898e+00  5.791689e+00  5.362601e+00  4.972260e+00  4.613639e+00  
4.278260e+00  3.960429e+00  3.660211e+00  3.378523e+00  3.115980e+00  2.869350e+00  
2.636450e+00  2.526070e+00  2.419560e+00  2.338290e+00  2.259310e+00  2.239680e+00  
2.223010e+00  2.221360e+00  2.220980e+00  2.220890e+00  2.219150e+00  2.219790e+00  
1.200139e+01  1.200137e+01  1.200135e+01  1.200133e+01  1.200129e+01  1.200124e+01  
1.200115e+01  1.200101e+01  1.200079e+01  1.200043e+01  1.199988e+01  1.199903e+01  
1.199769e+01  1.199561e+01  1.199238e+01  1.198728e+01  1.197910e+01  1.196586e+01  
1.194459e+01  1.191031e+01  1.185477e+01  1.176522e+01  1.162227e+01  1.139564e+01  
1.104323e+01  1.051572e+01  9.758197e+00  8.841413e+00  8.042140e+00  7.343254e+00  
6.727868e+00  6.180108e+00  5.685797e+00  5.237075e+00  4.827844e+00  4.451620e+00  
4.100741e+00  3.769950e+00  3.458572e+00  3.166387e+00  2.892785e+00  2.635150e+00  
2.390180e+00  2.272770e+00  2.158560e+00  2.070600e+00  1.985630e+00  1.965310e+00  
1.950480e+00  1.948320e+00  1.945310e+00  1.945010e+00  1.946370e+00  1.946510e+00  
1.213038e+01  1.213036e+01  1.213034e+01  1.213032e+01  1.213027e+01  1.213022e+01  
1.213012e+01  1.212998e+01  1.212975e+01  1.212940e+01  1.212885e+01  1.212799e+01  
1.212666e+01  1.212461e+01  1.212142e+01  1.211635e+01  1.210811e+01  1.209472e+01  
1.207313e+01  1.203803e+01  1.198074e+01  1.188838e+01  1.174056e+01  1.150625e+01  
1.114282e+01  1.060030e+01  9.823928e+00  8.886222e+00  8.071415e+00  7.360549e+00  
6.734592e+00  6.176267e+00  5.670752e+00  5.210400e+00  4.789444e+00  4.401728e+00  
4.040072e+00  3.699508e+00  3.379052e+00  3.077918e+00  2.794645e+00  2.525444e+00  
2.266940e+00  2.141770e+00  2.020050e+00  1.926230e+00  1.834550e+00  1.812240e+00  
1.795450e+00  1.793200e+00  1.790520e+00  1.790250e+00  1.791160e+00  1.790450e+00  
1.230785e+01  1.230782e+01  1.230780e+01  1.230778e+01  1.230774e+01  1.230768e+01  
1.230759e+01  1.230745e+01  1.230723e+01  1.230689e+01  1.230637e+01  1.230557e+01  
1.230438e+01  1.230256e+01  1.229972e+01  1.229501e+01  1.228718e+01  1.227438e+01  
1.225321e+01  1.221781e+01  1.215963e+01  1.206527e+01  1.191338e+01  1.167358e+01  
1.130311e+01  1.075193e+01  9.964732e+00  9.015440e+00  8.194060e+00  7.474854e+00  
6.839751e+00  6.271481e+00  5.755603e+00  5.284459e+00  4.852008e+00  4.451722e+00  
4.075902e+00  3.719297e+00  3.381168e+00  3.061121e+00  2.756810e+00  2.460689e+00  
2.167030e+00  2.020330e+00  1.873840e+00  1.757820e+00  1.644690e+00  1.616220e+00  
1.593020e+00  1.590420e+00  1.588660e+00  1.588410e+00  1.587660e+00  1.587090e+00  
1.239048e+01  1.239046e+01  1.239043e+01  1.239041e+01  1.239037e+01  1.239032e+01  
1.239023e+01  1.239010e+01  1.238989e+01  1.238957e+01  1.238911e+01  1.238843e+01  
1.238744e+01  1.238597e+01  1.238355e+01  1.237934e+01  1.237227e+01  1.236041e+01  
1.234000e+01  1.230516e+01  1.224762e+01  1.215317e+01  1.200135e+01  1.176265e+01  
1.139526e+01  1.085068e+01  1.007076e+01  9.130242e+00  8.315783e+00  7.598549e+00  
6.963137e+00  6.394177e+00  5.878727e+00  5.408704e+00  4.977118e+00  4.576109e+00  
4.196178e+00  3.831105e+00  3.480821e+00  3.146033e+00  2.824369e+00  2.505454e+00  
2.178876e+00  2.009890e+00  1.833010e+00  1.686920e+00  1.548390e+00  1.514780e+00  
1.487820e+00  1.484380e+00  1.481100e+00  1.480690e+00  1.480810e+00  1.482260e+00  
1.245830e+01  1.245828e+01  1.245826e+01  1.245824e+01  1.245821e+01  1.245815e+01  
1.245807e+01  1.245796e+01  1.245778e+01  1.245754e+01  1.245722e+01  1.245683e+01  
1.245633e+01  1.245553e+01  1.245388e+01  1.245081e+01  1.244532e+01  1.243495e+01  
1.241557e+01  1.238202e+01  1.232475e+01  1.223008e+01  1.207907e+01  1.184344e+01  
1.148433e+01  1.095530e+01  1.020266e+01  9.298442e+00  8.511751e+00  7.815452e+00  
7.195377e+00  6.637261e+00  6.128909e+00  5.663078e+00  5.233617e+00  4.833566e+00  
4.454293e+00  4.089030e+00  3.734486e+00  3.386032e+00  3.036996e+00  2.676351e+00  
2.288947e+00  2.078174e+00  1.847900e+00  1.646250e+00  1.444900e+00  1.402840e+00  
1.376750e+00  1.372110e+00  1.363230e+00  1.362250e+00  1.366830e+00  1.371220e+00  
1.241842e+01  1.241839e+01  1.241838e+01  1.241836e+01  1.241833e+01  1.241829e+01  
1.241822e+01  1.241813e+01  1.241802e+01  1.241788e+01  1.241779e+01  1.241778e+01  
1.241787e+01  1.241778e+01  1.241712e+01  1.241557e+01  1.241187e+01  1.240312e+01  
1.238591e+01  1.235467e+01  1.229973e+01  1.220932e+01  1.206602e+01  1.184439e+01  
1.150896e+01  1.101052e+01  1.030665e+01  9.447293e+00  8.683787e+00  7.997836e+00  
7.381011e+00  6.825048e+00  6.322749e+00  5.866862e+00  5.449615e+00  5.061899e+00  
4.692061e+00  4.331083e+00  3.975403e+00  3.620083e+00  3.256102e+00  2.865506e+00  
2.425263e+00  2.177729e+00  1.904050e+00  1.660380e+00  1.398240e+00  1.337320e+00  
1.315990e+00  1.312830e+00  1.298640e+00  1.296490e+00  1.305610e+00  1.310290e+00  
1.240218e+01  1.240216e+01  1.240215e+01  1.240213e+01  1.240210e+01  1.240207e+01  
1.240201e+01  1.240195e+01  1.240189e+01  1.240188e+01  1.240200e+01  1.240238e+01  
1.240297e+01  1.240347e+01  1.240374e+01  1.240340e+01  1.240078e+01  1.239290e+01  
1.237677e+01  1.234559e+01  1.229060e+01  1.220076e+01  1.205941e+01  1.184321e+01  
1.151721e+01  1.103432e+01  1.035738e+01  9.531450e+00  8.793747e+00  8.128816e+00  
7.529090e+00  6.987016e+00  6.495986e+00  6.049237e+00  5.639459e+00  5.257851e+00  
4.892982e+00  4.535651e+00  4.181648e+00  3.824653e+00  3.453157e+00  3.043838e+00  
2.565837e+00  2.288681e+00  1.974512e+00  1.690020e+00  1.375100e+00  1.299280e+00  
1.277420e+00  1.274810e+00  1.257520e+00  1.254630e+00  1.265910e+00  1.269770e+00  
1.237779e+01  1.237777e+01  1.237776e+01  1.237774e+01  1.237771e+01  1.237768e+01  
1.237764e+01  1.237761e+01  1.237761e+01  1.237773e+01  1.237811e+01  1.237887e+01  
1.237992e+01  1.238102e+01  1.238224e+01  1.238297e+01  1.238107e+01  1.237404e+01  
1.235841e+01  1.232682e+01  1.227152e+01  1.218176e+01  1.204192e+01  1.183034e+01  
1.150977e+01  1.104561e+01  1.039325e+01  9.595643e+00  8.880790e+00  8.234513e+00  
7.650159e+00  7.120726e+00  6.640138e+00  6.202081e+00  5.799633e+00  5.424375e+00  
5.065146e+00  4.712684e+00  4.362190e+00  4.006323e+00  3.631272e+00  3.208969e+00  
2.701287e+00  2.399553e+00  2.050722e+00  1.729520e+00  1.366000e+00  1.275600e+00  
1.250520e+00  1.248250e+00  1.229000e+00  1.225510e+00  1.237800e+00  1.240370e+00  
1.232519e+01  1.232516e+01  1.232516e+01  1.232515e+01  1.232513e+01  1.232511e+01  
1.232510e+01  1.232514e+01  1.232530e+01  1.232573e+01  1.232665e+01  1.232814e+01  
1.233001e+01  1.233242e+01  1.233538e+01  1.233769e+01  1.233688e+01  1.233116e+01  
1.231508e+01  1.228222e+01  1.222563e+01  1.213518e+01  1.199769e+01  1.179268e+01  
1.148260e+01  1.105121e+01  1.044036e+01  9.688370e+00  9.011196e+00  8.396190e+00  
7.837965e+00  7.330389e+00  6.868285e+00  6.446052e+00  6.057450e+00  5.694715e+00  
5.347268e+00  5.005908e+00  4.665034e+00  4.315595e+00  3.940250e+00  3.502858e+00  
2.952409e+00  2.612247e+00  2.206506e+00  1.821627e+00  1.370860e+00  1.252730e+00  
1.215770e+00  1.213310e+00  1.191880e+00  1.187590e+00  1.200210e+00  1.200250e+00  
1.234656e+01  1.234654e+01  1.234653e+01  1.234652e+01  1.234651e+01  1.234651e+01  
1.234653e+01  1.234666e+01  1.234701e+01  1.234778e+01  1.234924e+01  1.235132e+01  
1.235402e+01  1.235771e+01  1.236208e+01  1.236517e+01  1.236520e+01  1.235945e+01  
1.234157e+01  1.230624e+01  1.224644e+01  1.215280e+01  1.201358e+01  1.180323e+01  
1.150053e+01  1.108131e+01  1.048652e+01  9.752898e+00  9.093912e+00  8.497009e+00  
7.956951e+00  7.467630e+00  7.023783e+00  6.619646e+00  6.248578e+00  5.902077e+00  
5.568274e+00  5.237138e+00  4.903687e+00  4.560109e+00  4.191502e+00  3.766215e+00  
3.217468e+00  2.848033e+00  2.359975e+00  1.881599e+00  1.380230e+00  1.259480e+00  
1.199710e+00  1.190360e+00  1.167960e+00  1.165580e+00  1.171320e+00  1.174010e+00  
1.226142e+01  1.226140e+01  1.226141e+01  1.226140e+01  1.226142e+01  1.226148e+01  
1.226164e+01  1.226206e+01  1.226298e+01  1.226474e+01  1.226740e+01  1.227097e+01  
1.227604e+01  1.228268e+01  1.228932e+01  1.229423e+01  1.229572e+01  1.228793e+01  
1.226651e+01  1.222661e+01  1.216210e+01  1.206712e+01  1.192813e+01  1.172238e+01  
1.145202e+01  1.107210e+01  1.052866e+01  9.854272e+00  9.245449e+00  8.692026e+00  
8.189905e+00  7.734147e+00  7.320411e+00  6.943835e+00  6.598708e+00  6.277299e+00  
5.968528e+00  5.662591e+00  5.353989e+00  5.033588e+00  4.683206e+00  4.262776e+00  
3.686693e+00  3.277688e+00  2.714886e+00  2.135542e+00  1.464760e+00  1.281960e+00  
1.173190e+00  1.159210e+00  1.135230e+00  1.132260e+00  1.135450e+00  1.136020e+00  
1.220482e+01  1.220480e+01  1.220481e+01  1.220482e+01  1.220488e+01  1.220501e+01  
1.220537e+01  1.220616e+01  1.220776e+01  1.221043e+01  1.221414e+01  1.221937e+01  
1.222670e+01  1.223542e+01  1.224332e+01  1.224978e+01  1.225021e+01  1.223961e+01  
1.221437e+01  1.216970e+01  1.210181e+01  1.200585e+01  1.185754e+01  1.167050e+01  
1.141978e+01  1.106413e+01  1.055222e+01  9.915479e+00  9.338867e+00  8.813897e+00  
8.337076e+00  7.904208e+00  7.511569e+00  7.154931e+00  6.829192e+00  6.527333e+00  
6.238960e+00  5.954703e+00  5.668871e+00  5.371569e+00  5.042444e+00  4.635228e+00  
4.052801e+00  3.626317e+00  3.025674e+00  2.381151e+00  1.565490e+00  1.325050e+00  
1.163270e+00  1.143340e+00  1.117990e+00  1.114590e+00  1.115910e+00  1.115570e+00  
1.208898e+01  1.208899e+01  1.208901e+01  1.208907e+01  1.208922e+01  1.208959e+01  
1.209043e+01  1.209213e+01  1.209508e+01  1.209931e+01  1.210526e+01  1.211383e+01  
1.212464e+01  1.213548e+01  1.214593e+01  1.215209e+01  1.214859e+01  1.213241e+01  
1.209977e+01  1.204839e+01  1.197743e+01  1.186702e+01  1.173350e+01  1.157126e+01  
1.134976e+01  1.103171e+01  1.056909e+01  9.989545e+00  9.460466e+00  8.975661e+00  
8.532801e+00  8.129083e+00  7.762045e+00  7.428886e+00  7.126238e+00  6.849339e+00  
6.590849e+00  6.343467e+00  6.101050e+00  5.851395e+00  5.567056e+00  5.182044e+00  
4.579672e+00  4.129833e+00  3.501353e+00  2.800514e+00  1.792867e+00  1.454310e+00  
1.157980e+00  1.122760e+00  1.103000e+00  1.099130e+00  1.085660e+00  1.094030e+00  
1.207797e+01  1.207799e+01  1.207804e+01  1.207816e+01  1.207845e+01  1.207912e+01  
1.208056e+01  1.208323e+01  1.208734e+01  1.209305e+01  1.210142e+01  1.211279e+01  
1.212543e+01  1.213810e+01  1.214925e+01  1.215257e+01  1.214478e+01  1.212259e+01  
1.208313e+01  1.202695e+01  1.194787e+01  1.183175e+01  1.170982e+01  1.155735e+01  
1.134602e+01  1.104007e+01  1.059347e+01  1.003399e+01  9.523887e+00  9.057740e+00  
8.633406e+00  8.248392e+00  7.900459e+00  7.587077e+00  7.305075e+00  7.049912e+00  
6.814290e+00  6.591156e+00  6.375200e+00  6.155279e+00  5.905264e+00  5.559818e+00  
4.995428e+00  4.554021e+00  3.908802e+00  3.150398e+00  1.980253e+00  1.566360e+00  
1.178270e+00  1.125130e+00  1.090030e+00  1.085720e+00  1.075410e+00  1.082830e+00  
1.207850e+01  1.207854e+01  1.207862e+01  1.207882e+01  1.207928e+01  1.208032e+01  
1.208242e+01  1.208602e+01  1.209114e+01  1.209850e+01  1.210911e+01  1.212253e+01  
1.213641e+01  1.215065e+01  1.216057e+01  1.216090e+01  1.214883e+01  1.212094e+01  
1.207652e+01  1.201705e+01  1.192075e+01  1.181574e+01  1.170089e+01  1.155446e+01  
1.134913e+01  1.105004e+01  1.061250e+01  1.006477e+01  9.566183e+00  9.111850e+00  
8.699789e+00  8.327609e+00  7.993199e+00  7.694190e+00  7.427560e+00  7.188813e+00  
6.970586e+00  6.765958e+00  6.570389e+00  6.373927e+00  6.152124e+00  5.841902e+00  
5.317717e+00  4.892084e+00  4.246254e+00  3.452898e+00  2.155308e+00  1.674630e+00  
1.202540e+00  1.132380e+00  1.081630e+00  1.076660e+00  1.069870e+00  1.076000e+00  
1.206980e+01  1.206987e+01  1.206999e+01  1.207028e+01  1.207095e+01  1.207241e+01  
1.207520e+01  1.207959e+01  1.208575e+01  1.209482e+01  1.210744e+01  1.212217e+01  
1.213739e+01  1.215227e+01  1.216028e+01  1.215770e+01  1.214150e+01  1.210884e+01  
1.206110e+01  1.199797e+01  1.189443e+01  1.179744e+01  1.168909e+01  1.154923e+01  
1.135144e+01  1.106152e+01  1.063503e+01  1.009858e+01  9.607928e+00  9.159457e+00  
8.752018e+00  8.384339e+00  8.055492e+00  7.763795e+00  7.506898e+00  7.281333e+00  
7.081150e+00  6.899427e+00  6.727802e+00  6.548007e+00  6.331974e+00  6.033144e+00  
5.549492e+00  5.162016e+00  4.565219e+00  3.779527e+00  2.326243e+00  1.758833e+00  
1.212090e+00  1.136370e+00  1.084040e+00  1.076610e+00  1.072470e+00  1.071410e+00  
1.206867e+01  1.206881e+01  1.206904e+01  1.206956e+01  1.207073e+01  1.207311e+01  
1.207717e+01  1.208300e+01  1.209145e+01  1.210367e+01  1.211929e+01  1.213585e+01  
1.215342e+01  1.216695e+01  1.217089e+01  1.216245e+01  1.213833e+01  1.209856e+01  
1.204624e+01  1.195824e+01  1.186806e+01  1.178067e+01  1.167994e+01  1.154700e+01  
1.135623e+01  1.107416e+01  1.065709e+01  1.013182e+01  9.651416e+00  9.213897e+00  
8.818261e+00  8.463364e+00  8.148328e+00  7.871394e+00  7.630010e+00  7.421068e+00  
7.240058e+00  7.081400e+00  6.937584e+00  6.790877e+00  6.614148e+00  6.362656e+00  
5.935880e+00  5.579666e+00  5.010319e+00  4.220583e+00  2.639933e+00  1.964832e+00  
1.255370e+00  1.153670e+00  1.081090e+00  1.074140e+00  1.064190e+00  1.065610e+00  
1.206880e+01  1.206903e+01  1.206939e+01  1.207020e+01  1.207196e+01  1.207527e+01  
1.208044e+01  1.208771e+01  1.209850e+01  1.211346e+01  1.213082e+01  1.214929e+01  
1.216755e+01  1.217841e+01  1.217833e+01  1.216413e+01  1.213344e+01  1.208901e+01  
1.203012e+01  1.193213e+01  1.185092e+01  1.176955e+01  1.167351e+01  1.154449e+01  
1.135743e+01  1.107974e+01  1.066920e+01  1.015305e+01  9.681338e+00  9.251842e+00  
8.863765e+00  8.516270e+00  8.209015e+00  7.940820e+00  7.709958e+00  7.513608e+00  
7.346620e+00  7.203315e+00  7.077552e+00  6.954122e+00  6.808131e+00  6.594853e+00  
6.215637e+00  5.889525e+00  5.354931e+00  4.581208e+00  2.911855e+00  2.152655e+00  
1.303990e+00  1.173520e+00  1.080870e+00  1.072810e+00  1.059450e+00  1.062060e+00  
1.207592e+01  1.207650e+01  1.207729e+01  1.207903e+01  1.208238e+01  1.208776e+01  
1.209537e+01  1.210666e+01  1.212263e+01  1.214182e+01  1.216242e+01  1.218387e+01  
1.219874e+01  1.220277e+01  1.219279e+01  1.216596e+01  1.212502e+01  1.207317e+01  
1.197712e+01  1.190050e+01  1.183185e+01  1.175963e+01  1.167061e+01  1.154718e+01  
1.136519e+01  1.109324e+01  1.069076e+01  1.018506e+01  9.723679e+00  9.304702e+00  
8.927296e+00  8.590759e+00  8.294885e+00  8.038951e+00  7.821879e+00  7.641870e+00  
7.495213e+00  7.377921e+00  7.285784e+00  7.206190e+00  7.116891e+00  6.974072e+00  
6.681880e+00  6.408415e+00  5.935212e+00  5.220669e+00  3.501625e+00  2.571132e+00  
1.412570e+00  1.229440e+00  1.087850e+00  1.071790e+00  1.058230e+00  1.057240e+00  
1.209469e+01  1.209574e+01  1.209711e+01  1.209992e+01  1.210479e+01  1.211186e+01  
1.212217e+01  1.213725e+01  1.215691e+01  1.217834e+01  1.220192e+01  1.222206e+01  
1.223231e+01  1.222960e+01  1.221032e+01  1.217498e+01  1.212878e+01  1.204564e+01  
1.196296e+01  1.189644e+01  1.183469e+01  1.176728e+01  1.168135e+01  1.155962e+01  
1.137812e+01  1.110568e+01  1.070252e+01  1.019821e+01  9.740463e+00  9.327065e+00  
8.956687e+00  8.628181e+00  8.340815e+00  8.093641e+00  7.885468e+00  7.714268e+00  
7.575852e+00  7.467180e+00  7.388794e+00  7.337543e+00  7.297299e+00  7.210750e+00  
6.972098e+00  6.735671e+00  6.326342e+00  5.668844e+00  3.931207e+00  2.933404e+00  
1.525820e+00  1.289100e+00  1.096320e+00  1.075320e+00  1.055520e+00  1.054820e+00  
1.209744e+01  1.209977e+01  1.210255e+01  1.210750e+01  1.211482e+01  1.212543e+01  
1.214110e+01  1.216205e+01  1.218537e+01  1.221129e+01  1.223509e+01  1.224922e+01  
1.225038e+01  1.223477e+01  1.220206e+01  1.215791e+01  1.208071e+01  1.199398e+01  
1.192893e+01  1.187411e+01  1.182095e+01  1.175986e+01  1.167864e+01  1.156066e+01  
1.138258e+01  1.111370e+01  1.071475e+01  1.021583e+01  9.763449e+00  9.355539e+00  
8.990901e+00  8.668592e+00  8.388014e+00  8.148478e+00  7.949134e+00  7.788334e+00  
7.662465e+00  7.569483e+00  7.511335e+00  7.487545e+00  7.486554e+00  7.459384e+00  
7.312892e+00  7.139736e+00  6.809032e+00  6.241296e+00  4.594848e+00  3.502844e+00  
1.737751e+00  1.412020e+00  1.118380e+00  1.083470e+00  1.053870e+00  1.052390e+00  
1.209972e+01  1.210374e+01  1.210801e+01  1.211476e+01  1.212436e+01  1.213873e+01  
1.215896e+01  1.218302e+01  1.220954e+01  1.223724e+01  1.225725e+01  1.226528e+01  
1.225758e+01  1.223139e+01  1.219115e+01  1.213999e+01  1.203731e+01  1.196581e+01  
1.191018e+01  1.186218e+01  1.181394e+01  1.175631e+01  1.167754e+01  1.156136e+01  
1.138480e+01  1.111754e+01  1.072081e+01  1.022462e+01  9.774893e+00  9.369801e+00  
9.008201e+00  8.689191e+00  8.412213e+00  8.176745e+00  7.982070e+00  7.826777e+00  
7.707518e+00  7.622753e+00  7.575354e+00  7.566503e+00  7.587672e+00  7.596024e+00  
7.508332e+00  7.377735e+00  7.103112e+00  6.606719e+00  5.071972e+00  3.945207e+00  
1.934189e+00  1.531290e+00  1.142470e+00  1.092990e+00  1.054020e+00  1.051190e+00  
1.207924e+01  1.208523e+01  1.209088e+01  1.209917e+01  1.211128e+01  1.212915e+01  
1.215271e+01  1.217887e+01  1.220819e+01  1.223458e+01  1.225052e+01  1.225251e+01  
1.223646e+01  1.220292e+01  1.215854e+01  1.207381e+01  1.198801e+01  1.192574e+01  
1.187674e+01  1.183381e+01  1.178958e+01  1.173541e+01  1.166008e+01  1.154796e+01  
1.137665e+01  1.111592e+01  1.072609e+01  1.023512e+01  9.787485e+00  9.383283e+00  
9.021942e+00  8.703110e+00  8.426660e+00  8.192481e+00  8.000325e+00  7.849491e+00  
7.737920e+00  7.664164e+00  7.627904e+00  7.622902e+00  7.639079e+00  7.658120e+00  
7.628173e+00  7.543923e+00  7.314523e+00  6.862361e+00  5.431006e+00  4.305651e+00  
2.116634e+00  1.645340e+00  1.167280e+00  1.103650e+00  1.054590e+00  1.050470e+00  
1.208028e+01  1.208841e+01  1.209528e+01  1.210510e+01  1.211978e+01  1.214077e+01  
1.216647e+01  1.219482e+01  1.222548e+01  1.224932e+01  1.226119e+01  1.225724e+01  
1.223402e+01  1.219537e+01  1.214770e+01  1.204365e+01  1.196817e+01  1.191226e+01  
1.186782e+01  1.182812e+01  1.178606e+01  1.173323e+01  1.165864e+01  1.154678e+01  
1.137542e+01  1.111480e+01  1.072626e+01  1.023812e+01  9.793462e+00  9.391279e+00  
9.031136e+00  8.712994e+00  8.437183e+00  8.203803e+00  8.012886e+00  7.864061e+00  
7.755630e+00  7.686422e+00  7.656100e+00  7.658055e+00  7.682842e+00  7.716333e+00  
7.715117e+00  7.655710e+00  7.464199e+00  7.058615e+00  5.710068e+00  4.607438e+00  
2.293800e+00  1.751261e+00  1.189820e+00  1.116660e+00  1.056290e+00  1.049990e+00  
1.208065e+01  1.209326e+01  1.210224e+01  1.211542e+01  1.213485e+01  1.216054e+01  
1.218915e+01  1.222144e+01  1.225073e+01  1.226914e+01  1.227295e+01  1.225795e+01  
1.222422e+01  1.217979e+01  1.209146e+01  1.200298e+01  1.194025e+01  1.189316e+01  
1.185512e+01  1.181995e+01  1.178101e+01  1.173031e+01  1.165720e+01  1.154644e+01  
1.137604e+01  1.111639e+01  1.072903e+01  1.024247e+01  9.799335e+00  9.398770e+00  
9.040316e+00  8.723992e+00  8.450179e+00  8.219049e+00  8.030739e+00  7.884993e+00  
7.780298e+00  7.715739e+00  7.691525e+00  7.701938e+00  7.739231e+00  7.792799e+00  
7.828992e+00  7.803420e+00  7.668709e+00  7.338716e+00  6.130554e+00  5.075222e+00  
2.616020e+00  1.956159e+00  1.239250e+00  1.138600e+00  1.060060e+00  1.049390e+00  
1.207997e+01  1.209707e+01  1.210693e+01  1.212461e+01  1.214830e+01  1.217674e+01  
1.220834e+01  1.224076e+01  1.226827e+01  1.228242e+01  1.227693e+01  1.225239e+01  
1.221247e+01  1.216293e+01  1.205096e+01  1.197557e+01  1.192107e+01  1.187996e+01  
1.184625e+01  1.181414e+01  1.177735e+01  1.172826e+01  1.165647e+01  1.154698e+01  
1.137795e+01  1.111956e+01  1.073266e+01  1.024552e+01  9.801584e+00  9.401167e+00  
9.043801e+00  8.729267e+00  8.457653e+00  8.228931e+00  8.043051e+00  7.899562e+00  
7.796837e+00  7.734026e+00  7.712289e+00  7.727640e+00  7.774180e+00  7.841546e+00  
7.899428e+00  7.894725e+00  7.803220e+00  7.533110e+00  6.427487e+00  5.435428e+00  
2.899293e+00  2.144944e+00  1.290890e+00  1.158140e+00  1.065710e+00  1.049020e+00  
