6.527524e-01  6.527529e-01  6.527532e-01  6.527537e-01  6.527544e-01  6.527556e-01  
6.527575e-01  6.527604e-01  6.527651e-01  6.527726e-01  6.527844e-01  6.528031e-01  
6.528328e-01  6.528798e-01  6.529543e-01  6.530724e-01  6.532596e-01  6.535562e-01  
6.540263e-01  6.547716e-01  6.559531e-01  6.578274e-01  6.608038e-01  6.655446e-01  
6.731512e-01  6.855662e-01  7.062049e-01  7.357085e-01  7.668145e-01  7.992804e-01  
8.331452e-01  8.686281e-01  9.060106e-01  9.458495e-01  9.890536e-01  1.036540e+00  
1.088900e+00  1.145790e+00  1.204200e+00  1.256230e+00  1.292870e+00  1.312870e+00  
1.325280e+00  1.334750e+00  1.342860e+00  1.345550e+00  1.342290e+00  1.341160e+00  
1.340980e+00  1.340940e+00  1.340760e+00  1.340730e+00  1.340710e+00  1.340720e+00  
9.123463e-01  9.123471e-01  9.123475e-01  9.123483e-01  9.123494e-01  9.123512e-01  
9.123541e-01  9.123586e-01  9.123659e-01  9.123773e-01  9.123954e-01  9.124241e-01  
9.124697e-01  9.125418e-01  9.126561e-01  9.128374e-01  9.131246e-01  9.135799e-01  
9.143014e-01  9.154452e-01  9.172581e-01  9.201324e-01  9.246909e-01  9.319273e-01  
9.434421e-01  9.618670e-01  9.915373e-01  1.032525e+00  1.074515e+00  1.117624e+00  
1.162130e+00  1.208484e+00  1.257353e+00  1.308954e+00  1.363357e+00  1.420600e+00  
1.480500e+00  1.542330e+00  1.604150e+00  1.661880e+00  1.709790e+00  1.742040e+00  
1.751580e+00  1.748610e+00  1.749530e+00  1.755080e+00  1.755100e+00  1.753320e+00  
1.754420e+00  1.754910e+00  1.754750e+00  1.754590e+00  1.754900e+00  1.754690e+00  
1.160595e+00  1.160596e+00  1.160596e+00  1.160597e+00  1.160599e+00  1.160601e+00  
1.160605e+00  1.160610e+00  1.160619e+00  1.160634e+00  1.160656e+00  1.160692e+00  
1.160749e+00  1.160839e+00  1.160982e+00  1.161209e+00  1.161568e+00  1.162137e+00  
1.163039e+00  1.164469e+00  1.166734e+00  1.170328e+00  1.176025e+00  1.185069e+00  
1.199454e+00  1.222451e+00  1.259428e+00  1.310369e+00  1.362213e+00  1.414935e+00  
1.468513e+00  1.523047e+00  1.578787e+00  1.635889e+00  1.694641e+00  1.755750e+00  
1.820510e+00  1.889200e+00  1.958530e+00  2.020340e+00  2.065320e+00  2.090980e+00  
2.101100e+00  2.104380e+00  2.107630e+00  2.109950e+00  2.110480e+00  2.110640e+00  
2.111440e+00  2.111570e+00  2.111510e+00  2.111470e+00  2.111520e+00  2.111490e+00  
1.615940e+00  1.615941e+00  1.615942e+00  1.615943e+00  1.615945e+00  1.615948e+00  
1.615953e+00  1.615961e+00  1.615973e+00  1.615993e+00  1.616024e+00  1.616073e+00  
1.616151e+00  1.616274e+00  1.616469e+00  1.616779e+00  1.617270e+00  1.618047e+00  
1.619279e+00  1.621233e+00  1.624328e+00  1.629237e+00  1.637015e+00  1.649341e+00  
1.668870e+00  1.699787e+00  1.748646e+00  1.814389e+00  1.879401e+00  1.943608e+00  
2.007129e+00  2.070422e+00  2.134308e+00  2.198903e+00  2.264121e+00  2.330150e+00  
2.397400e+00  2.465430e+00  2.531260e+00  2.588660e+00  2.631390e+00  2.660190e+00  
2.676260e+00  2.679920e+00  2.685580e+00  2.692560e+00  2.696950e+00  2.697340e+00  
2.696020e+00  2.695780e+00  2.695970e+00  2.695990e+00  2.696020e+00  2.696000e+00  
2.020064e+00  2.020066e+00  2.020067e+00  2.020068e+00  2.020070e+00  2.020074e+00  
2.020080e+00  2.020090e+00  2.020105e+00  2.020129e+00  2.020166e+00  2.020226e+00  
2.020322e+00  2.020472e+00  2.020711e+00  2.021089e+00  2.021689e+00  2.022640e+00  
2.024146e+00  2.026534e+00  2.030318e+00  2.036316e+00  2.045816e+00  2.060847e+00  
2.084568e+00  2.121763e+00  2.179545e+00  2.255511e+00  2.328481e+00  2.398382e+00  
2.465634e+00  2.531325e+00  2.597099e+00  2.663150e+00  2.729082e+00  2.794510e+00  
2.858930e+00  2.921340e+00  2.979600e+00  3.030330e+00  3.070300e+00  3.100280e+00  
3.121260e+00  3.128870e+00  3.138620e+00  3.148920e+00  3.157260e+00  3.157750e+00  
3.154440e+00  3.153920e+00  3.154320e+00  3.154330e+00  3.154450e+00  3.154380e+00  
2.381197e+00  2.381199e+00  2.381200e+00  2.381202e+00  2.381204e+00  2.381209e+00  
2.381216e+00  2.381226e+00  2.381244e+00  2.381271e+00  2.381314e+00  2.381382e+00  
2.381491e+00  2.381663e+00  2.381935e+00  2.382367e+00  2.383051e+00  2.384136e+00  
2.385855e+00  2.388578e+00  2.392897e+00  2.399739e+00  2.410570e+00  2.427690e+00  
2.454620e+00  2.496523e+00  2.560698e+00  2.643356e+00  2.720654e+00  2.792609e+00  
2.859911e+00  2.924280e+00  2.988217e+00  3.051970e+00  3.114986e+00  3.176550e+00  
3.235590e+00  3.290830e+00  3.340980e+00  3.384860e+00  3.421630e+00  3.452150e+00  
3.477540e+00  3.488860e+00  3.502340e+00  3.515440e+00  3.526860e+00  3.527520e+00  
3.522970e+00  3.522260e+00  3.522810e+00  3.522820e+00  3.523010e+00  3.522890e+00  
2.706409e+00  2.706411e+00  2.706412e+00  2.706414e+00  2.706417e+00  2.706422e+00  
2.706429e+00  2.706441e+00  2.706459e+00  2.706489e+00  2.706536e+00  2.706610e+00  
2.706727e+00  2.706913e+00  2.707208e+00  2.707676e+00  2.708416e+00  2.709590e+00  
2.711451e+00  2.714401e+00  2.719076e+00  2.726482e+00  2.738205e+00  2.756714e+00  
2.785769e+00  2.830730e+00  2.898883e+00  2.985364e+00  3.064601e+00  3.136609e+00  
3.202210e+00  3.263465e+00  3.323296e+00  3.382040e+00  3.439200e+00  3.494130e+00  
3.546070e+00  3.594110e+00  3.637540e+00  3.676310e+00  3.710580e+00  3.741030e+00  
3.768670e+00  3.782260e+00  3.798730e+00  3.814710e+00  3.828440e+00  3.828850e+00  
3.824260e+00  3.823350e+00  3.823860e+00  3.824160e+00  3.823950e+00  3.824060e+00  
3.262120e+00  3.262122e+00  3.262124e+00  3.262126e+00  3.262129e+00  3.262134e+00  
3.262143e+00  3.262156e+00  3.262177e+00  3.262210e+00  3.262262e+00  3.262345e+00  
3.262477e+00  3.262685e+00  3.263016e+00  3.263540e+00  3.264370e+00  3.265686e+00  
3.267772e+00  3.271078e+00  3.276319e+00  3.284618e+00  3.297744e+00  3.318428e+00  
3.350727e+00  3.400061e+00  3.473023e+00  3.562302e+00  3.639932e+00  3.706194e+00  
3.762553e+00  3.812209e+00  3.859544e+00  3.905306e+00  3.949063e+00  3.990300e+00  
4.028390e+00  4.062740e+00  4.093470e+00  4.122050e+00  4.150300e+00  4.179790e+00  
4.212410e+00  4.230300e+00  4.249680e+00  4.266290e+00  4.282320e+00  4.284160e+00  
4.280370e+00  4.279740e+00  4.280370e+00  4.280390e+00  4.280610e+00  4.280490e+00  
3.719914e+00  3.719917e+00  3.719918e+00  3.719921e+00  3.719924e+00  3.719931e+00  
3.719940e+00  3.719956e+00  3.719980e+00  3.720019e+00  3.720080e+00  3.720177e+00  
3.720331e+00  3.720575e+00  3.720961e+00  3.721574e+00  3.722545e+00  3.724083e+00  
3.726522e+00  3.730388e+00  3.736512e+00  3.746204e+00  3.761492e+00  3.785428e+00  
3.822195e+00  3.875960e+00  3.949247e+00  4.030312e+00  4.094855e+00  4.149320e+00  
4.195623e+00  4.235556e+00  4.271703e+00  4.304531e+00  4.333980e+00  4.360190e+00  
4.383400e+00  4.404010e+00  4.423190e+00  4.444010e+00  4.469560e+00  4.499920e+00  
4.533010e+00  4.549770e+00  4.568900e+00  4.586300e+00  4.602130e+00  4.604900e+00  
4.604030e+00  4.603830e+00  4.604280e+00  4.604410e+00  4.604430e+00  4.604420e+00  
4.602176e+00  4.602179e+00  4.602181e+00  4.602183e+00  4.602187e+00  4.602194e+00  
4.602204e+00  4.602221e+00  4.602247e+00  4.602288e+00  4.602354e+00  4.602458e+00  
4.602623e+00  4.602885e+00  4.603300e+00  4.603955e+00  4.604998e+00  4.606649e+00  
4.609266e+00  4.613416e+00  4.619990e+00  4.630382e+00  4.646739e+00  4.672193e+00  
4.710686e+00  4.764581e+00  4.831344e+00  4.893981e+00  4.932100e+00  4.956154e+00  
4.969783e+00  4.976585e+00  4.980844e+00  4.981430e+00  4.975082e+00  4.962130e+00  
4.951730e+00  4.951180e+00  4.959590e+00  4.971970e+00  4.984470e+00  5.001970e+00  
5.029500e+00  5.045620e+00  5.059450e+00  5.068140e+00  5.080950e+00  5.085890e+00  
5.093280e+00  5.094310e+00  5.094380e+00  5.094310e+00  5.094350e+00  5.094400e+00  
5.259244e+00  5.259246e+00  5.259247e+00  5.259249e+00  5.259253e+00  5.259257e+00  
5.259265e+00  5.259278e+00  5.259298e+00  5.259329e+00  5.259378e+00  5.259457e+00  
5.259582e+00  5.259778e+00  5.260091e+00  5.260587e+00  5.261374e+00  5.262622e+00  
5.264601e+00  5.267739e+00  5.272714e+00  5.280584e+00  5.292981e+00  5.312311e+00  
5.341721e+00  5.383643e+00  5.437235e+00  5.487758e+00  5.512763e+00  5.514116e+00  
5.495840e+00  5.464848e+00  5.429826e+00  5.393697e+00  5.358237e+00  5.325883e+00  
5.300920e+00  5.286250e+00  5.280860e+00  5.280220e+00  5.280780e+00  5.286620e+00  
5.302310e+00  5.312310e+00  5.317830e+00  5.317690e+00  5.323360e+00  5.329260e+00  
5.343790e+00  5.345850e+00  5.345370e+00  5.345450e+00  5.345180e+00  5.345390e+00  
6.174597e+00  6.174598e+00  6.174599e+00  6.174601e+00  6.174603e+00  6.174607e+00  
6.174612e+00  6.174622e+00  6.174636e+00  6.174659e+00  6.174695e+00  6.174752e+00  
6.174842e+00  6.174986e+00  6.175213e+00  6.175574e+00  6.176147e+00  6.177058e+00  
6.178504e+00  6.180801e+00  6.184444e+00  6.190194e+00  6.199196e+00  6.213031e+00  
6.233324e+00  6.259245e+00  6.283533e+00  6.288737e+00  6.263071e+00  6.210240e+00  
6.136732e+00  6.052573e+00  5.969414e+00  5.891239e+00  5.819643e+00  5.756307e+00  
5.704180e+00  5.664830e+00  5.636300e+00  5.612250e+00  5.587760e+00  5.568140e+00  
5.559010e+00  5.555820e+00  5.545040e+00  5.529170e+00  5.521090e+00  5.526000e+00  
5.547310e+00  5.550520e+00  5.549370e+00  5.549430e+00  5.548910e+00  5.549270e+00  
6.831107e+00  6.831108e+00  6.831108e+00  6.831109e+00  6.831110e+00  6.831112e+00  
6.831115e+00  6.831120e+00  6.831128e+00  6.831140e+00  6.831160e+00  6.831190e+00  
6.831239e+00  6.831317e+00  6.831441e+00  6.831637e+00  6.831950e+00  6.832450e+00  
6.833247e+00  6.834518e+00  6.836533e+00  6.839700e+00  6.844576e+00  6.851798e+00  
6.861347e+00  6.869268e+00  6.862735e+00  6.823432e+00  6.751172e+00  6.651311e+00  
6.532171e+00  6.406006e+00  6.286584e+00  6.177995e+00  6.081310e+00  5.996728e+00  
5.924730e+00  5.865160e+00  5.815710e+00  5.770150e+00  5.723830e+00  5.682170e+00  
5.650990e+00  5.636760e+00  5.614720e+00  5.589780e+00  5.572460e+00  5.574660e+00  
5.593620e+00  5.596580e+00  5.595280e+00  5.595310e+00  5.594800e+00  5.595130e+00  
7.352550e+00  7.352550e+00  7.352550e+00  7.352550e+00  7.352550e+00  7.352550e+00  
7.352551e+00  7.352551e+00  7.352552e+00  7.352553e+00  7.352553e+00  7.352555e+00  
7.352559e+00  7.352565e+00  7.352575e+00  7.352592e+00  7.352620e+00  7.352670e+00  
7.352756e+00  7.352903e+00  7.353138e+00  7.353471e+00  7.353839e+00  7.353872e+00  
7.351877e+00  7.341014e+00  7.303706e+00  7.222040e+00  7.107542e+00  6.966774e+00  
6.809314e+00  6.648649e+00  6.499840e+00  6.366719e+00  6.249704e+00  6.147492e+00  
6.058467e+00  5.980880e+00  5.912500e+00  5.848000e+00  5.783540e+00  5.723890e+00  
5.674410e+00  5.651660e+00  5.622900e+00  5.594410e+00  5.572080e+00  5.570860e+00  
5.581610e+00  5.583380e+00  5.582260e+00  5.582260e+00  5.581910e+00  5.582130e+00  
7.959821e+00  7.959818e+00  7.959816e+00  7.959812e+00  7.959807e+00  7.959799e+00  
7.959787e+00  7.959767e+00  7.959734e+00  7.959684e+00  7.959604e+00  7.959478e+00  
7.959277e+00  7.958960e+00  7.958459e+00  7.957666e+00  7.956411e+00  7.954430e+00  
7.951299e+00  7.946350e+00  7.938516e+00  7.926084e+00  7.906334e+00  7.874974e+00  
7.825212e+00  7.746429e+00  7.622472e+00  7.457274e+00  7.295242e+00  7.136676e+00  
6.981842e+00  6.830950e+00  6.684508e+00  6.543323e+00  6.408364e+00  6.279770e+00  
6.158617e+00  6.046600e+00  5.944680e+00  5.854520e+00  5.777300e+00  5.710830e+00  
5.655470e+00  5.635350e+00  5.622380e+00  5.610960e+00  5.552330e+00  5.523980e+00  
5.539640e+00  5.546380e+00  5.543590e+00  5.541620e+00  5.544940e+00  5.542850e+00  
8.457770e+00  8.457769e+00  8.457769e+00  8.457768e+00  8.457767e+00  8.457766e+00  
8.457763e+00  8.457759e+00  8.457752e+00  8.457742e+00  8.457727e+00  8.457701e+00  
8.457662e+00  8.457600e+00  8.457504e+00  8.457354e+00  8.457119e+00  8.456758e+00  
8.456198e+00  8.455322e+00  8.453913e+00  8.451561e+00  8.447430e+00  8.439456e+00  
8.421388e+00  8.372344e+00  8.245469e+00  8.016896e+00  7.758325e+00  7.508276e+00  
7.273923e+00  7.056383e+00  6.857246e+00  6.676720e+00  6.513071e+00  6.363567e+00  
6.225145e+00  6.096110e+00  5.976600e+00  5.866600e+00  5.766000e+00  5.673040e+00  
5.584410e+00  5.541570e+00  5.502990e+00  5.477190e+00  5.449950e+00  5.438190e+00  
5.419860e+00  5.417090e+00  5.416810e+00  5.417150e+00  5.416690e+00  5.416870e+00  
8.987128e+00  8.987126e+00  8.987125e+00  8.987123e+00  8.987119e+00  8.987114e+00  
8.987106e+00  8.987094e+00  8.987074e+00  8.987043e+00  8.986993e+00  8.986915e+00  
8.986791e+00  8.986595e+00  8.986287e+00  8.985802e+00  8.985042e+00  8.983848e+00  
8.981973e+00  8.979011e+00  8.974286e+00  8.966655e+00  8.954137e+00  8.932804e+00  
8.893456e+00  8.810515e+00  8.630524e+00  8.334441e+00  8.016363e+00  7.716396e+00  
7.440507e+00  7.188094e+00  6.958461e+00  6.750799e+00  6.561837e+00  6.387869e+00  
6.225427e+00  6.072680e+00  5.930140e+00  5.798030e+00  5.676570e+00  5.563800e+00  
5.457340e+00  5.407250e+00  5.362620e+00  5.333350e+00  5.302880e+00  5.287510e+00  
5.259970e+00  5.255550e+00  5.255310e+00  5.255970e+00  5.255110e+00  5.255510e+00  
9.866492e+00  9.866487e+00  9.866483e+00  9.866478e+00  9.866471e+00  9.866458e+00  
9.866438e+00  9.866407e+00  9.866356e+00  9.866276e+00  9.866149e+00  9.865950e+00  
9.865635e+00  9.865137e+00  9.864350e+00  9.863110e+00  9.861159e+00  9.858085e+00  
9.853234e+00  9.845544e+00  9.833286e+00  9.813682e+00  9.782141e+00  9.730600e+00  
9.643580e+00  9.486596e+00  9.195007e+00  8.762729e+00  8.329492e+00  7.936017e+00  
7.585016e+00  7.272535e+00  6.993874e+00  6.742169e+00  6.507404e+00  6.283232e+00  
6.071319e+00  5.873697e+00  5.690910e+00  5.520940e+00  5.362580e+00  5.215640e+00  
5.075230e+00  5.005410e+00  4.941850e+00  4.897800e+00  4.849810e+00  4.834520e+00  
4.812350e+00  4.809190e+00  4.808740e+00  4.808860e+00  4.808760e+00  4.808630e+00  
1.050464e+01  1.050463e+01  1.050462e+01  1.050461e+01  1.050459e+01  1.050457e+01  
1.050452e+01  1.050445e+01  1.050435e+01  1.050417e+01  1.050390e+01  1.050347e+01  
1.050278e+01  1.050169e+01  1.049998e+01  1.049728e+01  1.049302e+01  1.048628e+01  
1.047563e+01  1.045873e+01  1.043186e+01  1.038916e+01  1.032133e+01  1.021379e+01  
1.004451e+01  9.782769e+00  9.387260e+00  8.884974e+00  8.420090e+00  7.990862e+00  
7.595441e+00  7.232449e+00  6.901241e+00  6.599558e+00  6.324372e+00  6.071920e+00  
5.836951e+00  5.616121e+00  5.410461e+00  5.219900e+00  5.042130e+00  4.868600e+00  
4.692640e+00  4.606540e+00  4.526450e+00  4.468070e+00  4.405070e+00  4.390360e+00  
4.385710e+00  4.385700e+00  4.384150e+00  4.383830e+00  4.383590e+00  4.383680e+00  
1.099958e+01  1.099957e+01  1.099956e+01  1.099955e+01  1.099953e+01  1.099950e+01  
1.099945e+01  1.099937e+01  1.099925e+01  1.099906e+01  1.099876e+01  1.099828e+01  
1.099752e+01  1.099633e+01  1.099445e+01  1.099149e+01  1.098680e+01  1.097943e+01  
1.096772e+01  1.094907e+01  1.091938e+01  1.087205e+01  1.079644e+01  1.067555e+01  
1.048208e+01  1.017084e+01  9.673029e+00  9.017424e+00  8.409597e+00  7.873176e+00  
7.404918e+00  6.995310e+00  6.634571e+00  6.308672e+00  5.998947e+00  5.696989e+00  
5.411768e+00  5.149630e+00  4.907956e+00  4.679980e+00  4.459800e+00  4.250840e+00  
4.056720e+00  3.963740e+00  3.869180e+00  3.792810e+00  3.720500e+00  3.704670e+00  
3.697960e+00  3.697320e+00  3.695760e+00  3.695410e+00  3.695310e+00  3.695310e+00  
1.136676e+01  1.136674e+01  1.136673e+01  1.136672e+01  1.136669e+01  1.136665e+01  
1.136658e+01  1.136647e+01  1.136631e+01  1.136605e+01  1.136564e+01  1.136499e+01  
1.136397e+01  1.136235e+01  1.135981e+01  1.135580e+01  1.134947e+01  1.133947e+01  
1.132356e+01  1.129820e+01  1.125784e+01  1.119351e+01  1.109104e+01  1.092869e+01  
1.067448e+01  1.028650e+01  9.713698e+00  9.004512e+00  8.366410e+00  7.792702e+00  
7.278721e+00  6.817669e+00  6.402920e+00  6.028907e+00  5.689631e+00  5.377864e+00  
5.084013e+00  4.801699e+00  4.532041e+00  4.277753e+00  4.040170e+00  3.815600e+00  
3.603020e+00  3.502060e+00  3.403360e+00  3.326940e+00  3.251950e+00  3.232690e+00  
3.215560e+00  3.213470e+00  3.212090e+00  3.211890e+00  3.211780e+00  3.211770e+00  
1.156158e+01  1.156156e+01  1.156155e+01  1.156153e+01  1.156150e+01  1.156146e+01  
1.156139e+01  1.156127e+01  1.156110e+01  1.156081e+01  1.156037e+01  1.155966e+01  
1.155854e+01  1.155678e+01  1.155402e+01  1.154967e+01  1.154281e+01  1.153192e+01  
1.151455e+01  1.148687e+01  1.144273e+01  1.137225e+01  1.125989e+01  1.108193e+01  
1.080362e+01  1.038061e+01  9.760347e+00  8.996641e+00  8.314796e+00  7.705315e+00  
7.161230e+00  6.673643e+00  6.233726e+00  5.835400e+00  5.473092e+00  5.140386e+00  
4.829001e+00  4.533262e+00  4.253041e+00  3.988797e+00  3.740750e+00  3.505890e+00  
3.283390e+00  3.177530e+00  3.074070e+00  2.994010e+00  2.915680e+00  2.895510e+00  
2.876860e+00  2.874460e+00  2.872960e+00  2.872790e+00  2.872650e+00  2.872680e+00  
1.169190e+01  1.169188e+01  1.169187e+01  1.169185e+01  1.169182e+01  1.169177e+01  
1.169170e+01  1.169157e+01  1.169138e+01  1.169108e+01  1.169061e+01  1.168986e+01  
1.168868e+01  1.168683e+01  1.168393e+01  1.167937e+01  1.167217e+01  1.166070e+01  
1.164236e+01  1.161313e+01  1.156641e+01  1.149166e+01  1.137239e+01  1.118357e+01  
1.088845e+01  1.044127e+01  9.788579e+00  8.987209e+00  8.275193e+00  7.641311e+00  
7.076204e+00  6.569391e+00  6.110786e+00  5.694196e+00  5.314558e+00  4.966224e+00  
4.642214e+00  4.337425e+00  4.050653e+00  3.780405e+00  3.525508e+00  3.284000e+00  
3.054680e+00  2.944890e+00  2.836690e+00  2.752130e+00  2.670010e+00  2.649640e+00  
2.632470e+00  2.630260e+00  2.628530e+00  2.628380e+00  2.628160e+00  2.628220e+00  
1.185109e+01  1.185107e+01  1.185106e+01  1.185104e+01  1.185100e+01  1.185095e+01  
1.185087e+01  1.185075e+01  1.185053e+01  1.185022e+01  1.184972e+01  1.184893e+01  
1.184769e+01  1.184575e+01  1.184271e+01  1.183794e+01  1.183037e+01  1.181824e+01  
1.179881e+01  1.176773e+01  1.171783e+01  1.163769e+01  1.150975e+01  1.130709e+01  
1.099062e+01  1.051333e+01  9.820700e+00  8.973306e+00  8.224823e+00  7.562354e+00  
6.972716e+00  6.443320e+00  5.962795e+00  5.524982e+00  5.125216e+00  4.758537e+00  
4.419108e+00  4.102267e+00  3.805702e+00  3.526054e+00  3.260584e+00  3.008040e+00  
2.766510e+00  2.649650e+00  2.533770e+00  2.442360e+00  2.352850e+00  2.331200e+00  
2.314940e+00  2.312960e+00  2.311030e+00  2.310850e+00  2.310590e+00  2.310520e+00  
1.193969e+01  1.193967e+01  1.193966e+01  1.193963e+01  1.193960e+01  1.193955e+01  
1.193947e+01  1.193934e+01  1.193913e+01  1.193880e+01  1.193828e+01  1.193747e+01  
1.193621e+01  1.193425e+01  1.193119e+01  1.192637e+01  1.191867e+01  1.190626e+01  
1.188637e+01  1.185439e+01  1.180277e+01  1.171965e+01  1.158683e+01  1.137620e+01  
1.104769e+01  1.055375e+01  9.839542e+00  8.968103e+00  8.201519e+00  7.525212e+00  
6.924275e+00  6.384916e+00  5.895219e+00  5.448839e+00  5.040927e+00  4.666277e+00  
4.318731e+00  3.993495e+00  3.688241e+00  3.399651e+00  3.124747e+00  2.861233e+00  
2.606920e+00  2.482830e+00  2.360040e+00  2.263130e+00  2.166170e+00  2.142090e+00  
2.123440e+00  2.121310e+00  2.119410e+00  2.119140e+00  2.118940e+00  2.118650e+00  
1.202841e+01  1.202839e+01  1.202837e+01  1.202835e+01  1.202832e+01  1.202827e+01  
1.202818e+01  1.202805e+01  1.202784e+01  1.202751e+01  1.202701e+01  1.202622e+01  
1.202501e+01  1.202314e+01  1.202025e+01  1.201563e+01  1.200809e+01  1.199588e+01  
1.197609e+01  1.194372e+01  1.189082e+01  1.180528e+01  1.166794e+01  1.144980e+01  
1.111096e+01  1.060352e+01  9.872099e+00  8.982661e+00  8.204935e+00  7.518660e+00  
6.909370e+00  6.363173e+00  5.868299e+00  5.417768e+00  5.005793e+00  4.625894e+00  
4.270263e+00  3.933217e+00  3.613197e+00  3.308353e+00  3.015585e+00  2.728654e+00  
2.442180e+00  2.297690e+00  2.151140e+00  2.032700e+00  1.914330e+00  1.883980e+00  
1.859340e+00  1.856520e+00  1.854250e+00  1.853890e+00  1.853690e+00  1.853390e+00  
1.204007e+01  1.204005e+01  1.204004e+01  1.204001e+01  1.203998e+01  1.203993e+01  
1.203985e+01  1.203972e+01  1.203952e+01  1.203920e+01  1.203872e+01  1.203800e+01  
1.203690e+01  1.203525e+01  1.203265e+01  1.202838e+01  1.202135e+01  1.200985e+01  
1.199079e+01  1.195901e+01  1.190663e+01  1.182142e+01  1.168384e+01  1.146586e+01  
1.112873e+01  1.062551e+01  9.899167e+00  9.016702e+00  8.245262e+00  7.561833e+00  
6.953786e+00  6.408552e+00  5.915328e+00  5.466951e+00  5.056933e+00  4.677912e+00  
4.320881e+00  3.979447e+00  3.652363e+00  3.338305e+00  3.033631e+00  2.728503e+00  
2.412053e+00  2.245930e+00  2.069530e+00  1.921580e+00  1.779550e+00  1.745090e+00  
1.717300e+00  1.713680e+00  1.710470e+00  1.710220e+00  1.709800e+00  1.710930e+00  
1.200334e+01  1.200332e+01  1.200330e+01  1.200328e+01  1.200324e+01  1.200320e+01  
1.200312e+01  1.200300e+01  1.200283e+01  1.200255e+01  1.200216e+01  1.200160e+01  
1.200082e+01  1.199963e+01  1.199765e+01  1.199420e+01  1.198840e+01  1.197836e+01  
1.196074e+01  1.193038e+01  1.187955e+01  1.179530e+01  1.165921e+01  1.144552e+01  
1.111759e+01  1.063062e+01  9.931420e+00  9.084063e+00  8.339728e+00  7.676787e+00  
7.083771e+00  6.549144e+00  6.062962e+00  5.618940e+00  5.211589e+00  4.834727e+00  
4.480686e+00  4.142983e+00  3.817550e+00  3.498076e+00  3.176020e+00  2.838095e+00  
2.466609e+00  2.260685e+00  2.033120e+00  1.832490e+00  1.633610e+00  1.592790e+00  
1.565600e+00  1.561590e+00  1.554980e+00  1.553750e+00  1.554420e+00  1.561970e+00  
1.190840e+01  1.190838e+01  1.190837e+01  1.190835e+01  1.190831e+01  1.190828e+01  
1.190820e+01  1.190810e+01  1.190796e+01  1.190775e+01  1.190749e+01  1.190717e+01  
1.190677e+01  1.190614e+01  1.190487e+01  1.190253e+01  1.189819e+01  1.188986e+01  
1.187410e+01  1.184621e+01  1.179810e+01  1.171737e+01  1.158794e+01  1.138625e+01  
1.107852e+01  1.061847e+01  9.962664e+00  9.157587e+00  8.438388e+00  7.790128e+00  
7.205565e+00  6.677653e+00  6.200155e+00  5.766849e+00  5.371014e+00  5.004788e+00  
4.658062e+00  4.322825e+00  3.995607e+00  3.671179e+00  3.339547e+00  2.979761e+00  
2.564990e+00  2.327154e+00  2.060180e+00  1.820180e+00  1.564660e+00  1.506450e+00  
1.484550e+00  1.482640e+00  1.472180e+00  1.469580e+00  1.472120e+00  1.483980e+00  
1.184706e+01  1.184704e+01  1.184703e+01  1.184701e+01  1.184699e+01  1.184694e+01  
1.184689e+01  1.184680e+01  1.184669e+01  1.184654e+01  1.184641e+01  1.184633e+01  
1.184630e+01  1.184611e+01  1.184547e+01  1.184408e+01  1.184083e+01  1.183351e+01  
1.181887e+01  1.179203e+01  1.174437e+01  1.166459e+01  1.153787e+01  1.134205e+01  
1.104439e+01  1.060057e+01  9.971638e+00  9.199443e+00  8.505998e+00  7.878649e+00  
7.311006e+00  6.796713e+00  6.330155e+00  5.905589e+00  5.516823e+00  5.156457e+00  
4.814850e+00  4.484012e+00  4.159902e+00  3.836060e+00  3.500113e+00  3.125714e+00  
2.678194e+00  2.413650e+00  2.109592e+00  1.831710e+00  1.528060e+00  1.456620e+00  
1.435290e+00  1.434170e+00  1.420920e+00  1.417470e+00  1.421240e+00  1.434010e+00  
1.179111e+01  1.179109e+01  1.179108e+01  1.179107e+01  1.179104e+01  1.179101e+01  
1.179095e+01  1.179088e+01  1.179080e+01  1.179073e+01  1.179074e+01  1.179091e+01  
1.179122e+01  1.179146e+01  1.179149e+01  1.179096e+01  1.178861e+01  1.178208e+01  
1.176829e+01  1.174189e+01  1.169414e+01  1.161494e+01  1.149028e+01  1.129942e+01  
1.100816e+01  1.058235e+01  9.977461e+00  9.233199e+00  8.562393e+00  7.953609e+00  
7.401248e+00  6.899458e+00  6.443152e+00  6.027048e+00  5.645353e+00  5.291108e+00  
4.955042e+00  4.629303e+00  4.309341e+00  3.987778e+00  3.650160e+00  3.265556e+00  
2.792283e+00  2.505661e+00  2.169938e+00  1.858210e+00  1.509850e+00  1.425230e+00  
1.402370e+00  1.401710e+00  1.386230e+00  1.382130e+00  1.386870e+00  1.398820e+00  
1.169800e+01  1.169798e+01  1.169797e+01  1.169796e+01  1.169793e+01  1.169791e+01  
1.169788e+01  1.169784e+01  1.169785e+01  1.169795e+01  1.169828e+01  1.169894e+01  
1.169988e+01  1.170098e+01  1.170231e+01  1.170325e+01  1.170220e+01  1.169688e+01  
1.168401e+01  1.165713e+01  1.160857e+01  1.152976e+01  1.140809e+01  1.122441e+01  
1.094465e+01  1.054964e+01  9.984638e+00  9.284888e+00  8.651220e+00  8.073439e+00  
7.547036e+00  7.067002e+00  6.629022e+00  6.228483e+00  5.860303e+00  5.518172e+00  
5.193479e+00  4.878593e+00  4.568292e+00  4.253777e+00  3.917446e+00  3.521036e+00  
3.010666e+00  2.689713e+00  2.302305e+00  1.932194e+00  1.502950e+00  1.392790e+00  
1.361700e+00  1.361080e+00  1.342400e+00  1.337410e+00  1.343400e+00  1.352310e+00  
1.169139e+01  1.169137e+01  1.169136e+01  1.169135e+01  1.169134e+01  1.169131e+01  
1.169130e+01  1.169130e+01  1.169140e+01  1.169171e+01  1.169237e+01  1.169348e+01  
1.169495e+01  1.169692e+01  1.169933e+01  1.170130e+01  1.170095e+01  1.169615e+01  
1.168267e+01  1.165366e+01  1.160272e+01  1.152167e+01  1.139897e+01  1.121178e+01  
1.093907e+01  1.055564e+01  1.000635e+01  9.325072e+00  8.709372e+00  8.149221e+00  
7.640256e+00  7.177519e+00  6.756604e+00  6.372860e+00  6.020876e+00  5.693800e+00  
5.382051e+00  5.077409e+00  4.775331e+00  4.468307e+00  4.141225e+00  3.760263e+00  
3.255586e+00  2.906540e+00  2.435603e+00  1.971466e+00  1.503870e+00  1.398350e+00  
1.343240e+00  1.333180e+00  1.314840e+00  1.314740e+00  1.310790e+00  1.322870e+00  
1.157823e+01  1.157821e+01  1.157821e+01  1.157819e+01  1.157819e+01  1.157820e+01  
1.157825e+01  1.157842e+01  1.157882e+01  1.157969e+01  1.158122e+01  1.158336e+01  
1.158638e+01  1.159052e+01  1.159524e+01  1.159902e+01  1.160024e+01  1.159574e+01  
1.157953e+01  1.154680e+01  1.149267e+01  1.141085e+01  1.128924e+01  1.110731e+01  
1.086292e+01  1.051494e+01  1.001296e+01  9.387202e+00  8.819534e+00  8.301682e+00  
7.830243e+00  7.401067e+00  7.010584e+00  6.654761e+00  6.328837e+00  6.026472e+00  
5.738495e+00  5.456733e+00  5.176426e+00  4.889269e+00  4.578002e+00  4.203038e+00  
3.678552e+00  3.296468e+00  2.758933e+00  2.202341e+00  1.575440e+00  1.410310e+00  
1.314150e+00  1.300470e+00  1.278600e+00  1.277570e+00  1.273590e+00  1.281520e+00  
1.150984e+01  1.150983e+01  1.150982e+01  1.150981e+01  1.150984e+01  1.150988e+01  
1.151002e+01  1.151038e+01  1.151118e+01  1.151267e+01  1.151494e+01  1.151814e+01  
1.152276e+01  1.152870e+01  1.153493e+01  1.153992e+01  1.154174e+01  1.153540e+01  
1.151579e+01  1.147957e+01  1.142265e+01  1.134025e+01  1.121168e+01  1.104536e+01  
1.081790e+01  1.049140e+01  1.001799e+01  9.426982e+00  8.889661e+00  8.399111e+00  
7.952362e+00  7.545874e+00  7.176519e+00  6.840723e+00  6.534217e+00  6.251060e+00  
5.982481e+00  5.720519e+00  5.460312e+00  5.193145e+00  4.900265e+00  4.537615e+00  
4.010217e+00  3.614788e+00  3.045824e+00  2.431278e+00  1.667150e+00  1.445670e+00  
1.302830e+00  1.284460e+00  1.260170e+00  1.258170e+00  1.254460e+00  1.259900e+00  
1.139738e+01  1.139737e+01  1.139738e+01  1.139740e+01  1.139746e+01  1.139762e+01  
1.139802e+01  1.139887e+01  1.140054e+01  1.140315e+01  1.140688e+01  1.141235e+01  
1.141973e+01  1.142822e+01  1.143641e+01  1.144280e+01  1.144291e+01  1.143156e+01  
1.140632e+01  1.136479e+01  1.130557e+01  1.121223e+01  1.109640e+01  1.095152e+01  
1.075001e+01  1.045725e+01  1.002770e+01  9.486221e+00  8.988911e+00  8.531355e+00  
8.112435e+00  7.730807e+00  7.385400e+00  7.073794e+00  6.792577e+00  6.537030e+00  
6.299713e+00  6.073103e+00  5.850471e+00  5.618561e+00  5.354898e+00  5.016434e+00  
4.505101e+00  4.108699e+00  3.518053e+00  2.830383e+00  1.856744e+00  1.556240e+00  
1.297840e+00  1.265160e+00  1.242710e+00  1.239730e+00  1.234780e+00  1.237660e+00  
1.137412e+01  1.137412e+01  1.137414e+01  1.137419e+01  1.137431e+01  1.137463e+01  
1.137534e+01  1.137680e+01  1.137928e+01  1.138288e+01  1.138818e+01  1.139571e+01  
1.140518e+01  1.141518e+01  1.142459e+01  1.143036e+01  1.142664e+01  1.141041e+01  
1.137980e+01  1.133419e+01  1.126845e+01  1.117067e+01  1.106428e+01  1.092764e+01  
1.073509e+01  1.045343e+01  1.003908e+01  9.516994e+00  9.038214e+00  8.598856e+00  
8.197752e+00  7.833668e+00  7.505585e+00  7.211623e+00  6.949242e+00  6.714801e+00  
6.502291e+00  6.304409e+00  6.111636e+00  5.904348e+00  5.656920e+00  5.336641e+00  
4.857912e+00  4.484401e+00  3.912771e+00  3.194319e+00  2.031436e+00  1.648090e+00  
1.312410e+00  1.267110e+00  1.232520e+00  1.227910e+00  1.224690e+00  1.226160e+00  
1.136179e+01  1.136180e+01  1.136183e+01  1.136191e+01  1.136213e+01  1.136263e+01  
1.136372e+01  1.136578e+01  1.136900e+01  1.137363e+01  1.138051e+01  1.138983e+01  
1.140074e+01  1.141190e+01  1.142184e+01  1.142552e+01  1.141799e+01  1.139745e+01  
1.136265e+01  1.131436e+01  1.123504e+01  1.114623e+01  1.104585e+01  1.091472e+01  
1.072810e+01  1.045366e+01  1.004916e+01  9.539556e+00  9.072633e+00  8.644938e+00  
8.255466e+00  7.903115e+00  7.587085e+00  7.305706e+00  7.056758e+00  6.836940e+00  
6.640654e+00  6.461128e+00  6.289691e+00  6.107733e+00  5.889075e+00  5.595940e+00  
5.138645e+00  4.775919e+00  4.216499e+00  3.489130e+00  2.210537e+00  1.748620e+00  
1.326970e+00  1.269600e+00  1.227710e+00  1.221520e+00  1.218190e+00  1.219160e+00  
1.135648e+01  1.135650e+01  1.135655e+01  1.135668e+01  1.135700e+01  1.135773e+01  
1.135922e+01  1.136185e+01  1.136576e+01  1.137150e+01  1.137983e+01  1.139063e+01  
1.140262e+01  1.141471e+01  1.142431e+01  1.142530e+01  1.141434e+01  1.138993e+01  
1.135209e+01  1.130052e+01  1.121501e+01  1.113192e+01  1.103576e+01  1.090848e+01  
1.072583e+01  1.045613e+01  1.005802e+01  9.556689e+00  9.097720e+00  8.678088e+00  
8.296847e+00  7.952968e+00  7.645740e+00  7.373742e+00  7.134946e+00  6.926330e+00  
6.742626e+00  6.577555e+00  6.423283e+00  6.262279e+00  6.068401e+00  5.800187e+00  
5.365317e+00  5.014998e+00  4.470750e+00  3.743477e+00  2.377581e+00  1.847151e+00  
1.344300e+00  1.274780e+00  1.224990e+00  1.217460e+00  1.213740e+00  1.214460e+00  
1.135230e+01  1.135236e+01  1.135246e+01  1.135270e+01  1.135327e+01  1.135452e+01  
1.135686e+01  1.136053e+01  1.136584e+01  1.137378e+01  1.138466e+01  1.139760e+01  
1.141131e+01  1.142430e+01  1.143122e+01  1.142695e+01  1.140990e+01  1.137939e+01  
1.133763e+01  1.126613e+01  1.119098e+01  1.111531e+01  1.102503e+01  1.090304e+01  
1.072578e+01  1.046235e+01  1.007248e+01  9.581698e+00  9.132673e+00  8.723062e+00  
8.352363e+00  8.019825e+00  7.725209e+00  7.467173e+00  7.243798e+00  7.052046e+00  
6.886405e+00  6.740898e+00  6.609292e+00  6.476837e+00  6.319999e+00  6.097693e+00  
5.717837e+00  5.398051e+00  4.881194e+00  4.151469e+00  2.667181e+00  2.043224e+00  
1.386440e+00  1.287980e+00  1.221240e+00  1.215500e+00  1.205350e+00  1.208560e+00  
1.135420e+01  1.135431e+01  1.135447e+01  1.135486e+01  1.135575e+01  1.135755e+01  
1.136068e+01  1.136530e+01  1.137215e+01  1.138210e+01  1.139498e+01  1.140941e+01  
1.142437e+01  1.143679e+01  1.144003e+01  1.143110e+01  1.140878e+01  1.137427e+01  
1.132707e+01  1.124754e+01  1.117940e+01  1.110846e+01  1.102191e+01  1.090304e+01  
1.072876e+01  1.046870e+01  1.008351e+01  9.599012e+00  9.156269e+00  8.753240e+00  
8.389391e+00  8.064003e+00  7.776797e+00  7.526762e+00  7.312348e+00  7.130967e+00  
6.977838e+00  6.847732e+00  6.735150e+00  6.626030e+00  6.497600e+00  6.309185e+00  
5.970968e+00  5.677745e+00  5.193081e+00  4.482320e+00  2.926975e+00  2.219295e+00  
1.428860e+00  1.306700e+00  1.221180e+00  1.213720e+00  1.200980e+00  1.204970e+00  
1.136049e+01  1.136074e+01  1.136112e+01  1.136199e+01  1.136380e+01  1.136702e+01  
1.137186e+01  1.137901e+01  1.138954e+01  1.140350e+01  1.141957e+01  1.143670e+01  
1.145224e+01  1.145926e+01  1.145399e+01  1.143525e+01  1.140411e+01  1.136329e+01  
1.128641e+01  1.122355e+01  1.116525e+01  1.110157e+01  1.102066e+01  1.090640e+01  
1.073640e+01  1.048127e+01  1.010300e+01  9.627477e+00  9.193525e+00  8.799445e+00  
8.444617e+00  8.128479e+00  7.850843e+00  7.611187e+00  7.408573e+00  7.241373e+00  
7.106184e+00  6.999430e+00  6.917601e+00  6.849506e+00  6.774757e+00  6.651839e+00  
6.392053e+00  6.146674e+00  5.720881e+00  5.071962e+00  3.479317e+00  2.608851e+00  
1.529230e+00  1.358140e+00  1.227610e+00  1.211820e+00  1.199670e+00  1.200150e+00  
1.136342e+01  1.136390e+01  1.136458e+01  1.136604e+01  1.136884e+01  1.137329e+01  
1.137979e+01  1.138957e+01  1.140317e+01  1.141977e+01  1.143799e+01  1.145641e+01  
1.146907e+01  1.147000e+01  1.145765e+01  1.143169e+01  1.139611e+01  1.133037e+01  
1.126403e+01  1.120934e+01  1.115689e+01  1.109770e+01  1.102034e+01  1.090914e+01  
1.074212e+01  1.049001e+01  1.011483e+01  9.643004e+00  9.212582e+00  8.822512e+00  
8.472223e+00  8.161524e+00  7.890367e+00  7.657960e+00  7.462676e+00  7.302964e+00  
7.176896e+00  7.082412e+00  7.017003e+00  6.970811e+00  6.926424e+00  6.849325e+00  
6.652766e+00  6.445223e+00  6.073425e+00  5.484540e+00  3.898897e+00  2.925163e+00  
1.634580e+00  1.420290e+00  1.235440e+00  1.213790e+00  1.193780e+00  1.197750e+00  
1.138163e+01  1.138275e+01  1.138418e+01  1.138698e+01  1.139156e+01  1.139825e+01  
1.140836e+01  1.142264e+01  1.144050e+01  1.146042e+01  1.148123e+01  1.149729e+01  
1.150165e+01  1.149240e+01  1.146894e+01  1.143535e+01  1.137469e+01  1.130567e+01  
1.125286e+01  1.120699e+01  1.116078e+01  1.110576e+01  1.103087e+01  1.092071e+01  
1.075354e+01  1.050054e+01  1.012483e+01  9.654746e+00  9.228304e+00  8.843772e+00  
8.500021e+00  8.196201e+00  7.931691e+00  7.706063e+00  7.518547e+00  7.367744e+00  
7.250414e+00  7.164829e+00  7.113239e+00  7.095546e+00  7.101381e+00  7.085218e+00  
6.961406e+00  6.809562e+00  6.515924e+00  6.004101e+00  4.493680e+00  3.483436e+00  
1.830989e+00  1.524970e+00  1.255300e+00  1.223710e+00  1.194730e+00  1.195320e+00  
1.138395e+01  1.138593e+01  1.138825e+01  1.139233e+01  1.139842e+01  1.140754e+01  
1.142094e+01  1.143864e+01  1.145909e+01  1.148133e+01  1.150182e+01  1.151241e+01  
1.150949e+01  1.149187e+01  1.146186e+01  1.142233e+01  1.134128e+01  1.128410e+01  
1.123865e+01  1.119811e+01  1.115574e+01  1.110342e+01  1.103040e+01  1.092162e+01  
1.075555e+01  1.050373e+01  1.012967e+01  9.661755e+00  9.237521e+00  8.855418e+00  
8.514315e+00  8.213454e+00  7.952252e+00  7.730343e+00  7.547117e+00  7.401312e+00  
7.289880e+00  7.211483e+00  7.169241e+00  7.164567e+00  7.190052e+00  7.206160e+00  
7.136835e+00  7.024429e+00  6.782159e+00  6.336746e+00  4.936898e+00  3.896146e+00  
2.012792e+00  1.635450e+00  1.277730e+00  1.232910e+00  1.194570e+00  1.194110e+00  
1.138531e+01  1.138832e+01  1.139155e+01  1.139675e+01  1.140438e+01  1.141595e+01  
1.143216e+01  1.145224e+01  1.147472e+01  1.149818e+01  1.151595e+01  1.152108e+01  
1.151180e+01  1.148780e+01  1.145419e+01  1.138780e+01  1.131981e+01  1.126967e+01  
1.122915e+01  1.119219e+01  1.115236e+01  1.110178e+01  1.102995e+01  1.092199e+01  
1.075657e+01  1.050540e+01  1.013227e+01  9.665641e+00  9.242756e+00  8.862141e+00  
8.522717e+00  8.223725e+00  7.964643e+00  7.745123e+00  7.564624e+00  7.421979e+00  
7.314195e+00  7.240227e+00  7.203703e+00  7.207068e+00  7.244971e+00  7.282218e+00  
7.250206e+00  7.166175e+00  6.963157e+00  6.571153e+00  5.273227e+00  4.228057e+00  
2.182183e+00  1.741960e+00  1.300870e+00  1.242510e+00  1.195360e+00  1.193390e+00  
1.136413e+01  1.136831e+01  1.137241e+01  1.137863e+01  1.138792e+01  1.140171e+01  
1.142028e+01  1.144214e+01  1.146625e+01  1.148960e+01  1.150371e+01  1.150396e+01  
1.148902e+01  1.146063e+01  1.142421e+01  1.134247e+01  1.128265e+01  1.123770e+01  
1.120111e+01  1.116727e+01  1.113003e+01  1.108194e+01  1.101291e+01  1.090857e+01  
1.074805e+01  1.050295e+01  1.013590e+01  9.673351e+00  9.251655e+00  8.871199e+00  
8.531504e+00  8.232171e+00  7.973099e+00  7.754107e+00  7.575028e+00  7.435301e+00  
7.333257e+00  7.267927e+00  7.239692e+00  7.243524e+00  7.271656e+00  7.310383e+00  
7.320640e+00  7.274452e+00  7.108292e+00  6.746413e+00  5.526695e+00  4.507611e+00  
2.343608e+00  1.844119e+00  1.324090e+00  1.252770e+00  1.196180e+00  1.192900e+00  
1.136412e+01  1.137088e+01  1.137652e+01  1.138481e+01  1.139740e+01  1.141507e+01  
1.143700e+01  1.146168e+01  1.148762e+01  1.150765e+01  1.151442e+01  1.150625e+01  
1.148235e+01  1.144894e+01  1.138001e+01  1.131031e+01  1.126043e+01  1.122237e+01  
1.119079e+01  1.116048e+01  1.112567e+01  1.107919e+01  1.101126e+01  1.090768e+01  
1.074776e+01  1.050340e+01  1.013753e+01  9.676596e+00  9.256519e+00  8.877542e+00  
8.539257e+00  8.241422e+00  7.984068e+00  7.767065e+00  7.590274e+00  7.453215e+00  
7.354410e+00  7.293118e+00  7.270211e+00  7.281470e+00  7.320598e+00  7.376951e+00  
7.419889e+00  7.404232e+00  7.292390e+00  7.000910e+00  5.903982e+00  4.940878e+00  
2.644649e+00  2.036312e+00  1.370230e+00  1.272520e+00  1.200070e+00  1.192280e+00  
1.136394e+01  1.137345e+01  1.137974e+01  1.139089e+01  1.140653e+01  1.142730e+01  
1.145154e+01  1.147741e+01  1.150417e+01  1.152011e+01  1.151941e+01  1.150361e+01  
1.147432e+01  1.143651e+01  1.134866e+01  1.128914e+01  1.124566e+01  1.121225e+01  
1.118401e+01  1.115604e+01  1.112280e+01  1.107739e+01  1.101018e+01  1.090714e+01  
1.074769e+01  1.050375e+01  1.013845e+01  9.678547e+00  9.259509e+00  8.881481e+00  
8.544055e+00  8.247109e+00  7.990753e+00  7.774940e+00  7.599528e+00  7.464098e+00  
7.367280e+00  7.308497e+00  7.288867e+00  7.304715e+00  7.350671e+00  7.418051e+00  
7.481226e+00  7.485119e+00  7.411461e+00  7.173303e+00  6.174790e+00  5.268598e+00  
2.912063e+00  2.213033e+00  1.415810e+00  1.293030e+00  1.204660e+00  1.191910e+00  
