5.923276e-01  5.923281e-01  5.923284e-01  5.923288e-01  5.923295e-01  5.923306e-01  
5.923324e-01  5.923352e-01  5.923396e-01  5.923466e-01  5.923578e-01  5.923754e-01  
5.924033e-01  5.924476e-01  5.925179e-01  5.926290e-01  5.928054e-01  5.930849e-01  
5.935279e-01  5.942301e-01  5.953434e-01  5.971092e-01  5.999133e-01  6.043787e-01  
6.115396e-01  6.232134e-01  6.425934e-01  6.702951e-01  6.995289e-01  7.300829e-01  
7.620261e-01  7.955651e-01  8.309677e-01  8.687078e-01  9.095533e-01  9.542500e-01  
1.003310e+00  1.056420e+00  1.111000e+00  1.160370e+00  1.196900e+00  1.219590e+00  
1.234790e+00  1.243780e+00  1.251680e+00  1.255030e+00  1.252810e+00  1.252020e+00  
1.252190e+00  1.252200e+00  1.252070e+00  1.252050e+00  1.252020e+00  1.252050e+00  
8.367979e-01  8.367986e-01  8.367990e-01  8.367996e-01  8.368007e-01  8.368023e-01  
8.368048e-01  8.368089e-01  8.368153e-01  8.368254e-01  8.368416e-01  8.368671e-01  
8.369076e-01  8.369717e-01  8.370734e-01  8.372344e-01  8.374898e-01  8.378945e-01  
8.385359e-01  8.395528e-01  8.411649e-01  8.437219e-01  8.477822e-01  8.542472e-01  
8.646117e-01  8.814943e-01  9.094411e-01  9.490453e-01  9.901118e-01  1.031958e+00  
1.074602e+00  1.118404e+00  1.163949e+00  1.211961e+00  1.263536e+00  1.319470e+00  
1.379410e+00  1.442100e+00  1.504610e+00  1.560350e+00  1.601770e+00  1.626910e+00  
1.640550e+00  1.647210e+00  1.653330e+00  1.656020e+00  1.652770e+00  1.652820e+00  
1.655830e+00  1.656230e+00  1.656050e+00  1.656010e+00  1.655960e+00  1.655960e+00  
1.069993e+00  1.069994e+00  1.069994e+00  1.069995e+00  1.069997e+00  1.069999e+00  
1.070002e+00  1.070008e+00  1.070017e+00  1.070030e+00  1.070052e+00  1.070087e+00  
1.070142e+00  1.070229e+00  1.070367e+00  1.070586e+00  1.070932e+00  1.071482e+00  
1.072352e+00  1.073732e+00  1.075921e+00  1.079388e+00  1.084888e+00  1.093614e+00  
1.107485e+00  1.129620e+00  1.165096e+00  1.213773e+00  1.263143e+00  1.313252e+00  
1.364248e+00  1.416539e+00  1.470727e+00  1.527005e+00  1.585570e+00  1.646730e+00  
1.711010e+00  1.777970e+00  1.844390e+00  1.902890e+00  1.945930e+00  1.974590e+00  
1.990770e+00  1.994430e+00  1.999610e+00  2.004850e+00  2.003950e+00  2.004130e+00  
2.006930e+00  2.007340e+00  2.007180e+00  2.007250e+00  2.007110e+00  2.007120e+00  
1.504450e+00  1.504451e+00  1.504452e+00  1.504453e+00  1.504455e+00  1.504458e+00  
1.504463e+00  1.504470e+00  1.504482e+00  1.504501e+00  1.504531e+00  1.504578e+00  
1.504652e+00  1.504771e+00  1.504958e+00  1.505255e+00  1.505726e+00  1.506473e+00  
1.507656e+00  1.509531e+00  1.512505e+00  1.517216e+00  1.524684e+00  1.536521e+00  
1.555280e+00  1.585009e+00  1.632095e+00  1.695640e+00  1.758717e+00  1.821259e+00  
1.883385e+00  1.945596e+00  2.008659e+00  2.072676e+00  2.137559e+00  2.203400e+00  
2.270470e+00  2.338240e+00  2.403930e+00  2.461910e+00  2.506520e+00  2.538590e+00  
2.559160e+00  2.565120e+00  2.572110e+00  2.579520e+00  2.586550e+00  2.587870e+00  
2.587180e+00  2.587000e+00  2.587230e+00  2.587240e+00  2.587300e+00  2.587210e+00  
1.894666e+00  1.894667e+00  1.894668e+00  1.894670e+00  1.894672e+00  1.894676e+00  
1.894681e+00  1.894691e+00  1.894705e+00  1.894727e+00  1.894764e+00  1.894821e+00  
1.894911e+00  1.895054e+00  1.895281e+00  1.895641e+00  1.896211e+00  1.897115e+00  
1.898547e+00  1.900816e+00  1.904413e+00  1.910115e+00  1.919147e+00  1.933447e+00  
1.956038e+00  1.991559e+00  2.047022e+00  2.120498e+00  2.191842e+00  2.261097e+00  
2.328484e+00  2.394811e+00  2.461259e+00  2.527709e+00  2.593519e+00  2.658360e+00  
2.722480e+00  2.785660e+00  2.846020e+00  2.900290e+00  2.944910e+00  2.978860e+00  
3.003650e+00  3.014170e+00  3.024110e+00  3.032970e+00  3.047630e+00  3.049620e+00  
3.045670e+00  3.045080e+00  3.045520e+00  3.045620e+00  3.045700e+00  3.045620e+00  
2.244442e+00  2.244444e+00  2.244445e+00  2.244446e+00  2.244449e+00  2.244453e+00  
2.244460e+00  2.244470e+00  2.244487e+00  2.244513e+00  2.244555e+00  2.244621e+00  
2.244725e+00  2.244891e+00  2.245155e+00  2.245572e+00  2.246234e+00  2.247283e+00  
2.248945e+00  2.251580e+00  2.255755e+00  2.262369e+00  2.272840e+00  2.289383e+00  
2.315383e+00  2.355745e+00  2.417393e+00  2.496980e+00  2.572350e+00  2.644368e+00  
2.713453e+00  2.780546e+00  2.846977e+00  2.912326e+00  2.975381e+00  3.035610e+00  
3.093940e+00  3.150940e+00  3.205320e+00  3.255010e+00  3.297810e+00  3.333390e+00  
3.362850e+00  3.376010e+00  3.388520e+00  3.399930e+00  3.419820e+00  3.422290e+00  
3.416250e+00  3.415370e+00  3.415970e+00  3.416110e+00  3.416240e+00  3.416150e+00  
2.559663e+00  2.559665e+00  2.559666e+00  2.559668e+00  2.559671e+00  2.559676e+00  
2.559683e+00  2.559695e+00  2.559713e+00  2.559743e+00  2.559789e+00  2.559863e+00  
2.559980e+00  2.560165e+00  2.560459e+00  2.560925e+00  2.561662e+00  2.562832e+00  
2.564685e+00  2.567622e+00  2.572277e+00  2.579651e+00  2.591315e+00  2.609709e+00  
2.638488e+00  2.682648e+00  2.748716e+00  2.831854e+00  2.908611e+00  2.980751e+00  
3.048933e+00  3.114221e+00  3.178095e+00  3.240015e+00  3.298425e+00  3.352710e+00  
3.404400e+00  3.454690e+00  3.502840e+00  3.547710e+00  3.588200e+00  3.624560e+00  
3.657620e+00  3.673050e+00  3.687820e+00  3.701250e+00  3.724360e+00  3.727220e+00  
3.720330e+00  3.719330e+00  3.720020e+00  3.720180e+00  3.720320e+00  3.720250e+00  
3.102980e+00  3.102982e+00  3.102984e+00  3.102986e+00  3.102989e+00  3.102995e+00  
3.103003e+00  3.103017e+00  3.103038e+00  3.103072e+00  3.103126e+00  3.103211e+00  
3.103347e+00  3.103561e+00  3.103901e+00  3.104440e+00  3.105294e+00  3.106647e+00  
3.108792e+00  3.112191e+00  3.117578e+00  3.126106e+00  3.139580e+00  3.160763e+00  
3.193636e+00  3.243037e+00  3.314132e+00  3.399173e+00  3.473522e+00  3.540803e+00  
3.602158e+00  3.658985e+00  3.713173e+00  3.764251e+00  3.810655e+00  3.851970e+00  
3.890420e+00  3.927940e+00  3.964530e+00  4.000340e+00  4.035720e+00  4.071590e+00  
4.108560e+00  4.126950e+00  4.144970e+00  4.160770e+00  4.185100e+00  4.188590e+00  
4.183260e+00  4.182470e+00  4.183150e+00  4.183300e+00  4.183430e+00  4.183410e+00  
3.555800e+00  3.555802e+00  3.555804e+00  3.555806e+00  3.555810e+00  3.555816e+00  
3.555825e+00  3.555840e+00  3.555864e+00  3.555901e+00  3.555960e+00  3.556053e+00  
3.556201e+00  3.556435e+00  3.556807e+00  3.557396e+00  3.558330e+00  3.559810e+00  
3.562156e+00  3.565873e+00  3.571763e+00  3.581084e+00  3.595797e+00  3.618862e+00  
3.654403e+00  3.706815e+00  3.779499e+00  3.861985e+00  3.929742e+00  3.988212e+00  
4.039069e+00  4.084082e+00  4.125640e+00  4.163614e+00  4.196958e+00  4.225690e+00  
4.252190e+00  4.278530e+00  4.305200e+00  4.333050e+00  4.363190e+00  4.396770e+00  
4.434220e+00  4.453750e+00  4.473390e+00  4.489900e+00  4.511070e+00  4.515000e+00  
4.513690e+00  4.513460e+00  4.513990e+00  4.514080e+00  4.514170e+00  4.514200e+00  
4.429256e+00  4.429259e+00  4.429261e+00  4.429263e+00  4.429267e+00  4.429274e+00  
4.429284e+00  4.429301e+00  4.429327e+00  4.429368e+00  4.429433e+00  4.429537e+00  
4.429701e+00  4.429961e+00  4.430374e+00  4.431028e+00  4.432064e+00  4.433706e+00  
4.436310e+00  4.440438e+00  4.446976e+00  4.457314e+00  4.473595e+00  4.498960e+00  
4.537417e+00  4.591655e+00  4.660018e+00  4.726367e+00  4.769600e+00  4.799570e+00  
4.819309e+00  4.831587e+00  4.840089e+00  4.845642e+00  4.848824e+00  4.850369e+00  
4.852360e+00  4.856440e+00  4.863520e+00  4.874920e+00  4.892090e+00  4.915980e+00  
4.946730e+00  4.964340e+00  4.983270e+00  4.997510e+00  5.004970e+00  5.009130e+00  
5.019210e+00  5.020580e+00  5.020560e+00  5.020510e+00  5.020440e+00  5.020580e+00  
5.070807e+00  5.070810e+00  5.070812e+00  5.070814e+00  5.070818e+00  5.070825e+00  
5.070836e+00  5.070852e+00  5.070878e+00  5.070920e+00  5.070987e+00  5.071093e+00  
5.071261e+00  5.071528e+00  5.071950e+00  5.072618e+00  5.073679e+00  5.075359e+00  
5.078025e+00  5.082250e+00  5.088941e+00  5.099515e+00  5.116129e+00  5.141855e+00  
5.180252e+00  5.231964e+00  5.290168e+00  5.334473e+00  5.349541e+00  5.349442e+00  
5.338544e+00  5.320498e+00  5.299950e+00  5.278459e+00  5.257252e+00  5.237399e+00  
5.220450e+00  5.207580e+00  5.199650e+00  5.197600e+00  5.202340e+00  5.214260e+00  
5.233180e+00  5.245350e+00  5.259700e+00  5.269050e+00  5.262940e+00  5.266400e+00  
5.284790e+00  5.287390e+00  5.286870e+00  5.286690e+00  5.286500e+00  5.286690e+00  
5.985550e+00  5.985553e+00  5.985554e+00  5.985557e+00  5.985561e+00  5.985567e+00  
5.985577e+00  5.985593e+00  5.985617e+00  5.985657e+00  5.985720e+00  5.985819e+00  
5.985976e+00  5.986224e+00  5.986619e+00  5.987245e+00  5.988239e+00  5.989814e+00  
5.992313e+00  5.996276e+00  6.002552e+00  6.012451e+00  6.027926e+00  6.051579e+00  
6.085661e+00  6.126621e+00  6.158114e+00  6.154345e+00  6.114143e+00  6.058983e+00  
5.995323e+00  5.928012e+00  5.862526e+00  5.800842e+00  5.743809e+00  5.691875e+00  
5.646180e+00  5.607480e+00  5.576140e+00  5.551810e+00  5.533990e+00  5.522090e+00  
5.515120e+00  5.513990e+00  5.515650e+00  5.514060e+00  5.490000e+00  5.491020e+00  
5.515340e+00  5.518890e+00  5.517820e+00  5.517480e+00  5.517190e+00  5.517410e+00  
6.646356e+00  6.646358e+00  6.646360e+00  6.646362e+00  6.646365e+00  6.646370e+00  
6.646379e+00  6.646391e+00  6.646412e+00  6.646446e+00  6.646499e+00  6.646583e+00  
6.646717e+00  6.646927e+00  6.647262e+00  6.647794e+00  6.648638e+00  6.649977e+00  
6.652106e+00  6.655481e+00  6.660825e+00  6.669238e+00  6.682296e+00  6.701916e+00  
6.728846e+00  6.755587e+00  6.757651e+00  6.706600e+00  6.616243e+00  6.513961e+00  
6.407441e+00  6.301734e+00  6.202216e+00  6.110449e+00  6.026537e+00  5.950065e+00  
5.881770e+00  5.822390e+00  5.771760e+00  5.728620e+00  5.691500e+00  5.659240e+00  
5.630260e+00  5.617370e+00  5.607010e+00  5.596430e+00  5.565730e+00  5.564350e+00  
5.584920e+00  5.587980e+00  5.586840e+00  5.586510e+00  5.586240e+00  5.586410e+00  
7.173420e+00  7.173422e+00  7.173423e+00  7.173424e+00  7.173427e+00  7.173431e+00  
7.173438e+00  7.173448e+00  7.173464e+00  7.173490e+00  7.173531e+00  7.173594e+00  
7.173697e+00  7.173860e+00  7.174118e+00  7.174527e+00  7.175178e+00  7.176213e+00  
7.177860e+00  7.180475e+00  7.184615e+00  7.191105e+00  7.201068e+00  7.215630e+00  
7.233970e+00  7.244944e+00  7.217115e+00  7.121210e+00  6.985750e+00  6.842843e+00  
6.700652e+00  6.563566e+00  6.436352e+00  6.319914e+00  6.213740e+00  6.116627e+00  
6.029087e+00  5.951640e+00  5.883860e+00  5.824050e+00  5.770300e+00  5.721320e+00  
5.675000e+00  5.652750e+00  5.632280e+00  5.614960e+00  5.585220e+00  5.581840e+00  
5.593220e+00  5.594960e+00  5.594050e+00  5.593800e+00  5.593620e+00  5.593760e+00  
7.617212e+00  7.617213e+00  7.617214e+00  7.617215e+00  7.617217e+00  7.617219e+00  
7.617224e+00  7.617230e+00  7.617241e+00  7.617257e+00  7.617284e+00  7.617327e+00  
7.617395e+00  7.617501e+00  7.617671e+00  7.617943e+00  7.618376e+00  7.619066e+00  
7.620169e+00  7.621923e+00  7.624698e+00  7.629011e+00  7.635483e+00  7.644386e+00  
7.653302e+00  7.647657e+00  7.590395e+00  7.452253e+00  7.275968e+00  7.097434e+00  
6.924739e+00  6.761145e+00  6.610341e+00  6.472729e+00  6.347140e+00  6.231925e+00  
6.127204e+00  6.033380e+00  5.949920e+00  5.875010e+00  5.806730e+00  5.743830e+00  
5.683830e+00  5.654180e+00  5.625390e+00  5.603040e+00  5.578350e+00  5.573310e+00  
5.573170e+00  5.573240e+00  5.572670e+00  5.572560e+00  5.572480e+00  5.572590e+00  
8.517767e+00  8.517763e+00  8.517760e+00  8.517756e+00  8.517749e+00  8.517739e+00  
8.517722e+00  8.517695e+00  8.517653e+00  8.517586e+00  8.517481e+00  8.517314e+00  
8.517048e+00  8.516629e+00  8.515966e+00  8.514916e+00  8.513256e+00  8.510633e+00  
8.506491e+00  8.499942e+00  8.489574e+00  8.473125e+00  8.446994e+00  8.405509e+00  
8.339753e+00  8.235946e+00  8.073390e+00  7.858020e+00  7.648210e+00  7.444372e+00  
7.246827e+00  7.055686e+00  6.871639e+00  6.695917e+00  6.529118e+00  6.371632e+00  
6.224619e+00  6.090090e+00  5.969390e+00  5.864150e+00  5.775210e+00  5.698220e+00  
5.631070e+00  5.604350e+00  5.584210e+00  5.566960e+00  5.503810e+00  5.473040e+00  
5.476840e+00  5.480690e+00  5.477230e+00  5.475680e+00  5.478100e+00  5.476960e+00  
8.872581e+00  8.872579e+00  8.872579e+00  8.872577e+00  8.872575e+00  8.872571e+00  
8.872565e+00  8.872557e+00  8.872542e+00  8.872518e+00  8.872482e+00  8.872424e+00  
8.872334e+00  8.872190e+00  8.871963e+00  8.871609e+00  8.871051e+00  8.870177e+00  
8.868808e+00  8.866653e+00  8.863221e+00  8.857649e+00  8.848369e+00  8.832106e+00  
8.800494e+00  8.728493e+00  8.562435e+00  8.280932e+00  7.975016e+00  7.687548e+00  
7.424418e+00  7.184367e+00  6.965786e+00  6.766926e+00  6.583452e+00  6.412153e+00  
6.253046e+00  6.106830e+00  5.973310e+00  5.850390e+00  5.736610e+00  5.631760e+00  
5.532930e+00  5.483140e+00  5.431940e+00  5.395660e+00  5.381880e+00  5.372390e+00  
5.342960e+00  5.338770e+00  5.339080e+00  5.339300e+00  5.339480e+00  5.339430e+00  
9.786299e+00  9.786294e+00  9.786291e+00  9.786287e+00  9.786279e+00  9.786267e+00  
9.786248e+00  9.786219e+00  9.786173e+00  9.786098e+00  9.785982e+00  9.785797e+00  
9.785505e+00  9.785043e+00  9.784312e+00  9.783162e+00  9.781349e+00  9.778493e+00  
9.773991e+00  9.766866e+00  9.755526e+00  9.737380e+00  9.708157e+00  9.660349e+00  
9.579256e+00  9.431518e+00  9.154209e+00  8.740207e+00  8.324045e+00  7.946600e+00  
7.610383e+00  7.310861e+00  7.042682e+00  6.799207e+00  6.570869e+00  6.352145e+00  
6.146025e+00  5.955436e+00  5.780270e+00  5.617090e+00  5.463700e+00  5.321420e+00  
5.188510e+00  5.122790e+00  5.056690e+00  5.007260e+00  4.970870e+00  4.958410e+00  
4.935830e+00  4.932680e+00  4.932330e+00  4.932390e+00  4.932450e+00  4.932210e+00  
1.044143e+01  1.044142e+01  1.044141e+01  1.044140e+01  1.044138e+01  1.044136e+01  
1.044132e+01  1.044125e+01  1.044115e+01  1.044098e+01  1.044072e+01  1.044029e+01  
1.043964e+01  1.043860e+01  1.043695e+01  1.043435e+01  1.043025e+01  1.042377e+01  
1.041352e+01  1.039729e+01  1.037149e+01  1.033049e+01  1.026539e+01  1.016222e+01  
9.999759e+00  9.748421e+00  9.368419e+00  8.885316e+00  8.437683e+00  8.023989e+00  
7.642568e+00  7.292168e+00  6.972221e+00  6.680635e+00  6.414497e+00  6.170134e+00  
5.942355e+00  5.727741e+00  5.527341e+00  5.341200e+00  5.167310e+00  4.997760e+00  
4.827010e+00  4.744690e+00  4.670140e+00  4.616930e+00  4.552890e+00  4.535280e+00  
4.531300e+00  4.531730e+00  4.530020e+00  4.529680e+00  4.529380e+00  4.529080e+00  
1.096718e+01  1.096717e+01  1.096716e+01  1.096715e+01  1.096713e+01  1.096710e+01  
1.096705e+01  1.096698e+01  1.096686e+01  1.096666e+01  1.096636e+01  1.096589e+01  
1.096514e+01  1.096397e+01  1.096211e+01  1.095917e+01  1.095455e+01  1.094726e+01  
1.093570e+01  1.091734e+01  1.088808e+01  1.084146e+01  1.076713e+01  1.064841e+01  
1.045868e+01  1.015509e+01  9.672908e+00  9.040728e+00  8.455476e+00  7.937573e+00  
7.483431e+00  7.083543e+00  6.728402e+00  6.406800e+00  6.104372e+00  5.813542e+00  
5.538473e+00  5.282268e+00  5.043708e+00  4.819090e+00  4.604770e+00  4.402290e+00  
4.212270e+00  4.120900e+00  4.031980e+00  3.961940e+00  3.884790e+00  3.867760e+00  
3.861730e+00  3.861130e+00  3.859530e+00  3.859230e+00  3.859030e+00  3.858280e+00  
1.130664e+01  1.130662e+01  1.130662e+01  1.130660e+01  1.130658e+01  1.130654e+01  
1.130648e+01  1.130639e+01  1.130624e+01  1.130601e+01  1.130564e+01  1.130505e+01  
1.130412e+01  1.130266e+01  1.130036e+01  1.129674e+01  1.129103e+01  1.128200e+01  
1.126768e+01  1.124486e+01  1.120848e+01  1.115052e+01  1.105812e+01  1.091102e+01  
1.067853e+01  1.031580e+01  9.761166e+00  9.056096e+00  8.415935e+00  7.849121e+00  
7.349676e+00  6.906503e+00  6.508462e+00  6.146876e+00  5.812268e+00  5.498329e+00  
5.203707e+00  4.927365e+00  4.668140e+00  4.423558e+00  4.191540e+00  3.971740e+00  
3.764020e+00  3.663880e+00  3.565520e+00  3.489550e+00  3.416280e+00  3.397600e+00  
3.380790e+00  3.378590e+00  3.377270e+00  3.377110e+00  3.376990e+00  3.376780e+00  
1.152929e+01  1.152927e+01  1.152926e+01  1.152924e+01  1.152922e+01  1.152917e+01  
1.152910e+01  1.152899e+01  1.152882e+01  1.152855e+01  1.152812e+01  1.152743e+01  
1.152635e+01  1.152464e+01  1.152196e+01  1.151774e+01  1.151108e+01  1.150055e+01  
1.148378e+01  1.145703e+01  1.141441e+01  1.134643e+01  1.123808e+01  1.106629e+01  
1.079757e+01  1.038863e+01  9.787228e+00  9.044423e+00  8.378929e+00  7.782224e+00  
7.248026e+00  6.768258e+00  6.334808e+00  5.942120e+00  5.585059e+00  5.257642e+00  
4.952176e+00  4.663148e+00  4.390088e+00  4.132590e+00  3.890230e+00  3.660180e+00  
3.441430e+00  3.336470e+00  3.232270e+00  3.150940e+00  3.075060e+00  3.055750e+00  
3.037030e+00  3.034600e+00  3.033150e+00  3.032930e+00  3.032860e+00  3.033790e+00  
1.165218e+01  1.165216e+01  1.165215e+01  1.165213e+01  1.165209e+01  1.165205e+01  
1.165197e+01  1.165186e+01  1.165168e+01  1.165139e+01  1.165093e+01  1.165021e+01  
1.164907e+01  1.164728e+01  1.164447e+01  1.164004e+01  1.163306e+01  1.162199e+01  
1.160433e+01  1.157610e+01  1.153108e+01  1.145915e+01  1.134431e+01  1.116233e+01  
1.087790e+01  1.044618e+01  9.813813e+00  9.034575e+00  8.339364e+00  7.718121e+00  
7.162420e+00  6.662765e+00  6.209908e+00  5.798275e+00  5.423275e+00  5.079849e+00  
4.761720e+00  4.464022e+00  4.184871e+00  3.921327e+00  3.671227e+00  3.433260e+00  
3.206690e+00  3.097710e+00  2.989350e+00  2.904070e+00  2.822420e+00  2.802430e+00  
2.785280e+00  2.783080e+00  2.781310e+00  2.781080e+00  2.780890e+00  2.782570e+00  
1.179762e+01  1.179760e+01  1.179759e+01  1.179757e+01  1.179754e+01  1.179749e+01  
1.179741e+01  1.179729e+01  1.179710e+01  1.179679e+01  1.179630e+01  1.179553e+01  
1.179433e+01  1.179245e+01  1.178950e+01  1.178486e+01  1.177755e+01  1.176587e+01  
1.174714e+01  1.171717e+01  1.166920e+01  1.159221e+01  1.146906e+01  1.127401e+01  
1.096935e+01  1.050857e+01  9.836867e+00  9.011320e+00  8.278433e+00  7.626944e+00  
7.045311e+00  6.522484e+00  6.048377e+00  5.617132e+00  5.224053e+00  4.864084e+00  
4.531104e+00  4.220334e+00  3.929370e+00  3.654613e+00  3.393146e+00  3.143590e+00  
2.904100e+00  2.787880e+00  2.672230e+00  2.580580e+00  2.489960e+00  2.467750e+00  
2.451170e+00  2.449310e+00  2.447370e+00  2.447030e+00  2.446970e+00  2.447570e+00  
1.187697e+01  1.187695e+01  1.187694e+01  1.187692e+01  1.187688e+01  1.187683e+01  
1.187675e+01  1.187663e+01  1.187643e+01  1.187611e+01  1.187560e+01  1.187481e+01  
1.187358e+01  1.187166e+01  1.186865e+01  1.186395e+01  1.185648e+01  1.184447e+01  
1.182516e+01  1.179418e+01  1.174437e+01  1.166405e+01  1.153554e+01  1.133196e+01  
1.101427e+01  1.053542e+01  9.840494e+00  8.989408e+00  8.237617e+00  7.572191e+00  
6.979619e+00  6.447559e+00  5.965231e+00  5.526438e+00  5.126176e+00  4.758955e+00  
4.418227e+00  4.098872e+00  3.798719e+00  3.514590e+00  3.243468e+00  2.982693e+00  
2.729840e+00  2.606160e+00  2.483790e+00  2.386940e+00  2.288220e+00  2.263530e+00  
2.244580e+00  2.242410e+00  2.240460e+00  2.240210e+00  2.239980e+00  2.238530e+00  
1.193366e+01  1.193364e+01  1.193363e+01  1.193360e+01  1.193357e+01  1.193352e+01  
1.193344e+01  1.193331e+01  1.193310e+01  1.193278e+01  1.193227e+01  1.193150e+01  
1.193029e+01  1.192843e+01  1.192556e+01  1.192103e+01  1.191368e+01  1.190174e+01  
1.188241e+01  1.185103e+01  1.179973e+01  1.171654e+01  1.158324e+01  1.137168e+01  
1.104262e+01  1.054900e+01  9.835816e+00  8.966532e+00  8.204278e+00  7.530186e+00  
6.930732e+00  6.392904e+00  5.905578e+00  5.462138e+00  5.056981e+00  4.683882e+00  
4.335280e+00  4.005504e+00  3.692636e+00  3.394130e+00  3.106435e+00  2.823235e+00  
2.538970e+00  2.394910e+00  2.248230e+00  2.129210e+00  2.009860e+00  1.979200e+00  
1.954370e+00  1.951500e+00  1.949190e+00  1.948840e+00  1.948630e+00  1.946940e+00  
1.191456e+01  1.191454e+01  1.191453e+01  1.191451e+01  1.191447e+01  1.191442e+01  
1.191434e+01  1.191422e+01  1.191401e+01  1.191371e+01  1.191323e+01  1.191250e+01  
1.191140e+01  1.190971e+01  1.190713e+01  1.190296e+01  1.189607e+01  1.188477e+01  
1.186624e+01  1.183553e+01  1.178463e+01  1.170188e+01  1.156870e+01  1.135753e+01  
1.103047e+01  1.054153e+01  9.834556e+00  8.974003e+00  8.219819e+00  7.550125e+00  
6.952807e+00  6.415642e+00  5.928207e+00  5.484169e+00  5.078161e+00  4.704230e+00  
4.355179e+00  4.025055e+00  3.710401e+00  3.405993e+00  3.106030e+00  2.803843e+00  
2.491199e+00  2.327100e+00  2.152220e+00  2.004290e+00  1.859850e+00  1.825500e+00  
1.797750e+00  1.794230e+00  1.790940e+00  1.790440e+00  1.790170e+00  1.793010e+00  
1.181626e+01  1.181624e+01  1.181623e+01  1.181621e+01  1.181618e+01  1.181613e+01  
1.181606e+01  1.181594e+01  1.181577e+01  1.181550e+01  1.181511e+01  1.181454e+01  
1.181374e+01  1.181257e+01  1.181069e+01  1.180743e+01  1.180186e+01  1.179239e+01  
1.177602e+01  1.174746e+01  1.169947e+01  1.162042e+01  1.149255e+01  1.129123e+01  
1.098130e+01  1.051808e+01  9.845931e+00  9.021982e+00  8.289367e+00  7.630995e+00  
7.039197e+00  6.506401e+00  6.026099e+00  5.591727e+00  5.196436e+00  4.832265e+00  
4.489193e+00  4.159571e+00  3.840698e+00  3.528744e+00  3.216408e+00  2.888025e+00  
2.524420e+00  2.323047e+00  2.102310e+00  1.907350e+00  1.703440e+00  1.657140e+00  
1.630480e+00  1.627290e+00  1.620360e+00  1.618840e+00  1.619870e+00  1.630310e+00  
1.173699e+01  1.173697e+01  1.173695e+01  1.173693e+01  1.173690e+01  1.173686e+01  
1.173680e+01  1.173669e+01  1.173654e+01  1.173632e+01  1.173602e+01  1.173562e+01  
1.173513e+01  1.173442e+01  1.173314e+01  1.173069e+01  1.172625e+01  1.171815e+01  
1.170287e+01  1.167544e+01  1.162867e+01  1.155058e+01  1.142503e+01  1.122901e+01  
1.092928e+01  1.048045e+01  9.839129e+00  9.050899e+00  8.345862e+00  7.709933e+00  
7.136198e+00  6.617896e+00  6.149129e+00  5.723904e+00  5.335860e+00  4.977465e+00  
4.639120e+00  4.313133e+00  3.996135e+00  3.682946e+00  3.363556e+00  3.016460e+00  
2.614150e+00  2.382324e+00  2.121030e+00  1.884620e+00  1.629140e+00  1.569060e+00  
1.542930e+00  1.540430e+00  1.530300e+00  1.527840e+00  1.530250e+00  1.544300e+00  
1.166654e+01  1.166651e+01  1.166650e+01  1.166648e+01  1.166646e+01  1.166642e+01  
1.166636e+01  1.166626e+01  1.166614e+01  1.166597e+01  1.166578e+01  1.166560e+01  
1.166545e+01  1.166521e+01  1.166451e+01  1.166291e+01  1.165962e+01  1.165266e+01  
1.163832e+01  1.161209e+01  1.156625e+01  1.148947e+01  1.136713e+01  1.117761e+01  
1.088880e+01  1.045713e+01  9.842838e+00  9.086071e+00  8.404168e+00  7.785639e+00  
7.224837e+00  6.716104e+00  6.254608e+00  5.835253e+00  5.452638e+00  5.100463e+00  
4.770577e+00  4.455529e+00  4.149449e+00  3.842557e+00  3.520692e+00  3.160682e+00  
2.728422e+00  2.468631e+00  2.162805e+00  1.879960e+00  1.585780e+00  1.524360e+00  
1.491590e+00  1.486870e+00  1.475190e+00  1.472770e+00  1.475280e+00  1.490660e+00  
1.160327e+01  1.160325e+01  1.160324e+01  1.160323e+01  1.160320e+01  1.160316e+01  
1.160311e+01  1.160304e+01  1.160294e+01  1.160283e+01  1.160275e+01  1.160280e+01  
1.160298e+01  1.160317e+01  1.160303e+01  1.160226e+01  1.159996e+01  1.159377e+01  
1.158015e+01  1.155460e+01  1.150898e+01  1.143300e+01  1.131303e+01  1.112879e+01  
1.084692e+01  1.043325e+01  9.842430e+00  9.112195e+00  8.451070e+00  7.849047e+00  
7.301637e+00  6.804127e+00  6.352572e+00  5.942210e+00  5.567786e+00  5.223033e+00  
4.899758e+00  4.590289e+00  4.288509e+00  3.983945e+00  3.660928e+00  3.292904e+00  
2.839041e+00  2.558841e+00  2.220929e+00  1.902450e+00  1.564600e+00  1.492620e+00  
1.457160e+00  1.452330e+00  1.438670e+00  1.435770e+00  1.439040e+00  1.453930e+00  
1.150410e+01  1.150408e+01  1.150407e+01  1.150406e+01  1.150404e+01  1.150401e+01  
1.150397e+01  1.150392e+01  1.150389e+01  1.150392e+01  1.150412e+01  1.150462e+01  
1.150544e+01  1.150639e+01  1.150739e+01  1.150810e+01  1.150725e+01  1.150194e+01  
1.148921e+01  1.146365e+01  1.141740e+01  1.134194e+01  1.122500e+01  1.104784e+01  
1.077734e+01  1.039334e+01  9.840823e+00  9.152760e+00  8.526344e+00  7.952984e+00  
7.429611e+00  6.952688e+00  6.519379e+00  6.125441e+00  5.765944e+00  5.434814e+00  
5.123903e+00  4.825408e+00  4.532808e+00  4.234784e+00  3.913334e+00  3.536344e+00  
3.051324e+00  2.739162e+00  2.349056e+00  1.970893e+00  1.557370e+00  1.462110e+00  
1.411220e+00  1.406220e+00  1.394200e+00  1.391710e+00  1.396410e+00  1.406760e+00  
1.142988e+01  1.142987e+01  1.142986e+01  1.142984e+01  1.142982e+01  1.142979e+01  
1.142977e+01  1.142976e+01  1.142981e+01  1.143001e+01  1.143050e+01  1.143146e+01  
1.143285e+01  1.143457e+01  1.143666e+01  1.143865e+01  1.143861e+01  1.143389e+01  
1.142136e+01  1.139477e+01  1.134754e+01  1.127201e+01  1.115725e+01  1.098178e+01  
1.072547e+01  1.036318e+01  9.839597e+00  9.183713e+00  8.584525e+00  8.034365e+00  
7.530911e+00  7.071474e+00  6.653880e+00  6.274287e+00  5.927975e+00  5.609060e+00  
5.309344e+00  5.020972e+00  4.737287e+00  4.446493e+00  4.129293e+00  3.750070e+00  
3.247085e+00  2.912439e+00  2.481302e+00  2.051717e+00  1.568100e+00  1.452250e+00  
1.386810e+00  1.380570e+00  1.367760e+00  1.365060e+00  1.369230e+00  1.377570e+00  
1.136211e+01  1.136209e+01  1.136208e+01  1.136207e+01  1.136206e+01  1.136206e+01  
1.136208e+01  1.136218e+01  1.136248e+01  1.136314e+01  1.136445e+01  1.136643e+01  
1.136909e+01  1.137269e+01  1.137709e+01  1.138085e+01  1.138154e+01  1.137692e+01  
1.136177e+01  1.133075e+01  1.127909e+01  1.120049e+01  1.108308e+01  1.090694e+01  
1.066882e+01  1.032860e+01  9.836924e+00  9.223623e+00  8.666914e+00  8.158994e+00  
7.696564e+00  7.275720e+00  6.893067e+00  6.544795e+00  6.226483e+00  5.932199e+00  
5.653363e+00  5.382284e+00  5.114248e+00  4.840764e+00  4.543949e+00  4.182156e+00  
3.672411e+00  3.305057e+00  2.795002e+00  2.261671e+00  1.630060e+00  1.457470e+00  
1.364950e+00  1.352740e+00  1.330620e+00  1.329590e+00  1.325700e+00  1.336590e+00  
1.129357e+01  1.129355e+01  1.129355e+01  1.129355e+01  1.129355e+01  1.129357e+01  
1.129366e+01  1.129392e+01  1.129453e+01  1.129576e+01  1.129784e+01  1.130075e+01  
1.130478e+01  1.131017e+01  1.131629e+01  1.132081e+01  1.132200e+01  1.131617e+01  
1.129789e+01  1.126361e+01  1.120935e+01  1.113017e+01  1.100632e+01  1.084490e+01  
1.062285e+01  1.030317e+01  9.839010e+00  9.259301e+00  8.732122e+00  8.250882e+00  
7.812743e+00  7.414306e+00  7.052560e+00  6.724155e+00  6.425010e+00  6.149565e+00  
5.889487e+00  5.637217e+00  5.388041e+00  5.133228e+00  4.853740e+00  4.504423e+00  
3.993445e+00  3.613456e+00  3.071713e+00  2.480787e+00  1.716360e+00  1.490140e+00  
1.353930e+00  1.337370e+00  1.312910e+00  1.310920e+00  1.307260e+00  1.314950e+00  
1.117526e+01  1.117525e+01  1.117524e+01  1.117526e+01  1.117530e+01  1.117541e+01  
1.117570e+01  1.117636e+01  1.117773e+01  1.118010e+01  1.118354e+01  1.118836e+01  
1.119505e+01  1.120333e+01  1.121101e+01  1.121651e+01  1.121685e+01  1.120673e+01  
1.118334e+01  1.114443e+01  1.108841e+01  1.099979e+01  1.088912e+01  1.074974e+01  
1.055500e+01  1.027088e+01  9.852093e+00  9.322101e+00  8.833302e+00  8.382277e+00  
7.968716e+00  7.592289e+00  7.252982e+00  6.948415e+00  6.675069e+00  6.427904e+00  
6.199097e+00  5.980819e+00  5.766547e+00  5.543399e+00  5.289809e+00  4.964939e+00  
4.474919e+00  4.094536e+00  3.525352e+00  2.856612e+00  1.896276e+00  1.599160e+00  
1.348360e+00  1.317680e+00  1.296830e+00  1.293860e+00  1.288810e+00  1.292670e+00  
1.115083e+01  1.115082e+01  1.115083e+01  1.115086e+01  1.115095e+01  1.115119e+01  
1.115172e+01  1.115290e+01  1.115507e+01  1.115843e+01  1.116315e+01  1.116987e+01  
1.117882e+01  1.118853e+01  1.119692e+01  1.120221e+01  1.119935e+01  1.118460e+01  
1.115625e+01  1.111347e+01  1.105137e+01  1.095869e+01  1.085702e+01  1.072570e+01  
1.053988e+01  1.026705e+01  9.863918e+00  9.353707e+00  8.883677e+00  8.450938e+00  
8.055213e+00  7.696389e+00  7.374516e+00  7.087585e+00  6.832384e+00  6.604343e+00  
6.395973e+00  6.199762e+00  6.009380e+00  5.811744e+00  5.585468e+00  5.290863e+00  
4.831877e+00  4.462007e+00  3.887429e+00  3.176899e+00  2.069797e+00  1.700190e+00  
1.361730e+00  1.316550e+00  1.287320e+00  1.283960e+00  1.276360e+00  1.281370e+00  
1.114920e+01  1.114920e+01  1.114922e+01  1.114928e+01  1.114943e+01  1.114981e+01  
1.115065e+01  1.115238e+01  1.115531e+01  1.115956e+01  1.116563e+01  1.117412e+01  
1.118475e+01  1.119514e+01  1.120392e+01  1.120774e+01  1.120128e+01  1.118244e+01  
1.115000e+01  1.110447e+01  1.102935e+01  1.094456e+01  1.084780e+01  1.072053e+01  
1.053864e+01  1.027046e+01  9.874359e+00  9.374570e+00  8.915926e+00  8.495401e+00  
8.112299e+00  7.765897e+00  7.455756e+00  7.180277e+00  6.937149e+00  6.722902e+00  
6.531766e+00  6.356970e+00  6.190505e+00  6.015066e+00  5.805741e+00  5.524789e+00  
5.084750e+00  4.735575e+00  4.196807e+00  3.490259e+00  2.234526e+00  1.784370e+00  
1.377860e+00  1.322840e+00  1.282280e+00  1.276290e+00  1.272950e+00  1.274620e+00  
1.114580e+01  1.114581e+01  1.114585e+01  1.114594e+01  1.114617e+01  1.114673e+01  
1.114792e+01  1.115020e+01  1.115383e+01  1.115898e+01  1.116638e+01  1.117650e+01  
1.118816e+01  1.119908e+01  1.120779e+01  1.120941e+01  1.119970e+01  1.117729e+01  
1.114199e+01  1.109343e+01  1.101264e+01  1.093340e+01  1.084095e+01  1.071778e+01  
1.054030e+01  1.027709e+01  9.886565e+00  9.392794e+00  8.939954e+00  8.526591e+00  
8.151950e+00  7.814960e+00  7.514792e+00  7.249524e+00  7.016527e+00  6.812412e+00  
6.632228e+00  6.470187e+00  6.319235e+00  6.163323e+00  5.977865e+00  5.721945e+00  
5.304289e+00  4.966142e+00  4.440177e+00  3.733465e+00  2.397580e+00  1.879773e+00  
1.394410e+00  1.328030e+00  1.279290e+00  1.272840e+00  1.268570e+00  1.270150e+00  
1.114587e+01  1.114591e+01  1.114598e+01  1.114616e+01  1.114658e+01  1.114756e+01  
1.114951e+01  1.115285e+01  1.115774e+01  1.116476e+01  1.117467e+01  1.118723e+01  
1.119998e+01  1.121156e+01  1.121850e+01  1.121520e+01  1.119975e+01  1.117153e+01  
1.113237e+01  1.106494e+01  1.099353e+01  1.092082e+01  1.083323e+01  1.071410e+01  
1.054043e+01  1.028196e+01  9.899286e+00  9.417514e+00  8.976778e+00  8.574787e+00  
8.210918e+00  7.884519e+00  7.595251e+00  7.341835e+00  7.122421e+00  6.934048e+00  
6.771417e+00  6.628769e+00  6.500214e+00  6.371669e+00  6.220672e+00  6.008047e+00  
5.644556e+00  5.336614e+00  4.835060e+00  4.124367e+00  2.679180e+00  2.072295e+00  
1.435150e+00  1.339970e+00  1.276120e+00  1.270640e+00  1.260710e+00  1.264580e+00  
1.116693e+01  1.116700e+01  1.116711e+01  1.116740e+01  1.116808e+01  1.116953e+01  
1.117226e+01  1.117654e+01  1.118268e+01  1.119154e+01  1.120365e+01  1.121757e+01  
1.123105e+01  1.124246e+01  1.124625e+01  1.123846e+01  1.121805e+01  1.118583e+01  
1.114131e+01  1.106601e+01  1.100057e+01  1.093141e+01  1.084597e+01  1.072770e+01  
1.055371e+01  1.029417e+01  9.910945e+00  9.431149e+00  8.994965e+00  8.599775e+00  
8.244236e+00  7.926838e+00  7.646331e+00  7.401435e+00  7.190401e+00  7.010399e+00  
6.856300e+00  6.723694e+00  6.610801e+00  6.511441e+00  6.405732e+00  6.234239e+00  
5.890305e+00  5.594545e+00  5.128456e+00  4.452498e+00  2.936694e+00  2.243894e+00  
1.473600e+00  1.357470e+00  1.276650e+00  1.267420e+00  1.259620e+00  1.261150e+00  
1.115803e+01  1.115821e+01  1.115849e+01  1.115916e+01  1.116060e+01  1.116337e+01  
1.116784e+01  1.117428e+01  1.118364e+01  1.119665e+01  1.121221e+01  1.122777e+01  
1.124195e+01  1.124932e+01  1.124510e+01  1.122824e+01  1.119946e+01  1.116131e+01  
1.108907e+01  1.102951e+01  1.097363e+01  1.091182e+01  1.083255e+01  1.072003e+01  
1.055223e+01  1.030043e+01  9.927647e+00  9.459965e+00  9.034113e+00  8.648093e+00  
8.300803e+00  7.991195e+00  7.718498e+00  7.482272e+00  7.281958e+00  7.116506e+00  
6.983418e+00  6.879743e+00  6.801234e+00  6.735028e+00  6.660498e+00  6.541561e+00  
6.292376e+00  6.055559e+00  5.650561e+00  5.028347e+00  3.471106e+00  2.617379e+00  
1.575410e+00  1.411620e+00  1.281380e+00  1.267540e+00  1.251440e+00  1.256490e+00  
1.115619e+01  1.115654e+01  1.115705e+01  1.115819e+01  1.116053e+01  1.116456e+01  
1.117053e+01  1.117919e+01  1.119156e+01  1.120760e+01  1.122457e+01  1.124111e+01  
1.125346e+01  1.125521e+01  1.124439e+01  1.122073e+01  1.118773e+01  1.112624e+01  
1.106389e+01  1.101207e+01  1.096184e+01  1.090456e+01  1.082915e+01  1.072031e+01  
1.055647e+01  1.030893e+01  9.940263e+00  9.476514e+00  9.053481e+00  8.670231e+00  
8.326151e+00  8.020931e+00  7.754363e+00  7.525756e+00  7.333731e+00  7.176839e+00  
7.053151e+00  6.960576e+00  6.896676e+00  6.851743e+00  6.808745e+00  6.734106e+00  
6.544448e+00  6.345376e+00  5.990171e+00  5.424842e+00  3.884345e+00  2.934583e+00  
1.675540e+00  1.467030e+00  1.289490e+00  1.269060e+00  1.249190e+00  1.254130e+00  
1.117299e+01  1.117382e+01  1.117493e+01  1.117724e+01  1.118135e+01  1.118752e+01  
1.119647e+01  1.120937e+01  1.122652e+01  1.124525e+01  1.126394e+01  1.127931e+01  
1.128436e+01  1.127651e+01  1.125530e+01  1.122428e+01  1.116770e+01  1.110304e+01  
1.105327e+01  1.100964e+01  1.096519e+01  1.091176e+01  1.083858e+01  1.073061e+01  
1.056650e+01  1.031799e+01  9.948876e+00  9.486978e+00  9.067934e+00  8.690102e+00  
8.352310e+00  8.053769e+00  7.793860e+00  7.572141e+00  7.387905e+00  7.239771e+00  
7.124561e+00  7.040614e+00  6.990134e+00  6.973049e+00  6.979163e+00  6.963649e+00  
6.843576e+00  6.697712e+00  6.417867e+00  5.927739e+00  4.462388e+00  3.478765e+00  
1.866251e+00  1.568000e+00  1.308470e+00  1.278510e+00  1.250360e+00  1.251750e+00  
1.117468e+01  1.117617e+01  1.117803e+01  1.118157e+01  1.118721e+01  1.119538e+01  
1.120731e+01  1.122391e+01  1.124357e+01  1.126370e+01  1.128260e+01  1.129350e+01  
1.129162e+01  1.127600e+01  1.124850e+01  1.121182e+01  1.113611e+01  1.108247e+01  
1.103954e+01  1.100088e+01  1.096003e+01  1.090914e+01  1.083774e+01  1.073107e+01  
1.056805e+01  1.032071e+01  9.953235e+00  9.493517e+00  9.076702e+00  8.701248e+00  
8.366095e+00  8.070493e+00  7.813853e+00  7.595802e+00  7.415785e+00  7.272539e+00  
7.163078e+00  7.086119e+00  7.044727e+00  7.040311e+00  7.065605e+00  7.081761e+00  
7.014775e+00  6.906439e+00  6.673901e+00  6.245631e+00  4.891304e+00  3.880405e+00  
2.042882e+00  1.675180e+00  1.330030e+00  1.287450e+00  1.250110e+00  1.250580e+00  
1.117579e+01  1.117808e+01  1.118077e+01  1.118547e+01  1.119248e+01  1.120270e+01  
1.121742e+01  1.123677e+01  1.125771e+01  1.127882e+01  1.129598e+01  1.130180e+01  
1.129399e+01  1.127234e+01  1.124136e+01  1.117950e+01  1.111593e+01  1.106885e+01  
1.103052e+01  1.099521e+01  1.095674e+01  1.090747e+01  1.083720e+01  1.073134e+01  
1.056896e+01  1.032228e+01  9.955731e+00  9.497304e+00  9.081827e+00  8.707863e+00  
8.374379e+00  8.080595e+00  7.826034e+00  7.610312e+00  7.432954e+00  7.292768e+00  
7.186884e+00  7.114194e+00  7.078360e+00  7.081772e+00  7.119225e+00  7.156201e+00  
7.125747e+00  7.044465e+00  6.847977e+00  6.469226e+00  5.216402e+00  4.203085e+00  
2.207643e+00  1.778790e+00  1.352350e+00  1.296700e+00  1.250780e+00  1.249880e+00  
1.115522e+01  1.115845e+01  1.116197e+01  1.116771e+01  1.117608e+01  1.118832e+01  
1.120556e+01  1.122665e+01  1.124860e+01  1.126995e+01  1.128413e+01  1.128528e+01  
1.127225e+01  1.124636e+01  1.121270e+01  1.113643e+01  1.108047e+01  1.103821e+01  
1.100355e+01  1.097115e+01  1.093512e+01  1.088818e+01  1.082055e+01  1.071810e+01  
1.056038e+01  1.031957e+01  9.959112e+00  9.504983e+00  9.090867e+00  8.716951e+00  
8.382906e+00  8.088623e+00  7.834190e+00  7.619348e+00  7.443498e+00  7.305970e+00  
7.205426e+00  7.141135e+00  7.113490e+00  7.117410e+00  7.145151e+00  7.183445e+00  
7.194572e+00  7.150262e+00  6.988451e+00  6.636904e+00  5.461297e+00  4.474968e+00  
2.364617e+00  1.878521e+00  1.374790e+00  1.306590e+00  1.251450e+00  1.249410e+00  
1.115536e+01  1.116076e+01  1.116586e+01  1.117347e+01  1.118459e+01  1.120063e+01  
1.122174e+01  1.124472e+01  1.126808e+01  1.128740e+01  1.129481e+01  1.128811e+01  
1.126660e+01  1.123589e+01  1.117171e+01  1.110663e+01  1.105992e+01  1.102408e+01  
1.099410e+01  1.096502e+01  1.093126e+01  1.088588e+01  1.081931e+01  1.071765e+01  
1.056060e+01  1.032050e+01  9.961029e+00  9.508260e+00  9.095593e+00  8.723166e+00  
8.390659e+00  8.097924e+00  7.845109e+00  7.632036e+00  7.458315e+00  7.323406e+00  
7.226070e+00  7.165717e+00  7.143189e+00  7.154307e+00  7.192814e+00  7.248326e+00  
7.291430e+00  7.276953e+00  7.167149e+00  6.882951e+00  5.827222e+00  4.895455e+00  
2.657818e+00  2.066213e+00  1.419420e+00  1.325480e+00  1.255110e+00  1.248830e+00  
1.115576e+01  1.116356e+01  1.116940e+01  1.117939e+01  1.119329e+01  1.121271e+01  
1.123599e+01  1.125944e+01  1.128406e+01  1.130006e+01  1.130038e+01  1.128662e+01  
1.125992e+01  1.122499e+01  1.114306e+01  1.108746e+01  1.104668e+01  1.101518e+01  
1.098831e+01  1.096138e+01  1.092908e+01  1.088465e+01  1.081872e+01  1.071750e+01  
1.056077e+01  1.032105e+01  9.962162e+00  9.510261e+00  9.098522e+00  8.727055e+00  
8.395508e+00  8.103691e+00  7.851747e+00  7.639632e+00  7.467179e+00  7.333969e+00  
7.238671e+00  7.180748e+00  7.161338e+00  7.176863e+00  7.222048e+00  7.288386e+00  
7.351239e+00  7.355791e+00  7.283291e+00  7.051152e+00  6.090356e+00  5.213133e+00  
2.918513e+00  2.238992e+00  1.463580e+00  1.345080e+00  1.259490e+00  1.248480e+00  
