4.760976e+00  4.760978e+00  4.760979e+00  4.760980e+00  4.760983e+00  4.760987e+00  
4.760994e+00  4.761004e+00  4.761020e+00  4.761046e+00  4.761087e+00  4.761153e+00  
4.761256e+00  4.761420e+00  4.761679e+00  4.762091e+00  4.762742e+00  4.763775e+00  
4.765411e+00  4.768004e+00  4.772114e+00  4.778615e+00  4.788879e+00  4.804980e+00  
4.829823e+00  4.866556e+00  4.917514e+00  4.974137e+00  5.016649e+00  5.046115e+00  
5.063505e+00  5.070761e+00  5.070607e+00  5.064009e+00  5.051818e+00  5.035160e+00  
5.014410e+00  4.990180e+00  4.963360e+00  4.936320e+00  4.911770e+00  4.891600e+00  
4.877190e+00  4.871500e+00  4.865270e+00  4.859010e+00  4.850020e+00  4.847300e+00  
4.845200e+00  4.844930e+00  4.844720e+00  4.844690e+00  4.844670e+00  4.844670e+00  
5.456718e+00  5.456720e+00  5.456721e+00  5.456723e+00  5.456726e+00  5.456730e+00  
5.456737e+00  5.456748e+00  5.456766e+00  5.456794e+00  5.456838e+00  5.456908e+00  
5.457018e+00  5.457194e+00  5.457473e+00  5.457915e+00  5.458615e+00  5.459725e+00  
5.461484e+00  5.464272e+00  5.468689e+00  5.475676e+00  5.486698e+00  5.503950e+00  
5.530400e+00  5.568820e+00  5.619967e+00  5.672094e+00  5.703869e+00  5.715968e+00  
5.710416e+00  5.691122e+00  5.663250e+00  5.628153e+00  5.586380e+00  5.539700e+00  
5.490540e+00  5.440960e+00  5.390800e+00  5.339340e+00  5.286500e+00  5.234770e+00  
5.187590e+00  5.166020e+00  5.144410e+00  5.127830e+00  5.115210e+00  5.112140e+00  
5.109400e+00  5.109070e+00  5.108820e+00  5.108790e+00  5.108780e+00  5.108740e+00  
5.950511e+00  5.950513e+00  5.950515e+00  5.950517e+00  5.950520e+00  5.950525e+00  
5.950533e+00  5.950547e+00  5.950567e+00  5.950600e+00  5.950652e+00  5.950735e+00  
5.950866e+00  5.951074e+00  5.951402e+00  5.951923e+00  5.952749e+00  5.954058e+00  
5.956132e+00  5.959419e+00  5.964623e+00  5.972847e+00  5.985777e+00  6.005833e+00  
6.035846e+00  6.076475e+00  6.122436e+00  6.156266e+00  6.162666e+00  6.149415e+00  
6.120021e+00  6.078574e+00  6.030108e+00  5.974911e+00  5.911728e+00  5.841900e+00  
5.770080e+00  5.700110e+00  5.631700e+00  5.563140e+00  5.493730e+00  5.427060e+00  
5.364560e+00  5.333440e+00  5.304280e+00  5.284070e+00  5.266470e+00  5.262190e+00  
5.258840e+00  5.258420e+00  5.258110e+00  5.258050e+00  5.258020e+00  5.257990e+00  
6.650709e+00  6.650711e+00  6.650713e+00  6.650715e+00  6.650718e+00  6.650723e+00  
6.650732e+00  6.650745e+00  6.650766e+00  6.650800e+00  6.650853e+00  6.650937e+00  
6.651070e+00  6.651282e+00  6.651616e+00  6.652147e+00  6.652989e+00  6.654323e+00  
6.656438e+00  6.659788e+00  6.665092e+00  6.673465e+00  6.686579e+00  6.706713e+00  
6.735954e+00  6.771838e+00  6.801291e+00  6.800795e+00  6.764554e+00  6.706863e+00  
6.632815e+00  6.547185e+00  6.455666e+00  6.359886e+00  6.260391e+00  6.159310e+00  
6.059040e+00  5.961560e+00  5.867230e+00  5.775920e+00  5.687600e+00  5.602580e+00  
5.522680e+00  5.485990e+00  5.451410e+00  5.425900e+00  5.401000e+00  5.395110e+00  
5.390450e+00  5.389850e+00  5.389400e+00  5.389340e+00  5.389310e+00  5.389270e+00  
7.145068e+00  7.145070e+00  7.145071e+00  7.145073e+00  7.145076e+00  7.145081e+00  
7.145089e+00  7.145102e+00  7.145122e+00  7.145153e+00  7.145203e+00  7.145282e+00  
7.145406e+00  7.145605e+00  7.145918e+00  7.146416e+00  7.147204e+00  7.148454e+00  
7.150437e+00  7.153580e+00  7.158554e+00  7.166396e+00  7.178637e+00  7.197218e+00  
7.223294e+00  7.251363e+00  7.261363e+00  7.225496e+00  7.148325e+00  7.049483e+00  
6.935541e+00  6.811913e+00  6.684937e+00  6.556917e+00  6.429348e+00  6.304580e+00  
6.183150e+00  6.065570e+00  5.952690e+00  5.845490e+00  5.744500e+00  5.648160e+00  
5.558970e+00  5.520160e+00  5.483460e+00  5.455260e+00  5.425810e+00  5.418850e+00  
5.413340e+00  5.412600e+00  5.412070e+00  5.411990e+00  5.411940e+00  5.411940e+00  
7.542371e+00  7.542372e+00  7.542372e+00  7.542373e+00  7.542375e+00  7.542377e+00  
7.542381e+00  7.542386e+00  7.542395e+00  7.542409e+00  7.542430e+00  7.542465e+00  
7.542521e+00  7.542608e+00  7.542747e+00  7.542967e+00  7.543317e+00  7.543873e+00  
7.544755e+00  7.546155e+00  7.548376e+00  7.551884e+00  7.557345e+00  7.565514e+00  
7.576360e+00  7.585121e+00  7.575958e+00  7.525435e+00  7.433341e+00  7.305655e+00  
7.151572e+00  6.984343e+00  6.819018e+00  6.659471e+00  6.506291e+00  6.361340e+00  
6.224990e+00  6.096960e+00  5.975970e+00  5.858240e+00  5.741740e+00  5.632460e+00  
5.539070e+00  5.499450e+00  5.461090e+00  5.430560e+00  5.398750e+00  5.391010e+00  
5.384950e+00  5.384210e+00  5.383560e+00  5.383510e+00  5.383450e+00  5.383450e+00  
7.854330e+00  7.854330e+00  7.854331e+00  7.854331e+00  7.854332e+00  7.854333e+00  
7.854335e+00  7.854338e+00  7.854343e+00  7.854350e+00  7.854362e+00  7.854380e+00  
7.854410e+00  7.854456e+00  7.854530e+00  7.854648e+00  7.854835e+00  7.855132e+00  
7.855606e+00  7.856362e+00  7.857566e+00  7.859466e+00  7.862379e+00  7.866481e+00  
7.870705e+00  7.868223e+00  7.839300e+00  7.759408e+00  7.635889e+00  7.475947e+00  
7.290160e+00  7.093240e+00  6.901631e+00  6.719321e+00  6.546788e+00  6.385410e+00  
6.234860e+00  6.094020e+00  5.961470e+00  5.833150e+00  5.707000e+00  5.589710e+00  
5.490860e+00  5.449550e+00  5.409650e+00  5.377790e+00  5.344430e+00  5.336310e+00  
5.329950e+00  5.329170e+00  5.328480e+00  5.328420e+00  5.328350e+00  5.328370e+00  
8.318305e+00  8.318306e+00  8.318307e+00  8.318307e+00  8.318309e+00  8.318311e+00  
8.318315e+00  8.318321e+00  8.318330e+00  8.318343e+00  8.318366e+00  8.318402e+00  
8.318459e+00  8.318549e+00  8.318693e+00  8.318921e+00  8.319282e+00  8.319859e+00  
8.320776e+00  8.322236e+00  8.324555e+00  8.328191e+00  8.333700e+00  8.341216e+00  
8.347929e+00  8.338001e+00  8.269970e+00  8.108556e+00  7.896996e+00  7.669548e+00  
7.436809e+00  7.206029e+00  6.984899e+00  6.774658e+00  6.574654e+00  6.385320e+00  
6.206680e+00  6.037880e+00  5.879510e+00  5.731710e+00  5.594600e+00  5.467860e+00  
5.356120e+00  5.309410e+00  5.265950e+00  5.232900e+00  5.198090e+00  5.189840e+00  
5.183340e+00  5.182450e+00  5.181820e+00  5.181750e+00  5.181680e+00  5.181680e+00  
8.688855e+00  8.688855e+00  8.688856e+00  8.688856e+00  8.688856e+00  8.688857e+00  
8.688858e+00  8.688860e+00  8.688863e+00  8.688868e+00  8.688874e+00  8.688885e+00  
8.688902e+00  8.688931e+00  8.688975e+00  8.689046e+00  8.689161e+00  8.689347e+00  
8.689648e+00  8.690138e+00  8.690927e+00  8.692149e+00  8.693827e+00  8.695158e+00  
8.691479e+00  8.662707e+00  8.559365e+00  8.345363e+00  8.080984e+00  7.805272e+00  
7.529849e+00  7.262376e+00  7.010599e+00  6.774098e+00  6.550243e+00  6.337980e+00  
6.139010e+00  5.952810e+00  5.779330e+00  5.617060e+00  5.465290e+00  5.326000e+00  
5.204280e+00  5.152220e+00  5.104410e+00  5.069550e+00  5.034890e+00  5.026740e+00  
5.020330e+00  5.019480e+00  5.018870e+00  5.018770e+00  5.018720e+00  5.018700e+00  
9.346825e+00  9.346824e+00  9.346823e+00  9.346821e+00  9.346819e+00  9.346816e+00  
9.346811e+00  9.346803e+00  9.346791e+00  9.346771e+00  9.346739e+00  9.346689e+00  
9.346611e+00  9.346486e+00  9.346290e+00  9.345979e+00  9.345492e+00  9.344727e+00  
9.343530e+00  9.341662e+00  9.338747e+00  9.334141e+00  9.326604e+00  9.313141e+00  
9.284930e+00  9.213081e+00  9.032821e+00  8.710047e+00  8.341683e+00  7.974951e+00  
7.621986e+00  7.289570e+00  6.984217e+00  6.701209e+00  6.435156e+00  6.181461e+00  
5.945260e+00  5.726800e+00  5.524460e+00  5.333640e+00  5.152050e+00  4.985870e+00  
4.839660e+00  4.773300e+00  4.713510e+00  4.673460e+00  4.639510e+00  4.631770e+00  
4.625820e+00  4.625080e+00  4.624520e+00  4.624430e+00  4.624400e+00  4.624370e+00  
1.005843e+01  1.005842e+01  1.005842e+01  1.005841e+01  1.005839e+01  1.005838e+01  
1.005834e+01  1.005829e+01  1.005821e+01  1.005808e+01  1.005788e+01  1.005755e+01  
1.005704e+01  1.005621e+01  1.005492e+01  1.005288e+01  1.004964e+01  1.004452e+01  
1.003643e+01  1.002368e+01  1.000357e+01  9.971910e+00  9.922020e+00  9.843251e+00  
9.718461e+00  9.520722e+00  9.209801e+00  8.798267e+00  8.400777e+00  8.018134e+00  
7.650255e+00  7.297031e+00  6.958330e+00  6.633816e+00  6.327047e+00  6.036838e+00  
5.765740e+00  5.512060e+00  5.276370e+00  5.059880e+00  4.863060e+00  4.682610e+00  
4.520580e+00  4.452770e+00  4.399930e+00  4.365970e+00  4.296340e+00  4.269030e+00  
4.278960e+00  4.284180e+00  4.281720e+00  4.280090e+00  4.282910e+00  4.281130e+00  
1.039981e+01  1.039981e+01  1.039980e+01  1.039980e+01  1.039979e+01  1.039977e+01  
1.039976e+01  1.039972e+01  1.039967e+01  1.039959e+01  1.039946e+01  1.039926e+01  
1.039893e+01  1.039842e+01  1.039762e+01  1.039634e+01  1.039433e+01  1.039118e+01  
1.038624e+01  1.037852e+01  1.036646e+01  1.034756e+01  1.031748e+01  1.026783e+01  
1.017998e+01  1.000743e+01  9.660818e+00  9.124357e+00  8.571053e+00  8.056114e+00  
7.586371e+00  7.160160e+00  6.772274e+00  6.417264e+00  6.086452e+00  5.771003e+00  
5.476630e+00  5.203660e+00  4.947800e+00  4.703190e+00  4.466870e+00  4.245560e+00  
4.038400e+00  3.936740e+00  3.845820e+00  3.788920e+00  3.750510e+00  3.742650e+00  
3.736980e+00  3.736360e+00  3.735870e+00  3.735770e+00  3.735770e+00  3.735770e+00  
1.079193e+01  1.079192e+01  1.079192e+01  1.079191e+01  1.079190e+01  1.079188e+01  
1.079185e+01  1.079181e+01  1.079173e+01  1.079162e+01  1.079144e+01  1.079114e+01  
1.079068e+01  1.078995e+01  1.078880e+01  1.078699e+01  1.078414e+01  1.077967e+01  
1.077268e+01  1.076178e+01  1.074478e+01  1.071819e+01  1.067597e+01  1.060664e+01  
1.048639e+01  1.026172e+01  9.836016e+00  9.208348e+00  8.583338e+00  8.015048e+00  
7.505479e+00  7.047644e+00  6.631270e+00  6.250151e+00  5.897270e+00  5.561660e+00  
5.247120e+00  4.954640e+00  4.678430e+00  4.413400e+00  4.156610e+00  3.912090e+00  
3.676680e+00  3.559770e+00  3.454520e+00  3.387670e+00  3.341920e+00  3.332680e+00  
3.326000e+00  3.325270e+00  3.324680e+00  3.324560e+00  3.324550e+00  3.324560e+00  
1.124206e+01  1.124204e+01  1.124204e+01  1.124202e+01  1.124200e+01  1.124197e+01  
1.124191e+01  1.124182e+01  1.124168e+01  1.124146e+01  1.124110e+01  1.124054e+01  
1.123966e+01  1.123825e+01  1.123604e+01  1.123254e+01  1.122702e+01  1.121836e+01  
1.120477e+01  1.118348e+01  1.115019e+01  1.109801e+01  1.101569e+01  1.088427e+01  
1.067274e+01  1.033612e+01  9.817735e+00  9.157669e+00  8.545959e+00  7.979396e+00  
7.454865e+00  6.969314e+00  6.519381e+00  6.104550e+00  5.726409e+00  5.375306e+00  
5.048102e+00  4.743770e+00  4.456440e+00  4.184460e+00  3.923730e+00  3.663120e+00  
3.396040e+00  3.266230e+00  3.151550e+00  3.077690e+00  3.020850e+00  3.014290e+00  
3.004510e+00  3.002880e+00  3.002510e+00  3.002390e+00  3.002590e+00  3.002410e+00  
1.143230e+01  1.143228e+01  1.143227e+01  1.143226e+01  1.143223e+01  1.143220e+01  
1.143213e+01  1.143204e+01  1.143188e+01  1.143163e+01  1.143125e+01  1.143063e+01  
1.142966e+01  1.142814e+01  1.142571e+01  1.142190e+01  1.141589e+01  1.140647e+01  
1.139173e+01  1.136869e+01  1.133275e+01  1.127644e+01  1.118736e+01  1.104429e+01  
1.081267e+01  1.044412e+01  9.880404e+00  9.168938e+00  8.515054e+00  7.914777e+00  
7.363675e+00  6.856455e+00  6.390559e+00  5.965212e+00  5.579508e+00  5.222425e+00  
4.888657e+00  4.577680e+00  4.282580e+00  4.000970e+00  3.728380e+00  3.453680e+00  
3.170500e+00  3.032210e+00  2.909590e+00  2.829530e+00  2.764600e+00  2.755430e+00  
2.744350e+00  2.742640e+00  2.742060e+00  2.741930e+00  2.742050e+00  2.741880e+00  
1.169101e+01  1.169099e+01  1.169098e+01  1.169096e+01  1.169094e+01  1.169088e+01  
1.169081e+01  1.169070e+01  1.169053e+01  1.169026e+01  1.168981e+01  1.168912e+01  
1.168801e+01  1.168628e+01  1.168354e+01  1.167925e+01  1.167250e+01  1.166196e+01  
1.164554e+01  1.162004e+01  1.158036e+01  1.151818e+01  1.141897e+01  1.125739e+01  
1.099313e+01  1.057350e+01  9.938991e+00  9.148577e+00  8.431187e+00  7.780808e+00  
7.191118e+00  6.653866e+00  6.165622e+00  5.727809e+00  5.333145e+00  4.969351e+00  
4.627965e+00  4.308330e+00  4.003930e+00  3.710320e+00  3.422660e+00  3.129990e+00  
2.826240e+00  2.676750e+00  2.542630e+00  2.452110e+00  2.372740e+00  2.358700e+00  
2.344950e+00  2.343040e+00  2.342070e+00  2.341920e+00  2.341880e+00  2.341750e+00  
1.184926e+01  1.184924e+01  1.184923e+01  1.184921e+01  1.184918e+01  1.184912e+01  
1.184905e+01  1.184893e+01  1.184874e+01  1.184843e+01  1.184795e+01  1.184719e+01  
1.184599e+01  1.184410e+01  1.184113e+01  1.183646e+01  1.182916e+01  1.181781e+01  
1.180024e+01  1.177305e+01  1.173089e+01  1.166455e+01  1.155749e+01  1.138058e+01  
1.108928e+01  1.062919e+01  9.941022e+00  9.093101e+00  8.332746e+00  7.650350e+00  
7.037158e+00  6.484668e+00  5.986629e+00  5.544595e+00  5.146986e+00  4.779386e+00  
4.430284e+00  4.097700e+00  3.779580e+00  3.472330e+00  3.174140e+00  2.876240e+00  
2.572470e+00  2.421310e+00  2.277650e+00  2.173410e+00  2.084480e+00  2.064740e+00  
2.049210e+00  2.047400e+00  2.045880e+00  2.045690e+00  2.045530e+00  2.045450e+00  
1.218502e+01  1.218500e+01  1.218498e+01  1.218496e+01  1.218492e+01  1.218486e+01  
1.218476e+01  1.218462e+01  1.218438e+01  1.218401e+01  1.218342e+01  1.218250e+01  
1.218103e+01  1.217874e+01  1.217515e+01  1.216956e+01  1.216091e+01  1.214760e+01  
1.212719e+01  1.209589e+01  1.204725e+01  1.196921e+01  1.183890e+01  1.161819e+01  
1.125565e+01  1.069703e+01  9.887714e+00  8.922131e+00  8.087314e+00  7.358957e+00  
6.716179e+00  6.146115e+00  5.638634e+00  5.185981e+00  4.776683e+00  4.397029e+00  
4.035939e+00  3.690578e+00  3.365620e+00  3.055360e+00  2.755920e+00  2.455990e+00  
2.145980e+00  1.988080e+00  1.832180e+00  1.712260e+00  1.603430e+00  1.577670e+00  
1.557060e+00  1.554620e+00  1.552580e+00  1.552310e+00  1.552110e+00  1.552050e+00  
1.241916e+01  1.241913e+01  1.241911e+01  1.241909e+01  1.241905e+01  1.241898e+01  
1.241888e+01  1.241871e+01  1.241844e+01  1.241802e+01  1.241736e+01  1.241631e+01  
1.241468e+01  1.241211e+01  1.240812e+01  1.240195e+01  1.239249e+01  1.237809e+01  
1.235626e+01  1.232293e+01  1.227053e+01  1.218373e+01  1.203380e+01  1.177683e+01  
1.135963e+01  1.072851e+01  9.832269e+00  8.785232e+00  7.897928e+00  7.138730e+00  
6.479688e+00  5.899548e+00  5.387118e+00  4.929453e+00  4.513384e+00  4.127054e+00  
3.760086e+00  3.409034e+00  3.080116e+00  2.772270e+00  2.477380e+00  2.182800e+00  
1.876790e+00  1.718510e+00  1.557650e+00  1.429240e+00  1.309360e+00  1.279970e+00  
1.256250e+00  1.253430e+00  1.251070e+00  1.250740e+00  1.250530e+00  1.250500e+00  
1.280514e+01  1.280511e+01  1.280509e+01  1.280506e+01  1.280501e+01  1.280494e+01  
1.280481e+01  1.280462e+01  1.280431e+01  1.280383e+01  1.280307e+01  1.280188e+01  
1.280002e+01  1.279715e+01  1.279275e+01  1.278606e+01  1.277603e+01  1.276115e+01  
1.273901e+01  1.270492e+01  1.264828e+01  1.254670e+01  1.236288e+01  1.205009e+01  
1.155593e+01  1.082397e+01  9.809700e+00  8.653664e+00  7.691810e+00  6.883886e+00  
6.202479e+00  5.612621e+00  5.090752e+00  4.623588e+00  4.197692e+00  3.802563e+00  
3.429099e+00  3.073290e+00  2.739116e+00  2.432410e+00  2.143560e+00  1.857070e+00  
1.560950e+00  1.406890e+00  1.247120e+00  1.114940e+00  9.828600e-01  9.492700e-01  
9.222700e-01  9.190200e-01  9.162800e-01  9.159300e-01  9.156500e-01  9.156300e-01  
1.316131e+01  1.316128e+01  1.316125e+01  1.316122e+01  1.316116e+01  1.316108e+01  
1.316094e+01  1.316073e+01  1.316039e+01  1.315986e+01  1.315902e+01  1.315773e+01  
1.315572e+01  1.315264e+01  1.314801e+01  1.314113e+01  1.313107e+01  1.311654e+01  
1.309509e+01  1.306072e+01  1.299849e+01  1.287904e+01  1.266138e+01  1.230142e+01  
1.174565e+01  1.093949e+01  9.855677e+00  8.643876e+00  7.648997e+00  6.808539e+00  
6.101361e+00  5.494184e+00  4.957923e+00  4.477106e+00  4.038550e+00  3.632653e+00  
3.253602e+00  2.897856e+00  2.564668e+00  2.254796e+00  1.964740e+00  1.679890e+00  
1.390780e+00  1.240570e+00  1.083640e+00  9.512000e-01  8.117100e-01  7.757200e-01  
7.469900e-01  7.431800e-01  7.403800e-01  7.400500e-01  7.397500e-01  7.396700e-01  
1.350648e+01  1.350644e+01  1.350642e+01  1.350639e+01  1.350632e+01  1.350623e+01  
1.350608e+01  1.350586e+01  1.350550e+01  1.350494e+01  1.350406e+01  1.350271e+01  
1.350063e+01  1.349750e+01  1.349289e+01  1.348621e+01  1.347679e+01  1.346360e+01  
1.344399e+01  1.341001e+01  1.334187e+01  1.320522e+01  1.296007e+01  1.256554e+01  
1.196420e+01  1.110332e+01  9.965732e+00  8.700618e+00  7.673737e+00  6.808294e+00  
6.080953e+00  5.459030e+00  4.910812e+00  4.418597e+00  3.969955e+00  3.555800e+00  
3.170383e+00  2.809752e+00  2.471978e+00  2.156286e+00  1.863030e+00  1.579440e+00  
1.293260e+00  1.144650e+00  9.880100e-01  8.538700e-01  7.092100e-01  6.713300e-01  
6.411300e-01  6.371400e-01  6.342100e-01  6.338500e-01  6.335400e-01  6.334100e-01  
1.382367e+01  1.382363e+01  1.382361e+01  1.382356e+01  1.382351e+01  1.382342e+01  
1.382326e+01  1.382302e+01  1.382264e+01  1.382206e+01  1.382117e+01  1.381979e+01  
1.381770e+01  1.381462e+01  1.381018e+01  1.380401e+01  1.379569e+01  1.378446e+01  
1.376721e+01  1.373341e+01  1.365848e+01  1.350546e+01  1.323815e+01  1.281689e+01  
1.217995e+01  1.127782e+01  1.009939e+01  8.789125e+00  7.734213e+00  6.851000e+00  
6.108029e+00  5.472357e+00  4.912418e+00  4.409705e+00  3.951572e+00  3.529268e+00  
3.137217e+00  2.771158e+00  2.428351e+00  2.106678e+00  1.806968e+00  1.522620e+00  
1.236770e+00  1.088060e+00  9.300400e-01  7.932700e-01  6.435900e-01  6.040300e-01  
5.724200e-01  5.682600e-01  5.651900e-01  5.648100e-01  5.645000e-01  5.643300e-01  
1.433906e+01  1.433902e+01  1.433900e+01  1.433895e+01  1.433890e+01  1.433880e+01  
1.433865e+01  1.433841e+01  1.433805e+01  1.433748e+01  1.433662e+01  1.433533e+01  
1.433346e+01  1.433087e+01  1.432748e+01  1.432343e+01  1.431910e+01  1.431414e+01  
1.430377e+01  1.427144e+01  1.418546e+01  1.401145e+01  1.372319e+01  1.327935e+01  
1.261243e+01  1.166967e+01  1.042192e+01  9.005971e+00  7.873109e+00  6.959097e+00  
6.205607e+00  5.563480e+00  4.992576e+00  4.475850e+00  4.004104e+00  3.569507e+00  
3.164410e+00  2.783624e+00  2.425590e+00  2.089838e+00  1.776657e+00  1.484250e+00  
1.192960e+00  1.040770e+00  8.770000e-01  7.327900e-01  5.715200e-01  5.283700e-01  
4.936900e-01  4.894000e-01  4.858200e-01  4.854100e-01  4.849700e-01  4.848900e-01  
1.478221e+01  1.478216e+01  1.478214e+01  1.478210e+01  1.478203e+01  1.478193e+01  
1.478178e+01  1.478154e+01  1.478118e+01  1.478061e+01  1.477979e+01  1.477859e+01  
1.477694e+01  1.477490e+01  1.477268e+01  1.477103e+01  1.477097e+01  1.477196e+01  
1.476593e+01  1.472943e+01  1.462718e+01  1.443209e+01  1.412262e+01  1.365166e+01  
1.295120e+01  1.197171e+01  1.068337e+01  9.221044e+00  8.059311e+00  7.128444e+00  
6.361376e+00  5.705092e+00  5.120053e+00  4.590256e+00  4.106754e+00  3.661494e+00  
3.246460e+00  2.855925e+00  2.487388e+00  2.138772e+00  1.809065e+00  1.499179e+00  
1.197750e+00  1.039610e+00  8.677200e-01  7.142700e-01  5.393100e-01  4.920300e-01  
4.539900e-01  4.492500e-01  4.453300e-01  4.448600e-01  4.444000e-01  4.443600e-01  
1.561530e+01  1.561525e+01  1.561522e+01  1.561518e+01  1.561511e+01  1.561501e+01  
1.561485e+01  1.561461e+01  1.561425e+01  1.561374e+01  1.561303e+01  1.561217e+01  
1.561138e+01  1.561123e+01  1.561303e+01  1.561906e+01  1.563126e+01  1.564540e+01  
1.564121e+01  1.558249e+01  1.544129e+01  1.520734e+01  1.485274e+01  1.432317e+01  
1.355811e+01  1.251762e+01  1.118462e+01  9.704317e+00  8.558267e+00  7.609511e+00  
6.806574e+00  6.108739e+00  5.488553e+00  4.930560e+00  4.423111e+00  3.956526e+00  
3.522887e+00  3.115230e+00  2.727477e+00  2.352110e+00  1.985016e+00  1.629539e+00  
1.287440e+00  1.109010e+00  9.104700e-01  7.291700e-01  5.179900e-01  4.603300e-01  
4.136500e-01  4.075700e-01  4.030900e-01  4.025200e-01  4.021300e-01  4.019600e-01  
1.611066e+01  1.611061e+01  1.611059e+01  1.611055e+01  1.611048e+01  1.611039e+01  
1.611025e+01  1.611004e+01  1.610975e+01  1.610938e+01  1.610900e+01  1.610886e+01  
1.610957e+01  1.611254e+01  1.612047e+01  1.613716e+01  1.616381e+01  1.618887e+01  
1.618016e+01  1.610177e+01  1.594335e+01  1.569791e+01  1.533132e+01  1.479667e+01  
1.403952e+01  1.301235e+01  1.165607e+01  1.013618e+01  8.964615e+00  7.997885e+00  
7.186752e+00  6.482815e+00  5.852361e+00  5.280267e+00  4.757349e+00  4.274798e+00  
3.823408e+00  3.395538e+00  2.985801e+00  2.587427e+00  2.194976e+00  1.805903e+00  
1.415924e+00  1.213290e+00  9.838500e-01  7.714600e-01  5.238700e-01  4.563800e-01  
4.014900e-01  3.945200e-01  3.889300e-01  3.882600e-01  3.876000e-01  3.874300e-01  
1.674959e+01  1.674955e+01  1.674951e+01  1.674947e+01  1.674941e+01  1.674933e+01  
1.674922e+01  1.674908e+01  1.674895e+01  1.674892e+01  1.674937e+01  1.675105e+01  
1.675571e+01  1.676673e+01  1.678964e+01  1.682898e+01  1.687778e+01  1.690518e+01  
1.686961e+01  1.675841e+01  1.657581e+01  1.630224e+01  1.590730e+01  1.535661e+01  
1.460173e+01  1.359580e+01  1.227404e+01  1.081580e+01  9.666325e+00  8.696154e+00  
7.865818e+00  7.135801e+00  6.478210e+00  5.879377e+00  5.330534e+00  4.823080e+00  
4.347932e+00  3.897223e+00  3.464671e+00  3.041929e+00  2.617949e+00  2.176123e+00  
1.695548e+00  1.432134e+00  1.140820e+00  8.715500e-01  5.588700e-01  4.699100e-01  
3.964000e-01  3.868800e-01  3.792300e-01  3.782400e-01  3.775800e-01  3.764300e-01  
1.697543e+01  1.697539e+01  1.697536e+01  1.697533e+01  1.697529e+01  1.697522e+01  
1.697516e+01  1.697513e+01  1.697524e+01  1.697577e+01  1.697744e+01  1.698176e+01  
1.699191e+01  1.701366e+01  1.705445e+01  1.711552e+01  1.717605e+01  1.719152e+01  
1.713299e+01  1.700825e+01  1.681448e+01  1.653059e+01  1.613890e+01  1.561212e+01  
1.490448e+01  1.393959e+01  1.274461e+01  1.138434e+01  1.025458e+01  9.266864e+00  
8.399535e+00  7.630686e+00  6.946103e+00  6.332422e+00  5.777372e+00  5.268170e+00  
4.790514e+00  4.332910e+00  3.888610e+00  3.448623e+00  2.998100e+00  2.510160e+00  
1.953229e+00  1.638619e+00  1.293810e+00  9.808800e-01  6.023300e-01  4.891600e-01  
3.983900e-01  3.862500e-01  3.752100e-01  3.737100e-01  3.731400e-01  3.711400e-01  
1.723710e+01  1.723705e+01  1.723704e+01  1.723700e+01  1.723696e+01  1.723692e+01  
1.723692e+01  1.723700e+01  1.723739e+01  1.723858e+01  1.724171e+01  1.724921e+01  
1.726591e+01  1.729980e+01  1.735849e+01  1.743568e+01  1.749587e+01  1.749210e+01  
1.741553e+01  1.727786e+01  1.706686e+01  1.676758e+01  1.636857e+01  1.584361e+01  
1.513934e+01  1.418087e+01  1.303512e+01  1.173660e+01  1.063854e+01  9.669075e+00  
8.810380e+00  8.043083e+00  7.354797e+00  6.733749e+00  6.169039e+00  5.649217e+00  
5.161228e+00  4.694039e+00  4.240036e+00  3.788515e+00  3.321341e+00  2.804448e+00  
2.195149e+00  1.840063e+00  1.439530e+00  1.080760e+00  6.448900e-01  5.134500e-01  
4.030200e-01  3.870300e-01  3.723700e-01  3.705600e-01  3.698600e-01  3.675000e-01  
1.741810e+01  1.741805e+01  1.741803e+01  1.741801e+01  1.741798e+01  1.741796e+01  
1.741801e+01  1.741825e+01  1.741897e+01  1.742095e+01  1.742583e+01  1.743709e+01  
1.746138e+01  1.750839e+01  1.758378e+01  1.767103e+01  1.772295e+01  1.770057e+01  
1.761106e+01  1.746021e+01  1.723235e+01  1.692003e+01  1.651413e+01  1.598911e+01  
1.526779e+01  1.435442e+01  1.325588e+01  1.200650e+01  1.093871e+01  9.988174e+00  
9.140667e+00  8.378560e+00  7.691061e+00  7.067570e+00  6.498319e+00  5.972772e+00  
5.478865e+00  5.005905e+00  4.545651e+00  4.086150e+00  3.606665e+00  3.067380e+00  
2.416095e+00  2.027494e+00  1.580223e+00  1.176410e+00  6.877000e-01  5.386900e-01  
4.085700e-01  3.886400e-01  3.701700e-01  3.680000e-01  3.672700e-01  3.647100e-01  
1.765155e+01  1.765151e+01  1.765148e+01  1.765147e+01  1.765147e+01  1.765151e+01  
1.765172e+01  1.765230e+01  1.765389e+01  1.765784e+01  1.766709e+01  1.768756e+01  
1.772939e+01  1.780335e+01  1.790513e+01  1.799591e+01  1.802128e+01  1.797104e+01  
1.786138e+01  1.768281e+01  1.742632e+01  1.709314e+01  1.667505e+01  1.614219e+01  
1.540313e+01  1.457874e+01  1.356848e+01  1.239411e+01  1.137939e+01  1.046514e+01  
9.642165e+00  8.895369e+00  8.216281e+00  7.596016e+00  7.026291e+00  6.497928e+00  
6.000129e+00  5.522679e+00  5.056559e+00  4.588038e+00  4.092632e+00  3.521926e+00  
2.808061e+00  2.367347e+00  1.843704e+00  1.356361e+00  7.715400e-01  5.892400e-01  
4.208800e-01  3.932400e-01  3.670500e-01  3.640800e-01  3.634200e-01  3.606900e-01  
1.779172e+01  1.779167e+01  1.779167e+01  1.779165e+01  1.779168e+01  1.779181e+01  
1.779220e+01  1.779326e+01  1.779597e+01  1.780244e+01  1.781715e+01  1.784878e+01  
1.791007e+01  1.800894e+01  1.812583e+01  1.820498e+01  1.820428e+01  1.813602e+01  
1.800675e+01  1.780257e+01  1.752450e+01  1.717584e+01  1.674855e+01  1.617567e+01  
1.547807e+01  1.471921e+01  1.377562e+01  1.265845e+01  1.168682e+01  1.080476e+01  
1.000574e+01  9.276434e+00  8.609849e+00  7.998215e+00  7.434183e+00  6.909423e+00  
6.413844e+00  5.937467e+00  5.470852e+00  4.999189e+00  4.495447e+00  3.905065e+00  
3.147898e+00  2.668815e+00  2.085958e+00  1.525363e+00  8.518000e-01  6.383300e-01  
4.337600e-01  3.988200e-01  3.650500e-01  3.611900e-01  3.606600e-01  3.579100e-01  
1.797258e+01  1.797253e+01  1.797254e+01  1.797258e+01  1.797273e+01  1.797314e+01  
1.797423e+01  1.797697e+01  1.798352e+01  1.799852e+01  1.803120e+01  1.809629e+01  
1.820613e+01  1.834695e+01  1.846074e+01  1.849289e+01  1.845113e+01  1.834844e+01  
1.817091e+01  1.792033e+01  1.760733e+01  1.723552e+01  1.677321e+01  1.616102e+01  
1.557175e+01  1.490804e+01  1.406494e+01  1.304829e+01  1.215287e+01  1.133325e+01  
1.058502e+01  9.897689e+00  9.265791e+00  8.683021e+00  8.143164e+00  7.638718e+00  
7.160091e+00  6.697452e+00  6.240969e+00  5.774410e+00  5.267228e+00  4.655728e+00  
3.838116e+00  3.298386e+00  2.613406e+00  1.917744e+00  1.036290e+00  7.525900e-01  
4.658400e-01  4.144000e-01  3.628000e-01  3.565700e-01  3.563000e-01  3.536800e-01  
1.805388e+01  1.805385e+01  1.805388e+01  1.805399e+01  1.805432e+01  1.805513e+01  
1.805724e+01  1.806232e+01  1.807418e+01  1.810064e+01  1.815590e+01  1.825724e+01  
1.840556e+01  1.855681e+01  1.863958e+01  1.863613e+01  1.856945e+01  1.843164e+01  
1.821590e+01  1.793540e+01  1.760103e+01  1.721420e+01  1.666149e+01  1.613340e+01  
1.560571e+01  1.499689e+01  1.420924e+01  1.325613e+01  1.241049e+01  1.163484e+01  
1.092528e+01  1.027283e+01  9.672593e+00  9.118808e+00  8.605593e+00  8.125557e+00  
7.668830e+00  7.225230e+00  6.784923e+00  6.331287e+00  5.832200e+00  5.219428e+00  
4.377234e+00  3.804847e+00  3.056407e+00  2.264613e+00  1.202110e+00  8.566400e-01  
4.965700e-01  4.305600e-01  3.628700e-01  3.542200e-01  3.537200e-01  3.512900e-01  
1.812149e+01  1.812151e+01  1.812162e+01  1.812195e+01  1.812275e+01  1.812481e+01  
1.812983e+01  1.814156e+01  1.816802e+01  1.822432e+01  1.833076e+01  1.849438e+01  
1.867529e+01  1.879394e+01  1.881890e+01  1.877567e+01  1.866034e+01  1.846260e+01  
1.819708e+01  1.787959e+01  1.752136e+01  1.701094e+01  1.651210e+01  1.607276e+01  
1.561515e+01  1.506754e+01  1.434546e+01  1.346660e+01  1.268217e+01  1.196358e+01  
1.130732e+01  1.070609e+01  1.015524e+01  9.649495e+00  9.182985e+00  8.748001e+00  
8.333491e+00  7.928445e+00  7.523342e+00  7.101616e+00  6.630368e+00  6.037504e+00  
5.190801e+00  4.590987e+00  3.772509e+00  2.853967e+00  1.494075e+00  1.043030e+00  
5.537600e-01  4.623400e-01  3.665100e-01  3.532200e-01  3.507800e-01  3.486700e-01  
1.814913e+01  1.814921e+01  1.814945e+01  1.815007e+01  1.815159e+01  1.815542e+01  
1.816447e+01  1.818527e+01  1.823094e+01  1.832249e+01  1.847778e+01  1.867793e+01  
1.884715e+01  1.892037e+01  1.891240e+01  1.883606e+01  1.867459e+01  1.843585e+01  
1.813915e+01  1.780116e+01  1.739287e+01  1.684025e+01  1.641257e+01  1.602244e+01  
1.560470e+01  1.509256e+01  1.440705e+01  1.356999e+01  1.282155e+01  1.213803e+01  
1.151616e+01  1.094947e+01  1.043353e+01  9.963234e+00  9.532733e+00  9.133904e+00  
8.754817e+00  8.383771e+00  8.011645e+00  7.622314e+00  7.182991e+00  6.620140e+00  
5.792288e+00  5.187473e+00  4.336243e+00  3.340021e+00  1.760378e+00  1.208920e+00  
6.063800e-01  4.927700e-01  3.724300e-01  3.547700e-01  3.491500e-01  3.472700e-01  
1.817226e+01  1.817245e+01  1.817285e+01  1.817384e+01  1.817636e+01  1.818242e+01  
1.819663e+01  1.822870e+01  1.829690e+01  1.842505e+01  1.861951e+01  1.883091e+01  
1.896993e+01  1.900955e+01  1.897815e+01  1.886755e+01  1.866912e+01  1.840138e+01  
1.808375e+01  1.773323e+01  1.720890e+01  1.673355e+01  1.635070e+01  1.599373e+01  
1.560268e+01  1.511376e+01  1.445144e+01  1.363983e+01  1.291284e+01  1.225031e+01  
1.164893e+01  1.110298e+01  1.060867e+01  1.016131e+01  9.755560e+00  9.383927e+00  
9.035004e+00  8.697550e+00  8.362474e+00  8.012950e+00  7.613271e+00  7.080684e+00  
6.263420e+00  5.656360e+00  4.796296e+00  3.759901e+00  2.008367e+00  1.357540e+00  
6.557200e-01  5.219300e-01  3.792400e-01  3.577400e-01  3.478400e-01  3.464100e-01  
1.817611e+01  1.817643e+01  1.817703e+01  1.817850e+01  1.818220e+01  1.819100e+01  
1.821139e+01  1.825670e+01  1.834949e+01  1.851242e+01  1.873390e+01  1.893829e+01  
1.904540e+01  1.906213e+01  1.900809e+01  1.886524e+01  1.863817e+01  1.834871e+01  
1.801710e+01  1.764609e+01  1.706993e+01  1.664390e+01  1.629345e+01  1.596104e+01  
1.558975e+01  1.511818e+01  1.447369e+01  1.368242e+01  1.297303e+01  1.232784e+01  
1.174376e+01  1.121542e+01  1.073935e+01  1.031123e+01  9.925962e+00  9.576263e+00  
9.250864e+00  8.938644e+00  8.630798e+00  8.310633e+00  7.941702e+00  7.437929e+00  
6.642935e+00  6.043577e+00  5.185377e+00  4.124045e+00  2.238396e+00  1.498763e+00  
7.018200e-01  5.498600e-01  3.865300e-01  3.608200e-01  3.474400e-01  3.458200e-01  
1.818223e+01  1.818289e+01  1.818399e+01  1.818675e+01  1.819344e+01  1.820916e+01  
1.824479e+01  1.832090e+01  1.846472e+01  1.868438e+01  1.892599e+01  1.909102e+01  
1.914998e+01  1.913379e+01  1.903276e+01  1.883769e+01  1.856938e+01  1.825022e+01  
1.790252e+01  1.736557e+01  1.688450e+01  1.652209e+01  1.621677e+01  1.591862e+01  
1.557459e+01  1.512644e+01  1.450535e+01  1.374126e+01  1.305540e+01  1.243340e+01  
1.187233e+01  1.136773e+01  1.091651e+01  1.051492e+01  1.015847e+01  9.840433e+00  
9.550108e+00  9.276951e+00  9.012948e+00  8.742033e+00  8.427418e+00  7.978888e+00  
7.234067e+00  6.656604e+00  5.813288e+00  4.727857e+00  2.650118e+00  1.766619e+00  
7.875500e-01  6.022300e-01  4.014300e-01  3.680700e-01  3.471500e-01  3.450700e-01  
1.819038e+01  1.819150e+01  1.819328e+01  1.819769e+01  1.820822e+01  1.823260e+01  
1.828682e+01  1.839727e+01  1.858882e+01  1.884392e+01  1.907380e+01  1.919597e+01  
1.922509e+01  1.917773e+01  1.903329e+01  1.880039e+01  1.850361e+01  1.816708e+01  
1.778440e+01  1.718282e+01  1.676624e+01  1.644553e+01  1.617073e+01  1.589552e+01  
1.556953e+01  1.513687e+01  1.453132e+01  1.378496e+01  1.311411e+01  1.250678e+01  
1.196004e+01  1.147011e+01  1.103437e+01  1.064946e+01  1.031145e+01  1.001428e+01  
9.748056e+00  9.503029e+00  9.272176e+00  9.040382e+00  8.771415e+00  8.373109e+00  
7.679529e+00  7.126882e+00  6.303957e+00  5.212772e+00  3.010515e+00  2.017221e+00  
8.667600e-01  6.509700e-01  4.162700e-01  3.759700e-01  3.472400e-01  3.446100e-01  
1.819578e+01  1.819852e+01  1.820277e+01  1.821286e+01  1.823646e+01  1.828946e+01  
1.839949e+01  1.859628e+01  1.887088e+01  1.913640e+01  1.929423e+01  1.934878e+01  
1.932413e+01  1.919853e+01  1.897609e+01  1.868315e+01  1.834605e+01  1.798297e+01  
1.735431e+01  1.690880e+01  1.658254e+01  1.632581e+01  1.609798e+01  1.585791e+01  
1.556022e+01  1.515432e+01  1.457931e+01  1.386442e+01  1.321721e+01  1.262962e+01  
1.210008e+01  1.162676e+01  1.120866e+01  1.084393e+01  1.053024e+01  1.026399e+01  
1.003861e+01  9.846273e+00  9.677420e+00  9.509499e+00  9.305047e+00  8.995852e+00  
8.436154e+00  7.956789e+00  7.185012e+00  6.106998e+00  3.763352e+00  2.565169e+00  
1.044440e+00  7.624300e-01  4.519800e-01  3.958700e-01  3.486800e-01  3.439900e-01  
1.819754e+01  1.820270e+01  1.821031e+01  1.822830e+01  1.826947e+01  1.835843e+01  
1.852907e+01  1.879502e+01  1.909709e+01  1.931825e+01  1.941902e+01  1.943523e+01  
1.935602e+01  1.916901e+01  1.889816e+01  1.857085e+01  1.821841e+01  1.764996e+01  
1.712245e+01  1.675263e+01  1.647869e+01  1.626035e+01  1.606093e+01  1.584273e+01  
1.556323e+01  1.517268e+01  1.461001e+01  1.390896e+01  1.327256e+01  1.269441e+01  
1.217386e+01  1.170995e+01  1.130222e+01  1.094952e+01  1.065005e+01  1.040090e+01  
1.019647e+01  1.003030e+01  9.894936e+00  9.770905e+00  9.624470e+00  9.390706e+00  
8.926865e+00  8.502394e+00  7.784887e+00  6.743114e+00  4.350703e+00  3.029775e+00  
1.203890e+00  8.626000e-01  4.849200e-01  4.154200e-01  3.512300e-01  3.436700e-01  
1.820709e+01  1.821922e+01  1.823644e+01  1.827611e+01  1.836303e+01  1.853363e+01  
1.880929e+01  1.913934e+01  1.939999e+01  1.953192e+01  1.957196e+01  1.951527e+01  
1.934349e+01  1.907926e+01  1.875196e+01  1.839577e+01  1.784915e+01  1.726718e+01  
1.686859e+01  1.658265e+01  1.636892e+01  1.619348e+01  1.602435e+01  1.582800e+01  
1.556529e+01  1.518825e+01  1.463711e+01  1.394949e+01  1.332415e+01  1.275695e+01  
1.224739e+01  1.179498e+01  1.139958e+01  1.106068e+01  1.077715e+01  1.054701e+01  
1.036587e+01  1.022905e+01  1.013164e+01  1.005811e+01  9.981126e+00  9.846497e+00  
9.526250e+00  9.193373e+00  8.576544e+00  7.616872e+00  5.233338e+00  3.778792e+00  
1.487325e+00  1.042710e+00  5.447600e-01  4.519900e-01  3.579200e-01  3.433500e-01  
1.822009e+01  1.824202e+01  1.827233e+01  1.834052e+01  1.848148e+01  1.873024e+01  
1.906952e+01  1.938929e+01  1.958232e+01  1.966447e+01  1.965627e+01  1.953059e+01  
1.929713e+01  1.898677e+01  1.863223e+01  1.824685e+01  1.753230e+01  1.706200e+01  
1.673168e+01  1.649422e+01  1.631473e+01  1.616269e+01  1.600908e+01  1.582284e+01  
1.556671e+01  1.519451e+01  1.464815e+01  1.396525e+01  1.334433e+01  1.278273e+01  
1.227987e+01  1.183544e+01  1.144909e+01  1.111997e+01  1.084604e+01  1.062544e+01  
1.045564e+01  1.033397e+01  1.025700e+01  1.021128e+01  1.017451e+01  1.010487e+01  
9.882842e+00  9.612620e+00  9.081832e+00  8.215769e+00  5.892373e+00  4.355883e+00  
1.736192e+00  1.205170e+00  5.990800e-01  4.852500e-01  3.658100e-01  3.431900e-01  
1.822760e+01  1.826211e+01  1.830868e+01  1.841027e+01  1.860741e+01  1.891937e+01  
1.928185e+01  1.955943e+01  1.970207e+01  1.975043e+01  1.969230e+01  1.951196e+01  
1.923595e+01  1.889602e+01  1.853117e+01  1.792174e+01  1.733030e+01  1.692606e+01  
1.664104e+01  1.643587e+01  1.627871e+01  1.614152e+01  1.599735e+01  1.581678e+01  
1.556387e+01  1.519409e+01  1.465156e+01  1.397383e+01  1.335812e+01  1.280146e+01  
1.230301e+01  1.186238e+01  1.147925e+01  1.115337e+01  1.088449e+01  1.067142e+01  
1.051099e+01  1.040034e+01  1.033694e+01  1.030905e+01  1.029723e+01  1.026555e+01  
1.011649e+01  9.907660e+00  9.447247e+00  8.638685e+00  6.387450e+00  4.847671e+00  
1.963336e+00  1.352650e+00  6.487100e-01  5.164500e-01  3.735600e-01  3.430900e-01  
1.822993e+01  1.827962e+01  1.834530e+01  1.848337e+01  1.873399e+01  1.909034e+01  
1.944670e+01  1.967798e+01  1.978707e+01  1.980312e+01  1.969819e+01  1.947602e+01  
1.916885e+01  1.881060e+01  1.843657e+01  1.769917e+01  1.718379e+01  1.682604e+01  
1.657413e+01  1.639250e+01  1.625161e+01  1.612540e+01  1.598867e+01  1.581329e+01  
1.556425e+01  1.519748e+01  1.465702e+01  1.398028e+01  1.336509e+01  1.281036e+01  
1.231506e+01  1.187833e+01  1.149934e+01  1.117810e+01  1.091397e+01  1.070577e+01  
1.055057e+01  1.044588e+01  1.039035e+01  1.037426e+01  1.038132e+01  1.038062e+01  
1.028362e+01  1.011535e+01  9.716171e+00  8.974463e+00  6.794086e+00  5.252767e+00  
2.186229e+00  1.490674e+00  6.958600e-01  5.452500e-01  3.818000e-01  3.430300e-01  
1.823232e+01  1.831989e+01  1.842999e+01  1.864377e+01  1.898201e+01  1.937517e+01  
1.967806e+01  1.983918e+01  1.990146e+01  1.985083e+01  1.967060e+01  1.939109e+01  
1.904114e+01  1.866869e+01  1.802660e+01  1.740658e+01  1.698459e+01  1.669037e+01  
1.648394e+01  1.633403e+01  1.621454e+01  1.610241e+01  1.597472e+01  1.580506e+01  
1.555969e+01  1.519580e+01  1.465919e+01  1.398807e+01  1.337864e+01  1.282841e+01  
1.233656e+01  1.190269e+01  1.152677e+01  1.120889e+01  1.094912e+01  1.074650e+01  
1.059878e+01  1.050412e+01  1.046171e+01  1.046242e+01  1.049236e+01  1.052869e+01  
1.050295e+01  1.039676e+01  1.009032e+01  9.458746e+00  7.431237e+00  5.897232e+00  
2.616246e+00  1.743951e+00  7.822800e-01  5.993100e-01  3.978700e-01  3.429500e-01  
1.823006e+01  1.836457e+01  1.851067e+01  1.880698e+01  1.920288e+01  1.958449e+01  
1.982605e+01  1.993111e+01  1.996589e+01  1.986340e+01  1.961800e+01  1.929668e+01  
1.892606e+01  1.853536e+01  1.773676e+01  1.721296e+01  1.685061e+01  1.659900e+01  
1.642288e+01  1.629388e+01  1.618853e+01  1.608598e+01  1.596500e+01  1.580045e+01  
1.555941e+01  1.519918e+01  1.466489e+01  1.399482e+01  1.338546e+01  1.283634e+01  
1.234663e+01  1.191558e+01  1.154302e+01  1.122895e+01  1.097316e+01  1.077450e+01  
1.063079e+01  1.054062e+01  1.050420e+01  1.051462e+01  1.056079e+01  1.062288e+01  
1.064101e+01  1.057438e+01  1.034031e+01  9.801341e+00  7.898230e+00  6.406508e+00  
2.989404e+00  1.970155e+00  8.626600e-01  6.482600e-01  4.138800e-01  3.429000e-01  
