1.433753e+00  1.433754e+00  1.433755e+00  1.433755e+00  1.433757e+00  1.433759e+00  
1.433763e+00  1.433769e+00  1.433778e+00  1.433793e+00  1.433816e+00  1.433852e+00  
1.433910e+00  1.434002e+00  1.434148e+00  1.434379e+00  1.434745e+00  1.435325e+00  
1.436245e+00  1.437702e+00  1.440012e+00  1.443674e+00  1.449479e+00  1.458684e+00  
1.473296e+00  1.496532e+00  1.533539e+00  1.583819e+00  1.634000e+00  1.683818e+00  
1.732903e+00  1.780924e+00  1.827511e+00  1.872365e+00  1.915308e+00  1.956520e+00  
1.996700e+00  2.036420e+00  2.075250e+00  2.112640e+00  2.148260e+00  2.183110e+00  
2.218360e+00  2.236380e+00  2.255870e+00  2.273620e+00  2.296450e+00  2.303310e+00  
2.307910e+00  2.308380e+00  2.308940e+00  2.308970e+00  2.309140e+00  2.309580e+00  
1.879563e+00  1.879564e+00  1.879565e+00  1.879566e+00  1.879567e+00  1.879570e+00  
1.879574e+00  1.879581e+00  1.879591e+00  1.879607e+00  1.879633e+00  1.879674e+00  
1.879740e+00  1.879843e+00  1.880006e+00  1.880266e+00  1.880676e+00  1.881328e+00  
1.882360e+00  1.883996e+00  1.886588e+00  1.890698e+00  1.897214e+00  1.907540e+00  
1.923907e+00  1.949844e+00  1.990941e+00  2.046340e+00  2.101127e+00  2.154949e+00  
2.207456e+00  2.258234e+00  2.306954e+00  2.353306e+00  2.397215e+00  2.439050e+00  
2.479860e+00  2.520560e+00  2.560940e+00  2.600790e+00  2.640290e+00  2.681300e+00  
2.725210e+00  2.746980e+00  2.766070e+00  2.778900e+00  2.796660e+00  2.802910e+00  
2.806110e+00  2.806330e+00  2.806820e+00  2.806810e+00  2.806960e+00  2.810890e+00  
2.255073e+00  2.255074e+00  2.255075e+00  2.255076e+00  2.255078e+00  2.255081e+00  
2.255086e+00  2.255094e+00  2.255106e+00  2.255126e+00  2.255156e+00  2.255205e+00  
2.255282e+00  2.255404e+00  2.255598e+00  2.255905e+00  2.256390e+00  2.257161e+00  
2.258383e+00  2.260320e+00  2.263389e+00  2.268252e+00  2.275955e+00  2.288135e+00  
2.307327e+00  2.337302e+00  2.383533e+00  2.443721e+00  2.500775e+00  2.554521e+00  
2.605076e+00  2.652922e+00  2.698906e+00  2.743099e+00  2.785434e+00  2.826240e+00  
2.866270e+00  2.906260e+00  2.946270e+00  2.986650e+00  3.027700e+00  3.069360e+00  
3.110880e+00  3.130940e+00  3.150210e+00  3.164730e+00  3.179970e+00  3.184100e+00  
3.187200e+00  3.187560e+00  3.187870e+00  3.187860e+00  3.187880e+00  3.191200e+00  
2.870377e+00  2.870379e+00  2.870380e+00  2.870381e+00  2.870384e+00  2.870387e+00  
2.870393e+00  2.870403e+00  2.870418e+00  2.870442e+00  2.870481e+00  2.870541e+00  
2.870637e+00  2.870789e+00  2.871031e+00  2.871413e+00  2.872019e+00  2.872979e+00  
2.874500e+00  2.876912e+00  2.880734e+00  2.886788e+00  2.896366e+00  2.911471e+00  
2.935103e+00  2.971357e+00  3.025441e+00  3.092551e+00  3.152119e+00  3.204229e+00  
3.249601e+00  3.289937e+00  3.327656e+00  3.363388e+00  3.397224e+00  3.429830e+00  
3.462390e+00  3.495830e+00  3.529970e+00  3.564170e+00  3.598180e+00  3.633690e+00  
3.672230e+00  3.691860e+00  3.709930e+00  3.722440e+00  3.735470e+00  3.738750e+00  
3.741200e+00  3.741490e+00  3.741740e+00  3.741770e+00  3.741820e+00  3.741100e+00  
3.364631e+00  3.364633e+00  3.364634e+00  3.364636e+00  3.364639e+00  3.364643e+00  
3.364651e+00  3.364662e+00  3.364681e+00  3.364710e+00  3.364756e+00  3.364830e+00  
3.364945e+00  3.365129e+00  3.365421e+00  3.365883e+00  3.366616e+00  3.367776e+00  
3.369615e+00  3.372532e+00  3.377151e+00  3.384464e+00  3.396016e+00  3.414155e+00  
3.442225e+00  3.484072e+00  3.543258e+00  3.611691e+00  3.667691e+00  3.713593e+00  
3.751019e+00  3.782633e+00  3.811945e+00  3.839625e+00  3.865318e+00  3.889200e+00  
3.912050e+00  3.934660e+00  3.957550e+00  3.981860e+00  4.008610e+00  4.037320e+00  
4.067800e+00  4.083950e+00  4.100030e+00  4.112060e+00  4.122710e+00  4.125400e+00  
4.127560e+00  4.127800e+00  4.127980e+00  4.128060e+00  4.128070e+00  4.123980e+00  
3.768086e+00  3.768089e+00  3.768090e+00  3.768093e+00  3.768096e+00  3.768103e+00  
3.768112e+00  3.768128e+00  3.768152e+00  3.768190e+00  3.768251e+00  3.768348e+00  
3.768501e+00  3.768744e+00  3.769129e+00  3.769739e+00  3.770706e+00  3.772238e+00  
3.774667e+00  3.778516e+00  3.784611e+00  3.794247e+00  3.809420e+00  3.833050e+00  
3.868835e+00  3.919104e+00  3.982113e+00  4.043841e+00  4.087352e+00  4.124163e+00  
4.156081e+00  4.183030e+00  4.205145e+00  4.222900e+00  4.237375e+00  4.250000e+00  
4.262120e+00  4.274880e+00  4.288690e+00  4.304140e+00  4.321740e+00  4.341250e+00  
4.363120e+00  4.375650e+00  4.389030e+00  4.399740e+00  4.408540e+00  4.410530e+00  
4.412380e+00  4.412550e+00  4.412720e+00  4.412880e+00  4.412860e+00  4.406630e+00  
4.132899e+00  4.132901e+00  4.132902e+00  4.132905e+00  4.132908e+00  4.132913e+00  
4.132921e+00  4.132934e+00  4.132955e+00  4.132988e+00  4.133039e+00  4.133121e+00  
4.133251e+00  4.133456e+00  4.133783e+00  4.134300e+00  4.135120e+00  4.136420e+00  
4.138481e+00  4.141748e+00  4.146923e+00  4.155118e+00  4.168057e+00  4.188353e+00  
4.219665e+00  4.266005e+00  4.330367e+00  4.401580e+00  4.453980e+00  4.488600e+00  
4.508227e+00  4.518021e+00  4.524674e+00  4.529933e+00  4.534135e+00  4.538000e+00  
4.542580e+00  4.548560e+00  4.555600e+00  4.562640e+00  4.569150e+00  4.577640e+00  
4.591540e+00  4.601000e+00  4.611500e+00  4.619940e+00  4.626470e+00  4.628150e+00  
4.629670e+00  4.629790e+00  4.629870e+00  4.629980e+00  4.629990e+00  4.622850e+00  
4.714819e+00  4.714821e+00  4.714823e+00  4.714825e+00  4.714828e+00  4.714834e+00  
4.714843e+00  4.714856e+00  4.714878e+00  4.714912e+00  4.714967e+00  4.715054e+00  
4.715191e+00  4.715408e+00  4.715752e+00  4.716298e+00  4.717163e+00  4.718536e+00  
4.720712e+00  4.724162e+00  4.729630e+00  4.738284e+00  4.751934e+00  4.773291e+00  
4.806016e+00  4.853590e+00  4.917222e+00  4.982992e+00  5.024956e+00  5.044806e+00  
5.046380e+00  5.036458e+00  5.023605e+00  5.010055e+00  4.996200e+00  4.982700e+00  
4.970470e+00  4.959910e+00  4.950570e+00  4.941050e+00  4.930660e+00  4.922430e+00  
4.920610e+00  4.922840e+00  4.926420e+00  4.929780e+00  4.931820e+00  4.932440e+00  
4.933090e+00  4.933110e+00  4.933120e+00  4.933210e+00  4.933210e+00  4.927040e+00  
5.179886e+00  5.179888e+00  5.179890e+00  5.179892e+00  5.179895e+00  5.179901e+00  
5.179909e+00  5.179923e+00  5.179945e+00  5.179979e+00  5.180033e+00  5.180119e+00  
5.180255e+00  5.180472e+00  5.180815e+00  5.181358e+00  5.182220e+00  5.183588e+00  
5.185755e+00  5.189193e+00  5.194642e+00  5.203266e+00  5.216856e+00  5.238061e+00  
5.270341e+00  5.316461e+00  5.375797e+00  5.432541e+00  5.462014e+00  5.466501e+00  
5.450676e+00  5.422553e+00  5.392027e+00  5.361675e+00  5.331898e+00  5.303260e+00  
5.276490e+00  5.251660e+00  5.228210e+00  5.204430e+00  5.179490e+00  5.156920e+00  
5.141610e+00  5.137260e+00  5.133680e+00  5.131080e+00  5.128680e+00  5.128230e+00  
5.127900e+00  5.127840e+00  5.127770e+00  5.127800e+00  5.127810e+00  5.124580e+00  
6.041604e+00  6.041606e+00  6.041607e+00  6.041609e+00  6.041612e+00  6.041617e+00  
6.041624e+00  6.041636e+00  6.041654e+00  6.041684e+00  6.041730e+00  6.041804e+00  
6.041920e+00  6.042105e+00  6.042399e+00  6.042865e+00  6.043604e+00  6.044778e+00  
6.046640e+00  6.049596e+00  6.054283e+00  6.061697e+00  6.073346e+00  6.091373e+00  
6.118269e+00  6.154623e+00  6.195272e+00  6.221838e+00  6.216283e+00  6.182161e+00  
6.125777e+00  6.057213e+00  5.988597e+00  5.922797e+00  5.860485e+00  5.801689e+00  
5.746550e+00  5.694330e+00  5.644070e+00  5.593280e+00  5.540640e+00  5.490660e+00  
5.449030e+00  5.431100e+00  5.411500e+00  5.394760e+00  5.382810e+00  5.380040e+00  
5.377420e+00  5.377140e+00  5.376930e+00  5.376840e+00  5.376850e+00  5.382180e+00  
6.655130e+00  6.655132e+00  6.655132e+00  6.655134e+00  6.655136e+00  6.655139e+00  
6.655145e+00  6.655153e+00  6.655167e+00  6.655188e+00  6.655222e+00  6.655275e+00  
6.655360e+00  6.655495e+00  6.655709e+00  6.656049e+00  6.656590e+00  6.657448e+00  
6.658815e+00  6.660988e+00  6.664439e+00  6.669891e+00  6.678406e+00  6.691387e+00  
6.710071e+00  6.732657e+00  6.749642e+00  6.741787e+00  6.699865e+00  6.628533e+00  
6.535338e+00  6.431771e+00  6.331201e+00  6.236862e+00  6.149352e+00  6.068133e+00  
5.992660e+00  5.921400e+00  5.852950e+00  5.784010e+00  5.712600e+00  5.643650e+00  
5.582980e+00  5.554670e+00  5.522470e+00  5.494480e+00  5.475310e+00  5.470750e+00  
5.466310e+00  5.465870e+00  5.465570e+00  5.465350e+00  5.465370e+00  5.477350e+00  
7.507186e+00  7.507186e+00  7.507186e+00  7.507187e+00  7.507187e+00  7.507187e+00  
7.507188e+00  7.507189e+00  7.507190e+00  7.507193e+00  7.507197e+00  7.507203e+00  
7.507214e+00  7.507230e+00  7.507257e+00  7.507301e+00  7.507373e+00  7.507494e+00  
7.507693e+00  7.508024e+00  7.508561e+00  7.509387e+00  7.510519e+00  7.511693e+00  
7.511435e+00  7.503245e+00  7.469893e+00  7.392827e+00  7.281942e+00  7.143535e+00  
6.986978e+00  6.825589e+00  6.673744e+00  6.535310e+00  6.410324e+00  6.297158e+00  
6.193640e+00  6.097020e+00  6.005050e+00  5.913090e+00  5.817960e+00  5.724460e+00  
5.637830e+00  5.595180e+00  5.546410e+00  5.504200e+00  5.474970e+00  5.467870e+00  
5.460990e+00  5.460310e+00  5.459870e+00  5.459540e+00  5.459580e+00  5.477150e+00  
8.096496e+00  8.096495e+00  8.096494e+00  8.096493e+00  8.096492e+00  8.096488e+00  
8.096484e+00  8.096477e+00  8.096467e+00  8.096450e+00  8.096423e+00  8.096381e+00  
8.096314e+00  8.096209e+00  8.096044e+00  8.095783e+00  8.095376e+00  8.094737e+00  
8.093742e+00  8.092186e+00  8.089733e+00  8.085802e+00  8.079347e+00  8.068437e+00  
8.048956e+00  8.010167e+00  7.928458e+00  7.787602e+00  7.615988e+00  7.421009e+00  
7.212958e+00  7.005925e+00  6.814664e+00  6.642776e+00  6.489977e+00  6.353403e+00  
6.229450e+00  6.114430e+00  6.005550e+00  5.897600e+00  5.786730e+00  5.677070e+00  
5.573200e+00  5.521730e+00  5.464580e+00  5.416120e+00  5.379780e+00  5.370860e+00  
5.362640e+00  5.361780e+00  5.361170e+00  5.360850e+00  5.360870e+00  5.376220e+00  
8.534980e+00  8.534978e+00  8.534977e+00  8.534975e+00  8.534973e+00  8.534969e+00  
8.534961e+00  8.534951e+00  8.534935e+00  8.534908e+00  8.534867e+00  8.534801e+00  
8.534697e+00  8.534533e+00  8.534274e+00  8.533868e+00  8.533230e+00  8.532231e+00  
8.530670e+00  8.528221e+00  8.524348e+00  8.518123e+00  8.507905e+00  8.490702e+00  
8.460050e+00  8.399122e+00  8.272207e+00  8.061034e+00  7.819068e+00  7.564895e+00  
7.311243e+00  7.072649e+00  6.863419e+00  6.680530e+00  6.513084e+00  6.352856e+00  
6.202914e+00  6.065820e+00  5.939160e+00  5.817910e+00  5.698020e+00  5.581410e+00  
5.465690e+00  5.404770e+00  5.343340e+00  5.296170e+00  5.253700e+00  5.242900e+00  
5.234220e+00  5.233230e+00  5.232450e+00  5.232190e+00  5.232160e+00  5.240780e+00  
8.878815e+00  8.878813e+00  8.878811e+00  8.878809e+00  8.878805e+00  8.878800e+00  
8.878791e+00  8.878776e+00  8.878753e+00  8.878717e+00  8.878661e+00  8.878570e+00  
8.878428e+00  8.878202e+00  8.877849e+00  8.877292e+00  8.876418e+00  8.875049e+00  
8.872907e+00  8.869541e+00  8.864205e+00  8.855610e+00  8.841534e+00  8.817943e+00  
8.776199e+00  8.694177e+00  8.526289e+00  8.254652e+00  7.956121e+00  7.658407e+00  
7.372633e+00  7.108496e+00  6.875756e+00  6.670754e+00  6.483178e+00  6.305291e+00  
6.139609e+00  5.988700e+00  5.850040e+00  5.718680e+00  5.589890e+00  5.462150e+00  
5.335200e+00  5.272890e+00  5.211460e+00  5.163870e+00  5.117090e+00  5.105580e+00  
5.096390e+00  5.095190e+00  5.094330e+00  5.094200e+00  5.094120e+00  5.094190e+00  
9.390024e+00  9.390021e+00  9.390019e+00  9.390015e+00  9.390010e+00  9.390003e+00  
9.389990e+00  9.389970e+00  9.389938e+00  9.389888e+00  9.389807e+00  9.389682e+00  
9.389483e+00  9.389170e+00  9.388676e+00  9.387901e+00  9.386686e+00  9.384787e+00  
9.381812e+00  9.377129e+00  9.369668e+00  9.357597e+00  9.337801e+00  9.304546e+00  
9.245338e+00  9.127857e+00  8.887204e+00  8.506687e+00  8.108917e+00  7.740351e+00  
7.406935e+00  7.106608e+00  6.837604e+00  6.596203e+00  6.374541e+00  6.166988e+00  
5.974802e+00  5.799970e+00  5.640340e+00  5.491300e+00  5.347420e+00  5.201980e+00  
5.058250e+00  4.994430e+00  4.933720e+00  4.886100e+00  4.833120e+00  4.820640e+00  
4.810830e+00  4.809340e+00  4.808300e+00  4.808380e+00  4.808240e+00  4.795300e+00  
9.936010e+00  9.936000e+00  9.935995e+00  9.935984e+00  9.935970e+00  9.935947e+00  
9.935911e+00  9.935854e+00  9.935762e+00  9.935618e+00  9.935390e+00  9.935029e+00  
9.934456e+00  9.933553e+00  9.932125e+00  9.929874e+00  9.926323e+00  9.920731e+00  
9.911914e+00  9.897975e+00  9.875828e+00  9.840511e+00  9.784252e+00  9.694871e+00  
9.553639e+00  9.333443e+00  8.996913e+00  8.564448e+00  8.158371e+00  7.778048e+00  
7.422789e+00  7.091787e+00  6.784639e+00  6.502413e+00  6.243538e+00  6.005804e+00  
5.787340e+00  5.588170e+00  5.408570e+00  5.247650e+00  5.101900e+00  4.956260e+00  
4.797620e+00  4.718310e+00  4.650470e+00  4.607450e+00  4.554470e+00  4.537460e+00  
4.527750e+00  4.526950e+00  4.525470e+00  4.525400e+00  4.525480e+00  4.507740e+00  
1.054325e+01  1.054324e+01  1.054323e+01  1.054322e+01  1.054320e+01  1.054317e+01  
1.054312e+01  1.054304e+01  1.054292e+01  1.054272e+01  1.054241e+01  1.054192e+01  
1.054115e+01  1.053993e+01  1.053800e+01  1.053497e+01  1.053020e+01  1.052269e+01  
1.051084e+01  1.049205e+01  1.046206e+01  1.041419e+01  1.033790e+01  1.021668e+01  
1.002552e+01  9.729874e+00  9.284139e+00  8.720346e+00  8.201220e+00  7.723760e+00  
7.285277e+00  6.884376e+00  6.519855e+00  6.189610e+00  5.890194e+00  5.617181e+00  
5.365586e+00  5.132764e+00  4.919800e+00  4.725240e+00  4.546130e+00  4.371320e+00  
4.192400e+00  4.105630e+00  4.028690e+00  3.976430e+00  3.916910e+00  3.899890e+00  
3.888720e+00  3.887640e+00  3.886280e+00  3.886150e+00  3.886040e+00  3.880310e+00  
1.089055e+01  1.089053e+01  1.089053e+01  1.089051e+01  1.089049e+01  1.089044e+01  
1.089038e+01  1.089029e+01  1.089015e+01  1.088991e+01  1.088955e+01  1.088897e+01  
1.088806e+01  1.088661e+01  1.088434e+01  1.088077e+01  1.087516e+01  1.086633e+01  
1.085238e+01  1.083016e+01  1.079459e+01  1.073777e+01  1.064714e+01  1.050302e+01  
1.027606e+01  9.926778e+00  9.404494e+00  8.750397e+00  8.154402e+00  7.612285e+00  
7.119842e+00  6.673822e+00  6.272510e+00  5.911564e+00  5.585719e+00  5.289188e+00  
5.014958e+00  4.758708e+00  4.521462e+00  4.302610e+00  4.099240e+00  3.903720e+00  
3.710990e+00  3.618470e+00  3.532540e+00  3.470190e+00  3.406360e+00  3.391160e+00  
3.378500e+00  3.377040e+00  3.375950e+00  3.375670e+00  3.375460e+00  3.385680e+00  
1.131910e+01  1.131908e+01  1.131907e+01  1.131905e+01  1.131902e+01  1.131898e+01  
1.131890e+01  1.131879e+01  1.131860e+01  1.131831e+01  1.131785e+01  1.131711e+01  
1.131596e+01  1.131416e+01  1.131132e+01  1.130686e+01  1.129988e+01  1.128888e+01  
1.127136e+01  1.124325e+01  1.119817e+01  1.112609e+01  1.101089e+01  1.082776e+01  
1.054098e+01  1.010555e+01  9.469274e+00  8.692190e+00  8.002134e+00  7.389122e+00  
6.844604e+00  6.357935e+00  5.920475e+00  5.525818e+00  5.167334e+00  4.838001e+00  
4.529483e+00  4.236686e+00  3.961222e+00  3.706250e+00  3.471610e+00  3.253560e+00  
3.050690e+00  2.955290e+00  2.861630e+00  2.789590e+00  2.724100e+00  2.707960e+00  
2.694810e+00  2.693320e+00  2.692080e+00  2.691830e+00  2.691720e+00  2.698280e+00  
1.158634e+01  1.158632e+01  1.158630e+01  1.158628e+01  1.158625e+01  1.158620e+01  
1.158612e+01  1.158598e+01  1.158578e+01  1.158545e+01  1.158493e+01  1.158411e+01  
1.158282e+01  1.158080e+01  1.157763e+01  1.157269e+01  1.156495e+01  1.155268e+01  
1.153299e+01  1.150123e+01  1.145028e+01  1.136857e+01  1.123769e+01  1.102972e+01  
1.070509e+01  1.021541e+01  9.507955e+00  8.653044e+00  7.903560e+00  7.244419e+00  
6.664806e+00  6.150495e+00  5.688411e+00  5.270985e+00  4.891611e+00  4.543240e+00  
4.217667e+00  3.909526e+00  3.619112e+00  3.347788e+00  3.095830e+00  2.860350e+00  
2.642350e+00  2.541550e+00  2.446470e+00  2.375750e+00  2.306740e+00  2.289960e+00  
2.276890e+00  2.275330e+00  2.273980e+00  2.273850e+00  2.273680e+00  2.271040e+00  
1.178078e+01  1.178076e+01  1.178074e+01  1.178072e+01  1.178067e+01  1.178062e+01  
1.178053e+01  1.178039e+01  1.178016e+01  1.177981e+01  1.177925e+01  1.177838e+01  
1.177701e+01  1.177486e+01  1.177153e+01  1.176632e+01  1.175815e+01  1.174511e+01  
1.172401e+01  1.168989e+01  1.163506e+01  1.154685e+01  1.140526e+01  1.118055e+01  
1.083036e+01  1.030460e+01  9.550201e+00  8.642845e+00  7.853578e+00  7.163626e+00  
6.559608e+00  6.025328e+00  5.545419e+00  5.111360e+00  4.716625e+00  4.354316e+00  
4.016413e+00  3.697534e+00  3.397238e+00  3.115813e+00  2.853700e+00  2.608230e+00  
2.379780e+00  2.273730e+00  2.174290e+00  2.100950e+00  2.030020e+00  2.013050e+00  
1.999920e+00  1.998330e+00  1.996940e+00  1.996840e+00  1.996660e+00  1.993340e+00  
1.193584e+01  1.193581e+01  1.193580e+01  1.193578e+01  1.193574e+01  1.193568e+01  
1.193558e+01  1.193543e+01  1.193520e+01  1.193483e+01  1.193425e+01  1.193334e+01  
1.193192e+01  1.192971e+01  1.192628e+01  1.192094e+01  1.191254e+01  1.189899e+01  
1.187692e+01  1.184123e+01  1.178366e+01  1.169073e+01  1.154139e+01  1.130462e+01  
1.093610e+01  1.038498e+01  9.597940e+00  8.653463e+00  7.836212e+00  7.125305e+00  
6.504232e+00  5.955265e+00  5.461841e+00  5.015060e+00  4.608394e+00  4.235087e+00  
3.887371e+00  3.559969e+00  3.252088e+00  2.963528e+00  2.694344e+00  2.442150e+00  
2.205390e+00  2.094380e+00  1.989710e+00  1.912420e+00  1.839740e+00  1.822530e+00  
1.809130e+00  1.807520e+00  1.806120e+00  1.805990e+00  1.805810e+00  1.804500e+00  
1.217783e+01  1.217780e+01  1.217779e+01  1.217776e+01  1.217772e+01  1.217766e+01  
1.217756e+01  1.217741e+01  1.217716e+01  1.217677e+01  1.217617e+01  1.217523e+01  
1.217377e+01  1.217154e+01  1.216809e+01  1.216273e+01  1.215416e+01  1.214005e+01  
1.211691e+01  1.207933e+01  1.201826e+01  1.191900e+01  1.175949e+01  1.150677e+01  
1.111437e+01  1.053090e+01  9.703256e+00  8.713050e+00  7.861656e+00  7.126374e+00  
6.485184e+00  5.917743e+00  5.406318e+00  4.941954e+00  4.518290e+00  4.128821e+00  
3.766177e+00  3.425328e+00  3.105295e+00  2.805516e+00  2.525089e+00  2.260990e+00  
2.009210e+00  1.889030e+00  1.774730e+00  1.689870e+00  1.612040e+00  1.593640e+00  
1.579170e+00  1.577460e+00  1.575980e+00  1.575790e+00  1.575630e+00  1.576650e+00  
1.236231e+01  1.236228e+01  1.236227e+01  1.236224e+01  1.236220e+01  1.236214e+01  
1.236204e+01  1.236187e+01  1.236163e+01  1.236123e+01  1.236063e+01  1.235969e+01  
1.235825e+01  1.235608e+01  1.235274e+01  1.234753e+01  1.233901e+01  1.232474e+01  
1.230122e+01  1.226275e+01  1.219963e+01  1.209658e+01  1.193105e+01  1.166879e+01  
1.126268e+01  1.066127e+01  9.812040e+00  8.798428e+00  7.930664e+00  7.183598e+00  
6.532442e+00  5.955146e+00  5.433206e+00  4.957873e+00  4.523024e+00  4.122283e+00  
3.748512e+00  3.396830e+00  3.066314e+00  2.756463e+00  2.465611e+00  2.188905e+00  
1.922040e+00  1.792930e+00  1.669520e+00  1.577270e+00  1.492020e+00  1.471640e+00  
1.455580e+00  1.453690e+00  1.452070e+00  1.451870e+00  1.451690e+00  1.452340e+00  
1.265552e+01  1.265549e+01  1.265548e+01  1.265545e+01  1.265541e+01  1.265535e+01  
1.265525e+01  1.265509e+01  1.265485e+01  1.265447e+01  1.265391e+01  1.265306e+01  
1.265183e+01  1.265003e+01  1.264730e+01  1.264280e+01  1.263486e+01  1.262121e+01  
1.259829e+01  1.255967e+01  1.249478e+01  1.238850e+01  1.221731e+01  1.194668e+01  
1.153029e+01  1.091728e+01  1.005368e+01  9.024785e+00  8.148850e+00  7.391418e+00  
6.729152e+00  6.139924e+00  5.605730e+00  5.117733e+00  4.669466e+00  4.254035e+00  
3.863499e+00  3.492639e+00  3.141074e+00  2.809038e+00  2.494021e+00  2.186920e+00  
1.881710e+00  1.729620e+00  1.579610e+00  1.463160e+00  1.354140e+00  1.327510e+00  
1.306150e+00  1.303650e+00  1.301590e+00  1.301310e+00  1.301110e+00  1.300720e+00  
1.281024e+01  1.281021e+01  1.281020e+01  1.281017e+01  1.281013e+01  1.281007e+01  
1.280998e+01  1.280983e+01  1.280960e+01  1.280927e+01  1.280879e+01  1.280811e+01  
1.280719e+01  1.280594e+01  1.280399e+01  1.280030e+01  1.279329e+01  1.278096e+01  
1.275936e+01  1.272151e+01  1.265709e+01  1.255102e+01  1.237981e+01  1.211064e+01  
1.169941e+01  1.109662e+01  1.024341e+01  9.225832e+00  8.357463e+00  7.600005e+00  
6.933969e+00  6.340065e+00  5.802393e+00  5.311795e+00  4.860772e+00  4.441095e+00  
4.043007e+00  3.660369e+00  3.293429e+00  2.943526e+00  2.607951e+00  2.274527e+00  
1.932626e+00  1.757160e+00  1.576380e+00  1.429900e+00  1.293530e+00  1.260700e+00  
1.234250e+00  1.231010e+00  1.228250e+00  1.227910e+00  1.227640e+00  1.228260e+00  
1.296631e+01  1.296628e+01  1.296627e+01  1.296625e+01  1.296621e+01  1.296616e+01  
1.296607e+01  1.296595e+01  1.296577e+01  1.296554e+01  1.296528e+01  1.296503e+01  
1.296489e+01  1.296483e+01  1.296425e+01  1.296203e+01  1.295713e+01  1.294718e+01  
1.292741e+01  1.289053e+01  1.282684e+01  1.272052e+01  1.255015e+01  1.228621e+01  
1.188862e+01  1.130919e+01  1.049361e+01  9.522477e+00  8.685781e+00  7.948539e+00  
7.293955e+00  6.705065e+00  6.167766e+00  5.674165e+00  5.217962e+00  4.792138e+00  
4.388286e+00  3.999705e+00  3.623043e+00  3.253625e+00  2.884434e+00  2.503450e+00  
2.095893e+00  1.876586e+00  1.640870e+00  1.437370e+00  1.234250e+00  1.189730e+00  
1.159990e+00  1.156190e+00  1.150400e+00  1.149320e+00  1.149820e+00  1.152890e+00  
1.296371e+01  1.296369e+01  1.296368e+01  1.296365e+01  1.296362e+01  1.296357e+01  
1.296351e+01  1.296342e+01  1.296333e+01  1.296325e+01  1.296329e+01  1.296363e+01  
1.296445e+01  1.296565e+01  1.296640e+01  1.296612e+01  1.296371e+01  1.295640e+01  
1.293879e+01  1.290470e+01  1.284388e+01  1.274210e+01  1.258104e+01  1.233565e+01  
1.196921e+01  1.142951e+01  1.067746e+01  9.763229e+00  8.953508e+00  8.225514e+00  
7.570013e+00  6.977911e+00  6.441570e+00  5.953300e+00  5.505059e+00  5.087506e+00  
4.689045e+00  4.300645e+00  3.918536e+00  3.537408e+00  3.148013e+00  2.732363e+00  
2.268426e+00  2.010572e+00  1.728980e+00  1.480820e+00  1.212580e+00  1.147240e+00  
1.118300e+00  1.116100e+00  1.106890e+00  1.104590e+00  1.106750e+00  1.110340e+00  
1.298693e+01  1.298691e+01  1.298690e+01  1.298688e+01  1.298685e+01  1.298681e+01  
1.298675e+01  1.298670e+01  1.298668e+01  1.298677e+01  1.298714e+01  1.298809e+01  
1.298981e+01  1.299196e+01  1.299385e+01  1.299516e+01  1.299451e+01  1.298830e+01  
1.297136e+01  1.293736e+01  1.287558e+01  1.277323e+01  1.261399e+01  1.237496e+01  
1.201955e+01  1.149809e+01  1.077815e+01  9.903218e+00  9.122605e+00  8.417236e+00  
7.779141e+00  7.200154e+00  6.673440e+00  6.192026e+00  5.748442e+00  5.333945e+00  
4.937349e+00  4.549614e+00  4.166188e+00  3.780415e+00  3.380283e+00  2.942200e+00  
2.436113e+00  2.146101e+00  1.821147e+00  1.530120e+00  1.205650e+00  1.123700e+00  
1.091380e+00  1.089610e+00  1.078090e+00  1.075040e+00  1.078180e+00  1.081120e+00  
1.299295e+01  1.299293e+01  1.299292e+01  1.299290e+01  1.299288e+01  1.299285e+01  
1.299281e+01  1.299281e+01  1.299288e+01  1.299315e+01  1.299389e+01  1.299548e+01  
1.299803e+01  1.300102e+01  1.300407e+01  1.300686e+01  1.300756e+01  1.300190e+01  
1.298529e+01  1.295048e+01  1.288716e+01  1.278369e+01  1.262570e+01  1.239147e+01  
1.204096e+01  1.154138e+01  1.084943e+01  1.000657e+01  9.251036e+00  8.565690e+00  
7.943574e+00  7.377228e+00  6.860454e+00  6.386799e+00  5.949324e+00  5.539658e+00  
5.147019e+00  4.762350e+00  4.380491e+00  3.993571e+00  3.587264e+00  3.132977e+00  
2.593202e+00  2.276216e+00  1.913893e+00  1.583870e+00  1.207830e+00  1.110100e+00  
1.072390e+00  1.070630e+00  1.057380e+00  1.053800e+00  1.057600e+00  1.059400e+00  
1.297037e+01  1.297035e+01  1.297034e+01  1.297033e+01  1.297032e+01  1.297030e+01  
1.297032e+01  1.297040e+01  1.297069e+01  1.297142e+01  1.297301e+01  1.297589e+01  
1.297987e+01  1.298445e+01  1.298982e+01  1.299514e+01  1.299743e+01  1.299236e+01  
1.297525e+01  1.293761e+01  1.287070e+01  1.276521e+01  1.260937e+01  1.238214e+01  
1.204268e+01  1.158320e+01  1.094074e+01  1.015060e+01  9.437708e+00  8.786742e+00  
8.192453e+00  7.648520e+00  7.149820e+00  6.690929e+00  6.265807e+00  5.867132e+00  
5.485134e+00  5.110984e+00  4.738310e+00  4.356844e+00  3.947227e+00  3.469879e+00  
2.872730e+00  2.508952e+00  2.083574e+00  1.690425e+00  1.240390e+00  1.114120e+00  
1.036320e+00  1.034680e+00  1.035860e+00  1.032950e+00  1.022330e+00  1.029050e+00  
1.295064e+01  1.295062e+01  1.295061e+01  1.295061e+01  1.295060e+01  1.295061e+01  
1.295068e+01  1.295089e+01  1.295144e+01  1.295270e+01  1.295522e+01  1.295929e+01  
1.296445e+01  1.297071e+01  1.297815e+01  1.298534e+01  1.298820e+01  1.298322e+01  
1.296416e+01  1.292295e+01  1.285212e+01  1.274463e+01  1.258972e+01  1.236019e+01  
1.203854e+01  1.160633e+01  1.099881e+01  1.024586e+01  9.564300e+00  8.939743e+00  
8.367903e+00  7.843177e+00  7.361092e+00  6.916786e+00  6.504839e+00  6.118438e+00  
5.748354e+00  5.385875e+00  5.024031e+00  4.651062e+00  4.244399e+00  3.757021e+00  
3.124443e+00  2.727125e+00  2.251127e+00  1.800368e+00  1.273470e+00  1.121140e+00  
1.021140e+00  1.017240e+00  1.017900e+00  1.014730e+00  1.002240e+00  1.008800e+00  
1.298174e+01  1.298172e+01  1.298172e+01  1.298173e+01  1.298175e+01  1.298185e+01  
1.298210e+01  1.298271e+01  1.298411e+01  1.298694e+01  1.299172e+01  1.299811e+01  
1.300614e+01  1.301637e+01  1.302781e+01  1.303675e+01  1.303986e+01  1.303190e+01  
1.300526e+01  1.295395e+01  1.287393e+01  1.276041e+01  1.259894e+01  1.236451e+01  
1.207032e+01  1.166704e+01  1.109600e+01  1.038654e+01  9.744911e+00  9.158677e+00  
8.623883e+00  8.135393e+00  7.688931e+00  7.279677e+00  6.902012e+00  6.548543e+00  
6.208720e+00  5.872872e+00  5.534416e+00  5.182249e+00  4.794561e+00  4.324140e+00  
3.682619e+00  3.241171e+00  2.656037e+00  2.061302e+00  1.350740e+00  1.149010e+00  
1.018610e+00  1.003290e+00  9.837300e-01  9.813700e-01  9.794400e-01  9.792000e-01  
1.294691e+01  1.294690e+01  1.294690e+01  1.294692e+01  1.294700e+01  1.294720e+01  
1.294771e+01  1.294886e+01  1.295132e+01  1.295582e+01  1.296247e+01  1.297092e+01  
1.298198e+01  1.299553e+01  1.300910e+01  1.301862e+01  1.302066e+01  1.300775e+01  
1.297382e+01  1.291502e+01  1.282985e+01  1.271384e+01  1.253718e+01  1.232518e+01  
1.205246e+01  1.167415e+01  1.113461e+01  1.046341e+01  9.854724e+00  9.298285e+00  
8.790732e+00  8.327601e+00  7.905140e+00  7.519096e+00  7.164370e+00  6.834122e+00  
6.518230e+00  6.207171e+00  5.894116e+00  5.566967e+00  5.201114e+00  4.741840e+00  
4.087543e+00  3.623534e+00  2.994450e+00  2.327843e+00  1.462910e+00  1.201710e+00  
1.013230e+00  9.908300e-01  9.692200e-01  9.664500e-01  9.644600e-01  9.632000e-01  
1.286204e+01  1.286204e+01  1.286207e+01  1.286216e+01  1.286236e+01  1.286288e+01  
1.286407e+01  1.286663e+01  1.287145e+01  1.287887e+01  1.288849e+01  1.290128e+01  
1.291752e+01  1.293526e+01  1.295013e+01  1.295919e+01  1.295509e+01  1.293161e+01  
1.288538e+01  1.281698e+01  1.272620e+01  1.258757e+01  1.242713e+01  1.224237e+01  
1.199888e+01  1.165602e+01  1.116201e+01  1.054506e+01  9.982849e+00  9.467708e+00  
8.997160e+00  8.567871e+00  8.177092e+00  7.821631e+00  7.497629e+00  7.199644e+00  
6.919417e+00  6.648626e+00  6.380208e+00  6.100600e+00  5.780042e+00  5.349106e+00  
4.685461e+00  4.196364e+00  3.520118e+00  2.771082e+00  1.698825e+00  1.341670e+00  
1.019390e+00  9.781700e-01  9.537200e-01  9.506500e-01  9.408300e-01  9.462300e-01  
1.285508e+01  1.285511e+01  1.285517e+01  1.285534e+01  1.285573e+01  1.285668e+01  
1.285877e+01  1.286296e+01  1.287001e+01  1.287962e+01  1.289228e+01  1.290901e+01  
1.292905e+01  1.294813e+01  1.296334e+01  1.296882e+01  1.295703e+01  1.292351e+01  
1.286834e+01  1.279341e+01  1.269146e+01  1.254455e+01  1.239952e+01  1.222694e+01  
1.199525e+01  1.166551e+01  1.118822e+01  1.059230e+01  1.005014e+01  9.555082e+00  
9.104831e+00  8.696390e+00  8.327227e+00  7.994393e+00  7.694259e+00  7.421545e+00  
7.167878e+00  6.925138e+00  6.687044e+00  6.441120e+00  6.158829e+00  5.770839e+00  
5.146420e+00  4.664217e+00  3.966463e+00  3.151399e+00  1.899870e+00  1.461780e+00  
1.043110e+00  9.832200e-01  9.424100e-01  9.389600e-01  9.333600e-01  9.372900e-01  
1.284163e+01  1.284169e+01  1.284180e+01  1.284207e+01  1.284271e+01  1.284419e+01  
1.284733e+01  1.285319e+01  1.286209e+01  1.287374e+01  1.288945e+01  1.290957e+01  
1.293175e+01  1.295154e+01  1.296574e+01  1.296627e+01  1.294702e+01  1.290551e+01  
1.284417e+01  1.276539e+01  1.264025e+01  1.250990e+01  1.237613e+01  1.221397e+01  
1.199348e+01  1.167675e+01  1.121497e+01  1.063551e+01  1.010579e+01  9.620968e+00  
9.179751e+00  8.780583e+00  8.422404e+00  8.102876e+00  7.818867e+00  7.565708e+00  
7.335849e+00  7.120727e+00  6.911033e+00  6.687560e+00  6.420164e+00  6.057279e+00  
5.486651e+00  5.040479e+00  4.370165e+00  3.525943e+00  2.088128e+00  1.565930e+00  
1.057140e+00  9.856500e-01  9.418300e-01  9.391500e-01  9.324000e-01  9.317800e-01  
1.283909e+01  1.283919e+01  1.283935e+01  1.283975e+01  1.284068e+01  1.284278e+01  
1.284705e+01  1.285448e+01  1.286493e+01  1.287872e+01  1.289722e+01  1.292011e+01  
1.294329e+01  1.296346e+01  1.297530e+01  1.297053e+01  1.294422e+01  1.289639e+01  
1.283034e+01  1.274638e+01  1.261051e+01  1.249020e+01  1.236352e+01  1.220737e+01  
1.199263e+01  1.168226e+01  1.122865e+01  1.065961e+01  1.013991e+01  9.665101e+00  
9.233766e+00  8.844331e+00  8.495706e+00  8.186009e+00  7.912745e+00  7.672169e+00  
7.458015e+00  7.262779e+00  7.077231e+00  6.881359e+00  6.643433e+00  6.308674e+00  
5.762380e+00  5.328541e+00  4.671773e+00  3.824918e+00  2.282904e+00  1.675370e+00  
1.077170e+00  9.946300e-01  9.409000e-01  9.344800e-01  9.305800e-01  9.280600e-01  
1.285760e+01  1.285779e+01  1.285809e+01  1.285881e+01  1.286046e+01  1.286399e+01  
1.287059e+01  1.288065e+01  1.289395e+01  1.291200e+01  1.293535e+01  1.296151e+01  
1.298579e+01  1.300487e+01  1.300999e+01  1.299473e+01  1.295680e+01  1.289959e+01  
1.282736e+01  1.270855e+01  1.259075e+01  1.248247e+01  1.236411e+01  1.221394e+01  
1.200352e+01  1.169692e+01  1.124862e+01  1.068841e+01  1.017954e+01  9.717973e+00  
9.301581e+00  8.928279e+00  8.596386e+00  8.303923e+00  8.048393e+00  7.825882e+00  
7.629684e+00  7.453506e+00  7.293439e+00  7.139488e+00  6.964621e+00  6.694974e+00  
6.196808e+00  5.785591e+00  5.158406e+00  4.310393e+00  2.614202e+00  1.895037e+00  
1.126670e+00  1.014400e+00  9.390200e-01  9.323500e-01  9.253000e-01  9.233500e-01  
1.284233e+01  1.284265e+01  1.284313e+01  1.284426e+01  1.284678e+01  1.285189e+01  
1.286063e+01  1.287281e+01  1.288909e+01  1.291098e+01  1.293807e+01  1.296558e+01  
1.299042e+01  1.300613e+01  1.300407e+01  1.297933e+01  1.293305e+01  1.286982e+01  
1.278916e+01  1.265701e+01  1.255238e+01  1.245334e+01  1.234272e+01  1.219976e+01  
1.199701e+01  1.169941e+01  1.126231e+01  1.071484e+01  1.021626e+01  9.763430e+00  
9.354529e+00  8.988008e+00  8.662737e+00  8.377506e+00  8.130967e+00  7.920899e+00  
7.743093e+00  7.592190e+00  7.460749e+00  7.330307e+00  7.171832e+00  6.935602e+00  
6.506100e+00  6.133567e+00  5.534851e+00  4.695411e+00  2.918000e+00  2.087535e+00  
1.176800e+00  1.042410e+00  9.402600e-01  9.307600e-01  9.198700e-01  9.204800e-01  
1.284886e+01  1.284963e+01  1.285073e+01  1.285320e+01  1.285830e+01  1.286731e+01  
1.288016e+01  1.289735e+01  1.292072e+01  1.295026e+01  1.298149e+01  1.301071e+01  
1.303209e+01  1.303602e+01  1.301676e+01  1.297475e+01  1.291512e+01  1.284261e+01  
1.271081e+01  1.260903e+01  1.252229e+01  1.243633e+01  1.233580e+01  1.220103e+01  
1.200579e+01  1.171641e+01  1.128975e+01  1.075411e+01  1.026582e+01  9.822618e+00  
9.423427e+00  9.067716e+00  8.755095e+00  8.484696e+00  8.255368e+00  8.065073e+00  
7.909691e+00  7.784783e+00  7.685748e+00  7.599048e+00  7.500830e+00  7.344077e+00  
7.022410e+00  6.717656e+00  6.185392e+00  5.387920e+00  3.529950e+00  2.541802e+00  
1.300530e+00  1.103040e+00  9.476500e-01  9.323400e-01  9.183700e-01  9.166300e-01  
1.287153e+01  1.287294e+01  1.287486e+01  1.287900e+01  1.288686e+01  1.289901e+01  
1.291525e+01  1.293754e+01  1.296679e+01  1.300050e+01  1.303330e+01  1.306166e+01  
1.307553e+01  1.306737e+01  1.303453e+01  1.298157e+01  1.291532e+01  1.279975e+01  
1.268704e+01  1.259968e+01  1.252276e+01  1.244368e+01  1.234766e+01  1.221553e+01  
1.202136e+01  1.173176e+01  1.130440e+01  1.077020e+01  1.028571e+01  9.848292e+00  
9.456510e+00  9.109278e+00  8.805547e+00  8.544287e+00  8.324259e+00  8.143264e+00  
7.996712e+00  7.881316e+00  7.797454e+00  7.741659e+00  7.696689e+00  7.601841e+00  
7.340790e+00  7.077649e+00  6.614735e+00  5.879195e+00  3.994727e+00  2.923719e+00  
1.423140e+00  1.170310e+00  9.578300e-01  9.353400e-01  9.161400e-01  9.147000e-01  
1.287456e+01  1.287776e+01  1.288181e+01  1.288969e+01  1.290224e+01  1.291919e+01  
1.294247e+01  1.297339e+01  1.301015e+01  1.304676e+01  1.308002e+01  1.309971e+01  
1.309721e+01  1.306873e+01  1.301863e+01  1.295426e+01  1.284584e+01  1.272590e+01  
1.263823e+01  1.256736e+01  1.250250e+01  1.243222e+01  1.234266e+01  1.221556e+01  
1.202578e+01  1.174050e+01  1.131794e+01  1.079002e+01  1.031136e+01  9.879944e+00  
9.494401e+00  9.153817e+00  8.857354e+00  8.604253e+00  8.393644e+00  8.223767e+00  
8.090715e+00  7.992088e+00  7.929957e+00  7.903694e+00  7.901030e+00  7.870386e+00  
7.710576e+00  7.519212e+00  7.148790e+00  6.514679e+00  4.709559e+00  3.530869e+00  
1.652408e+00  1.304340e+00  9.818500e-01  9.432600e-01  9.152100e-01  9.127400e-01  
1.285409e+01  1.285970e+01  1.286624e+01  1.287759e+01  1.289362e+01  1.291532e+01  
1.294492e+01  1.298229e+01  1.302176e+01  1.305978e+01  1.308855e+01  1.309729e+01  
1.307975e+01  1.303760e+01  1.297761e+01  1.290448e+01  1.276106e+01  1.266289e+01  
1.258881e+01  1.252793e+01  1.247059e+01  1.240610e+01  1.232142e+01  1.219912e+01  
1.201487e+01  1.173646e+01  1.132230e+01  1.080265e+01  1.032950e+01  9.901570e+00  
9.518134e+00  9.179119e+00  8.884624e+00  8.634481e+00  8.428360e+00  8.265382e+00  
8.143028e+00  8.059030e+00  8.012728e+00  7.996824e+00  7.998322e+00  7.990633e+00  
7.907097e+00  7.778790e+00  7.484926e+00  6.942243e+00  5.237084e+00  3.977856e+00  
1.864394e+00  1.440380e+00  1.008860e+00  9.479000e-01  9.176100e-01  9.117500e-01  
1.285482e+01  1.286333e+01  1.287240e+01  1.288661e+01  1.290576e+01  1.293219e+01  
1.296722e+01  1.300829e+01  1.304932e+01  1.308655e+01  1.310847e+01  1.310631e+01  
1.307672e+01  1.302504e+01  1.295986e+01  1.284029e+01  1.272068e+01  1.263538e+01  
1.257025e+01  1.251590e+01  1.246319e+01  1.240199e+01  1.231971e+01  1.219930e+01  
1.201678e+01  1.174003e+01  1.132735e+01  1.080869e+01  1.033622e+01  9.909377e+00  
9.527779e+00  9.191272e+00  8.900006e+00  8.653361e+00  8.450329e+00  8.289960e+00  
8.171195e+00  8.093064e+00  8.055221e+00  8.050575e+00  8.068043e+00  8.088546e+00  
8.047348e+00  7.945270e+00  7.699025e+00  7.233729e+00  5.647332e+00  4.352409e+00  
2.057063e+00  1.565010e+00  1.035210e+00  9.563900e-01  9.229000e-01  9.111500e-01  
1.285311e+01  1.286491e+01  1.287635e+01  1.289291e+01  1.291528e+01  1.294602e+01  
1.298551e+01  1.302845e+01  1.307057e+01  1.310487e+01  1.311945e+01  1.310709e+01  
1.306825e+01  1.300982e+01  1.294078e+01  1.279458e+01  1.268968e+01  1.261346e+01  
1.255492e+01  1.250532e+01  1.245597e+01  1.239716e+01  1.231671e+01  1.219785e+01  
1.201685e+01  1.174171e+01  1.133054e+01  1.081289e+01  1.034114e+01  9.915569e+00  
9.535530e+00  9.200521e+00  8.910355e+00  8.664959e+00  8.464235e+00  8.307605e+00  
8.193017e+00  8.118877e+00  8.085412e+00  8.086885e+00  8.113710e+00  8.148414e+00  
8.141900e+00  8.075378e+00  7.870405e+00  7.429633e+00  5.924108e+00  4.719239e+00  
2.246951e+00  1.669508e+00  1.061500e+00  9.755100e-01  9.190500e-01  9.107600e-01  
1.285298e+01  1.287202e+01  1.288741e+01  1.290820e+01  1.293697e+01  1.297517e+01  
1.302007e+01  1.306525e+01  1.310670e+01  1.313211e+01  1.313208e+01  1.310350e+01  
1.305113e+01  1.298547e+01  1.286043e+01  1.273651e+01  1.264972e+01  1.258598e+01  
1.253645e+01  1.249323e+01  1.244826e+01  1.239245e+01  1.231408e+01  1.219680e+01  
1.201716e+01  1.174336e+01  1.133366e+01  1.081768e+01  1.034750e+01  9.923614e+00  
9.545354e+00  9.212333e+00  8.924424e+00  8.681576e+00  8.483741e+00  8.330419e+00  
8.219719e+00  8.150545e+00  8.123647e+00  8.134387e+00  8.174900e+00  8.231621e+00  
8.264951e+00  8.234145e+00  8.091958e+00  7.737077e+00  6.385596e+00  5.232824e+00  
2.592599e+00  1.885394e+00  1.115510e+00  9.996800e-01  9.236500e-01  9.102600e-01  
1.285366e+01  1.288030e+01  1.289685e+01  1.292372e+01  1.295841e+01  1.300248e+01  
1.304966e+01  1.309421e+01  1.313394e+01  1.315121e+01  1.313576e+01  1.309488e+01  
1.303435e+01  1.296244e+01  1.280477e+01  1.269942e+01  1.262425e+01  1.256889e+01  
1.252535e+01  1.248624e+01  1.244404e+01  1.239006e+01  1.231289e+01  1.219643e+01  
1.201739e+01  1.174418e+01  1.133534e+01  1.082061e+01  1.035163e+01  9.928767e+00  
9.551515e+00  9.219594e+00  8.933053e+00  8.691824e+00  8.495797e+00  8.344482e+00  
8.236212e+00  8.170095e+00  8.147305e+00  8.163733e+00  8.212683e+00  8.283361e+00  
8.342080e+00  8.334395e+00  8.235358e+00  7.943787e+00  6.719938e+00  5.626153e+00  
2.897768e+00  2.082973e+00  1.168840e+00  1.025140e+00  9.286600e-01  9.099600e-01  
