1.866311e+00  1.866312e+00  1.866313e+00  1.866314e+00  1.866315e+00  1.866318e+00  
1.866322e+00  1.866328e+00  1.866338e+00  1.866353e+00  1.866378e+00  1.866417e+00  
1.866478e+00  1.866576e+00  1.866732e+00  1.866978e+00  1.867367e+00  1.867985e+00  
1.868965e+00  1.870517e+00  1.872976e+00  1.876874e+00  1.883053e+00  1.892844e+00  
1.908352e+00  1.932892e+00  1.971629e+00  2.023628e+00  2.074787e+00  2.124771e+00  
2.173202e+00  2.219735e+00  2.264071e+00  2.305990e+00  2.345511e+00  2.383170e+00  
2.420250e+00  2.457910e+00  2.496130e+00  2.534770e+00  2.573830e+00  2.614010e+00  
2.655600e+00  2.676310e+00  2.696320e+00  2.712630e+00  2.737400e+00  2.746440e+00  
2.751240e+00  2.751550e+00  2.752280e+00  2.752340e+00  2.752580e+00  2.752470e+00  
2.392269e+00  2.392270e+00  2.392271e+00  2.392272e+00  2.392273e+00  2.392276e+00  
2.392280e+00  2.392286e+00  2.392296e+00  2.392312e+00  2.392338e+00  2.392378e+00  
2.392442e+00  2.392543e+00  2.392703e+00  2.392958e+00  2.393360e+00  2.393998e+00  
2.395010e+00  2.396613e+00  2.399154e+00  2.403180e+00  2.409562e+00  2.419664e+00  
2.435639e+00  2.460793e+00  2.500173e+00  2.552490e+00  2.603285e+00  2.652212e+00  
2.698922e+00  2.743070e+00  2.784397e+00  2.822814e+00  2.858501e+00  2.892290e+00  
2.925940e+00  2.961080e+00  2.998030e+00  3.037140e+00  3.078970e+00  3.124740e+00  
3.174710e+00  3.199400e+00  3.219920e+00  3.232280e+00  3.249930e+00  3.256510e+00  
3.259530e+00  3.259640e+00  3.260120e+00  3.260170e+00  3.260360e+00  3.260270e+00  
2.814683e+00  2.814684e+00  2.814685e+00  2.814686e+00  2.814688e+00  2.814691e+00  
2.814696e+00  2.814704e+00  2.814715e+00  2.814734e+00  2.814765e+00  2.814814e+00  
2.814891e+00  2.815013e+00  2.815206e+00  2.815513e+00  2.815999e+00  2.816770e+00  
2.817991e+00  2.819926e+00  2.822992e+00  2.827849e+00  2.835534e+00  2.847660e+00  
2.866655e+00  2.895885e+00  2.939758e+00  2.994775e+00  3.044396e+00  3.088637e+00  
3.127904e+00  3.163296e+00  3.196341e+00  3.227552e+00  3.257294e+00  3.286550e+00  
3.317070e+00  3.350320e+00  3.386350e+00  3.424510e+00  3.464310e+00  3.506590e+00  
3.551650e+00  3.574120e+00  3.594370e+00  3.607990e+00  3.622190e+00  3.625750e+00  
3.628380e+00  3.628680e+00  3.628970e+00  3.628990e+00  3.629050e+00  3.629040e+00  
3.485112e+00  3.485114e+00  3.485115e+00  3.485116e+00  3.485118e+00  3.485122e+00  
3.485128e+00  3.485138e+00  3.485153e+00  3.485176e+00  3.485214e+00  3.485274e+00  
3.485368e+00  3.485518e+00  3.485756e+00  3.486132e+00  3.486729e+00  3.487675e+00  
3.489174e+00  3.491550e+00  3.495315e+00  3.501275e+00  3.510695e+00  3.525507e+00  
3.548503e+00  3.583073e+00  3.632646e+00  3.690599e+00  3.737654e+00  3.774278e+00  
3.801846e+00  3.823119e+00  3.841756e+00  3.858863e+00  3.874902e+00  3.891000e+00  
3.908880e+00  3.929960e+00  3.954280e+00  3.981070e+00  4.009850e+00  4.042140e+00  
4.079120e+00  4.098190e+00  4.114440e+00  4.124140e+00  4.134340e+00  4.136840e+00  
4.138560e+00  4.138750e+00  4.138940e+00  4.138950e+00  4.139010e+00  4.139000e+00  
4.002627e+00  4.002629e+00  4.002630e+00  4.002632e+00  4.002635e+00  4.002640e+00  
4.002648e+00  4.002660e+00  4.002680e+00  4.002710e+00  4.002759e+00  4.002837e+00  
4.002960e+00  4.003154e+00  4.003462e+00  4.003950e+00  4.004725e+00  4.005952e+00  
4.007897e+00  4.010979e+00  4.015860e+00  4.023581e+00  4.035746e+00  4.054734e+00  
4.083642e+00  4.124853e+00  4.178010e+00  4.231561e+00  4.267981e+00  4.293274e+00  
4.309769e+00  4.320078e+00  4.327652e+00  4.333376e+00  4.337536e+00  4.340970e+00  
4.345110e+00  4.351270e+00  4.360180e+00  4.372730e+00  4.389870e+00  4.411850e+00  
4.436900e+00  4.448910e+00  4.460030e+00  4.467780e+00  4.474670e+00  4.476310e+00  
4.477570e+00  4.477730e+00  4.477850e+00  4.477870e+00  4.477880e+00  4.477890e+00  
4.419608e+00  4.419611e+00  4.419612e+00  4.419615e+00  4.419619e+00  4.419625e+00  
4.419635e+00  4.419650e+00  4.419675e+00  4.419715e+00  4.419777e+00  4.419876e+00  
4.420032e+00  4.420280e+00  4.420673e+00  4.421296e+00  4.422284e+00  4.423849e+00  
4.426329e+00  4.430260e+00  4.436483e+00  4.446316e+00  4.461771e+00  4.485737e+00  
4.521590e+00  4.570152e+00  4.625797e+00  4.671149e+00  4.693133e+00  4.706062e+00  
4.712920e+00  4.714850e+00  4.713346e+00  4.708416e+00  4.699653e+00  4.688230e+00  
4.677770e+00  4.671350e+00  4.669170e+00  4.670350e+00  4.674370e+00  4.682610e+00  
4.695140e+00  4.701740e+00  4.708040e+00  4.712560e+00  4.716710e+00  4.717730e+00  
4.718530e+00  4.718640e+00  4.718720e+00  4.718730e+00  4.718720e+00  4.718740e+00  
4.771912e+00  4.771915e+00  4.771917e+00  4.771920e+00  4.771924e+00  4.771932e+00  
4.771943e+00  4.771961e+00  4.771990e+00  4.772036e+00  4.772108e+00  4.772223e+00  
4.772405e+00  4.772693e+00  4.773150e+00  4.773875e+00  4.775024e+00  4.776845e+00  
4.779729e+00  4.784301e+00  4.791537e+00  4.802964e+00  4.820900e+00  4.848602e+00  
4.889601e+00  4.943319e+00  4.999629e+00  5.036453e+00  5.044859e+00  5.045911e+00  
5.043108e+00  5.036466e+00  5.025991e+00  5.011013e+00  4.990623e+00  4.966160e+00  
4.942890e+00  4.925040e+00  4.912400e+00  4.902760e+00  4.894480e+00  4.889850e+00  
4.890400e+00  4.891730e+00  4.893330e+00  4.894690e+00  4.896040e+00  4.896430e+00  
4.896750e+00  4.896800e+00  4.896830e+00  4.896820e+00  4.896820e+00  4.896850e+00  
5.345749e+00  5.345753e+00  5.345755e+00  5.345758e+00  5.345763e+00  5.345771e+00  
5.345785e+00  5.345806e+00  5.345839e+00  5.345891e+00  5.345974e+00  5.346106e+00  
5.346314e+00  5.346645e+00  5.347170e+00  5.348001e+00  5.349318e+00  5.351407e+00  
5.354717e+00  5.359963e+00  5.368265e+00  5.381367e+00  5.401895e+00  5.433453e+00  
5.479538e+00  5.537380e+00  5.590612e+00  5.610961e+00  5.596132e+00  5.575423e+00  
5.553208e+00  5.528542e+00  5.500139e+00  5.466722e+00  5.426795e+00  5.381660e+00  
5.337960e+00  5.300730e+00  5.269250e+00  5.239930e+00  5.210140e+00  5.183320e+00  
5.162820e+00  5.154510e+00  5.147270e+00  5.142430e+00  5.137860e+00  5.136860e+00  
5.136130e+00  5.136030e+00  5.135950e+00  5.135940e+00  5.135920e+00  5.135950e+00  
5.802400e+00  5.802404e+00  5.802406e+00  5.802409e+00  5.802414e+00  5.802423e+00  
5.802436e+00  5.802458e+00  5.802491e+00  5.802545e+00  5.802629e+00  5.802763e+00  
5.802975e+00  5.803313e+00  5.803847e+00  5.804693e+00  5.806035e+00  5.808162e+00  
5.811534e+00  5.816878e+00  5.825336e+00  5.838681e+00  5.859565e+00  5.891563e+00  
5.937847e+00  5.994114e+00  6.040202e+00  6.045023e+00  6.010912e+00  5.970560e+00  
5.929053e+00  5.885776e+00  5.839789e+00  5.789707e+00  5.733892e+00  5.673360e+00  
5.614420e+00  5.561640e+00  5.514100e+00  5.468000e+00  5.420640e+00  5.376030e+00  
5.338160e+00  5.321450e+00  5.306230e+00  5.295510e+00  5.285070e+00  5.282660e+00  
5.280810e+00  5.280560e+00  5.280380e+00  5.280360e+00  5.280320e+00  5.280350e+00  
6.644156e+00  6.644159e+00  6.644161e+00  6.644164e+00  6.644168e+00  6.644175e+00  
6.644186e+00  6.644204e+00  6.644233e+00  6.644277e+00  6.644347e+00  6.644460e+00  
6.644638e+00  6.644920e+00  6.645366e+00  6.646075e+00  6.647199e+00  6.648982e+00  
6.651810e+00  6.656294e+00  6.663396e+00  6.674594e+00  6.692066e+00  6.718590e+00  
6.755955e+00  6.797263e+00  6.817494e+00  6.784658e+00  6.709640e+00  6.624909e+00  
6.537145e+00  6.448561e+00  6.361593e+00  6.275464e+00  6.188974e+00  6.101696e+00  
6.016960e+00  5.936500e+00  5.859420e+00  5.782760e+00  5.704720e+00  5.629370e+00  
5.559880e+00  5.526520e+00  5.494670e+00  5.471220e+00  5.448700e+00  5.443230e+00  
5.438940e+00  5.438390e+00  5.437970e+00  5.437900e+00  5.437870e+00  5.437880e+00  
7.238709e+00  7.238711e+00  7.238712e+00  7.238714e+00  7.238717e+00  7.238722e+00  
7.238730e+00  7.238742e+00  7.238761e+00  7.238792e+00  7.238841e+00  7.238917e+00  
7.239039e+00  7.239233e+00  7.239539e+00  7.240025e+00  7.240797e+00  7.242023e+00  
7.243971e+00  7.247065e+00  7.251969e+00  7.259694e+00  7.271678e+00  7.289544e+00  
7.313395e+00  7.334255e+00  7.324656e+00  7.254586e+00  7.142574e+00  7.017230e+00  
6.886821e+00  6.756943e+00  6.633679e+00  6.517449e+00  6.407345e+00  6.301581e+00  
6.200190e+00  6.102060e+00  6.006360e+00  5.911040e+00  5.815030e+00  5.721520e+00  
5.631350e+00  5.585730e+00  5.540930e+00  5.507320e+00  5.476430e+00  5.468730e+00  
5.462600e+00  5.461840e+00  5.461260e+00  5.461160e+00  5.461110e+00  5.461090e+00  
8.061776e+00  8.061775e+00  8.061775e+00  8.061774e+00  8.061774e+00  8.061772e+00  
8.061770e+00  8.061766e+00  8.061759e+00  8.061750e+00  8.061735e+00  8.061711e+00  
8.061674e+00  8.061614e+00  8.061521e+00  8.061375e+00  8.061146e+00  8.060788e+00  
8.060231e+00  8.059367e+00  8.058020e+00  8.055877e+00  8.052338e+00  8.046062e+00  
8.033687e+00  8.005336e+00  7.937892e+00  7.812143e+00  7.650892e+00  7.462170e+00  
7.257255e+00  7.051561e+00  6.861207e+00  6.690297e+00  6.538483e+00  6.403082e+00  
6.280710e+00  6.166870e+00  6.057890e+00  5.946350e+00  5.826880e+00  5.705930e+00  
5.590980e+00  5.534610e+00  5.473800e+00  5.423220e+00  5.382890e+00  5.373020e+00  
5.364290e+00  5.363270e+00  5.362500e+00  5.362330e+00  5.362340e+00  5.362220e+00  
8.604036e+00  8.604034e+00  8.604033e+00  8.604031e+00  8.604027e+00  8.604022e+00  
8.604014e+00  8.604002e+00  8.603981e+00  8.603949e+00  8.603899e+00  8.603819e+00  
8.603692e+00  8.603493e+00  8.603178e+00  8.602679e+00  8.601894e+00  8.600659e+00  
8.598719e+00  8.595673e+00  8.590875e+00  8.583268e+00  8.571027e+00  8.550883e+00  
8.516481e+00  8.453343e+00  8.331614e+00  8.135378e+00  7.908325e+00  7.659456e+00  
7.400720e+00  7.147899e+00  6.916945e+00  6.711571e+00  6.531158e+00  6.371855e+00  
6.229140e+00  6.098100e+00  5.974440e+00  5.850180e+00  5.719150e+00  5.586280e+00  
5.457290e+00  5.393020e+00  5.324190e+00  5.267320e+00  5.220850e+00  5.209450e+00  
5.199480e+00  5.198310e+00  5.197430e+00  5.197240e+00  5.197230e+00  5.197100e+00  
9.006948e+00  9.006944e+00  9.006942e+00  9.006939e+00  9.006934e+00  9.006925e+00  
9.006911e+00  9.006890e+00  9.006856e+00  9.006803e+00  9.006719e+00  9.006585e+00  
9.006374e+00  9.006038e+00  9.005510e+00  9.004674e+00  9.003357e+00  9.001283e+00  
8.998021e+00  8.992887e+00  8.984793e+00  8.971953e+00  8.951372e+00  8.917966e+00  
8.862647e+00  8.766999e+00  8.595964e+00  8.337895e+00  8.055359e+00  7.757762e+00  
7.456857e+00  7.167650e+00  6.905614e+00  6.673575e+00  6.470547e+00  6.291574e+00  
6.131028e+00  5.983930e+00  5.845950e+00  5.709890e+00  5.569910e+00  5.429090e+00  
5.291350e+00  5.222980e+00  5.151540e+00  5.093480e+00  5.042770e+00  5.030300e+00  
5.019760e+00  5.018510e+00  5.017520e+00  5.017350e+00  5.017300e+00  5.017220e+00  
9.323526e+00  9.323521e+00  9.323518e+00  9.323514e+00  9.323506e+00  9.323495e+00  
9.323476e+00  9.323446e+00  9.323400e+00  9.323327e+00  9.323210e+00  9.323025e+00  
9.322732e+00  9.322270e+00  9.321539e+00  9.320386e+00  9.318566e+00  9.315701e+00  
9.311190e+00  9.304091e+00  9.292886e+00  9.275099e+00  9.246632e+00  9.200703e+00  
9.125733e+00  8.999913e+00  8.784159e+00  8.471619e+00  8.141804e+00  7.804039e+00  
7.469425e+00  7.151491e+00  6.864780e+00  6.611578e+00  6.389902e+00  6.194074e+00  
6.017407e+00  5.854930e+00  5.702770e+00  5.555200e+00  5.407430e+00  5.260570e+00  
5.116920e+00  5.046540e+00  4.975390e+00  4.918790e+00  4.864990e+00  4.851720e+00  
4.840990e+00  4.839700e+00  4.838620e+00  4.838480e+00  4.838390e+00  4.838370e+00  
9.736605e+00  9.736600e+00  9.736598e+00  9.736593e+00  9.736586e+00  9.736575e+00  
9.736558e+00  9.736529e+00  9.736486e+00  9.736415e+00  9.736304e+00  9.736129e+00  
9.735852e+00  9.735416e+00  9.734725e+00  9.733640e+00  9.731934e+00  9.729256e+00  
9.725061e+00  9.718471e+00  9.708052e+00  9.691372e+00  9.664222e+00  9.619061e+00  
9.540517e+00  9.391062e+00  9.097596e+00  8.647571e+00  8.187542e+00  7.767082e+00  
7.390926e+00  7.054736e+00  6.754562e+00  6.484894e+00  6.235385e+00  5.999535e+00  
5.781440e+00  5.585440e+00  5.408520e+00  5.244490e+00  5.086890e+00  4.929720e+00  
4.774400e+00  4.702850e+00  4.634020e+00  4.580220e+00  4.522250e+00  4.508430e+00  
4.497520e+00  4.496030e+00  4.494950e+00  4.494830e+00  4.494710e+00  4.494760e+00  
1.005511e+01  1.005510e+01  1.005510e+01  1.005509e+01  1.005509e+01  1.005507e+01  
1.005505e+01  1.005501e+01  1.005496e+01  1.005487e+01  1.005473e+01  1.005449e+01  
1.005414e+01  1.005358e+01  1.005270e+01  1.005131e+01  1.004914e+01  1.004573e+01  
1.004038e+01  1.003197e+01  1.001865e+01  9.997267e+00  9.962457e+00  9.904792e+00  
9.805324e+00  9.619074e+00  9.260884e+00  8.724490e+00  8.191595e+00  7.720048e+00  
7.309780e+00  6.949316e+00  6.626932e+00  6.334892e+00  6.060633e+00  5.798026e+00  
5.554538e+00  5.336900e+00  5.142330e+00  4.962950e+00  4.791650e+00  4.623040e+00  
4.460440e+00  4.387610e+00  4.318560e+00  4.264780e+00  4.205020e+00  4.190960e+00  
4.179900e+00  4.178370e+00  4.177270e+00  4.177150e+00  4.177020e+00  4.177100e+00  
1.073875e+01  1.073873e+01  1.073873e+01  1.073871e+01  1.073868e+01  1.073865e+01  
1.073859e+01  1.073850e+01  1.073837e+01  1.073815e+01  1.073780e+01  1.073725e+01  
1.073638e+01  1.073500e+01  1.073283e+01  1.072941e+01  1.072402e+01  1.071555e+01  
1.070222e+01  1.068117e+01  1.064773e+01  1.059433e+01  1.050908e+01  1.037354e+01  
1.015964e+01  9.828728e+00  9.330960e+00  8.704946e+00  8.132414e+00  7.609351e+00  
7.131915e+00  6.698003e+00  6.305803e+00  5.952387e+00  5.633170e+00  5.342439e+00  
5.073964e+00  4.824506e+00  4.595260e+00  4.384350e+00  4.189370e+00  4.001760e+00  
3.816110e+00  3.728040e+00  3.649550e+00  3.595570e+00  3.535960e+00  3.519740e+00  
3.508750e+00  3.507670e+00  3.506420e+00  3.506250e+00  3.506070e+00  3.506130e+00  
1.103321e+01  1.103319e+01  1.103318e+01  1.103317e+01  1.103314e+01  1.103310e+01  
1.103304e+01  1.103293e+01  1.103277e+01  1.103252e+01  1.103210e+01  1.103145e+01  
1.103043e+01  1.102882e+01  1.102630e+01  1.102232e+01  1.101605e+01  1.100622e+01  
1.099076e+01  1.096627e+01  1.092717e+01  1.086458e+01  1.076458e+01  1.060544e+01  
1.035440e+01  9.967974e+00  9.392832e+00  8.678245e+00  8.032976e+00  7.451280e+00  
6.927292e+00  6.456521e+00  6.036427e+00  5.660858e+00  5.322346e+00  5.012600e+00  
4.721577e+00  4.443790e+00  4.182812e+00  3.942540e+00  3.724160e+00  3.522340e+00  
3.333290e+00  3.243760e+00  3.155150e+00  3.087120e+00  3.028380e+00  3.014190e+00  
3.002480e+00  3.001120e+00  3.000020e+00  2.999830e+00  2.999750e+00  2.999640e+00  
1.146114e+01  1.146112e+01  1.146111e+01  1.146109e+01  1.146105e+01  1.146099e+01  
1.146091e+01  1.146078e+01  1.146058e+01  1.146026e+01  1.145974e+01  1.145894e+01  
1.145765e+01  1.145565e+01  1.145249e+01  1.144754e+01  1.143981e+01  1.142766e+01  
1.140848e+01  1.137787e+01  1.132867e+01  1.124971e+01  1.112344e+01  1.092224e+01  
1.060609e+01  1.012687e+01  9.432554e+00  8.593455e+00  7.856514e+00  7.208443e+00  
6.637984e+00  6.131402e+00  5.677716e+00  5.269358e+00  4.898691e+00  4.557964e+00  
4.238341e+00  3.934572e+00  3.648560e+00  3.383910e+00  3.140110e+00  2.913140e+00  
2.701940e+00  2.603300e+00  2.508800e+00  2.438760e+00  2.377600e+00  2.363010e+00  
2.351230e+00  2.349870e+00  2.348750e+00  2.348580e+00  2.348480e+00  2.348340e+00  
1.173832e+01  1.173829e+01  1.173828e+01  1.173826e+01  1.173822e+01  1.173816e+01  
1.173807e+01  1.173793e+01  1.173770e+01  1.173733e+01  1.173675e+01  1.173586e+01  
1.173442e+01  1.173219e+01  1.172869e+01  1.172322e+01  1.171469e+01  1.170129e+01  
1.167999e+01  1.164569e+01  1.159031e+01  1.150131e+01  1.135852e+01  1.113057e+01  
1.077327e+01  1.023673e+01  9.469828e+00  8.554374e+00  7.761956e+00  7.072721e+00  
6.472583e+00  5.943170e+00  5.467933e+00  5.038289e+00  4.647292e+00  4.287820e+00  
3.951947e+00  3.634624e+00  3.336071e+00  3.057703e+00  2.799440e+00  2.556960e+00  
2.330620e+00  2.225710e+00  2.128450e+00  2.058490e+00  1.993760e+00  1.978530e+00  
1.966720e+00  1.965340e+00  1.964150e+00  1.964020e+00  1.963860e+00  1.963840e+00  
1.194460e+01  1.194457e+01  1.194456e+01  1.194453e+01  1.194450e+01  1.194443e+01  
1.194434e+01  1.194418e+01  1.194393e+01  1.194354e+01  1.194293e+01  1.194197e+01  
1.194046e+01  1.193809e+01  1.193441e+01  1.192868e+01  1.191975e+01  1.190568e+01  
1.188313e+01  1.184651e+01  1.178723e+01  1.169172e+01  1.153787e+01  1.129189e+01  
1.090734e+01  1.033357e+01  9.519795e+00  8.553083e+00  7.723347e+00  7.006260e+00  
6.384652e+00  5.837829e+00  5.346472e+00  4.901179e+00  4.495412e+00  4.122541e+00  
3.775200e+00  3.448455e+00  3.141628e+00  2.854732e+00  2.587750e+00  2.336320e+00  
2.099530e+00  1.988920e+00  1.886490e+00  1.812950e+00  1.745430e+00  1.729750e+00  
1.717670e+00  1.716240e+00  1.715000e+00  1.714860e+00  1.714710e+00  1.714810e+00  
1.211025e+01  1.211022e+01  1.211021e+01  1.211018e+01  1.211014e+01  1.211008e+01  
1.210998e+01  1.210981e+01  1.210955e+01  1.210915e+01  1.210851e+01  1.210751e+01  
1.210596e+01  1.210353e+01  1.209976e+01  1.209393e+01  1.208483e+01  1.207044e+01  
1.204711e+01  1.200899e+01  1.194715e+01  1.184714e+01  1.168541e+01  1.142655e+01  
1.102308e+01  1.042382e+01  9.578099e+00  8.575088e+00  7.718619e+00  6.982178e+00  
6.344941e+00  5.784598e+00  5.280728e+00  4.823552e+00  4.406625e+00  4.023596e+00  
3.667394e+00  3.333150e+00  3.019756e+00  2.726528e+00  2.452978e+00  2.195210e+00  
1.950060e+00  1.834240e+00  1.726080e+00  1.647850e+00  1.577490e+00  1.561280e+00  
1.548690e+00  1.547210e+00  1.545910e+00  1.545760e+00  1.545620e+00  1.545770e+00  
1.237195e+01  1.237192e+01  1.237191e+01  1.237188e+01  1.237184e+01  1.237176e+01  
1.237165e+01  1.237149e+01  1.237122e+01  1.237080e+01  1.237014e+01  1.236912e+01  
1.236752e+01  1.236507e+01  1.236132e+01  1.235554e+01  1.234651e+01  1.233195e+01  
1.230785e+01  1.226811e+01  1.220330e+01  1.209738e+01  1.192490e+01  1.164902e+01  
1.122143e+01  1.059040e+01  9.705292e+00  8.656989e+00  7.766832e+00  7.006890e+00  
6.350173e+00  5.772062e+00  5.251355e+00  4.778229e+00  4.346232e+00  3.949000e+00  
3.579532e+00  3.232954e+00  2.908006e+00  2.603801e+00  2.318839e+00  2.049010e+00  
1.788620e+00  1.663320e+00  1.544660e+00  1.457490e+00  1.380020e+00  1.362060e+00  
1.347940e+00  1.346270e+00  1.344840e+00  1.344660e+00  1.344520e+00  1.344540e+00  
1.257601e+01  1.257598e+01  1.257596e+01  1.257594e+01  1.257588e+01  1.257582e+01  
1.257571e+01  1.257554e+01  1.257527e+01  1.257484e+01  1.257418e+01  1.257316e+01  
1.257159e+01  1.256921e+01  1.256561e+01  1.256010e+01  1.255141e+01  1.253700e+01  
1.251270e+01  1.247242e+01  1.240604e+01  1.229636e+01  1.211687e+01  1.183076e+01  
1.138932e+01  1.074076e+01  9.834463e+00  8.762298e+00  7.855133e+00  7.082830e+00  
6.415631e+00  5.827497e+00  5.296966e+00  4.814260e+00  4.372887e+00  3.966133e+00  
3.586679e+00  3.229541e+00  2.893764e+00  2.578854e+00  2.282764e+00  1.999627e+00  
1.723920e+00  1.589450e+00  1.460880e+00  1.365060e+00  1.278600e+00  1.258200e+00  
1.242070e+00  1.240180e+00  1.238570e+00  1.238370e+00  1.238200e+00  1.237990e+00  
1.292782e+01  1.292779e+01  1.292777e+01  1.292775e+01  1.292770e+01  1.292764e+01  
1.292753e+01  1.292735e+01  1.292709e+01  1.292668e+01  1.292606e+01  1.292513e+01  
1.292376e+01  1.292179e+01  1.291893e+01  1.291455e+01  1.290710e+01  1.289371e+01  
1.287041e+01  1.283079e+01  1.276303e+01  1.264822e+01  1.246020e+01  1.216362e+01  
1.171037e+01  1.104886e+01  1.012618e+01  9.036589e+00  8.120678e+00  7.336581e+00  
6.656763e+00  6.055466e+00  5.511999e+00  5.016468e+00  4.561789e+00  4.140431e+00  
3.743901e+00  3.366706e+00  3.008595e+00  2.670020e+00  2.348206e+00  2.032909e+00  
1.717680e+00  1.559830e+00  1.403710e+00  1.282220e+00  1.169210e+00  1.141740e+00  
1.119680e+00  1.117090e+00  1.114960e+00  1.114670e+00  1.114440e+00  1.114280e+00  
1.314558e+01  1.314555e+01  1.314554e+01  1.314551e+01  1.314547e+01  1.314539e+01  
1.314529e+01  1.314512e+01  1.314488e+01  1.314451e+01  1.314396e+01  1.314319e+01  
1.314214e+01  1.314078e+01  1.313892e+01  1.313584e+01  1.312973e+01  1.311783e+01  
1.309642e+01  1.305808e+01  1.298974e+01  1.287231e+01  1.268180e+01  1.238420e+01  
1.193381e+01  1.128016e+01  1.036510e+01  9.285299e+00  8.377188e+00  7.592771e+00  
6.908420e+00  6.300765e+00  5.750969e+00  5.249075e+00  4.787516e+00  4.358044e+00  
3.951161e+00  3.560748e+00  3.186713e+00  2.829782e+00  2.486448e+00  2.143465e+00  
1.790044e+00  1.608520e+00  1.421520e+00  1.269830e+00  1.127620e+00  1.093130e+00  
1.065450e+00  1.062080e+00  1.059190e+00  1.058830e+00  1.058580e+00  1.059100e+00  
1.339837e+01  1.339834e+01  1.339833e+01  1.339830e+01  1.339825e+01  1.339819e+01  
1.339811e+01  1.339796e+01  1.339776e+01  1.339749e+01  1.339715e+01  1.339680e+01  
1.339660e+01  1.339671e+01  1.339696e+01  1.339625e+01  1.339268e+01  1.338418e+01  
1.336598e+01  1.332862e+01  1.325769e+01  1.313702e+01  1.294490e+01  1.265111e+01  
1.221317e+01  1.158172e+01  1.070358e+01  9.670236e+00  8.791573e+00  8.023639e+00  
7.345854e+00  6.737500e+00  6.181611e+00  5.669882e+00  5.196421e+00  4.754770e+00  
4.337409e+00  3.938051e+00  3.552476e+00  3.174791e+00  2.796644e+00  2.404672e+00  
1.983456e+00  1.756857e+00  1.514290e+00  1.305130e+00  1.094110e+00  1.045940e+00  
1.012720e+00  1.008540e+00  1.002810e+00  1.001860e+00  1.002660e+00  1.004160e+00  
1.343183e+01  1.343181e+01  1.343179e+01  1.343176e+01  1.343173e+01  1.343168e+01  
1.343161e+01  1.343151e+01  1.343138e+01  1.343127e+01  1.343124e+01  1.343153e+01  
1.343246e+01  1.343436e+01  1.343686e+01  1.343863e+01  1.343847e+01  1.343418e+01  
1.341957e+01  1.338391e+01  1.331474e+01  1.319891e+01  1.301840e+01  1.274774e+01  
1.234832e+01  1.176487e+01  1.096222e+01  9.992098e+00  9.137615e+00  8.371142e+00  
7.682417e+00  7.061234e+00  6.499382e+00  5.988639e+00  5.520517e+00  5.085405e+00  
4.671505e+00  4.269606e+00  3.875540e+00  3.483488e+00  3.083308e+00  2.655602e+00  
2.177395e+00  1.911713e+00  1.622340e+00  1.367480e+00  1.088860e+00  1.018430e+00  
9.833100e-01  9.803000e-01  9.714200e-01  9.694800e-01  9.721900e-01  9.732400e-01  
1.350295e+01  1.350293e+01  1.350292e+01  1.350290e+01  1.350286e+01  1.350281e+01  
1.350275e+01  1.350269e+01  1.350264e+01  1.350268e+01  1.350300e+01  1.350393e+01  
1.350601e+01  1.350950e+01  1.351371e+01  1.351744e+01  1.351997e+01  1.351795e+01  
1.350375e+01  1.346587e+01  1.339420e+01  1.327651e+01  1.309744e+01  1.283293e+01  
1.244451e+01  1.187936e+01  1.111025e+01  1.018120e+01  9.355445e+00  8.610162e+00  
7.936637e+00  7.325818e+00  6.770439e+00  6.263140e+00  5.796233e+00  5.360855e+00  
4.945857e+00  4.542222e+00  4.144958e+00  3.746819e+00  3.334852e+00  2.883746e+00  
2.362042e+00  2.063196e+00  1.728899e+00  1.430150e+00  1.093430e+00  1.005330e+00  
9.639500e-01  9.608800e-01  9.500700e-01  9.476300e-01  9.514200e-01  9.515300e-01  
1.354380e+01  1.354377e+01  1.354376e+01  1.354374e+01  1.354371e+01  1.354368e+01  
1.354363e+01  1.354360e+01  1.354363e+01  1.354386e+01  1.354455e+01  1.354622e+01  
1.354949e+01  1.355444e+01  1.356015e+01  1.356586e+01  1.357072e+01  1.357011e+01  
1.355491e+01  1.351441e+01  1.343979e+01  1.332015e+01  1.314177e+01  1.288178e+01  
1.249700e+01  1.195591e+01  1.121679e+01  1.032133e+01  9.520865e+00  8.795040e+00  
8.136324e+00  7.536532e+00  6.989112e+00  6.487360e+00  6.024190e+00  5.591239e+00  
5.177988e+00  4.775418e+00  4.377968e+00  3.977222e+00  3.557849e+00  3.089468e+00  
2.532899e+00  2.206224e+00  1.833282e+00  1.494280e+00  1.104190e+00  9.993900e-01  
9.500200e-01  9.465200e-01  9.343300e-01  9.315600e-01  9.360500e-01  9.350400e-01  
1.356492e+01  1.356490e+01  1.356489e+01  1.356487e+01  1.356485e+01  1.356483e+01  
1.356483e+01  1.356489e+01  1.356513e+01  1.356580e+01  1.356740e+01  1.357070e+01  
1.357628e+01  1.358375e+01  1.359229e+01  1.360193e+01  1.361022e+01  1.361019e+01  
1.359113e+01  1.354531e+01  1.346488e+01  1.334216e+01  1.316491e+01  1.291139e+01  
1.253649e+01  1.204036e+01  1.135511e+01  1.051529e+01  9.759012e+00  9.067824e+00  
8.436291e+00  7.857473e+00  7.326134e+00  6.836664e+00  6.383083e+00  5.958181e+00  
5.552627e+00  5.157802e+00  4.766988e+00  4.369341e+00  3.944496e+00  3.451014e+00  
2.834693e+00  2.459428e+00  2.020640e+00  1.615356e+00  1.147940e+00  1.013460e+00  
9.221600e-01  9.176400e-01  9.180000e-01  9.160600e-01  9.075800e-01  9.115300e-01  
1.357003e+01  1.357000e+01  1.356999e+01  1.356999e+01  1.356997e+01  1.356998e+01  
1.357002e+01  1.357019e+01  1.357069e+01  1.357190e+01  1.357456e+01  1.357956e+01  
1.358724e+01  1.359687e+01  1.360828e+01  1.362126e+01  1.363140e+01  1.362953e+01  
1.360597e+01  1.355449e+01  1.346884e+01  1.334306e+01  1.316603e+01  1.290778e+01  
1.255282e+01  1.208724e+01  1.144038e+01  1.064048e+01  9.917238e+00  9.253581e+00  
8.645075e+00  8.085603e+00  7.570629e+00  7.095143e+00  6.653785e+00  6.239906e+00  
5.844733e+00  5.459807e+00  5.077790e+00  4.686499e+00  4.262495e+00  3.757142e+00  
3.103762e+00  2.693849e+00  2.202514e+00  1.736845e+00  1.188990e+00  1.027230e+00  
9.114800e-01  9.040600e-01  9.034300e-01  9.013800e-01  8.916500e-01  8.955500e-01  
1.361706e+01  1.361704e+01  1.361703e+01  1.361703e+01  1.361705e+01  1.361712e+01  
1.361734e+01  1.361790e+01  1.361923e+01  1.362215e+01  1.362777e+01  1.363680e+01  
1.364871e+01  1.366343e+01  1.368152e+01  1.369945e+01  1.370849e+01  1.369818e+01  
1.366299e+01  1.359812e+01  1.350144e+01  1.336801e+01  1.318262e+01  1.291748e+01  
1.259667e+01  1.216605e+01  1.156212e+01  1.081241e+01  1.013431e+01  9.513206e+00  
8.945159e+00  8.424591e+00  7.947242e+00  7.508159e+00  7.101793e+00  6.720863e+00  
6.355279e+00  5.995558e+00  5.634833e+00  5.261449e+00  4.852536e+00  4.358895e+00  
3.690319e+00  3.234007e+00  2.633410e+00  2.022827e+00  1.282590e+00  1.066540e+00  
9.117200e-01  8.934900e-01  8.760000e-01  8.741900e-01  8.743600e-01  8.719000e-01  
1.357708e+01  1.357706e+01  1.357706e+01  1.357708e+01  1.357715e+01  1.357732e+01  
1.357777e+01  1.357886e+01  1.358130e+01  1.358627e+01  1.359492e+01  1.360730e+01  
1.362290e+01  1.364283e+01  1.366568e+01  1.368475e+01  1.368848e+01  1.367001e+01  
1.362447e+01  1.355061e+01  1.344719e+01  1.331047e+01  1.310479e+01  1.286713e+01  
1.257161e+01  1.216955e+01  1.160098e+01  1.089425e+01  1.025333e+01  9.665942e+00  
9.128768e+00  8.637002e+00  8.186854e+00  7.773953e+00  7.393157e+00  7.037629e+00  
6.697484e+00  6.363284e+00  6.027775e+00  5.678255e+00  5.289033e+00  4.803354e+00  
4.117827e+00  3.636593e+00  2.989498e+00  2.303878e+00  1.403780e+00  1.126840e+00  
9.101100e-01  8.839900e-01  8.643100e-01  8.623300e-01  8.617800e-01  8.589700e-01  
1.347893e+01  1.347892e+01  1.347895e+01  1.347901e+01  1.347920e+01  1.347967e+01  
1.348078e+01  1.348329e+01  1.348848e+01  1.349780e+01  1.351163e+01  1.352945e+01  
1.355260e+01  1.358061e+01  1.360735e+01  1.362074e+01  1.361277e+01  1.357874e+01  
1.351804e+01  1.343191e+01  1.332116e+01  1.315451e+01  1.296784e+01  1.276205e+01  
1.249905e+01  1.213517e+01  1.161519e+01  1.096704e+01  1.037688e+01  9.835830e+00  
9.341131e+00  8.889091e+00  8.476748e+00  8.100683e+00  7.756704e+00  7.439042e+00  
7.138906e+00  6.847533e+00  6.557442e+00  6.254577e+00  5.908694e+00  5.450036e+00  
4.754683e+00  4.246097e+00  3.544577e+00  2.766101e+00  1.645811e+00  1.272690e+00  
9.260600e-01  8.789800e-01  8.496500e-01  8.474500e-01  8.421300e-01  8.451400e-01  
1.345617e+01  1.345618e+01  1.345623e+01  1.345637e+01  1.345673e+01  1.345760e+01  
1.345961e+01  1.346391e+01  1.347217e+01  1.348543e+01  1.350332e+01  1.352645e+01  
1.355622e+01  1.358864e+01  1.361312e+01  1.361814e+01  1.359866e+01  1.355194e+01  
1.348034e+01  1.338617e+01  1.326141e+01  1.308402e+01  1.291687e+01  1.272603e+01  
1.247703e+01  1.212827e+01  1.162728e+01  1.100304e+01  1.043597e+01  9.918263e+00  
9.447404e+00  9.020002e+00  8.633298e+00  8.284042e+00  7.968204e+00  7.679933e+00  
7.410110e+00  7.149801e+00  6.892274e+00  6.624395e+00  6.316937e+00  5.900068e+00  
5.241234e+00  4.737537e+00  4.011937e+00  3.163923e+00  1.856053e+00  1.398880e+00  
9.534700e-01  8.873100e-01  8.404400e-01  8.374800e-01  8.362700e-01  8.378100e-01  
1.344502e+01  1.344506e+01  1.344515e+01  1.344538e+01  1.344596e+01  1.344734e+01  
1.345044e+01  1.345677e+01  1.346804e+01  1.348463e+01  1.350620e+01  1.353465e+01  
1.356926e+01  1.360295e+01  1.362213e+01  1.361902e+01  1.358883e+01  1.353236e+01  
1.345244e+01  1.335292e+01  1.319698e+01  1.303867e+01  1.288228e+01  1.269910e+01  
1.245632e+01  1.211520e+01  1.162897e+01  1.102885e+01  1.048581e+01  9.987705e+00  
9.531211e+00  9.113415e+00  8.732477e+00  8.389806e+00  8.088745e+00  7.826832e+00  
7.590808e+00  7.366739e+00  7.143085e+00  6.900438e+00  6.608194e+00  6.210328e+00  
5.593141e+00  5.122121e+00  4.426156e+00  3.550673e+00  2.064323e+00  1.511800e+00  
9.659200e-01  8.911400e-01  8.431400e-01  8.401100e-01  8.341800e-01  8.332800e-01  
1.341858e+01  1.341866e+01  1.341880e+01  1.341915e+01  1.342001e+01  1.342199e+01  
1.342632e+01  1.343482e+01  1.344887e+01  1.346834e+01  1.349365e+01  1.352688e+01  
1.356482e+01  1.359719e+01  1.361071e+01  1.359974e+01  1.356080e+01  1.349692e+01  
1.341170e+01  1.330653e+01  1.313800e+01  1.299432e+01  1.284957e+01  1.267787e+01  
1.244765e+01  1.211994e+01  1.164564e+01  1.105346e+01  1.051450e+01  1.002215e+01  
9.574514e+00  9.169671e+00  8.806216e+00  8.482740e+00  8.197643e+00  7.947306e+00  
7.724179e+00  7.518668e+00  7.318623e+00  7.104168e+00  6.843947e+00  6.479064e+00  
5.891715e+00  5.433246e+00  4.744833e+00  3.855223e+00  2.259639e+00  1.629396e+00  
9.918000e-01  9.024200e-01  8.418200e-01  8.375400e-01  8.306900e-01  8.302100e-01  
1.342430e+01  1.342446e+01  1.342473e+01  1.342538e+01  1.342693e+01  1.343038e+01  
1.343750e+01  1.345021e+01  1.346900e+01  1.349365e+01  1.352646e+01  1.356685e+01  
1.360723e+01  1.363281e+01  1.363524e+01  1.360946e+01  1.355684e+01  1.348134e+01  
1.338910e+01  1.323968e+01  1.309501e+01  1.296752e+01  1.283440e+01  1.267166e+01  
1.244873e+01  1.212756e+01  1.166044e+01  1.107783e+01  1.054964e+01  1.007078e+01  
9.639143e+00  9.252434e+00  8.908803e+00  8.606052e+00  8.341442e+00  8.110621e+00  
7.906242e+00  7.721312e+00  7.551199e+00  7.384782e+00  7.192701e+00  6.896593e+00  
6.355917e+00  5.914815e+00  5.249978e+00  4.362933e+00  2.607023e+00  1.858389e+00  
1.045960e+00  9.252300e-01  8.416700e-01  8.351800e-01  8.281000e-01  8.263200e-01  
1.340654e+01  1.340681e+01  1.340725e+01  1.340828e+01  1.341068e+01  1.341588e+01  
1.342597e+01  1.344248e+01  1.346520e+01  1.349508e+01  1.353440e+01  1.357920e+01  
1.361744e+01  1.363528e+01  1.362689e+01  1.358924e+01  1.352643e+01  1.344362e+01  
1.334097e+01  1.317448e+01  1.304673e+01  1.293087e+01  1.280722e+01  1.265294e+01  
1.243860e+01  1.212723e+01  1.167214e+01  1.110314e+01  1.058628e+01  1.011697e+01  
9.693706e+00  9.314678e+00  8.978520e+00  8.683881e+00  8.429164e+00  8.211788e+00  
8.026943e+00  7.868660e+00  7.729025e+00  7.588720e+00  7.416594e+00  7.157686e+00  
6.687804e+00  6.284802e+00  5.646197e+00  4.765630e+00  2.923038e+00  2.057070e+00  
1.100930e+00  9.574800e-01  8.437100e-01  8.329100e-01  8.238000e-01  8.239500e-01  
1.341436e+01  1.341504e+01  1.341604e+01  1.341838e+01  1.342350e+01  1.343365e+01  
1.345073e+01  1.347477e+01  1.350645e+01  1.354871e+01  1.359847e+01  1.364417e+01  
1.366998e+01  1.366920e+01  1.363762e+01  1.357940e+01  1.350010e+01  1.340655e+01  
1.323855e+01  1.311157e+01  1.300705e+01  1.290808e+01  1.279735e+01  1.265347e+01  
1.244851e+01  1.214721e+01  1.170458e+01  1.114916e+01  1.064323e+01  1.018376e+01  
9.770072e+00  9.401506e+00  9.077640e+00  8.797623e+00  8.560188e+00  8.363127e+00  
8.201957e+00  8.071921e+00  7.968029e+00  7.875899e+00  7.769817e+00  7.597893e+00  
7.244430e+00  6.911986e+00  6.337724e+00  5.489864e+00  3.554088e+00  2.531355e+00  
1.235290e+00  1.024550e+00  8.518700e-01  8.356300e-01  8.223300e-01  8.207400e-01  
1.342073e+01  1.342199e+01  1.342377e+01  1.342781e+01  1.343620e+01  1.345135e+01  
1.347411e+01  1.350434e+01  1.354503e+01  1.359616e+01  1.364943e+01  1.368766e+01  
1.370078e+01  1.368273e+01  1.363514e+01  1.356334e+01  1.347656e+01  1.332822e+01  
1.318545e+01  1.307763e+01  1.298654e+01  1.289754e+01  1.279434e+01  1.265645e+01  
1.245673e+01  1.216031e+01  1.172260e+01  1.117366e+01  1.067353e+01  1.022001e+01  
9.812378e+00  9.450150e+00  9.133044e+00  8.860527e+00  8.631753e+00  8.445052e+00  
8.296734e+00  8.183011e+00  8.100024e+00  8.035120e+00  7.965820e+00  7.847608e+00  
7.577739e+00  7.304819e+00  6.805384e+00  6.019686e+00  4.044040e+00  2.905395e+00  
1.367840e+00  1.103750e+00  8.641500e-01  8.352500e-01  8.200900e-01  8.191400e-01  
1.342468e+01  1.342760e+01  1.343151e+01  1.343977e+01  1.345506e+01  1.347862e+01  
1.351025e+01  1.355287e+01  1.360760e+01  1.366693e+01  1.371319e+01  1.373408e+01  
1.372291e+01  1.368005e+01  1.361122e+01  1.352596e+01  1.338583e+01  1.323241e+01  
1.312221e+01  1.303582e+01  1.296029e+01  1.288261e+01  1.278766e+01  1.265612e+01  
1.246183e+01  1.217061e+01  1.173848e+01  1.119637e+01  1.070244e+01  1.025507e+01  
9.853668e+00  9.498028e+00  9.188139e+00  8.923772e+00  8.704457e+00  8.529125e+00  
8.394698e+00  8.298505e+00  8.238620e+00  8.205572e+00  8.182212e+00  8.133501e+00  
7.973583e+00  7.779408e+00  7.381239e+00  6.701390e+00  4.790109e+00  3.531107e+00  
1.608294e+00  1.247080e+00  8.912500e-01  8.430700e-01  8.213100e-01  8.175200e-01  
1.342542e+01  1.343062e+01  1.343721e+01  1.345017e+01  1.347166e+01  1.350167e+01  
1.354172e+01  1.359525e+01  1.365806e+01  1.371548e+01  1.374996e+01  1.375404e+01  
1.372366e+01  1.366424e+01  1.358335e+01  1.348768e+01  1.330277e+01  1.317748e+01  
1.308461e+01  1.301067e+01  1.294405e+01  1.287258e+01  1.278191e+01  1.265342e+01  
1.246152e+01  1.217260e+01  1.174330e+01  1.120470e+01  1.071408e+01  1.027017e+01  
9.872324e+00  9.520472e+00  9.214872e+00  8.955342e+00  8.741616e+00  8.572763e+00  
8.445924e+00  8.358920e+00  8.310994e+00  8.294637e+00  8.296292e+00  8.288028e+00  
8.197673e+00  8.057168e+00  7.733644e+00  7.140814e+00  5.331465e+00  4.024969e+00  
1.827867e+00  1.381660e+00  9.201300e-01  8.538500e-01  8.234800e-01  8.167000e-01  
1.342749e+01  1.343553e+01  1.344514e+01  1.346270e+01  1.348936e+01  1.352507e+01  
1.357350e+01  1.363513e+01  1.370104e+01  1.375151e+01  1.377459e+01  1.376308e+01  
1.371852e+01  1.364717e+01  1.356050e+01  1.340540e+01  1.325147e+01  1.314288e+01  
1.306160e+01  1.299600e+01  1.293524e+01  1.286778e+01  1.277985e+01  1.265327e+01  
1.246281e+01  1.217510e+01  1.174689e+01  1.120917e+01  1.071938e+01  1.027693e+01  
9.881173e+00  9.532170e+00  9.230168e+00  8.974557e+00  8.764259e+00  8.598394e+00  
8.475574e+00  8.394909e+00  8.355942e+00  8.351034e+00  8.368588e+00  8.389348e+00  
8.346125e+00  8.236964e+00  7.966975e+00  7.453257e+00  5.758307e+00  4.421399e+00  
2.027898e+00  1.509350e+00  9.493000e-01  8.653400e-01  8.281900e-01  8.162100e-01  
1.342502e+01  1.343637e+01  1.344917e+01  1.347095e+01  1.350199e+01  1.354339e+01  
1.359932e+01  1.366662e+01  1.373142e+01  1.377397e+01  1.378576e+01  1.376121e+01  
1.370548e+01  1.362595e+01  1.353493e+01  1.334583e+01  1.321106e+01  1.311430e+01  
1.304155e+01  1.298213e+01  1.292575e+01  1.286145e+01  1.277596e+01  1.265149e+01  
1.246314e+01  1.217746e+01  1.175061e+01  1.121304e+01  1.072323e+01  1.028179e+01  
9.887949e+00  9.541025e+00  9.240722e+00  8.986830e+00  8.779100e+00  8.616985e+00  
8.498262e+00  8.421556e+00  8.387137e+00  8.388929e+00  8.416952e+00  8.452764e+00  
8.444628e+00  8.372945e+00  8.151474e+00  7.672554e+00  6.051727e+00  4.791848e+00  
2.227835e+00  1.622423e+00  9.779800e-01  8.839300e-01  8.248400e-01  8.158800e-01  
1.342441e+01  1.344352e+01  1.346255e+01  1.349145e+01  1.353023e+01  1.358301e+01  
1.365030e+01  1.372252e+01  1.377855e+01  1.380582e+01  1.379651e+01  1.375284e+01  
1.368019e+01  1.359255e+01  1.343006e+01  1.327009e+01  1.315891e+01  1.307835e+01  
1.301730e+01  1.296614e+01  1.291545e+01  1.285506e+01  1.277233e+01  1.264999e+01  
1.246350e+01  1.217953e+01  1.175415e+01  1.121783e+01  1.072922e+01  1.028943e+01  
9.897698e+00  9.553231e+00  9.255485e+00  9.004281e+00  8.799499e+00  8.640700e+00  
8.526046e+00  8.454537e+00  8.427096e+00  8.438543e+00  8.480875e+00  8.539857e+00  
8.573976e+00  8.540784e+00  8.388374e+00  8.004336e+00  6.542739e+00  5.328434e+00  
2.587520e+00  1.846246e+00  1.036770e+00  9.117500e-01  8.292300e-01  8.154700e-01  
1.342546e+01  1.345337e+01  1.347566e+01  1.351240e+01  1.355914e+01  1.362190e+01  
1.369632e+01  1.376364e+01  1.381257e+01  1.382701e+01  1.379812e+01  1.373946e+01  
1.365702e+01  1.356215e+01  1.335798e+01  1.322221e+01  1.312612e+01  1.305642e+01  
1.300312e+01  1.295727e+01  1.291014e+01  1.285208e+01  1.277086e+01  1.264952e+01  
1.246373e+01  1.218039e+01  1.175594e+01  1.122112e+01  1.073384e+01  1.029522e+01  
9.904545e+00  9.561127e+00  9.264629e+00  9.014934e+00  8.811940e+00  8.655230e+00  
8.543163e+00  8.474931e+00  8.451858e+00  8.469243e+00  8.520351e+00  8.593951e+00  
8.654612e+00  8.645814e+00  8.540499e+00  8.226916e+00  6.901064e+00  5.741157e+00  
2.903845e+00  2.050478e+00  1.094390e+00  9.406300e-01  8.340500e-01  8.152200e-01  
