8.565113e-01  8.565120e-01  8.565124e-01  8.565130e-01  8.565140e-01  8.565155e-01  
8.565180e-01  8.565220e-01  8.565282e-01  8.565381e-01  8.565538e-01  8.565787e-01  
8.566181e-01  8.566806e-01  8.567797e-01  8.569366e-01  8.571853e-01  8.575796e-01  
8.582045e-01  8.591949e-01  8.607650e-01  8.632543e-01  8.672034e-01  8.734758e-01  
8.834703e-01  8.995170e-01  9.255169e-01  9.617284e-01  9.991115e-01  1.037734e+00  
1.077673e+00  1.119101e+00  1.162223e+00  1.207237e+00  1.254405e+00  1.304200e+00  
1.357360e+00  1.413780e+00  1.470640e+00  1.521010e+00  1.557330e+00  1.579070e+00  
1.593220e+00  1.602530e+00  1.613680e+00  1.622440e+00  1.624130e+00  1.623620e+00  
1.624470e+00  1.624460e+00  1.624000e+00  1.624050e+00  1.624710e+00  1.624590e+00  
1.179689e+00  1.179690e+00  1.179690e+00  1.179691e+00  1.179692e+00  1.179694e+00  
1.179697e+00  1.179702e+00  1.179710e+00  1.179722e+00  1.179742e+00  1.179773e+00  
1.179822e+00  1.179899e+00  1.180022e+00  1.180218e+00  1.180527e+00  1.181016e+00  
1.181793e+00  1.183024e+00  1.184974e+00  1.188069e+00  1.192977e+00  1.200780e+00  
1.213230e+00  1.233286e+00  1.265955e+00  1.311724e+00  1.359305e+00  1.408692e+00  
1.459846e+00  1.512736e+00  1.567220e+00  1.623106e+00  1.680099e+00  1.737790e+00  
1.795500e+00  1.852270e+00  1.906800e+00  1.957280e+00  2.001550e+00  2.037900e+00  
2.061280e+00  2.063590e+00  2.055930e+00  2.045210e+00  2.063310e+00  2.079510e+00  
2.074540e+00  2.070850e+00  2.070950e+00  2.071970e+00  2.071000e+00  2.072130e+00  
1.475733e+00  1.475734e+00  1.475735e+00  1.475735e+00  1.475737e+00  1.475739e+00  
1.475743e+00  1.475748e+00  1.475758e+00  1.475772e+00  1.475795e+00  1.475831e+00  
1.475888e+00  1.475979e+00  1.476123e+00  1.476351e+00  1.476712e+00  1.477284e+00  
1.478192e+00  1.479630e+00  1.481911e+00  1.485526e+00  1.491262e+00  1.500376e+00  
1.514905e+00  1.538263e+00  1.576181e+00  1.629079e+00  1.683757e+00  1.740150e+00  
1.798207e+00  1.857759e+00  1.918614e+00  1.980466e+00  2.042865e+00  2.105240e+00  
2.166720e+00  2.226100e+00  2.281800e+00  2.331820e+00  2.373990e+00  2.407460e+00  
2.428560e+00  2.430400e+00  2.423260e+00  2.414310e+00  2.436560e+00  2.453870e+00  
2.446310e+00  2.442230e+00  2.443080e+00  2.444210e+00  2.442580e+00  2.443820e+00  
1.979273e+00  1.979275e+00  1.979275e+00  1.979277e+00  1.979279e+00  1.979282e+00  
1.979288e+00  1.979296e+00  1.979310e+00  1.979332e+00  1.979366e+00  1.979420e+00  
1.979506e+00  1.979643e+00  1.979859e+00  1.980202e+00  1.980745e+00  1.981606e+00  
1.982970e+00  1.985133e+00  1.988561e+00  1.993992e+00  2.002598e+00  2.016220e+00  
2.037733e+00  2.071534e+00  2.124244e+00  2.193923e+00  2.261264e+00  2.326187e+00  
2.388839e+00  2.449922e+00  2.510527e+00  2.570781e+00  2.630578e+00  2.690070e+00  
2.749730e+00  2.809330e+00  2.866580e+00  2.916890e+00  2.955780e+00  2.984100e+00  
3.002850e+00  3.008840e+00  3.016200e+00  3.023950e+00  3.030580e+00  3.031580e+00  
3.030840e+00  3.031550e+00  3.032490e+00  3.031660e+00  3.031390e+00  3.031160e+00  
2.412809e+00  2.412811e+00  2.412812e+00  2.412814e+00  2.412816e+00  2.412820e+00  
2.412827e+00  2.412838e+00  2.412855e+00  2.412881e+00  2.412924e+00  2.412991e+00  
2.413097e+00  2.413265e+00  2.413532e+00  2.413954e+00  2.414624e+00  2.415686e+00  
2.417368e+00  2.420036e+00  2.424263e+00  2.430959e+00  2.441561e+00  2.458307e+00  
2.484620e+00  2.525445e+00  2.587631e+00  2.667100e+00  2.740635e+00  2.808266e+00  
2.870712e+00  2.929757e+00  2.987959e+00  3.045745e+00  3.102753e+00  3.158760e+00  
3.213410e+00  3.266000e+00  3.315040e+00  3.358290e+00  3.393600e+00  3.421170e+00  
3.441280e+00  3.449050e+00  3.458930e+00  3.469290e+00  3.478310e+00  3.478950e+00  
3.476030e+00  3.477420e+00  3.479340e+00  3.477520e+00  3.476950e+00  3.476500e+00  
2.790257e+00  2.790259e+00  2.790260e+00  2.790262e+00  2.790265e+00  2.790270e+00  
2.790278e+00  2.790290e+00  2.790309e+00  2.790340e+00  2.790389e+00  2.790466e+00  
2.790588e+00  2.790781e+00  2.791088e+00  2.791574e+00  2.792344e+00  2.793564e+00  
2.795499e+00  2.798565e+00  2.803426e+00  2.811123e+00  2.823302e+00  2.842510e+00  
2.872572e+00  2.918749e+00  2.987782e+00  3.073602e+00  3.150001e+00  3.217208e+00  
3.276478e+00  3.330651e+00  3.383629e+00  3.436129e+00  3.487680e+00  3.537790e+00  
3.585630e+00  3.630250e+00  3.670850e+00  3.706920e+00  3.737970e+00  3.763980e+00  
3.785000e+00  3.794390e+00  3.806470e+00  3.818890e+00  3.829500e+00  3.829890e+00  
3.825530e+00  3.827360e+00  3.829920e+00  3.827460e+00  3.826710e+00  3.826110e+00  
3.123509e+00  3.123511e+00  3.123513e+00  3.123515e+00  3.123518e+00  3.123524e+00  
3.123532e+00  3.123545e+00  3.123567e+00  3.123600e+00  3.123654e+00  3.123738e+00  
3.123872e+00  3.124085e+00  3.124422e+00  3.124956e+00  3.125802e+00  3.127143e+00  
3.129269e+00  3.132639e+00  3.137979e+00  3.146436e+00  3.159810e+00  3.180875e+00  
3.213740e+00  3.263814e+00  3.337508e+00  3.426978e+00  3.503910e+00  3.568714e+00  
3.623135e+00  3.670948e+00  3.717180e+00  3.762830e+00  3.807409e+00  3.850330e+00  
3.890600e+00  3.927240e+00  3.959960e+00  3.989360e+00  4.016040e+00  4.040010e+00  
4.061430e+00  4.072080e+00  4.085670e+00  4.099290e+00  4.110780e+00  4.111080e+00  
4.106090e+00  4.108110e+00  4.110940e+00  4.108200e+00  4.107360e+00  4.106720e+00  
3.720275e+00  3.720277e+00  3.720278e+00  3.720280e+00  3.720282e+00  3.720287e+00  
3.720293e+00  3.720304e+00  3.720321e+00  3.720348e+00  3.720391e+00  3.720458e+00  
3.720566e+00  3.720736e+00  3.721005e+00  3.721433e+00  3.722110e+00  3.723183e+00  
3.724886e+00  3.727584e+00  3.731863e+00  3.738644e+00  3.749381e+00  3.766344e+00  
3.793021e+00  3.834520e+00  3.898044e+00  3.979644e+00  4.055108e+00  4.123454e+00  
4.183668e+00  4.234843e+00  4.276310e+00  4.307798e+00  4.329910e+00  4.344730e+00  
4.356730e+00  4.369780e+00  4.384550e+00  4.401630e+00  4.422030e+00  4.447550e+00  
4.479360e+00  4.495720e+00  4.507310e+00  4.512210e+00  4.524250e+00  4.528840e+00  
4.523720e+00  4.524270e+00  4.526900e+00  4.525380e+00  4.524280e+00  4.523650e+00  
4.162385e+00  4.162387e+00  4.162389e+00  4.162391e+00  4.162394e+00  4.162400e+00  
4.162409e+00  4.162422e+00  4.162444e+00  4.162478e+00  4.162533e+00  4.162620e+00  
4.162758e+00  4.162977e+00  4.163324e+00  4.163874e+00  4.164745e+00  4.166128e+00  
4.168318e+00  4.171793e+00  4.177298e+00  4.186017e+00  4.199795e+00  4.221459e+00  
4.255112e+00  4.305848e+00  4.378977e+00  4.464807e+00  4.534331e+00  4.587366e+00  
4.624868e+00  4.649402e+00  4.664760e+00  4.672603e+00  4.674845e+00  4.675150e+00  
4.680230e+00  4.694590e+00  4.715100e+00  4.732240e+00  4.739080e+00  4.746470e+00  
4.765840e+00  4.778800e+00  4.792330e+00  4.803030e+00  4.813130e+00  4.814120e+00  
4.812800e+00  4.813380e+00  4.814890e+00  4.814620e+00  4.812600e+00  4.812960e+00  
5.089138e+00  5.089140e+00  5.089140e+00  5.089142e+00  5.089144e+00  5.089147e+00  
5.089153e+00  5.089161e+00  5.089175e+00  5.089196e+00  5.089230e+00  5.089285e+00  
5.089370e+00  5.089505e+00  5.089721e+00  5.090062e+00  5.090605e+00  5.091464e+00  
5.092830e+00  5.094995e+00  5.098432e+00  5.103876e+00  5.112476e+00  5.125983e+00  
5.146951e+00  5.178550e+00  5.224088e+00  5.277519e+00  5.320330e+00  5.351556e+00  
5.370339e+00  5.376101e+00  5.368710e+00  5.348571e+00  5.317796e+00  5.280052e+00  
5.242680e+00  5.211890e+00  5.189650e+00  5.177920e+00  5.178630e+00  5.191760e+00  
5.215400e+00  5.227170e+00  5.228440e+00  5.219650e+00  5.223770e+00  5.232460e+00  
5.235620e+00  5.234120e+00  5.232970e+00  5.233950e+00  5.235670e+00  5.235600e+00  
5.699283e+00  5.699285e+00  5.699286e+00  5.699288e+00  5.699291e+00  5.699296e+00  
5.699303e+00  5.699315e+00  5.699335e+00  5.699365e+00  5.699413e+00  5.699487e+00  
5.699607e+00  5.699798e+00  5.700100e+00  5.700578e+00  5.701337e+00  5.702542e+00  
5.704455e+00  5.707489e+00  5.712301e+00  5.719908e+00  5.731865e+00  5.750438e+00  
5.778442e+00  5.817356e+00  5.864148e+00  5.902330e+00  5.911715e+00  5.894866e+00  
5.856814e+00  5.805820e+00  5.752061e+00  5.698595e+00  5.646961e+00  5.598793e+00  
5.557160e+00  5.523810e+00  5.497640e+00  5.474620e+00  5.452310e+00  5.437170e+00  
5.436370e+00  5.439270e+00  5.435650e+00  5.426170e+00  5.423100e+00  5.426930e+00  
5.438800e+00  5.435650e+00  5.431050e+00  5.435870e+00  5.437410e+00  5.438570e+00  
6.633308e+00  6.633309e+00  6.633310e+00  6.633311e+00  6.633312e+00  6.633314e+00  
6.633317e+00  6.633323e+00  6.633333e+00  6.633348e+00  6.633372e+00  6.633409e+00  
6.633469e+00  6.633564e+00  6.633714e+00  6.633953e+00  6.634334e+00  6.634940e+00  
6.635907e+00  6.637447e+00  6.639890e+00  6.643736e+00  6.649700e+00  6.658698e+00  
6.671288e+00  6.684903e+00  6.689609e+00  6.668661e+00  6.617685e+00  6.540754e+00  
6.444628e+00  6.339402e+00  6.236608e+00  6.140013e+00  6.050856e+00  5.970104e+00  
5.899560e+00  5.839790e+00  5.788700e+00  5.740320e+00  5.691030e+00  5.649370e+00  
5.624500e+00  5.615000e+00  5.595330e+00  5.569800e+00  5.553770e+00  5.557320e+00  
5.575800e+00  5.570080e+00  5.561880e+00  5.570260e+00  5.572900e+00  5.574930e+00  
7.295499e+00  7.295499e+00  7.295499e+00  7.295499e+00  7.295499e+00  7.295499e+00  
7.295499e+00  7.295498e+00  7.295498e+00  7.295497e+00  7.295496e+00  7.295494e+00  
7.295491e+00  7.295487e+00  7.295481e+00  7.295473e+00  7.295463e+00  7.295452e+00  
7.295444e+00  7.295441e+00  7.295438e+00  7.295393e+00  7.295168e+00  7.294316e+00  
7.291162e+00  7.279425e+00  7.243301e+00  7.167184e+00  7.062209e+00  6.933656e+00  
6.789483e+00  6.641064e+00  6.500791e+00  6.372386e+00  6.256674e+00  6.153249e+00  
6.061910e+00  5.981800e+00  5.910330e+00  5.841380e+00  5.771120e+00  5.707940e+00  
5.660890e+00  5.640280e+00  5.609950e+00  5.576540e+00  5.552330e+00  5.553480e+00  
5.569740e+00  5.563980e+00  5.555820e+00  5.563980e+00  5.566520e+00  5.568500e+00  
7.806120e+00  7.806119e+00  7.806118e+00  7.806117e+00  7.806116e+00  7.806113e+00  
7.806109e+00  7.806102e+00  7.806092e+00  7.806077e+00  7.806052e+00  7.806013e+00  
7.805950e+00  7.805852e+00  7.805697e+00  7.805453e+00  7.805071e+00  7.804473e+00  
7.803536e+00  7.802064e+00  7.799731e+00  7.795978e+00  7.789859e+00  7.779639e+00  
7.761576e+00  7.726113e+00  7.652562e+00  7.527024e+00  7.374799e+00  7.202154e+00  
7.017825e+00  6.833728e+00  6.663008e+00  6.508959e+00  6.371837e+00  6.249974e+00  
6.141349e+00  6.043910e+00  5.955020e+00  5.869090e+00  5.782540e+00  5.702140e+00  
5.635690e+00  5.605730e+00  5.569180e+00  5.533840e+00  5.505340e+00  5.502960e+00  
5.511170e+00  5.507080e+00  5.501450e+00  5.506800e+00  5.508450e+00  5.509780e+00  
8.219869e+00  8.219867e+00  8.219866e+00  8.219864e+00  8.219861e+00  8.219856e+00  
8.219848e+00  8.219836e+00  8.219817e+00  8.219788e+00  8.219741e+00  8.219665e+00  
8.219547e+00  8.219361e+00  8.219067e+00  8.218602e+00  8.217873e+00  8.216725e+00  
8.214921e+00  8.212076e+00  8.207559e+00  8.200334e+00  8.188696e+00  8.169711e+00  
8.137746e+00  8.080361e+00  7.972740e+00  7.802950e+00  7.609230e+00  7.398524e+00  
7.179995e+00  6.965732e+00  6.769215e+00  6.593452e+00  6.437918e+00  6.299964e+00  
6.175998e+00  6.063120e+00  5.958900e+00  5.858630e+00  5.759090e+00  5.664710e+00  
5.581440e+00  5.543680e+00  5.503720e+00  5.469810e+00  5.439430e+00  5.433100e+00  
5.430530e+00  5.428920e+00  5.427010e+00  5.428330e+00  5.428710e+00  5.429090e+00  
8.828820e+00  8.828818e+00  8.828816e+00  8.828814e+00  8.828811e+00  8.828806e+00  
8.828797e+00  8.828783e+00  8.828762e+00  8.828728e+00  8.828675e+00  8.828589e+00  
8.828455e+00  8.828244e+00  8.827912e+00  8.827390e+00  8.826571e+00  8.825286e+00  
8.823267e+00  8.820080e+00  8.814993e+00  8.806789e+00  8.793394e+00  8.770861e+00  
8.730399e+00  8.648874e+00  8.478710e+00  8.203271e+00  7.906847e+00  7.622538e+00  
7.356621e+00  7.110329e+00  6.885378e+00  6.681779e+00  6.497167e+00  6.328294e+00  
6.172224e+00  6.027360e+00  5.893190e+00  5.768470e+00  5.651510e+00  5.538690e+00  
5.428250e+00  5.376630e+00  5.331190e+00  5.301410e+00  5.268920e+00  5.254510e+00  
5.236360e+00  5.236740e+00  5.240820e+00  5.239680e+00  5.232470e+00  5.233520e+00  
9.327955e+00  9.327950e+00  9.327946e+00  9.327941e+00  9.327933e+00  9.327921e+00  
9.327901e+00  9.327869e+00  9.327819e+00  9.327738e+00  9.327612e+00  9.327411e+00  
9.327094e+00  9.326593e+00  9.325802e+00  9.324554e+00  9.322589e+00  9.319492e+00  
9.314606e+00  9.306873e+00  9.294571e+00  9.274957e+00  9.243648e+00  9.193459e+00  
9.112331e+00  8.978976e+00  8.757118e+00  8.444623e+00  8.122968e+00  7.799274e+00  
7.482290e+00  7.183081e+00  6.913170e+00  6.674598e+00  6.463994e+00  6.276157e+00  
6.103533e+00  5.941080e+00  5.788280e+00  5.643790e+00  5.506290e+00  5.372970e+00  
5.243870e+00  5.184750e+00  5.134370e+00  5.102460e+00  5.065880e+00  5.049530e+00  
5.020170e+00  5.024640e+00  5.031880e+00  5.023240e+00  5.020530e+00  5.018500e+00  
1.018036e+01  1.018035e+01  1.018034e+01  1.018033e+01  1.018032e+01  1.018029e+01  
1.018025e+01  1.018019e+01  1.018010e+01  1.017994e+01  1.017970e+01  1.017931e+01  
1.017869e+01  1.017773e+01  1.017619e+01  1.017377e+01  1.016996e+01  1.016395e+01  
1.015446e+01  1.013937e+01  1.011537e+01  1.007721e+01  1.001653e+01  9.920175e+00  
9.768167e+00  9.532203e+00  9.173345e+00  8.714526e+00  8.286616e+00  7.888121e+00  
7.517699e+00  7.174933e+00  6.859406e+00  6.570138e+00  6.305091e+00  6.061472e+00  
5.835891e+00  5.626614e+00  5.434790e+00  5.259650e+00  5.098470e+00  4.939720e+00  
4.774310e+00  4.693680e+00  4.623710e+00  4.578550e+00  4.527620e+00  4.510330e+00  
4.490230e+00  4.490690e+00  4.493240e+00  4.490550e+00  4.487980e+00  4.487160e+00  
1.062845e+01  1.062844e+01  1.062843e+01  1.062842e+01  1.062840e+01  1.062837e+01  
1.062832e+01  1.062824e+01  1.062812e+01  1.062793e+01  1.062763e+01  1.062715e+01  
1.062638e+01  1.062519e+01  1.062330e+01  1.062031e+01  1.061561e+01  1.060819e+01  
1.059645e+01  1.057775e+01  1.054801e+01  1.050066e+01  1.042530e+01  1.030565e+01  
1.011738e+01  9.826803e+00  9.389393e+00  8.836894e+00  8.328441e+00  7.861510e+00  
7.433550e+00  7.042628e+00  6.687669e+00  6.365777e+00  6.073149e+00  5.805300e+00  
5.556245e+00  5.322141e+00  5.103991e+00  4.901570e+00  4.712460e+00  4.528690e+00  
4.344370e+00  4.254700e+00  4.170910e+00  4.109240e+00  4.042950e+00  4.028260e+00  
4.024430e+00  4.021830e+00  4.017330e+00  4.019320e+00  4.021290e+00  4.021740e+00  
1.105340e+01  1.105339e+01  1.105338e+01  1.105336e+01  1.105335e+01  1.105331e+01  
1.105326e+01  1.105318e+01  1.105305e+01  1.105285e+01  1.105253e+01  1.105202e+01  
1.105123e+01  1.104997e+01  1.104799e+01  1.104489e+01  1.104000e+01  1.103228e+01  
1.101998e+01  1.100034e+01  1.096899e+01  1.091884e+01  1.083843e+01  1.070952e+01  
1.050252e+01  1.016711e+01  9.626644e+00  8.913515e+00  8.255659e+00  7.682413e+00  
7.187629e+00  6.757142e+00  6.377136e+00  6.032898e+00  5.706271e+00  5.389317e+00  
5.090713e+00  4.816287e+00  4.563090e+00  4.324010e+00  4.093790e+00  3.879180e+00  
3.683020e+00  3.587670e+00  3.491330e+00  3.414330e+00  3.340800e+00  3.325200e+00  
3.317990e+00  3.314790e+00  3.310890e+00  3.312460e+00  3.314340e+00  3.314390e+00  
1.142167e+01  1.142165e+01  1.142164e+01  1.142162e+01  1.142158e+01  1.142154e+01  
1.142147e+01  1.142136e+01  1.142118e+01  1.142090e+01  1.142046e+01  1.141976e+01  
1.141866e+01  1.141693e+01  1.141420e+01  1.140993e+01  1.140318e+01  1.139249e+01  
1.137539e+01  1.134811e+01  1.130457e+01  1.123493e+01  1.112373e+01  1.094754e+01  
1.067173e+01  1.025199e+01  9.635920e+00  8.877714e+00  8.199739e+00  7.593572e+00  
7.053270e+00  6.570449e+00  6.137074e+00  5.746743e+00  5.392844e+00  5.067709e+00  
4.761517e+00  4.467888e+00  4.188101e+00  3.925226e+00  3.680750e+00  3.450700e+00  
3.234150e+00  3.132060e+00  3.033340e+00  2.957760e+00  2.883150e+00  2.863710e+00  
2.846190e+00  2.845130e+00  2.844670e+00  2.843400e+00  2.842900e+00  2.842570e+00  
1.162097e+01  1.162095e+01  1.162094e+01  1.162092e+01  1.162089e+01  1.162084e+01  
1.162075e+01  1.162063e+01  1.162044e+01  1.162013e+01  1.161965e+01  1.161889e+01  
1.161769e+01  1.161583e+01  1.161288e+01  1.160827e+01  1.160099e+01  1.158936e+01  
1.157075e+01  1.154103e+01  1.149346e+01  1.141716e+01  1.129531e+01  1.110240e+01  
1.080085e+01  1.034450e+01  9.680042e+00  8.867543e+00  8.147614e+00  7.508276e+00  
6.940729e+00  6.433965e+00  5.977230e+00  5.563694e+00  5.187413e+00  4.841760e+00  
4.518555e+00  4.212193e+00  3.922584e+00  3.650292e+00  3.395630e+00  3.155530e+00  
2.929420e+00  2.822770e+00  2.720080e+00  2.641900e+00  2.565000e+00  2.544890e+00  
2.526200e+00  2.525300e+00  2.525070e+00  2.523460e+00  2.522820e+00  2.522890e+00  
1.176361e+01  1.176359e+01  1.176357e+01  1.176355e+01  1.176351e+01  1.176346e+01  
1.176338e+01  1.176325e+01  1.176305e+01  1.176272e+01  1.176222e+01  1.176142e+01  
1.176017e+01  1.175821e+01  1.175513e+01  1.175032e+01  1.174269e+01  1.173046e+01  
1.171084e+01  1.167946e+01  1.162906e+01  1.154808e+01  1.141876e+01  1.121400e+01  
1.089436e+01  1.041267e+01  9.715017e+00  8.864946e+00  8.116177e+00  7.454454e+00  
6.867994e+00  6.343833e+00  5.869670e+00  5.438589e+00  5.045307e+00  4.684165e+00  
4.348396e+00  4.033096e+00  3.736948e+00  3.458463e+00  3.196679e+00  2.950020e+00  
2.717720e+00  2.607610e+00  2.500620e+00  2.418310e+00  2.338470e+00  2.318560e+00  
2.301740e+00  2.300210e+00  2.299060e+00  2.298330e+00  2.297960e+00  2.298510e+00  
1.195746e+01  1.195744e+01  1.195742e+01  1.195740e+01  1.195737e+01  1.195731e+01  
1.195723e+01  1.195709e+01  1.195687e+01  1.195653e+01  1.195600e+01  1.195515e+01  
1.195384e+01  1.195181e+01  1.194863e+01  1.194364e+01  1.193564e+01  1.192274e+01  
1.190202e+01  1.186866e+01  1.181473e+01  1.172781e+01  1.158904e+01  1.136907e+01  
1.102664e+01  1.051341e+01  9.774877e+00  8.878765e+00  8.094804e+00  7.406611e+00  
6.797789e+00  6.252773e+00  5.757669e+00  5.305694e+00  4.892163e+00  4.512227e+00  
4.160409e+00  3.832338e+00  3.525639e+00  3.237157e+00  2.964527e+00  2.707000e+00  
2.462960e+00  2.346030e+00  2.231470e+00  2.142440e+00  2.056320e+00  2.035750e+00  
2.020470e+00  2.018120e+00  2.015870e+00  2.016210e+00  2.016160e+00  2.016500e+00  
1.208423e+01  1.208421e+01  1.208419e+01  1.208417e+01  1.208413e+01  1.208408e+01  
1.208399e+01  1.208385e+01  1.208363e+01  1.208327e+01  1.208273e+01  1.208188e+01  
1.208057e+01  1.207854e+01  1.207537e+01  1.207037e+01  1.206227e+01  1.204914e+01  
1.202798e+01  1.199365e+01  1.193777e+01  1.184765e+01  1.170350e+01  1.147491e+01  
1.111997e+01  1.058955e+01  9.829112e+00  8.908777e+00  8.106904e+00  7.405274e+00  
6.785432e+00  6.230513e+00  5.726073e+00  5.265150e+00  4.842883e+00  4.454166e+00  
4.093140e+00  3.755375e+00  3.438789e+00  3.140736e+00  2.858715e+00  2.590173e+00  
2.332790e+00  2.208150e+00  2.086300e+00  1.991660e+00  1.898610e+00  1.875890e+00  
1.858610e+00  1.856220e+00  1.854060e+00  1.854210e+00  1.854130e+00  1.853470e+00  
1.225226e+01  1.225224e+01  1.225222e+01  1.225220e+01  1.225216e+01  1.225211e+01  
1.225202e+01  1.225187e+01  1.225166e+01  1.225131e+01  1.225079e+01  1.224999e+01  
1.224878e+01  1.224695e+01  1.224407e+01  1.223937e+01  1.223159e+01  1.221889e+01  
1.219799e+01  1.216319e+01  1.210602e+01  1.201343e+01  1.186439e+01  1.162875e+01  
1.126444e+01  1.072168e+01  9.945043e+00  9.006874e+00  8.193422e+00  7.480233e+00  
6.850057e+00  6.286454e+00  5.775585e+00  5.309749e+00  4.882647e+00  4.487441e+00  
4.115910e+00  3.762575e+00  3.426956e+00  3.109119e+00  2.806979e+00  2.512870e+00  
2.220790e+00  2.074630e+00  1.928310e+00  1.811930e+00  1.697360e+00  1.668340e+00  
1.644800e+00  1.642200e+00  1.640120e+00  1.639650e+00  1.639380e+00  1.638670e+00  
1.231880e+01  1.231878e+01  1.231876e+01  1.231874e+01  1.231871e+01  1.231865e+01  
1.231856e+01  1.231842e+01  1.231822e+01  1.231791e+01  1.231743e+01  1.231673e+01  
1.231571e+01  1.231419e+01  1.231172e+01  1.230751e+01  1.230046e+01  1.228868e+01  
1.226859e+01  1.223443e+01  1.217804e+01  1.208568e+01  1.193692e+01  1.170275e+01  
1.134198e+01  1.080616e+01  1.003692e+01  9.107050e+00  8.299589e+00  7.587454e+00  
6.956251e+00  6.391669e+00  5.881567e+00  5.417744e+00  4.992757e+00  4.598168e+00  
4.223697e+00  3.862694e+00  3.515529e+00  3.183691e+00  2.865196e+00  2.549224e+00  
2.224729e+00  2.056350e+00  1.879730e+00  1.733430e+00  1.593920e+00  1.560030e+00  
1.532760e+00  1.529230e+00  1.526140e+00  1.525920e+00  1.525630e+00  1.527280e+00  
1.235764e+01  1.235762e+01  1.235760e+01  1.235758e+01  1.235755e+01  1.235750e+01  
1.235742e+01  1.235730e+01  1.235713e+01  1.235688e+01  1.235653e+01  1.235610e+01  
1.235554e+01  1.235465e+01  1.235296e+01  1.234986e+01  1.234436e+01  1.233419e+01  
1.231537e+01  1.228275e+01  1.222737e+01  1.213551e+01  1.198871e+01  1.175943e+01  
1.140936e+01  1.089224e+01  1.015378e+01  9.263200e+00  8.485091e+00  7.794231e+00  
7.177686e+00  6.622490e+00  6.117507e+00  5.655636e+00  5.230685e+00  4.835564e+00  
4.461522e+00  4.101629e+00  3.752495e+00  3.409251e+00  3.064975e+00  2.708390e+00  
2.324018e+00  2.114267e+00  1.884620e+00  1.683290e+00  1.482430e+00  1.440360e+00  
1.413690e+00  1.409740e+00  1.402960e+00  1.402060e+00  1.404180e+00  1.409050e+00  
1.230809e+01  1.230807e+01  1.230805e+01  1.230803e+01  1.230800e+01  1.230796e+01  
1.230790e+01  1.230780e+01  1.230768e+01  1.230753e+01  1.230738e+01  1.230729e+01  
1.230727e+01  1.230707e+01  1.230630e+01  1.230463e+01  1.230083e+01  1.229231e+01  
1.227551e+01  1.224528e+01  1.219214e+01  1.210429e+01  1.196489e+01  1.174896e+01  
1.142155e+01  1.093421e+01  1.024401e+01  9.399356e+00  8.646943e+00  7.969542e+00  
7.359127e+00  6.807894e+00  6.309055e+00  5.855688e+00  5.440462e+00  5.054777e+00  
4.687580e+00  4.330322e+00  3.979453e+00  3.629902e+00  3.272371e+00  2.888095e+00  
2.453083e+00  2.207530e+00  1.935170e+00  1.692200e+00  1.431350e+00  1.370690e+00  
1.348680e+00  1.346770e+00  1.336260e+00  1.334260e+00  1.339000e+00  1.344370e+00  
1.227885e+01  1.227883e+01  1.227882e+01  1.227880e+01  1.227877e+01  1.227874e+01  
1.227868e+01  1.227861e+01  1.227854e+01  1.227849e+01  1.227855e+01  1.227881e+01  
1.227926e+01  1.227963e+01  1.227976e+01  1.227923e+01  1.227659e+01  1.226898e+01  
1.225335e+01  1.222353e+01  1.217056e+01  1.208370e+01  1.194690e+01  1.173721e+01  
1.142045e+01  1.095031e+01  1.028891e+01  9.479300e+00  8.753830e+00  8.097909e+00  
7.504574e+00  6.966760e+00  6.478340e+00  6.033013e+00  5.623996e+00  5.243158e+00  
4.879959e+00  4.525830e+00  4.176558e+00  3.825773e+00  3.461607e+00  3.059747e+00  
2.588247e+00  2.313741e+00  2.001565e+00  1.718290e+00  1.405500e+00  1.330190e+00  
1.307730e+00  1.306650e+00  1.293730e+00  1.291010e+00  1.297090e+00  1.301710e+00  
1.224586e+01  1.224584e+01  1.224583e+01  1.224581e+01  1.224579e+01  1.224575e+01  
1.224571e+01  1.224567e+01  1.224566e+01  1.224573e+01  1.224601e+01  1.224663e+01  
1.224751e+01  1.224845e+01  1.224946e+01  1.224997e+01  1.224813e+01  1.224134e+01  
1.222641e+01  1.219635e+01  1.214322e+01  1.205678e+01  1.192190e+01  1.171734e+01  
1.140686e+01  1.095612e+01  1.032020e+01  9.540072e+00  8.838069e+00  8.201143e+00  
7.623181e+00  7.097739e+00  6.619251e+00  6.181924e+00  5.779427e+00  5.404111e+00  
5.045852e+00  4.696162e+00  4.350299e+00  4.000832e+00  3.633643e+00  3.219608e+00  
2.719436e+00  2.420904e+00  2.074674e+00  1.755230e+00  1.394540e+00  1.304850e+00  
1.279420e+00  1.278780e+00  1.264110e+00  1.260800e+00  1.267630e+00  1.270990e+00  
1.218326e+01  1.218324e+01  1.218323e+01  1.218322e+01  1.218320e+01  1.218317e+01  
1.218316e+01  1.218319e+01  1.218330e+01  1.218365e+01  1.218442e+01  1.218570e+01  
1.218739e+01  1.218955e+01  1.219220e+01  1.219430e+01  1.219357e+01  1.218809e+01  
1.217312e+01  1.214187e+01  1.208773e+01  1.200105e+01  1.186889e+01  1.167141e+01  
1.137222e+01  1.095462e+01  1.036096e+01  9.627247e+00  8.963584e+00  8.358259e+00  
7.806455e+00  7.302639e+00  6.842136e+00  6.419905e+00  6.030382e+00  5.666628e+00  
5.319313e+00  4.980114e+00  4.643552e+00  4.300564e+00  3.933569e+00  3.505438e+00  
2.963939e+00  2.627927e+00  2.225876e+00  1.843767e+00  1.396960e+00  1.279870e+00  
1.243150e+00  1.242380e+00  1.225350e+00  1.221210e+00  1.228600e+00  1.229410e+00  
1.219750e+01  1.219748e+01  1.219747e+01  1.219746e+01  1.219744e+01  1.219744e+01  
1.219746e+01  1.219755e+01  1.219783e+01  1.219848e+01  1.219974e+01  1.220161e+01  
1.220406e+01  1.220742e+01  1.221138e+01  1.221437e+01  1.221440e+01  1.220913e+01  
1.219250e+01  1.215890e+01  1.210187e+01  1.201231e+01  1.187874e+01  1.167657e+01  
1.138503e+01  1.097993e+01  1.040291e+01  9.688263e+00  9.043130e+00  8.455986e+00  
7.922169e+00  7.436199e+00  6.993342e+00  6.588426e+00  6.215579e+00  5.867230e+00  
5.532928e+00  5.203743e+00  4.874793e+00  4.538326e+00  4.179171e+00  3.764565e+00  
3.226048e+00  2.860682e+00  2.374964e+00  1.898390e+00  1.404580e+00  1.287030e+00  
1.226350e+00  1.217240e+00  1.200050e+00  1.199740e+00  1.198030e+00  1.202400e+00  
1.210678e+01  1.210676e+01  1.210677e+01  1.210676e+01  1.210677e+01  1.210681e+01  
1.210695e+01  1.210730e+01  1.210808e+01  1.210961e+01  1.211201e+01  1.211528e+01  
1.211993e+01  1.212602e+01  1.213236e+01  1.213705e+01  1.213864e+01  1.213180e+01  
1.211164e+01  1.207381e+01  1.201242e+01  1.192162e+01  1.178841e+01  1.159090e+01  
1.133057e+01  1.096364e+01  1.043680e+01  9.780347e+00  9.184954e+00  8.641232e+00  
8.145540e+00  7.693414e+00  7.281009e+00  6.903983e+00  6.557247e+00  6.233969e+00  
5.924389e+00  5.619794e+00  5.314903e+00  5.000763e+00  4.659282e+00  4.249885e+00  
3.685903e+00  3.282449e+00  2.723625e+00  2.147682e+00  1.486340e+00  1.307140e+00  
1.199190e+00  1.185560e+00  1.165260e+00  1.163790e+00  1.161630e+00  1.163520e+00  
1.204887e+01  1.204886e+01  1.204886e+01  1.204887e+01  1.204891e+01  1.204903e+01  
1.204932e+01  1.204999e+01  1.205138e+01  1.205376e+01  1.205716e+01  1.206196e+01  
1.206870e+01  1.207684e+01  1.208446e+01  1.209059e+01  1.209159e+01  1.208191e+01  
1.205809e+01  1.201579e+01  1.195108e+01  1.185928e+01  1.171713e+01  1.153726e+01  
1.129546e+01  1.095150e+01  1.045472e+01  9.834545e+00  9.270613e+00  8.755023e+00  
8.284672e+00  7.855753e+00  7.464966e+00  7.108468e+00  6.781730e+00  6.478511e+00  
6.189560e+00  5.906484e+00  5.623853e+00  5.332082e+00  5.011059e+00  4.614535e+00  
4.044890e+00  3.624889e+00  3.029645e+00  2.390030e+00  1.585160e+00  1.348510e+00  
1.189070e+00  1.169630e+00  1.146730e+00  1.144340e+00  1.142000e+00  1.142690e+00  
1.193546e+01  1.193546e+01  1.193547e+01  1.193552e+01  1.193565e+01  1.193596e+01  
1.193667e+01  1.193815e+01  1.194078e+01  1.194463e+01  1.195012e+01  1.195800e+01  
1.196807e+01  1.197848e+01  1.198835e+01  1.199478e+01  1.199198e+01  1.197685e+01  
1.194611e+01  1.189730e+01  1.182953e+01  1.172381e+01  1.159544e+01  1.143878e+01  
1.122422e+01  1.091529e+01  1.046461e+01  9.898651e+00  9.380382e+00  8.904007e+00  
8.467487e+00  8.068229e+00  7.704031e+00  7.372403e+00  7.070285e+00  6.793476e+00  
6.535417e+00  6.289495e+00  6.049819e+00  5.804455e+00  5.526339e+00  5.149918e+00  
4.559300e+00  4.117123e+00  3.497973e+00  2.806364e+00  1.810368e+00  1.475060e+00  
1.183130e+00  1.149080e+00  1.130480e+00  1.126500e+00  1.112130e+00  1.120830e+00  
1.192820e+01  1.192821e+01  1.192825e+01  1.192835e+01  1.192859e+01  1.192916e+01  
1.193040e+01  1.193277e+01  1.193648e+01  1.194172e+01  1.194944e+01  1.195991e+01  
1.197196e+01  1.198398e+01  1.199483e+01  1.199872e+01  1.199163e+01  1.197085e+01  
1.193355e+01  1.188002e+01  1.180430e+01  1.169285e+01  1.157508e+01  1.142704e+01  
1.122119e+01  1.092245e+01  1.048543e+01  9.937073e+00  9.436104e+00  8.977386e+00  
8.558961e+00  8.178499e+00  7.833925e+00  7.522903e+00  7.242521e+00  6.988539e+00  
6.754247e+00  6.533064e+00  6.319859e+00  6.103787e+00  5.859125e+00  5.521170e+00  
4.967675e+00  4.533869e+00  3.898643e+00  3.150969e+00  1.995574e+00  1.585950e+00  
1.202970e+00  1.151000e+00  1.117010e+00  1.112600e+00  1.101520e+00  1.109460e+00  
1.193122e+01  1.193125e+01  1.193131e+01  1.193148e+01  1.193187e+01  1.193276e+01  
1.193460e+01  1.193780e+01  1.194249e+01  1.194926e+01  1.195903e+01  1.197156e+01  
1.198485e+01  1.199833e+01  1.200847e+01  1.200935e+01  1.199822e+01  1.197215e+01  
1.193014e+01  1.187356e+01  1.178164e+01  1.168102e+01  1.157041e+01  1.142882e+01  
1.122965e+01  1.093847e+01  1.051045e+01  9.972212e+00  9.479951e+00  9.029847e+00  
8.620185e+00  8.248835e+00  7.914005e+00  7.614445e+00  7.348837e+00  7.114199e+00  
6.904351e+00  6.710945e+00  6.522697e+00  6.321925e+00  6.083254e+00  5.762773e+00  
5.267061e+00  4.879790e+00  4.279954e+00  3.491699e+00  2.152897e+00  1.677160e+00  
1.221180e+00  1.156580e+00  1.111910e+00  1.107550e+00  1.099770e+00  1.102520e+00  
1.192814e+01  1.192820e+01  1.192830e+01  1.192854e+01  1.192912e+01  1.193037e+01  
1.193282e+01  1.193679e+01  1.194244e+01  1.195078e+01  1.196241e+01  1.197636e+01  
1.199082e+01  1.200511e+01  1.201353e+01  1.201148e+01  1.199641e+01  1.196569e+01  
1.192030e+01  1.185991e+01  1.176065e+01  1.166690e+01  1.156134e+01  1.142426e+01  
1.122973e+01  1.094407e+01  1.052351e+01  9.994443e+00  9.510466e+00  9.068015e+00  
8.665935e+00  8.302936e+00  7.978029e+00  7.689612e+00  7.435515e+00  7.212480e+00  
7.014916e+00  6.836142e+00  6.667770e+00  6.491324e+00  6.278933e+00  5.985514e+00  
5.511556e+00  5.131780e+00  4.545868e+00  3.771957e+00  2.335483e+00  1.775265e+00  
1.236990e+00  1.162330e+00  1.110180e+00  1.102680e+00  1.098660e+00  1.097860e+00  
1.195061e+01  1.195072e+01  1.195091e+01  1.195136e+01  1.195236e+01  1.195443e+01  
1.195806e+01  1.196338e+01  1.197114e+01  1.198240e+01  1.199697e+01  1.201278e+01  
1.202935e+01  1.204294e+01  1.204723e+01  1.203949e+01  1.201691e+01  1.197911e+01  
1.192899e+01  1.184440e+01  1.175698e+01  1.167103e+01  1.157066e+01  1.143700e+01  
1.124452e+01  1.096028e+01  1.054236e+01  1.001936e+01  9.543965e+00  9.112716e+00  
8.723929e+00  8.375633e+00  8.066226e+00  7.793941e+00  7.556457e+00  7.350175e+00  
7.168764e+00  7.006556e+00  6.860350e+00  6.721733e+00  6.567074e+00  6.330664e+00  
5.893611e+00  5.532189e+00  4.978006e+00  4.214992e+00  2.644953e+00  1.977682e+00  
1.280130e+00  1.177880e+00  1.107160e+00  1.099340e+00  1.092440e+00  1.092000e+00  
1.195078e+01  1.195097e+01  1.195127e+01  1.195197e+01  1.195348e+01  1.195640e+01  
1.196107e+01  1.196775e+01  1.197768e+01  1.199147e+01  1.200794e+01  1.202541e+01  
1.204301e+01  1.205418e+01  1.205450e+01  1.204140e+01  1.201257e+01  1.197033e+01  
1.191394e+01  1.181991e+01  1.174108e+01  1.166099e+01  1.156535e+01  1.143581e+01  
1.124737e+01  1.096778e+01  1.055591e+01  1.004047e+01  9.572159e+00  9.147971e+00  
8.766384e+00  8.425568e+00  8.124172e+00  7.860718e+00  7.633195e+00  7.438405e+00  
7.270636e+00  7.124841e+00  6.998699e+00  6.884818e+00  6.760767e+00  6.561130e+00  
6.168626e+00  5.834887e+00  5.313566e+00  4.566377e+00  2.917095e+00  2.166796e+00  
1.324600e+00  1.197270e+00  1.107340e+00  1.097800e+00  1.088760e+00  1.088420e+00  
1.193569e+01  1.193617e+01  1.193685e+01  1.193835e+01  1.194129e+01  1.194615e+01  
1.195312e+01  1.196352e+01  1.197822e+01  1.199634e+01  1.201588e+01  1.203639e+01  
1.205149e+01  1.205585e+01  1.204687e+01  1.202194e+01  1.198332e+01  1.193411e+01  
1.184264e+01  1.176927e+01  1.170303e+01  1.163273e+01  1.154543e+01  1.142386e+01  
1.124421e+01  1.097542e+01  1.057739e+01  1.007716e+01  9.620720e+00  9.206213e+00  
8.832926e+00  8.500230e+00  8.207995e+00  7.955520e+00  7.741677e+00  7.564588e+00  
7.420401e+00  7.305088e+00  7.214630e+00  7.136896e+00  7.050097e+00  6.910608e+00  
6.623738e+00  6.355264e+00  5.891273e+00  5.190254e+00  3.496946e+00  2.577852e+00  
1.434280e+00  1.253420e+00  1.113840e+00  1.097730e+00  1.084370e+00  1.083590e+00  
1.195340e+01  1.195429e+01  1.195547e+01  1.195791e+01  1.196226e+01  1.196871e+01  
1.197819e+01  1.199207e+01  1.201038e+01  1.203083e+01  1.205305e+01  1.207308e+01  
1.208354e+01  1.208144e+01  1.206378e+01  1.203064e+01  1.198696e+01  1.190795e+01  
1.182911e+01  1.176532e+01  1.170560e+01  1.163986e+01  1.155549e+01  1.143551e+01  
1.125632e+01  1.098718e+01  1.058880e+01  1.009037e+01  9.637895e+00  9.229257e+00  
8.863119e+00  8.538381e+00  8.254286e+00  8.009981e+00  7.804288e+00  7.635237e+00  
7.498711e+00  7.391818e+00  7.315072e+00  7.265469e+00  7.227024e+00  7.142966e+00  
6.908925e+00  6.676957e+00  6.275801e+00  5.630658e+00  3.919998e+00  2.936314e+00  
1.545990e+00  1.311910e+00  1.122170e+00  1.101440e+00  1.081600e+00  1.081180e+00  
1.195550e+01  1.195749e+01  1.195990e+01  1.196430e+01  1.197097e+01  1.198071e+01  
1.199514e+01  1.201457e+01  1.203681e+01  1.206120e+01  1.208462e+01  1.209889e+01  
1.210050e+01  1.208638e+01  1.205583e+01  1.201422e+01  1.194099e+01  1.185851e+01  
1.179639e+01  1.174369e+01  1.169215e+01  1.163243e+01  1.155261e+01  1.143629e+01  
1.126051e+01  1.099494e+01  1.060080e+01  1.010783e+01  9.660672e+00  9.257443e+00  
8.896923e+00  8.578204e+00  8.300676e+00  8.063749e+00  7.866545e+00  7.707513e+00  
7.583146e+00  7.491491e+00  7.434574e+00  7.411933e+00  7.412201e+00  7.386889e+00  
7.244038e+00  7.074391e+00  6.750148e+00  6.192936e+00  4.574226e+00  3.498586e+00  
1.754933e+00  1.432980e+00  1.143940e+00  1.109590e+00  1.079860e+00  1.078720e+00  
1.195829e+01  1.196173e+01  1.196549e+01  1.197158e+01  1.198039e+01  1.199362e+01  
1.201224e+01  1.203504e+01  1.206009e+01  1.208667e+01  1.210678e+01  1.211499e+01  
1.210831e+01  1.208414e+01  1.204634e+01  1.199797e+01  1.190048e+01  1.183241e+01  
1.177920e+01  1.173297e+01  1.168607e+01  1.162962e+01  1.155206e+01  1.143740e+01  
1.126296e+01  1.099878e+01  1.060654e+01  1.011599e+01  9.671318e+00  9.270766e+00  
8.913155e+00  8.597665e+00  8.323705e+00  8.090807e+00  7.898292e+00  7.744759e+00  
7.626938e+00  7.543394e+00  7.496994e+00  7.488972e+00  7.510999e+00  7.520750e+00  
7.436167e+00  7.308560e+00  7.039248e+00  6.551926e+00  5.044238e+00  3.934827e+00  
1.948700e+00  1.550690e+00  1.167700e+00  1.119020e+00  1.079930e+00  1.077480e+00  
1.193928e+01  1.194445e+01  1.194948e+01  1.195704e+01  1.196817e+01  1.198461e+01  
1.200654e+01  1.203145e+01  1.205904e+01  1.208510e+01  1.210106e+01  1.210351e+01  
1.208905e+01  1.205776e+01  1.201596e+01  1.193565e+01  1.185415e+01  1.179482e+01  
1.174787e+01  1.170640e+01  1.166328e+01  1.161003e+01  1.153566e+01  1.142470e+01  
1.125502e+01  1.099675e+01  1.061092e+01  1.012549e+01  9.682960e+00  9.283197e+00  
8.925775e+00  8.610604e+00  8.337844e+00  8.106945e+00  7.916877e+00  7.766773e+00  
7.655462e+00  7.582415e+00  7.547365e+00  7.544140e+00  7.562937e+00  7.586048e+00  
7.551989e+00  7.459508e+00  7.239378e+00  6.831988e+00  5.426912e+00  4.237110e+00  
2.129314e+00  1.678610e+00  1.192520e+00  1.119630e+00  1.085890e+00  1.076740e+00  
1.193878e+01  1.194582e+01  1.195201e+01  1.196101e+01  1.197453e+01  1.199382e+01  
1.201806e+01  1.204489e+01  1.207412e+01  1.209795e+01  1.210988e+01  1.210677e+01  
1.208548e+01  1.204929e+01  1.200433e+01  1.190565e+01  1.183394e+01  1.178067e+01  
1.173812e+01  1.169986e+01  1.165897e+01  1.160733e+01  1.153412e+01  1.142413e+01  
1.125538e+01  1.099818e+01  1.061357e+01  1.012926e+01  9.687708e+00  9.288975e+00  
8.932661e+00  8.618558e+00  8.346737e+00  8.117037e+00  7.929200e+00  7.782494e+00  
7.675061e+00  7.605813e+00  7.574891e+00  7.576945e+00  7.603430e+00  7.638781e+00  
7.638813e+00  7.581215e+00  7.394784e+00  6.997750e+00  5.671602e+00  4.585346e+00  
2.300750e+00  1.770813e+00  1.216750e+00  1.139860e+00  1.082110e+00  1.076250e+00  
1.193898e+01  1.195003e+01  1.195822e+01  1.197032e+01  1.198820e+01  1.201210e+01  
1.203934e+01  1.206972e+01  1.209860e+01  1.211696e+01  1.212115e+01  1.210776e+01  
1.207635e+01  1.203456e+01  1.195091e+01  1.186695e+01  1.180731e+01  1.176240e+01  
1.172593e+01  1.169195e+01  1.165403e+01  1.160439e+01  1.153259e+01  1.142366e+01  
1.125582e+01  1.099959e+01  1.061623e+01  1.013347e+01  9.693421e+00  9.296205e+00  
8.941461e+00  8.629087e+00  8.359274e+00  8.131892e+00  7.946633e+00  7.802886e+00  
7.699032e+00  7.634221e+00  7.609236e+00  7.619588e+00  7.658490e+00  7.713597e+00  
7.749769e+00  7.725185e+00  7.596203e+00  7.274411e+00  6.080666e+00  5.048839e+00  
2.619030e+00  1.972510e+00  1.265790e+00  1.161080e+00  1.086410e+00  1.075620e+00  
1.193896e+01  1.195407e+01  1.196313e+01  1.197937e+01  1.200116e+01  1.202806e+01  
1.205788e+01  1.208895e+01  1.211630e+01  1.213037e+01  1.212590e+01  1.210340e+01  
1.206603e+01  1.201930e+01  1.191312e+01  1.184155e+01  1.178968e+01  1.175040e+01  
1.171798e+01  1.168681e+01  1.165078e+01  1.160243e+01  1.153153e+01  1.142327e+01  
1.125602e+01  1.100040e+01  1.061776e+01  1.013596e+01  9.696859e+00  9.300653e+00  
8.946997e+00  8.635763e+00  8.367178e+00  8.141116e+00  7.957385e+00  7.815466e+00  
7.713821e+00  7.651769e+00  7.630452e+00  7.645932e+00  7.692440e+00  7.759885e+00  
7.818855e+00  7.815751e+00  7.727304e+00  7.462485e+00  6.376237e+00  5.401092e+00  
2.901033e+00  2.157604e+00  1.314230e+00  1.183260e+00  1.091340e+00  1.075250e+00  
