1.756270e+00  1.756271e+00  1.756272e+00  1.756273e+00  1.756274e+00  1.756277e+00  
1.756281e+00  1.756287e+00  1.756296e+00  1.756312e+00  1.756336e+00  1.756375e+00  
1.756437e+00  1.756534e+00  1.756689e+00  1.756934e+00  1.757322e+00  1.757937e+00  
1.758912e+00  1.760458e+00  1.762907e+00  1.766789e+00  1.772942e+00  1.782694e+00  
1.798147e+00  1.822632e+00  1.861351e+00  1.913436e+00  1.964831e+00  2.015172e+00  
2.064098e+00  2.111238e+00  2.156270e+00  2.198945e+00  2.239230e+00  2.277580e+00  
2.315170e+00  2.353060e+00  2.391130e+00  2.429170e+00  2.467220e+00  2.506250e+00  
2.547020e+00  2.567550e+00  2.587620e+00  2.604230e+00  2.629420e+00  2.638590e+00  
2.643530e+00  2.643870e+00  2.644610e+00  2.644680e+00  2.644890e+00  2.644800e+00  
2.263676e+00  2.263677e+00  2.263678e+00  2.263679e+00  2.263681e+00  2.263683e+00  
2.263688e+00  2.263695e+00  2.263705e+00  2.263723e+00  2.263750e+00  2.263793e+00  
2.263861e+00  2.263970e+00  2.264142e+00  2.264414e+00  2.264845e+00  2.265530e+00  
2.266613e+00  2.268331e+00  2.271053e+00  2.275368e+00  2.282201e+00  2.293009e+00  
2.310049e+00  2.336704e+00  2.377917e+00  2.431739e+00  2.482978e+00  2.531478e+00  
2.577240e+00  2.620613e+00  2.662126e+00  2.701905e+00  2.740019e+00  2.777030e+00  
2.814050e+00  2.852180e+00  2.891630e+00  2.932750e+00  2.975720e+00  3.019960e+00  
3.064200e+00  3.085790e+00  3.107060e+00  3.123770e+00  3.142010e+00  3.147030e+00  
3.150760e+00  3.151150e+00  3.151540e+00  3.151610e+00  3.151610e+00  3.151650e+00  
2.677525e+00  2.677526e+00  2.677527e+00  2.677528e+00  2.677530e+00  2.677533e+00  
2.677538e+00  2.677546e+00  2.677558e+00  2.677577e+00  2.677608e+00  2.677656e+00  
2.677733e+00  2.677855e+00  2.678047e+00  2.678353e+00  2.678837e+00  2.679606e+00  
2.680823e+00  2.682752e+00  2.685809e+00  2.690652e+00  2.698318e+00  2.710422e+00  
2.729420e+00  2.758800e+00  2.803284e+00  2.859695e+00  2.911337e+00  2.958136e+00  
3.000363e+00  3.038848e+00  3.074838e+00  3.108748e+00  3.140911e+00  3.172330e+00  
3.204820e+00  3.239930e+00  3.277570e+00  3.316880e+00  3.357220e+00  3.399640e+00  
3.444770e+00  3.467330e+00  3.487920e+00  3.502100e+00  3.517120e+00  3.520880e+00  
3.523680e+00  3.524010e+00  3.524300e+00  3.524320e+00  3.524370e+00  3.524370e+00  
3.335067e+00  3.335069e+00  3.335070e+00  3.335071e+00  3.335073e+00  3.335077e+00  
3.335083e+00  3.335093e+00  3.335108e+00  3.335131e+00  3.335169e+00  3.335229e+00  
3.335323e+00  3.335473e+00  3.335711e+00  3.336088e+00  3.336685e+00  3.337631e+00  
3.339130e+00  3.341508e+00  3.345273e+00  3.351236e+00  3.360662e+00  3.375495e+00  
3.398576e+00  3.433474e+00  3.484087e+00  3.544317e+00  3.594575e+00  3.635181e+00  
3.667315e+00  3.693359e+00  3.716571e+00  3.737914e+00  3.757867e+00  3.777520e+00  
3.798690e+00  3.822850e+00  3.849960e+00  3.879060e+00  3.909580e+00  3.943230e+00  
3.981500e+00  4.001300e+00  4.018670e+00  4.029580e+00  4.040740e+00  4.043480e+00  
4.045410e+00  4.045630e+00  4.045840e+00  4.045860e+00  4.045910e+00  4.045910e+00  
3.846803e+00  3.846805e+00  3.846806e+00  3.846808e+00  3.846811e+00  3.846816e+00  
3.846823e+00  3.846835e+00  3.846855e+00  3.846885e+00  3.846933e+00  3.847008e+00  
3.847128e+00  3.847319e+00  3.847621e+00  3.848099e+00  3.848857e+00  3.850057e+00  
3.851960e+00  3.854977e+00  3.859754e+00  3.867311e+00  3.879228e+00  3.897860e+00  
3.926364e+00  3.967534e+00  4.022144e+00  4.079643e+00  4.121358e+00  4.152128e+00  
4.174028e+00  4.189646e+00  4.202373e+00  4.213147e+00  4.222228e+00  4.230440e+00  
4.239050e+00  4.249260e+00  4.261760e+00  4.277510e+00  4.297460e+00  4.321650e+00  
4.348820e+00  4.362430e+00  4.375350e+00  4.384530e+00  4.392600e+00  4.394540e+00  
4.396070e+00  4.396270e+00  4.396410e+00  4.396430e+00  4.396440e+00  4.396450e+00  
4.260333e+00  4.260336e+00  4.260337e+00  4.260340e+00  4.260343e+00  4.260350e+00  
4.260359e+00  4.260375e+00  4.260399e+00  4.260438e+00  4.260499e+00  4.260596e+00  
4.260750e+00  4.260994e+00  4.261380e+00  4.261992e+00  4.262962e+00  4.264501e+00  
4.266938e+00  4.270800e+00  4.276915e+00  4.286580e+00  4.301780e+00  4.325387e+00  
4.360856e+00  4.409514e+00  4.467064e+00  4.517224e+00  4.545414e+00  4.564577e+00  
4.577517e+00  4.585447e+00  4.589987e+00  4.591035e+00  4.588012e+00  4.581900e+00  
4.576370e+00  4.574540e+00  4.576600e+00  4.581740e+00  4.589380e+00  4.600650e+00  
4.616120e+00  4.624760e+00  4.633300e+00  4.639550e+00  4.645040e+00  4.646420e+00  
4.647530e+00  4.647660e+00  4.647770e+00  4.647800e+00  4.647810e+00  4.647810e+00  
4.610898e+00  4.610901e+00  4.610903e+00  4.610906e+00  4.610910e+00  4.610917e+00  
4.610929e+00  4.610947e+00  4.610975e+00  4.611020e+00  4.611092e+00  4.611205e+00  
4.611385e+00  4.611670e+00  4.612120e+00  4.612836e+00  4.613970e+00  4.615766e+00  
4.618614e+00  4.623125e+00  4.630267e+00  4.641548e+00  4.659262e+00  4.686665e+00  
4.727386e+00  4.781418e+00  4.840086e+00  4.882408e+00  4.897732e+00  4.905616e+00  
4.909454e+00  4.909360e+00  4.905531e+00  4.897151e+00  4.883020e+00  4.864260e+00  
4.846250e+00  4.833380e+00  4.825450e+00  4.820310e+00  4.816290e+00  4.815380e+00  
4.819560e+00  4.823240e+00  4.827350e+00  4.830630e+00  4.833460e+00  4.834270e+00  
4.834920e+00  4.835000e+00  4.835070e+00  4.835070e+00  4.835070e+00  4.835100e+00  
5.211853e+00  5.211855e+00  5.211856e+00  5.211859e+00  5.211862e+00  5.211867e+00  
5.211875e+00  5.211888e+00  5.211909e+00  5.211942e+00  5.211994e+00  5.212076e+00  
5.212205e+00  5.212412e+00  5.212740e+00  5.213259e+00  5.214081e+00  5.215385e+00  
5.217453e+00  5.220731e+00  5.225925e+00  5.234143e+00  5.247096e+00  5.267307e+00  
5.298035e+00  5.341653e+00  5.396874e+00  5.447878e+00  5.471588e+00  5.470396e+00  
5.449141e+00  5.415945e+00  5.380848e+00  5.346418e+00  5.312979e+00  5.280990e+00  
5.250890e+00  5.222640e+00  5.195970e+00  5.169850e+00  5.143940e+00  5.121090e+00  
5.105230e+00  5.100390e+00  5.096040e+00  5.092680e+00  5.090070e+00  5.089580e+00  
5.089180e+00  5.089120e+00  5.089090e+00  5.089100e+00  5.089110e+00  5.089110e+00  
5.641880e+00  5.641884e+00  5.641886e+00  5.641889e+00  5.641895e+00  5.641903e+00  
5.641917e+00  5.641938e+00  5.641972e+00  5.642026e+00  5.642111e+00  5.642246e+00  
5.642460e+00  5.642798e+00  5.643335e+00  5.644186e+00  5.645535e+00  5.647673e+00  
5.651063e+00  5.656434e+00  5.664935e+00  5.678351e+00  5.699360e+00  5.731600e+00  
5.778446e+00  5.836256e+00  5.886362e+00  5.898568e+00  5.873067e+00  5.841349e+00  
5.808283e+00  5.773027e+00  5.734505e+00  5.691402e+00  5.642266e+00  5.588200e+00  
5.535380e+00  5.488360e+00  5.446300e+00  5.405650e+00  5.363930e+00  5.324890e+00  
5.292440e+00  5.278460e+00  5.265950e+00  5.257300e+00  5.248840e+00  5.246950e+00  
5.245480e+00  5.245290e+00  5.245150e+00  5.245130e+00  5.245120e+00  5.245130e+00  
6.489912e+00  6.489915e+00  6.489917e+00  6.489920e+00  6.489924e+00  6.489932e+00  
6.489943e+00  6.489962e+00  6.489991e+00  6.490037e+00  6.490110e+00  6.490226e+00  
6.490410e+00  6.490701e+00  6.491162e+00  6.491893e+00  6.493053e+00  6.494893e+00  
6.497810e+00  6.502436e+00  6.509760e+00  6.521312e+00  6.539357e+00  6.566826e+00  
6.605814e+00  6.650115e+00  6.676084e+00  6.652311e+00  6.587280e+00  6.512662e+00  
6.434781e+00  6.355281e+00  6.276057e+00  6.196638e+00  6.116546e+00  6.035774e+00  
5.957290e+00  5.882640e+00  5.811030e+00  5.739900e+00  5.667830e+00  5.598930e+00  
5.535770e+00  5.505050e+00  5.475660e+00  5.454150e+00  5.433940e+00  5.429020e+00  
5.425140e+00  5.424640e+00  5.424280e+00  5.424220e+00  5.424190e+00  5.424200e+00  
7.092170e+00  7.092172e+00  7.092174e+00  7.092176e+00  7.092179e+00  7.092184e+00  
7.092192e+00  7.092206e+00  7.092226e+00  7.092259e+00  7.092310e+00  7.092393e+00  
7.092524e+00  7.092730e+00  7.093059e+00  7.093579e+00  7.094406e+00  7.095719e+00  
7.097802e+00  7.101110e+00  7.106351e+00  7.114614e+00  7.127462e+00  7.146738e+00  
7.172932e+00  7.197832e+00  7.195396e+00  7.135948e+00  7.035118e+00  6.920881e+00  
6.801136e+00  6.681020e+00  6.566221e+00  6.457273e+00  6.353606e+00  6.253774e+00  
6.157930e+00  6.065140e+00  5.974640e+00  5.884590e+00  5.794200e+00  5.707070e+00  
5.623410e+00  5.580290e+00  5.537770e+00  5.506010e+00  5.477540e+00  5.470390e+00  
5.464700e+00  5.464000e+00  5.463460e+00  5.463370e+00  5.463330e+00  5.463310e+00  
7.929830e+00  7.929830e+00  7.929829e+00  7.929829e+00  7.929828e+00  7.929827e+00  
7.929825e+00  7.929823e+00  7.929819e+00  7.929813e+00  7.929804e+00  7.929788e+00  
7.929764e+00  7.929726e+00  7.929666e+00  7.929572e+00  7.929426e+00  7.929199e+00  
7.928849e+00  7.928309e+00  7.927475e+00  7.926153e+00  7.923930e+00  7.919781e+00  
7.910828e+00  7.887980e+00  7.829564e+00  7.716467e+00  7.568050e+00  7.391867e+00  
7.198836e+00  7.004013e+00  6.823205e+00  6.660492e+00  6.515563e+00  6.385918e+00  
6.268310e+00  6.158550e+00  6.053330e+00  5.945920e+00  5.831540e+00  5.716170e+00  
5.606720e+00  5.552930e+00  5.494390e+00  5.445470e+00  5.407430e+00  5.398140e+00  
5.389810e+00  5.388840e+00  5.388120e+00  5.387950e+00  5.387990e+00  5.387840e+00  
8.484371e+00  8.484369e+00  8.484368e+00  8.484366e+00  8.484363e+00  8.484359e+00  
8.484352e+00  8.484341e+00  8.484324e+00  8.484295e+00  8.484252e+00  8.484182e+00  
8.484072e+00  8.483898e+00  8.483621e+00  8.483187e+00  8.482502e+00  8.481425e+00  
8.479731e+00  8.477073e+00  8.472893e+00  8.466272e+00  8.455626e+00  8.438053e+00  
8.407738e+00  8.351083e+00  8.239828e+00  8.057863e+00  7.844819e+00  7.609319e+00  
7.363009e+00  7.121370e+00  6.900202e+00  6.703187e+00  6.529787e+00  6.376269e+00  
6.238250e+00  6.111000e+00  5.990630e+00  5.869890e+00  5.743190e+00  5.615080e+00  
5.490810e+00  5.428820e+00  5.362090e+00  5.306840e+00  5.262370e+00  5.251450e+00  
5.241840e+00  5.240720e+00  5.239860e+00  5.239670e+00  5.239700e+00  5.239550e+00  
8.897271e+00  8.897268e+00  8.897266e+00  8.897263e+00  8.897258e+00  8.897250e+00  
8.897238e+00  8.897218e+00  8.897188e+00  8.897139e+00  8.897062e+00  8.896941e+00  
8.896748e+00  8.896442e+00  8.895960e+00  8.895199e+00  8.893997e+00  8.892105e+00  
8.889128e+00  8.884445e+00  8.877066e+00  8.865376e+00  8.846661e+00  8.816246e+00  
8.765617e+00  8.677314e+00  8.517903e+00  8.275236e+00  8.007339e+00  7.723292e+00  
7.434744e+00  7.156508e+00  6.904059e+00  6.680280e+00  6.484216e+00  6.311157e+00  
6.155537e+00  6.012530e+00  5.878090e+00  5.745510e+00  5.609350e+00  5.472540e+00  
5.338820e+00  5.272430e+00  5.202920e+00  5.146330e+00  5.097250e+00  5.085170e+00  
5.074940e+00  5.073730e+00  5.072770e+00  5.072600e+00  5.072580e+00  5.072480e+00  
9.222037e+00  9.222032e+00  9.222030e+00  9.222025e+00  9.222019e+00  9.222008e+00  
9.221991e+00  9.221964e+00  9.221920e+00  9.221852e+00  9.221744e+00  9.221572e+00  
9.221301e+00  9.220873e+00  9.220195e+00  9.219125e+00  9.217437e+00  9.214776e+00  
9.210588e+00  9.203997e+00  9.193602e+00  9.177125e+00  9.150783e+00  9.108241e+00  
9.038524e+00  8.920850e+00  8.717719e+00  8.421406e+00  8.106440e+00  7.782047e+00  
7.459291e+00  7.151799e+00  6.874225e+00  6.628965e+00  6.414171e+00  6.224385e+00  
6.053069e+00  5.895300e+00  5.747340e+00  5.603570e+00  5.459270e+00  5.315770e+00  
5.175580e+00  5.106960e+00  5.037530e+00  4.982210e+00  4.929650e+00  4.916680e+00  
4.906200e+00  4.904940e+00  4.903880e+00  4.903750e+00  4.903670e+00  4.903640e+00  
9.648693e+00  9.648689e+00  9.648686e+00  9.648682e+00  9.648676e+00  9.648666e+00  
9.648650e+00  9.648624e+00  9.648584e+00  9.648520e+00  9.648419e+00  9.648258e+00  
9.648006e+00  9.647607e+00  9.646976e+00  9.645983e+00  9.644422e+00  9.641973e+00  
9.638133e+00  9.632107e+00  9.622596e+00  9.607400e+00  9.582660e+00  9.541292e+00  
9.468593e+00  9.328256e+00  9.048743e+00  8.615929e+00  8.170929e+00  7.763578e+00  
7.398600e+00  7.071698e+00  6.778928e+00  6.515511e+00  6.272393e+00  6.043656e+00  
5.832400e+00  5.642180e+00  5.470080e+00  5.310100e+00  5.155910e+00  5.001540e+00  
4.848810e+00  4.778710e+00  4.711250e+00  4.658350e+00  4.600950e+00  4.587290e+00  
4.576500e+00  4.575030e+00  4.573960e+00  4.573830e+00  4.573710e+00  4.573780e+00  
9.976667e+00  9.976661e+00  9.976658e+00  9.976653e+00  9.976645e+00  9.976632e+00  
9.976610e+00  9.976578e+00  9.976525e+00  9.976443e+00  9.976312e+00  9.976104e+00  
9.975777e+00  9.975260e+00  9.974444e+00  9.973161e+00  9.971145e+00  9.967985e+00  
9.963033e+00  9.955257e+00  9.942962e+00  9.923268e+00  9.891195e+00  9.837800e+00  
9.745019e+00  9.569502e+00  9.225543e+00  8.706207e+00  8.187708e+00  7.728803e+00  
7.329359e+00  6.977456e+00  6.661070e+00  6.373700e+00  6.105270e+00  5.850494e+00  
5.614826e+00  5.403430e+00  5.213740e+00  5.038430e+00  4.870690e+00  4.704770e+00  
4.544250e+00  4.472670e+00  4.404730e+00  4.351540e+00  4.291870e+00  4.277840e+00  
4.266800e+00  4.265260e+00  4.264160e+00  4.264040e+00  4.263920e+00  4.264000e+00  
1.068108e+01  1.068107e+01  1.068106e+01  1.068104e+01  1.068102e+01  1.068099e+01  
1.068094e+01  1.068085e+01  1.068072e+01  1.068050e+01  1.068017e+01  1.067962e+01  
1.067878e+01  1.067745e+01  1.067533e+01  1.067200e+01  1.066675e+01  1.065850e+01  
1.064552e+01  1.062503e+01  1.059255e+01  1.054075e+01  1.045800e+01  1.032626e+01  
1.011838e+01  9.796860e+00  9.312905e+00  8.703342e+00  8.144805e+00  7.633598e+00  
7.166226e+00  6.740774e+00  6.355615e+00  6.008055e+00  5.693847e+00  5.407584e+00  
5.143435e+00  4.898350e+00  4.673450e+00  4.466990e+00  4.276450e+00  4.092570e+00  
3.909110e+00  3.821520e+00  3.743310e+00  3.689410e+00  3.629420e+00  3.612910e+00  
3.601760e+00  3.600690e+00  3.599410e+00  3.599220e+00  3.599050e+00  3.599100e+00  
1.089152e+01  1.089151e+01  1.089150e+01  1.089149e+01  1.089147e+01  1.089144e+01  
1.089139e+01  1.089131e+01  1.089119e+01  1.089099e+01  1.089069e+01  1.089020e+01  
1.088943e+01  1.088820e+01  1.088629e+01  1.088328e+01  1.087857e+01  1.087117e+01  
1.085956e+01  1.084123e+01  1.081197e+01  1.076490e+01  1.068890e+01  1.056586e+01  
1.036490e+01  1.002941e+01  9.469356e+00  8.717225e+00  8.025022e+00  7.435041e+00  
6.933281e+00  6.496356e+00  6.103742e+00  5.743497e+00  5.405081e+00  5.083744e+00  
4.784156e+00  4.509899e+00  4.259852e+00  4.028050e+00  3.810200e+00  3.610580e+00  
3.426630e+00  3.335430e+00  3.246410e+00  3.179820e+00  3.119960e+00  3.105150e+00  
3.093350e+00  3.091890e+00  3.090780e+00  3.090610e+00  3.090530e+00  3.090390e+00  
1.141657e+01  1.141655e+01  1.141654e+01  1.141652e+01  1.141649e+01  1.141644e+01  
1.141636e+01  1.141623e+01  1.141603e+01  1.141572e+01  1.141521e+01  1.141442e+01  
1.141318e+01  1.141122e+01  1.140813e+01  1.140329e+01  1.139570e+01  1.138380e+01  
1.136505e+01  1.133522e+01  1.128736e+01  1.121041e+01  1.108713e+01  1.089092e+01  
1.058291e+01  1.011539e+01  9.436198e+00  8.612982e+00  7.887638e+00  7.247921e+00  
6.683462e+00  6.181496e+00  5.731775e+00  5.326977e+00  4.959597e+00  4.621978e+00  
4.305156e+00  4.003855e+00  3.720122e+00  3.457760e+00  3.216570e+00  2.992310e+00  
2.783600e+00  2.686000e+00  2.592050e+00  2.521870e+00  2.459920e+00  2.445020e+00  
2.432960e+00  2.431570e+00  2.430420e+00  2.430250e+00  2.430140e+00  2.429980e+00  
1.169541e+01  1.169539e+01  1.169536e+01  1.169534e+01  1.169530e+01  1.169525e+01  
1.169516e+01  1.169502e+01  1.169480e+01  1.169444e+01  1.169387e+01  1.169298e+01  
1.169159e+01  1.168939e+01  1.168596e+01  1.168058e+01  1.167218e+01  1.165900e+01  
1.163816e+01  1.160471e+01  1.155069e+01  1.146356e+01  1.132379e+01  1.110120e+01  
1.075250e+01  1.022792e+01  9.476040e+00  8.575717e+00  7.793777e+00  7.111676e+00  
6.516180e+00  5.990031e+00  5.517584e+00  5.090499e+00  4.701970e+00  4.344905e+00  
4.011392e+00  3.696313e+00  3.399878e+00  3.123399e+00  2.866910e+00  2.626430e+00  
2.402520e+00  2.298860e+00  2.202460e+00  2.132670e+00  2.067420e+00  2.051960e+00  
2.039960e+00  2.038550e+00  2.037340e+00  2.037200e+00  2.037050e+00  2.037020e+00  
1.190058e+01  1.190055e+01  1.190054e+01  1.190052e+01  1.190048e+01  1.190042e+01  
1.190032e+01  1.190016e+01  1.189992e+01  1.189954e+01  1.189895e+01  1.189799e+01  
1.189651e+01  1.189418e+01  1.189055e+01  1.188490e+01  1.187607e+01  1.186224e+01  
1.184016e+01  1.180445e+01  1.174646e+01  1.165267e+01  1.150199e+01  1.126172e+01  
1.088605e+01  1.032433e+01  9.525344e+00  8.573349e+00  7.753442e+00  7.042742e+00  
6.425066e+00  5.880794e+00  5.391605e+00  4.948360e+00  4.544630e+00  4.173787e+00  
3.828476e+00  3.503723e+00  3.198772e+00  2.913464e+00  2.647830e+00  2.398040e+00  
2.163670e+00  2.054420e+00  1.952960e+00  1.879750e+00  1.812060e+00  1.796280e+00  
1.784090e+00  1.782660e+00  1.781400e+00  1.781270e+00  1.781110e+00  1.781220e+00  
1.206418e+01  1.206415e+01  1.206414e+01  1.206411e+01  1.206407e+01  1.206401e+01  
1.206391e+01  1.206375e+01  1.206350e+01  1.206310e+01  1.206248e+01  1.206149e+01  
1.205995e+01  1.205756e+01  1.205383e+01  1.204805e+01  1.203905e+01  1.202487e+01  
1.200208e+01  1.196487e+01  1.190416e+01  1.180579e+01  1.164738e+01  1.139450e+01  
1.100000e+01  1.041278e+01  9.581528e+00  8.593003e+00  7.746067e+00  7.015615e+00  
6.381928e+00  5.823834e+00  5.321872e+00  4.866516e+00  4.451415e+00  4.070195e+00  
3.715792e+00  3.383248e+00  3.071438e+00  2.779578e+00  2.507217e+00  2.250980e+00  
2.008250e+00  1.893820e+00  1.786690e+00  1.708890e+00  1.638710e+00  1.622510e+00  
1.609910e+00  1.608410e+00  1.607110e+00  1.606970e+00  1.606820e+00  1.606990e+00  
1.232022e+01  1.232019e+01  1.232018e+01  1.232015e+01  1.232011e+01  1.232003e+01  
1.231993e+01  1.231976e+01  1.231950e+01  1.231909e+01  1.231844e+01  1.231742e+01  
1.231585e+01  1.231341e+01  1.230966e+01  1.230389e+01  1.229493e+01  1.228062e+01  
1.225710e+01  1.221815e+01  1.215412e+01  1.204985e+01  1.188105e+01  1.161142e+01  
1.119286e+01  1.057377e+01  9.702965e+00  8.669079e+00  7.788330e+00  7.034155e+00  
6.380875e+00  5.804962e+00  5.286083e+00  4.814684e+00  4.384346e+00  3.988681e+00  
3.620671e+00  3.275404e+00  2.951677e+00  2.648617e+00  2.364851e+00  2.096610e+00  
1.838630e+00  1.714740e+00  1.597260e+00  1.510830e+00  1.434050e+00  1.416250e+00  
1.402240e+00  1.400580e+00  1.399160e+00  1.398990e+00  1.398840e+00  1.398870e+00  
1.251774e+01  1.251770e+01  1.251769e+01  1.251766e+01  1.251762e+01  1.251755e+01  
1.251744e+01  1.251728e+01  1.251700e+01  1.251658e+01  1.251593e+01  1.251492e+01  
1.251335e+01  1.251096e+01  1.250734e+01  1.250181e+01  1.249317e+01  1.247905e+01  
1.245537e+01  1.241562e+01  1.234983e+01  1.224203e+01  1.206664e+01  1.178696e+01  
1.135467e+01  1.071805e+01  9.826025e+00  8.768451e+00  7.870864e+00  7.104489e+00  
6.440926e+00  5.855189e+00  5.326655e+00  4.845758e+00  4.406034e+00  4.000768e+00  
3.622621e+00  3.266612e+00  2.931895e+00  2.618108e+00  2.323392e+00  2.042016e+00  
1.768660e+00  1.635580e+00  1.508400e+00  1.413700e+00  1.328290e+00  1.308130e+00  
1.292220e+00  1.290350e+00  1.288760e+00  1.288560e+00  1.288390e+00  1.288160e+00  
1.285186e+01  1.285183e+01  1.285182e+01  1.285179e+01  1.285174e+01  1.285167e+01  
1.285157e+01  1.285140e+01  1.285113e+01  1.285072e+01  1.285011e+01  1.284917e+01  
1.284778e+01  1.284574e+01  1.284278e+01  1.283833e+01  1.283102e+01  1.281809e+01  
1.279512e+01  1.275549e+01  1.268854e+01  1.257654e+01  1.239344e+01  1.210402e+01  
1.166065e+01  1.101190e+01  1.010440e+01  9.030207e+00  8.124063e+00  7.346271e+00  
6.670469e+00  6.072021e+00  5.531042e+00  5.037819e+00  4.585227e+00  4.165759e+00  
3.770777e+00  3.394831e+00  3.037878e+00  2.700684e+00  2.380732e+00  2.067618e+00  
1.754700e+00  1.598130e+00  1.443530e+00  1.323550e+00  1.212300e+00  1.185300e+00  
1.163620e+00  1.161070e+00  1.158990e+00  1.158700e+00  1.158480e+00  1.158310e+00  
1.305347e+01  1.305343e+01  1.305342e+01  1.305339e+01  1.305335e+01  1.305328e+01  
1.305318e+01  1.305302e+01  1.305277e+01  1.305240e+01  1.305185e+01  1.305104e+01  
1.304994e+01  1.304844e+01  1.304643e+01  1.304332e+01  1.303748e+01  1.302599e+01  
1.300438e+01  1.296598e+01  1.289911e+01  1.278535e+01  1.260044e+01  1.231080e+01  
1.187119e+01  1.123133e+01  1.033263e+01  9.268895e+00  8.370643e+00  7.592581e+00  
6.912316e+00  6.307740e+00  5.760882e+00  5.261957e+00  4.803257e+00  4.376433e+00  
3.971709e+00  3.582925e+00  3.210319e+00  2.855107e+00  2.514062e+00  2.173603e+00  
1.822557e+00  1.642150e+00  1.456470e+00  1.306200e+00  1.166330e+00  1.132580e+00  
1.105460e+00  1.102150e+00  1.099310e+00  1.098960e+00  1.098720e+00  1.099300e+00  
1.328680e+01  1.328677e+01  1.328675e+01  1.328672e+01  1.328669e+01  1.328663e+01  
1.328653e+01  1.328639e+01  1.328618e+01  1.328590e+01  1.328552e+01  1.328509e+01  
1.328472e+01  1.328459e+01  1.328464e+01  1.328403e+01  1.328079e+01  1.327184e+01  
1.325287e+01  1.321590e+01  1.314751e+01  1.303103e+01  1.284495e+01  1.255926e+01  
1.213220e+01  1.151463e+01  1.065299e+01  9.635795e+00  8.767705e+00  8.007256e+00  
7.334840e+00  6.730814e+00  6.178956e+00  5.671115e+00  5.201353e+00  4.763122e+00  
4.348751e+00  3.951902e+00  3.568555e+00  3.193119e+00  2.817432e+00  2.428138e+00  
2.009724e+00  1.784489e+00  1.543210e+00  1.335320e+00  1.126920e+00  1.080130e+00  
1.048170e+00  1.044080e+00  1.038240e+00  1.037280e+00  1.038120e+00  1.039830e+00  
1.331474e+01  1.331472e+01  1.331470e+01  1.331467e+01  1.331464e+01  1.331459e+01  
1.331451e+01  1.331441e+01  1.331427e+01  1.331412e+01  1.331402e+01  1.331414e+01  
1.331480e+01  1.331637e+01  1.331872e+01  1.332072e+01  1.332033e+01  1.331477e+01  
1.329933e+01  1.326471e+01  1.319825e+01  1.308650e+01  1.291139e+01  1.264771e+01  
1.225730e+01  1.168566e+01  1.089636e+01  9.940620e+00  9.097312e+00  8.340166e+00  
7.659220e+00  7.044617e+00  6.488345e+00  5.982342e+00  5.518299e+00  5.086767e+00  
4.676067e+00  4.277127e+00  3.885831e+00  3.496438e+00  3.098976e+00  2.674169e+00  
2.199102e+00  1.935051e+00  1.647230e+00  1.393810e+00  1.118060e+00  1.049240e+00  
1.016220e+00  1.013380e+00  1.004210e+00  1.002200e+00  1.005030e+00  1.006340e+00  
1.337859e+01  1.337856e+01  1.337855e+01  1.337853e+01  1.337850e+01  1.337845e+01  
1.337839e+01  1.337830e+01  1.337822e+01  1.337821e+01  1.337840e+01  1.337910e+01  
1.338081e+01  1.338394e+01  1.338813e+01  1.339204e+01  1.339357e+01  1.338999e+01  
1.337537e+01  1.333915e+01  1.327044e+01  1.315703e+01  1.298330e+01  1.272560e+01  
1.234589e+01  1.179206e+01  1.103528e+01  1.011945e+01  9.304457e+00  8.568523e+00  
7.903118e+00  7.299459e+00  6.750401e+00  6.248724e+00  5.786825e+00  5.355897e+00  
4.944901e+00  4.544795e+00  4.150731e+00  3.755550e+00  3.346452e+00  2.898385e+00  
2.380089e+00  2.083074e+00  1.750701e+00  1.453590e+00  1.120060e+00  1.033780e+00  
9.952600e-01  9.924600e-01  9.811600e-01  9.786100e-01  9.826200e-01  9.829500e-01  
1.341500e+01  1.341498e+01  1.341496e+01  1.341494e+01  1.341491e+01  1.341487e+01  
1.341483e+01  1.341478e+01  1.341477e+01  1.341491e+01  1.341543e+01  1.341677e+01  
1.341960e+01  1.342424e+01  1.343006e+01  1.343559e+01  1.343883e+01  1.343664e+01  
1.342163e+01  1.338311e+01  1.331172e+01  1.319637e+01  1.302332e+01  1.276992e+01  
1.239376e+01  1.186287e+01  1.113483e+01  1.025138e+01  9.461082e+00  8.744367e+00  
8.093901e+00  7.501641e+00  6.961122e+00  6.465723e+00  6.008351e+00  5.580691e+00  
5.172141e+00  4.773681e+00  4.379862e+00  3.982344e+00  3.566020e+00  3.100818e+00  
2.547847e+00  2.223202e+00  1.852481e+00  1.515420e+00  1.128860e+00  1.026060e+00  
9.802100e-01  9.770800e-01  9.642600e-01  9.613300e-01  9.661200e-01  9.652700e-01  
1.343113e+01  1.343110e+01  1.343109e+01  1.343107e+01  1.343105e+01  1.343103e+01  
1.343101e+01  1.343104e+01  1.343121e+01  1.343173e+01  1.343303e+01  1.343585e+01  
1.344096e+01  1.344831e+01  1.345694e+01  1.346527e+01  1.347137e+01  1.347028e+01  
1.345239e+01  1.340899e+01  1.333219e+01  1.321385e+01  1.304192e+01  1.279472e+01  
1.242811e+01  1.193989e+01  1.126324e+01  1.043335e+01  9.685913e+00  9.003216e+00  
8.379824e+00  7.808948e+00  7.285271e+00  6.803193e+00  6.356633e+00  5.938293e+00  
5.538610e+00  5.148826e+00  4.762341e+00  4.368394e+00  3.946848e+00  3.456726e+00  
2.844302e+00  2.471456e+00  2.035618e+00  1.633178e+00  1.170190e+00  1.037900e+00  
9.501600e-01  9.463400e-01  9.468600e-01  9.447500e-01  9.360000e-01  9.401800e-01  
1.343363e+01  1.343360e+01  1.343359e+01  1.343357e+01  1.343356e+01  1.343356e+01  
1.343358e+01  1.343371e+01  1.343409e+01  1.343507e+01  1.343731e+01  1.344174e+01  
1.344901e+01  1.345870e+01  1.346966e+01  1.348041e+01  1.348837e+01  1.348632e+01  
1.346439e+01  1.341579e+01  1.333391e+01  1.321266e+01  1.304090e+01  1.278925e+01  
1.244148e+01  1.198221e+01  1.134218e+01  1.055055e+01  9.835107e+00  9.179299e+00  
8.578685e+00  8.027204e+00  7.520224e+00  7.052680e+00  6.619074e+00  6.212556e+00  
5.824054e+00  5.444860e+00  5.067722e+00  4.680582e+00  4.260178e+00  3.758354e+00  
3.109072e+00  2.701787e+00  2.213931e+00  1.751855e+00  1.209340e+00  1.050040e+00  
9.383700e-01  9.318000e-01  9.314500e-01  9.292000e-01  9.190600e-01  9.232000e-01  
1.347679e+01  1.347677e+01  1.347676e+01  1.347676e+01  1.347676e+01  1.347681e+01  
1.347698e+01  1.347743e+01  1.347852e+01  1.348099e+01  1.348596e+01  1.349441e+01  
1.350626e+01  1.352065e+01  1.353631e+01  1.355142e+01  1.355952e+01  1.355042e+01  
1.351776e+01  1.345644e+01  1.336396e+01  1.323538e+01  1.305559e+01  1.279738e+01  
1.248164e+01  1.205525e+01  1.145580e+01  1.071220e+01  1.004019e+01  9.425779e+00  
8.864853e+00  8.351917e+00  7.882490e+00  7.451600e+00  7.053486e+00  6.680659e+00  
6.322557e+00  5.969439e+00  5.614425e+00  5.245922e+00  4.841211e+00  4.351449e+00  
3.687321e+00  3.234137e+00  2.638109e+00  2.032465e+00  1.298770e+00  1.085950e+00  
9.381400e-01  9.205500e-01  9.021800e-01  9.004000e-01  9.003600e-01  8.981400e-01  
1.343383e+01  1.343380e+01  1.343381e+01  1.343382e+01  1.343386e+01  1.343399e+01  
1.343435e+01  1.343525e+01  1.343729e+01  1.344161e+01  1.344952e+01  1.346156e+01  
1.347720e+01  1.349530e+01  1.351487e+01  1.353166e+01  1.353580e+01  1.351919e+01  
1.347688e+01  1.340693e+01  1.330815e+01  1.317651e+01  1.297784e+01  1.274583e+01  
1.245451e+01  1.205604e+01  1.149156e+01  1.079029e+01  1.015486e+01  9.573562e+00  
9.042918e+00  8.558144e+00  8.115328e+00  7.710040e+00  7.337017e+00  6.989220e+00  
6.656409e+00  6.328841e+00  5.999295e+00  5.655087e+00  5.270576e+00  4.789217e+00  
4.108471e+00  3.630795e+00  2.989288e+00  2.309956e+00  1.417730e+00  1.144260e+00  
9.353900e-01  9.102000e-01  8.898300e-01  8.878000e-01  8.871600e-01  8.844900e-01  
1.332977e+01  1.332977e+01  1.332978e+01  1.332982e+01  1.332997e+01  1.333035e+01  
1.333126e+01  1.333337e+01  1.333786e+01  1.334631e+01  1.335962e+01  1.337750e+01  
1.339896e+01  1.342326e+01  1.344695e+01  1.346017e+01  1.345374e+01  1.342281e+01  
1.336598e+01  1.328456e+01  1.317899e+01  1.301957e+01  1.283944e+01  1.263849e+01  
1.237947e+01  1.201941e+01  1.150392e+01  1.086140e+01  1.027682e+01  9.741389e+00  
9.252480e+00  8.806400e+00  8.400139e+00  8.030265e+00  7.692588e+00  7.381188e+00  
7.087185e+00  6.801665e+00  6.517206e+00  6.219785e+00  5.879295e+00  5.426069e+00  
4.736837e+00  4.232331e+00  3.536789e+00  2.765832e+00  1.658011e+00  1.289020e+00  
9.486000e-01  9.030200e-01  8.750700e-01  8.727400e-01  8.664500e-01  8.699000e-01  
1.330381e+01  1.330382e+01  1.330385e+01  1.330396e+01  1.330425e+01  1.330496e+01  
1.330664e+01  1.331031e+01  1.331764e+01  1.333011e+01  1.334790e+01  1.337030e+01  
1.339652e+01  1.342495e+01  1.344785e+01  1.345374e+01  1.343677e+01  1.339369e+01  
1.332656e+01  1.323752e+01  1.311879e+01  1.294943e+01  1.278795e+01  1.260156e+01  
1.235652e+01  1.201192e+01  1.151610e+01  1.089821e+01  1.033695e+01  9.824762e+00  
9.359212e+00  8.936991e+00  8.555328e+00  8.211012e+00  7.900075e+00  7.616707e+00  
7.351825e+00  7.096539e+00  6.844205e+00  6.581800e+00  6.280185e+00  5.869600e+00  
5.217887e+00  4.718772e+00  3.999541e+00  3.159554e+00  1.865871e+00  1.413560e+00  
9.750000e-01  9.104700e-01  8.653500e-01  8.623600e-01  8.601800e-01  8.621900e-01  
1.329785e+01  1.329788e+01  1.329795e+01  1.329814e+01  1.329861e+01  1.329975e+01  
1.330235e+01  1.330786e+01  1.331812e+01  1.333417e+01  1.335573e+01  1.338191e+01  
1.341216e+01  1.344239e+01  1.346137e+01  1.345982e+01  1.343293e+01  1.338061e+01  
1.330586e+01  1.321208e+01  1.306466e+01  1.291423e+01  1.276444e+01  1.258762e+01  
1.235155e+01  1.201646e+01  1.153230e+01  1.092870e+01  1.038060e+01  9.881535e+00  
9.429160e+00  9.020564e+00  8.653285e+00  8.324555e+00  8.030775e+00  7.766754e+00  
7.524031e+00  7.294354e+00  7.071463e+00  6.842320e+00  6.576390e+00  6.198218e+00  
5.573973e+00  5.093696e+00  4.401781e+00  3.549335e+00  2.073080e+00  1.521860e+00  
9.871900e-01  9.133100e-01  8.675100e-01  8.639500e-01  8.598700e-01  8.574300e-01  
1.325691e+01  1.325696e+01  1.325707e+01  1.325736e+01  1.325806e+01  1.325972e+01  
1.326340e+01  1.327089e+01  1.328398e+01  1.330319e+01  1.332799e+01  1.335759e+01  
1.339092e+01  1.342088e+01  1.343488e+01  1.342613e+01  1.339081e+01  1.333142e+01  
1.325155e+01  1.315231e+01  1.299290e+01  1.285604e+01  1.271696e+01  1.255070e+01  
1.232642e+01  1.200549e+01  1.153844e+01  1.095288e+01  1.041840e+01  9.929895e+00  
9.486213e+00  9.085880e+00  8.727965e+00  8.410309e+00  8.129923e+00  7.882427e+00  
7.660390e+00  7.455341e+00  7.257738e+00  7.047337e+00  6.792149e+00  6.437212e+00  
5.865288e+00  5.413170e+00  4.728949e+00  3.846896e+00  2.258557e+00  1.641737e+00  
1.014320e+00  9.234800e-01  8.655200e-01  8.621800e-01  8.543600e-01  8.542000e-01  
1.324501e+01  1.324513e+01  1.324534e+01  1.324588e+01  1.324715e+01  1.325007e+01  
1.325625e+01  1.326781e+01  1.328596e+01  1.331057e+01  1.334077e+01  1.337621e+01  
1.341258e+01  1.343766e+01  1.344149e+01  1.341897e+01  1.337052e+01  1.330024e+01  
1.321374e+01  1.307310e+01  1.293652e+01  1.281555e+01  1.268852e+01  1.253244e+01  
1.231779e+01  1.200726e+01  1.155307e+01  1.098304e+01  1.046266e+01  9.987912e+00  
9.557814e+00  9.171384e+00  8.828054e+00  8.526233e+00  8.263571e+00  8.036481e+00  
7.838662e+00  7.662893e+00  7.500942e+00  7.334016e+00  7.130430e+00  6.831547e+00  
6.315387e+00  5.890387e+00  5.229812e+00  4.346898e+00  2.616022e+00  1.863698e+00  
1.063580e+00  9.468500e-01  8.660600e-01  8.586100e-01  8.523800e-01  8.501200e-01  
1.325053e+01  1.325074e+01  1.325109e+01  1.325194e+01  1.325394e+01  1.325837e+01  
1.326731e+01  1.328275e+01  1.330524e+01  1.333425e+01  1.336917e+01  1.340872e+01  
1.344442e+01  1.346261e+01  1.345649e+01  1.342248e+01  1.336425e+01  1.328679e+01  
1.319013e+01  1.303298e+01  1.291160e+01  1.280049e+01  1.268068e+01  1.252999e+01  
1.231959e+01  1.201314e+01  1.156447e+01  1.100267e+01  1.049154e+01  1.002687e+01  
9.607298e+00  9.231290e+00  8.897701e+00  8.605332e+00  8.352664e+00  8.137297e+00  
7.954713e+00  7.799170e+00  7.662707e+00  7.525802e+00  7.357670e+00  7.105426e+00  
6.647052e+00  6.251592e+00  5.621372e+00  4.748896e+00  2.921238e+00  2.063638e+00  
1.118550e+00  9.776000e-01  8.673200e-01  8.569800e-01  8.474000e-01  8.476200e-01  
1.325837e+01  1.325891e+01  1.325973e+01  1.326167e+01  1.326602e+01  1.327495e+01  
1.329079e+01  1.331442e+01  1.334550e+01  1.338334e+01  1.342725e+01  1.346946e+01  
1.349519e+01  1.349632e+01  1.346832e+01  1.341464e+01  1.334078e+01  1.325307e+01  
1.309505e+01  1.297523e+01  1.287607e+01  1.278153e+01  1.267497e+01  1.253567e+01  
1.233622e+01  1.204083e+01  1.160245e+01  1.104828e+01  1.054214e+01  1.008498e+01  
9.675717e+00  9.312719e+00  8.994382e+00  8.719045e+00  8.484550e+00  8.288507e+00  
8.127947e+00  7.999120e+00  7.896728e+00  7.805598e+00  7.700707e+00  7.536418e+00  
7.196822e+00  6.868912e+00  6.300165e+00  5.464178e+00  3.555091e+00  2.528114e+00  
1.248490e+00  1.045270e+00  8.755500e-01  8.591900e-01  8.450100e-01  8.442500e-01  
1.329184e+01  1.329285e+01  1.329433e+01  1.329772e+01  1.330499e+01  1.331873e+01  
1.334062e+01  1.337075e+01  1.340835e+01  1.345339e+01  1.350140e+01  1.353838e+01  
1.355242e+01  1.353743e+01  1.349388e+01  1.342721e+01  1.334590e+01  1.320628e+01  
1.307142e+01  1.296881e+01  1.288105e+01  1.279399e+01  1.269155e+01  1.255338e+01  
1.235240e+01  1.205404e+01  1.161459e+01  1.106562e+01  1.056784e+01  1.011851e+01  
9.716124e+00  9.359526e+00  9.047538e+00  8.779211e+00  8.553276e+00  8.367454e+00  
8.217096e+00  8.098742e+00  8.012673e+00  7.955049e+00  7.907620e+00  7.806769e+00  
7.529326e+00  7.248611e+00  6.754182e+00  5.977779e+00  4.027893e+00  2.925046e+00  
1.378370e+00  1.114700e+00  8.864600e-01  8.619800e-01  8.441800e-01  8.425700e-01  
1.329691e+01  1.329929e+01  1.330257e+01  1.330969e+01  1.332345e+01  1.334592e+01  
1.337745e+01  1.341735e+01  1.346565e+01  1.351885e+01  1.356310e+01  1.358449e+01  
1.357617e+01  1.353728e+01  1.347358e+01  1.339392e+01  1.326227e+01  1.311774e+01  
1.301339e+01  1.293086e+01  1.285770e+01  1.278121e+01  1.268644e+01  1.255411e+01  
1.235807e+01  1.206433e+01  1.162980e+01  1.108706e+01  1.059513e+01  1.015177e+01  
9.755627e+00  9.405696e+00  9.101047e+00  8.840998e+00  8.624652e+00  8.450299e+00  
8.313810e+00  8.212788e+00  8.149311e+00  8.122601e+00  8.119811e+00  8.087359e+00  
7.918485e+00  7.714723e+00  7.318391e+00  6.645430e+00  4.764723e+00  3.549130e+00  
1.617164e+00  1.255240e+00  9.124200e-01  8.703900e-01  8.437100e-01  8.408700e-01  
1.329716e+01  1.330145e+01  1.330705e+01  1.331849e+01  1.333851e+01  1.336813e+01  
1.340700e+01  1.345478e+01  1.351046e+01  1.356391e+01  1.359800e+01  1.360402e+01  
1.357728e+01  1.352263e+01  1.344737e+01  1.335773e+01  1.318389e+01  1.306573e+01  
1.297767e+01  1.290682e+01  1.284202e+01  1.277136e+01  1.268063e+01  1.255121e+01  
1.235744e+01  1.206593e+01  1.163418e+01  1.109492e+01  1.060645e+01  1.016655e+01  
9.774025e+00  9.427932e+00  9.127501e+00  8.872180e+00  8.661213e+00  8.493168e+00  
8.364148e+00  8.272314e+00  8.220776e+00  8.210628e+00  8.232490e+00  8.239696e+00  
8.138512e+00  7.986659e+00  7.663031e+00  7.077060e+00  5.299630e+00  4.037452e+00  
1.836115e+00  1.388600e+00  9.403500e-01  8.809700e-01  8.446600e-01  8.400100e-01  
1.327391e+01  1.328059e+01  1.328889e+01  1.330477e+01  1.333034e+01  1.336590e+01  
1.341078e+01  1.346522e+01  1.352463e+01  1.357314e+01  1.359675e+01  1.358826e+01  
1.354786e+01  1.348192e+01  1.340106e+01  1.325554e+01  1.311085e+01  1.300851e+01  
1.293156e+01  1.286895e+01  1.281029e+01  1.274441e+01  1.265785e+01  1.253271e+01  
1.234412e+01  1.205919e+01  1.163555e+01  1.110393e+01  1.061999e+01  1.018242e+01  
9.790564e+00  9.444280e+00  9.143808e+00  8.889146e+00  8.680237e+00  8.516751e+00  
8.396439e+00  8.317734e+00  8.279875e+00  8.274945e+00  8.290919e+00  8.308477e+00  
8.270643e+00  8.173373e+00  7.910268e+00  7.382080e+00  5.701422e+00  4.440754e+00  
2.041476e+00  1.512020e+00  9.671400e-01  8.951400e-01  8.457700e-01  8.394900e-01  
1.327131e+01  1.328080e+01  1.329203e+01  1.331217e+01  1.334260e+01  1.338317e+01  
1.343344e+01  1.349302e+01  1.355281e+01  1.359448e+01  1.360781e+01  1.358681e+01  
1.353577e+01  1.346200e+01  1.337691e+01  1.319937e+01  1.307265e+01  1.298142e+01  
1.291249e+01  1.285570e+01  1.280122e+01  1.273837e+01  1.265421e+01  1.253122e+01  
1.234481e+01  1.206202e+01  1.163965e+01  1.110788e+01  1.062339e+01  1.018610e+01  
9.795632e+00  9.451617e+00  9.154053e+00  8.902660e+00  8.697000e+00  8.536432e+00  
8.418849e+00  8.343003e+00  8.309132e+00  8.311171e+00  8.339213e+00  8.375073e+00  
8.367815e+00  8.298103e+00  8.082704e+00  7.615473e+00  6.022170e+00  4.774533e+00  
2.231734e+00  1.633074e+00  9.977600e-01  9.058800e-01  8.479500e-01  8.391500e-01  
1.327073e+01  1.328695e+01  1.330416e+01  1.333187e+01  1.337047e+01  1.341933e+01  
1.347883e+01  1.354400e+01  1.359779e+01  1.362546e+01  1.361918e+01  1.357969e+01  
1.351264e+01  1.343094e+01  1.327855e+01  1.312829e+01  1.302367e+01  1.294762e+01  
1.288967e+01  1.284061e+01  1.279141e+01  1.273218e+01  1.265051e+01  1.252937e+01  
1.234452e+01  1.206325e+01  1.164258e+01  1.111272e+01  1.062982e+01  1.019425e+01  
9.805572e+00  9.463584e+00  9.168388e+00  8.919703e+00  8.717040e+00  8.559761e+00  
8.446155e+00  8.375405e+00  8.348371e+00  8.359909e+00  8.402018e+00  8.460726e+00  
8.495233e+00  8.463281e+00  8.314943e+00  7.940199e+00  6.506581e+00  5.306179e+00  
2.588139e+00  1.854975e+00  1.055230e+00  9.326500e-01  8.523800e-01  8.387100e-01  
1.327176e+01  1.329578e+01  1.331655e+01  1.335254e+01  1.339797e+01  1.345412e+01  
1.352017e+01  1.358274e+01  1.363048e+01  1.364650e+01  1.362146e+01  1.356775e+01  
1.349128e+01  1.340262e+01  1.321097e+01  1.308340e+01  1.299293e+01  1.292708e+01  
1.287640e+01  1.283234e+01  1.278650e+01  1.272948e+01  1.264926e+01  1.252910e+01  
1.234497e+01  1.206433e+01  1.164446e+01  1.111589e+01  1.063421e+01  1.019980e+01  
9.812240e+00  9.471401e+00  9.177434e+00  8.930187e+00  8.729262e+00  8.574032e+00  
8.462993e+00  8.395441e+00  8.372615e+00  8.389959e+00  8.440726e+00  8.513922e+00  
8.574810e+00  8.566892e+00  8.464256e+00  8.157888e+00  6.859434e+00  5.714741e+00  
2.901905e+00  2.057616e+00  1.111680e+00  9.605700e-01  8.572300e-01  8.384500e-01  
