5.336600e+00  5.336602e+00  5.336603e+00  5.336605e+00  5.336607e+00  5.336612e+00  
5.336619e+00  5.336629e+00  5.336646e+00  5.336674e+00  5.336717e+00  5.336785e+00  
5.336893e+00  5.337064e+00  5.337335e+00  5.337766e+00  5.338448e+00  5.339528e+00  
5.341241e+00  5.343954e+00  5.348253e+00  5.355052e+00  5.365769e+00  5.382512e+00  
5.408060e+00  5.444688e+00  5.492252e+00  5.539557e+00  5.568993e+00  5.583676e+00  
5.585062e+00  5.575354e+00  5.557474e+00  5.532467e+00  5.501252e+00  5.465250e+00  
5.425180e+00  5.382220e+00  5.337860e+00  5.295540e+00  5.258860e+00  5.229120e+00  
5.206170e+00  5.195970e+00  5.185070e+00  5.175210e+00  5.163760e+00  5.160670e+00  
5.158210e+00  5.157880e+00  5.157650e+00  5.157620e+00  5.157590e+00  5.157600e+00  
6.015431e+00  6.015433e+00  6.015434e+00  6.015436e+00  6.015439e+00  6.015444e+00  
6.015452e+00  6.015464e+00  6.015483e+00  6.015513e+00  6.015562e+00  6.015638e+00  
6.015759e+00  6.015950e+00  6.016255e+00  6.016736e+00  6.017501e+00  6.018711e+00  
6.020630e+00  6.023670e+00  6.028485e+00  6.036093e+00  6.048056e+00  6.066612e+00  
6.094373e+00  6.131912e+00  6.174138e+00  6.204344e+00  6.208282e+00  6.193055e+00  
6.161750e+00  6.118026e+00  6.066470e+00  6.007618e+00  5.940812e+00  5.867820e+00  
5.793030e+00  5.720300e+00  5.650020e+00  5.582020e+00  5.517020e+00  5.458330e+00  
5.404130e+00  5.374920e+00  5.346420e+00  5.326410e+00  5.311390e+00  5.307680e+00  
5.304700e+00  5.304330e+00  5.304020e+00  5.303970e+00  5.303970e+00  5.303910e+00  
6.498297e+00  6.498299e+00  6.498300e+00  6.498302e+00  6.498305e+00  6.498310e+00  
6.498318e+00  6.498331e+00  6.498350e+00  6.498381e+00  6.498431e+00  6.498509e+00  
6.498634e+00  6.498829e+00  6.499141e+00  6.499635e+00  6.500418e+00  6.501659e+00  
6.503625e+00  6.506741e+00  6.511675e+00  6.519466e+00  6.531685e+00  6.550498e+00  
6.578054e+00  6.612856e+00  6.644548e+00  6.652020e+00  6.626967e+00  6.580661e+00  
6.517466e+00  6.441792e+00  6.358966e+00  6.270015e+00  6.174663e+00  6.075230e+00  
5.976010e+00  5.880750e+00  5.789700e+00  5.702240e+00  5.618490e+00  5.541330e+00  
5.470010e+00  5.434030e+00  5.399630e+00  5.375350e+00  5.355350e+00  5.350510e+00  
5.346660e+00  5.346180e+00  5.345790e+00  5.345730e+00  5.345710e+00  5.345650e+00  
7.176645e+00  7.176647e+00  7.176648e+00  7.176650e+00  7.176653e+00  7.176657e+00  
7.176665e+00  7.176677e+00  7.176695e+00  7.176724e+00  7.176769e+00  7.176843e+00  
7.176959e+00  7.177142e+00  7.177433e+00  7.177895e+00  7.178628e+00  7.179789e+00  
7.181629e+00  7.184547e+00  7.189165e+00  7.196449e+00  7.207810e+00  7.225023e+00  
7.249013e+00  7.274098e+00  7.280173e+00  7.239912e+00  7.158433e+00  7.054357e+00  
6.934220e+00  6.803707e+00  6.669340e+00  6.532836e+00  6.394446e+00  6.256710e+00  
6.122450e+00  5.994010e+00  5.871880e+00  5.755810e+00  5.645960e+00  5.543800e+00  
5.452130e+00  5.411330e+00  5.373380e+00  5.345620e+00  5.318250e+00  5.311720e+00  
5.306550e+00  5.305860e+00  5.305360e+00  5.305300e+00  5.305250e+00  5.305230e+00  
7.655401e+00  7.655403e+00  7.655404e+00  7.655405e+00  7.655408e+00  7.655412e+00  
7.655418e+00  7.655428e+00  7.655444e+00  7.655469e+00  7.655508e+00  7.655570e+00  
7.655669e+00  7.655826e+00  7.656075e+00  7.656469e+00  7.657094e+00  7.658087e+00  
7.659662e+00  7.662160e+00  7.666117e+00  7.672347e+00  7.682003e+00  7.696330e+00  
7.714934e+00  7.728268e+00  7.707775e+00  7.622045e+00  7.489762e+00  7.335669e+00  
7.168046e+00  6.993434e+00  6.819129e+00  6.646894e+00  6.476785e+00  6.311120e+00  
6.151390e+00  5.998840e+00  5.854030e+00  5.717010e+00  5.588010e+00  5.467810e+00  
5.361930e+00  5.317960e+00  5.277960e+00  5.248430e+00  5.216980e+00  5.209560e+00  
5.203730e+00  5.202930e+00  5.202370e+00  5.202310e+00  5.202240e+00  5.202230e+00  
8.024832e+00  8.024833e+00  8.024834e+00  8.024835e+00  8.024837e+00  8.024839e+00  
8.024844e+00  8.024852e+00  8.024865e+00  8.024884e+00  8.024916e+00  8.024964e+00  
8.025043e+00  8.025167e+00  8.025362e+00  8.025674e+00  8.026168e+00  8.026954e+00  
8.028202e+00  8.030184e+00  8.033326e+00  8.038267e+00  8.045858e+00  8.056766e+00  
8.069298e+00  8.070402e+00  8.024203e+00  7.896582e+00  7.719243e+00  7.522058e+00  
7.314598e+00  7.103947e+00  6.897773e+00  6.697492e+00  6.502667e+00  6.314990e+00  
6.135250e+00  5.963890e+00  5.801450e+00  5.647860e+00  5.503350e+00  5.368520e+00  
5.250620e+00  5.202990e+00  5.160370e+00  5.129210e+00  5.095520e+00  5.087670e+00  
5.081530e+00  5.080690e+00  5.080100e+00  5.080030e+00  5.079960e+00  5.079960e+00  
8.325390e+00  8.325391e+00  8.325392e+00  8.325392e+00  8.325394e+00  8.325396e+00  
8.325399e+00  8.325404e+00  8.325413e+00  8.325427e+00  8.325449e+00  8.325484e+00  
8.325539e+00  8.325626e+00  8.325766e+00  8.325987e+00  8.326338e+00  8.326898e+00  
8.327790e+00  8.329211e+00  8.331468e+00  8.335012e+00  8.340374e+00  8.347636e+00  
8.353847e+00  8.342783e+00  8.272176e+00  8.106156e+00  7.888701e+00  7.654024e+00  
7.412685e+00  7.171995e+00  6.939687e+00  6.716661e+00  6.501763e+00  6.295930e+00  
6.099730e+00  5.913040e+00  5.736230e+00  5.568970e+00  5.411260e+00  5.263910e+00  
5.135060e+00  5.083140e+00  5.037170e+00  5.004240e+00  4.969330e+00  4.961330e+00  
4.955120e+00  4.954280e+00  4.953680e+00  4.953600e+00  4.953530e+00  4.953540e+00  
8.797272e+00  8.797272e+00  8.797272e+00  8.797272e+00  8.797273e+00  8.797273e+00  
8.797274e+00  8.797275e+00  8.797276e+00  8.797277e+00  8.797281e+00  8.797286e+00  
8.797294e+00  8.797306e+00  8.797328e+00  8.797362e+00  8.797420e+00  8.797515e+00  
8.797674e+00  8.797941e+00  8.798385e+00  8.799070e+00  8.799889e+00  8.799775e+00  
8.793417e+00  8.758994e+00  8.643476e+00  8.409459e+00  8.123455e+00  7.826556e+00  
7.530460e+00  7.242370e+00  6.969528e+00  6.711532e+00  6.465401e+00  6.230670e+00  
6.008350e+00  5.797670e+00  5.598480e+00  5.409420e+00  5.229850e+00  5.061470e+00  
4.912660e+00  4.850890e+00  4.796750e+00  4.759820e+00  4.724210e+00  4.716330e+00  
4.710280e+00  4.709470e+00  4.708900e+00  4.708830e+00  4.708770e+00  4.708750e+00  
9.160223e+00  9.160222e+00  9.160222e+00  9.160221e+00  9.160220e+00  9.160219e+00  
9.160217e+00  9.160213e+00  9.160207e+00  9.160197e+00  9.160182e+00  9.160158e+00  
9.160119e+00  9.160059e+00  9.159964e+00  9.159815e+00  9.159583e+00  9.159222e+00  
9.158663e+00  9.157800e+00  9.156473e+00  9.154372e+00  9.150778e+00  9.143525e+00  
9.125106e+00  9.068781e+00  8.913119e+00  8.620654e+00  8.277986e+00  7.931335e+00  
7.592682e+00  7.268647e+00  6.965624e+00  6.681470e+00  6.411857e+00  6.154870e+00  
5.912480e+00  5.683560e+00  5.467350e+00  5.261340e+00  5.064160e+00  4.878590e+00  
4.712020e+00  4.640020e+00  4.576970e+00  4.535600e+00  4.499770e+00  4.492100e+00  
4.486310e+00  4.485560e+00  4.485020e+00  4.484960e+00  4.484910e+00  4.484870e+00  
1.008254e+01  1.008253e+01  1.008253e+01  1.008252e+01  1.008250e+01  1.008249e+01  
1.008245e+01  1.008240e+01  1.008232e+01  1.008219e+01  1.008199e+01  1.008166e+01  
1.008114e+01  1.008032e+01  1.007903e+01  1.007699e+01  1.007374e+01  1.006863e+01  
1.006056e+01  1.004783e+01  1.002778e+01  9.996208e+00  9.946454e+00  9.867815e+00  
9.743009e+00  9.544891e+00  9.232827e+00  8.818767e+00  8.417726e+00  8.030237e+00  
7.655934e+00  7.294683e+00  6.946856e+00  6.611078e+00  6.291185e+00  5.986579e+00  
5.699450e+00  5.427060e+00  5.169970e+00  4.928960e+00  4.704270e+00  4.493410e+00  
4.299020e+00  4.214000e+00  4.143640e+00  4.098010e+00  4.033030e+00  4.012540e+00  
4.017240e+00  4.020460e+00  4.018730e+00  4.017650e+00  4.019570e+00  4.018310e+00  
1.025072e+01  1.025072e+01  1.025071e+01  1.025071e+01  1.025070e+01  1.025068e+01  
1.025067e+01  1.025064e+01  1.025060e+01  1.025054e+01  1.025045e+01  1.025029e+01  
1.025005e+01  1.024965e+01  1.024904e+01  1.024807e+01  1.024654e+01  1.024415e+01  
1.024041e+01  1.023458e+01  1.022550e+01  1.021126e+01  1.018851e+01  1.015032e+01  
1.008030e+01  9.934584e+00  9.625376e+00  9.128439e+00  8.602441e+00  8.104827e+00  
7.644211e+00  7.220760e+00  6.833691e+00  6.475584e+00  6.140615e+00  5.820945e+00  
5.521530e+00  5.240020e+00  4.973270e+00  4.715900e+00  4.464780e+00  4.224420e+00  
3.993920e+00  3.880800e+00  3.779300e+00  3.715100e+00  3.671400e+00  3.662690e+00  
3.656350e+00  3.655650e+00  3.655100e+00  3.654990e+00  3.654970e+00  3.654950e+00  
1.084380e+01  1.084379e+01  1.084379e+01  1.084378e+01  1.084377e+01  1.084376e+01  
1.084372e+01  1.084368e+01  1.084361e+01  1.084351e+01  1.084334e+01  1.084308e+01  
1.084265e+01  1.084199e+01  1.084094e+01  1.083929e+01  1.083670e+01  1.083264e+01  
1.082632e+01  1.081649e+01  1.080123e+01  1.077739e+01  1.073935e+01  1.067619e+01  
1.056441e+01  1.034977e+01  9.933930e+00  9.310136e+00  8.681633e+00  8.106113e+00  
7.587072e+00  7.118253e+00  6.689280e+00  6.295047e+00  5.928628e+00  5.579935e+00  
5.252840e+00  4.945120e+00  4.651730e+00  4.367330e+00  4.088520e+00  3.818130e+00  
3.548890e+00  3.410640e+00  3.283830e+00  3.201080e+00  3.143840e+00  3.132100e+00  
3.123450e+00  3.122500e+00  3.121750e+00  3.121610e+00  3.121580e+00  3.121590e+00  
1.141321e+01  1.141319e+01  1.141319e+01  1.141317e+01  1.141315e+01  1.141311e+01  
1.141306e+01  1.141297e+01  1.141282e+01  1.141259e+01  1.141223e+01  1.141167e+01  
1.141076e+01  1.140935e+01  1.140711e+01  1.140357e+01  1.139800e+01  1.138927e+01  
1.137561e+01  1.135427e+01  1.132096e+01  1.126877e+01  1.118617e+01  1.105354e+01  
1.083864e+01  1.049540e+01  9.966747e+00  9.293205e+00  8.667342e+00  8.085320e+00  
7.544603e+00  7.043287e+00  6.575592e+00  6.142575e+00  5.746535e+00  5.377549e+00  
5.033700e+00  4.711660e+00  4.405550e+00  4.112970e+00  3.828470e+00  3.538710e+00  
3.234210e+00  3.081580e+00  2.940830e+00  2.843760e+00  2.768030e+00  2.759330e+00  
2.745470e+00  2.743100e+00  2.742570e+00  2.742430e+00  2.742640e+00  2.742440e+00  
1.166201e+01  1.166199e+01  1.166198e+01  1.166197e+01  1.166194e+01  1.166190e+01  
1.166184e+01  1.166173e+01  1.166157e+01  1.166132e+01  1.166093e+01  1.166029e+01  
1.165929e+01  1.165772e+01  1.165523e+01  1.165133e+01  1.164518e+01  1.163557e+01  
1.162059e+01  1.159730e+01  1.156104e+01  1.150421e+01  1.141379e+01  1.126719e+01  
1.102772e+01  1.064536e+01  1.006149e+01  9.325299e+00  8.648072e+00  8.025030e+00  
7.451994e+00  6.924757e+00  6.438602e+00  5.992572e+00  5.588514e+00  5.213290e+00  
4.862487e+00  4.534380e+00  4.220660e+00  3.918480e+00  3.622050e+00  3.317980e+00  
2.996820e+00  2.834860e+00  2.684090e+00  2.577550e+00  2.488600e+00  2.475370e+00  
2.458990e+00  2.456420e+00  2.455510e+00  2.455350e+00  2.455430e+00  2.455260e+00  
1.183963e+01  1.183961e+01  1.183960e+01  1.183958e+01  1.183956e+01  1.183951e+01  
1.183945e+01  1.183934e+01  1.183917e+01  1.183890e+01  1.183846e+01  1.183778e+01  
1.183670e+01  1.183500e+01  1.183232e+01  1.182812e+01  1.182154e+01  1.181127e+01  
1.179533e+01  1.177062e+01  1.173226e+01  1.167207e+01  1.157562e+01  1.141756e+01  
1.115752e+01  1.074297e+01  1.011447e+01  9.328290e+00  8.610642e+00  7.956114e+00  
7.359040e+00  6.812345e+00  6.312674e+00  5.858970e+00  5.450137e+00  5.071570e+00  
4.716686e+00  4.384890e+00  4.066680e+00  3.758460e+00  3.454240e+00  3.140770e+00  
2.808710e+00  2.640590e+00  2.482870e+00  2.369150e+00  2.268740e+00  2.251130e+00  
2.232500e+00  2.229790e+00  2.228500e+00  2.228310e+00  2.228290e+00  2.228130e+00  
1.205795e+01  1.205793e+01  1.205792e+01  1.205790e+01  1.205787e+01  1.205782e+01  
1.205775e+01  1.205762e+01  1.205743e+01  1.205713e+01  1.205665e+01  1.205590e+01  
1.205471e+01  1.205283e+01  1.204989e+01  1.204529e+01  1.203812e+01  1.202705e+01  
1.201000e+01  1.198379e+01  1.194322e+01  1.187910e+01  1.177442e+01  1.159897e+01  
1.130717e+01  1.084431e+01  1.014958e+01  9.290028e+00  8.514306e+00  7.815248e+00  
7.185363e+00  6.614674e+00  6.099305e+00  5.641193e+00  5.230346e+00  4.850035e+00  
4.488562e+00  4.145460e+00  3.814090e+00  3.492140e+00  3.176900e+00  2.857360e+00  
2.524100e+00  2.353500e+00  2.185230e+00  2.056410e+00  1.940560e+00  1.913470e+00  
1.891840e+00  1.889280e+00  1.887130e+00  1.886850e+00  1.886640e+00  1.886550e+00  
1.225711e+01  1.225709e+01  1.225707e+01  1.225705e+01  1.225702e+01  1.225697e+01  
1.225688e+01  1.225675e+01  1.225653e+01  1.225619e+01  1.225565e+01  1.225481e+01  
1.225348e+01  1.225139e+01  1.224813e+01  1.224305e+01  1.223518e+01  1.222310e+01  
1.220463e+01  1.217641e+01  1.213268e+01  1.206275e+01  1.194622e+01  1.174779e+01  
1.141788e+01  1.090192e+01  1.014081e+01  9.216461e+00  8.399301e+00  7.674510e+00  
7.028883e+00  6.449409e+00  5.926539e+00  5.463560e+00  5.047285e+00  4.661187e+00  
4.293682e+00  3.944720e+00  3.611290e+00  3.287840e+00  2.971320e+00  2.650070e+00  
2.313650e+00  2.140140e+00  1.966690e+00  1.830280e+00  1.700720e+00  1.669430e+00  
1.644460e+00  1.641470e+00  1.638940e+00  1.638630e+00  1.638360e+00  1.638260e+00  
1.260537e+01  1.260534e+01  1.260533e+01  1.260530e+01  1.260526e+01  1.260520e+01  
1.260509e+01  1.260493e+01  1.260467e+01  1.260426e+01  1.260362e+01  1.260261e+01  
1.260104e+01  1.259857e+01  1.259475e+01  1.258886e+01  1.257992e+01  1.256642e+01  
1.254616e+01  1.251544e+01  1.246705e+01  1.238606e+01  1.224388e+01  1.199637e+01  
1.159075e+01  1.097248e+01  1.008585e+01  9.042666e+00  8.153281e+00  7.385362e+00  
6.712180e+00  6.117841e+00  5.590075e+00  5.120528e+00  4.696311e+00  4.301932e+00  
3.926382e+00  3.568184e+00  3.233160e+00  2.912590e+00  2.601160e+00  2.286380e+00  
1.955780e+00  1.782530e+00  1.603450e+00  1.455700e+00  1.307020e+00  1.269430e+00  
1.239250e+00  1.235600e+00  1.232520e+00  1.232150e+00  1.231810e+00  1.231740e+00  
1.287039e+01  1.287036e+01  1.287034e+01  1.287030e+01  1.287026e+01  1.287019e+01  
1.287008e+01  1.286989e+01  1.286960e+01  1.286915e+01  1.286842e+01  1.286731e+01  
1.286555e+01  1.286285e+01  1.285870e+01  1.285238e+01  1.284296e+01  1.282903e+01  
1.280844e+01  1.277710e+01  1.272588e+01  1.263502e+01  1.246900e+01  1.218029e+01  
1.171649e+01  1.102008e+01  1.004112e+01  8.914078e+00  7.971171e+00  7.172426e+00  
6.483870e+00  5.880313e+00  5.349872e+00  4.877622e+00  4.448406e+00  4.049165e+00  
3.669545e+00  3.307103e+00  2.969537e+00  2.654200e+00  2.350480e+00  2.045730e+00  
1.726200e+00  1.556910e+00  1.377490e+00  1.225180e+00  1.068310e+00  1.027690e+00  
9.949500e-01  9.909900e-01  9.876600e-01  9.872400e-01  9.868800e-01  9.868600e-01  
1.333191e+01  1.333187e+01  1.333185e+01  1.333181e+01  1.333176e+01  1.333168e+01  
1.333154e+01  1.333132e+01  1.333099e+01  1.333046e+01  1.332964e+01  1.332836e+01  
1.332639e+01  1.332340e+01  1.331890e+01  1.331233e+01  1.330291e+01  1.328956e+01  
1.327016e+01  1.323899e+01  1.318139e+01  1.306758e+01  1.285500e+01  1.249875e+01  
1.194321e+01  1.112891e+01  1.002972e+01  8.805987e+00  7.798899e+00  6.951249e+00  
6.236167e+00  5.618205e+00  5.075251e+00  4.591970e+00  4.151042e+00  3.741285e+00  
3.356716e+00  2.994748e+00  2.657271e+00  2.346540e+00  2.049160e+00  1.755260e+00  
1.453410e+00  1.292640e+00  1.119680e+00  9.689300e-01  8.047600e-01  7.614100e-01  
7.265800e-01  7.219900e-01  7.186200e-01  7.182100e-01  7.178500e-01  7.177900e-01  
1.378069e+01  1.378065e+01  1.378063e+01  1.378059e+01  1.378053e+01  1.378044e+01  
1.378028e+01  1.378005e+01  1.377968e+01  1.377911e+01  1.377822e+01  1.377685e+01  
1.377477e+01  1.377167e+01  1.376718e+01  1.376091e+01  1.375241e+01  1.374093e+01  
1.372393e+01  1.369280e+01  1.362607e+01  1.348668e+01  1.323348e+01  1.282494e+01  
1.219671e+01  1.129440e+01  1.011191e+01  8.816171e+00  7.765591e+00  6.880636e+00  
6.141041e+00  5.510129e+00  4.955813e+00  4.460883e+00  4.010521e+00  3.593990e+00  
3.204987e+00  2.839773e+00  2.497954e+00  2.181358e+00  1.886920e+00  1.598550e+00  
1.305960e+00  1.151330e+00  9.835900e-01  8.348900e-01  6.676400e-01  6.227300e-01  
5.867600e-01  5.820500e-01  5.785600e-01  5.781200e-01  5.777900e-01  5.776500e-01  
1.420109e+01  1.420104e+01  1.420102e+01  1.420098e+01  1.420091e+01  1.420081e+01  
1.420065e+01  1.420040e+01  1.420001e+01  1.419941e+01  1.419849e+01  1.419707e+01  
1.419499e+01  1.419195e+01  1.418776e+01  1.418229e+01  1.417545e+01  1.416677e+01  
1.415273e+01  1.412087e+01  1.404288e+01  1.387891e+01  1.359382e+01  1.314441e+01  
1.245925e+01  1.149243e+01  1.024937e+01  8.892383e+00  7.806289e+00  6.894345e+00  
6.133632e+00  5.488113e+00  4.922019e+00  4.415415e+00  3.954569e+00  3.529654e+00  
3.134314e+00  2.764284e+00  2.417716e+00  2.094435e+00  1.796570e+00  1.510450e+00  
1.222250e+00  1.070340e+00  9.044500e-01  7.558000e-01  5.858300e-01  5.398100e-01  
5.028900e-01  4.980600e-01  4.944700e-01  4.940200e-01  4.936900e-01  4.934900e-01  
1.458645e+01  1.458641e+01  1.458637e+01  1.458633e+01  1.458627e+01  1.458616e+01  
1.458600e+01  1.458574e+01  1.458533e+01  1.458472e+01  1.458378e+01  1.458238e+01  
1.458034e+01  1.457751e+01  1.457385e+01  1.456955e+01  1.456495e+01  1.455963e+01  
1.454851e+01  1.451456e+01  1.442384e+01  1.423790e+01  1.392767e+01  1.344450e+01  
1.271382e+01  1.169801e+01  1.040797e+01  8.997966e+00  7.880246e+00  6.949799e+00  
6.172911e+00  5.513177e+00  4.935013e+00  4.417418e+00  3.946634e+00  3.513251e+00  
3.111113e+00  2.735612e+00  2.383794e+00  2.053827e+00  1.748465e+00  1.462070e+00  
1.174910e+00  1.023530e+00  8.572500e-01  7.071200e-01  5.337900e-01  4.866400e-01  
4.486700e-01  4.437000e-01  4.400200e-01  4.395500e-01  4.392200e-01  4.389800e-01  
1.519929e+01  1.519924e+01  1.519921e+01  1.519918e+01  1.519911e+01  1.519900e+01  
1.519884e+01  1.519859e+01  1.519820e+01  1.519763e+01  1.519679e+01  1.519559e+01  
1.519400e+01  1.519216e+01  1.519056e+01  1.519019e+01  1.519235e+01  1.519622e+01  
1.519236e+01  1.515435e+01  1.504371e+01  1.483416e+01  1.450230e+01  1.398987e+01  
1.322439e+01  1.216431e+01  1.079120e+01  9.249145e+00  8.034630e+00  7.069724e+00  
6.285102e+00  5.622791e+00  5.035705e+00  4.504377e+00  4.018892e+00  3.571407e+00  
3.154599e+00  2.763298e+00  2.395381e+00  2.050014e+00  1.728846e+00  1.433990e+00  
1.142270e+00  9.877800e-01  8.168800e-01  6.607600e-01  4.773700e-01  4.272900e-01  
3.868800e-01  3.818000e-01  3.776200e-01  3.771300e-01  3.766500e-01  3.765400e-01  
1.573189e+01  1.573184e+01  1.573181e+01  1.573176e+01  1.573169e+01  1.573160e+01  
1.573143e+01  1.573118e+01  1.573080e+01  1.573026e+01  1.572950e+01  1.572850e+01  
1.572740e+01  1.572666e+01  1.572733e+01  1.573125e+01  1.574022e+01  1.575167e+01  
1.574981e+01  1.569972e+01  1.556562e+01  1.533338e+01  1.497375e+01  1.442344e+01  
1.361610e+01  1.251145e+01  1.108891e+01  9.490586e+00  8.242573e+00  7.259392e+00  
6.460295e+00  5.782419e+00  5.179613e+00  4.633829e+00  4.135570e+00  3.676611e+00  
3.249179e+00  2.847459e+00  2.468269e+00  2.108881e+00  1.769290e+00  1.454821e+00  
1.153270e+00  9.930900e-01  8.144400e-01  6.495300e-01  4.533500e-01  3.994800e-01  
3.559200e-01  3.504300e-01  3.459300e-01  3.453900e-01  3.448900e-01  3.448400e-01  
1.668716e+01  1.668711e+01  1.668708e+01  1.668704e+01  1.668697e+01  1.668686e+01  
1.668671e+01  1.668648e+01  1.668617e+01  1.668578e+01  1.668538e+01  1.668521e+01  
1.668598e+01  1.668920e+01  1.669766e+01  1.671511e+01  1.674253e+01  1.676843e+01  
1.675877e+01  1.667302e+01  1.650059e+01  1.623172e+01  1.582090e+01  1.521390e+01  
1.435356e+01  1.319381e+01  1.170183e+01  1.003561e+01  8.769436e+00  7.756979e+00  
6.927074e+00  6.216900e+00  5.583786e+00  5.010425e+00  4.487291e+00  4.005449e+00  
3.556047e+00  3.131862e+00  2.727656e+00  2.337479e+00  1.958607e+00  1.595422e+00  
1.251290e+00  1.071000e+00  8.661600e-01  6.735800e-01  4.411200e-01  3.770400e-01  
3.251500e-01  3.185900e-01  3.133500e-01  3.126800e-01  3.121000e-01  3.120700e-01  
1.728538e+01  1.728532e+01  1.728530e+01  1.728525e+01  1.728518e+01  1.728509e+01  
1.728496e+01  1.728478e+01  1.728458e+01  1.728444e+01  1.728457e+01  1.728565e+01  
1.728909e+01  1.729776e+01  1.731634e+01  1.734950e+01  1.739386e+01  1.742433e+01  
1.739551e+01  1.728231e+01  1.708974e+01  1.679362e+01  1.635088e+01  1.572032e+01  
1.484775e+01  1.368794e+01  1.218023e+01  1.051083e+01  9.253642e+00  8.225501e+00  
7.370145e+00  6.632107e+00  5.974336e+00  5.379567e+00  4.837216e+00  4.337229e+00  
3.869328e+00  3.425395e+00  3.000382e+00  2.588453e+00  2.184406e+00  1.784647e+00  
1.385424e+00  1.178900e+00  9.422200e-01  7.195200e-01  4.525600e-01  3.775500e-01  
3.166000e-01  3.089200e-01  3.028700e-01  3.020700e-01  3.016400e-01  3.011800e-01  
1.805388e+01  1.805382e+01  1.805380e+01  1.805376e+01  1.805371e+01  1.805362e+01  
1.805355e+01  1.805351e+01  1.805362e+01  1.805414e+01  1.805585e+01  1.806040e+01  
1.807118e+01  1.809413e+01  1.813672e+01  1.820031e+01  1.826401e+01  1.827866e+01  
1.820914e+01  1.806622e+01  1.783962e+01  1.749665e+01  1.701471e+01  1.636095e+01  
1.548450e+01  1.433929e+01  1.286382e+01  1.126216e+01  1.002627e+01  8.990063e+00  
8.108749e+00  7.337491e+00  6.646377e+00  6.019816e+00  5.447586e+00  4.919877e+00  
4.426419e+00  3.958411e+00  3.509062e+00  3.069519e+00  2.628689e+00  2.170820e+00  
1.675514e+00  1.405162e+00  1.105930e+00  8.250000e-01  4.920100e-01  3.965300e-01  
3.165700e-01  3.055000e-01  2.960800e-01  2.949800e-01  2.948800e-01  2.931300e-01  
1.851540e+01  1.851535e+01  1.851532e+01  1.851528e+01  1.851524e+01  1.851520e+01  
1.851521e+01  1.851536e+01  1.851587e+01  1.851736e+01  1.852128e+01  1.853061e+01  
1.855105e+01  1.859148e+01  1.865932e+01  1.874616e+01  1.880942e+01  1.879537e+01  
1.870198e+01  1.853878e+01  1.827917e+01  1.790473e+01  1.740259e+01  1.674044e+01  
1.586758e+01  1.470547e+01  1.332790e+01  1.182013e+01  1.061534e+01  9.579697e+00  
8.680274e+00  7.886083e+00  7.177001e+00  6.536505e+00  5.950161e+00  5.406056e+00  
4.895079e+00  4.409008e+00  3.940564e+00  3.479933e+00  3.014202e+00  2.523471e+00  
1.964552e+00  1.636082e+00  1.265670e+00  9.264200e-01  5.341400e-01  4.242300e-01  
3.235000e-01  3.074700e-01  2.933600e-01  2.919100e-01  2.919700e-01  2.893000e-01  
1.869800e+01  1.869794e+01  1.869793e+01  1.869790e+01  1.869788e+01  1.869790e+01  
1.869802e+01  1.869843e+01  1.869949e+01  1.870231e+01  1.870908e+01  1.872447e+01  
1.875670e+01  1.881675e+01  1.890861e+01  1.900878e+01  1.905928e+01  1.902291e+01  
1.891839e+01  1.873832e+01  1.845831e+01  1.807520e+01  1.758017e+01  1.694418e+01  
1.610839e+01  1.499083e+01  1.370428e+01  1.227751e+01  1.109220e+01  1.005329e+01  
9.138588e+00  8.324156e+00  7.595689e+00  6.939898e+00  6.344925e+00  5.798612e+00  
5.287394e+00  4.799627e+00  4.326923e+00  3.857581e+00  3.372135e+00  2.834504e+00  
2.199378e+00  1.828760e+00  1.411694e+00  1.040300e+00  5.856300e-01  4.489600e-01  
3.309000e-01  3.116000e-01  2.916600e-01  2.892900e-01  2.905000e-01  2.867500e-01  
1.892996e+01  1.892991e+01  1.892990e+01  1.892988e+01  1.892988e+01  1.892995e+01  
1.893020e+01  1.893089e+01  1.893260e+01  1.893694e+01  1.894710e+01  1.896945e+01  
1.901465e+01  1.909417e+01  1.920556e+01  1.930853e+01  1.933930e+01  1.928628e+01  
1.916862e+01  1.896514e+01  1.866161e+01  1.826192e+01  1.775680e+01  1.711800e+01  
1.625468e+01  1.518982e+01  1.395578e+01  1.258235e+01  1.142761e+01  1.040642e+01  
9.501142e+00  8.689829e+00  7.959946e+00  7.299479e+00  6.697786e+00  6.143739e+00  
5.624924e+00  5.130131e+00  4.650294e+00  4.172306e+00  3.673783e+00  3.112149e+00  
2.431547e+00  2.024595e+00  1.557064e+00  1.138660e+00  6.317400e-01  4.778200e-01  
3.397500e-01  3.158100e-01  2.903900e-01  2.873600e-01  2.889600e-01  2.848400e-01  
1.923826e+01  1.923821e+01  1.923820e+01  1.923820e+01  1.923827e+01  1.923847e+01  
1.923903e+01  1.924038e+01  1.924384e+01  1.925200e+01  1.927046e+01  1.930941e+01  
1.938314e+01  1.949926e+01  1.963398e+01  1.972119e+01  1.971634e+01  1.964241e+01  
1.949375e+01  1.924659e+01  1.890671e+01  1.848001e+01  1.795682e+01  1.730332e+01  
1.640896e+01  1.545132e+01  1.431849e+01  1.302512e+01  1.192428e+01  1.093784e+01  
1.005447e+01  9.255316e+00  8.530534e+00  7.869988e+00  7.264644e+00  6.704876e+00  
6.179742e+00  5.678665e+00  5.191711e+00  4.703843e+00  4.188415e+00  3.592899e+00  
2.844199e+00  2.380633e+00  1.830586e+00  1.323308e+00  7.215600e-01  5.348100e-01  
3.576900e-01  3.248400e-01  2.889400e-01  2.845200e-01  2.865300e-01  2.821500e-01  
1.943095e+01  1.943091e+01  1.943091e+01  1.943094e+01  1.943108e+01  1.943146e+01  
1.943239e+01  1.943469e+01  1.944032e+01  1.945337e+01  1.948204e+01  1.954016e+01  
1.964289e+01  1.978828e+01  1.992766e+01  1.998727e+01  1.996018e+01  1.986780e+01  
1.968519e+01  1.940348e+01  1.903701e+01  1.858989e+01  1.805306e+01  1.734316e+01  
1.649867e+01  1.561933e+01  1.456369e+01  1.333150e+01  1.227484e+01  1.131977e+01  
1.045864e+01  9.674801e+00  8.960169e+00  8.305857e+00  7.703933e+00  7.145680e+00  
6.621054e+00  6.119813e+00  5.631553e+00  5.139964e+00  4.615491e+00  3.998576e+00  
3.202517e+00  2.697244e+00  2.083347e+00  1.497187e+00  8.070400e-01  5.893900e-01  
3.751300e-01  3.340300e-01  2.885100e-01  2.826800e-01  2.846400e-01  2.803300e-01  
1.969197e+01  1.969194e+01  1.969199e+01  1.969213e+01  1.969253e+01  1.969349e+01  
1.969578e+01  1.970142e+01  1.971457e+01  1.974382e+01  1.980448e+01  1.991558e+01  
2.008160e+01  2.025867e+01  2.036173e+01  2.036903e+01  2.030963e+01  2.016054e+01  
1.990734e+01  1.956882e+01  1.915857e+01  1.868047e+01  1.809461e+01  1.732778e+01  
1.662059e+01  1.585827e+01  1.491599e+01  1.379337e+01  1.281580e+01  1.192338e+01  
1.111127e+01  1.036651e+01  9.683078e+00  9.053891e+00  8.472424e+00  7.931095e+00  
7.420611e+00  6.931016e+00  6.451337e+00  5.963711e+00  5.434531e+00  4.793860e+00  
3.931303e+00  3.360203e+00  2.636313e+00  1.905871e+00  1.001450e+00  7.137400e-01  
4.152800e-01  3.562300e-01  2.899300e-01  2.806900e-01  2.812200e-01  2.775800e-01  
1.981992e+01  1.981992e+01  1.982003e+01  1.982033e+01  1.982109e+01  1.982284e+01  
1.982718e+01  1.983741e+01  1.986080e+01  1.991113e+01  2.000932e+01  2.017115e+01  
2.037457e+01  2.053775e+01  2.059636e+01  2.057893e+01  2.048290e+01  2.027855e+01  
1.997815e+01  1.960335e+01  1.916599e+01  1.866795e+01  1.796070e+01  1.730398e+01  
1.667477e+01  1.597687e+01  1.509924e+01  1.404731e+01  1.312243e+01  1.227511e+01  
1.150168e+01  1.079093e+01  1.013765e+01  9.535594e+00  8.978760e+00  8.459844e+00  
7.969403e+00  7.497264e+00  7.032487e+00  6.556681e+00  6.034577e+00  5.391108e+00  
4.500966e+00  3.894437e+00  3.102415e+00  2.269277e+00  1.174240e+00  8.246400e-01  
4.513900e-01  3.770100e-01  2.931700e-01  2.807500e-01  2.789500e-01  2.760300e-01  
1.994399e+01  1.994412e+01  1.994441e+01  1.994518e+01  1.994689e+01  1.995113e+01  
1.996119e+01  1.998442e+01  2.003517e+01  2.013653e+01  2.030993e+01  2.054144e+01  
2.074838e+01  2.084714e+01  2.086114e+01  2.079745e+01  2.062052e+01  2.033873e+01  
1.997855e+01  1.955753e+01  1.908927e+01  1.842593e+01  1.778882e+01  1.724746e+01  
1.670701e+01  1.608416e+01  1.528242e+01  1.431393e+01  1.345482e+01  1.266768e+01  
1.194906e+01  1.129016e+01  1.068606e+01  1.013119e+01  9.619671e+00  9.143897e+00  
8.693476e+00  8.257548e+00  7.825625e+00  7.379582e+00  6.883352e+00  6.257943e+00  
5.360699e+00  4.724313e+00  3.857351e+00  2.889173e+00  1.475564e+00  1.019850e+00  
5.155200e-01  4.150600e-01  3.018400e-01  2.837300e-01  2.762400e-01  2.743400e-01  
2.000209e+01  2.000239e+01  2.000296e+01  2.000430e+01  2.000745e+01  2.001518e+01  
2.003326e+01  2.007376e+01  2.015836e+01  2.031423e+01  2.054877e+01  2.080188e+01  
2.096583e+01  2.102371e+01  2.100892e+01  2.088779e+01  2.064796e+01  2.031729e+01  
1.991884e+01  1.947199e+01  1.893748e+01  1.821773e+01  1.767491e+01  1.719811e+01  
1.670900e+01  1.613017e+01  1.537145e+01  1.445051e+01  1.363067e+01  1.288137e+01  
1.219937e+01  1.157662e+01  1.100862e+01  1.048996e+01  1.001470e+01  9.574817e+00  
9.158921e+00  8.755514e+00  8.354673e+00  7.938900e+00  7.472522e+00  6.875575e+00  
5.996301e+00  5.354177e+00  4.452272e+00  3.401473e+00  1.751894e+00  1.190950e+00  
5.724700e-01  4.496800e-01  3.115700e-01  2.884000e-01  2.748600e-01  2.734500e-01  
2.003729e+01  2.003784e+01  2.003875e+01  2.004082e+01  2.004595e+01  2.005810e+01  
2.008618e+01  2.014756e+01  2.026991e+01  2.047736e+01  2.074998e+01  2.098994e+01  
2.111145e+01  2.114725e+01  2.109694e+01  2.092228e+01  2.063725e+01  2.027163e+01  
1.984710e+01  1.938428e+01  1.869511e+01  1.807801e+01  1.759424e+01  1.716042e+01  
1.670504e+01  1.615465e+01  1.542387e+01  1.453367e+01  1.374015e+01  1.301697e+01  
1.236075e+01  1.176434e+01  1.122333e+01  1.073245e+01  1.028575e+01  9.874880e+00  
9.487708e+00  9.112245e+00  8.739066e+00  8.351324e+00  7.914135e+00  7.347736e+00  
6.495302e+00  5.857995e+00  4.941017e+00  3.837015e+00  2.010559e+00  1.345420e+00  
6.245700e-01  4.817600e-01  3.214600e-01  2.936800e-01  2.742200e-01  2.728900e-01  
2.004297e+01  2.004381e+01  2.004512e+01  2.004815e+01  2.005563e+01  2.007325e+01  
2.011315e+01  2.019799e+01  2.035865e+01  2.061026e+01  2.090002e+01  2.111026e+01  
2.120299e+01  2.121966e+01  2.112955e+01  2.091089e+01  2.059190e+01  2.019989e+01  
1.975815e+01  1.926891e+01  1.851136e+01  1.796089e+01  1.752157e+01  1.712235e+01  
1.669599e+01  1.617193e+01  1.546749e+01  1.460438e+01  1.383059e+01  1.312402e+01  
1.248195e+01  1.189911e+01  1.137227e+01  1.089720e+01  1.046895e+01  1.008070e+01  
9.722146e+00  9.381536e+00  9.045429e+00  8.688158e+00  8.269611e+00  7.720605e+00  
6.893924e+00  6.269997e+00  5.357254e+00  4.225003e+00  2.249644e+00  1.485958e+00  
6.735000e-01  5.132500e-01  3.313400e-01  2.984500e-01  2.740600e-01  2.725200e-01  
2.009340e+01  2.009502e+01  2.009729e+01  2.010294e+01  2.011634e+01  2.014743e+01  
2.021574e+01  2.035259e+01  2.058601e+01  2.089512e+01  2.117220e+01  2.132295e+01  
2.138373e+01  2.135289e+01  2.118809e+01  2.090494e+01  2.053635e+01  2.010743e+01  
1.964533e+01  1.893488e+01  1.830335e+01  1.783626e+01  1.745468e+01  1.709738e+01  
1.670161e+01  1.620063e+01  1.551682e+01  1.467892e+01  1.392894e+01  1.324832e+01  
1.263387e+01  1.208017e+01  1.158370e+01  1.114020e+01  1.074466e+01  1.038978e+01  
1.006422e+01  9.756840e+00  9.458977e+00  9.153849e+00  8.803823e+00  8.317667e+00  
7.526505e+00  6.914299e+00  6.016135e+00  4.862868e+00  2.679810e+00  1.762102e+00  
7.625600e-01  5.689900e-01  3.500200e-01  3.093800e-01  2.747600e-01  2.720400e-01  
2.011147e+01  2.011405e+01  2.011769e+01  2.012660e+01  2.014767e+01  2.019537e+01  
2.029652e+01  2.048638e+01  2.077946e+01  2.110924e+01  2.134457e+01  2.145865e+01  
2.149294e+01  2.140740e+01  2.118411e+01  2.085601e+01  2.045266e+01  2.000222e+01  
1.949422e+01  1.869783e+01  1.815226e+01  1.774056e+01  1.739931e+01  1.707204e+01  
1.669939e+01  1.621754e+01  1.555210e+01  1.473509e+01  1.400258e+01  1.333908e+01  
1.274134e+01  1.220484e+01  1.172645e+01  1.130221e+01  1.092763e+01  1.059587e+01  
1.029609e+01  1.001767e+01  9.752756e+00  9.485479e+00  9.178814e+00  8.740379e+00  
7.999139e+00  7.412219e+00  6.535978e+00  5.376553e+00  3.057244e+00  2.021720e+00  
8.440300e-01  6.204200e-01  3.678000e-01  3.200100e-01  2.759600e-01  2.717500e-01  
2.015493e+01  2.016084e+01  2.016942e+01  2.018966e+01  2.023605e+01  2.033591e+01  
2.052803e+01  2.083516e+01  2.120057e+01  2.148421e+01  2.163444e+01  2.170074e+01  
2.164764e+01  2.144617e+01  2.112850e+01  2.072788e+01  2.027467e+01  1.979059e+01  
1.895505e+01  1.836636e+01  1.794018e+01  1.761199e+01  1.733051e+01  1.704559e+01  
1.670386e+01  1.624815e+01  1.561160e+01  1.482597e+01  1.411900e+01  1.347992e+01  
1.290585e+01  1.239347e+01  1.194007e+01  1.154280e+01  1.119817e+01  1.090067e+01  
1.064103e+01  1.041047e+01  1.020318e+01  1.000566e+01  9.783197e+00  9.442809e+00  
8.811946e+00  8.285271e+00  7.468844e+00  6.331430e+00  3.836798e+00  2.596382e+00  
1.026280e+00  7.359400e-01  4.084200e-01  3.450300e-01  2.801900e-01  2.713500e-01  
2.012958e+01  2.014041e+01  2.015567e+01  2.019139e+01  2.027075e+01  2.043182e+01  
2.071117e+01  2.109015e+01  2.144479e+01  2.165853e+01  2.177140e+01  2.178354e+01  
2.164294e+01  2.136553e+01  2.099004e+01  2.054729e+01  2.007564e+01  1.931878e+01  
1.861879e+01  1.813168e+01  1.777614e+01  1.750043e+01  1.725886e+01  1.700624e+01  
1.669336e+01  1.626384e+01  1.564922e+01  1.488528e+01  1.419236e+01  1.356447e+01  
1.300022e+01  1.249780e+01  1.205610e+01  1.167268e+01  1.134400e+01  1.106614e+01  
1.083397e+01  1.064101e+01  1.047787e+01  1.032163e+01  1.013576e+01  9.856262e+00  
9.334424e+00  8.871061e+00  8.109074e+00  7.009684e+00  4.464648e+00  3.073354e+00  
1.187580e+00  8.399900e-01  4.449400e-01  3.682200e-01  2.850200e-01  2.711500e-01  
2.013492e+01  2.015974e+01  2.019408e+01  2.027110e+01  2.043021e+01  2.071395e+01  
2.111590e+01  2.151640e+01  2.177516e+01  2.192061e+01  2.196726e+01  2.185625e+01  
2.159521e+01  2.122589e+01  2.078148e+01  2.030364e+01  1.957468e+01  1.880050e+01  
1.827266e+01  1.789747e+01  1.762219e+01  1.740363e+01  1.720238e+01  1.697883e+01  
1.668833e+01  1.627722e+01  1.567939e+01  1.493557e+01  1.425943e+01  1.364631e+01  
1.309545e+01  1.260561e+01  1.217672e+01  1.180804e+01  1.149802e+01  1.124411e+01  
1.104118e+01  1.088344e+01  1.076438e+01  1.066564e+01  1.055611e+01  1.037744e+01  
9.994925e+00  9.621003e+00  8.952887e+00  7.929819e+00  5.395722e+00  3.864799e+00  
1.474376e+00  1.023960e+00  5.096000e-01  4.088900e-01  2.961800e-01  2.709500e-01  
2.014657e+01  2.019111e+01  2.025072e+01  2.037881e+01  2.062302e+01  2.100740e+01  
2.145307e+01  2.179322e+01  2.198985e+01  2.209498e+01  2.205711e+01  2.185097e+01  
2.151657e+01  2.109127e+01  2.061357e+01  2.009826e+01  1.914610e+01  1.852109e+01  
1.808440e+01  1.777387e+01  1.754428e+01  1.735697e+01  1.717649e+01  1.696653e+01  
1.668510e+01  1.628120e+01  1.569147e+01  1.495627e+01  1.428806e+01  1.368293e+01  
1.314030e+01  1.265892e+01  1.223889e+01  1.187980e+01  1.158064e+01  1.133938e+01  
1.115173e+01  1.101321e+01  1.091910e+01  1.085393e+01  1.079112e+01  1.067987e+01  
1.039724e+01  1.008974e+01  9.500697e+00  8.554382e+00  6.084295e+00  4.485159e+00  
1.727012e+00  1.188260e+00  5.668300e-01  4.455300e-01  3.071200e-01  2.708500e-01  
2.015524e+01  2.022471e+01  2.031488e+01  2.049985e+01  2.082475e+01  2.127341e+01  
2.170590e+01  2.198302e+01  2.214795e+01  2.220293e+01  2.208589e+01  2.181272e+01  
2.142742e+01  2.096594e+01  2.047620e+01  1.966297e+01  1.887529e+01  1.833858e+01  
1.796245e+01  1.769518e+01  1.749566e+01  1.732857e+01  1.716138e+01  1.696002e+01  
1.668422e+01  1.628453e+01  1.569901e+01  1.496748e+01  1.430238e+01  1.370146e+01  
1.316437e+01  1.268956e+01  1.227711e+01  1.192606e+01  1.163450e+01  1.140025e+01  
1.122092e+01  1.109376e+01  1.101534e+01  1.097204e+01  1.094115e+01  1.088056e+01  
1.067074e+01  1.040839e+01  9.886878e+00  9.024715e+00  6.634091e+00  4.980639e+00  
1.952863e+00  1.340890e+00  6.197400e-01  4.780000e-01  3.181900e-01  2.707800e-01  
2.015866e+01  2.025803e+01  2.038253e+01  2.062521e+01  2.101955e+01  2.149965e+01  
2.189102e+01  2.212556e+01  2.226426e+01  2.226194e+01  2.208029e+01  2.175744e+01  
2.133439e+01  2.085054e+01  2.034955e+01  1.936615e+01  1.868005e+01  1.820533e+01  
1.787330e+01  1.763730e+01  1.745925e+01  1.730651e+01  1.714874e+01  1.695359e+01  
1.668204e+01  1.628575e+01  1.570376e+01  1.497575e+01  1.431399e+01  1.371674e+01  
1.318317e+01  1.271178e+01  1.230264e+01  1.195525e+01  1.166864e+01  1.144141e+01  
1.127004e+01  1.115134e+01  1.108306e+01  1.105400e+01  1.104483e+01  1.101754e+01  
1.086698e+01  1.065220e+01  1.018765e+01  9.374160e+00  7.056705e+00  5.421272e+00  
2.184234e+00  1.478764e+00  6.683500e-01  5.096300e-01  3.281900e-01  2.707400e-01  
2.016242e+01  2.033495e+01  2.053549e+01  2.088782e+01  2.137415e+01  2.184376e+01  
2.214933e+01  2.233867e+01  2.241148e+01  2.230176e+01  2.202689e+01  2.163583e+01  
2.116033e+01  2.065997e+01  1.980272e+01  1.897633e+01  1.841498e+01  1.802510e+01  
1.775381e+01  1.756024e+01  1.741092e+01  1.727724e+01  1.713200e+01  1.694516e+01  
1.667938e+01  1.628748e+01  1.570965e+01  1.498657e+01  1.432944e+01  1.373668e+01  
1.320743e+01  1.274109e+01  1.233767e+01  1.199647e+01  1.171569e+01  1.149422e+01  
1.133043e+01  1.122310e+01  1.117055e+01  1.116222e+01  1.118167e+01  1.120104e+01  
1.113082e+01  1.097750e+01  1.060455e+01  9.905031e+00  7.743215e+00  6.099364e+00  
2.633046e+00  1.735041e+00  7.586000e-01  5.655000e-01  3.486100e-01  2.706900e-01  
2.016234e+01  2.042257e+01  2.067601e+01  2.114012e+01  2.166582e+01  2.207937e+01  
2.233151e+01  2.246644e+01  2.248418e+01  2.230399e+01  2.194998e+01  2.150798e+01  
2.100753e+01  2.048413e+01  1.941876e+01  1.872088e+01  1.823910e+01  1.790600e+01  
1.767504e+01  1.750918e+01  1.737846e+01  1.725715e+01  1.712024e+01  1.693928e+01  
1.667799e+01  1.628980e+01  1.571508e+01  1.499501e+01  1.434030e+01  1.375007e+01  
1.322334e+01  1.275942e+01  1.235824e+01  1.201993e+01  1.174330e+01  1.152765e+01  
1.137039e+01  1.126968e+01  1.122501e+01  1.122829e+01  1.126618e+01  1.131403e+01  
1.129757e+01  1.119438e+01  1.089784e+01  1.027811e+01  8.228777e+00  6.643430e+00  
3.028135e+00  1.962593e+00  8.404300e-01  6.181600e-01  3.663400e-01  2.706600e-01  
