2.916276e+00  2.916277e+00  2.916278e+00  2.916279e+00  2.916281e+00  2.916284e+00  
2.916289e+00  2.916296e+00  2.916308e+00  2.916326e+00  2.916356e+00  2.916402e+00  
2.916476e+00  2.916593e+00  2.916779e+00  2.917073e+00  2.917539e+00  2.918277e+00  
2.919448e+00  2.921301e+00  2.924240e+00  2.928894e+00  2.936258e+00  2.947871e+00  
2.966050e+00  2.993972e+00  3.035722e+00  3.087776e+00  3.134439e+00  3.175832e+00  
3.212586e+00  3.245991e+00  3.277888e+00  3.308863e+00  3.339274e+00  3.370030e+00  
3.402540e+00  3.437890e+00  3.475390e+00  3.512930e+00  3.548090e+00  3.579850e+00  
3.606710e+00  3.618080e+00  3.629850e+00  3.640280e+00  3.652430e+00  3.655660e+00  
3.658240e+00  3.658560e+00  3.658840e+00  3.658870e+00  3.658900e+00  3.658900e+00  
3.566841e+00  3.566842e+00  3.566843e+00  3.566843e+00  3.566845e+00  3.566847e+00  
3.566851e+00  3.566856e+00  3.566866e+00  3.566880e+00  3.566903e+00  3.566939e+00  
3.566996e+00  3.567086e+00  3.567230e+00  3.567457e+00  3.567818e+00  3.568388e+00  
3.569293e+00  3.570728e+00  3.573001e+00  3.576603e+00  3.582307e+00  3.591329e+00  
3.605530e+00  3.627656e+00  3.661585e+00  3.705288e+00  3.746039e+00  3.783464e+00  
3.817239e+00  3.847076e+00  3.872798e+00  3.894479e+00  3.912474e+00  3.928120e+00  
3.943650e+00  3.961170e+00  3.981170e+00  4.004010e+00  4.029910e+00  4.058220e+00  
4.087000e+00  4.099750e+00  4.108230e+00  4.110860e+00  4.115680e+00  4.118100e+00  
4.118390e+00  4.118260e+00  4.118380e+00  4.118350e+00  4.118570e+00  4.118420e+00  
4.070445e+00  4.070446e+00  4.070446e+00  4.070447e+00  4.070449e+00  4.070451e+00  
4.070455e+00  4.070460e+00  4.070469e+00  4.070483e+00  4.070505e+00  4.070540e+00  
4.070595e+00  4.070683e+00  4.070823e+00  4.071044e+00  4.071394e+00  4.071948e+00  
4.072828e+00  4.074222e+00  4.076430e+00  4.079930e+00  4.085471e+00  4.094219e+00  
4.107931e+00  4.129050e+00  4.160744e+00  4.200295e+00  4.235460e+00  4.265843e+00  
4.291033e+00  4.310740e+00  4.324815e+00  4.333386e+00  4.337097e+00  4.337720e+00  
4.338260e+00  4.341510e+00  4.348250e+00  4.359220e+00  4.375020e+00  4.395260e+00  
4.418140e+00  4.428250e+00  4.432560e+00  4.430210e+00  4.430620e+00  4.432520e+00  
4.431640e+00  4.431280e+00  4.431350e+00  4.431300e+00  4.431560e+00  4.431360e+00  
4.809424e+00  4.809425e+00  4.809426e+00  4.809428e+00  4.809430e+00  4.809433e+00  
4.809439e+00  4.809447e+00  4.809461e+00  4.809483e+00  4.809517e+00  4.809572e+00  
4.809658e+00  4.809795e+00  4.810012e+00  4.810354e+00  4.810899e+00  4.811762e+00  
4.813130e+00  4.815297e+00  4.818731e+00  4.824166e+00  4.832737e+00  4.846141e+00  
4.866637e+00  4.896177e+00  4.934864e+00  4.973286e+00  4.995510e+00  5.002646e+00  
4.996990e+00  4.982668e+00  4.964837e+00  4.945159e+00  4.924361e+00  4.904170e+00  
4.886820e+00  4.874030e+00  4.865400e+00  4.858870e+00  4.852770e+00  4.848700e+00  
4.848430e+00  4.848940e+00  4.847080e+00  4.842780e+00  4.837720e+00  4.836320e+00  
4.835020e+00  4.834850e+00  4.834710e+00  4.834690e+00  4.834690e+00  4.834680e+00  
5.356370e+00  5.356372e+00  5.356373e+00  5.356375e+00  5.356378e+00  5.356383e+00  
5.356391e+00  5.356403e+00  5.356422e+00  5.356453e+00  5.356502e+00  5.356579e+00  
5.356701e+00  5.356893e+00  5.357199e+00  5.357685e+00  5.358453e+00  5.359673e+00  
5.361604e+00  5.364665e+00  5.369513e+00  5.377171e+00  5.389204e+00  5.407825e+00  
5.435508e+00  5.472229e+00  5.511641e+00  5.537015e+00  5.536894e+00  5.520655e+00  
5.492388e+00  5.456604e+00  5.418771e+00  5.380148e+00  5.340684e+00  5.301380e+00  
5.264010e+00  5.230090e+00  5.200120e+00  5.174170e+00  5.152380e+00  5.135120e+00  
5.120310e+00  5.111820e+00  5.102290e+00  5.093900e+00  5.085130e+00  5.082780e+00  
5.080870e+00  5.080620e+00  5.080430e+00  5.080400e+00  5.080380e+00  5.080380e+00  
5.785671e+00  5.785673e+00  5.785675e+00  5.785677e+00  5.785681e+00  5.785687e+00  
5.785696e+00  5.785711e+00  5.785734e+00  5.785772e+00  5.785830e+00  5.785924e+00  
5.786070e+00  5.786304e+00  5.786675e+00  5.787263e+00  5.788194e+00  5.789671e+00  
5.792011e+00  5.795719e+00  5.801590e+00  5.810860e+00  5.825395e+00  5.847775e+00  
5.880570e+00  5.922092e+00  5.960714e+00  5.973772e+00  5.953498e+00  5.915589e+00  
5.865957e+00  5.810269e+00  5.755017e+00  5.700412e+00  5.644093e+00  5.586140e+00  
5.530620e+00  5.480780e+00  5.436650e+00  5.396630e+00  5.359750e+00  5.328170e+00  
5.300730e+00  5.285770e+00  5.270160e+00  5.257720e+00  5.246010e+00  5.242960e+00  
5.240510e+00  5.240200e+00  5.239960e+00  5.239910e+00  5.239900e+00  5.239910e+00  
6.154063e+00  6.154065e+00  6.154066e+00  6.154068e+00  6.154071e+00  6.154075e+00  
6.154082e+00  6.154094e+00  6.154111e+00  6.154140e+00  6.154185e+00  6.154256e+00  
6.154368e+00  6.154546e+00  6.154829e+00  6.155276e+00  6.155987e+00  6.157112e+00  
6.158897e+00  6.161727e+00  6.166211e+00  6.173301e+00  6.184448e+00  6.201706e+00  
6.227347e+00  6.261243e+00  6.296558e+00  6.313571e+00  6.296137e+00  6.248325e+00  
6.177187e+00  6.093709e+00  6.010894e+00  5.932122e+00  5.857826e+00  5.788840e+00  
5.725340e+00  5.667020e+00  5.613150e+00  5.561210e+00  5.509650e+00  5.461960e+00  
5.422500e+00  5.405250e+00  5.385410e+00  5.367440e+00  5.353510e+00  5.350140e+00  
5.347030e+00  5.346660e+00  5.346380e+00  5.346320e+00  5.346340e+00  5.346320e+00  
6.714016e+00  6.714018e+00  6.714019e+00  6.714020e+00  6.714023e+00  6.714027e+00  
6.714034e+00  6.714044e+00  6.714061e+00  6.714087e+00  6.714129e+00  6.714194e+00  
6.714299e+00  6.714465e+00  6.714727e+00  6.715143e+00  6.715805e+00  6.716851e+00  
6.718514e+00  6.721151e+00  6.725331e+00  6.731941e+00  6.742313e+00  6.758266e+00  
6.781484e+00  6.810148e+00  6.833508e+00  6.828680e+00  6.783755e+00  6.704220e+00  
6.599111e+00  6.481961e+00  6.368397e+00  6.262314e+00  6.163938e+00  6.073510e+00  
5.990210e+00  5.912590e+00  5.839470e+00  5.767610e+00  5.695090e+00  5.626740e+00  
5.568780e+00  5.543430e+00  5.516180e+00  5.492870e+00  5.473700e+00  5.469090e+00  
5.465060e+00  5.464570e+00  5.464210e+00  5.464140e+00  5.464150e+00  5.464130e+00  
7.141689e+00  7.141691e+00  7.141691e+00  7.141693e+00  7.141695e+00  7.141698e+00  
7.141704e+00  7.141712e+00  7.141726e+00  7.141747e+00  7.141781e+00  7.141834e+00  
7.141919e+00  7.142053e+00  7.142267e+00  7.142605e+00  7.143141e+00  7.143994e+00  
7.145347e+00  7.147496e+00  7.150907e+00  7.156301e+00  7.164745e+00  7.177599e+00  
7.195696e+00  7.215429e+00  7.222617e+00  7.193135e+00  7.121178e+00  7.013294e+00  
6.879740e+00  6.735423e+00  6.597418e+00  6.469705e+00  6.352452e+00  6.245350e+00  
6.146930e+00  6.054780e+00  5.967310e+00  5.880450e+00  5.791820e+00  5.707440e+00  
5.635190e+00  5.603680e+00  5.570920e+00  5.543590e+00  5.519650e+00  5.513900e+00  
5.509030e+00  5.508440e+00  5.507970e+00  5.507910e+00  5.507880e+00  5.507860e+00  
7.873188e+00  7.873190e+00  7.873191e+00  7.873192e+00  7.873194e+00  7.873198e+00  
7.873203e+00  7.873213e+00  7.873228e+00  7.873252e+00  7.873290e+00  7.873349e+00  
7.873445e+00  7.873595e+00  7.873833e+00  7.874212e+00  7.874814e+00  7.875771e+00  
7.877294e+00  7.879715e+00  7.883560e+00  7.889618e+00  7.898964e+00  7.912559e+00  
7.929001e+00  7.935315e+00  7.895738e+00  7.776662e+00  7.609916e+00  7.428073e+00  
7.241760e+00  7.059222e+00  6.889384e+00  6.731695e+00  6.583566e+00  6.442327e+00  
6.309380e+00  6.184310e+00  6.066360e+00  5.952950e+00  5.842190e+00  5.736130e+00  
5.638220e+00  5.593140e+00  5.549730e+00  5.516470e+00  5.482910e+00  5.474790e+00  
5.468340e+00  5.467500e+00  5.466870e+00  5.466780e+00  5.466730e+00  5.466700e+00  
8.386514e+00  8.386514e+00  8.386515e+00  8.386515e+00  8.386516e+00  8.386517e+00  
8.386519e+00  8.386521e+00  8.386525e+00  8.386532e+00  8.386543e+00  8.386560e+00  
8.386587e+00  8.386631e+00  8.386701e+00  8.386812e+00  8.386992e+00  8.387281e+00  
8.387749e+00  8.388510e+00  8.389734e+00  8.391659e+00  8.394455e+00  8.397577e+00  
8.397020e+00  8.375143e+00  8.288920e+00  8.107486e+00  7.882821e+00  7.650089e+00  
7.419312e+00  7.197008e+00  6.990038e+00  6.798848e+00  6.623036e+00  6.459990e+00  
6.308400e+00  6.165380e+00  6.029980e+00  5.899890e+00  5.773460e+00  5.652320e+00  
5.539230e+00  5.486330e+00  5.434860e+00  5.395250e+00  5.356090e+00  5.346490e+00  
5.338850e+00  5.337860e+00  5.337120e+00  5.337010e+00  5.336940e+00  5.336940e+00  
9.105505e+00  9.105502e+00  9.105500e+00  9.105497e+00  9.105492e+00  9.105484e+00  
9.105471e+00  9.105451e+00  9.105420e+00  9.105369e+00  9.105290e+00  9.105164e+00  
9.104963e+00  9.104648e+00  9.104148e+00  9.103359e+00  9.102113e+00  9.100148e+00  
9.097059e+00  9.092203e+00  9.084574e+00  9.072557e+00  9.053466e+00  9.022550e+00  
8.970757e+00  8.879170e+00  8.711805e+00  8.455368e+00  8.170993e+00  7.868004e+00  
7.558644e+00  7.258698e+00  6.983294e+00  6.736190e+00  6.516697e+00  6.320676e+00  
6.144030e+00  5.981320e+00  5.828880e+00  5.679840e+00  5.529690e+00  5.385040e+00  
5.254430e+00  5.194140e+00  5.131750e+00  5.080840e+00  5.036520e+00  5.025650e+00  
5.016440e+00  5.015340e+00  5.014460e+00  5.014320e+00  5.014280e+00  5.014280e+00  
9.564964e+00  9.564959e+00  9.564955e+00  9.564950e+00  9.564942e+00  9.564929e+00  
9.564908e+00  9.564876e+00  9.564826e+00  9.564744e+00  9.564616e+00  9.564413e+00  
9.564092e+00  9.563583e+00  9.562778e+00  9.561506e+00  9.559501e+00  9.556341e+00  
9.551369e+00  9.543554e+00  9.531274e+00  9.511926e+00  9.481206e+00  9.431721e+00  
9.350379e+00  9.212917e+00  8.977210e+00  8.637328e+00  8.280157e+00  7.914803e+00  
7.552690e+00  7.208154e+00  6.894374e+00  6.614101e+00  6.366387e+00  6.145291e+00  
5.945420e+00  5.761440e+00  5.589320e+00  5.423240e+00  5.259210e+00  5.101980e+00  
4.957990e+00  4.890870e+00  4.822230e+00  4.767260e+00  4.720110e+00  4.708610e+00  
4.698880e+00  4.697730e+00  4.696810e+00  4.696660e+00  4.696610e+00  4.696610e+00  
9.899785e+00  9.899778e+00  9.899774e+00  9.899767e+00  9.899756e+00  9.899739e+00  
9.899712e+00  9.899669e+00  9.899602e+00  9.899494e+00  9.899324e+00  9.899054e+00  
9.898629e+00  9.897955e+00  9.896889e+00  9.895207e+00  9.892553e+00  9.888373e+00  
9.881802e+00  9.871480e+00  9.855264e+00  9.829705e+00  9.789087e+00  9.723703e+00  
9.617046e+00  9.440601e+00  9.147882e+00  8.739792e+00  8.324468e+00  7.910554e+00  
7.508303e+00  7.130090e+00  6.787875e+00  6.483048e+00  6.214120e+00  5.973586e+00  
5.754602e+00  5.552140e+00  5.362110e+00  5.180280e+00  5.003780e+00  4.835530e+00  
4.680470e+00  4.608440e+00  4.536850e+00  4.481240e+00  4.432490e+00  4.420710e+00  
4.410980e+00  4.409820e+00  4.408870e+00  4.408730e+00  4.408670e+00  4.408670e+00  
1.015806e+01  1.015805e+01  1.015805e+01  1.015804e+01  1.015803e+01  1.015801e+01  
1.015797e+01  1.015792e+01  1.015784e+01  1.015771e+01  1.015750e+01  1.015717e+01  
1.015666e+01  1.015584e+01  1.015455e+01  1.015251e+01  1.014931e+01  1.014425e+01  
1.013631e+01  1.012386e+01  1.010430e+01  1.007343e+01  1.002431e+01  9.945154e+00  
9.816464e+00  9.606067e+00  9.265116e+00  8.800057e+00  8.337064e+00  7.884225e+00  
7.450448e+00  7.045903e+00  6.681512e+00  6.357976e+00  6.072359e+00  5.816106e+00  
5.580945e+00  5.362010e+00  5.155640e+00  4.959250e+00  4.771260e+00  4.593030e+00  
4.428350e+00  4.352570e+00  4.279750e+00  4.225150e+00  4.175400e+00  4.163500e+00  
4.154020e+00  4.152890e+00  4.151930e+00  4.151820e+00  4.151730e+00  4.151720e+00  
1.063283e+01  1.063282e+01  1.063281e+01  1.063280e+01  1.063278e+01  1.063275e+01  
1.063270e+01  1.063262e+01  1.063250e+01  1.063230e+01  1.063198e+01  1.063149e+01  
1.063072e+01  1.062949e+01  1.062754e+01  1.062449e+01  1.061966e+01  1.061207e+01  
1.060014e+01  1.058143e+01  1.055202e+01  1.050552e+01  1.043142e+01  1.031255e+01  
1.012266e+01  9.825470e+00  9.373718e+00  8.799506e+00  8.266764e+00  7.773915e+00  
7.318753e+00  6.898142e+00  6.510900e+00  6.158045e+00  5.836647e+00  5.541454e+00  
5.268680e+00  5.018240e+00  4.788120e+00  4.577120e+00  4.382520e+00  4.193490e+00  
4.003000e+00  3.912750e+00  3.835920e+00  3.787890e+00  3.737630e+00  3.724390e+00  
3.715420e+00  3.714600e+00  3.713590e+00  3.713380e+00  3.713420e+00  3.713310e+00  
1.088487e+01  1.088485e+01  1.088485e+01  1.088483e+01  1.088481e+01  1.088477e+01  
1.088472e+01  1.088463e+01  1.088449e+01  1.088427e+01  1.088392e+01  1.088336e+01  
1.088247e+01  1.088107e+01  1.087887e+01  1.087539e+01  1.086992e+01  1.086133e+01  
1.084786e+01  1.082676e+01  1.079359e+01  1.074101e+01  1.065678e+01  1.052116e+01  
1.030443e+01  9.966803e+00  9.457217e+00  8.814972e+00  8.225331e+00  7.684816e+00  
7.189946e+00  6.737221e+00  6.324002e+00  5.950985e+00  5.612956e+00  5.303261e+00  
5.016205e+00  4.750380e+00  4.504670e+00  4.276650e+00  4.063900e+00  3.857490e+00  
3.653110e+00  3.557880e+00  3.477960e+00  3.428960e+00  3.377380e+00  3.363630e+00  
3.354970e+00  3.354240e+00  3.353230e+00  3.353040e+00  3.352990e+00  3.352920e+00  
1.126728e+01  1.126726e+01  1.126725e+01  1.126723e+01  1.126721e+01  1.126716e+01  
1.126710e+01  1.126699e+01  1.126681e+01  1.126654e+01  1.126611e+01  1.126542e+01  
1.126434e+01  1.126263e+01  1.125995e+01  1.125574e+01  1.124913e+01  1.123882e+01  
1.122273e+01  1.119755e+01  1.115782e+01  1.109422e+01  1.099101e+01  1.082369e+01  
1.055675e+01  1.014459e+01  9.529847e+00  8.766722e+00  8.078632e+00  7.457449e+00  
6.896150e+00  6.391118e+00  5.939262e+00  5.535720e+00  5.172993e+00  4.842062e+00  
4.534150e+00  4.244877e+00  3.975460e+00  3.722000e+00  3.481590e+00  3.247780e+00  
3.018790e+00  2.912020e+00  2.820390e+00  2.762100e+00  2.706020e+00  2.693440e+00  
2.684100e+00  2.683080e+00  2.682200e+00  2.682080e+00  2.681920e+00  2.681930e+00  
1.149974e+01  1.149972e+01  1.149971e+01  1.149969e+01  1.149966e+01  1.149961e+01  
1.149953e+01  1.149940e+01  1.149919e+01  1.149888e+01  1.149838e+01  1.149758e+01  
1.149634e+01  1.149437e+01  1.149128e+01  1.148645e+01  1.147891e+01  1.146718e+01  
1.144893e+01  1.142036e+01  1.137494e+01  1.130128e+01  1.118070e+01  1.098488e+01  
1.067450e+01  1.020036e+01  9.505403e+00  8.659711e+00  7.911955e+00  7.249378e+00  
6.660286e+00  6.135420e+00  5.669326e+00  5.253289e+00  4.877559e+00  4.532208e+00  
4.206506e+00  3.895040e+00  3.601724e+00  3.328600e+00  3.074220e+00  2.832590e+00  
2.600160e+00  2.489270e+00  2.384590e+00  2.310340e+00  2.252960e+00  2.240470e+00  
2.230380e+00  2.229240e+00  2.228320e+00  2.228150e+00  2.228100e+00  2.228090e+00  
1.185910e+01  1.185907e+01  1.185906e+01  1.185903e+01  1.185900e+01  1.185894e+01  
1.185884e+01  1.185868e+01  1.185844e+01  1.185806e+01  1.185744e+01  1.185649e+01  
1.185498e+01  1.185263e+01  1.184894e+01  1.184323e+01  1.183439e+01  1.182073e+01  
1.179950e+01  1.176595e+01  1.171137e+01  1.162086e+01  1.147128e+01  1.122964e+01  
1.085076e+01  1.028098e+01  9.469778e+00  8.511192e+00  7.686398e+00  6.973721e+00  
6.356200e+00  5.812954e+00  5.328122e+00  4.892118e+00  4.495536e+00  4.129849e+00  
3.786176e+00  3.459611e+00  3.152131e+00  2.867170e+00  2.600950e+00  2.345220e+00  
2.095730e+00  1.975340e+00  1.861790e+00  1.780690e+00  1.715530e+00  1.701100e+00  
1.689560e+00  1.688240e+00  1.687150e+00  1.686980e+00  1.686890e+00  1.686910e+00  
1.212618e+01  1.212615e+01  1.212613e+01  1.212611e+01  1.212606e+01  1.212599e+01  
1.212588e+01  1.212572e+01  1.212544e+01  1.212502e+01  1.212434e+01  1.212329e+01  
1.212164e+01  1.211907e+01  1.211509e+01  1.210895e+01  1.209953e+01  1.208508e+01  
1.206254e+01  1.202620e+01  1.196547e+01  1.186305e+01  1.169350e+01  1.142174e+01  
1.099772e+01  1.036688e+01  9.483865e+00  8.453813e+00  7.581882e+00  6.837557e+00  
6.201119e+00  5.646110e+00  5.149218e+00  4.699677e+00  4.289507e+00  3.911017e+00  
3.556409e+00  3.221061e+00  2.905664e+00  2.612496e+00  2.340060e+00  2.077060e+00  
1.818680e+00  1.693570e+00  1.576070e+00  1.491340e+00  1.418480e+00  1.401990e+00  
1.389040e+00  1.387530e+00  1.386260e+00  1.386090e+00  1.385960e+00  1.385960e+00  
1.235161e+01  1.235157e+01  1.235155e+01  1.235152e+01  1.235148e+01  1.235141e+01  
1.235130e+01  1.235111e+01  1.235083e+01  1.235037e+01  1.234966e+01  1.234855e+01  
1.234682e+01  1.234414e+01  1.234003e+01  1.233375e+01  1.232421e+01  1.230963e+01  
1.228665e+01  1.224854e+01  1.218318e+01  1.207170e+01  1.188793e+01  1.159501e+01  
1.113934e+01  1.046748e+01  9.536491e+00  8.455785e+00  7.550856e+00  6.784556e+00  
6.133150e+00  5.567250e+00  5.059869e+00  4.599181e+00  4.177931e+00  3.789237e+00  
3.425949e+00  3.083598e+00  2.762194e+00  2.462999e+00  2.185590e+00  1.918420e+00  
1.654410e+00  1.525610e+00  1.403430e+00  1.313590e+00  1.234140e+00  1.215860e+00  
1.201490e+00  1.199810e+00  1.198380e+00  1.198200e+00  1.198060e+00  1.197990e+00  
1.254996e+01  1.254993e+01  1.254991e+01  1.254988e+01  1.254983e+01  1.254976e+01  
1.254963e+01  1.254945e+01  1.254916e+01  1.254868e+01  1.254795e+01  1.254681e+01  
1.254504e+01  1.254233e+01  1.253820e+01  1.253197e+01  1.252262e+01  1.250832e+01  
1.248533e+01  1.244597e+01  1.237683e+01  1.225824e+01  1.206406e+01  1.175542e+01  
1.127681e+01  1.057632e+01  9.611508e+00  8.492887e+00  7.562585e+00  6.780268e+00  
6.116728e+00  5.540629e+00  5.023580e+00  4.553331e+00  4.122901e+00  3.725812e+00  
3.355228e+00  3.006769e+00  2.680018e+00  2.375590e+00  2.092865e+00  1.822070e+00  
1.553150e+00  1.420880e+00  1.293780e+00  1.198510e+00  1.112970e+00  1.093010e+00  
1.077220e+00  1.075360e+00  1.073790e+00  1.073590e+00  1.073440e+00  1.073330e+00  
1.288952e+01  1.288949e+01  1.288947e+01  1.288944e+01  1.288939e+01  1.288930e+01  
1.288918e+01  1.288899e+01  1.288868e+01  1.288820e+01  1.288745e+01  1.288629e+01  
1.288454e+01  1.288190e+01  1.287798e+01  1.287225e+01  1.286384e+01  1.285081e+01  
1.282842e+01  1.278716e+01  1.271208e+01  1.258353e+01  1.237551e+01  1.204536e+01  
1.153759e+01  1.080151e+01  9.793828e+00  8.624691e+00  7.657925e+00  6.852362e+00  
6.169710e+00  5.575931e+00  5.042427e+00  4.557096e+00  4.112909e+00  3.703229e+00  
3.321126e+00  2.961976e+00  2.624973e+00  2.310061e+00  2.015527e+00  1.734160e+00  
1.454300e+00  1.314890e+00  1.178140e+00  1.072540e+00  9.748100e-01  9.513200e-01  
9.326100e-01  9.303900e-01  9.285200e-01  9.282800e-01  9.281000e-01  9.280000e-01  
1.317342e+01  1.317339e+01  1.317337e+01  1.317333e+01  1.317328e+01  1.317320e+01  
1.317307e+01  1.317288e+01  1.317257e+01  1.317209e+01  1.317135e+01  1.317023e+01  
1.316855e+01  1.316611e+01  1.316263e+01  1.315775e+01  1.315075e+01  1.313938e+01  
1.311774e+01  1.307488e+01  1.299523e+01  1.286063e+01  1.264361e+01  1.230011e+01  
1.177625e+01  1.102044e+01  9.988232e+00  8.789374e+00  7.800299e+00  6.977747e+00  
6.280008e+00  5.671936e+00  5.125587e+00  4.629077e+00  4.175083e+00  3.756342e+00  
3.365216e+00  2.996614e+00  2.649513e+00  2.323506e+00  2.016187e+00  1.720517e+00  
1.427630e+00  1.280340e+00  1.133690e+00  1.017890e+00  9.072700e-01  8.800400e-01  
8.582800e-01  8.556800e-01  8.535000e-01  8.532200e-01  8.529900e-01  8.529500e-01  
1.371305e+01  1.371301e+01  1.371299e+01  1.371296e+01  1.371291e+01  1.371282e+01  
1.371270e+01  1.371251e+01  1.371221e+01  1.371176e+01  1.371109e+01  1.371014e+01  
1.370885e+01  1.370721e+01  1.370537e+01  1.370344e+01  1.370064e+01  1.369310e+01  
1.367206e+01  1.362463e+01  1.353740e+01  1.339318e+01  1.316037e+01  1.279843e+01  
1.225507e+01  1.147685e+01  1.041559e+01  9.184376e+00  8.177695e+00  7.332841e+00  
6.612206e+00  5.981497e+00  5.414516e+00  4.899335e+00  4.427981e+00  3.992260e+00  
3.583181e+00  3.194706e+00  2.825514e+00  2.474564e+00  2.138180e+00  1.807056e+00  
1.475200e+00  1.305670e+00  1.131130e+00  9.875000e-01  8.437400e-01  8.072800e-01  
7.780800e-01  7.745400e-01  7.715700e-01  7.712100e-01  7.708700e-01  7.709300e-01  
1.408988e+01  1.408984e+01  1.408982e+01  1.408979e+01  1.408973e+01  1.408966e+01  
1.408954e+01  1.408935e+01  1.408907e+01  1.408866e+01  1.408811e+01  1.408741e+01  
1.408666e+01  1.408616e+01  1.408648e+01  1.408801e+01  1.408922e+01  1.408404e+01  
1.406169e+01  1.400972e+01  1.391767e+01  1.376460e+01  1.352033e+01  1.314785e+01  
1.259522e+01  1.181175e+01  1.074183e+01  9.508401e+00  8.505773e+00  7.657577e+00  
6.930117e+00  6.290423e+00  5.713175e+00  5.186666e+00  4.703081e+00  4.254271e+00  
3.831210e+00  3.427588e+00  3.041685e+00  2.671778e+00  2.312750e+00  1.951981e+00  
1.579030e+00  1.385520e+00  1.180090e+00  1.006080e+00  8.293000e-01  7.840900e-01  
7.477400e-01  7.433400e-01  7.396500e-01  7.391700e-01  7.388200e-01  7.386300e-01  
1.457885e+01  1.457882e+01  1.457880e+01  1.457876e+01  1.457871e+01  1.457863e+01  
1.457851e+01  1.457835e+01  1.457812e+01  1.457783e+01  1.457758e+01  1.457755e+01  
1.457826e+01  1.458069e+01  1.458611e+01  1.459440e+01  1.460100e+01  1.459613e+01  
1.456777e+01  1.450857e+01  1.440410e+01  1.423131e+01  1.396600e+01  1.357103e+01  
1.299782e+01  1.220211e+01  1.115169e+01  9.974321e+00  9.018469e+00  8.195643e+00  
7.474740e+00  6.827342e+00  6.231852e+00  5.682586e+00  5.178959e+00  4.715635e+00  
4.280283e+00  3.863075e+00  3.458971e+00  3.061322e+00  2.664753e+00  2.266085e+00  
1.830193e+00  1.578369e+00  1.308110e+00  1.075630e+00  8.343000e-01  7.727900e-01  
7.225200e-01  7.162200e-01  7.117400e-01  7.109700e-01  7.109600e-01  7.088900e-01  
1.458443e+01  1.458439e+01  1.458437e+01  1.458434e+01  1.458431e+01  1.458425e+01  
1.458417e+01  1.458407e+01  1.458399e+01  1.458400e+01  1.458433e+01  1.458552e+01  
1.458863e+01  1.459542e+01  1.460745e+01  1.462299e+01  1.463477e+01  1.463129e+01  
1.460499e+01  1.454982e+01  1.444885e+01  1.428752e+01  1.404742e+01  1.369859e+01  
1.319937e+01  1.248664e+01  1.154265e+01  1.042641e+01  9.465362e+00  8.614828e+00  
7.860169e+00  7.186924e+00  6.584242e+00  6.041507e+00  5.548222e+00  5.092769e+00  
4.661291e+00  4.242988e+00  3.832772e+00  3.423702e+00  3.004012e+00  2.551700e+00  
2.041519e+00  1.756791e+00  1.446660e+00  1.171330e+00  8.564400e-01  7.679900e-01  
7.088000e-01  7.033100e-01  6.972800e-01  6.961700e-01  6.967400e-01  6.924400e-01  
1.471479e+01  1.471477e+01  1.471474e+01  1.471472e+01  1.471468e+01  1.471464e+01  
1.471458e+01  1.471453e+01  1.471457e+01  1.471486e+01  1.471579e+01  1.471825e+01  
1.472388e+01  1.473501e+01  1.475260e+01  1.477262e+01  1.478536e+01  1.477959e+01  
1.475184e+01  1.469162e+01  1.458358e+01  1.441764e+01  1.417579e+01  1.383140e+01  
1.334125e+01  1.264484e+01  1.173722e+01  1.066674e+01  9.734928e+00  8.904872e+00  
8.164056e+00  7.499518e+00  6.901524e+00  6.360478e+00  5.866723e+00  5.409439e+00  
4.975368e+00  4.553774e+00  4.138797e+00  3.721967e+00  3.288547e+00  2.810436e+00  
2.253307e+00  1.932943e+00  1.574677e+00  1.254620e+00  8.810100e-01  7.737300e-01  
7.003900e-01  6.935600e-01  6.870700e-01  6.859700e-01  6.865100e-01  6.810400e-01  
1.479499e+01  1.479496e+01  1.479493e+01  1.479491e+01  1.479489e+01  1.479484e+01  
1.479482e+01  1.479483e+01  1.479502e+01  1.479563e+01  1.479728e+01  1.480123e+01  
1.480971e+01  1.482528e+01  1.484770e+01  1.487069e+01  1.488266e+01  1.487514e+01  
1.484522e+01  1.477866e+01  1.466452e+01  1.449404e+01  1.425035e+01  1.390944e+01  
1.341806e+01  1.275144e+01  1.187867e+01  1.084629e+01  9.941504e+00  9.131279e+00  
8.404975e+00  7.750700e+00  7.159662e+00  6.623021e+00  6.131829e+00  5.675787e+00  
5.242159e+00  4.820216e+00  4.403479e+00  3.982349e+00  3.539629e+00  3.042053e+00  
2.447197e+00  2.096997e+00  1.697521e+00  1.335540e+00  9.077800e-01  7.827200e-01  
6.946000e-01  6.861500e-01  6.792200e-01  6.781900e-01  6.785800e-01  6.724600e-01  
1.488052e+01  1.488049e+01  1.488048e+01  1.488046e+01  1.488043e+01  1.488042e+01  
1.488046e+01  1.488064e+01  1.488118e+01  1.488259e+01  1.488598e+01  1.489351e+01  
1.490828e+01  1.493228e+01  1.496195e+01  1.498717e+01  1.499590e+01  1.498607e+01  
1.494846e+01  1.486951e+01  1.474499e+01  1.456573e+01  1.431890e+01  1.398053e+01  
1.349165e+01  1.288052e+01  1.206974e+01  1.109740e+01  1.023922e+01  9.464767e+00  
8.766229e+00  8.133252e+00  7.558493e+00  7.034190e+00  6.552334e+00  6.103466e+00  
5.675459e+00  5.257653e+00  4.842731e+00  4.419305e+00  3.966537e+00  3.442974e+00  
2.792070e+00  2.394856e+00  1.927234e+00  1.489941e+00  9.642200e-01  8.062500e-01  
6.881700e-01  6.759400e-01  6.678100e-01  6.669400e-01  6.669000e-01  6.603000e-01  
1.491751e+01  1.491748e+01  1.491747e+01  1.491746e+01  1.491745e+01  1.491747e+01  
1.491759e+01  1.491797e+01  1.491895e+01  1.492139e+01  1.492695e+01  1.493864e+01  
1.495996e+01  1.499110e+01  1.502518e+01  1.504932e+01  1.505574e+01  1.504255e+01  
1.499510e+01  1.490619e+01  1.477261e+01  1.458644e+01  1.433785e+01  1.398668e+01  
1.352425e+01  1.295343e+01  1.219062e+01  1.126481e+01  1.044405e+01  9.699786e+00  
9.025793e+00  8.412869e+00  7.854562e+00  7.343931e+00  6.873578e+00  6.434559e+00  
6.015179e+00  5.604757e+00  5.195436e+00  4.774679e+00  4.318996e+00  3.780786e+00  
3.091798e+00  2.659672e+00  2.138355e+00  1.636148e+00  1.022090e+00  8.339300e-01  
6.860900e-01  6.696600e-01  6.598100e-01  6.590800e-01  6.585900e-01  6.520900e-01  
1.494151e+01  1.494148e+01  1.494148e+01  1.494148e+01  1.494153e+01  1.494167e+01  
1.494209e+01  1.494316e+01  1.494570e+01  1.495154e+01  1.496395e+01  1.498734e+01  
1.502330e+01  1.506602e+01  1.510204e+01  1.512127e+01  1.512345e+01  1.509447e+01  
1.502587e+01  1.491775e+01  1.476647e+01  1.457029e+01  1.431035e+01  1.395010e+01  
1.354958e+01  1.304203e+01  1.235383e+01  1.150905e+01  1.075403e+01  1.006564e+01  
9.439241e+00  8.867471e+00  8.345146e+00  7.866437e+00  7.424884e+00  7.012316e+00  
6.617452e+00  6.229600e+00  5.840333e+00  5.435469e+00  4.987693e+00  4.439729e+00  
3.701481e+00  3.215033e+00  2.600634e+00  1.976023e+00  1.166660e+00  9.109200e-01  
6.907900e-01  6.631700e-01  6.473200e-01  6.467000e-01  6.452600e-01  6.399000e-01  
1.493618e+01  1.493615e+01  1.493616e+01  1.493620e+01  1.493631e+01  1.493663e+01  
1.493747e+01  1.493948e+01  1.494416e+01  1.495446e+01  1.497503e+01  1.500986e+01  
1.505635e+01  1.510326e+01  1.513575e+01  1.515264e+01  1.514546e+01  1.509960e+01  
1.501554e+01  1.489195e+01  1.472946e+01  1.452736e+01  1.423018e+01  1.391275e+01  
1.354835e+01  1.307839e+01  1.243359e+01  1.164016e+01  1.092774e+01  1.027716e+01  
9.684445e+00  9.143278e+00  8.649105e+00  8.196748e+00  7.780215e+00  7.391699e+00  
7.020076e+00  6.654614e+00  6.286771e+00  5.901846e+00  5.470789e+00  4.931045e+00  
4.177923e+00  3.663794e+00  2.991906e+00  2.279675e+00  1.305710e+00  9.903200e-01  
7.023500e-01  6.635800e-01  6.402600e-01  6.393900e-01  6.372600e-01  6.332200e-01  
1.491810e+01  1.491810e+01  1.491813e+01  1.491826e+01  1.491859e+01  1.491942e+01  
1.492144e+01  1.492613e+01  1.493655e+01  1.495787e+01  1.499524e+01  1.504755e+01  
1.510406e+01  1.514797e+01  1.517646e+01  1.518339e+01  1.515159e+01  1.508105e+01  
1.497229e+01  1.482781e+01  1.465328e+01  1.439734e+01  1.412753e+01  1.385571e+01  
1.353252e+01  1.310582e+01  1.251172e+01  1.177855e+01  1.111777e+01  1.051463e+01  
9.965863e+00  9.466304e+00  9.012060e+00  8.598610e+00  8.220558e+00  7.870440e+00  
7.537165e+00  7.210043e+00  6.880919e+00  6.535208e+00  6.142944e+00  5.636863e+00  
4.894840e+00  4.361477e+00  3.628339e+00  2.800621e+00  1.562856e+00  1.144610e+00  
7.334100e-01  6.735500e-01  6.332400e-01  6.310600e-01  6.281900e-01  6.260600e-01  
1.490921e+01  1.490923e+01  1.490933e+01  1.490957e+01  1.491020e+01  1.491175e+01  
1.491540e+01  1.492371e+01  1.494140e+01  1.497478e+01  1.502636e+01  1.508886e+01  
1.514548e+01  1.518570e+01  1.520979e+01  1.519958e+01  1.514824e+01  1.505865e+01  
1.493187e+01  1.477598e+01  1.457865e+01  1.430468e+01  1.406841e+01  1.382178e+01  
1.352161e+01  1.311881e+01  1.255302e+01  1.185315e+01  1.122182e+01  1.064679e+01  
1.012498e+01  9.651876e+00  9.223984e+00  8.837178e+00  8.486418e+00  8.164513e+00  
7.860394e+00  7.563528e+00  7.266350e+00  6.954968e+00  6.599778e+00  6.132130e+00  
5.420647e+00  4.889273e+00  4.131010e+00  3.234164e+00  1.800998e+00  1.290360e+00  
7.684500e-01  6.889600e-01  6.306500e-01  6.265500e-01  6.233700e-01  6.222700e-01  
1.490134e+01  1.490140e+01  1.490156e+01  1.490197e+01  1.490300e+01  1.490546e+01  
1.491119e+01  1.492389e+01  1.494974e+01  1.499464e+01  1.505687e+01  1.512382e+01  
1.517719e+01  1.521576e+01  1.523066e+01  1.520394e+01  1.513735e+01  1.503187e+01  
1.489296e+01  1.473033e+01  1.448136e+01  1.424252e+01  1.402783e+01  1.379870e+01  
1.351476e+01  1.312895e+01  1.258343e+01  1.190724e+01  1.129636e+01  1.073994e+01  
1.023483e+01  9.776792e+00  9.362408e+00  8.988661e+00  8.652281e+00  8.348577e+00  
8.070159e+00  7.807955e+00  7.550572e+00  7.274934e+00  6.945960e+00  6.505445e+00  
5.823558e+00  5.300679e+00  4.541082e+00  3.612024e+00  2.029260e+00  1.424270e+00  
8.021200e-01  7.070300e-01  6.306400e-01  6.239400e-01  6.210100e-01  6.199300e-01  
1.488660e+01  1.488672e+01  1.488696e+01  1.488757e+01  1.488908e+01  1.489267e+01  
1.490087e+01  1.491859e+01  1.495291e+01  1.500796e+01  1.507766e+01  1.514496e+01  
1.519582e+01  1.523176e+01  1.523482e+01  1.519452e+01  1.511468e+01  1.499657e+01  
1.484974e+01  1.467751e+01  1.440586e+01  1.419007e+01  1.399182e+01  1.377684e+01  
1.350659e+01  1.313533e+01  1.260621e+01  1.194761e+01  1.135032e+01  1.080536e+01  
1.031060e+01  9.863008e+00  9.460391e+00  9.100131e+00  8.779057e+00  8.492601e+00  
8.233252e+00  7.992158e+00  7.758596e+00  7.510220e+00  7.211552e+00  6.800662e+00  
6.148639e+00  5.641433e+00  4.886596e+00  3.935151e+00  2.238277e+00  1.557870e+00  
8.372200e-01  7.225000e-01  6.312400e-01  6.240600e-01  6.197600e-01  6.183400e-01  
1.487732e+01  1.487759e+01  1.487805e+01  1.487919e+01  1.488191e+01  1.488828e+01  
1.490245e+01  1.493140e+01  1.498195e+01  1.505251e+01  1.512944e+01  1.519271e+01  
1.524138e+01  1.526556e+01  1.524564e+01  1.518387e+01  1.508167e+01  1.494602e+01  
1.478997e+01  1.454332e+01  1.431424e+01  1.412786e+01  1.395172e+01  1.375528e+01  
1.350217e+01  1.314846e+01  1.263893e+01  1.200188e+01  1.142142e+01  1.089122e+01  
1.041023e+01  9.977166e+00  9.591277e+00  9.250485e+00  8.951811e+00  8.690795e+00  
8.459879e+00  8.250460e+00  8.052844e+00  7.845930e+00  7.595536e+00  7.240824e+00  
6.651864e+00  6.175455e+00  5.441135e+00  4.473298e+00  2.613815e+00  1.803035e+00  
9.065200e-01  7.596000e-01  6.350200e-01  6.234400e-01  6.174900e-01  6.163300e-01  
1.488026e+01  1.488072e+01  1.488146e+01  1.488328e+01  1.488758e+01  1.489740e+01  
1.491861e+01  1.495931e+01  1.502366e+01  1.510412e+01  1.518110e+01  1.524141e+01  
1.528619e+01  1.529398e+01  1.525596e+01  1.517622e+01  1.505711e+01  1.491115e+01  
1.473831e+01  1.446247e+01  1.426207e+01  1.409461e+01  1.393276e+01  1.374771e+01  
1.350445e+01  1.316023e+01  1.266119e+01  1.203645e+01  1.146645e+01  1.094624e+01  
1.047523e+01  1.005248e+01  9.677858e+00  9.349651e+00  9.065224e+00  8.820555e+00  
8.608577e+00  8.421377e+00  8.250214e+00  8.075154e+00  7.863519e+00  7.556220e+00  
7.024417e+00  6.578817e+00  5.870697e+00  4.904501e+00  2.941998e+00  2.030306e+00  
9.735700e-01  7.967600e-01  6.403700e-01  6.241300e-01  6.162400e-01  6.151000e-01  
1.490438e+01  1.490553e+01  1.490727e+01  1.491141e+01  1.492097e+01  1.494185e+01  
1.498288e+01  1.504994e+01  1.513699e+01  1.522445e+01  1.529512e+01  1.535129e+01  
1.537211e+01  1.534424e+01  1.527239e+01  1.515840e+01  1.501498e+01  1.485381e+01  
1.456983e+01  1.436236e+01  1.420143e+01  1.406172e+01  1.391984e+01  1.374907e+01  
1.351647e+01  1.318197e+01  1.269519e+01  1.208547e+01  1.152992e+01  1.102501e+01  
1.056960e+01  1.016306e+01  9.805172e+00  9.494741e+00  9.230061e+00  9.008301e+00  
8.824034e+00  8.671239e+00  8.543224e+00  8.422547e+00  8.280113e+00  8.062126e+00  
7.646241e+00  7.269071e+00  6.629555e+00  5.698843e+00  3.615329e+00  2.528940e+00  
1.131190e+00  8.869800e-01  6.569800e-01  6.290400e-01  6.149600e-01  6.134500e-01  
1.491370e+01  1.491584e+01  1.491897e+01  1.492631e+01  1.494277e+01  1.497683e+01  
1.503724e+01  1.512326e+01  1.521973e+01  1.530292e+01  1.537150e+01  1.541467e+01  
1.540866e+01  1.535566e+01  1.525749e+01  1.512271e+01  1.496947e+01  1.471543e+01  
1.447561e+01  1.430134e+01  1.416334e+01  1.404032e+01  1.391055e+01  1.374872e+01  
1.352314e+01  1.319438e+01  1.271278e+01  1.211027e+01  1.156225e+01  1.106581e+01  
1.061942e+01  1.022234e+01  9.874262e+00  9.574232e+00  9.320975e+00  9.112180e+00  
8.943257e+00  8.809268e+00  8.705282e+00  8.616609e+00  8.517852e+00  8.359983e+00  
8.029750e+00  7.710508e+00  7.142002e+00  6.269689e+00  4.142800e+00  2.935346e+00  
1.277420e+00  9.767000e-01  6.764600e-01  6.340700e-01  6.149400e-01  6.126200e-01  
1.491845e+01  1.492347e+01  1.493051e+01  1.494647e+01  1.498005e+01  1.504125e+01  
1.513135e+01  1.523633e+01  1.533051e+01  1.540926e+01  1.546535e+01  1.547143e+01  
1.542732e+01  1.533553e+01  1.520339e+01  1.505051e+01  1.480824e+01  1.454689e+01  
1.436381e+01  1.422664e+01  1.411539e+01  1.401158e+01  1.389551e+01  1.374378e+01  
1.352629e+01  1.320460e+01  1.272999e+01  1.213640e+01  1.159665e+01  1.110865e+01  
1.067097e+01  1.028294e+01  9.944445e+00  9.655096e+00  9.413890e+00  9.219326e+00  
9.067796e+00  8.955862e+00  8.880624e+00  8.830662e+00  8.785716e+00  8.705399e+00  
8.491859e+00  8.253508e+00  7.786537e+00  7.015801e+00  4.938047e+00  3.606639e+00  
1.540966e+00  1.137250e+00  7.156100e-01  6.516700e-01  6.162300e-01  6.117800e-01  
1.491975e+01  1.492881e+01  1.494111e+01  1.496797e+01  1.502027e+01  1.510440e+01  
1.521207e+01  1.531911e+01  1.540869e+01  1.548278e+01  1.551418e+01  1.549109e+01  
1.541847e+01  1.529920e+01  1.515033e+01  1.498206e+01  1.466397e+01  1.445175e+01  
1.429885e+01  1.418326e+01  1.408738e+01  1.399426e+01  1.388555e+01  1.373906e+01  
1.352564e+01  1.320786e+01  1.273794e+01  1.214955e+01  1.161450e+01  1.113079e+01  
1.069717e+01  1.031338e+01  9.979232e+00  9.694810e+00  9.459463e+00  9.272308e+00  
9.130719e+00  9.032216e+00  8.974659e+00  8.947422e+00  8.932965e+00  8.899405e+00  
8.763397e+00  8.581664e+00  8.187432e+00  7.490472e+00  5.505007e+00  4.148569e+00  
1.780951e+00  1.281880e+00  7.532900e-01  6.731800e-01  6.167600e-01  6.113500e-01  
1.491905e+01  1.493324e+01  1.495195e+01  1.499104e+01  1.506119e+01  1.516254e+01  
1.527846e+01  1.538148e+01  1.546971e+01  1.553154e+01  1.553877e+01  1.549338e+01  
1.539722e+01  1.525998e+01  1.510392e+01  1.483473e+01  1.457076e+01  1.438770e+01  
1.425496e+01  1.415387e+01  1.406823e+01  1.398221e+01  1.387850e+01  1.373574e+01  
1.352545e+01  1.321057e+01  1.274336e+01  1.215711e+01  1.162347e+01  1.114145e+01  
1.071041e+01  1.033004e+01  1.000052e+01  9.721323e+00  9.490893e+00  9.308087e+00  
9.171497e+00  9.079853e+00  9.031818e+00  9.017871e+00  9.023378e+00  9.023727e+00  
8.940120e+00  8.793887e+00  8.459245e+00  7.849473e+00  5.972471e+00  4.569410e+00  
1.989045e+00  1.419690e+00  7.929200e-01  6.914200e-01  6.221100e-01  6.111000e-01  
1.491700e+01  1.493737e+01  1.496341e+01  1.501518e+01  1.510106e+01  1.521459e+01  
1.533206e+01  1.543192e+01  1.551746e+01  1.556256e+01  1.555009e+01  1.548545e+01  
1.537066e+01  1.522210e+01  1.506029e+01  1.473341e+01  1.450289e+01  1.434036e+01  
1.422233e+01  1.413177e+01  1.405349e+01  1.397256e+01  1.387251e+01  1.373259e+01  
1.352483e+01  1.321240e+01  1.274744e+01  1.216290e+01  1.163050e+01  1.114995e+01  
1.072056e+01  1.034216e+01  1.001451e+01  9.737535e+00  9.510375e+00  9.332118e+00  
9.200565e+00  9.113961e+00  9.071784e+00  9.066509e+00  9.085667e+00  9.106651e+00  
9.062568e+00  8.953417e+00  8.671700e+00  8.110310e+00  6.301606e+00  4.941566e+00  
2.204702e+00  1.549637e+00  8.292900e-01  7.119900e-01  6.217500e-01  6.109300e-01  
1.491676e+01  1.495233e+01  1.499470e+01  1.507076e+01  1.518065e+01  1.530659e+01  
1.541924e+01  1.551718e+01  1.558729e+01  1.559970e+01  1.555662e+01  1.546060e+01  
1.531996e+01  1.516133e+01  1.487843e+01  1.460281e+01  1.441341e+01  1.427900e+01  
1.418118e+01  1.410481e+01  1.403621e+01  1.396183e+01  1.386624e+01  1.372953e+01  
1.352435e+01  1.321423e+01  1.275160e+01  1.216949e+01  1.163919e+01  1.116093e+01  
1.073420e+01  1.035848e+01  1.003392e+01  9.760222e+00  9.536798e+00  9.362809e+00  
9.236494e+00  9.156526e+00  9.123137e+00  9.130009e+00  9.167197e+00  9.217026e+00  
9.225359e+00  9.162027e+00  8.955112e+00  8.491272e+00  6.842703e+00  5.519646e+00  
2.590852e+00  1.788350e+00  9.011700e-01  7.512600e-01  6.277900e-01  6.107100e-01  
1.491785e+01  1.497187e+01  1.502613e+01  1.512733e+01  1.525336e+01  1.538077e+01  
1.548961e+01  1.557792e+01  1.563182e+01  1.562279e+01  1.554963e+01  1.542877e+01  
1.527492e+01  1.510604e+01  1.475251e+01  1.451916e+01  1.435605e+01  1.424046e+01  
1.415602e+01  1.408885e+01  1.402641e+01  1.395609e+01  1.386318e+01  1.372828e+01  
1.352441e+01  1.321536e+01  1.275390e+01  1.217347e+01  1.164473e+01  1.116812e+01  
1.074290e+01  1.036888e+01  1.004608e+01  9.774243e+00  9.553007e+00  9.381726e+00  
9.258649e+00  9.182778e+00  9.154747e+00  9.169147e+00  9.217543e+00  9.285633e+00  
9.327913e+00  9.295341e+00  9.141628e+00  8.751974e+00  7.241316e+00  5.967030e+00  
2.927846e+00  2.004644e+00  9.696600e-01  7.896500e-01  6.346100e-01  6.105800e-01  
