8.355793e-01  8.355800e-01  8.355803e-01  8.355810e-01  8.355819e-01  8.355835e-01  
8.355859e-01  8.355897e-01  8.355958e-01  8.356055e-01  8.356208e-01  8.356450e-01  
8.356834e-01  8.357443e-01  8.358409e-01  8.359938e-01  8.362363e-01  8.366205e-01  
8.372295e-01  8.381949e-01  8.397252e-01  8.421515e-01  8.460007e-01  8.521156e-01  
8.618628e-01  8.775264e-01  9.029395e-01  9.383902e-01  9.750926e-01  1.013084e+00  
1.052493e+00  1.093480e+00  1.136261e+00  1.181066e+00  1.228175e+00  1.278060e+00  
1.331490e+00  1.388350e+00  1.445780e+00  1.496660e+00  1.533190e+00  1.554750e+00  
1.568290e+00  1.577160e+00  1.587760e+00  1.595930e+00  1.596760e+00  1.595890e+00  
1.596630e+00  1.596850e+00  1.596750e+00  1.596670e+00  1.596780e+00  1.596720e+00  
1.152886e+00  1.152887e+00  1.152887e+00  1.152888e+00  1.152889e+00  1.152891e+00  
1.152894e+00  1.152899e+00  1.152907e+00  1.152919e+00  1.152938e+00  1.152969e+00  
1.153017e+00  1.153094e+00  1.153216e+00  1.153408e+00  1.153714e+00  1.154198e+00  
1.154964e+00  1.156182e+00  1.158110e+00  1.161167e+00  1.166019e+00  1.173730e+00  
1.186035e+00  1.205862e+00  1.238179e+00  1.283517e+00  1.330666e+00  1.379643e+00  
1.430467e+00  1.483045e+00  1.537310e+00  1.593044e+00  1.649979e+00  1.707720e+00  
1.765610e+00  1.822720e+00  1.877750e+00  1.928880e+00  1.973890e+00  2.010840e+00  
2.034240e+00  2.036120e+00  2.027530e+00  2.015600e+00  2.032410e+00  2.048370e+00  
2.043440e+00  2.040100e+00  2.040720e+00  2.041550e+00  2.039590e+00  2.040900e+00  
1.444938e+00  1.444939e+00  1.444939e+00  1.444940e+00  1.444942e+00  1.444944e+00  
1.444948e+00  1.444953e+00  1.444962e+00  1.444977e+00  1.444999e+00  1.445035e+00  
1.445092e+00  1.445182e+00  1.445325e+00  1.445551e+00  1.445910e+00  1.446478e+00  
1.447379e+00  1.448806e+00  1.451070e+00  1.454659e+00  1.460353e+00  1.469400e+00  
1.483824e+00  1.507019e+00  1.544696e+00  1.597313e+00  1.651729e+00  1.707921e+00  
1.765808e+00  1.825278e+00  1.886113e+00  1.948025e+00  2.010584e+00  2.073230e+00  
2.135090e+00  2.194990e+00  2.251340e+00  2.302110e+00  2.345060e+00  2.379130e+00  
2.400190e+00  2.401560e+00  2.393450e+00  2.383290e+00  2.404480e+00  2.421680e+00  
2.414000e+00  2.410010e+00  2.411070e+00  2.412120e+00  2.410000e+00  2.411360e+00  
1.944233e+00  1.944235e+00  1.944235e+00  1.944237e+00  1.944239e+00  1.944242e+00  
1.944248e+00  1.944256e+00  1.944270e+00  1.944291e+00  1.944325e+00  1.944379e+00  
1.944464e+00  1.944599e+00  1.944813e+00  1.945152e+00  1.945690e+00  1.946542e+00  
1.947893e+00  1.950034e+00  1.953427e+00  1.958805e+00  1.967326e+00  1.980815e+00  
2.002125e+00  2.035634e+00  2.087962e+00  2.157267e+00  2.224468e+00  2.289428e+00  
2.352320e+00  2.413822e+00  2.474966e+00  2.535888e+00  2.596497e+00  2.656940e+00  
2.717700e+00  2.778510e+00  2.836910e+00  2.887980e+00  2.926920e+00  2.954740e+00  
2.972810e+00  2.978490e+00  2.985770e+00  2.993510e+00  2.999180e+00  2.999960e+00  
2.999080e+00  2.998910e+00  2.999110e+00  2.999130e+00  2.999170e+00  2.999120e+00  
2.374677e+00  2.374679e+00  2.374680e+00  2.374682e+00  2.374684e+00  2.374688e+00  
2.374695e+00  2.374706e+00  2.374722e+00  2.374749e+00  2.374791e+00  2.374857e+00  
2.374963e+00  2.375130e+00  2.375395e+00  2.375815e+00  2.376480e+00  2.377536e+00  
2.379209e+00  2.381860e+00  2.386062e+00  2.392719e+00  2.403260e+00  2.419909e+00  
2.446077e+00  2.486702e+00  2.548661e+00  2.628016e+00  2.701670e+00  2.769638e+00  
2.832633e+00  2.892416e+00  2.951507e+00  3.010343e+00  3.068532e+00  3.125800e+00  
3.181750e+00  3.235570e+00  3.285680e+00  3.329650e+00  3.365170e+00  3.392570e+00  
3.412360e+00  3.419980e+00  3.429900e+00  3.440340e+00  3.448610e+00  3.449300e+00  
3.446500e+00  3.446050e+00  3.446420e+00  3.446430e+00  3.446530e+00  3.446460e+00  
2.750178e+00  2.750180e+00  2.750181e+00  2.750183e+00  2.750186e+00  2.750191e+00  
2.750199e+00  2.750211e+00  2.750230e+00  2.750261e+00  2.750309e+00  2.750386e+00  
2.750508e+00  2.750700e+00  2.751006e+00  2.751489e+00  2.752256e+00  2.753473e+00  
2.755401e+00  2.758456e+00  2.763298e+00  2.770968e+00  2.783104e+00  2.802245e+00  
2.832213e+00  2.878283e+00  2.947253e+00  3.033180e+00  3.109936e+00  3.177731e+00  
3.237818e+00  3.292991e+00  3.347138e+00  3.400947e+00  3.453929e+00  3.505510e+00  
3.554750e+00  3.600580e+00  3.642150e+00  3.678930e+00  3.710420e+00  3.736630e+00  
3.757690e+00  3.767100e+00  3.779330e+00  3.791900e+00  3.802030e+00  3.802660e+00  
3.798660e+00  3.798010e+00  3.798490e+00  3.798510e+00  3.798660e+00  3.798590e+00  
3.106303e+00  3.106305e+00  3.106306e+00  3.106307e+00  3.106310e+00  3.106314e+00  
3.106321e+00  3.106331e+00  3.106347e+00  3.106373e+00  3.106414e+00  3.106479e+00  
3.106582e+00  3.106745e+00  3.107004e+00  3.107414e+00  3.108064e+00  3.109095e+00  
3.110727e+00  3.113317e+00  3.117422e+00  3.123929e+00  3.134237e+00  3.150550e+00  
3.176297e+00  3.216714e+00  3.279602e+00  3.362277e+00  3.441265e+00  3.515716e+00  
3.584767e+00  3.647548e+00  3.703369e+00  3.751728e+00  3.792777e+00  3.827720e+00  
3.859520e+00  3.890720e+00  3.921240e+00  3.950870e+00  3.979640e+00  4.008780e+00  
4.038900e+00  4.053140e+00  4.064750e+00  4.071990e+00  4.084030e+00  4.087480e+00  
4.082100e+00  4.080870e+00  4.081510e+00  4.081600e+00  4.081990e+00  4.081750e+00  
3.677257e+00  3.677259e+00  3.677260e+00  3.677262e+00  3.677264e+00  3.677269e+00  
3.677275e+00  3.677286e+00  3.677303e+00  3.677330e+00  3.677373e+00  3.677441e+00  
3.677549e+00  3.677720e+00  3.677991e+00  3.678420e+00  3.679099e+00  3.680177e+00  
3.681887e+00  3.684596e+00  3.688892e+00  3.695702e+00  3.706483e+00  3.723520e+00  
3.750321e+00  3.792052e+00  3.856030e+00  3.938386e+00  4.014766e+00  4.084158e+00  
4.145590e+00  4.198123e+00  4.241069e+00  4.274147e+00  4.297927e+00  4.314420e+00  
4.328010e+00  4.342510e+00  4.358530e+00  4.376640e+00  4.397850e+00  4.424140e+00  
4.456860e+00  4.473730e+00  4.485820e+00  4.491120e+00  4.503610e+00  4.508640e+00  
4.503690e+00  4.502390e+00  4.503080e+00  4.503150e+00  4.503620e+00  4.503360e+00  
4.119117e+00  4.119119e+00  4.119121e+00  4.119123e+00  4.119126e+00  4.119132e+00  
4.119141e+00  4.119155e+00  4.119176e+00  4.119211e+00  4.119266e+00  4.119354e+00  
4.119492e+00  4.119711e+00  4.120059e+00  4.120610e+00  4.121483e+00  4.122868e+00  
4.125063e+00  4.128543e+00  4.134059e+00  4.142795e+00  4.156602e+00  4.178313e+00  
4.212060e+00  4.263012e+00  4.336646e+00  4.423389e+00  4.494079e+00  4.548510e+00  
4.587610e+00  4.613842e+00  4.630989e+00  4.640641e+00  4.644612e+00  4.646550e+00  
4.653030e+00  4.668550e+00  4.690030e+00  4.708280e+00  4.716600e+00  4.725590e+00  
4.746360e+00  4.759890e+00  4.774000e+00  4.785210e+00  4.796170e+00  4.797750e+00  
4.796400e+00  4.796100e+00  4.796390e+00  4.796540e+00  4.796420e+00  4.796550e+00  
5.045029e+00  5.045031e+00  5.045031e+00  5.045033e+00  5.045035e+00  5.045038e+00  
5.045044e+00  5.045052e+00  5.045066e+00  5.045088e+00  5.045122e+00  5.045178e+00  
5.045265e+00  5.045404e+00  5.045624e+00  5.045972e+00  5.046525e+00  5.047402e+00  
5.048794e+00  5.051003e+00  5.054506e+00  5.060058e+00  5.068829e+00  5.082611e+00  
5.104021e+00  5.136343e+00  5.183074e+00  5.238135e+00  5.282609e+00  5.315541e+00  
5.336032e+00  5.343472e+00  5.337760e+00  5.319279e+00  5.290085e+00  5.253912e+00  
5.218070e+00  5.188820e+00  5.168130e+00  5.157990e+00  5.160390e+00  5.175400e+00  
5.201180e+00  5.214070e+00  5.216300e+00  5.208190e+00  5.213610e+00  5.222640e+00  
5.225950e+00  5.225770e+00  5.226050e+00  5.225920e+00  5.226540e+00  5.226210e+00  
5.657270e+00  5.657272e+00  5.657273e+00  5.657275e+00  5.657278e+00  5.657283e+00  
5.657291e+00  5.657303e+00  5.657321e+00  5.657351e+00  5.657400e+00  5.657476e+00  
5.657597e+00  5.657789e+00  5.658093e+00  5.658575e+00  5.659339e+00  5.660553e+00  
5.662480e+00  5.665537e+00  5.670383e+00  5.678045e+00  5.690094e+00  5.708817e+00  
5.737081e+00  5.776491e+00  5.824289e+00  5.864160e+00  5.875546e+00  5.860942e+00  
5.825227e+00  5.776441e+00  5.724611e+00  5.672754e+00  5.622430e+00  5.575442e+00  
5.535050e+00  5.503190e+00  5.478810e+00  5.457880e+00  5.437910e+00  5.425100e+00  
5.426370e+00  5.430160e+00  5.427490e+00  5.418990e+00  5.417710e+00  5.421230e+00  
5.432620e+00  5.434300e+00  5.433750e+00  5.433770e+00  5.433570e+00  5.433690e+00  
6.593925e+00  6.593926e+00  6.593927e+00  6.593928e+00  6.593929e+00  6.593932e+00  
6.593936e+00  6.593942e+00  6.593951e+00  6.593967e+00  6.593991e+00  6.594030e+00  
6.594090e+00  6.594188e+00  6.594342e+00  6.594589e+00  6.594979e+00  6.595601e+00  
6.596593e+00  6.598173e+00  6.600678e+00  6.604622e+00  6.610747e+00  6.620008e+00  
6.633034e+00  6.647412e+00  6.653517e+00  6.634743e+00  6.586168e+00  6.511781e+00  
6.418162e+00  6.315282e+00  6.214458e+00  6.119472e+00  6.031655e+00  5.952130e+00  
5.882950e+00  5.824910e+00  5.775880e+00  5.729770e+00  5.682770e+00  5.643330e+00  
5.620450e+00  5.611870e+00  5.593110e+00  5.568530e+00  5.554130e+00  5.556770e+00  
5.574350e+00  5.577060e+00  5.575870e+00  5.575880e+00  5.575450e+00  5.575690e+00  
7.258880e+00  7.258880e+00  7.258880e+00  7.258880e+00  7.258880e+00  7.258880e+00  
7.258880e+00  7.258879e+00  7.258879e+00  7.258879e+00  7.258879e+00  7.258878e+00  
7.258878e+00  7.258878e+00  7.258877e+00  7.258877e+00  7.258881e+00  7.258892e+00  
7.258918e+00  7.258969e+00  7.259051e+00  7.259145e+00  7.259142e+00  7.258649e+00  
7.256089e+00  7.245367e+00  7.211014e+00  7.137439e+00  7.035144e+00  6.909295e+00  
6.767737e+00  6.621704e+00  6.483480e+00  6.356785e+00  6.242512e+00  6.140448e+00  
6.050570e+00  5.972260e+00  5.902870e+00  5.836110e+00  5.767970e+00  5.706800e+00  
5.661650e+00  5.641920e+00  5.612450e+00  5.579850e+00  5.556860e+00  5.557060e+00  
5.572480e+00  5.574950e+00  5.573620e+00  5.573610e+00  5.573140e+00  5.573390e+00  
7.772063e+00  7.772062e+00  7.772061e+00  7.772061e+00  7.772059e+00  7.772057e+00  
7.772053e+00  7.772047e+00  7.772038e+00  7.772023e+00  7.771999e+00  7.771961e+00  
7.771901e+00  7.771808e+00  7.771660e+00  7.771428e+00  7.771063e+00  7.770493e+00  
7.769601e+00  7.768198e+00  7.765975e+00  7.762401e+00  7.756567e+00  7.746809e+00  
7.729497e+00  7.695286e+00  7.623839e+00  7.501210e+00  7.351917e+00  7.182144e+00  
7.000529e+00  6.818890e+00  6.650276e+00  6.498008e+00  6.362405e+00  6.241973e+00  
6.134859e+00  6.039190e+00  5.952290e+00  5.868420e+00  5.783840e+00  5.705330e+00  
5.640690e+00  5.611610e+00  5.575900e+00  5.541270e+00  5.513560e+00  5.510550e+00  
5.518300e+00  5.519650e+00  5.518510e+00  5.518470e+00  5.518140e+00  5.518320e+00  
8.188283e+00  8.188281e+00  8.188280e+00  8.188278e+00  8.188275e+00  8.188271e+00  
8.188263e+00  8.188252e+00  8.188233e+00  8.188204e+00  8.188159e+00  8.188086e+00  
8.187971e+00  8.187791e+00  8.187505e+00  8.187054e+00  8.186345e+00  8.185232e+00  
8.183481e+00  8.180719e+00  8.176336e+00  8.169327e+00  8.158034e+00  8.139606e+00  
8.108537e+00  8.052618e+00  7.947380e+00  7.780818e+00  7.590258e+00  7.382594e+00  
7.166891e+00  6.955152e+00  6.760794e+00  6.586861e+00  6.432896e+00  6.296382e+00  
6.173907e+00  6.062720e+00  5.960350e+00  5.861990e+00  5.764310e+00  5.671750e+00  
5.590280e+00  5.553390e+00  5.514300e+00  5.481020e+00  5.451040e+00  5.444600e+00  
5.442070e+00  5.441880e+00  5.441130e+00  5.441060e+00  5.440930e+00  5.441010e+00  
8.802612e+00  8.802610e+00  8.802608e+00  8.802606e+00  8.802603e+00  8.802598e+00  
8.802589e+00  8.802576e+00  8.802555e+00  8.802521e+00  8.802469e+00  8.802386e+00  
8.802254e+00  8.802046e+00  8.801718e+00  8.801203e+00  8.800394e+00  8.799125e+00  
8.797132e+00  8.793985e+00  8.788966e+00  8.780874e+00  8.767669e+00  8.745465e+00  
8.705628e+00  8.625442e+00  8.458153e+00  8.187203e+00  7.895175e+00  7.614446e+00  
7.351325e+00  7.107269e+00  6.884267e+00  6.682398e+00  6.499395e+00  6.332103e+00  
6.177569e+00  6.034210e+00  5.901570e+00  5.778430e+00  5.663150e+00  5.552080e+00  
5.443480e+00  5.392800e+00  5.348180e+00  5.318720e+00  5.286350e+00  5.273150e+00  
5.254220e+00  5.251390e+00  5.251010e+00  5.251340e+00  5.250890e+00  5.251140e+00  
9.304308e+00  9.304303e+00  9.304300e+00  9.304295e+00  9.304286e+00  9.304273e+00  
9.304254e+00  9.304223e+00  9.304173e+00  9.304095e+00  9.303970e+00  9.303773e+00  
9.303461e+00  9.302969e+00  9.302190e+00  9.300964e+00  9.299031e+00  9.295985e+00  
9.291180e+00  9.283573e+00  9.271477e+00  9.252194e+00  9.221418e+00  9.172082e+00  
9.092316e+00  8.961097e+00  8.742513e+00  8.434176e+00  8.116385e+00  7.796183e+00  
7.482303e+00  7.185761e+00  6.918109e+00  6.681407e+00  6.472372e+00  6.285886e+00  
6.114533e+00  5.953360e+00  5.801870e+00  5.658820e+00  5.522890e+00  5.391250e+00  
5.263850e+00  5.205590e+00  5.156090e+00  5.124640e+00  5.087720e+00  5.072590e+00  
5.044340e+00  5.040310e+00  5.040470e+00  5.040320e+00  5.040700e+00  5.040470e+00  
1.016297e+01  1.016296e+01  1.016295e+01  1.016294e+01  1.016293e+01  1.016290e+01  
1.016287e+01  1.016280e+01  1.016271e+01  1.016256e+01  1.016231e+01  1.016193e+01  
1.016132e+01  1.016036e+01  1.015885e+01  1.015646e+01  1.015270e+01  1.014675e+01  
1.013734e+01  1.012243e+01  1.009870e+01  1.006098e+01  1.000099e+01  9.905765e+00  
9.755532e+00  9.522282e+00  9.167417e+00  8.713387e+00  8.289650e+00  7.894749e+00  
7.527412e+00  7.187273e+00  6.873945e+00  6.586477e+00  6.322920e+00  6.080570e+00  
5.856100e+00  5.647881e+00  5.457050e+00  5.282910e+00  5.122800e+00  4.965350e+00  
4.801540e+00  4.721690e+00  4.652210e+00  4.607090e+00  4.556370e+00  4.539630e+00  
4.519300e+00  4.516570e+00  4.515890e+00  4.515860e+00  4.515910e+00  4.515720e+00  
1.061558e+01  1.061557e+01  1.061556e+01  1.061555e+01  1.061553e+01  1.061550e+01  
1.061545e+01  1.061538e+01  1.061526e+01  1.061507e+01  1.061477e+01  1.061429e+01  
1.061353e+01  1.061235e+01  1.061047e+01  1.060752e+01  1.060286e+01  1.059551e+01  
1.058387e+01  1.056536e+01  1.053589e+01  1.048902e+01  1.041441e+01  1.029598e+01  
1.010961e+01  9.821915e+00  9.388654e+00  8.841068e+00  8.336833e+00  7.873477e+00  
7.448543e+00  7.060150e+00  6.707279e+00  6.387085e+00  6.095867e+00  5.829198e+00  
5.581165e+00  5.348011e+00  5.130741e+00  4.929150e+00  4.740890e+00  4.558070e+00  
4.374800e+00  4.285610e+00  4.202050e+00  4.140350e+00  4.074180e+00  4.059180e+00  
4.055270e+00  4.055380e+00  4.053710e+00  4.053390e+00  4.053090e+00  4.053030e+00  
1.104316e+01  1.104315e+01  1.104314e+01  1.104313e+01  1.104311e+01  1.104307e+01  
1.104302e+01  1.104295e+01  1.104281e+01  1.104261e+01  1.104229e+01  1.104180e+01  
1.104101e+01  1.103977e+01  1.103783e+01  1.103476e+01  1.102995e+01  1.102233e+01  
1.101022e+01  1.099086e+01  1.095999e+01  1.091060e+01  1.083141e+01  1.070442e+01  
1.050028e+01  1.016875e+01  9.632720e+00  8.923682e+00  8.268839e+00  7.698500e+00  
7.206563e+00  6.778564e+00  6.400477e+00  6.057657e+00  5.732240e+00  5.416434e+00  
5.118832e+00  4.845307e+00  4.592861e+00  4.354340e+00  4.124530e+00  3.910510e+00  
3.714960e+00  3.619510e+00  3.522840e+00  3.445590e+00  3.372300e+00  3.356160e+00  
3.348920e+00  3.348180e+00  3.346580e+00  3.346250e+00  3.346130e+00  3.345820e+00  
1.141349e+01  1.141347e+01  1.141346e+01  1.141344e+01  1.141342e+01  1.141337e+01  
1.141330e+01  1.141319e+01  1.141301e+01  1.141274e+01  1.141230e+01  1.141161e+01  
1.141051e+01  1.140879e+01  1.140610e+01  1.140185e+01  1.139515e+01  1.138453e+01  
1.136758e+01  1.134053e+01  1.129736e+01  1.122833e+01  1.111815e+01  1.094354e+01  
1.067020e+01  1.025398e+01  9.642553e+00  8.889299e+00  8.215049e+00  7.611668e+00  
7.073424e+00  6.592241e+00  6.160285e+00  5.771282e+00  5.418602e+00  5.094578e+00  
4.789356e+00  4.496537e+00  4.217371e+00  3.954995e+00  3.710910e+00  3.481150e+00  
3.264710e+00  3.162540e+00  3.063570e+00  2.987620e+00  2.912690e+00  2.893360e+00  
2.875920e+00  2.873780e+00  2.872410e+00  2.872210e+00  2.872100e+00  2.872000e+00  
1.161226e+01  1.161224e+01  1.161223e+01  1.161221e+01  1.161218e+01  1.161213e+01  
1.161205e+01  1.161193e+01  1.161174e+01  1.161144e+01  1.161096e+01  1.161021e+01  
1.160902e+01  1.160716e+01  1.160424e+01  1.159965e+01  1.159241e+01  1.158088e+01  
1.156241e+01  1.153293e+01  1.148576e+01  1.141013e+01  1.128936e+01  1.109815e+01  
1.079919e+01  1.034647e+01  9.686695e+00  8.879095e+00  8.162732e+00  7.525941e+00  
6.960203e+00  6.454847e+00  5.999361e+00  5.587003e+00  5.211822e+00  4.867199e+00  
4.544883e+00  4.239261e+00  3.950253e+00  3.678433e+00  3.424120e+00  3.184230e+00  
2.958140e+00  2.851420e+00  2.748590e+00  2.670130e+00  2.592590e+00  2.572520e+00  
2.553900e+00  2.551550e+00  2.550110e+00  2.549930e+00  2.549810e+00  2.550140e+00  
1.175364e+01  1.175362e+01  1.175360e+01  1.175359e+01  1.175355e+01  1.175350e+01  
1.175342e+01  1.175330e+01  1.175308e+01  1.175277e+01  1.175227e+01  1.175147e+01  
1.175023e+01  1.174828e+01  1.174522e+01  1.174044e+01  1.173285e+01  1.172070e+01  
1.170124e+01  1.167010e+01  1.162013e+01  1.153985e+01  1.141166e+01  1.120868e+01  
1.089174e+01  1.041376e+01  9.720836e+00  8.875676e+00  8.130354e+00  7.471010e+00  
6.886218e+00  6.363325e+00  5.890301e+00  5.460288e+00  5.068026e+00  4.707844e+00  
4.372935e+00  4.058375e+00  3.762828e+00  3.484803e+00  3.223359e+00  2.976870e+00  
2.744600e+00  2.634480e+00  2.527450e+00  2.444960e+00  2.364350e+00  2.344270e+00  
2.327370e+00  2.325260e+00  2.323630e+00  2.323460e+00  2.323270e+00  2.323880e+00  
1.194442e+01  1.194440e+01  1.194438e+01  1.194436e+01  1.194433e+01  1.194427e+01  
1.194419e+01  1.194404e+01  1.194383e+01  1.194350e+01  1.194296e+01  1.194213e+01  
1.194082e+01  1.193879e+01  1.193564e+01  1.193066e+01  1.192272e+01  1.190990e+01  
1.188933e+01  1.185623e+01  1.180275e+01  1.171658e+01  1.157900e+01  1.136092e+01  
1.102127e+01  1.051188e+01  9.778119e+00  8.886883e+00  8.106270e+00  7.420296e+00  
6.812963e+00  6.269075e+00  5.775010e+00  5.324074e+00  4.911572e+00  4.532646e+00  
4.181728e+00  3.854436e+00  3.548409e+00  3.260416e+00  2.988108e+00  2.730720e+00  
2.486770e+00  2.369880e+00  2.255350e+00  2.166230e+00  2.079440e+00  2.058530e+00  
2.043030e+00  2.041180e+00  2.039350e+00  2.039160e+00  2.038920e+00  2.039130e+00  
1.206789e+01  1.206787e+01  1.206785e+01  1.206783e+01  1.206779e+01  1.206773e+01  
1.206764e+01  1.206750e+01  1.206728e+01  1.206694e+01  1.206639e+01  1.206555e+01  
1.206425e+01  1.206221e+01  1.205907e+01  1.205409e+01  1.204603e+01  1.203299e+01  
1.201198e+01  1.197793e+01  1.192252e+01  1.183318e+01  1.169028e+01  1.146365e+01  
1.111156e+01  1.058505e+01  9.829420e+00  8.913983e+00  8.115399e+00  7.415918e+00  
6.797515e+00  6.243704e+00  5.740325e+00  5.280509e+00  4.859372e+00  4.471765e+00  
4.111790e+00  3.774944e+00  3.459108e+00  3.161616e+00  2.879905e+00  2.611533e+00  
2.354260e+00  2.229670e+00  2.107840e+00  2.013120e+00  1.919630e+00  1.896700e+00  
1.879230e+00  1.877210e+00  1.875350e+00  1.875120e+00  1.874900e+00  1.874250e+00  
1.222931e+01  1.222929e+01  1.222927e+01  1.222925e+01  1.222921e+01  1.222916e+01  
1.222907e+01  1.222893e+01  1.222870e+01  1.222837e+01  1.222784e+01  1.222705e+01  
1.222583e+01  1.222400e+01  1.222112e+01  1.221643e+01  1.220868e+01  1.219607e+01  
1.217528e+01  1.214080e+01  1.208412e+01  1.199235e+01  1.184461e+01  1.161092e+01  
1.124943e+01  1.071053e+01  9.938624e+00  9.005317e+00  8.195145e+00  7.484175e+00  
6.855539e+00  6.293166e+00  5.783495e+00  5.318879e+00  4.893077e+00  4.499170e+00  
4.128959e+00  3.776914e+00  3.442454e+00  3.125489e+00  2.823919e+00  2.530240e+00  
2.238580e+00  2.092580e+00  1.946290e+00  1.829760e+00  1.714790e+00  1.685660e+00  
1.662010e+00  1.659240e+00  1.657020e+00  1.656700e+00  1.656480e+00  1.655840e+00  
1.229131e+01  1.229129e+01  1.229127e+01  1.229125e+01  1.229122e+01  1.229115e+01  
1.229107e+01  1.229094e+01  1.229073e+01  1.229041e+01  1.228994e+01  1.228924e+01  
1.228822e+01  1.228667e+01  1.228419e+01  1.227998e+01  1.227294e+01  1.226121e+01  
1.224127e+01  1.220740e+01  1.215148e+01  1.205995e+01  1.191242e+01  1.168007e+01  
1.132196e+01  1.078977e+01  1.002508e+01  9.099980e+00  8.295861e+00  7.586145e+00  
6.956711e+00  6.393530e+00  5.884708e+00  5.422113e+00  4.998367e+00  4.605087e+00  
4.232097e+00  3.872694e+00  3.527119e+00  3.196611e+00  2.879106e+00  2.564014e+00  
2.240450e+00  2.072450e+00  1.895980e+00  1.749440e+00  1.609040e+00  1.574810e+00  
1.547310e+00  1.543850e+00  1.540820e+00  1.540510e+00  1.540170e+00  1.541510e+00  
1.232407e+01  1.232405e+01  1.232404e+01  1.232401e+01  1.232398e+01  1.232393e+01  
1.232386e+01  1.232374e+01  1.232356e+01  1.232330e+01  1.232296e+01  1.232251e+01  
1.232193e+01  1.232101e+01  1.231929e+01  1.231617e+01  1.231064e+01  1.230051e+01  
1.228185e+01  1.224950e+01  1.219464e+01  1.210359e+01  1.195794e+01  1.173038e+01  
1.138275e+01  1.086893e+01  1.013465e+01  9.248510e+00  8.473641e+00  7.785281e+00  
7.170705e+00  6.617119e+00  6.113596e+00  5.653096e+00  5.229504e+00  4.835793e+00  
4.463321e+00  4.105159e+00  3.757916e+00  3.416651e+00  3.074374e+00  2.719800e+00  
2.337298e+00  2.128297e+00  1.899030e+00  1.697440e+00  1.494930e+00  1.451950e+00  
1.424930e+00  1.421530e+00  1.415660e+00  1.414500e+00  1.415090e+00  1.419350e+00  
1.227093e+01  1.227091e+01  1.227089e+01  1.227087e+01  1.227084e+01  1.227080e+01  
1.227074e+01  1.227064e+01  1.227051e+01  1.227035e+01  1.227020e+01  1.227008e+01  
1.227001e+01  1.226976e+01  1.226896e+01  1.226723e+01  1.226339e+01  1.225491e+01  
1.223826e+01  1.220833e+01  1.215574e+01  1.206863e+01  1.193032e+01  1.171597e+01  
1.139075e+01  1.090635e+01  1.021974e+01  9.379164e+00  8.630042e+00  7.955340e+00  
7.347216e+00  6.797903e+00  6.300695e+00  5.848798e+00  5.434961e+00  5.050625e+00  
4.684969e+00  4.329481e+00  3.980633e+00  3.633382e+00  3.278451e+00  2.896924e+00  
2.464603e+00  2.220160e+00  1.948440e+00  1.705250e+00  1.442410e+00  1.380570e+00  
1.358080e+00  1.357050e+00  1.348030e+00  1.345600e+00  1.347920e+00  1.352590e+00  
1.223911e+01  1.223908e+01  1.223907e+01  1.223905e+01  1.223903e+01  1.223899e+01  
1.223894e+01  1.223887e+01  1.223879e+01  1.223873e+01  1.223877e+01  1.223899e+01  
1.223938e+01  1.223969e+01  1.223975e+01  1.223915e+01  1.223645e+01  1.222891e+01  
1.221342e+01  1.218397e+01  1.213152e+01  1.204540e+01  1.190969e+01  1.170152e+01  
1.138685e+01  1.091956e+01  1.026161e+01  9.455968e+00  8.733658e+00  8.080417e+00  
7.489322e+00  6.953428e+00  6.466668e+00  6.022852e+00  5.615244e+00  5.235836e+00  
4.874238e+00  4.521979e+00  4.174877e+00  3.826603e+00  3.465297e+00  3.066597e+00  
2.598286e+00  2.325161e+00  2.013836e+00  1.730430e+00  1.415610e+00  1.339080e+00  
1.316140e+00  1.316020e+00  1.304760e+00  1.301570e+00  1.304960e+00  1.308940e+00  
1.220430e+01  1.220427e+01  1.220426e+01  1.220424e+01  1.220423e+01  1.220418e+01  
1.220415e+01  1.220410e+01  1.220408e+01  1.220413e+01  1.220438e+01  1.220494e+01  
1.220577e+01  1.220664e+01  1.220757e+01  1.220798e+01  1.220611e+01  1.219938e+01  
1.218461e+01  1.215497e+01  1.210235e+01  1.201669e+01  1.188291e+01  1.167985e+01  
1.137149e+01  1.092349e+01  1.029091e+01  9.514488e+00  8.815587e+00  8.181271e+00  
7.605548e+00  7.082016e+00  6.605219e+00  6.169412e+00  5.768376e+00  5.394529e+00  
5.037921e+00  4.690151e+00  4.346518e+00  3.999642e+00  3.635462e+00  3.224808e+00  
2.728166e+00  2.431213e+00  2.086024e+00  1.766560e+00  1.403960e+00  1.313130e+00  
1.287250e+00  1.287570e+00  1.274540e+00  1.270760e+00  1.274950e+00  1.277770e+00  
1.213951e+01  1.213949e+01  1.213948e+01  1.213947e+01  1.213945e+01  1.213943e+01  
1.213942e+01  1.213943e+01  1.213953e+01  1.213985e+01  1.214057e+01  1.214179e+01  
1.214339e+01  1.214545e+01  1.214798e+01  1.214997e+01  1.214925e+01  1.214382e+01  
1.212912e+01  1.209829e+01  1.204470e+01  1.195884e+01  1.182778e+01  1.163177e+01  
1.133468e+01  1.091955e+01  1.032903e+01  9.598752e+00  8.938010e+00  8.335216e+00  
7.785612e+00  7.283736e+00  6.824943e+00  6.404292e+00  6.016280e+00  5.654057e+00  
5.308401e+00  4.971153e+00  4.636840e+00  4.296473e+00  3.932560e+00  3.508008e+00  
2.970418e+00  2.636246e+00  2.235546e+00  1.853716e+00  1.405450e+00  1.287460e+00  
1.250430e+00  1.250490e+00  1.234870e+00  1.230330e+00  1.235460e+00  1.235950e+00  
1.215272e+01  1.215270e+01  1.215269e+01  1.215269e+01  1.215267e+01  1.215266e+01  
1.215268e+01  1.215276e+01  1.215302e+01  1.215363e+01  1.215482e+01  1.215661e+01  
1.215896e+01  1.216219e+01  1.216599e+01  1.216891e+01  1.216892e+01  1.216375e+01  
1.214747e+01  1.211428e+01  1.205785e+01  1.196914e+01  1.183667e+01  1.163602e+01  
1.134640e+01  1.094351e+01  1.036927e+01  9.657859e+00  9.015536e+00  8.430883e+00  
7.899276e+00  7.415296e+00  6.974229e+00  6.570983e+00  6.199717e+00  5.852937e+00  
5.520296e+00  5.192921e+00  4.866051e+00  4.531985e+00  4.175751e+00  3.764835e+00  
3.230798e+00  2.867583e+00  2.383235e+00  1.906851e+00  1.412450e+00  1.294400e+00  
1.233280e+00  1.225120e+00  1.209030e+00  1.207900e+00  1.205240e+00  1.209020e+00  
1.206063e+01  1.206061e+01  1.206061e+01  1.206060e+01  1.206061e+01  1.206065e+01  
1.206078e+01  1.206111e+01  1.206184e+01  1.206330e+01  1.206560e+01  1.206876e+01  
1.207325e+01  1.207915e+01  1.208535e+01  1.208998e+01  1.209158e+01  1.208502e+01  
1.206520e+01  1.202786e+01  1.196720e+01  1.187730e+01  1.174526e+01  1.154933e+01  
1.129060e+01  1.092553e+01  1.040102e+01  9.747542e+00  9.154701e+00  8.613328e+00  
8.119767e+00  7.669620e+00  7.259035e+00  6.883720e+00  6.538614e+00  6.216936e+00  
5.908976e+00  5.606071e+00  5.303020e+00  4.991011e+00  4.652161e+00  4.246304e+00  
3.686973e+00  3.285958e+00  2.728955e+00  2.153872e+00  1.493170e+00  1.314020e+00  
1.206160e+00  1.193140e+00  1.173500e+00  1.171580e+00  1.168820e+00  1.170510e+00  
1.200223e+01  1.200222e+01  1.200222e+01  1.200222e+01  1.200226e+01  1.200237e+01  
1.200265e+01  1.200328e+01  1.200461e+01  1.200689e+01  1.201016e+01  1.201481e+01  
1.202133e+01  1.202927e+01  1.203679e+01  1.204283e+01  1.204400e+01  1.203460e+01  
1.201116e+01  1.196946e+01  1.190552e+01  1.181464e+01  1.167381e+01  1.149528e+01  
1.125486e+01  1.091260e+01  1.041806e+01  9.800600e+00  9.239108e+00  8.725749e+00  
8.257477e+00  7.830499e+00  7.441503e+00  7.086714e+00  6.761597e+00  6.459928e+00  
6.172526e+00  5.891001e+00  5.610050e+00  5.320161e+00  5.001507e+00  4.608254e+00  
4.043161e+00  3.625698e+00  3.032684e+00  2.394540e+00  1.591320e+00  1.355070e+00  
1.196210e+00  1.177220e+00  1.154740e+00  1.152080e+00  1.149350e+00  1.149980e+00  
1.188823e+01  1.188823e+01  1.188825e+01  1.188829e+01  1.188841e+01  1.188871e+01  
1.188938e+01  1.189079e+01  1.189330e+01  1.189702e+01  1.190233e+01  1.190998e+01  
1.191978e+01  1.193004e+01  1.193977e+01  1.194630e+01  1.194375e+01  1.192895e+01  
1.189874e+01  1.185062e+01  1.178367e+01  1.167913e+01  1.155195e+01  1.139638e+01  
1.118301e+01  1.087564e+01  1.042716e+01  9.863757e+00  9.347788e+00  8.873563e+00  
8.438983e+00  8.041534e+00  7.679006e+00  7.348939e+00  7.048290e+00  6.772892e+00  
6.516233e+00  6.271751e+00  6.033576e+00  5.789923e+00  5.513856e+00  5.140127e+00  
4.553310e+00  4.113602e+00  3.497423e+00  2.808594e+00  1.815749e+00  1.481230e+00  
1.190470e+00  1.156770e+00  1.138490e+00  1.134450e+00  1.119710e+00  1.128550e+00  
1.188071e+01  1.188072e+01  1.188076e+01  1.188085e+01  1.188108e+01  1.188162e+01  
1.188280e+01  1.188506e+01  1.188864e+01  1.189372e+01  1.190119e+01  1.191136e+01  
1.192318e+01  1.193504e+01  1.194583e+01  1.194993e+01  1.194311e+01  1.192275e+01  
1.188609e+01  1.183331e+01  1.175854e+01  1.164838e+01  1.153164e+01  1.138458e+01  
1.117984e+01  1.088253e+01  1.044752e+01  9.901678e+00  9.402930e+00  8.946243e+00  
8.529728e+00  8.150984e+00  7.808001e+00  7.498449e+00  7.219447e+00  6.966775e+00  
6.733753e+00  6.513850e+00  6.301995e+00  6.087394e+00  5.844492e+00  5.508888e+00  
4.958883e+00  4.527528e+00  3.895512e+00  3.151209e+00  2.000255e+00  1.591880e+00  
1.210400e+00  1.158800e+00  1.125140e+00  1.120700e+00  1.109340e+00  1.117430e+00  
1.188471e+01  1.188474e+01  1.188480e+01  1.188496e+01  1.188533e+01  1.188618e+01  
1.188792e+01  1.189100e+01  1.189552e+01  1.190208e+01  1.191156e+01  1.192377e+01  
1.193686e+01  1.195012e+01  1.196034e+01  1.196141e+01  1.195053e+01  1.192491e+01  
1.188347e+01  1.182747e+01  1.173643e+01  1.163640e+01  1.152589e+01  1.138395e+01  
1.118401e+01  1.089203e+01  1.046422e+01  9.928088e+00  9.439406e+00  8.993662e+00  
8.588912e+00  8.222921e+00  7.893751e+00  7.599141e+00  7.336213e+00  7.100725e+00  
6.885718e+00  6.684641e+00  6.493113e+00  6.301521e+00  6.085961e+00  5.784391e+00  
5.273389e+00  4.857489e+00  4.225234e+00  3.447370e+00  2.172578e+00  1.698850e+00  
1.234400e+00  1.165820e+00  1.116570e+00  1.111500e+00  1.103760e+00  1.110660e+00  
1.188027e+01  1.188032e+01  1.188041e+01  1.188065e+01  1.188119e+01  1.188238e+01  
1.188473e+01  1.188855e+01  1.189401e+01  1.190210e+01  1.191339e+01  1.192706e+01  
1.194131e+01  1.195545e+01  1.196406e+01  1.196224e+01  1.194755e+01  1.191744e+01  
1.187278e+01  1.181324e+01  1.171531e+01  1.162257e+01  1.151787e+01  1.138166e+01  
1.118813e+01  1.090381e+01  1.048515e+01  9.958470e+00  9.476622e+00  9.036091e+00  
8.635772e+00  8.274373e+00  7.950935e+00  7.663868e+00  7.411021e+00  7.189156e+00  
6.992712e+00  6.815029e+00  6.647766e+00  6.472491e+00  6.261440e+00  5.969921e+00  
5.499113e+00  5.121799e+00  4.539407e+00  3.769357e+00  2.338343e+00  1.780377e+00  
1.244750e+00  1.170430e+00  1.118390e+00  1.110880e+00  1.106860e+00  1.106120e+00  
1.190257e+01  1.190268e+01  1.190285e+01  1.190328e+01  1.190423e+01  1.190620e+01  
1.190969e+01  1.191484e+01  1.192234e+01  1.193327e+01  1.194748e+01  1.196305e+01  
1.197937e+01  1.199302e+01  1.199753e+01  1.199007e+01  1.196801e+01  1.193091e+01  
1.188157e+01  1.179821e+01  1.171191e+01  1.162682e+01  1.152722e+01  1.139436e+01  
1.120284e+01  1.091993e+01  1.050386e+01  9.983075e+00  9.509722e+00  9.080323e+00  
8.693216e+00  8.346449e+00  8.038422e+00  7.767397e+00  7.531053e+00  7.325811e+00  
7.145401e+00  6.984143e+00  6.838886e+00  6.701280e+00  6.547832e+00  6.313091e+00  
5.878838e+00  5.519667e+00  4.968905e+00  4.210132e+00  2.646772e+00  1.982092e+00  
1.287830e+00  1.186010e+00  1.115470e+00  1.107640e+00  1.100810e+00  1.100410e+00  
1.190277e+01  1.190296e+01  1.190324e+01  1.190390e+01  1.190535e+01  1.190813e+01  
1.191264e+01  1.191910e+01  1.192872e+01  1.194212e+01  1.195827e+01  1.197548e+01  
1.199291e+01  1.200426e+01  1.200479e+01  1.199207e+01  1.196385e+01  1.192235e+01  
1.186683e+01  1.177418e+01  1.169631e+01  1.161700e+01  1.152203e+01  1.139321e+01  
1.120566e+01  1.092730e+01  1.051720e+01  1.000396e+01  9.537636e+00  9.115239e+00  
8.735261e+00  8.395915e+00  8.095849e+00  7.833565e+00  7.607091e+00  7.413270e+00  
7.246412e+00  7.101497e+00  6.976215e+00  6.863255e+00  6.740274e+00  6.542126e+00  
6.152113e+00  5.820494e+00  5.302534e+00  4.559726e+00  2.917785e+00  2.170565e+00  
1.332190e+00  1.205340e+00  1.115690e+00  1.106160e+00  1.097220e+00  1.096930e+00  
1.188759e+01  1.188805e+01  1.188869e+01  1.189012e+01  1.189293e+01  1.189761e+01  
1.190435e+01  1.191443e+01  1.192871e+01  1.194645e+01  1.196569e+01  1.198595e+01  
1.200118e+01  1.200572e+01  1.199707e+01  1.197275e+01  1.193486e+01  1.188646e+01  
1.179643e+01  1.172407e+01  1.165860e+01  1.158891e+01  1.150220e+01  1.138127e+01  
1.120244e+01  1.093481e+01  1.053846e+01  1.004030e+01  9.585719e+00  9.172880e+00  
8.801103e+00  8.469736e+00  8.178721e+00  7.927327e+00  7.714434e+00  7.538205e+00  
7.394798e+00  7.280204e+00  7.190456e+00  7.113492e+00  7.027663e+00  6.889424e+00  
6.604494e+00  6.337730e+00  5.876781e+00  5.180153e+00  3.495376e+00  2.580022e+00  
1.441430e+00  1.261230e+00  1.122200e+00  1.106150e+00  1.092960e+00  1.092240e+00  
1.190511e+01  1.190595e+01  1.190707e+01  1.190940e+01  1.191357e+01  1.191982e+01  
1.192898e+01  1.194246e+01  1.196030e+01  1.198042e+01  1.200229e+01  1.202231e+01  
1.203294e+01  1.203107e+01  1.201393e+01  1.198148e+01  1.193859e+01  1.186087e+01  
1.178324e+01  1.172031e+01  1.166124e+01  1.159603e+01  1.151219e+01  1.139283e+01  
1.121446e+01  1.094648e+01  1.054975e+01  1.005326e+01  9.602613e+00  9.195605e+00  
8.830936e+00  8.507509e+00  8.224553e+00  7.981257e+00  7.776455e+00  7.608164e+00  
7.472338e+00  7.366075e+00  7.289967e+00  7.240996e+00  7.203251e+00  7.120202e+00  
6.887950e+00  6.657594e+00  6.259209e+00  5.618095e+00  3.916288e+00  2.937294e+00  
1.552700e+00  1.319400e+00  1.130530e+00  1.109920e+00  1.090250e+00  1.089900e+00  
1.190720e+01  1.190909e+01  1.191139e+01  1.191561e+01  1.192205e+01  1.193148e+01  
1.194548e+01  1.196439e+01  1.198626e+01  1.201024e+01  1.203356e+01  1.204798e+01  
1.204979e+01  1.203614e+01  1.200628e+01  1.196546e+01  1.189346e+01  1.181231e+01  
1.175110e+01  1.169906e+01  1.164803e+01  1.158877e+01  1.150939e+01  1.139363e+01  
1.121860e+01  1.095411e+01  1.056154e+01  1.007051e+01  9.625101e+00  9.223431e+00  
8.864331e+00  8.546851e+00  8.270403e+00  8.034417e+00  7.838023e+00  7.679681e+00  
7.555912e+00  7.464799e+00  7.408330e+00  7.386150e+00  7.386907e+00  7.362385e+00  
7.221004e+00  7.052697e+00  6.730725e+00  6.177064e+00  4.567446e+00  3.497205e+00  
1.760714e+00  1.439960e+00  1.152360e+00  1.118210e+00  1.088550e+00  1.087520e+00  
1.190986e+01  1.191314e+01  1.191673e+01  1.192260e+01  1.193111e+01  1.194395e+01  
1.196203e+01  1.198437e+01  1.200900e+01  1.203528e+01  1.205550e+01  1.206385e+01  
1.205751e+01  1.203398e+01  1.199695e+01  1.194944e+01  1.185358e+01  1.178658e+01  
1.173413e+01  1.168844e+01  1.164198e+01  1.158592e+01  1.150879e+01  1.139465e+01  
1.122096e+01  1.095785e+01  1.056716e+01  1.007857e+01  9.635616e+00  9.236594e+00  
8.880373e+00  8.566102e+00  8.293213e+00  8.061234e+00  7.869479e+00  7.716605e+00  
7.599306e+00  7.516200e+00  7.470170e+00  7.462458e+00  7.484816e+00  7.495156e+00  
7.411843e+00  7.285416e+00  7.018084e+00  6.533903e+00  5.035107e+00  3.931388e+00  
1.953580e+00  1.557210e+00  1.176150e+00  1.127720e+00  1.088630e+00  1.086320e+00  
1.189105e+01  1.189596e+01  1.190080e+01  1.190810e+01  1.191887e+01  1.193483e+01  
1.195619e+01  1.198068e+01  1.200782e+01  1.203379e+01  1.204989e+01  1.205253e+01  
1.203857e+01  1.200799e+01  1.196701e+01  1.188807e+01  1.180791e+01  1.174949e+01  
1.170320e+01  1.166222e+01  1.161946e+01  1.156656e+01  1.149256e+01  1.138209e+01  
1.121312e+01  1.095593e+01  1.057164e+01  1.008799e+01  9.647159e+00  9.248916e+00  
8.892854e+00  8.578892e+00  8.307201e+00  8.077192e+00  7.887915e+00  7.738401e+00  
7.627570e+00  7.554892e+00  7.520121e+00  7.517137e+00  7.536213e+00  7.559823e+00  
7.526804e+00  7.435303e+00  7.216934e+00  6.812494e+00  5.415850e+00  4.231641e+00  
2.133544e+00  1.684880e+00  1.200930e+00  1.128320e+00  1.094530e+00  1.085600e+00  
1.189058e+01  1.189730e+01  1.190325e+01  1.191195e+01  1.192505e+01  1.194378e+01  
1.196749e+01  1.199388e+01  1.202270e+01  1.204661e+01  1.205866e+01  1.205584e+01  
1.203518e+01  1.199974e+01  1.195562e+01  1.185861e+01  1.178807e+01  1.173561e+01  
1.169366e+01  1.165580e+01  1.161526e+01  1.156393e+01  1.149109e+01  1.138157e+01  
1.121352e+01  1.095733e+01  1.057418e+01  1.009172e+01  9.651857e+00  9.254652e+00  
8.899699e+00  8.586767e+00  8.316005e+00  8.087195e+00  7.900097e+00  7.753951e+00  
7.646959e+00  7.578061e+00  7.547377e+00  7.549603e+00  7.576287e+00  7.611987e+00  
7.612929e+00  7.556280e+00  7.371409e+00  6.976946e+00  5.659099e+00  4.578596e+00  
2.304019e+00  1.776543e+00  1.225110e+00  1.148580e+00  1.090790e+00  1.085110e+00  
1.189072e+01  1.190128e+01  1.190919e+01  1.192091e+01  1.193827e+01  1.196154e+01  
1.198832e+01  1.201818e+01  1.204696e+01  1.206544e+01  1.206980e+01  1.205692e+01  
1.202624e+01  1.198528e+01  1.190307e+01  1.182052e+01  1.176184e+01  1.171760e+01  
1.168161e+01  1.164798e+01  1.161034e+01  1.156098e+01  1.148951e+01  1.138103e+01  
1.121386e+01  1.095864e+01  1.057675e+01  1.009582e+01  9.657470e+00  9.261765e+00  
8.908379e+00  8.597185e+00  8.328403e+00  8.101891e+00  7.917351e+00  7.774183e+00  
7.670729e+00  7.606209e+00  7.581364e+00  7.591805e+00  7.630807e+00  7.686094e+00  
7.722876e+00  7.699061e+00  7.571469e+00  7.251967e+00  6.065643e+00  5.039518e+00  
2.620890e+00  1.977500e+00  1.273910e+00  1.169700e+00  1.095090e+00  1.084500e+00  
1.189074e+01  1.190522e+01  1.191398e+01  1.192972e+01  1.195088e+01  1.197722e+01  
1.200653e+01  1.203721e+01  1.206461e+01  1.207876e+01  1.207462e+01  1.205278e+01  
1.201620e+01  1.197035e+01  1.186597e+01  1.179558e+01  1.174454e+01  1.170583e+01  
1.167382e+01  1.164296e+01  1.160719e+01  1.155909e+01  1.148851e+01  1.138069e+01  
1.121409e+01  1.095942e+01  1.057818e+01  1.009824e+01  9.660849e+00  9.266163e+00  
8.913846e+00  8.603791e+00  8.336237e+00  8.111054e+00  7.928023e+00  7.786635e+00  
7.685368e+00  7.623566e+00  7.602359e+00  7.617859e+00  7.664397e+00  7.731921e+00  
7.791291e+00  7.788827e+00  7.701600e+00  7.438881e+00  6.359324e+00  5.389731e+00  
2.901743e+00  2.161913e+00  1.322090e+00  1.191730e+00  1.100020e+00  1.084140e+00  
