100  49  54
1.000000e-03  1.500000e-03  2.000000e-03  3.000000e-03  4.000000e-03  5.000000e-03  
6.000000e-03  8.000000e-03  1.000000e-02  1.500000e-02  2.000000e-02  3.000000e-02  
4.000000e-02  5.000000e-02  6.000000e-02  8.000000e-02  1.000000e-01  1.500000e-01  
2.000000e-01  3.000000e-01  4.000000e-01  5.000000e-01  6.000000e-01  8.000000e-01  
1.000000e+00  1.500000e+00  2.000000e+00  3.000000e+00  4.000000e+00  5.000000e+00  
6.000000e+00  8.000000e+00  1.000000e+01  1.500000e+01  2.000000e+01  3.000000e+01  
4.000000e+01  5.000000e+01  6.000000e+01  8.000000e+01  1.000000e+02  1.500000e+02  
2.000000e+02  3.000000e+02  4.000000e+02  5.000000e+02  6.000000e+02  8.000000e+02  
1.000000e+03  
0.000000e+00  1.000000e-06  1.584893e-06  2.511886e-06  3.981072e-06  6.309573e-06  
1.000000e-05  1.584893e-05  2.511886e-05  3.981072e-05  6.309573e-05  1.000000e-04  
1.584893e-04  2.511886e-04  3.981072e-04  6.309573e-04  1.000000e-03  1.584893e-03  
2.511886e-03  3.981072e-03  6.309573e-03  1.000000e-02  1.584893e-02  2.511886e-02  
3.981072e-02  6.309573e-02  1.000000e-01  1.500000e-01  2.000000e-01  2.500000e-01  
3.000000e-01  3.500000e-01  4.000000e-01  4.500000e-01  5.000000e-01  5.500000e-01  
6.000000e-01  6.500000e-01  7.000000e-01  7.500000e-01  8.000000e-01  8.500000e-01  
9.000000e-01  9.250000e-01  9.500000e-01  9.700000e-01  9.900000e-01  9.950000e-01  
9.990000e-01  9.995000e-01  9.999000e-01  9.999500e-01  9.999900e-01  1.000000e+00  