5.265031e-01  5.265036e-01  5.265038e-01  5.265042e-01  5.265049e-01  5.265059e-01  
5.265076e-01  5.265102e-01  5.265144e-01  5.265209e-01  5.265314e-01  5.265479e-01  
5.265741e-01  5.266157e-01  5.266815e-01  5.267858e-01  5.269512e-01  5.272133e-01  
5.276287e-01  5.282871e-01  5.293310e-01  5.309870e-01  5.336166e-01  5.378054e-01  
5.445269e-01  5.555005e-01  5.737634e-01  5.999334e-01  6.275652e-01  6.564468e-01  
6.865676e-01  7.180411e-01  7.510044e-01  7.857257e-01  8.226529e-01  8.622200e-01  
9.045600e-01  9.493300e-01  9.950300e-01  1.037990e+00  1.073990e+00  1.102000e+00  
1.123430e+00  1.132850e+00  1.141260e+00  1.146660e+00  1.150700e+00  1.151530e+00  
1.152140e+00  1.152210e+00  1.152260e+00  1.152270e+00  1.152280e+00  1.152290e+00  
7.517800e-01  7.517807e-01  7.517811e-01  7.517817e-01  7.517827e-01  7.517843e-01  
7.517868e-01  7.517908e-01  7.517971e-01  7.518072e-01  7.518230e-01  7.518482e-01  
7.518882e-01  7.519514e-01  7.520517e-01  7.522105e-01  7.524624e-01  7.528614e-01  
7.534939e-01  7.544966e-01  7.560858e-01  7.586056e-01  7.626032e-01  7.689541e-01  
7.790783e-01  7.953507e-01  8.217580e-01  8.585793e-01  8.966124e-01  9.358847e-01  
9.764558e-01  1.018415e+00  1.061933e+00  1.107107e+00  1.154096e+00  1.203220e+00  
1.255030e+00  1.309510e+00  1.364650e+00  1.415630e+00  1.457360e+00  1.490090e+00  
1.514230e+00  1.522840e+00  1.531960e+00  1.539870e+00  1.545230e+00  1.546340e+00  
1.547420e+00  1.547550e+00  1.547640e+00  1.547660e+00  1.547650e+00  1.547610e+00  
9.699409e-01  9.699418e-01  9.699423e-01  9.699431e-01  9.699444e-01  9.699464e-01  
9.699497e-01  9.699548e-01  9.699629e-01  9.699758e-01  9.699963e-01  9.700286e-01  
9.700800e-01  9.701613e-01  9.702902e-01  9.704945e-01  9.708182e-01  9.713313e-01  
9.721446e-01  9.734337e-01  9.754771e-01  9.787166e-01  9.838544e-01  9.920107e-01  
1.004989e+00  1.025756e+00  1.059190e+00  1.105293e+00  1.152288e+00  1.200161e+00  
1.248943e+00  1.298781e+00  1.349934e+00  1.402460e+00  1.456449e+00  1.512130e+00  
1.570030e+00  1.630050e+00  1.690020e+00  1.745100e+00  1.790270e+00  1.825960e+00  
1.852730e+00  1.862590e+00  1.873170e+00  1.882510e+00  1.889610e+00  1.891190e+00  
1.892660e+00  1.892840e+00  1.892970e+00  1.893000e+00  1.892990e+00  1.892930e+00  
1.377732e+00  1.377733e+00  1.377734e+00  1.377735e+00  1.377737e+00  1.377740e+00  
1.377744e+00  1.377751e+00  1.377762e+00  1.377780e+00  1.377808e+00  1.377853e+00  
1.377923e+00  1.378035e+00  1.378212e+00  1.378493e+00  1.378938e+00  1.379643e+00  
1.380761e+00  1.382532e+00  1.385339e+00  1.389790e+00  1.396844e+00  1.408030e+00  
1.425773e+00  1.453945e+00  1.498692e+00  1.559310e+00  1.619728e+00  1.679833e+00  
1.739674e+00  1.799589e+00  1.860139e+00  1.921348e+00  1.983077e+00  2.045390e+00  
2.108560e+00  2.172310e+00  2.234680e+00  2.291840e+00  2.339980e+00  2.379720e+00  
2.411680e+00  2.424590e+00  2.438280e+00  2.450200e+00  2.460570e+00  2.463060e+00  
2.465210e+00  2.465470e+00  2.465680e+00  2.465720e+00  2.465720e+00  2.465680e+00  
1.747262e+00  1.747264e+00  1.747264e+00  1.747266e+00  1.747268e+00  1.747271e+00  
1.747277e+00  1.747285e+00  1.747299e+00  1.747320e+00  1.747355e+00  1.747409e+00  
1.747495e+00  1.747631e+00  1.747846e+00  1.748188e+00  1.748729e+00  1.749587e+00  
1.750947e+00  1.753102e+00  1.756518e+00  1.761933e+00  1.770512e+00  1.784096e+00  
1.805576e+00  1.839414e+00  1.892423e+00  1.962958e+00  2.031849e+00  2.099066e+00  
2.164745e+00  2.229417e+00  2.293990e+00  2.358538e+00  2.422936e+00  2.487030e+00  
2.550380e+00  2.612270e+00  2.671510e+00  2.726590e+00  2.775770e+00  2.817890e+00  
2.853440e+00  2.869940e+00  2.886540e+00  2.899870e+00  2.913220e+00  2.916510e+00  
2.919140e+00  2.919490e+00  2.919750e+00  2.919780e+00  2.919820e+00  2.919810e+00  
2.080670e+00  2.080672e+00  2.080673e+00  2.080674e+00  2.080677e+00  2.080681e+00  
2.080687e+00  2.080697e+00  2.080713e+00  2.080738e+00  2.080778e+00  2.080841e+00  
2.080941e+00  2.081099e+00  2.081350e+00  2.081748e+00  2.082377e+00  2.083376e+00  
2.084960e+00  2.087470e+00  2.091447e+00  2.097749e+00  2.107726e+00  2.123496e+00  
2.148310e+00  2.186938e+00  2.246226e+00  2.323237e+00  2.396674e+00  2.467241e+00  
2.535238e+00  2.601374e+00  2.666769e+00  2.731409e+00  2.794887e+00  2.856900e+00  
2.917120e+00  2.975130e+00  3.030220e+00  3.082050e+00  3.130150e+00  3.173530e+00  
3.212270e+00  3.230820e+00  3.249590e+00  3.264720e+00  3.280080e+00  3.283930e+00  
3.286990e+00  3.287410e+00  3.287700e+00  3.287730e+00  3.287770e+00  3.287820e+00  
2.382766e+00  2.382768e+00  2.382769e+00  2.382771e+00  2.382774e+00  2.382778e+00  
2.382785e+00  2.382796e+00  2.382814e+00  2.382842e+00  2.382887e+00  2.382957e+00  
2.383069e+00  2.383246e+00  2.383526e+00  2.383971e+00  2.384676e+00  2.385794e+00  
2.387566e+00  2.390374e+00  2.394823e+00  2.401871e+00  2.413023e+00  2.430619e+00  
2.458189e+00  2.500642e+00  2.564551e+00  2.645609e+00  2.721089e+00  2.792487e+00  
2.860341e+00  2.925481e+00  2.989267e+00  3.051641e+00  3.112089e+00  3.170240e+00  
3.225970e+00  3.279110e+00  3.329390e+00  3.377420e+00  3.423680e+00  3.467340e+00  
3.508230e+00  3.528270e+00  3.548650e+00  3.565110e+00  3.581960e+00  3.586220e+00  
3.589590e+00  3.590040e+00  3.590380e+00  3.590420e+00  3.590460e+00  3.590530e+00  
2.906950e+00  2.906952e+00  2.906954e+00  2.906956e+00  2.906959e+00  2.906964e+00  
2.906972e+00  2.906985e+00  2.907005e+00  2.907038e+00  2.907090e+00  2.907172e+00  
2.907302e+00  2.907509e+00  2.907836e+00  2.908355e+00  2.909177e+00  2.910480e+00  
2.912544e+00  2.915817e+00  2.921002e+00  2.929213e+00  2.942190e+00  2.962604e+00  
2.994342e+00  3.042247e+00  3.111768e+00  3.195882e+00  3.270410e+00  3.338557e+00  
3.401291e+00  3.459796e+00  3.515804e+00  3.569415e+00  3.620255e+00  3.668160e+00  
3.713380e+00  3.756190e+00  3.796960e+00  3.837330e+00  3.878850e+00  3.921070e+00  
3.963530e+00  3.985110e+00  4.007210e+00  4.025150e+00  4.043660e+00  4.048390e+00  
4.052130e+00  4.052640e+00  4.052990e+00  4.053030e+00  4.053080e+00  4.053180e+00  
3.347173e+00  3.347175e+00  3.347177e+00  3.347179e+00  3.347183e+00  3.347188e+00  
3.347197e+00  3.347212e+00  3.347235e+00  3.347271e+00  3.347328e+00  3.347418e+00  
3.347562e+00  3.347788e+00  3.348149e+00  3.348720e+00  3.349625e+00  3.351060e+00  
3.353334e+00  3.356939e+00  3.362650e+00  3.371689e+00  3.385960e+00  3.408352e+00  
3.442925e+00  3.494171e+00  3.565975e+00  3.648745e+00  3.718139e+00  3.779132e+00  
3.833156e+00  3.881663e+00  3.926790e+00  3.968948e+00  4.008195e+00  4.044790e+00  
4.079310e+00  4.112340e+00  4.144530e+00  4.177830e+00  4.214080e+00  4.253180e+00  
4.294680e+00  4.316330e+00  4.338690e+00  4.356930e+00  4.375860e+00  4.380720e+00  
4.384560e+00  4.385080e+00  4.385460e+00  4.385510e+00  4.385560e+00  4.385650e+00  
4.204683e+00  4.204686e+00  4.204687e+00  4.204690e+00  4.204694e+00  4.204700e+00  
4.204711e+00  4.204727e+00  4.204753e+00  4.204793e+00  4.204857e+00  4.204959e+00  
4.205122e+00  4.205379e+00  4.205786e+00  4.206432e+00  4.207455e+00  4.209077e+00  
4.211649e+00  4.215725e+00  4.222180e+00  4.232392e+00  4.248479e+00  4.273572e+00  
4.311726e+00  4.365958e+00  4.435544e+00  4.505355e+00  4.553568e+00  4.589382e+00  
4.615598e+00  4.634788e+00  4.650386e+00  4.663324e+00  4.674211e+00  4.683878e+00  
4.694030e+00  4.706040e+00  4.720610e+00  4.738670e+00  4.761330e+00  4.789470e+00  
4.823090e+00  4.841430e+00  4.860780e+00  4.876970e+00  4.893940e+00  4.898280e+00  
4.901780e+00  4.902240e+00  4.902580e+00  4.902620e+00  4.902670e+00  4.902690e+00  
4.852391e+00  4.852393e+00  4.852395e+00  4.852397e+00  4.852400e+00  4.852406e+00  
4.852414e+00  4.852428e+00  4.852449e+00  4.852483e+00  4.852538e+00  4.852623e+00  
4.852759e+00  4.852974e+00  4.853315e+00  4.853856e+00  4.854713e+00  4.856073e+00  
4.858227e+00  4.861646e+00  4.867061e+00  4.875634e+00  4.889150e+00  4.910276e+00  
4.942573e+00  4.989200e+00  5.050626e+00  5.112355e+00  5.149195e+00  5.163170e+00  
5.158563e+00  5.142816e+00  5.125225e+00  5.108451e+00  5.093506e+00  5.081415e+00  
5.074090e+00  5.072630e+00  5.076420e+00  5.082880e+00  5.090340e+00  5.102740e+00  
5.125180e+00  5.140080e+00  5.154500e+00  5.165120e+00  5.178430e+00  5.181940e+00  
5.184520e+00  5.184830e+00  5.185130e+00  5.185140e+00  5.185220e+00  5.185140e+00  
5.779570e+00  5.779572e+00  5.779573e+00  5.779575e+00  5.779578e+00  5.779582e+00  
5.779589e+00  5.779600e+00  5.779618e+00  5.779646e+00  5.779691e+00  5.779761e+00  
5.779872e+00  5.780049e+00  5.780330e+00  5.780775e+00  5.781480e+00  5.782600e+00  
5.784378e+00  5.787198e+00  5.791669e+00  5.798738e+00  5.809845e+00  5.827035e+00  
5.852650e+00  5.887048e+00  5.924887e+00  5.948383e+00  5.940742e+00  5.905732e+00  
5.850018e+00  5.784076e+00  5.720180e+00  5.662075e+00  5.610703e+00  5.566731e+00  
5.531250e+00  5.504550e+00  5.485310e+00  5.469260e+00  5.453280e+00  5.441760e+00  
5.440570e+00  5.443800e+00  5.446230e+00  5.447180e+00  5.451140e+00  5.452260e+00  
5.452920e+00  5.453010e+00  5.453130e+00  5.453120e+00  5.453160e+00  5.453000e+00  
6.437412e+00  6.437414e+00  6.437416e+00  6.437418e+00  6.437422e+00  6.437427e+00  
6.437436e+00  6.437450e+00  6.437473e+00  6.437508e+00  6.437563e+00  6.437653e+00  
6.437794e+00  6.438018e+00  6.438372e+00  6.438934e+00  6.439828e+00  6.441245e+00  
6.443494e+00  6.447061e+00  6.452710e+00  6.461611e+00  6.475464e+00  6.496392e+00  
6.525535e+00  6.556357e+00  6.566399e+00  6.528111e+00  6.452106e+00  6.364998e+00  
6.273463e+00  6.181116e+00  6.092018e+00  6.008272e+00  5.931571e+00  5.862671e+00  
5.801980e+00  5.749800e+00  5.705890e+00  5.668760e+00  5.636940e+00  5.610120e+00  
5.587720e+00  5.578020e+00  5.569360e+00  5.563550e+00  5.558540e+00  5.557350e+00  
5.556420e+00  5.556310e+00  5.556250e+00  5.556250e+00  5.556250e+00  5.556100e+00  
6.974795e+00  6.974797e+00  6.974798e+00  6.974800e+00  6.974803e+00  6.974808e+00  
6.974815e+00  6.974827e+00  6.974845e+00  6.974874e+00  6.974920e+00  6.974995e+00  
6.975112e+00  6.975297e+00  6.975591e+00  6.976059e+00  6.976801e+00  6.977980e+00  
6.979853e+00  6.982827e+00  6.987535e+00  6.994935e+00  7.006358e+00  7.023252e+00  
7.045323e+00  7.062431e+00  7.045109e+00  6.964041e+00  6.844092e+00  6.717196e+00  
6.590662e+00  6.467596e+00  6.351513e+00  6.243809e+00  6.145414e+00  6.056193e+00  
5.976266e+00  5.905810e+00  5.844380e+00  5.790320e+00  5.741920e+00  5.698640e+00  
5.659410e+00  5.640990e+00  5.623490e+00  5.610640e+00  5.598540e+00  5.595660e+00  
5.593380e+00  5.593080e+00  5.592870e+00  5.592840e+00  5.592820e+00  5.592770e+00  
7.429625e+00  7.429626e+00  7.429627e+00  7.429629e+00  7.429631e+00  7.429634e+00  
7.429640e+00  7.429648e+00  7.429662e+00  7.429683e+00  7.429717e+00  7.429771e+00  
7.429857e+00  7.429993e+00  7.430209e+00  7.430553e+00  7.431099e+00  7.431970e+00  
7.433356e+00  7.435560e+00  7.439049e+00  7.444505e+00  7.452808e+00  7.464621e+00  
7.478166e+00  7.480027e+00  7.435006e+00  7.313548e+00  7.154056e+00  6.992385e+00  
6.835908e+00  6.686884e+00  6.547972e+00  6.419903e+00  6.302665e+00  6.195451e+00  
6.098360e+00  6.011700e+00  5.934850e+00  5.865800e+00  5.802690e+00  5.745230e+00  
5.692200e+00  5.666680e+00  5.641880e+00  5.623170e+00  5.605230e+00  5.600960e+00  
5.597560e+00  5.597110e+00  5.596770e+00  5.596720e+00  5.596690e+00  5.596770e+00  
8.350552e+00  8.350548e+00  8.350545e+00  8.350542e+00  8.350536e+00  8.350526e+00  
8.350511e+00  8.350487e+00  8.350449e+00  8.350389e+00  8.350292e+00  8.350141e+00  
8.349900e+00  8.349519e+00  8.348916e+00  8.347963e+00  8.346455e+00  8.344071e+00  
8.340305e+00  8.334354e+00  8.324940e+00  8.310016e+00  8.286318e+00  8.248662e+00  
8.188922e+00  8.094553e+00  7.946538e+00  7.750002e+00  7.558074e+00  7.371129e+00  
7.189469e+00  7.013242e+00  6.843081e+00  6.680133e+00  6.524962e+00  6.377967e+00  
6.240281e+00  6.113780e+00  5.999770e+00  5.899910e+00  5.815180e+00  5.742100e+00  
5.679520e+00  5.655400e+00  5.637910e+00  5.622080e+00  5.556690e+00  5.525960e+00  
5.540070e+00  5.546530e+00  5.543230e+00  5.541200e+00  5.544440e+00  5.542760e+00  
8.722326e+00  8.722325e+00  8.722324e+00  8.722323e+00  8.722322e+00  8.722319e+00  
8.722315e+00  8.722309e+00  8.722299e+00  8.722283e+00  8.722259e+00  8.722219e+00  
8.722158e+00  8.722060e+00  8.721907e+00  8.721667e+00  8.721290e+00  8.720702e+00  
8.719785e+00  8.718346e+00  8.716058e+00  8.712323e+00  8.705959e+00  8.694282e+00  
8.669908e+00  8.609290e+00  8.460634e+00  8.200988e+00  7.914817e+00  7.645072e+00  
7.397986e+00  7.172519e+00  6.967330e+00  6.780573e+00  6.607757e+00  6.445847e+00  
6.295594e+00  6.158050e+00  6.032730e+00  5.916790e+00  5.808330e+00  5.708280e+00  
5.615290e+00  5.569550e+00  5.524230e+00  5.489060e+00  5.454710e+00  5.446520e+00  
5.439960e+00  5.439070e+00  5.438400e+00  5.438300e+00  5.438250e+00  5.438550e+00  
9.672382e+00  9.672378e+00  9.672375e+00  9.672371e+00  9.672365e+00  9.672354e+00  
9.672338e+00  9.672311e+00  9.672271e+00  9.672206e+00  9.672102e+00  9.671939e+00  
9.671682e+00  9.671274e+00  9.670630e+00  9.669614e+00  9.668013e+00  9.665491e+00  
9.661516e+00  9.655236e+00  9.645258e+00  9.629294e+00  9.603503e+00  9.561123e+00  
9.488718e+00  9.354752e+00  9.098719e+00  8.710974e+00  8.316429e+00  7.955332e+00  
7.631684e+00  7.343184e+00  7.086679e+00  6.855614e+00  6.639832e+00  6.433268e+00  
6.238611e+00  6.058541e+00  5.892920e+00  5.738340e+00  5.592610e+00  5.456970e+00  
5.330460e+00  5.268720e+00  5.207730e+00  5.160420e+00  5.113860e+00  5.102370e+00  
5.093250e+00  5.092080e+00  5.091200e+00  5.091070e+00  5.090990e+00  5.090930e+00  
1.036148e+01  1.036147e+01  1.036146e+01  1.036145e+01  1.036144e+01  1.036141e+01  
1.036137e+01  1.036131e+01  1.036121e+01  1.036105e+01  1.036081e+01  1.036041e+01  
1.035979e+01  1.035880e+01  1.035723e+01  1.035476e+01  1.035086e+01  1.034470e+01  
1.033496e+01  1.031954e+01  1.029507e+01  1.025618e+01  1.019437e+01  1.009644e+01  
9.942274e+00  9.703514e+00  9.342086e+00  8.881775e+00  8.454263e+00  8.058362e+00  
7.692678e+00  7.356245e+00  7.048630e+00  6.768083e+00  6.512121e+00  6.277525e+00  
6.059609e+00  5.855391e+00  5.665971e+00  5.491400e+00  5.329380e+00  5.170500e+00  
5.007560e+00  4.928330e+00  4.857590e+00  4.809210e+00  4.754650e+00  4.739230e+00  
4.728650e+00  4.727660e+00  4.726540e+00  4.726370e+00  4.726220e+00  4.725670e+00  
1.097780e+01  1.097779e+01  1.097778e+01  1.097777e+01  1.097774e+01  1.097771e+01  
1.097766e+01  1.097758e+01  1.097745e+01  1.097724e+01  1.097691e+01  1.097639e+01  
1.097557e+01  1.097427e+01  1.097222e+01  1.096898e+01  1.096388e+01  1.095583e+01  
1.094308e+01  1.092286e+01  1.089070e+01  1.083948e+01  1.075809e+01  1.062915e+01  
1.042652e+01  1.011492e+01  9.648665e+00  9.062628e+00  8.526186e+00  8.036740e+00  
7.592164e+00  7.189245e+00  6.825473e+00  6.497538e+00  6.201167e+00  5.931186e+00  
5.680316e+00  5.443475e+00  5.221031e+00  5.013360e+00  4.817770e+00  4.625350e+00  
4.430460e+00  4.336610e+00  4.253150e+00  4.195960e+00  4.130540e+00  4.111720e+00  
4.099060e+00  4.097910e+00  4.096610e+00  4.096430e+00  4.096150e+00  4.095240e+00  
1.129235e+01  1.129233e+01  1.129232e+01  1.129231e+01  1.129228e+01  1.129225e+01  
1.129219e+01  1.129209e+01  1.129194e+01  1.129170e+01  1.129132e+01  1.129072e+01  
1.128977e+01  1.128827e+01  1.128591e+01  1.128218e+01  1.127630e+01  1.126703e+01  
1.125232e+01  1.122894e+01  1.119167e+01  1.113227e+01  1.103783e+01  1.088816e+01  
1.065341e+01  1.029449e+01  9.762114e+00  9.099068e+00  8.498726e+00  7.955938e+00  
7.467074e+00  7.026737e+00  6.629603e+00  6.271115e+00  5.946293e+00  5.649113e+00  
5.371302e+00  5.107140e+00  4.857070e+00  4.622243e+00  4.402720e+00  4.194510e+00  
3.995940e+00  3.900890e+00  3.806980e+00  3.733500e+00  3.661690e+00  3.643720e+00  
3.629390e+00  3.627710e+00  3.626280e+00  3.626100e+00  3.625950e+00  3.625740e+00  
1.149364e+01  1.149362e+01  1.149361e+01  1.149360e+01  1.149357e+01  1.149353e+01  
1.149346e+01  1.149336e+01  1.149319e+01  1.149293e+01  1.149251e+01  1.149185e+01  
1.149079e+01  1.148915e+01  1.148654e+01  1.148245e+01  1.147600e+01  1.146580e+01  
1.144961e+01  1.142379e+01  1.138256e+01  1.131682e+01  1.121224e+01  1.104645e+01  
1.078707e+01  1.039263e+01  9.812597e+00  9.096045e+00  8.453825e+00  7.877544e+00  
7.360785e+00  6.895273e+00  6.472821e+00  6.088608e+00  5.738585e+00  5.418156e+00  
5.121341e+00  4.843524e+00  4.583258e+00  4.337952e+00  4.105590e+00  3.884460e+00  
3.674570e+00  3.573900e+00  3.473300e+00  3.393380e+00  3.315930e+00  3.297420e+00  
3.282710e+00  3.280910e+00  3.279210e+00  3.278950e+00  3.278860e+00  3.280060e+00  
1.161941e+01  1.161939e+01  1.161938e+01  1.161936e+01  1.161933e+01  1.161929e+01  
1.161922e+01  1.161911e+01  1.161893e+01  1.161865e+01  1.161821e+01  1.161750e+01  
1.161639e+01  1.161466e+01  1.161191e+01  1.160758e+01  1.160078e+01  1.159002e+01  
1.157289e+01  1.154551e+01  1.150172e+01  1.143186e+01  1.132057e+01  1.114411e+01  
1.086843e+01  1.045028e+01  9.837885e+00  9.083443e+00  8.410496e+00  7.809200e+00  
7.271130e+00  6.786730e+00  6.346750e+00  5.945995e+00  5.580482e+00  5.245755e+00  
4.936205e+00  4.647418e+00  4.377588e+00  4.123567e+00  3.882896e+00  3.653700e+00  
3.434720e+00  3.328900e+00  3.222830e+00  3.138300e+00  3.056260e+00  3.036860e+00  
3.021640e+00  3.019750e+00  3.017840e+00  3.017530e+00  3.017470e+00  3.019490e+00  
1.175862e+01  1.175860e+01  1.175859e+01  1.175857e+01  1.175854e+01  1.175849e+01  
1.175842e+01  1.175830e+01  1.175811e+01  1.175781e+01  1.175733e+01  1.175658e+01  
1.175540e+01  1.175355e+01  1.175065e+01  1.174609e+01  1.173891e+01  1.172751e+01  
1.170927e+01  1.167997e+01  1.163302e+01  1.155795e+01  1.143798e+01  1.124788e+01  
1.095130e+01  1.050291e+01  9.849609e+00  9.047428e+00  8.335920e+00  7.703892e+00  
7.139830e+00  6.632578e+00  6.171889e+00  5.752251e+00  5.369411e+00  5.018760e+00  
4.694650e+00  4.392570e+00  4.110186e+00  3.843782e+00  3.590109e+00  3.346990e+00  
3.112010e+00  2.997450e+00  2.883320e+00  2.792600e+00  2.702020e+00  2.680060e+00  
2.662500e+00  2.660280e+00  2.658350e+00  2.658170e+00  2.657940e+00  2.658830e+00  
1.181161e+01  1.181159e+01  1.181158e+01  1.181156e+01  1.181153e+01  1.181148e+01  
1.181140e+01  1.181127e+01  1.181107e+01  1.181076e+01  1.181028e+01  1.180951e+01  
1.180831e+01  1.180642e+01  1.180349e+01  1.179888e+01  1.179160e+01  1.178000e+01  
1.176130e+01  1.173115e+01  1.168275e+01  1.160507e+01  1.148068e+01  1.128368e+01  
1.097642e+01  1.051281e+01  9.839035e+00  9.013082e+00  8.282479e+00  7.634967e+00  
7.057727e+00  6.538873e+00  6.067992e+00  5.639348e+00  5.248414e+00  4.890222e+00  
4.558793e+00  4.249258e+00  3.958925e+00  3.683568e+00  3.419439e+00  3.164302e+00  
2.916020e+00  2.793900e+00  2.671870e+00  2.574620e+00  2.476330e+00  2.450770e+00  
2.430410e+00  2.428120e+00  2.426270e+00  2.426010e+00  2.425810e+00  2.424070e+00  
1.182008e+01  1.182005e+01  1.182004e+01  1.182002e+01  1.181999e+01  1.181993e+01  
1.181986e+01  1.181973e+01  1.181954e+01  1.181922e+01  1.181874e+01  1.181798e+01  
1.181680e+01  1.181497e+01  1.181215e+01  1.180774e+01  1.180069e+01  1.178923e+01  
1.177051e+01  1.174009e+01  1.169079e+01  1.161081e+01  1.148265e+01  1.127959e+01  
1.096332e+01  1.048765e+01  9.797769e+00  8.953832e+00  8.210508e+00  7.550797e+00  
6.962567e+00  6.434075e+00  5.955309e+00  5.520236e+00  5.123799e+00  4.760379e+00  
4.423186e+00  4.106611e+00  3.807302e+00  3.520088e+00  3.239783e+00  2.961906e+00  
2.682160e+00  2.539680e+00  2.393310e+00  2.273440e+00  2.153010e+00  2.122140e+00  
2.096970e+00  2.094040e+00  2.091780e+00  2.091490e+00  2.091170e+00  2.089110e+00  
1.176296e+01  1.176294e+01  1.176293e+01  1.176291e+01  1.176288e+01  1.176283e+01  
1.176275e+01  1.176263e+01  1.176244e+01  1.176213e+01  1.176166e+01  1.176095e+01  
1.175986e+01  1.175820e+01  1.175565e+01  1.175163e+01  1.174507e+01  1.173417e+01  
1.171613e+01  1.168656e+01  1.163784e+01  1.155842e+01  1.143101e+01  1.122902e+01  
1.091551e+01  1.044523e+01  9.762016e+00  8.926468e+00  8.190080e+00  7.533511e+00  
6.946267e+00  6.417720e+00  5.938914e+00  5.503917e+00  5.107589e+00  4.744247e+00  
4.406995e+00  4.089902e+00  3.788997e+00  3.497931e+00  3.209719e+00  2.916542e+00  
2.608894e+00  2.445600e+00  2.270610e+00  2.122000e+00  1.977690e+00  1.944370e+00  
1.917480e+00  1.913950e+00  1.910530e+00  1.910020e+00  1.909800e+00  1.912950e+00  
1.160719e+01  1.160717e+01  1.160716e+01  1.160714e+01  1.160711e+01  1.160707e+01  
1.160700e+01  1.160688e+01  1.160671e+01  1.160645e+01  1.160606e+01  1.160547e+01  
1.160464e+01  1.160342e+01  1.160157e+01  1.159847e+01  1.159308e+01  1.158365e+01  
1.156766e+01  1.154024e+01  1.149394e+01  1.141813e+01  1.129581e+01  1.110284e+01  
1.080518e+01  1.035917e+01  9.710138e+00  8.912379e+00  8.200884e+00  7.559980e+00  
6.982672e+00  6.462045e+00  5.992112e+00  5.566932e+00  5.180252e+00  4.824882e+00  
4.491720e+00  4.173808e+00  3.868395e+00  3.571502e+00  3.275175e+00  2.961773e+00  
2.609591e+00  2.411809e+00  2.192490e+00  1.997050e+00  1.793270e+00  1.748590e+00  
1.727060e+00  1.724710e+00  1.717320e+00  1.715580e+00  1.717120e+00  1.729130e+00  
1.150021e+01  1.150019e+01  1.150018e+01  1.150015e+01  1.150013e+01  1.150008e+01  
1.150001e+01  1.149992e+01  1.149976e+01  1.149953e+01  1.149921e+01  1.149878e+01  
1.149821e+01  1.149743e+01  1.149618e+01  1.149383e+01  1.148930e+01  1.148104e+01  
1.146626e+01  1.143966e+01  1.139444e+01  1.131968e+01  1.119931e+01  1.101097e+01  
1.072234e+01  1.028953e+01  9.669854e+00  8.907287e+00  8.224091e+00  7.606642e+00  
7.047878e+00  6.540706e+00  6.079091e+00  5.658397e+00  5.274283e+00  4.921910e+00  
4.595306e+00  4.288510e+00  3.995693e+00  3.706814e+00  3.408003e+00  3.077728e+00  
2.686460e+00  2.455516e+00  2.189190e+00  1.946310e+00  1.700430e+00  1.652450e+00  
1.629780e+00  1.626570e+00  1.616910e+00  1.614740e+00  1.617160e+00  1.634120e+00  
1.140358e+01  1.140355e+01  1.140354e+01  1.140353e+01  1.140350e+01  1.140346e+01  
1.140341e+01  1.140331e+01  1.140318e+01  1.140299e+01  1.140277e+01  1.140250e+01  
1.140223e+01  1.140192e+01  1.140128e+01  1.139965e+01  1.139601e+01  1.138896e+01  
1.137509e+01  1.134944e+01  1.130536e+01  1.123192e+01  1.111457e+01  1.093230e+01  
1.065390e+01  1.023729e+01  9.643528e+00  8.912023e+00  8.252873e+00  7.654715e+00  
7.111543e+00  6.617261e+00  6.166595e+00  5.755342e+00  5.379430e+00  5.034266e+00  
4.714032e+00  4.412835e+00  4.124446e+00  3.838054e+00  3.537969e+00  3.198260e+00  
2.781531e+00  2.526960e+00  2.224106e+00  1.941720e+00  1.649480e+00  1.592460e+00  
1.572100e+00  1.569560e+00  1.557290e+00  1.554390e+00  1.558140e+00  1.576450e+00  
1.132662e+01  1.132660e+01  1.132659e+01  1.132658e+01  1.132655e+01  1.132651e+01  
1.132645e+01  1.132637e+01  1.132627e+01  1.132613e+01  1.132600e+01  1.132592e+01  
1.132597e+01  1.132610e+01  1.132600e+01  1.132499e+01  1.132220e+01  1.131605e+01  
1.130268e+01  1.127766e+01  1.123399e+01  1.116124e+01  1.104603e+01  1.086849e+01  
1.059637e+01  1.019639e+01  9.624817e+00  8.919103e+00  8.280901e+00  7.700060e+00  
7.171370e+00  6.689362e+00  6.249408e+00  5.847527e+00  5.479876e+00  5.141965e+00  
4.828071e+00  4.532235e+00  4.248115e+00  3.964462e+00  3.664304e+00  3.318421e+00  
2.882570e+00  2.608830e+00  2.274680e+00  1.956750e+00  1.620890e+00  1.554310e+00  
1.534910e+00  1.532950e+00  1.518470e+00  1.514930e+00  1.519850e+00  1.537930e+00  
1.121217e+01  1.121215e+01  1.121215e+01  1.121213e+01  1.121211e+01  1.121208e+01  
1.121203e+01  1.121197e+01  1.121192e+01  1.121190e+01  1.121198e+01  1.121232e+01  
1.121299e+01  1.121393e+01  1.121476e+01  1.121489e+01  1.121358e+01  1.120835e+01  
1.119552e+01  1.117082e+01  1.112673e+01  1.105445e+01  1.094197e+01  1.077087e+01  
1.050920e+01  1.013668e+01  9.601119e+00  8.935884e+00  8.331951e+00  7.780192e+00  
7.276531e+00  6.816320e+00  6.395651e+00  6.010986e+00  5.658719e+00  5.334532e+00  
5.032713e+00  4.747260e+00  4.471773e+00  4.194571e+00  3.896910e+00  3.544382e+00  
3.081093e+00  2.777251e+00  2.391906e+00  2.014512e+00  1.604830e+00  1.517120e+00  
1.485540e+00  1.484440e+00  1.473100e+00  1.470150e+00  1.476050e+00  1.489870e+00  
1.113167e+01  1.113165e+01  1.113165e+01  1.113163e+01  1.113161e+01  1.113159e+01  
1.113155e+01  1.113152e+01  1.113153e+01  1.113164e+01  1.113198e+01  1.113275e+01  
1.113402e+01  1.113570e+01  1.113734e+01  1.113856e+01  1.113829e+01  1.113335e+01  
1.112075e+01  1.109544e+01  1.105044e+01  1.097815e+01  1.086765e+01  1.069813e+01  
1.044956e+01  1.009716e+01  9.588662e+00  8.953975e+00  8.376309e+00  7.847360e+00  
7.363727e+00  6.921402e+00  6.516999e+00  6.147258e+00  5.808657e+00  5.496925e+00  
5.206161e+00  4.930243e+00  4.662820e+00  4.392199e+00  4.098739e+00  3.745128e+00  
3.266473e+00  2.941717e+00  2.516562e+00  2.088459e+00  1.610210e+00  1.503430e+00  
1.460560e+00  1.458860e+00  1.446860e+00  1.443650e+00  1.449240e+00  1.460960e+00  
1.104574e+01  1.104572e+01  1.104571e+01  1.104570e+01  1.104568e+01  1.104568e+01  
1.104569e+01  1.104575e+01  1.104595e+01  1.104645e+01  1.104752e+01  1.104934e+01  
1.105196e+01  1.105512e+01  1.105860e+01  1.106192e+01  1.106233e+01  1.105737e+01  
1.104329e+01  1.101449e+01  1.096614e+01  1.089202e+01  1.078071e+01  1.061314e+01  
1.038511e+01  1.005806e+01  9.584231e+00  8.992234e+00  8.453967e+00  7.962256e+00  
7.514068e+00  7.105825e+00  6.734403e+00  6.396362e+00  6.087671e+00  5.802979e+00  
5.534535e+00  5.275399e+00  5.021326e+00  4.764506e+00  4.487983e+00  4.151353e+00  
3.671318e+00  3.318195e+00  2.817880e+00  2.288751e+00  1.665940e+00  1.503320e+00  
1.442000e+00  1.434890e+00  1.410460e+00  1.408560e+00  1.406540e+00  1.421070e+00  
1.098757e+01  1.098756e+01  1.098755e+01  1.098755e+01  1.098754e+01  1.098756e+01  
1.098762e+01  1.098779e+01  1.098825e+01  1.098924e+01  1.099107e+01  1.099390e+01  
1.099765e+01  1.100214e+01  1.100735e+01  1.101157e+01  1.101201e+01  1.100634e+01  
1.098962e+01  1.095777e+01  1.090694e+01  1.083210e+01  1.071465e+01  1.056026e+01  
1.034654e+01  1.003773e+01  9.588439e+00  9.026833e+00  8.515694e+00  8.048885e+00  
7.623716e+00  7.237019e+00  6.886015e+00  6.567541e+00  6.277827e+00  6.011702e+00  
5.761417e+00  5.519988e+00  5.283205e+00  5.043104e+00  4.781961e+00  4.456737e+00  
3.976633e+00  3.612774e+00  3.083881e+00  2.501076e+00  1.751610e+00  1.536890e+00  
1.432000e+00  1.420570e+00  1.394290e+00  1.391540e+00  1.389640e+00  1.400230e+00  
1.089478e+01  1.089477e+01  1.089477e+01  1.089477e+01  1.089479e+01  1.089487e+01  
1.089509e+01  1.089560e+01  1.089669e+01  1.089876e+01  1.090205e+01  1.090662e+01  
1.091231e+01  1.091939e+01  1.092657e+01  1.093103e+01  1.093094e+01  1.092188e+01  
1.090028e+01  1.086399e+01  1.081105e+01  1.072692e+01  1.062062e+01  1.048509e+01  
1.029443e+01  1.001579e+01  9.605775e+00  9.088566e+00  8.613235e+00  8.176090e+00  
7.776129e+00  7.412231e+00  7.083595e+00  6.787959e+00  6.522223e+00  6.281928e+00  
6.060122e+00  5.849876e+00  5.645327e+00  5.434702e+00  5.197725e+00  4.894809e+00  
4.433615e+00  4.070243e+00  3.518870e+00  2.866360e+00  1.933608e+00  1.651160e+00  
1.425350e+00  1.399580e+00  1.381120e+00  1.378020e+00  1.373940e+00  1.379040e+00  
1.087475e+01  1.087474e+01  1.087474e+01  1.087476e+01  1.087483e+01  1.087500e+01  
1.087541e+01  1.087634e+01  1.087816e+01  1.088127e+01  1.088586e+01  1.089183e+01  
1.089937e+01  1.090830e+01  1.091576e+01  1.091998e+01  1.091763e+01  1.090437e+01  
1.087836e+01  1.083852e+01  1.078012e+01  1.069248e+01  1.059485e+01  1.046737e+01  
1.028591e+01  1.001888e+01  9.624473e+00  9.126302e+00  8.668302e+00  8.247502e+00  
7.863257e+00  7.514993e+00  7.202330e+00  6.923338e+00  6.675057e+00  6.453267e+00  
6.251058e+00  6.061528e+00  5.878967e+00  5.691383e+00  5.478800e+00  5.203359e+00  
4.771830e+00  4.419894e+00  3.866507e+00  3.177767e+00  2.106757e+00  1.753320e+00  
1.439040e+00  1.398670e+00  1.372750e+00  1.369500e+00  1.362430e+00  1.368450e+00  
1.087502e+01  1.087502e+01  1.087503e+01  1.087507e+01  1.087519e+01  1.087547e+01  
1.087613e+01  1.087752e+01  1.088010e+01  1.088419e+01  1.088989e+01  1.089716e+01  
1.090642e+01  1.091615e+01  1.092357e+01  1.092689e+01  1.092148e+01  1.090449e+01  
1.087475e+01  1.083238e+01  1.076208e+01  1.068182e+01  1.058893e+01  1.046556e+01  
1.028831e+01  1.002641e+01  9.639446e+00  9.151577e+00  8.704172e+00  8.294386e+00  
7.921293e+00  7.584081e+00  7.282101e+00  7.013841e+00  6.777093e+00  6.568646e+00  
6.383020e+00  6.213855e+00  6.053650e+00  5.885953e+00  5.687370e+00  5.423012e+00  
5.009929e+00  4.679969e+00  4.165494e+00  3.483837e+00  2.266906e+00  1.836010e+00  
1.456520e+00  1.406150e+00  1.367850e+00  1.361870e+00  1.359410e+00  1.362180e+00  
1.087371e+01  1.087372e+01  1.087374e+01  1.087381e+01  1.087398e+01  1.087440e+01  
1.087535e+01  1.087725e+01  1.088056e+01  1.088557e+01  1.089225e+01  1.090081e+01  
1.091143e+01  1.092136e+01  1.092865e+01  1.093040e+01  1.092199e+01  1.090176e+01  
1.086928e+01  1.082400e+01  1.074838e+01  1.067301e+01  1.058381e+01  1.046386e+01  
1.029025e+01  1.003281e+01  9.651995e+00  9.172013e+00  8.732171e+00  8.329908e+00  
7.964376e+00  7.634806e+00  7.340647e+00  7.080549e+00  6.852601e+00  6.653916e+00  
6.479423e+00  6.323260e+00  6.178420e+00  6.028988e+00  5.851493e+00  5.609026e+00  
5.217266e+00  4.899164e+00  4.398244e+00  3.718433e+00  2.427440e+00  1.930665e+00  
1.472260e+00  1.410490e+00  1.365830e+00  1.358610e+00  1.355640e+00  1.358070e+00  
1.087271e+01  1.087273e+01  1.087278e+01  1.087292e+01  1.087325e+01  1.087400e+01  
1.087559e+01  1.087854e+01  1.088323e+01  1.088981e+01  1.089833e+01  1.090934e+01  
1.092127e+01  1.093123e+01  1.093746e+01  1.093510e+01  1.092148e+01  1.089596e+01  
1.085994e+01  1.079750e+01  1.073072e+01  1.066178e+01  1.057779e+01  1.046269e+01  
1.029421e+01  1.004291e+01  9.670257e+00  9.200504e+00  8.770197e+00  8.377355e+00  
8.021495e+00  7.702226e+00  7.419358e+00  7.171721e+00  6.957465e+00  6.773663e+00  
6.615101e+00  6.476153e+00  6.351347e+00  6.227343e+00  6.083088e+00  5.882005e+00  
5.539949e+00  5.249430e+00  4.773524e+00  4.094514e+00  2.703689e+00  2.119275e+00  
1.510590e+00  1.420920e+00  1.362710e+00  1.357850e+00  1.348260e+00  1.352970e+00  
1.089541e+01  1.089545e+01  1.089554e+01  1.089575e+01  1.089628e+01  1.089743e+01  
1.089972e+01  1.090367e+01  1.090961e+01  1.091755e+01  1.092786e+01  1.094067e+01  
1.095283e+01  1.096259e+01  1.096656e+01  1.096006e+01  1.094192e+01  1.091262e+01  
1.087157e+01  1.080178e+01  1.074034e+01  1.067450e+01  1.059222e+01  1.047754e+01  
1.030823e+01  1.005526e+01  9.681478e+00  9.213251e+00  8.787455e+00  8.401544e+00  
8.054215e+00  7.744076e+00  7.469898e+00  7.230392e+00  7.023947e+00  6.847834e+00  
6.697095e+00  6.567518e+00  6.457545e+00  6.361465e+00  6.260466e+00  6.097874e+00  
5.772434e+00  5.492959e+00  5.052496e+00  4.410084e+00  2.952862e+00  2.284334e+00  
1.546960e+00  1.437280e+00  1.363470e+00  1.355000e+00  1.347360e+00  1.349840e+00  
1.088546e+01  1.088560e+01  1.088581e+01  1.088631e+01  1.088746e+01  1.088977e+01  
1.089383e+01  1.090007e+01  1.090857e+01  1.091965e+01  1.093380e+01  1.094803e+01  
1.096021e+01  1.096736e+01  1.096427e+01  1.094953e+01  1.092361e+01  1.088870e+01  
1.082216e+01  1.076676e+01  1.071406e+01  1.065502e+01  1.057852e+01  1.046928e+01  
1.030595e+01  1.006045e+01  9.696702e+00  9.240270e+00  8.824536e+00  8.447575e+00  
8.108325e+00  7.805766e+00  7.539177e+00  7.308120e+00  7.112116e+00  6.950143e+00  
6.819885e+00  6.718469e+00  6.641818e+00  6.577422e+00  6.505351e+00  6.391133e+00  
6.154151e+00  5.930557e+00  5.548715e+00  4.958260e+00  3.464185e+00  2.643438e+00  
1.643250e+00  1.487610e+00  1.367910e+00  1.355700e+00  1.339320e+00  1.345530e+00  
1.088322e+01  1.088348e+01  1.088386e+01  1.088475e+01  1.088665e+01  1.089019e+01  
1.089590e+01  1.090404e+01  1.091472e+01  1.092878e+01  1.094466e+01  1.095903e+01  
1.097018e+01  1.097263e+01  1.096346e+01  1.094247e+01  1.091253e+01  1.085612e+01  
1.079852e+01  1.075011e+01  1.070251e+01  1.064747e+01  1.057431e+01  1.046816e+01  
1.030809e+01  1.006623e+01  9.706549e+00  9.254689e+00  8.842706e+00  8.469174e+00  
8.133364e+00  7.834824e+00  7.573445e+00  7.348868e+00  7.160612e+00  7.007549e+00  
6.887119e+00  6.796813e+00  6.734352e+00  6.690677e+00  6.649199e+00  6.575768e+00  
6.395981e+00  6.210882e+00  5.869831e+00  5.323171e+00  3.858463e+00  2.961491e+00  
1.735910e+00  1.532600e+00  1.375620e+00  1.357770e+00  1.341050e+00  1.343350e+00  
1.088370e+01  1.088432e+01  1.088518e+01  1.088705e+01  1.089061e+01  1.089645e+01  
1.090495e+01  1.091619e+01  1.093109e+01  1.094861e+01  1.096500e+01  1.097870e+01  
1.098424e+01  1.097788e+01  1.095931e+01  1.093140e+01  1.087977e+01  1.082047e+01  
1.077455e+01  1.073394e+01  1.069216e+01  1.064148e+01  1.057169e+01  1.046840e+01  
1.031108e+01  1.007217e+01  9.715814e+00  9.267856e+00  8.859571e+00  8.490047e+00  
8.158735e+00  7.865384e+00  7.610033e+00  7.392474e+00  7.212347e+00  7.068733e+00  
6.959341e+00  6.882163e+00  6.836071e+00  6.813686e+00  6.802928e+00  6.781372e+00  
6.684809e+00  6.552424e+00  6.274302e+00  5.799860e+00  4.433904e+00  3.459884e+00  
1.915734e+00  1.637100e+00  1.392530e+00  1.365640e+00  1.337450e+00  1.341170e+00  
1.088425e+01  1.088538e+01  1.088685e+01  1.088982e+01  1.089500e+01  1.090288e+01  
1.091362e+01  1.092779e+01  1.094586e+01  1.096408e+01  1.098049e+01  1.099112e+01  
1.099031e+01  1.097696e+01  1.095245e+01  1.091923e+01  1.084996e+01  1.080070e+01  
1.076102e+01  1.072497e+01  1.068648e+01  1.063815e+01  1.057003e+01  1.046801e+01  
1.031181e+01  1.007420e+01  9.719804e+00  9.274476e+00  8.868610e+00  8.501236e+00  
8.172092e+00  7.881450e+00  7.629757e+00  7.416478e+00  7.240498e+00  7.100723e+00  
6.995800e+00  6.924910e+00  6.888397e+00  6.881319e+00  6.893150e+00  6.897945e+00  
6.833337e+00  6.733280e+00  6.530753e+00  6.160907e+00  4.837267e+00  3.784163e+00  
2.100473e+00  1.761150e+00  1.408390e+00  1.359030e+00  1.341730e+00  1.340100e+00  
1.088381e+01  1.088557e+01  1.088775e+01  1.089185e+01  1.089854e+01  1.090816e+01  
1.092091e+01  1.093785e+01  1.095743e+01  1.097586e+01  1.099133e+01  1.099766e+01  
1.099143e+01  1.097252e+01  1.094471e+01  1.088832e+01  1.083013e+01  1.078686e+01  
1.075140e+01  1.071845e+01  1.068221e+01  1.063548e+01  1.056857e+01  1.046755e+01  
1.031233e+01  1.007586e+01  9.722822e+00  9.278863e+00  8.874156e+00  8.508041e+00  
8.180337e+00  7.891393e+00  7.641690e+00  7.430709e+00  7.257359e+00  7.120582e+00  
7.019117e+00  6.952397e+00  6.921261e+00  6.921742e+00  6.945222e+00  6.969966e+00  
6.940189e+00  6.865816e+00  6.698119e+00  6.376772e+00  5.152704e+00  4.094582e+00  
2.255342e+00  1.859030e+00  1.429590e+00  1.366870e+00  1.345280e+00  1.339470e+00  
1.088310e+01  1.088561e+01  1.088854e+01  1.089374e+01  1.090181e+01  1.091295e+01  
1.092769e+01  1.094685e+01  1.096692e+01  1.098542e+01  1.099889e+01  1.100093e+01  
1.098999e+01  1.096705e+01  1.093665e+01  1.086694e+01  1.081558e+01  1.077655e+01  
1.074420e+01  1.071353e+01  1.067891e+01  1.063337e+01  1.056738e+01  1.046719e+01  
1.031282e+01  1.007724e+01  9.725043e+00  9.281833e+00  8.877786e+00  8.512600e+00  
8.186094e+00  7.898481e+00  7.650157e+00  7.440585e+00  7.268764e+00  7.133796e+00  
7.034841e+00  6.971548e+00  6.944451e+00  6.948741e+00  6.977279e+00  7.018031e+00  
7.023414e+00  6.969284e+00  6.815553e+00  6.514477e+00  5.403305e+00  4.372834e+00  
2.398256e+00  1.948682e+00  1.453380e+00  1.378500e+00  1.345040e+00  1.339060e+00  
1.088283e+01  1.088711e+01  1.089156e+01  1.089881e+01  1.090927e+01  1.092315e+01  
1.094169e+01  1.096311e+01  1.098352e+01  1.100097e+01  1.100880e+01  1.100363e+01  
1.098493e+01  1.095738e+01  1.089891e+01  1.083935e+01  1.079642e+01  1.076326e+01  
1.073520e+01  1.070758e+01  1.067510e+01  1.063106e+01  1.056616e+01  1.046685e+01  
1.031334e+01  1.007868e+01  9.727500e+00  9.285350e+00  8.882352e+00  8.518515e+00  
8.193609e+00  7.907673e+00  7.661029e+00  7.453184e+00  7.283303e+00  7.150723e+00  
7.054865e+00  6.995652e+00  6.973823e+00  6.984809e+00  7.022705e+00  7.079793e+00  
7.119775e+00  7.096545e+00  6.987070e+00  6.740842e+00  5.760446e+00  4.786259e+00  
2.673767e+00  2.126822e+00  1.496490e+00  1.396540e+00  1.351180e+00  1.338540e+00  
1.088221e+01  1.088852e+01  1.089389e+01  1.090346e+01  1.091599e+01  1.093259e+01  
1.095394e+01  1.097519e+01  1.099665e+01  1.101197e+01  1.101330e+01  1.100178e+01  
1.097814e+01  1.094663e+01  1.087180e+01  1.082087e+01  1.078338e+01  1.075418e+01  
1.072900e+01  1.070340e+01  1.067231e+01  1.062926e+01  1.056511e+01  1.046647e+01  
1.031364e+01  1.007971e+01  9.729263e+00  9.287783e+00  8.885424e+00  8.522425e+00  
8.198448e+00  7.913331e+00  7.667215e+00  7.459981e+00  7.291448e+00  7.161177e+00  
7.067899e+00  7.011103e+00  6.991902e+00  7.006797e+00  7.050599e+00  7.115125e+00  
7.176724e+00  7.181344e+00  7.109972e+00  6.886132e+00  5.974737e+00  5.135264e+00  
2.930421e+00  2.279923e+00  1.537560e+00  1.425800e+00  1.346360e+00  1.338230e+00  
