7.560525e-01  7.560531e-01  7.560535e-01  7.560541e-01  7.560551e-01  7.560565e-01  
7.560589e-01  7.560627e-01  7.560686e-01  7.560780e-01  7.560929e-01  7.561166e-01  
7.561541e-01  7.562135e-01  7.563076e-01  7.564568e-01  7.566933e-01  7.570682e-01  
7.576623e-01  7.586040e-01  7.600966e-01  7.624629e-01  7.662159e-01  7.721732e-01  
7.816516e-01  7.968144e-01  8.212296e-01  8.549775e-01  8.895673e-01  9.251065e-01  
9.618541e-01  1.000200e+00  1.040727e+00  1.083844e+00  1.129944e+00  1.179650e+00  
1.233840e+00  1.292370e+00  1.351780e+00  1.403370e+00  1.438470e+00  1.460520e+00  
1.475190e+00  1.480800e+00  1.489420e+00  1.497520e+00  1.494540e+00  1.493090e+00  
1.493500e+00  1.493560e+00  1.493310e+00  1.493370e+00  1.493230e+00  1.493310e+00  
1.063524e+00  1.063525e+00  1.063525e+00  1.063526e+00  1.063527e+00  1.063529e+00  
1.063531e+00  1.063536e+00  1.063543e+00  1.063553e+00  1.063571e+00  1.063598e+00  
1.063641e+00  1.063710e+00  1.063818e+00  1.063991e+00  1.064263e+00  1.064696e+00  
1.065381e+00  1.066468e+00  1.068190e+00  1.070921e+00  1.075255e+00  1.082149e+00  
1.093164e+00  1.110967e+00  1.140144e+00  1.181378e+00  1.224704e+00  1.270207e+00  
1.317988e+00  1.368105e+00  1.420604e+00  1.475420e+00  1.532418e+00  1.591310e+00  
1.651480e+00  1.711950e+00  1.771260e+00  1.826980e+00  1.875000e+00  1.908290e+00  
1.918240e+00  1.915480e+00  1.917320e+00  1.924420e+00  1.925860e+00  1.924110e+00  
1.924990e+00  1.925450e+00  1.925330e+00  1.925190e+00  1.925500e+00  1.925250e+00  
1.336061e+00  1.336062e+00  1.336062e+00  1.336063e+00  1.336065e+00  1.336067e+00  
1.336070e+00  1.336076e+00  1.336084e+00  1.336098e+00  1.336119e+00  1.336154e+00  
1.336208e+00  1.336293e+00  1.336429e+00  1.336645e+00  1.336986e+00  1.337527e+00  
1.338385e+00  1.339744e+00  1.341898e+00  1.345316e+00  1.350738e+00  1.359354e+00  
1.373099e+00  1.395228e+00  1.431246e+00  1.481678e+00  1.534059e+00  1.588367e+00  
1.644580e+00  1.702629e+00  1.762370e+00  1.823588e+00  1.885923e+00  1.948930e+00  
2.011850e+00  2.073610e+00  2.132700e+00  2.187070e+00  2.234170e+00  2.271700e+00  
2.293370e+00  2.292930e+00  2.280640e+00  2.265210e+00  2.282630e+00  2.300340e+00  
2.293780e+00  2.289780e+00  2.290450e+00  2.291440e+00  2.289170e+00  2.290670e+00  
1.826972e+00  1.826973e+00  1.826974e+00  1.826975e+00  1.826977e+00  1.826980e+00  
1.826984e+00  1.826992e+00  1.827003e+00  1.827021e+00  1.827050e+00  1.827095e+00  
1.827168e+00  1.827282e+00  1.827464e+00  1.827751e+00  1.828207e+00  1.828929e+00  
1.830074e+00  1.831889e+00  1.834766e+00  1.839326e+00  1.846559e+00  1.858035e+00  
1.876274e+00  1.905372e+00  1.951981e+00  2.015828e+00  2.080352e+00  2.145317e+00  
2.210493e+00  2.275652e+00  2.340573e+00  2.405018e+00  2.468824e+00  2.532130e+00  
2.595500e+00  2.658830e+00  2.719790e+00  2.773850e+00  2.815790e+00  2.843320e+00  
2.857730e+00  2.862780e+00  2.868580e+00  2.874270e+00  2.879490e+00  2.879860e+00  
2.878620e+00  2.878400e+00  2.878540e+00  2.878620e+00  2.878570e+00  2.878560e+00  
2.240667e+00  2.240669e+00  2.240670e+00  2.240671e+00  2.240674e+00  2.240677e+00  
2.240683e+00  2.240693e+00  2.240708e+00  2.240732e+00  2.240769e+00  2.240829e+00  
2.240924e+00  2.241076e+00  2.241315e+00  2.241695e+00  2.242297e+00  2.243251e+00  
2.244763e+00  2.247159e+00  2.250957e+00  2.256977e+00  2.266512e+00  2.281597e+00  
2.305399e+00  2.342702e+00  2.400609e+00  2.476672e+00  2.549607e+00  2.619288e+00  
2.685967e+00  2.750496e+00  2.814184e+00  2.877138e+00  2.938978e+00  2.999580e+00  
3.058910e+00  3.116450e+00  3.170380e+00  3.217700e+00  3.255420e+00  3.283400e+00  
3.301660e+00  3.307800e+00  3.316600e+00  3.326620e+00  3.334350e+00  3.334870e+00  
3.331920e+00  3.331440e+00  3.331810e+00  3.331830e+00  3.331940e+00  3.331870e+00  
2.601896e+00  2.601898e+00  2.601899e+00  2.601901e+00  2.601904e+00  2.601908e+00  
2.601916e+00  2.601927e+00  2.601946e+00  2.601975e+00  2.602021e+00  2.602095e+00  
2.602211e+00  2.602395e+00  2.602687e+00  2.603150e+00  2.603884e+00  2.605047e+00  
2.606889e+00  2.609810e+00  2.614440e+00  2.621774e+00  2.633382e+00  2.651708e+00  
2.680469e+00  2.724951e+00  2.792309e+00  2.877650e+00  2.955656e+00  3.026392e+00  
3.090723e+00  3.150831e+00  3.209754e+00  3.267960e+00  3.325003e+00  3.380380e+00  
3.433450e+00  3.483370e+00  3.529150e+00  3.569940e+00  3.604770e+00  3.632710e+00  
3.652790e+00  3.660800e+00  3.672100e+00  3.684890e+00  3.695770e+00  3.695820e+00  
3.692070e+00  3.691380e+00  3.691770e+00  3.692000e+00  3.691870e+00  3.691940e+00  
2.922371e+00  2.922373e+00  2.922375e+00  2.922377e+00  2.922380e+00  2.922385e+00  
2.922394e+00  2.922407e+00  2.922428e+00  2.922462e+00  2.922515e+00  2.922599e+00  
2.922733e+00  2.922943e+00  2.923279e+00  2.923811e+00  2.924653e+00  2.925989e+00  
2.928106e+00  2.931461e+00  2.936779e+00  2.945201e+00  2.958522e+00  2.979522e+00  
3.012352e+00  3.062628e+00  3.137324e+00  3.229242e+00  3.309828e+00  3.379319e+00  
3.439232e+00  3.492906e+00  3.544984e+00  3.596321e+00  3.646510e+00  3.695050e+00  
3.741200e+00  3.784110e+00  3.823100e+00  3.857880e+00  3.888240e+00  3.914300e+00  
3.936410e+00  3.946960e+00  3.960760e+00  3.975130e+00  3.987440e+00  3.987710e+00  
3.983650e+00  3.982870e+00  3.983310e+00  3.983560e+00  3.983390e+00  3.983530e+00  
3.468548e+00  3.468551e+00  3.468552e+00  3.468555e+00  3.468559e+00  3.468565e+00  
3.468575e+00  3.468591e+00  3.468617e+00  3.468657e+00  3.468720e+00  3.468821e+00  
3.468981e+00  3.469233e+00  3.469634e+00  3.470270e+00  3.471278e+00  3.472877e+00  
3.475410e+00  3.479424e+00  3.485785e+00  3.495857e+00  3.511774e+00  3.536800e+00  
3.575675e+00  3.634236e+00  3.718456e+00  3.816899e+00  3.896534e+00  3.958183e+00  
4.004775e+00  4.042102e+00  4.077864e+00  4.113749e+00  4.149278e+00  4.183800e+00  
4.216080e+00  4.244990e+00  4.270560e+00  4.293990e+00  4.316730e+00  4.339860e+00  
4.364850e+00  4.378740e+00  4.394790e+00  4.409400e+00  4.422790e+00  4.424270e+00  
4.420800e+00  4.420210e+00  4.420770e+00  4.420780e+00  4.420960e+00  4.420920e+00  
3.925849e+00  3.925852e+00  3.925854e+00  3.925856e+00  3.925861e+00  3.925868e+00  
3.925878e+00  3.925896e+00  3.925923e+00  3.925966e+00  3.926034e+00  3.926142e+00  
3.926314e+00  3.926585e+00  3.927015e+00  3.927698e+00  3.928779e+00  3.930495e+00  
3.933214e+00  3.937523e+00  3.944351e+00  3.955161e+00  3.972230e+00  3.999025e+00  
4.040466e+00  4.102196e+00  4.188953e+00  4.286510e+00  4.360332e+00  4.411687e+00  
4.444346e+00  4.465561e+00  4.484714e+00  4.504024e+00  4.523349e+00  4.542430e+00  
4.560740e+00  4.577690e+00  4.593440e+00  4.608780e+00  4.625020e+00  4.644350e+00  
4.669540e+00  4.684550e+00  4.700210e+00  4.712940e+00  4.726300e+00  4.728610e+00  
4.727340e+00  4.727060e+00  4.727520e+00  4.727520e+00  4.727660e+00  4.727660e+00  
4.815892e+00  4.815895e+00  4.815897e+00  4.815899e+00  4.815903e+00  4.815910e+00  
4.815921e+00  4.815938e+00  4.815965e+00  4.816007e+00  4.816074e+00  4.816181e+00  
4.816350e+00  4.816618e+00  4.817043e+00  4.817716e+00  4.818783e+00  4.820475e+00  
4.823159e+00  4.827413e+00  4.834154e+00  4.844820e+00  4.861640e+00  4.887937e+00  
4.928218e+00  4.986693e+00  5.064526e+00  5.143950e+00  5.193037e+00  5.214009e+00  
5.211988e+00  5.196021e+00  5.177555e+00  5.159593e+00  5.142930e+00  5.128381e+00  
5.117390e+00  5.110690e+00  5.107970e+00  5.107550e+00  5.108860e+00  5.116680e+00  
5.136440e+00  5.149620e+00  5.159190e+00  5.163130e+00  5.172330e+00  5.176290e+00  
5.181980e+00  5.182740e+00  5.182770e+00  5.182770e+00  5.182760e+00  5.182820e+00  
5.479999e+00  5.480002e+00  5.480003e+00  5.480005e+00  5.480009e+00  5.480014e+00  
5.480024e+00  5.480038e+00  5.480061e+00  5.480096e+00  5.480153e+00  5.480244e+00  
5.480388e+00  5.480616e+00  5.480978e+00  5.481551e+00  5.482461e+00  5.483904e+00  
5.486192e+00  5.489821e+00  5.495575e+00  5.504674e+00  5.518993e+00  5.541275e+00  
5.575014e+00  5.622458e+00  5.681161e+00  5.732514e+00  5.751627e+00  5.741472e+00  
5.707945e+00  5.660782e+00  5.611997e+00  5.565008e+00  5.521145e+00  5.481718e+00  
5.449110e+00  5.424570e+00  5.407120e+00  5.393030e+00  5.380170e+00  5.375000e+00  
5.384590e+00  5.392530e+00  5.393380e+00  5.387230e+00  5.389590e+00  5.394210e+00  
5.406380e+00  5.408160e+00  5.407700e+00  5.407720e+00  5.407520e+00  5.407650e+00  
6.418823e+00  6.418825e+00  6.418826e+00  6.418829e+00  6.418832e+00  6.418837e+00  
6.418845e+00  6.418858e+00  6.418879e+00  6.418912e+00  6.418963e+00  6.419046e+00  
6.419176e+00  6.419382e+00  6.419709e+00  6.420228e+00  6.421052e+00  6.422360e+00  
6.424439e+00  6.427737e+00  6.432959e+00  6.441184e+00  6.453984e+00  6.473372e+00  
6.500632e+00  6.530564e+00  6.544208e+00  6.516418e+00  6.452853e+00  6.375235e+00  
6.290684e+00  6.204976e+00  6.123934e+00  6.046597e+00  5.968281e+00  5.888627e+00  
5.817960e+00  5.763720e+00  5.722880e+00  5.685560e+00  5.645530e+00  5.616500e+00  
5.605150e+00  5.597190e+00  5.580350e+00  5.559820e+00  5.548670e+00  5.551940e+00  
5.571070e+00  5.574050e+00  5.573090e+00  5.572640e+00  5.572650e+00  5.572710e+00  
7.107231e+00  7.107232e+00  7.107232e+00  7.107233e+00  7.107234e+00  7.107236e+00  
7.107239e+00  7.107244e+00  7.107251e+00  7.107264e+00  7.107282e+00  7.107312e+00  
7.107360e+00  7.107435e+00  7.107556e+00  7.107748e+00  7.108054e+00  7.108544e+00  
7.109326e+00  7.110575e+00  7.112551e+00  7.115632e+00  7.120286e+00  7.126838e+00  
7.134102e+00  7.133761e+00  7.103404e+00  7.022329e+00  6.910252e+00  6.785783e+00  
6.656371e+00  6.529018e+00  6.410795e+00  6.301592e+00  6.197878e+00  6.098264e+00  
6.008450e+00  5.932680e+00  5.868580e+00  5.809250e+00  5.750280e+00  5.700700e+00  
5.664810e+00  5.645440e+00  5.617730e+00  5.588860e+00  5.568450e+00  5.569250e+00  
5.586530e+00  5.589270e+00  5.588150e+00  5.587670e+00  5.587660e+00  5.587730e+00  
7.634727e+00  7.634727e+00  7.634727e+00  7.634726e+00  7.634726e+00  7.634725e+00  
7.634723e+00  7.634722e+00  7.634720e+00  7.634716e+00  7.634710e+00  7.634700e+00  
7.634684e+00  7.634661e+00  7.634624e+00  7.634567e+00  7.634480e+00  7.634348e+00  
7.634147e+00  7.633840e+00  7.633353e+00  7.632515e+00  7.630947e+00  7.627630e+00  
7.619262e+00  7.594288e+00  7.525730e+00  7.395554e+00  7.238110e+00  7.072374e+00  
6.905634e+00  6.744462e+00  6.595791e+00  6.460095e+00  6.335351e+00  6.219468e+00  
6.113808e+00  6.019450e+00  5.935110e+00  5.857350e+00  5.783740e+00  5.717450e+00  
5.659760e+00  5.631030e+00  5.597200e+00  5.566080e+00  5.540430e+00  5.538020e+00  
5.547480e+00  5.549050e+00  5.548070e+00  5.547710e+00  5.547690e+00  5.547760e+00  
8.057250e+00  8.057249e+00  8.057248e+00  8.057247e+00  8.057246e+00  8.057244e+00  
8.057240e+00  8.057234e+00  8.057224e+00  8.057209e+00  8.057186e+00  8.057147e+00  
8.057088e+00  8.056994e+00  8.056845e+00  8.056613e+00  8.056249e+00  8.055679e+00  
8.054788e+00  8.053387e+00  8.051162e+00  8.047555e+00  8.041562e+00  8.031142e+00  
8.011197e+00  7.966775e+00  7.865368e+00  7.689957e+00  7.489795e+00  7.286894e+00  
7.088273e+00  6.898884e+00  6.724398e+00  6.565837e+00  6.422431e+00  6.291818e+00  
6.171713e+00  6.060820e+00  5.958900e+00  5.865620e+00  5.780150e+00  5.699980e+00  
5.623510e+00  5.587140e+00  5.550200e+00  5.520380e+00  5.492090e+00  5.486250e+00  
5.485030e+00  5.484990e+00  5.484320e+00  5.484160e+00  5.484100e+00  5.484170e+00  
8.702603e+00  8.702601e+00  8.702600e+00  8.702598e+00  8.702594e+00  8.702589e+00  
8.702581e+00  8.702568e+00  8.702548e+00  8.702514e+00  8.702463e+00  8.702382e+00  
8.702253e+00  8.702049e+00  8.701728e+00  8.701222e+00  8.700427e+00  8.699180e+00  
8.697219e+00  8.694125e+00  8.689200e+00  8.681276e+00  8.668370e+00  8.646762e+00  
8.608301e+00  8.531804e+00  8.373818e+00  8.118872e+00  7.843524e+00  7.577035e+00  
7.325685e+00  7.091499e+00  6.877123e+00  6.682925e+00  6.506979e+00  6.346386e+00  
6.198091e+00  6.060460e+00  5.933270e+00  5.815850e+00  5.706880e+00  5.602290e+00  
5.499610e+00  5.451520e+00  5.409350e+00  5.381820e+00  5.351660e+00  5.338980e+00  
5.320250e+00  5.317460e+00  5.317130e+00  5.317460e+00  5.317000e+00  5.317300e+00  
9.174267e+00  9.174264e+00  9.174262e+00  9.174259e+00  9.174253e+00  9.174246e+00  
9.174234e+00  9.174216e+00  9.174187e+00  9.174140e+00  9.174065e+00  9.173948e+00  
9.173763e+00  9.173470e+00  9.173009e+00  9.172283e+00  9.171142e+00  9.169348e+00  
9.166527e+00  9.162065e+00  9.154953e+00  9.143524e+00  9.124989e+00  9.094215e+00  
9.040426e+00  8.936906e+00  8.730406e+00  8.406839e+00  8.067462e+00  7.748309e+00  
7.454623e+00  7.185670e+00  6.940797e+00  6.719234e+00  6.517655e+00  6.332428e+00  
6.160471e+00  6.000220e+00  5.851620e+00  5.713500e+00  5.584440e+00  5.460610e+00  
5.340140e+00  5.284160e+00  5.235550e+00  5.204810e+00  5.172180e+00  5.155960e+00  
5.128380e+00  5.124080e+00  5.123820e+00  5.124430e+00  5.123640e+00  5.124140e+00  
1.009112e+01  1.009111e+01  1.009110e+01  1.009109e+01  1.009108e+01  1.009106e+01  
1.009102e+01  1.009096e+01  1.009087e+01  1.009073e+01  1.009050e+01  1.009014e+01  
1.008956e+01  1.008866e+01  1.008721e+01  1.008494e+01  1.008136e+01  1.007572e+01  
1.006678e+01  1.005262e+01  1.003011e+01  9.994317e+00  9.937432e+00  9.847146e+00  
9.704656e+00  9.483092e+00  9.145154e+00  8.711344e+00  8.304835e+00  7.924530e+00  
7.569402e+00  7.239256e+00  6.933945e+00  6.652754e+00  6.394103e+00  6.155712e+00  
5.934896e+00  5.730407e+00  5.543480e+00  5.373540e+00  5.217960e+00  5.065110e+00  
4.905600e+00  4.827700e+00  4.759980e+00  4.716240e+00  4.667370e+00  4.651000e+00  
4.629650e+00  4.626690e+00  4.626100e+00  4.626100e+00  4.626210e+00  4.625980e+00  
1.055983e+01  1.055982e+01  1.055981e+01  1.055980e+01  1.055978e+01  1.055975e+01  
1.055971e+01  1.055963e+01  1.055952e+01  1.055934e+01  1.055905e+01  1.055860e+01  
1.055788e+01  1.055674e+01  1.055494e+01  1.055211e+01  1.054765e+01  1.054060e+01  
1.052945e+01  1.051175e+01  1.048357e+01  1.043874e+01  1.036745e+01  1.025432e+01  
1.007619e+01  9.800931e+00  9.385440e+00  8.858728e+00  8.372059e+00  7.923377e+00  
7.510514e+00  7.131904e+00  6.786780e+00  6.472612e+00  6.186101e+00  5.923231e+00  
5.678649e+00  5.448931e+00  5.235141e+00  5.037120e+00  4.852550e+00  4.673210e+00  
4.492770e+00  4.404730e+00  4.322230e+00  4.261390e+00  4.196340e+00  4.181600e+00  
4.177410e+00  4.177450e+00  4.175830e+00  4.175510e+00  4.175260e+00  4.175080e+00  
1.109269e+01  1.109267e+01  1.109266e+01  1.109265e+01  1.109263e+01  1.109259e+01  
1.109253e+01  1.109244e+01  1.109229e+01  1.109206e+01  1.109169e+01  1.109110e+01  
1.109018e+01  1.108873e+01  1.108643e+01  1.108282e+01  1.107713e+01  1.106814e+01  
1.105385e+01  1.103110e+01  1.099485e+01  1.093711e+01  1.084511e+01  1.069915e+01  
1.047008e+01  1.011850e+01  9.594607e+00  8.939951e+00  8.344199e+00  7.803481e+00  
7.314725e+00  6.873590e+00  6.476538e+00  6.119204e+00  5.796144e+00  5.501068e+00  
5.225656e+00  4.964145e+00  4.716763e+00  4.483970e+00  4.263460e+00  4.048880e+00  
3.837140e+00  3.735690e+00  3.642070e+00  3.573880e+00  3.499140e+00  3.480990e+00  
3.474570e+00  3.474430e+00  3.472620e+00  3.472320e+00  3.471910e+00  3.471650e+00  
1.138730e+01  1.138728e+01  1.138727e+01  1.138725e+01  1.138723e+01  1.138718e+01  
1.138712e+01  1.138701e+01  1.138684e+01  1.138657e+01  1.138614e+01  1.138547e+01  
1.138440e+01  1.138272e+01  1.138008e+01  1.137594e+01  1.136941e+01  1.135906e+01  
1.134256e+01  1.131623e+01  1.127425e+01  1.120722e+01  1.110031e+01  1.093087e+01  
1.066559e+01  1.026121e+01  9.665832e+00  8.930663e+00  8.270976e+00  7.679267e+00  
7.150348e+00  6.676718e+00  6.251116e+00  5.867540e+00  5.519627e+00  5.199883e+00  
4.898551e+00  4.609244e+00  4.333191e+00  4.073400e+00  3.831280e+00  3.602710e+00  
3.386490e+00  3.284120e+00  3.184870e+00  3.108720e+00  3.033560e+00  3.014200e+00  
2.996850e+00  2.994720e+00  2.993350e+00  2.993150e+00  2.993040e+00  2.992920e+00  
1.159108e+01  1.159106e+01  1.159105e+01  1.159103e+01  1.159100e+01  1.159095e+01  
1.159088e+01  1.159075e+01  1.159057e+01  1.159027e+01  1.158980e+01  1.158907e+01  
1.158791e+01  1.158608e+01  1.158322e+01  1.157873e+01  1.157163e+01  1.156035e+01  
1.154232e+01  1.151351e+01  1.146749e+01  1.139387e+01  1.127632e+01  1.109018e+01  
1.079918e+01  1.035783e+01  9.713140e+00  8.922194e+00  8.218785e+00  7.592160e+00  
7.034376e+00  6.535504e+00  6.085713e+00  5.678451e+00  5.307938e+00  4.967554e+00  
4.649009e+00  4.346658e+00  4.060452e+00  3.791075e+00  3.538810e+00  3.300220e+00  
3.074320e+00  2.967270e+00  2.863890e+00  2.784900e+00  2.706990e+00  2.686860e+00  
2.668180e+00  2.665820e+00  2.664370e+00  2.664190e+00  2.664070e+00  2.664590e+00  
1.173288e+01  1.173286e+01  1.173285e+01  1.173283e+01  1.173279e+01  1.173275e+01  
1.173267e+01  1.173254e+01  1.173235e+01  1.173203e+01  1.173154e+01  1.173076e+01  
1.172954e+01  1.172763e+01  1.172462e+01  1.171991e+01  1.171247e+01  1.170057e+01  
1.168152e+01  1.165108e+01  1.160231e+01  1.152409e+01  1.139919e+01  1.120146e+01  
1.089259e+01  1.042595e+01  9.747708e+00  8.918249e+00  8.184635e+00  7.534067e+00  
6.955941e+00  6.438522e+00  5.970553e+00  5.545397e+00  5.157772e+00  4.801920e+00  
4.470820e+00  4.159411e+00  3.866556e+00  3.590955e+00  3.331678e+00  3.086660e+00  
2.854750e+00  2.744330e+00  2.636610e+00  2.553360e+00  2.472240e+00  2.452060e+00  
2.435030e+00  2.432900e+00  2.431270e+00  2.431090e+00  2.430910e+00  2.431820e+00  
1.191688e+01  1.191686e+01  1.191684e+01  1.191682e+01  1.191679e+01  1.191674e+01  
1.191664e+01  1.191651e+01  1.191630e+01  1.191597e+01  1.191545e+01  1.191463e+01  
1.191335e+01  1.191135e+01  1.190822e+01  1.190331e+01  1.189550e+01  1.188293e+01  
1.186274e+01  1.183034e+01  1.177814e+01  1.169412e+01  1.155996e+01  1.134739e+01  
1.101595e+01  1.051783e+01  9.798328e+00  8.921958e+00  8.151897e+00  7.473391e+00  
6.871574e+00  6.332281e+00  5.842772e+00  5.396503e+00  4.988639e+00  4.614163e+00  
4.267224e+00  3.943253e+00  3.640066e+00  3.354655e+00  3.084690e+00  2.829010e+00  
2.585790e+00  2.468790e+00  2.353620e+00  2.263570e+00  2.175840e+00  2.154690e+00  
2.138900e+00  2.137020e+00  2.135170e+00  2.134980e+00  2.134730e+00  2.135070e+00  
1.202859e+01  1.202857e+01  1.202855e+01  1.202853e+01  1.202850e+01  1.202843e+01  
1.202835e+01  1.202821e+01  1.202799e+01  1.202766e+01  1.202713e+01  1.202629e+01  
1.202499e+01  1.202298e+01  1.201984e+01  1.201491e+01  1.200697e+01  1.199413e+01  
1.197348e+01  1.194011e+01  1.188601e+01  1.179878e+01  1.165936e+01  1.143822e+01  
1.109415e+01  1.057869e+01  9.836992e+00  8.936372e+00  8.148504e+00  7.456780e+00  
6.844224e+00  6.295340e+00  5.796696e+00  5.341609e+00  4.925120e+00  4.541993e+00  
4.186196e+00  3.853051e+00  3.540556e+00  3.245984e+00  2.966746e+00  2.700213e+00  
2.443940e+00  2.319460e+00  2.197210e+00  2.101640e+00  2.006780e+00  1.983400e+00  
1.965510e+00  1.963440e+00  1.961530e+00  1.961300e+00  1.961080e+00  1.960160e+00  
1.216061e+01  1.216059e+01  1.216057e+01  1.216055e+01  1.216052e+01  1.216046e+01  
1.216037e+01  1.216023e+01  1.216002e+01  1.215968e+01  1.215916e+01  1.215836e+01  
1.215714e+01  1.215527e+01  1.215238e+01  1.214771e+01  1.214000e+01  1.212747e+01  
1.210698e+01  1.207318e+01  1.201771e+01  1.192798e+01  1.178372e+01  1.155510e+01  
1.120105e+01  1.067257e+01  9.914413e+00  8.996547e+00  8.198325e+00  7.496923e+00  
6.876064e+00  6.320180e+00  5.816097e+00  5.356429e+00  4.935205e+00  4.545798e+00  
4.180307e+00  3.833221e+00  3.503652e+00  3.190876e+00  2.892438e+00  2.601212e+00  
2.311410e+00  2.165960e+00  2.019590e+00  1.902360e+00  1.785950e+00  1.756320e+00  
1.732320e+00  1.729510e+00  1.727230e+00  1.726920e+00  1.726690e+00  1.725770e+00  
1.219989e+01  1.219986e+01  1.219984e+01  1.219982e+01  1.219979e+01  1.219973e+01  
1.219965e+01  1.219951e+01  1.219931e+01  1.219900e+01  1.219851e+01  1.219780e+01  
1.219674e+01  1.219513e+01  1.219261e+01  1.218837e+01  1.218130e+01  1.216961e+01  
1.214997e+01  1.211681e+01  1.206209e+01  1.197280e+01  1.182872e+01  1.160131e+01  
1.125046e+01  1.072834e+01  9.977367e+00  9.068075e+00  8.276596e+00  7.577489e+00  
6.956903e+00  6.401071e+00  5.898287e+00  5.440782e+00  5.021645e+00  4.633005e+00  
4.265285e+00  3.911982e+00  3.572707e+00  3.247689e+00  2.934315e+00  2.622603e+00  
2.301890e+00  2.134790e+00  1.958380e+00  1.811260e+00  1.670390e+00  1.636090e+00  
1.608400e+00  1.604920e+00  1.601890e+00  1.601560e+00  1.601220e+00  1.603170e+00  
1.219863e+01  1.219861e+01  1.219859e+01  1.219857e+01  1.219853e+01  1.219848e+01  
1.219841e+01  1.219829e+01  1.219811e+01  1.219785e+01  1.219748e+01  1.219699e+01  
1.219632e+01  1.219531e+01  1.219351e+01  1.219028e+01  1.218464e+01  1.217459e+01  
1.215640e+01  1.212487e+01  1.207176e+01  1.198355e+01  1.184191e+01  1.162025e+01  
1.128102e+01  1.077861e+01  1.005905e+01  9.188867e+00  8.426210e+00  7.747719e+00  
7.141294e+00  6.594737e+00  6.097635e+00  5.643203e+00  5.225532e+00  4.837830e+00  
4.471759e+00  4.120496e+00  3.780443e+00  3.446229e+00  3.110472e+00  2.761459e+00  
2.383109e+00  2.175530e+00  1.947240e+00  1.746400e+00  1.545850e+00  1.503720e+00  
1.476200e+00  1.472590e+00  1.466750e+00  1.465600e+00  1.466120e+00  1.472710e+00  
1.213015e+01  1.213013e+01  1.213012e+01  1.213010e+01  1.213007e+01  1.213002e+01  
1.212995e+01  1.212985e+01  1.212972e+01  1.212955e+01  1.212933e+01  1.212913e+01  
1.212894e+01  1.212856e+01  1.212759e+01  1.212562e+01  1.212159e+01  1.211323e+01  
1.209694e+01  1.206789e+01  1.201720e+01  1.193270e+01  1.179813e+01  1.158916e+01  
1.127141e+01  1.079742e+01  1.012397e+01  9.298347e+00  8.561586e+00  7.897575e+00  
7.298721e+00  6.757589e+00  6.267700e+00  5.822474e+00  5.414888e+00  5.036702e+00  
4.677356e+00  4.328559e+00  3.986821e+00  3.647071e+00  3.299810e+00  2.925653e+00  
2.499672e+00  2.257892e+00  1.988430e+00  1.747130e+00  1.488080e+00  1.427700e+00  
1.404460e+00  1.403070e+00  1.394080e+00  1.391700e+00  1.393870e+00  1.401840e+00  
1.208581e+01  1.208579e+01  1.208578e+01  1.208575e+01  1.208574e+01  1.208569e+01  
1.208563e+01  1.208555e+01  1.208546e+01  1.208537e+01  1.208532e+01  1.208542e+01  
1.208566e+01  1.208581e+01  1.208560e+01  1.208469e+01  1.208182e+01  1.207441e+01  
1.205926e+01  1.203101e+01  1.198056e+01  1.189712e+01  1.176535e+01  1.156263e+01  
1.125554e+01  1.079872e+01  1.015371e+01  9.362707e+00  8.652700e+00  8.010119e+00  
7.428354e+00  6.900682e+00  6.421302e+00  5.984236e+00  5.582989e+00  5.209842e+00  
4.854735e+00  4.509456e+00  4.169865e+00  3.829642e+00  3.476796e+00  3.086436e+00  
2.625736e+00  2.356091e+00  2.048059e+00  1.767530e+00  1.458070e+00  1.383500e+00  
1.359810e+00  1.359290e+00  1.348060e+00  1.344930e+00  1.348140e+00  1.355790e+00  
1.204187e+01  1.204185e+01  1.204184e+01  1.204182e+01  1.204180e+01  1.204176e+01  
1.204171e+01  1.204165e+01  1.204161e+01  1.204161e+01  1.204175e+01  1.204216e+01  
1.204280e+01  1.204345e+01  1.204402e+01  1.204407e+01  1.204208e+01  1.203545e+01  
1.202113e+01  1.199295e+01  1.194236e+01  1.185953e+01  1.172981e+01  1.153228e+01  
1.123173e+01  1.079398e+01  1.017424e+01  9.412456e+00  8.725856e+00  8.102252e+00  
7.535850e+00  7.020579e+00  6.551152e+00  6.122076e+00  5.727371e+00  5.359764e+00  
5.009676e+00  4.668977e+00  4.333066e+00  3.994561e+00  3.639342e+00  3.237767e+00  
2.749795e+00  2.457002e+00  2.116006e+00  1.800280e+00  1.444200e+00  1.355650e+00  
1.329280e+00  1.329230e+00  1.316220e+00  1.312500e+00  1.316510e+00  1.323060e+00  
1.196425e+01  1.196423e+01  1.196422e+01  1.196421e+01  1.196418e+01  1.196416e+01  
1.196413e+01  1.196413e+01  1.196419e+01  1.196441e+01  1.196496e+01  1.196598e+01  
1.196735e+01  1.196905e+01  1.197110e+01  1.197273e+01  1.197193e+01  1.196655e+01  
1.195276e+01  1.192361e+01  1.187221e+01  1.178955e+01  1.166284e+01  1.147269e+01  
1.118392e+01  1.077877e+01  1.020086e+01  9.485257e+00  8.836898e+00  8.244855e+00  
7.704570e+00  7.210896e+00  6.759384e+00  6.345314e+00  5.963443e+00  5.607260e+00  
5.267976e+00  4.937738e+00  4.611206e+00  4.279501e+00  3.925107e+00  3.510617e+00  
2.983317e+00  2.654456e+00  2.259415e+00  1.882815e+00  1.442720e+00  1.327440e+00  
1.290680e+00  1.290490e+00  1.274880e+00  1.270390e+00  1.275380e+00  1.279340e+00  
1.190347e+01  1.190345e+01  1.190345e+01  1.190343e+01  1.190342e+01  1.190341e+01  
1.190341e+01  1.190347e+01  1.190365e+01  1.190414e+01  1.190512e+01  1.190670e+01  
1.190877e+01  1.191155e+01  1.191489e+01  1.191764e+01  1.191773e+01  1.191312e+01  
1.189865e+01  1.186805e+01  1.181540e+01  1.173230e+01  1.160774e+01  1.141872e+01  
1.114539e+01  1.076390e+01  1.021744e+01  9.536533e+00  8.917501e+00  8.350268e+00  
7.831083e+00  7.355364e+00  6.919279e+00  6.518663e+00  6.148808e+00  5.803730e+00  
5.475249e+00  5.155725e+00  4.839427e+00  4.516431e+00  4.166818e+00  3.747334e+00  
3.194717e+00  2.839622e+00  2.402484e+00  1.975014e+00  1.460050e+00  1.319550e+00  
1.267750e+00  1.266380e+00  1.249040e+00  1.244130e+00  1.249480e+00  1.251280e+00  
1.186929e+01  1.186926e+01  1.186927e+01  1.186926e+01  1.186926e+01  1.186928e+01  
1.186938e+01  1.186963e+01  1.187022e+01  1.187143e+01  1.187345e+01  1.187625e+01  
1.188015e+01  1.188535e+01  1.189103e+01  1.189534e+01  1.189680e+01  1.189122e+01  
1.187285e+01  1.183749e+01  1.177973e+01  1.169352e+01  1.156635e+01  1.137712e+01  
1.112578e+01  1.076993e+01  1.025757e+01  9.618175e+00  9.037314e+00  8.506243e+00  
8.021552e+00  7.579066e+00  7.175131e+00  6.805697e+00  6.465932e+00  6.149456e+00  
5.847076e+00  5.550543e+00  5.254873e+00  4.951466e+00  4.622717e+00  4.228682e+00  
3.683013e+00  3.289318e+00  2.739514e+00  2.171421e+00  1.524560e+00  1.350440e+00  
1.244320e+00  1.231220e+00  1.211930e+00  1.210210e+00  1.207190e+00  1.211110e+00  
1.180916e+01  1.180915e+01  1.180915e+01  1.180915e+01  1.180917e+01  1.180926e+01  
1.180947e+01  1.180998e+01  1.181108e+01  1.181306e+01  1.181598e+01  1.182005e+01  
1.182580e+01  1.183299e+01  1.184004e+01  1.184561e+01  1.184721e+01  1.183904e+01  
1.181714e+01  1.177780e+01  1.171694e+01  1.162988e+01  1.149462e+01  1.132200e+01  
1.108829e+01  1.075445e+01  1.027102e+01  9.666823e+00  9.116643e+00  8.613153e+00  
8.153392e+00  7.733844e+00  7.351288e+00  7.002211e+00  6.682264e+00  6.385546e+00  
6.103355e+00  5.827702e+00  5.553492e+00  5.271533e+00  4.962432e+00  4.580960e+00  
4.030559e+00  3.621478e+00  3.037165e+00  2.407690e+00  1.619990e+00  1.389010e+00  
1.233800e+00  1.215130e+00  1.192870e+00  1.190370e+00  1.187420e+00  1.189650e+00  
1.169625e+01  1.169625e+01  1.169626e+01  1.169629e+01  1.169638e+01  1.169661e+01  
1.169716e+01  1.169833e+01  1.170051e+01  1.170384e+01  1.170853e+01  1.171529e+01  
1.172415e+01  1.173378e+01  1.174280e+01  1.174939e+01  1.174790e+01  1.173440e+01  
1.170624e+01  1.166085e+01  1.159715e+01  1.149734e+01  1.137506e+01  1.122431e+01  
1.101654e+01  1.071636e+01  1.027760e+01  9.725901e+00  9.220162e+00  8.754956e+00  
8.328337e+00  7.937918e+00  7.581581e+00  7.257033e+00  6.961406e+00  6.690718e+00  
6.438830e+00  6.199490e+00  5.967055e+00  5.730063e+00  5.462088e+00  5.098761e+00  
4.526276e+00  4.096281e+00  3.492663e+00  2.816894e+00  1.841181e+00  1.511490e+00  
1.226410e+00  1.193980e+00  1.176800e+00  1.172690e+00  1.157440e+00  1.167240e+00  
1.168997e+01  1.168998e+01  1.169000e+01  1.169008e+01  1.169026e+01  1.169069e+01  
1.169167e+01  1.169359e+01  1.169677e+01  1.170130e+01  1.170789e+01  1.171700e+01  
1.172796e+01  1.173902e+01  1.174926e+01  1.175413e+01  1.174841e+01  1.172967e+01  
1.169544e+01  1.164555e+01  1.157441e+01  1.146924e+01  1.135668e+01  1.121383e+01  
1.101404e+01  1.072321e+01  1.029708e+01  9.761944e+00  9.272655e+00  8.824417e+00  
8.415362e+00  8.043279e+00  7.706216e+00  7.401973e+00  7.127752e+00  6.879590e+00  
6.651049e+00  6.435887e+00  6.229222e+00  6.020593e+00  5.784932e+00  5.458830e+00  
4.922538e+00  4.500965e+00  3.882233e+00  3.152619e+00  2.022375e+00  1.620070e+00  
1.245600e+00  1.195540e+00  1.163340e+00  1.158830e+00  1.146730e+00  1.155680e+00  
1.169045e+01  1.169047e+01  1.169051e+01  1.169064e+01  1.169093e+01  1.169162e+01  
1.169309e+01  1.169576e+01  1.169983e+01  1.170562e+01  1.171405e+01  1.172514e+01  
1.173743e+01  1.174976e+01  1.176002e+01  1.176211e+01  1.175251e+01  1.172902e+01  
1.169036e+01  1.163768e+01  1.155169e+01  1.145669e+01  1.135108e+01  1.121472e+01  
1.102195e+01  1.073935e+01  1.032307e+01  9.798255e+00  9.316972e+00  8.875598e+00  
8.473187e+00  8.108666e+00  7.781226e+00  7.489227e+00  7.230288e+00  7.000980e+00  
6.795523e+00  6.606926e+00  6.426149e+00  6.233959e+00  6.003169e+00  5.693912e+00  
5.212583e+00  4.832504e+00  4.249572e+00  3.496820e+00  2.180368e+00  1.702450e+00  
1.261550e+00  1.201510e+00  1.158620e+00  1.152320e+00  1.149000e+00  1.148660e+00  
1.169114e+01  1.169118e+01  1.169125e+01  1.169144e+01  1.169188e+01  1.169286e+01  
1.169484e+01  1.169823e+01  1.170312e+01  1.171025e+01  1.172034e+01  1.173296e+01  
1.174628e+01  1.175956e+01  1.176870e+01  1.176786e+01  1.175461e+01  1.172679e+01  
1.168489e+01  1.162857e+01  1.153567e+01  1.144685e+01  1.134564e+01  1.121307e+01  
1.102398e+01  1.074551e+01  1.033480e+01  9.817667e+00  9.344038e+00  8.910707e+00  
8.516757e+00  8.161098e+00  7.843060e+00  7.561102e+00  7.313076e+00  7.095801e+00  
6.903767e+00  6.730364e+00  6.567442e+00  6.396877e+00  6.191497e+00  5.907941e+00  
5.449976e+00  5.082544e+00  4.514184e+00  3.759737e+00  2.351972e+00  1.803938e+00  
1.279950e+00  1.207180e+00  1.155730e+00  1.148230e+00  1.144330e+00  1.143970e+00  
1.169362e+01  1.169370e+01  1.169384e+01  1.169418e+01  1.169496e+01  1.169662e+01  
1.169965e+01  1.170427e+01  1.171091e+01  1.172063e+01  1.173354e+01  1.174814e+01  
1.176330e+01  1.177686e+01  1.178229e+01  1.177600e+01  1.175601e+01  1.172164e+01  
1.167548e+01  1.159712e+01  1.151564e+01  1.143485e+01  1.133981e+01  1.121256e+01  
1.102860e+01  1.075590e+01  1.035280e+01  9.845563e+00  9.381679e+00  8.958600e+00  
8.575702e+00  8.232115e+00  7.927498e+00  7.660432e+00  7.428868e+00  7.229536e+00  
7.056686e+00  6.903978e+00  6.764881e+00  6.623986e+00  6.456758e+00  6.220279e+00  
5.818639e+00  5.482529e+00  4.942220e+00  4.183981e+00  2.650022e+00  2.004973e+00  
1.324070e+00  1.221790e+00  1.151970e+00  1.146070e+00  1.135680e+00  1.138070e+00  
1.169785e+01  1.169800e+01  1.169823e+01  1.169876e+01  1.169995e+01  1.170233e+01  
1.170633e+01  1.171210e+01  1.172061e+01  1.173260e+01  1.174757e+01  1.176361e+01  
1.178004e+01  1.179196e+01  1.179341e+01  1.178220e+01  1.175638e+01  1.171776e+01  
1.166568e+01  1.157847e+01  1.150476e+01  1.142919e+01  1.133819e+01  1.121426e+01  
1.103334e+01  1.076394e+01  1.036536e+01  9.864546e+00  9.407174e+00  8.991046e+00  
8.615499e+00  8.279611e+00  7.983006e+00  7.724541e+00  7.502537e+00  7.314246e+00  
7.154598e+00  7.018042e+00  6.898760e+00  6.782100e+00  6.644319e+00  6.442933e+00  
6.084332e+00  5.775406e+00  5.267578e+00  4.527774e+00  2.918555e+00  2.186376e+00  
1.368000e+00  1.241550e+00  1.152040e+00  1.144210e+00  1.131330e+00  1.134460e+00  
1.170406e+01  1.170443e+01  1.170495e+01  1.170612e+01  1.170850e+01  1.171264e+01  
1.171868e+01  1.172757e+01  1.174033e+01  1.175666e+01  1.177460e+01  1.179354e+01  
1.180908e+01  1.181443e+01  1.180705e+01  1.178496e+01  1.174975e+01  1.170437e+01  
1.161957e+01  1.155095e+01  1.148820e+01  1.142068e+01  1.133589e+01  1.121700e+01  
1.104077e+01  1.077683e+01  1.038604e+01  9.895078e+00  9.447448e+00  9.041229e+00  
8.675632e+00  8.349895e+00  8.063719e+00  7.816484e+00  7.607091e+00  7.433841e+00  
7.293104e+00  7.181031e+00  7.093841e+00  7.019767e+00  6.937557e+00  6.804309e+00  
6.527670e+00  6.268179e+00  5.819632e+00  5.140518e+00  3.489747e+00  2.590051e+00  
1.471970e+00  1.294930e+00  1.158780e+00  1.142720e+00  1.130030e+00  1.129560e+00  
1.171966e+01  1.172033e+01  1.172124e+01  1.172320e+01  1.172682e+01  1.173244e+01  
1.174054e+01  1.175252e+01  1.176870e+01  1.178750e+01  1.180776e+01  1.182732e+01  
1.183868e+01  1.183776e+01  1.182253e+01  1.179265e+01  1.175265e+01  1.167970e+01  
1.160650e+01  1.154671e+01  1.149002e+01  1.142677e+01  1.134481e+01  1.122761e+01  
1.105212e+01  1.078824e+01  1.039749e+01  9.908455e+00  9.464534e+00  9.063625e+00  
8.704477e+00  8.385988e+00  8.107351e+00  7.867885e+00  7.666413e+00  7.501032e+00  
7.367785e+00  7.263851e+00  7.189913e+00  7.143081e+00  7.107856e+00  7.028646e+00  
6.803756e+00  6.580090e+00  6.193057e+00  5.568348e+00  3.902078e+00  2.942003e+00  
1.581130e+00  1.351460e+00  1.166700e+00  1.146480e+00  1.127170e+00  1.127090e+00  
1.172092e+01  1.172245e+01  1.172436e+01  1.172801e+01  1.173379e+01  1.174214e+01  
1.175455e+01  1.177165e+01  1.179202e+01  1.181423e+01  1.183671e+01  1.185176e+01  
1.185441e+01  1.184252e+01  1.181521e+01  1.177730e+01  1.170987e+01  1.163359e+01  
1.157574e+01  1.152616e+01  1.147701e+01  1.141935e+01  1.134162e+01  1.122787e+01  
1.105563e+01  1.079522e+01  1.040864e+01  9.924915e+00  9.486133e+00  9.090462e+00  
8.736702e+00  8.423972e+00  8.151634e+00  7.919196e+00  7.725841e+00  7.570049e+00  
7.448441e+00  7.359156e+00  7.304307e+00  7.283555e+00  7.285932e+00  7.264030e+00  
7.128318e+00  6.965411e+00  6.652911e+00  6.113844e+00  4.540654e+00  3.492166e+00  
1.785037e+00  1.469420e+00  1.188020e+00  1.154680e+00  1.125250e+00  1.124620e+00  
1.172310e+01  1.172577e+01  1.172883e+01  1.173404e+01  1.174165e+01  1.175297e+01  
1.176917e+01  1.178979e+01  1.181267e+01  1.183731e+01  1.185783e+01  1.186685e+01  
1.186181e+01  1.184065e+01  1.180644e+01  1.176214e+01  1.167224e+01  1.160920e+01  
1.155954e+01  1.151590e+01  1.147104e+01  1.141639e+01  1.134079e+01  1.122859e+01  
1.105763e+01  1.079854e+01  1.041375e+01  9.932452e+00  9.496109e+00  9.103027e+00  
8.752095e+00  8.442525e+00  8.173674e+00  7.945166e+00  7.756340e+00  7.605856e+00  
7.490545e+00  7.408999e+00  7.364219e+00  7.357485e+00  7.380831e+00  7.393020e+00  
7.314247e+00  7.192310e+00  6.933059e+00  6.461911e+00  4.998872e+00  3.918167e+00  
1.974211e+00  1.584480e+00  1.211360e+00  1.164100e+00  1.125160e+00  1.123390e+00  
1.170301e+01  1.170706e+01  1.171126e+01  1.171781e+01  1.172735e+01  1.174150e+01  
1.176085e+01  1.178368e+01  1.180879e+01  1.183398e+01  1.185067e+01  1.185413e+01  
1.184205e+01  1.181412e+01  1.177612e+01  1.170228e+01  1.162708e+01  1.157208e+01  
1.152823e+01  1.148907e+01  1.144779e+01  1.139629e+01  1.132389e+01  1.121556e+01  
1.104963e+01  1.079682e+01  1.041861e+01  9.942067e+00  9.507502e+00  9.115090e+00  
8.764316e+00  8.454825e+00  8.186573e+00  7.959404e+00  7.773106e+00  7.626991e+00  
7.519129e+00  7.448162e+00  7.413959e+00  7.410554e+00  7.428430e+00  7.450498e+00  
7.427887e+00  7.351077e+00  7.134528e+00  6.704571e+00  5.343644e+00  4.264300e+00  
2.149724e+00  1.695010e+00  1.235400e+00  1.174540e+00  1.125460e+00  1.122660e+00  
1.170339e+01  1.170897e+01  1.171423e+01  1.172202e+01  1.173357e+01  1.175030e+01  
1.177209e+01  1.179663e+01  1.182348e+01  1.184741e+01  1.186006e+01  1.185837e+01  
1.184001e+01  1.180739e+01  1.176637e+01  1.167552e+01  1.160930e+01  1.155986e+01  
1.152004e+01  1.148378e+01  1.144451e+01  1.139439e+01  1.132295e+01  1.121530e+01  
1.104994e+01  1.079772e+01  1.042035e+01  9.945096e+00  9.511741e+00  9.120407e+00  
8.770703e+00  8.462400e+00  8.195618e+00  7.970197e+00  7.785888e+00  7.642042e+00  
7.536849e+00  7.469271e+00  7.439497e+00  7.442230e+00  7.469164e+00  7.505662e+00  
7.509622e+00  7.456354e+00  7.277543e+00  6.893611e+00  5.609403e+00  4.552174e+00  
2.318000e+00  1.800235e+00  1.259450e+00  1.184660e+00  1.127050e+00  1.122170e+00  
1.170406e+01  1.171299e+01  1.172009e+01  1.173045e+01  1.174586e+01  1.176695e+01  
1.179189e+01  1.181950e+01  1.184739e+01  1.186639e+01  1.187153e+01  1.186054e+01  
1.183256e+01  1.179464e+01  1.171778e+01  1.164041e+01  1.158527e+01  1.154351e+01  
1.150926e+01  1.147693e+01  1.144037e+01  1.139207e+01  1.132184e+01  1.121506e+01  
1.105040e+01  1.079895e+01  1.042270e+01  9.948851e+00  9.517005e+00  9.127179e+00  
8.779024e+00  8.472429e+00  8.207576e+00  7.984364e+00  7.802524e+00  7.661515e+00  
7.559761e+00  7.496469e+00  7.472384e+00  7.483044e+00  7.521805e+00  7.577250e+00  
7.616070e+00  7.594874e+00  7.472292e+00  7.161821e+00  6.006043e+00  5.002923e+00  
2.629060e+00  1.998091e+00  1.307370e+00  1.205320e+00  1.131200e+00  1.121550e+00  
1.170445e+01  1.171687e+01  1.172473e+01  1.173860e+01  1.175753e+01  1.178179e+01  
1.180900e+01  1.183773e+01  1.186507e+01  1.187970e+01  1.187686e+01  1.185743e+01  
1.182378e+01  1.178117e+01  1.168346e+01  1.161745e+01  1.156944e+01  1.153286e+01  
1.150234e+01  1.147258e+01  1.143775e+01  1.139061e+01  1.132119e+01  1.121497e+01  
1.105079e+01  1.079979e+01  1.042413e+01  9.951112e+00  9.520144e+00  9.131307e+00  
8.784211e+00  8.478755e+00  8.215102e+00  7.993188e+00  7.812797e+00  7.673517e+00  
7.573850e+00  7.513158e+00  7.492540e+00  7.508088e+00  7.554217e+00  7.621538e+00  
7.682146e+00  7.681671e+00  7.598733e+00  7.344024e+00  6.292304e+00  5.345045e+00  
2.904923e+00  2.179744e+00  1.354670e+00  1.226830e+00  1.136030e+00  1.121180e+00  
