7.221290e-01  7.221296e-01  7.221300e-01  7.221305e-01  7.221315e-01  7.221329e-01  
7.221352e-01  7.221388e-01  7.221445e-01  7.221535e-01  7.221678e-01  7.221906e-01  
7.222266e-01  7.222837e-01  7.223741e-01  7.225174e-01  7.227447e-01  7.231048e-01  
7.236757e-01  7.245804e-01  7.260145e-01  7.282882e-01  7.318941e-01  7.376191e-01  
7.467304e-01  7.613174e-01  7.848339e-01  8.173904e-01  8.508491e-01  8.853175e-01  
9.210641e-01  9.584888e-01  9.981950e-01  1.040582e+00  1.086094e+00  1.135370e+00  
1.189310e+00  1.247780e+00  1.307360e+00  1.359260e+00  1.394650e+00  1.416750e+00  
1.430960e+00  1.436050e+00  1.443970e+00  1.451380e+00  1.447770e+00  1.446160e+00  
1.446450e+00  1.446500e+00  1.446240e+00  1.446300e+00  1.446150e+00  1.446240e+00  
1.020818e+00  1.020819e+00  1.020819e+00  1.020820e+00  1.020821e+00  1.020823e+00  
1.020825e+00  1.020829e+00  1.020836e+00  1.020846e+00  1.020863e+00  1.020889e+00  
1.020931e+00  1.020997e+00  1.021102e+00  1.021268e+00  1.021531e+00  1.021947e+00  
1.022608e+00  1.023655e+00  1.025315e+00  1.027947e+00  1.032126e+00  1.038771e+00  
1.049394e+00  1.066578e+00  1.094790e+00  1.134773e+00  1.176907e+00  1.221299e+00  
1.268088e+00  1.317364e+00  1.369170e+00  1.423518e+00  1.480288e+00  1.539210e+00  
1.599660e+00  1.660660e+00  1.720730e+00  1.777390e+00  1.826290e+00  1.859790e+00  
1.868470e+00  1.864590e+00  1.865610e+00  1.872480e+00  1.873650e+00  1.871730e+00  
1.872480e+00  1.872930e+00  1.872810e+00  1.872660e+00  1.872980e+00  1.872710e+00  
1.285792e+00  1.285793e+00  1.285793e+00  1.285794e+00  1.285796e+00  1.285798e+00  
1.285801e+00  1.285806e+00  1.285815e+00  1.285828e+00  1.285849e+00  1.285883e+00  
1.285936e+00  1.286020e+00  1.286153e+00  1.286364e+00  1.286699e+00  1.287229e+00  
1.288070e+00  1.289402e+00  1.291515e+00  1.294865e+00  1.300180e+00  1.308627e+00  
1.322105e+00  1.343815e+00  1.379185e+00  1.428783e+00  1.480353e+00  1.533919e+00  
1.589450e+00  1.646928e+00  1.706189e+00  1.767055e+00  1.829212e+00  1.892230e+00  
1.955390e+00  2.017640e+00  2.077520e+00  2.132970e+00  2.181350e+00  2.219980e+00  
2.241950e+00  2.241060e+00  2.227630e+00  2.210740e+00  2.227100e+00  2.244990e+00  
2.238890e+00  2.234930e+00  2.235480e+00  2.236440e+00  2.234140e+00  2.235670e+00  
1.768088e+00  1.768089e+00  1.768090e+00  1.768091e+00  1.768093e+00  1.768096e+00  
1.768100e+00  1.768107e+00  1.768118e+00  1.768136e+00  1.768164e+00  1.768209e+00  
1.768280e+00  1.768392e+00  1.768569e+00  1.768851e+00  1.769297e+00  1.770004e+00  
1.771124e+00  1.772900e+00  1.775715e+00  1.780179e+00  1.787258e+00  1.798493e+00  
1.816356e+00  1.844886e+00  1.890694e+00  1.953676e+00  2.017576e+00  2.082209e+00  
2.147334e+00  2.212711e+00  2.278111e+00  2.343263e+00  2.408013e+00  2.472490e+00  
2.537150e+00  2.601820e+00  2.664090e+00  2.719300e+00  2.762020e+00  2.789680e+00  
2.803460e+00  2.808020e+00  2.813390e+00  2.818850e+00  2.824030e+00  2.824390e+00  
2.823080e+00  2.822860e+00  2.823000e+00  2.823080e+00  2.823030e+00  2.823010e+00  
2.175743e+00  2.175745e+00  2.175746e+00  2.175747e+00  2.175749e+00  2.175753e+00  
2.175759e+00  2.175768e+00  2.175783e+00  2.175807e+00  2.175844e+00  2.175903e+00  
2.175997e+00  2.176145e+00  2.176380e+00  2.176753e+00  2.177344e+00  2.178281e+00  
2.179765e+00  2.182117e+00  2.185847e+00  2.191757e+00  2.201120e+00  2.215938e+00  
2.239338e+00  2.276086e+00  2.333344e+00  2.408932e+00  2.481883e+00  2.552032e+00  
2.619579e+00  2.685205e+00  2.750032e+00  2.814124e+00  2.877136e+00  2.938990e+00  
2.999760e+00  3.058990e+00  3.114710e+00  3.163570e+00  3.202170e+00  3.230440e+00  
3.248450e+00  3.254320e+00  3.263010e+00  3.273130e+00  3.280880e+00  3.281390e+00  
3.278430e+00  3.277940e+00  3.278310e+00  3.278330e+00  3.278440e+00  3.278360e+00  
2.532558e+00  2.532560e+00  2.532561e+00  2.532563e+00  2.532566e+00  2.532570e+00  
2.532578e+00  2.532589e+00  2.532607e+00  2.532636e+00  2.532682e+00  2.532755e+00  
2.532869e+00  2.533051e+00  2.533340e+00  2.533798e+00  2.534522e+00  2.535672e+00  
2.537493e+00  2.540380e+00  2.544955e+00  2.552204e+00  2.563677e+00  2.581798e+00  
2.610254e+00  2.654342e+00  2.721338e+00  2.806682e+00  2.885222e+00  2.956976e+00  
3.022744e+00  3.084490e+00  3.145082e+00  3.204917e+00  3.263531e+00  3.320470e+00  
3.375140e+00  3.426730e+00  3.474210e+00  3.516600e+00  3.552740e+00  3.581520e+00  
3.601770e+00  3.609670e+00  3.621100e+00  3.634270e+00  3.645360e+00  3.645340e+00  
3.641580e+00  3.640890e+00  3.641290e+00  3.641520e+00  3.641400e+00  3.641480e+00  
2.849909e+00  2.849911e+00  2.849913e+00  2.849915e+00  2.849918e+00  2.849923e+00  
2.849932e+00  2.849945e+00  2.849966e+00  2.849999e+00  2.850052e+00  2.850136e+00  
2.850268e+00  2.850478e+00  2.850811e+00  2.851339e+00  2.852174e+00  2.853500e+00  
2.855601e+00  2.858930e+00  2.864207e+00  2.872565e+00  2.885786e+00  2.906635e+00  
2.939249e+00  2.989282e+00  3.063885e+00  3.156236e+00  3.237836e+00  3.308854e+00  
3.370694e+00  3.426485e+00  3.480612e+00  3.533877e+00  3.585857e+00  3.636090e+00  
3.683950e+00  3.728650e+00  3.769440e+00  3.805970e+00  3.837840e+00  3.865040e+00  
3.887770e+00  3.898510e+00  3.912750e+00  3.927720e+00  3.940320e+00  3.940530e+00  
3.936470e+00  3.935700e+00  3.936140e+00  3.936400e+00  3.936240e+00  3.936380e+00  
3.392300e+00  3.392303e+00  3.392304e+00  3.392307e+00  3.392311e+00  3.392317e+00  
3.392327e+00  3.392343e+00  3.392368e+00  3.392408e+00  3.392472e+00  3.392572e+00  
3.392731e+00  3.392983e+00  3.393383e+00  3.394017e+00  3.395021e+00  3.396613e+00  
3.399138e+00  3.403139e+00  3.409477e+00  3.419515e+00  3.435378e+00  3.460330e+00  
3.499119e+00  3.557678e+00  3.642262e+00  3.741825e+00  3.823233e+00  3.887208e+00  
3.936487e+00  3.976561e+00  4.014830e+00  4.052885e+00  4.090344e+00  4.126650e+00  
4.160830e+00  4.191930e+00  4.219860e+00  4.245470e+00  4.269880e+00  4.294420e+00  
4.320890e+00  4.335620e+00  4.352720e+00  4.368250e+00  4.382010e+00  4.383480e+00  
4.380040e+00  4.379470e+00  4.380030e+00  4.380040e+00  4.380210e+00  4.380210e+00  
3.847418e+00  3.847421e+00  3.847423e+00  3.847425e+00  3.847430e+00  3.847437e+00  
3.847447e+00  3.847464e+00  3.847492e+00  3.847535e+00  3.847603e+00  3.847711e+00  
3.847883e+00  3.848155e+00  3.848586e+00  3.849269e+00  3.850352e+00  3.852070e+00  
3.854792e+00  3.859107e+00  3.865943e+00  3.876766e+00  3.893859e+00  3.920700e+00  
3.962249e+00  4.024273e+00  4.111834e+00  4.211038e+00  4.287092e+00  4.341122e+00  
4.376767e+00  4.400949e+00  4.422841e+00  4.444600e+00  4.466114e+00  4.487240e+00  
4.507710e+00  4.527060e+00  4.545360e+00  4.563110e+00  4.581380e+00  4.602640e+00  
4.630020e+00  4.646290e+00  4.663340e+00  4.677190e+00  4.691110e+00  4.693480e+00  
4.692250e+00  4.691990e+00  4.692450e+00  4.692470e+00  4.692600e+00  4.692610e+00  
4.735851e+00  4.735854e+00  4.735856e+00  4.735858e+00  4.735863e+00  4.735869e+00  
4.735880e+00  4.735897e+00  4.735924e+00  4.735967e+00  4.736036e+00  4.736143e+00  
4.736314e+00  4.736585e+00  4.737015e+00  4.737695e+00  4.738774e+00  4.740485e+00  
4.743198e+00  4.747499e+00  4.754314e+00  4.765098e+00  4.782104e+00  4.808707e+00  
4.849497e+00  4.908871e+00  4.988345e+00  5.070293e+00  5.122191e+00  5.146176e+00  
5.147260e+00  5.134370e+00  5.118872e+00  5.103718e+00  5.089768e+00  5.077871e+00  
5.069600e+00  5.065760e+00  5.065990e+00  5.068450e+00  5.072480e+00  5.083140e+00  
5.106250e+00  5.121270e+00  5.132660e+00  5.137880e+00  5.148020e+00  5.152180e+00  
5.158020e+00  5.158790e+00  5.158830e+00  5.158840e+00  5.158830e+00  5.158880e+00  
5.400764e+00  5.400767e+00  5.400768e+00  5.400770e+00  5.400774e+00  5.400780e+00  
5.400789e+00  5.400804e+00  5.400827e+00  5.400864e+00  5.400923e+00  5.401015e+00  
5.401162e+00  5.401395e+00  5.401764e+00  5.402350e+00  5.403279e+00  5.404752e+00  
5.407090e+00  5.410797e+00  5.416672e+00  5.425963e+00  5.440588e+00  5.463361e+00  
5.497900e+00  5.546659e+00  5.607557e+00  5.661991e+00  5.684252e+00  5.677258e+00  
5.646857e+00  5.602812e+00  5.557094e+00  5.513185e+00  5.472362e+00  5.436007e+00  
5.406500e+00  5.385120e+00  5.370880e+00  5.359980e+00  5.350240e+00  5.348410e+00  
5.361790e+00  5.371750e+00  5.374480e+00  5.369570e+00  5.373020e+00  5.377950e+00  
5.390410e+00  5.392190e+00  5.391730e+00  5.391760e+00  5.391560e+00  5.391680e+00  
6.345010e+00  6.345012e+00  6.345014e+00  6.345016e+00  6.345019e+00  6.345024e+00  
6.345032e+00  6.345046e+00  6.345066e+00  6.345099e+00  6.345151e+00  6.345233e+00  
6.345364e+00  6.345572e+00  6.345901e+00  6.346424e+00  6.347253e+00  6.348570e+00  
6.350660e+00  6.353976e+00  6.359227e+00  6.367500e+00  6.380387e+00  6.399954e+00  
6.427635e+00  6.458733e+00  6.475385e+00  6.452710e+00  6.394050e+00  6.319823e+00  
6.237668e+00  6.154376e+00  6.076981e+00  6.004105e+00  5.929839e+00  5.853251e+00  
5.785430e+00  5.734450e+00  5.697270e+00  5.663640e+00  5.627030e+00  5.601480e+00  
5.593930e+00  5.587860e+00  5.572630e+00  5.553110e+00  5.543040e+00  5.546680e+00  
5.566350e+00  5.569390e+00  5.568440e+00  5.568000e+00  5.568000e+00  5.568020e+00  
7.038625e+00  7.038626e+00  7.038626e+00  7.038627e+00  7.038628e+00  7.038630e+00  
7.038633e+00  7.038638e+00  7.038646e+00  7.038658e+00  7.038676e+00  7.038707e+00  
7.038756e+00  7.038833e+00  7.038955e+00  7.039149e+00  7.039461e+00  7.039956e+00  
7.040749e+00  7.042012e+00  7.044011e+00  7.047130e+00  7.051861e+00  7.058590e+00  
7.066307e+00  7.067311e+00  7.040518e+00  6.965483e+00  6.859161e+00  6.738473e+00  
6.611486e+00  6.486538e+00  6.372192e+00  6.267900e+00  6.168736e+00  6.072582e+00  
5.985820e+00  5.913280e+00  5.852650e+00  5.796920e+00  5.741550e+00  5.695520e+00  
5.663070e+00  5.645330e+00  5.618970e+00  5.590900e+00  5.571500e+00  5.572680e+00  
5.590580e+00  5.593420e+00  5.592300e+00  5.591810e+00  5.591800e+00  5.591850e+00  
7.571201e+00  7.571201e+00  7.571201e+00  7.571200e+00  7.571200e+00  7.571200e+00  
7.571199e+00  7.571197e+00  7.571195e+00  7.571191e+00  7.571186e+00  7.571176e+00  
7.571162e+00  7.571140e+00  7.571105e+00  7.571052e+00  7.570970e+00  7.570845e+00  
7.570656e+00  7.570367e+00  7.569905e+00  7.569114e+00  7.567641e+00  7.564538e+00  
7.556706e+00  7.533302e+00  7.468858e+00  7.345560e+00  7.194521e+00  7.032704e+00  
6.868289e+00  6.709512e+00  6.565068e+00  6.434893e+00  6.315188e+00  6.202937e+00  
6.100278e+00  6.009030e+00  5.927970e+00  5.853650e+00  5.783600e+00  5.720800e+00  
5.666300e+00  5.638980e+00  5.606350e+00  5.575970e+00  5.551230e+00  5.549160e+00  
5.559240e+00  5.560910e+00  5.559930e+00  5.559570e+00  5.559530e+00  5.559610e+00  
7.998436e+00  7.998435e+00  7.998434e+00  7.998433e+00  7.998432e+00  7.998430e+00  
7.998426e+00  7.998420e+00  7.998411e+00  7.998396e+00  7.998373e+00  7.998336e+00  
7.998278e+00  7.998186e+00  7.998041e+00  7.997813e+00  7.997456e+00  7.996898e+00  
7.996023e+00  7.994649e+00  7.992463e+00  7.988928e+00  7.983075e+00  7.972947e+00  
7.953686e+00  7.911158e+00  7.814420e+00  7.646685e+00  7.453358e+00  7.254426e+00  
7.057878e+00  6.870833e+00  6.701025e+00  6.548687e+00  6.410789e+00  6.283795e+00  
6.166501e+00  6.058530e+00  5.959720e+00  5.869720e+00  5.787630e+00  5.710840e+00  
5.637470e+00  5.602400e+00  5.566550e+00  5.537470e+00  5.510080e+00  5.504540e+00  
5.503820e+00  5.503840e+00  5.503170e+00  5.503010e+00  5.502960e+00  5.503050e+00  
8.649094e+00  8.649092e+00  8.649091e+00  8.649089e+00  8.649086e+00  8.649081e+00  
8.649073e+00  8.649061e+00  8.649042e+00  8.649012e+00  8.648963e+00  8.648887e+00  
8.648767e+00  8.648577e+00  8.648276e+00  8.647805e+00  8.647063e+00  8.645897e+00  
8.644065e+00  8.641171e+00  8.636567e+00  8.629160e+00  8.617097e+00  8.596855e+00  
8.560624e+00  8.487857e+00  8.336043e+00  8.088984e+00  7.819879e+00  7.557207e+00  
7.308170e+00  7.076399e+00  6.866162e+00  6.677774e+00  6.508526e+00  6.354333e+00  
6.210253e+00  6.073600e+00  5.945850e+00  5.830230e+00  5.727570e+00  5.627790e+00  
5.525160e+00  5.478030e+00  5.437890e+00  5.411980e+00  5.381200e+00  5.369980e+00  
5.350660e+00  5.347840e+00  5.347740e+00  5.347920e+00  5.347840e+00  5.347950e+00  
9.129048e+00  9.129045e+00  9.129043e+00  9.129040e+00  9.129036e+00  9.129029e+00  
9.129018e+00  9.128999e+00  9.128971e+00  9.128927e+00  9.128855e+00  9.128744e+00  
9.128567e+00  9.128288e+00  9.127847e+00  9.127153e+00  9.126062e+00  9.124347e+00  
9.121648e+00  9.117378e+00  9.110571e+00  9.099646e+00  9.081935e+00  9.052500e+00  
9.000908e+00  8.901077e+00  8.700751e+00  8.385345e+00  8.053046e+00  7.739220e+00  
7.449646e+00  7.184610e+00  6.944275e+00  6.727652e+00  6.530732e+00  6.349435e+00  
6.180700e+00  6.023040e+00  5.876600e+00  5.740710e+00  5.614300e+00  5.493400e+00  
5.375780e+00  5.321030e+00  5.273520e+00  5.243550e+00  5.211780e+00  5.195690e+00  
5.167940e+00  5.163600e+00  5.163350e+00  5.163990e+00  5.163180e+00  5.163760e+00  
1.005480e+01  1.005479e+01  1.005478e+01  1.005478e+01  1.005476e+01  1.005474e+01  
1.005470e+01  1.005465e+01  1.005456e+01  1.005442e+01  1.005420e+01  1.005384e+01  
1.005328e+01  1.005240e+01  1.005099e+01  1.004879e+01  1.004530e+01  1.003979e+01  
1.003109e+01  1.001729e+01  9.995353e+00  9.960505e+00  9.905138e+00  9.817268e+00  
9.678573e+00  9.462726e+00  9.133046e+00  8.709119e+00  8.311095e+00  7.938008e+00  
7.588925e+00  7.263777e+00  6.962485e+00  6.684463e+00  6.428280e+00  6.191879e+00  
5.972844e+00  5.770131e+00  5.585000e+00  5.416980e+00  5.263530e+00  5.113100e+00  
4.956290e+00  4.879670e+00  4.812830e+00  4.769410e+00  4.721170e+00  4.705000e+00  
4.683160e+00  4.680100e+00  4.679550e+00  4.679560e+00  4.679690e+00  4.679420e+00  
1.052692e+01  1.052691e+01  1.052690e+01  1.052689e+01  1.052687e+01  1.052684e+01  
1.052680e+01  1.052673e+01  1.052662e+01  1.052644e+01  1.052616e+01  1.052572e+01  
1.052502e+01  1.052392e+01  1.052217e+01  1.051942e+01  1.051509e+01  1.050823e+01  
1.049739e+01  1.048017e+01  1.045278e+01  1.040926e+01  1.034003e+01  1.023020e+01  
1.005720e+01  9.789524e+00  9.384665e+00  8.870167e+00  8.393484e+00  7.952795e+00  
7.546138e+00  7.172167e+00  6.830270e+00  6.518181e+00  6.232838e+00  5.970598e+00  
5.726566e+00  5.497691e+00  5.285061e+00  5.088620e+00  4.906090e+00  4.729140e+00  
4.551210e+00  4.464210e+00  4.382140e+00  4.321100e+00  4.256320e+00  4.241850e+00  
4.237380e+00  4.237350e+00  4.235750e+00  4.235430e+00  4.235190e+00  4.234870e+00  
1.106801e+01  1.106799e+01  1.106798e+01  1.106797e+01  1.106795e+01  1.106791e+01  
1.106785e+01  1.106776e+01  1.106762e+01  1.106739e+01  1.106702e+01  1.106646e+01  
1.106556e+01  1.106413e+01  1.106189e+01  1.105837e+01  1.105280e+01  1.104401e+01  
1.103003e+01  1.100779e+01  1.097242e+01  1.091607e+01  1.082632e+01  1.068394e+01  
1.046036e+01  1.011684e+01  9.603921e+00  8.961666e+00  8.375741e+00  7.842658e+00  
7.359611e+00  6.922524e+00  6.528149e+00  6.172394e+00  5.850132e+00  5.555386e+00  
5.280334e+00  5.019483e+00  4.773144e+00  4.541750e+00  4.323000e+00  4.110290e+00  
3.900100e+00  3.799120e+00  3.705440e+00  3.636740e+00  3.561750e+00  3.543710e+00  
3.537240e+00  3.537070e+00  3.535260e+00  3.534950e+00  3.534560e+00  3.534060e+00  
1.137002e+01  1.137000e+01  1.136999e+01  1.136997e+01  1.136995e+01  1.136991e+01  
1.136984e+01  1.136973e+01  1.136957e+01  1.136930e+01  1.136888e+01  1.136822e+01  
1.136717e+01  1.136552e+01  1.136293e+01  1.135885e+01  1.135241e+01  1.134222e+01  
1.132597e+01  1.130009e+01  1.125886e+01  1.119304e+01  1.108809e+01  1.092177e+01  
1.066130e+01  1.026391e+01  9.677886e+00  8.953002e+00  8.301355e+00  7.715834e+00  
7.191543e+00  6.721341e+00  6.298308e+00  5.916679e+00  5.570326e+00  5.252010e+00  
4.952288e+00  4.664912e+00  4.390881e+00  4.132748e+00  3.891640e+00  3.663770e+00  
3.448150e+00  3.345970e+00  3.246630e+00  3.170120e+00  3.094400e+00  3.074880e+00  
3.057430e+00  3.055290e+00  3.053900e+00  3.053710e+00  3.053590e+00  3.053430e+00  
1.157219e+01  1.157217e+01  1.157216e+01  1.157214e+01  1.157211e+01  1.157207e+01  
1.157199e+01  1.157188e+01  1.157170e+01  1.157140e+01  1.157095e+01  1.157022e+01  
1.156909e+01  1.156729e+01  1.156447e+01  1.156005e+01  1.155306e+01  1.154195e+01  
1.152422e+01  1.149595e+01  1.145082e+01  1.137860e+01  1.126336e+01  1.108085e+01  
1.079533e+01  1.036155e+01  9.726169e+00  8.944329e+00  8.246874e+00  7.624006e+00  
7.068712e+00  6.571967e+00  6.124814e+00  5.720771e+00  5.353796e+00  5.016941e+00  
4.701387e+00  4.401146e+00  4.116371e+00  3.848086e+00  3.596800e+00  3.358990e+00  
3.133530e+00  3.026510e+00  2.922900e+00  2.843470e+00  2.764810e+00  2.744450e+00  
2.725610e+00  2.723220e+00  2.721760e+00  2.721570e+00  2.721460e+00  2.722260e+00  
1.171186e+01  1.171184e+01  1.171183e+01  1.171181e+01  1.171178e+01  1.171173e+01  
1.171165e+01  1.171153e+01  1.171134e+01  1.171103e+01  1.171054e+01  1.170978e+01  
1.170858e+01  1.170670e+01  1.170375e+01  1.169911e+01  1.169177e+01  1.168007e+01  
1.166136e+01  1.163149e+01  1.158367e+01  1.150700e+01  1.138463e+01  1.119081e+01  
1.088780e+01  1.042896e+01  9.759726e+00  8.938442e+00  8.209352e+00  7.560993e+00  
6.984027e+00  6.468005e+00  6.002853e+00  5.581817e+00  5.199041e+00  4.848038e+00  
4.520779e+00  4.211599e+00  3.919834e+00  3.645015e+00  3.386748e+00  3.142630e+00  
2.911130e+00  2.800670e+00  2.692670e+00  2.608910e+00  2.526920e+00  2.506480e+00  
2.489250e+00  2.487110e+00  2.485450e+00  2.485270e+00  2.485080e+00  2.486460e+00  
1.189210e+01  1.189208e+01  1.189207e+01  1.189204e+01  1.189201e+01  1.189196e+01  
1.189187e+01  1.189174e+01  1.189153e+01  1.189120e+01  1.189069e+01  1.188988e+01  
1.188862e+01  1.188664e+01  1.188356e+01  1.187870e+01  1.187098e+01  1.185858e+01  
1.183873e+01  1.180690e+01  1.175565e+01  1.167320e+01  1.154154e+01  1.133287e+01  
1.100714e+01  1.051653e+01  9.805465e+00  8.936506e+00  8.170263e+00  7.493366e+00  
6.892288e+00  6.354275e+00  5.867763e+00  5.425963e+00  5.023388e+00  4.654150e+00  
4.311282e+00  3.989591e+00  3.687454e+00  3.402835e+00  3.134012e+00  2.879360e+00  
2.636610e+00  2.519580e+00  2.404090e+00  2.313490e+00  2.224870e+00  2.203440e+00  
2.187420e+00  2.185520e+00  2.183640e+00  2.183450e+00  2.183200e+00  2.183730e+00  
1.200114e+01  1.200112e+01  1.200110e+01  1.200108e+01  1.200105e+01  1.200100e+01  
1.200091e+01  1.200076e+01  1.200055e+01  1.200022e+01  1.199970e+01  1.199887e+01  
1.199759e+01  1.199559e+01  1.199247e+01  1.198756e+01  1.197968e+01  1.196698e+01  
1.194661e+01  1.191372e+01  1.186045e+01  1.177460e+01  1.163738e+01  1.141967e+01  
1.108057e+01  1.057178e+01  9.838012e+00  8.944987e+00  8.161849e+00  7.472974e+00  
6.862418e+00  6.315563e+00  5.819827e+00  5.368369e+00  4.955910e+00  4.576741e+00  
4.224184e+00  3.893269e+00  3.582224e+00  3.288893e+00  3.010947e+00  2.745523e+00  
2.489890e+00  2.365460e+00  2.242920e+00  2.146810e+00  2.051170e+00  2.027550e+00  
2.009410e+00  2.007300e+00  2.005370e+00  2.005140e+00  2.004910e+00  2.003600e+00  
1.212592e+01  1.212590e+01  1.212587e+01  1.212585e+01  1.212582e+01  1.212576e+01  
1.212567e+01  1.212554e+01  1.212532e+01  1.212499e+01  1.212447e+01  1.212367e+01  
1.212245e+01  1.212057e+01  1.211765e+01  1.211293e+01  1.210523e+01  1.209279e+01  
1.207246e+01  1.203900e+01  1.198419e+01  1.189550e+01  1.175294e+01  1.152680e+01  
1.117637e+01  1.065305e+01  9.901923e+00  8.992289e+00  8.200767e+00  7.504864e+00  
6.888476e+00  6.336100e+00  5.834618e+00  5.376888e+00  4.957215e+00  4.569327e+00  
4.205705e+00  3.861061e+00  3.534141e+00  3.223735e+00  2.927067e+00  2.637243e+00  
2.348560e+00  2.203420e+00  2.056920e+00  1.939220e+00  1.822170e+00  1.792340e+00  
1.768150e+00  1.765310e+00  1.763010e+00  1.762700e+00  1.762470e+00  1.761090e+00  
1.215628e+01  1.215626e+01  1.215624e+01  1.215622e+01  1.215618e+01  1.215612e+01  
1.215604e+01  1.215592e+01  1.215570e+01  1.215539e+01  1.215491e+01  1.215419e+01  
1.215311e+01  1.215147e+01  1.214889e+01  1.214459e+01  1.213752e+01  1.212589e+01  
1.210639e+01  1.207361e+01  1.201953e+01  1.193133e+01  1.178889e+01  1.156384e+01  
1.121645e+01  1.069924e+01  9.955122e+00  9.053915e+00  8.269126e+00  7.575669e+00  
6.959744e+00  6.407581e+00  5.907407e+00  5.451771e+00  5.034114e+00  4.647054e+00  
4.281533e+00  3.931290e+00  3.595476e+00  3.273518e+00  2.962333e+00  2.652403e+00  
2.333268e+00  2.166700e+00  1.990400e+00  1.842930e+00  1.701480e+00  1.667000e+00  
1.639170e+00  1.635680e+00  1.632640e+00  1.632300e+00  1.631960e+00  1.634700e+00  
1.211054e+01  1.211052e+01  1.211051e+01  1.211049e+01  1.211046e+01  1.211040e+01  
1.211033e+01  1.211021e+01  1.211004e+01  1.210979e+01  1.210943e+01  1.210894e+01  
1.210826e+01  1.210724e+01  1.210544e+01  1.210231e+01  1.209694e+01  1.208733e+01  
1.207002e+01  1.203999e+01  1.198933e+01  1.190500e+01  1.176918e+01  1.155631e+01  
1.122979e+01  1.074357e+01  1.004050e+01  9.181274e+00  8.419818e+00  7.736807e+00  
7.123791e+00  6.572466e+00  6.075603e+00  5.626071e+00  5.216311e+00  4.837599e+00  
4.478987e+00  4.132266e+00  3.794732e+00  3.462778e+00  3.129821e+00  2.782378e+00  
2.403919e+00  2.197332e+00  1.973420e+00  1.777400e+00  1.572890e+00  1.526380e+00  
1.500760e+00  1.498130e+00  1.491910e+00  1.490420e+00  1.491360e+00  1.500860e+00  
1.207045e+01  1.207042e+01  1.207041e+01  1.207039e+01  1.207036e+01  1.207031e+01  
1.207025e+01  1.207015e+01  1.207001e+01  1.206983e+01  1.206959e+01  1.206935e+01  
1.206907e+01  1.206855e+01  1.206744e+01  1.206537e+01  1.206125e+01  1.205286e+01  
1.203674e+01  1.200800e+01  1.195794e+01  1.187426e+01  1.174075e+01  1.153321e+01  
1.121734e+01  1.074597e+01  1.007588e+01  9.254542e+00  8.521932e+00  7.862213e+00  
7.267759e+00  6.731126e+00  6.245798e+00  5.805212e+00  5.402285e+00  5.028730e+00  
4.673884e+00  4.329377e+00  3.991740e+00  3.655900e+00  3.312389e+00  2.941703e+00  
2.518751e+00  2.278263e+00  2.009910e+00  1.769360e+00  1.511020e+00  1.450720e+00  
1.426780e+00  1.425270e+00  1.416270e+00  1.413840e+00  1.416060e+00  1.428470e+00  
1.202187e+01  1.202185e+01  1.202184e+01  1.202182e+01  1.202179e+01  1.202175e+01  
1.202170e+01  1.202162e+01  1.202152e+01  1.202141e+01  1.202133e+01  1.202135e+01  
1.202146e+01  1.202144e+01  1.202108e+01  1.202004e+01  1.201703e+01  1.200962e+01  
1.199462e+01  1.196671e+01  1.191686e+01  1.183410e+01  1.170319e+01  1.150153e+01  
1.119574e+01  1.074071e+01  1.009790e+01  9.310051e+00  8.603605e+00  7.965085e+00  
7.387781e+00  6.864958e+00  6.390720e+00  5.959003e+00  5.563227e+00  5.195550e+00  
4.845682e+00  4.505243e+00  4.170144e+00  3.834091e+00  3.485155e+00  3.098475e+00  
2.641204e+00  2.373171e+00  2.066749e+00  1.787460e+00  1.479440e+00  1.405160e+00  
1.380780e+00  1.380100e+00  1.368860e+00  1.365690e+00  1.368970e+00  1.381530e+00  
1.197387e+01  1.197385e+01  1.197384e+01  1.197383e+01  1.197380e+01  1.197376e+01  
1.197371e+01  1.197365e+01  1.197359e+01  1.197357e+01  1.197366e+01  1.197397e+01  
1.197445e+01  1.197490e+01  1.197532e+01  1.197520e+01  1.197307e+01  1.196647e+01  
1.195229e+01  1.192455e+01  1.187453e+01  1.179233e+01  1.166343e+01  1.146681e+01  
1.116740e+01  1.073094e+01  1.011280e+01  9.353540e+00  8.670142e+00  8.050457e+00  
7.488625e+00  6.978445e+00  6.514528e+00  6.091293e+00  5.702597e+00  5.340991e+00  
4.996605e+00  4.661095e+00  4.329894e+00  3.995689e+00  3.644440e+00  3.246657e+00  
2.762414e+00  2.471532e+00  2.132556e+00  1.818540e+00  1.464540e+00  1.376500e+00  
1.349570e+00  1.349360e+00  1.336340e+00  1.332580e+00  1.336680e+00  1.348200e+00  
1.189010e+01  1.189007e+01  1.189006e+01  1.189006e+01  1.189003e+01  1.189000e+01  
1.188998e+01  1.188996e+01  1.189001e+01  1.189019e+01  1.189066e+01  1.189151e+01  
1.189267e+01  1.189416e+01  1.189601e+01  1.189741e+01  1.189655e+01  1.189121e+01  
1.187768e+01  1.184905e+01  1.179820e+01  1.171623e+01  1.159029e+01  1.140094e+01  
1.111315e+01  1.070866e+01  1.013174e+01  9.418131e+00  8.772692e+00  8.184529e+00  
7.648966e+00  7.160681e+00  6.715120e+00  6.307429e+00  5.932178e+00  5.582587e+00  
5.249502e+00  4.924795e+00  4.603144e+00  4.275768e+00  3.925317e+00  3.514687e+00  
2.991547e+00  2.665045e+00  2.272756e+00  1.898685e+00  1.461740e+00  1.347330e+00  
1.310450e+00  1.310150e+00  1.294510e+00  1.289980e+00  1.295110e+00  1.303670e+00  
1.182448e+01  1.182446e+01  1.182445e+01  1.182444e+01  1.182443e+01  1.182441e+01  
1.182441e+01  1.182445e+01  1.182461e+01  1.182504e+01  1.182590e+01  1.182726e+01  
1.182908e+01  1.183164e+01  1.183475e+01  1.183729e+01  1.183735e+01  1.183283e+01  
1.181879e+01  1.178873e+01  1.173671e+01  1.165440e+01  1.153068e+01  1.134267e+01  
1.107021e+01  1.068919e+01  1.014344e+01  9.464436e+00  8.848295e+00  8.284983e+00  
7.770588e+00  7.300419e+00  6.870494e+00  6.476488e+00  6.113493e+00  5.775266e+00  
5.453166e+00  5.139263e+00  4.827854e+00  4.509119e+00  4.163347e+00  3.747703e+00  
3.199547e+00  2.847162e+00  2.413373e+00  1.989134e+00  1.478200e+00  1.338840e+00  
1.287400e+00  1.286010e+00  1.268620e+00  1.263670e+00  1.269210e+00  1.275040e+00  
1.178259e+01  1.178257e+01  1.178257e+01  1.178255e+01  1.178256e+01  1.178258e+01  
1.178266e+01  1.178288e+01  1.178341e+01  1.178450e+01  1.178628e+01  1.178879e+01  
1.179243e+01  1.179734e+01  1.180272e+01  1.180693e+01  1.180841e+01  1.180322e+01  
1.178540e+01  1.175069e+01  1.169381e+01  1.160858e+01  1.148253e+01  1.129465e+01  
1.104408e+01  1.068870e+01  1.017713e+01  9.539927e+00  8.962128e+00  8.435116e+00  
7.955305e+00  7.518409e+00  7.120676e+00  6.757871e+00  6.425027e+00  6.115441e+00  
5.819422e+00  5.528420e+00  5.237461e+00  4.938013e+00  4.612705e+00  4.222180e+00  
3.681172e+00  3.290828e+00  2.745684e+00  2.182271e+00  1.541170e+00  1.368840e+00  
1.263980e+00  1.250960e+00  1.231690e+00  1.230000e+00  1.227110e+00  1.233810e+00  
1.171826e+01  1.171825e+01  1.171825e+01  1.171824e+01  1.171826e+01  1.171834e+01  
1.171853e+01  1.171900e+01  1.171999e+01  1.172175e+01  1.172437e+01  1.172814e+01  
1.173358e+01  1.174039e+01  1.174724e+01  1.175274e+01  1.175451e+01  1.174689e+01  
1.172560e+01  1.168709e+01  1.162724e+01  1.154130e+01  1.140762e+01  1.123617e+01  
1.100327e+01  1.067021e+01  1.018815e+01  9.586446e+00  9.039586e+00  8.540196e+00  
8.085285e+00  7.671138e+00  7.294522e+00  6.951745e+00  6.638308e+00  6.348071e+00  
6.071870e+00  5.801377e+00  5.531558e+00  5.253290e+00  4.947449e+00  4.569548e+00  
4.024238e+00  3.618948e+00  3.039924e+00  2.415979e+00  1.635300e+00  1.406460e+00  
1.253490e+00  1.235080e+00  1.212810e+00  1.210340e+00  1.207500e+00  1.211610e+00  
1.159990e+01  1.159990e+01  1.159991e+01  1.159994e+01  1.160002e+01  1.160023e+01  
1.160073e+01  1.160180e+01  1.160375e+01  1.160674e+01  1.161108e+01  1.161749e+01  
1.162592e+01  1.163522e+01  1.164412e+01  1.165080e+01  1.164984e+01  1.163695e+01  
1.160963e+01  1.156534e+01  1.150289e+01  1.140488e+01  1.128428e+01  1.113487e+01  
1.092837e+01  1.062974e+01  1.019336e+01  9.645104e+00  9.143185e+00  8.682220e+00  
8.260190e+00  7.874651e+00  7.523464e+00  7.204227e+00  6.913980e+00  6.648602e+00  
6.401654e+00  6.166684e+00  5.938100e+00  5.704508e+00  5.439794e+00  5.080328e+00  
4.513573e+00  4.087860e+00  3.490353e+00  2.821333e+00  1.854692e+00  1.527600e+00  
1.245550e+00  1.213780e+00  1.197170e+00  1.193020e+00  1.177570e+00  1.188320e+00  
1.158141e+01  1.158141e+01  1.158143e+01  1.158150e+01  1.158167e+01  1.158207e+01  
1.158296e+01  1.158470e+01  1.158756e+01  1.159170e+01  1.159792e+01  1.160660e+01  
1.161713e+01  1.162800e+01  1.163819e+01  1.164354e+01  1.163853e+01  1.162074e+01  
1.158788e+01  1.153975e+01  1.147097e+01  1.136918e+01  1.126024e+01  1.112196e+01  
1.092831e+01  1.064523e+01  1.022736e+01  9.698046e+00  9.209778e+00  8.759450e+00  
8.347025e+00  7.972552e+00  7.636309e+00  7.336167e+00  7.068655e+00  6.828794e+00  
6.608563e+00  6.399821e+00  6.195617e+00  5.981858e+00  5.735588e+00  5.414646e+00  
4.917855e+00  4.521403e+00  3.911831e+00  3.165309e+00  2.011565e+00  1.625760e+00  
1.265270e+00  1.215790e+00  1.183610e+00  1.180290e+00  1.172710e+00  1.176320e+00  
1.158577e+01  1.158579e+01  1.158583e+01  1.158594e+01  1.158621e+01  1.158685e+01  
1.158818e+01  1.159059e+01  1.159426e+01  1.159964e+01  1.160765e+01  1.161821e+01  
1.163013e+01  1.164226e+01  1.165262e+01  1.165526e+01  1.164630e+01  1.162375e+01  
1.158634e+01  1.153511e+01  1.145133e+01  1.135850e+01  1.125490e+01  1.112077e+01  
1.093081e+01  1.065189e+01  1.024038e+01  9.720938e+00  9.243965e+00  8.806181e+00  
8.406940e+00  8.045559e+00  7.721679e+00  7.433610e+00  7.178871e+00  6.953784e+00  
6.752227e+00  6.566941e+00  6.388973e+00  6.199333e+00  5.971264e+00  5.665918e+00  
5.191279e+00  4.816272e+00  4.240191e+00  3.494730e+00  2.189277e+00  1.716160e+00  
1.280620e+00  1.221290e+00  1.178650e+00  1.172370e+00  1.169120e+00  1.169070e+00  
1.158807e+01  1.158810e+01  1.158817e+01  1.158834e+01  1.158874e+01  1.158965e+01  
1.159144e+01  1.159449e+01  1.159894e+01  1.160565e+01  1.161525e+01  1.162730e+01  
1.164033e+01  1.165341e+01  1.166286e+01  1.166259e+01  1.165003e+01  1.162327e+01  
1.158264e+01  1.152781e+01  1.143723e+01  1.135025e+01  1.125074e+01  1.112001e+01  
1.093322e+01  1.065790e+01  1.025158e+01  9.739651e+00  9.270562e+00  8.841291e+00  
8.451061e+00  8.098881e+00  7.784253e+00  7.505636e+00  7.260899e+00  7.046774e+00  
6.857690e+00  6.687047e+00  6.526786e+00  6.358971e+00  6.156821e+00  5.877476e+00  
5.425802e+00  5.063151e+00  4.501722e+00  3.755116e+00  2.359352e+00  1.816529e+00  
1.298690e+00  1.226770e+00  1.175670e+00  1.168180e+00  1.164350e+00  1.164230e+00  
1.159200e+01  1.159208e+01  1.159220e+01  1.159252e+01  1.159323e+01  1.159475e+01  
1.159748e+01  1.160165e+01  1.160784e+01  1.161705e+01  1.162935e+01  1.164349e+01  
1.165836e+01  1.167195e+01  1.167789e+01  1.167220e+01  1.165310e+01  1.161989e+01  
1.157506e+01  1.149877e+01  1.141919e+01  1.133990e+01  1.124622e+01  1.112040e+01  
1.093825e+01  1.066810e+01  1.026882e+01  9.766568e+00  9.307424e+00  8.888834e+00  
8.510086e+00  8.170238e+00  7.868821e+00  7.604466e+00  7.375192e+00  7.177899e+00  
7.007009e+00  6.856401e+00  6.719655e+00  6.581530e+00  6.417711e+00  6.185603e+00  
5.790134e+00  5.458516e+00  4.924728e+00  4.174520e+00  2.654761e+00  2.015883e+00  
1.342070e+00  1.240830e+00  1.171730e+00  1.165850e+00  1.155570e+00  1.158150e+00  
1.159641e+01  1.159655e+01  1.159676e+01  1.159725e+01  1.159834e+01  1.160051e+01  
1.160410e+01  1.160938e+01  1.161739e+01  1.162880e+01  1.164312e+01  1.165879e+01  
1.167496e+01  1.168719e+01  1.168919e+01  1.167865e+01  1.165389e+01  1.161650e+01  
1.156590e+01  1.148100e+01  1.140892e+01  1.133466e+01  1.124483e+01  1.112219e+01  
1.094289e+01  1.067587e+01  1.028095e+01  9.784931e+00  9.332229e+00  8.920560e+00  
8.549143e+00  8.216936e+00  7.923400e+00  7.667415e+00  7.447402e+00  7.260800e+00  
7.102792e+00  6.968055e+00  6.850883e+00  6.736823e+00  6.602292e+00  6.405087e+00  
6.052337e+00  5.747731e+00  5.246315e+00  4.514632e+00  2.920794e+00  2.195685e+00  
1.385390e+00  1.260130e+00  1.171620e+00  1.163880e+00  1.151060e+00  1.154410e+00  
1.160128e+01  1.160162e+01  1.160210e+01  1.160317e+01  1.160534e+01  1.160907e+01  
1.161458e+01  1.162293e+01  1.163504e+01  1.165064e+01  1.166813e+01  1.168670e+01  
1.170244e+01  1.170830e+01  1.170156e+01  1.168048e+01  1.164651e+01  1.160252e+01  
1.152013e+01  1.145325e+01  1.139182e+01  1.132541e+01  1.124171e+01  1.112408e+01  
1.094952e+01  1.068796e+01  1.030069e+01  9.814324e+00  9.371024e+00  8.968845e+00  
8.606957e+00  8.284529e+00  8.001154e+00  7.756268e+00  7.548865e+00  7.377345e+00  
7.238257e+00  7.127954e+00  7.042684e+00  6.970781e+00  6.891130e+00  6.761142e+00  
6.489394e+00  6.233804e+00  5.791507e+00  5.120945e+00  3.487077e+00  2.595400e+00  
1.487990e+00  1.312650e+00  1.178090e+00  1.162060e+00  1.149530e+00  1.149320e+00  
1.161620e+01  1.161682e+01  1.161766e+01  1.161945e+01  1.162273e+01  1.162779e+01  
1.163533e+01  1.164668e+01  1.166207e+01  1.168023e+01  1.170006e+01  1.171951e+01  
1.173133e+01  1.173095e+01  1.171659e+01  1.168789e+01  1.164922e+01  1.157844e+01  
1.150729e+01  1.144896e+01  1.139340e+01  1.133114e+01  1.125020e+01  1.113421e+01  
1.096039e+01  1.069890e+01  1.031162e+01  9.826941e+00  9.387010e+00  8.989760e+00  
8.633951e+00  8.318504e+00  8.042587e+00  7.805591e+00  7.606337e+00  7.442936e+00  
7.311489e+00  7.209275e+00  7.136946e+00  7.091744e+00  7.058389e+00  6.981819e+00  
6.761430e+00  6.541495e+00  6.160383e+00  5.543865e+00  3.895157e+00  2.944554e+00  
1.595970e+00  1.368260e+00  1.185730e+00  1.165740e+00  1.146540e+00  1.146760e+00  
1.161797e+01  1.161938e+01  1.162113e+01  1.162444e+01  1.162964e+01  1.163737e+01  
1.164913e+01  1.166537e+01  1.168499e+01  1.170669e+01  1.172890e+01  1.174438e+01  
1.174752e+01  1.173644e+01  1.171030e+01  1.167371e+01  1.160836e+01  1.153431e+01  
1.147801e+01  1.142956e+01  1.138130e+01  1.132443e+01  1.124755e+01  1.113487e+01  
1.096411e+01  1.070586e+01  1.032244e+01  9.842751e+00  9.407700e+00  9.015468e+00  
8.664858e+00  8.355008e+00  8.085270e+00  7.855193e+00  7.663927e+00  7.509984e+00  
7.390016e+00  7.302150e+00  7.248571e+00  7.228999e+00  7.232646e+00  7.212733e+00  
7.080831e+00  6.921255e+00  6.614155e+00  6.082759e+00  4.527492e+00  3.489765e+00  
1.797737e+00  1.484810e+00  1.206700e+00  1.173820e+00  1.144470e+00  1.144160e+00  
1.162030e+01  1.162277e+01  1.162555e+01  1.163024e+01  1.163719e+01  1.164785e+01  
1.166323e+01  1.168293e+01  1.170522e+01  1.172936e+01  1.175007e+01  1.175958e+01  
1.175517e+01  1.173509e+01  1.170216e+01  1.165933e+01  1.157215e+01  1.151089e+01  
1.146254e+01  1.141983e+01  1.137573e+01  1.132178e+01  1.124694e+01  1.113575e+01  
1.096623e+01  1.070932e+01  1.032775e+01  9.850389e+00  9.417696e+00  9.027954e+00  
8.680082e+00  8.373220e+00  8.106830e+00  7.880481e+00  7.693545e+00  7.544691e+00  
7.430760e+00  7.350394e+00  7.306603e+00  7.300719e+00  7.325015e+00  7.338824e+00  
7.263469e+00  7.144623e+00  6.890343e+00  6.426356e+00  4.981030e+00  3.911677e+00  
1.984971e+00  1.598680e+00  1.229760e+00  1.183160e+00  1.144310e+00  1.142870e+00  
1.160060e+01  1.160432e+01  1.160812e+01  1.161403e+01  1.162288e+01  1.163629e+01  
1.165468e+01  1.167670e+01  1.170122e+01  1.172615e+01  1.174326e+01  1.174721e+01  
1.173601e+01  1.170927e+01  1.167264e+01  1.160110e+01  1.152815e+01  1.147470e+01  
1.143195e+01  1.139360e+01  1.135297e+01  1.130209e+01  1.123041e+01  1.112299e+01  
1.095841e+01  1.070762e+01  1.033250e+01  9.859954e+00  9.429110e+00  9.040036e+00  
8.692253e+00  8.385431e+00  8.119570e+00  7.894500e+00  7.709922e+00  7.565187e+00  
7.458405e+00  7.388327e+00  7.354875e+00  7.352179e+00  7.370953e+00  7.394422e+00  
7.374831e+00  7.300910e+00  7.088891e+00  6.665555e+00  5.322261e+00  4.254279e+00  
2.158684e+00  1.708240e+00  1.253550e+00  1.193510e+00  1.144520e+00  1.142100e+00  
1.160107e+01  1.160618e+01  1.161092e+01  1.161801e+01  1.162885e+01  1.164473e+01  
1.166550e+01  1.168935e+01  1.171559e+01  1.173960e+01  1.175271e+01  1.175160e+01  
1.173428e+01  1.170295e+01  1.166334e+01  1.157528e+01  1.151102e+01  1.146295e+01  
1.142412e+01  1.138857e+01  1.134989e+01  1.130034e+01  1.122955e+01  1.112279e+01  
1.095873e+01  1.070852e+01  1.033424e+01  9.862893e+00  9.433199e+00  9.045253e+00  
8.698629e+00  8.393046e+00  8.128595e+00  7.905103e+00  7.722345e+00  7.579738e+00  
7.475525e+00  7.408646e+00  7.379442e+00  7.382785e+00  7.410578e+00  7.448275e+00  
7.454735e+00  7.404107e+00  7.229606e+00  6.852006e+00  5.584929e+00  4.539102e+00  
2.325309e+00  1.812547e+00  1.277350e+00  1.203500e+00  1.146060e+00  1.141590e+00  
1.160123e+01  1.160937e+01  1.161578e+01  1.162539e+01  1.164000e+01  1.166003e+01  
1.168409e+01  1.171103e+01  1.173860e+01  1.175802e+01  1.176362e+01  1.175350e+01  
1.172676e+01  1.169022e+01  1.161580e+01  1.154079e+01  1.148726e+01  1.144663e+01  
1.141321e+01  1.138149e+01  1.134547e+01  1.129770e+01  1.122817e+01  1.112233e+01  
1.095907e+01  1.070966e+01  1.033637e+01  9.866498e+00  9.438282e+00  9.051856e+00  
8.706801e+00  8.402907e+00  8.140303e+00  7.918891e+00  7.738510e+00  7.598672e+00  
7.497777e+00  7.435055e+00  7.411340e+00  7.422419e+00  7.461820e+00  7.518054e+00  
7.558613e+00  7.539597e+00  7.420865e+00  7.116324e+00  5.976659e+00  4.984801e+00  
2.633439e+00  2.008801e+00  1.324770e+00  1.223890e+00  1.150110e+00  1.140940e+00  
1.160123e+01  1.161252e+01  1.161968e+01  1.163271e+01  1.165067e+01  1.167383e+01  
1.170030e+01  1.172839e+01  1.175581e+01  1.177084e+01  1.176864e+01  1.175032e+01  
1.171800e+01  1.167686e+01  1.158217e+01  1.151817e+01  1.147154e+01  1.143593e+01  
1.140612e+01  1.137691e+01  1.134256e+01  1.129594e+01  1.122718e+01  1.112192e+01  
1.095915e+01  1.071024e+01  1.033761e+01  9.868620e+00  9.441342e+00  9.055845e+00  
8.711758e+00  8.408932e+00  8.147488e+00  7.927405e+00  7.748503e+00  7.610374e+00  
7.511547e+00  7.451375e+00  7.431036e+00  7.446863e+00  7.493361e+00  7.561133e+00  
7.622960e+00  7.624254e+00  7.544756e+00  7.295667e+00  6.259208e+00  5.322892e+00  
2.906743e+00  2.189013e+00  1.371600e+00  1.245100e+00  1.154860e+00  1.140560e+00  
