6.396515e-01  6.396520e-01  6.396523e-01  6.396528e-01  6.396535e-01  6.396547e-01  
6.396565e-01  6.396594e-01  6.396641e-01  6.396715e-01  6.396831e-01  6.397016e-01  
6.397310e-01  6.397775e-01  6.398511e-01  6.399679e-01  6.401528e-01  6.404461e-01  
6.409109e-01  6.416477e-01  6.428159e-01  6.446688e-01  6.476113e-01  6.522980e-01  
6.598166e-01  6.720841e-01  6.924669e-01  7.215902e-01  7.522856e-01  7.842911e-01  
8.176954e-01  8.527081e-01  8.896600e-01  9.290992e-01  9.718535e-01  1.018840e+00  
1.070660e+00  1.127030e+00  1.184950e+00  1.236580e+00  1.273030e+00  1.293440e+00  
1.306420e+00  1.315730e+00  1.324080e+00  1.327260e+00  1.323410e+00  1.322150e+00  
1.322070e+00  1.322040e+00  1.321860e+00  1.321830e+00  1.321800e+00  1.321830e+00  
8.955146e-01  8.955154e-01  8.955158e-01  8.955165e-01  8.955177e-01  8.955195e-01  
8.955223e-01  8.955269e-01  8.955340e-01  8.955454e-01  8.955634e-01  8.955919e-01  
8.956372e-01  8.957088e-01  8.958225e-01  8.960025e-01  8.962879e-01  8.967401e-01  
8.974570e-01  8.985932e-01  9.003942e-01  9.032495e-01  9.077775e-01  9.149648e-01  
9.263972e-01  9.446748e-01  9.740706e-01  1.014627e+00  1.056116e+00  1.098695e+00  
1.142680e+00  1.188624e+00  1.237282e+00  1.288923e+00  1.343567e+00  1.401100e+00  
1.461100e+00  1.522570e+00  1.583580e+00  1.640230e+00  1.687170e+00  1.718970e+00  
1.729220e+00  1.727180e+00  1.729300e+00  1.735580e+00  1.734090e+00  1.731530e+00  
1.732860e+00  1.733510e+00  1.733320e+00  1.733120e+00  1.733500e+00  1.733190e+00  
1.141543e+00  1.141544e+00  1.141544e+00  1.141545e+00  1.141547e+00  1.141549e+00  
1.141553e+00  1.141558e+00  1.141567e+00  1.141581e+00  1.141603e+00  1.141639e+00  
1.141695e+00  1.141784e+00  1.141925e+00  1.142148e+00  1.142502e+00  1.143061e+00  
1.143950e+00  1.145358e+00  1.147591e+00  1.151130e+00  1.156744e+00  1.165653e+00  
1.179826e+00  1.202487e+00  1.238932e+00  1.289163e+00  1.340345e+00  1.392467e+00  
1.445595e+00  1.499918e+00  1.555767e+00  1.613308e+00  1.672751e+00  1.734590e+00  
1.799700e+00  1.867980e+00  1.936060e+00  1.995990e+00  2.039480e+00  2.066920e+00  
2.079480e+00  2.080730e+00  2.084390e+00  2.089410e+00  2.087790e+00  2.087430e+00  
2.088660e+00  2.088820e+00  2.088690e+00  2.088750e+00  2.088640e+00  2.088610e+00  
1.592116e+00  1.592117e+00  1.592118e+00  1.592119e+00  1.592121e+00  1.592124e+00  
1.592129e+00  1.592137e+00  1.592149e+00  1.592168e+00  1.592199e+00  1.592248e+00  
1.592325e+00  1.592447e+00  1.592641e+00  1.592947e+00  1.593433e+00  1.594204e+00  
1.595426e+00  1.597363e+00  1.600433e+00  1.605299e+00  1.613011e+00  1.625234e+00  
1.644599e+00  1.675263e+00  1.723742e+00  1.789014e+00  1.853624e+00  1.917500e+00  
1.980770e+00  2.043933e+00  2.107789e+00  2.172451e+00  2.237830e+00  2.304050e+00  
2.371430e+00  2.439460e+00  2.505210e+00  2.562670e+00  2.605810e+00  2.635350e+00  
2.652240e+00  2.656020e+00  2.661020e+00  2.667150e+00  2.672870e+00  2.673750e+00  
2.672320e+00  2.672040e+00  2.672260e+00  2.672260e+00  2.672330e+00  2.672230e+00  
1.993398e+00  1.993400e+00  1.993401e+00  1.993402e+00  1.993404e+00  1.993408e+00  
1.993414e+00  1.993424e+00  1.993438e+00  1.993462e+00  1.993500e+00  1.993559e+00  
1.993653e+00  1.993803e+00  1.994039e+00  1.994414e+00  1.995008e+00  1.995950e+00  
1.997443e+00  1.999809e+00  2.003559e+00  2.009501e+00  2.018915e+00  2.033813e+00  
2.057327e+00  2.094216e+00  2.151583e+00  2.227117e+00  2.299796e+00  2.369565e+00  
2.436825e+00  2.502646e+00  2.568638e+00  2.634927e+00  2.701042e+00  2.766470e+00  
2.830480e+00  2.892000e+00  2.949490e+00  3.000990e+00  3.044260e+00  3.077920e+00  
3.099720e+00  3.105840e+00  3.112420e+00  3.120020e+00  3.132260e+00  3.134940e+00  
3.131470e+00  3.130410e+00  3.130740e+00  3.131040e+00  3.130610e+00  3.130900e+00  
2.353080e+00  2.353082e+00  2.353083e+00  2.353085e+00  2.353087e+00  2.353091e+00  
2.353098e+00  2.353109e+00  2.353126e+00  2.353153e+00  2.353195e+00  2.353262e+00  
2.353369e+00  2.353538e+00  2.353806e+00  2.354230e+00  2.354903e+00  2.355969e+00  
2.357659e+00  2.360337e+00  2.364581e+00  2.371308e+00  2.381958e+00  2.398794e+00  
2.425303e+00  2.466629e+00  2.530147e+00  2.612373e+00  2.689740e+00  2.762173e+00  
2.830183e+00  2.895180e+00  2.959287e+00  3.022669e+00  3.084905e+00  3.145500e+00  
3.203950e+00  3.259480e+00  3.311040e+00  3.357560e+00  3.397860e+00  3.430960e+00  
3.455390e+00  3.464520e+00  3.475260e+00  3.487060e+00  3.502830e+00  3.505210e+00  
3.500620e+00  3.499440e+00  3.499930e+00  3.500290e+00  3.499940e+00  3.500180e+00  
2.676102e+00  2.676104e+00  2.676105e+00  2.676107e+00  2.676110e+00  2.676114e+00  
2.676122e+00  2.676133e+00  2.676152e+00  2.676181e+00  2.676228e+00  2.676301e+00  
2.676417e+00  2.676601e+00  2.676894e+00  2.677356e+00  2.678090e+00  2.679253e+00  
2.681096e+00  2.684018e+00  2.688648e+00  2.695984e+00  2.707596e+00  2.725934e+00  
2.754735e+00  2.799354e+00  2.867145e+00  2.953463e+00  3.032867e+00  3.105303e+00  
3.171472e+00  3.233196e+00  3.293145e+00  3.351659e+00  3.408319e+00  3.462730e+00  
3.514610e+00  3.563480e+00  3.608620e+00  3.649700e+00  3.686460e+00  3.718970e+00  
3.747000e+00  3.759410e+00  3.772990e+00  3.786380e+00  3.804670e+00  3.807770e+00  
3.802770e+00  3.801410e+00  3.801990e+00  3.802410e+00  3.801970e+00  3.802290e+00  
3.230944e+00  3.230946e+00  3.230947e+00  3.230950e+00  3.230953e+00  3.230958e+00  
3.230966e+00  3.230979e+00  3.230999e+00  3.231032e+00  3.231083e+00  3.231165e+00  
3.231294e+00  3.231498e+00  3.231823e+00  3.232337e+00  3.233151e+00  3.234442e+00  
3.236489e+00  3.239731e+00  3.244872e+00  3.253014e+00  3.265894e+00  3.286198e+00  
3.317935e+00  3.366537e+00  3.438768e+00  3.527773e+00  3.605951e+00  3.673399e+00  
3.731286e+00  3.782310e+00  3.830263e+00  3.875845e+00  3.918861e+00  3.959240e+00  
3.997250e+00  4.033030e+00  4.066490e+00  4.098160e+00  4.128840e+00  4.159710e+00  
4.191940e+00  4.208550e+00  4.225770e+00  4.240890e+00  4.260760e+00  4.264690e+00  
4.260960e+00  4.259790e+00  4.260380e+00  4.260780e+00  4.260360e+00  4.260710e+00  
3.685269e+00  3.685272e+00  3.685273e+00  3.685276e+00  3.685279e+00  3.685286e+00  
3.685295e+00  3.685311e+00  3.685335e+00  3.685374e+00  3.685435e+00  3.685532e+00  
3.685686e+00  3.685930e+00  3.686317e+00  3.686929e+00  3.687901e+00  3.689442e+00  
3.691884e+00  3.695752e+00  3.701883e+00  3.711582e+00  3.726886e+00  3.750849e+00  
3.787663e+00  3.841523e+00  3.915025e+00  3.996485e+00  4.061525e+00  4.116636e+00  
4.163746e+00  4.204778e+00  4.242342e+00  4.276469e+00  4.306348e+00  4.331980e+00  
4.355150e+00  4.377500e+00  4.399640e+00  4.422930e+00  4.449060e+00  4.479390e+00  
4.513730e+00  4.531170e+00  4.548750e+00  4.563800e+00  4.583460e+00  4.587150e+00  
4.585980e+00  4.585770e+00  4.586260e+00  4.586360e+00  4.586430e+00  4.586470e+00  
4.565882e+00  4.565885e+00  4.565886e+00  4.565889e+00  4.565893e+00  4.565900e+00  
4.565910e+00  4.565927e+00  4.565953e+00  4.565995e+00  4.566061e+00  4.566165e+00  
4.566332e+00  4.566595e+00  4.567013e+00  4.567675e+00  4.568725e+00  4.570389e+00  
4.573027e+00  4.577209e+00  4.583832e+00  4.594305e+00  4.610788e+00  4.636441e+00  
4.675232e+00  4.729540e+00  4.796839e+00  4.860169e+00  4.899122e+00  4.924370e+00  
4.939356e+00  4.947315e+00  4.952233e+00  4.953958e+00  4.951001e+00  4.943720e+00  
4.937330e+00  4.936200e+00  4.940940e+00  4.951150e+00  4.966420e+00  4.986890e+00  
5.013280e+00  5.029200e+00  5.046310e+00  5.059260e+00  5.067220e+00  5.071060e+00  
5.079200e+00  5.080300e+00  5.080330e+00  5.080300e+00  5.080250e+00  5.080360e+00  
5.223203e+00  5.223205e+00  5.223206e+00  5.223208e+00  5.223212e+00  5.223217e+00  
5.223225e+00  5.223237e+00  5.223258e+00  5.223289e+00  5.223340e+00  5.223420e+00  
5.223547e+00  5.223749e+00  5.224067e+00  5.224573e+00  5.225375e+00  5.226648e+00  
5.228665e+00  5.231865e+00  5.236937e+00  5.244962e+00  5.257601e+00  5.277306e+00  
5.307270e+00  5.349924e+00  5.404306e+00  5.455390e+00  5.480516e+00  5.481902e+00  
5.464042e+00  5.434558e+00  5.402944e+00  5.371835e+00  5.342256e+00  5.315222e+00  
5.292620e+00  5.275830e+00  5.265490e+00  5.261620e+00  5.264240e+00  5.273360e+00  
5.289350e+00  5.300090e+00  5.310990e+00  5.317250e+00  5.315300e+00  5.317280e+00  
5.332060e+00  5.335190e+00  5.334810e+00  5.334160e+00  5.334990e+00  5.334510e+00  
6.137977e+00  6.137979e+00  6.137980e+00  6.137981e+00  6.137984e+00  6.137987e+00  
6.137993e+00  6.138003e+00  6.138018e+00  6.138042e+00  6.138080e+00  6.138139e+00  
6.138233e+00  6.138384e+00  6.138623e+00  6.139001e+00  6.139602e+00  6.140556e+00  
6.142071e+00  6.144478e+00  6.148293e+00  6.154319e+00  6.163756e+00  6.178268e+00  
6.199587e+00  6.226965e+00  6.253123e+00  6.260171e+00  6.235654e+00  6.183576e+00  
6.110814e+00  6.027983e+00  5.947412e+00  5.872947e+00  5.805672e+00  5.746405e+00  
5.696620e+00  5.656950e+00  5.626440e+00  5.601410e+00  5.578710e+00  5.560120e+00  
5.548870e+00  5.546970e+00  5.546540e+00  5.542400e+00  5.518790e+00  5.518080e+00  
5.541500e+00  5.545330e+00  5.543730e+00  5.544060e+00  5.543100e+00  5.543560e+00  
6.797145e+00  6.797146e+00  6.797146e+00  6.797147e+00  6.797149e+00  6.797151e+00  
6.797154e+00  6.797159e+00  6.797168e+00  6.797180e+00  6.797201e+00  6.797235e+00  
6.797287e+00  6.797371e+00  6.797504e+00  6.797715e+00  6.798052e+00  6.798589e+00  
6.799445e+00  6.800808e+00  6.802972e+00  6.806373e+00  6.811623e+00  6.819428e+00  
6.829876e+00  6.839142e+00  6.834491e+00  6.797319e+00  6.726814e+00  6.628427e+00  
6.510702e+00  6.386235e+00  6.269072e+00  6.163284e+00  6.069640e+00  5.987887e+00  
5.917690e+00  5.858480e+00  5.808580e+00  5.763440e+00  5.719290e+00  5.678600e+00  
5.645410e+00  5.632410e+00  5.620040e+00  5.606100e+00  5.574470e+00  5.571450e+00  
5.592290e+00  5.595810e+00  5.594090e+00  5.594390e+00  5.593450e+00  5.593890e+00  
7.321380e+00  7.321379e+00  7.321379e+00  7.321379e+00  7.321379e+00  7.321380e+00  
7.321380e+00  7.321381e+00  7.321382e+00  7.321384e+00  7.321386e+00  7.321391e+00  
7.321396e+00  7.321407e+00  7.321424e+00  7.321453e+00  7.321501e+00  7.321580e+00  
7.321714e+00  7.321936e+00  7.322289e+00  7.322814e+00  7.323485e+00  7.323992e+00  
7.322749e+00  7.313072e+00  7.277597e+00  7.198317e+00  7.086104e+00  6.947499e+00  
6.792095e+00  6.633428e+00  6.486569e+00  6.355387e+00  6.240173e+00  6.139660e+00  
6.052017e+00  5.975500e+00  5.908090e+00  5.845100e+00  5.782750e+00  5.724060e+00  
5.673570e+00  5.651780e+00  5.629510e+00  5.608360e+00  5.576920e+00  5.572360e+00  
5.584340e+00  5.586480e+00  5.585130e+00  5.585290e+00  5.584640e+00  5.584980e+00  
7.931048e+00  7.931045e+00  7.931043e+00  7.931039e+00  7.931035e+00  7.931027e+00  
7.931014e+00  7.930995e+00  7.930963e+00  7.930914e+00  7.930836e+00  7.930711e+00  
7.930514e+00  7.930202e+00  7.929707e+00  7.928927e+00  7.927692e+00  7.925740e+00  
7.922657e+00  7.917785e+00  7.910073e+00  7.897838e+00  7.878399e+00  7.847527e+00  
7.798533e+00  7.720955e+00  7.598855e+00  7.436110e+00  7.276413e+00  7.120110e+00  
6.967444e+00  6.818618e+00  6.674156e+00  6.534832e+00  6.401623e+00  6.274658e+00  
6.155037e+00  6.044420e+00  5.943790e+00  5.854820e+00  5.778740e+00  5.713520e+00  
5.659750e+00  5.640600e+00  5.628740e+00  5.618190e+00  5.559490e+00  5.530650e+00  
5.546050e+00  5.552840e+00  5.550140e+00  5.548160e+00  5.551500e+00  5.549470e+00  
8.611764e+00  8.611759e+00  8.611757e+00  8.611752e+00  8.611745e+00  8.611734e+00  
8.611717e+00  8.611689e+00  8.611644e+00  8.611574e+00  8.611463e+00  8.611288e+00  
8.611009e+00  8.610569e+00  8.609873e+00  8.608771e+00  8.607030e+00  8.604280e+00  
8.599936e+00  8.593068e+00  8.582189e+00  8.564913e+00  8.537468e+00  8.493897e+00  
8.424822e+00  8.315798e+00  8.145212e+00  7.919401e+00  7.699657e+00  7.486361e+00  
7.279863e+00  7.080272e+00  6.888264e+00  6.705129e+00  6.531450e+00  6.367596e+00  
6.214732e+00  6.074910e+00  5.949440e+00  5.839950e+00  5.747140e+00  5.666260e+00  
5.594690e+00  5.565440e+00  5.542460e+00  5.522640e+00  5.456950e+00  5.425840e+00  
5.429840e+00  5.433720e+00  5.430140e+00  5.428570e+00  5.430960e+00  5.429880e+00  
8.963468e+00  8.963466e+00  8.963465e+00  8.963463e+00  8.963460e+00  8.963455e+00  
8.963447e+00  8.963435e+00  8.963416e+00  8.963387e+00  8.963339e+00  8.963264e+00  
8.963146e+00  8.962959e+00  8.962665e+00  8.962203e+00  8.961476e+00  8.960336e+00  
8.958547e+00  8.955723e+00  8.951220e+00  8.943942e+00  8.931973e+00  8.911509e+00  
8.873514e+00  8.792594e+00  8.615487e+00  8.322925e+00  8.008134e+00  7.711460e+00  
7.438698e+00  7.188822e+00  6.960750e+00  6.753709e+00  6.564616e+00  6.390337e+00  
6.228427e+00  6.077740e+00  5.938380e+00  5.809350e+00  5.690010e+00  5.579140e+00  
5.473520e+00  5.421370e+00  5.370800e+00  5.335880e+00  5.314970e+00  5.305820e+00  
5.278550e+00  5.273150e+00  5.272770e+00  5.273710e+00  5.272340e+00  5.273420e+00  
9.848191e+00  9.848186e+00  9.848183e+00  9.848178e+00  9.848170e+00  9.848157e+00  
9.848137e+00  9.848106e+00  9.848057e+00  9.847979e+00  9.847856e+00  9.847660e+00  
9.847351e+00  9.846864e+00  9.846094e+00  9.844880e+00  9.842970e+00  9.839962e+00  
9.835215e+00  9.827694e+00  9.815708e+00  9.796529e+00  9.765657e+00  9.715187e+00  
9.629845e+00  9.475416e+00  9.187577e+00  8.759723e+00  8.330181e+00  7.939719e+00  
7.591245e+00  7.281024e+00  7.004524e+00  6.754649e+00  6.520942e+00  6.297149e+00  
6.086008e+00  5.890275e+00  5.709930e+00  5.541650e+00  5.383390e+00  5.236280e+00  
5.098620e+00  5.030660e+00  4.962480e+00  4.911550e+00  4.873760e+00  4.860900e+00  
4.837780e+00  4.834550e+00  4.834190e+00  4.834240e+00  4.834310e+00  4.834050e+00  
1.049207e+01  1.049206e+01  1.049205e+01  1.049204e+01  1.049202e+01  1.049200e+01  
1.049195e+01  1.049189e+01  1.049178e+01  1.049161e+01  1.049134e+01  1.049091e+01  
1.049023e+01  1.048915e+01  1.048745e+01  1.048477e+01  1.048054e+01  1.047386e+01  
1.046330e+01  1.044654e+01  1.041990e+01  1.037756e+01  1.031029e+01  1.020367e+01  
1.003581e+01  9.776288e+00  9.384118e+00  8.885957e+00  8.424818e+00  7.998963e+00  
7.606600e+00  7.246349e+00  6.917591e+00  6.618108e+00  6.344851e+00  6.094039e+00  
5.860440e+00  5.640611e+00  5.435631e+00  5.245410e+00  5.067730e+00  4.894300e+00  
4.719190e+00  4.634550e+00  4.557790e+00  4.502890e+00  4.436920e+00  4.418860e+00  
4.414970e+00  4.415440e+00  4.413670e+00  4.413310e+00  4.413030e+00  4.412650e+00  
1.098756e+01  1.098755e+01  1.098754e+01  1.098753e+01  1.098751e+01  1.098748e+01  
1.098743e+01  1.098736e+01  1.098724e+01  1.098705e+01  1.098675e+01  1.098628e+01  
1.098553e+01  1.098436e+01  1.098250e+01  1.097958e+01  1.097498e+01  1.096771e+01  
1.095620e+01  1.093785e+01  1.090861e+01  1.086201e+01  1.078758e+01  1.066853e+01  
1.047781e+01  1.017036e+01  9.677074e+00  9.025811e+00  8.421042e+00  7.887207e+00  
7.421118e+00  7.013221e+00  6.653681e+00  6.329130e+00  6.021836e+00  5.723227e+00  
5.440447e+00  5.178649e+00  4.936077e+00  4.707670e+00  4.488760e+00  4.281430e+00  
4.087300e+00  3.994380e+00  3.903960e+00  3.832590e+00  3.753930e+00  3.736520e+00  
3.730310e+00  3.729690e+00  3.728060e+00  3.727760e+00  3.727570e+00  3.726720e+00  
1.135711e+01  1.135709e+01  1.135708e+01  1.135707e+01  1.135704e+01  1.135700e+01  
1.135694e+01  1.135683e+01  1.135666e+01  1.135641e+01  1.135600e+01  1.135536e+01  
1.135435e+01  1.135274e+01  1.135022e+01  1.134624e+01  1.133998e+01  1.133007e+01  
1.131432e+01  1.128920e+01  1.124921e+01  1.118550e+01  1.108402e+01  1.092321e+01  
1.067138e+01  1.028688e+01  9.718676e+00  9.014385e+00  8.379944e+00  7.808933e+00  
7.296863e+00  6.837209e+00  6.423600e+00  6.050587e+00  5.712260e+00  5.401554e+00  
5.108992e+00  4.828258e+00  4.560191e+00  4.307062e+00  4.070030e+00  3.846120e+00  
3.634810e+00  3.534330e+00  3.435140e+00  3.357830e+00  3.284060e+00  3.265200e+00  
3.247890e+00  3.245750e+00  3.244380e+00  3.244160e+00  3.244090e+00  3.243860e+00  
1.155207e+01  1.155205e+01  1.155204e+01  1.155202e+01  1.155199e+01  1.155195e+01  
1.155188e+01  1.155177e+01  1.155158e+01  1.155130e+01  1.155086e+01  1.155016e+01  
1.154905e+01  1.154730e+01  1.154456e+01  1.154025e+01  1.153344e+01  1.152265e+01  
1.150544e+01  1.147798e+01  1.143421e+01  1.136435e+01  1.125294e+01  1.107649e+01  
1.080054e+01  1.038095e+01  9.765217e+00  9.006402e+00  8.328220e+00  7.721467e+00  
7.179332e+00  6.693155e+00  6.254267e+00  5.856759e+00  5.495232e+00  5.163406e+00  
4.853270e+00  4.559172e+00  4.280690e+00  4.017689e+00  3.770110e+00  3.535840e+00  
3.314590e+00  3.208970e+00  3.104260e+00  3.022600e+00  2.946540e+00  2.927160e+00  
2.908220e+00  2.905750e+00  2.904310e+00  2.904090e+00  2.904010e+00  2.905050e+00  
1.167814e+01  1.167812e+01  1.167811e+01  1.167809e+01  1.167806e+01  1.167801e+01  
1.167794e+01  1.167781e+01  1.167762e+01  1.167733e+01  1.167686e+01  1.167612e+01  
1.167495e+01  1.167312e+01  1.167023e+01  1.166572e+01  1.165857e+01  1.164720e+01  
1.162904e+01  1.160004e+01  1.155374e+01  1.147966e+01  1.136147e+01  1.117431e+01  
1.088183e+01  1.043853e+01  9.791134e+00  8.995829e+00  8.288626e+00  7.658463e+00  
7.095985e+00  6.590762e+00  6.132717e+00  5.715986e+00  5.335897e+00  4.987372e+00  
4.664133e+00  4.361364e+00  4.077212e+00  3.808926e+00  3.554588e+00  3.313180e+00  
3.084310e+00  2.974690e+00  2.866180e+00  2.781130e+00  2.699600e+00  2.679590e+00  
2.662490e+00  2.660300e+00  2.658530e+00  2.658290e+00  2.658120e+00  2.659950e+00  
1.183347e+01  1.183345e+01  1.183344e+01  1.183342e+01  1.183339e+01  1.183334e+01  
1.183326e+01  1.183313e+01  1.183293e+01  1.183261e+01  1.183212e+01  1.183133e+01  
1.183011e+01  1.182819e+01  1.182517e+01  1.182045e+01  1.181296e+01  1.180096e+01  
1.178173e+01  1.175097e+01  1.170160e+01  1.162232e+01  1.149571e+01  1.129519e+01  
1.098201e+01  1.050928e+01  9.822407e+00  8.980884e+00  8.236426e+00  7.576576e+00  
6.988627e+00  6.460411e+00  5.980866e+00  5.544012e+00  5.145175e+00  4.779476e+00  
4.441067e+00  4.125327e+00  3.829892e+00  3.551224e+00  3.286504e+00  3.034480e+00  
2.793370e+00  2.676740e+00  2.561180e+00  2.469990e+00  2.379930e+00  2.357880e+00  
2.341590e+00  2.339780e+00  2.337850e+00  2.337500e+00  2.337450e+00  2.338090e+00  
1.192389e+01  1.192387e+01  1.192385e+01  1.192383e+01  1.192380e+01  1.192375e+01  
1.192366e+01  1.192353e+01  1.192332e+01  1.192300e+01  1.192249e+01  1.192169e+01  
1.192043e+01  1.191848e+01  1.191544e+01  1.191065e+01  1.190302e+01  1.189072e+01  
1.187097e+01  1.183923e+01  1.178803e+01  1.170559e+01  1.157384e+01  1.136496e+01  
1.103909e+01  1.054885e+01  9.839305e+00  8.972589e+00  8.209202e+00  7.535094e+00  
6.935665e+00  6.397588e+00  5.909229e+00  5.464279e+00  5.057857e+00  4.684667e+00  
4.338490e+00  4.014455e+00  3.710230e+00  3.422552e+00  3.148357e+00  2.885183e+00  
2.630790e+00  2.506760e+00  2.384530e+00  2.288210e+00  2.190190e+00  2.165740e+00  
2.147090e+00  2.144960e+00  2.143030e+00  2.142790e+00  2.142560e+00  2.140940e+00  
1.200839e+01  1.200837e+01  1.200835e+01  1.200833e+01  1.200830e+01  1.200824e+01  
1.200815e+01  1.200802e+01  1.200781e+01  1.200749e+01  1.200698e+01  1.200620e+01  
1.200499e+01  1.200314e+01  1.200025e+01  1.199566e+01  1.198818e+01  1.197604e+01  
1.195635e+01  1.192421e+01  1.187168e+01  1.178672e+01  1.165039e+01  1.143385e+01  
1.109738e+01  1.059327e+01  9.866044e+00  8.980945e+00  8.206237e+00  7.522051e+00  
6.914250e+00  6.369274e+00  5.875548e+00  5.426208e+00  5.015473e+00  4.636914e+00  
4.282772e+00  3.947337e+00  3.628917e+00  3.325422e+00  3.033606e+00  2.747294e+00  
2.461180e+00  2.316720e+00  2.170030e+00  2.051370e+00  1.932770e+00  1.902330e+00  
1.877590e+00  1.874730e+00  1.872450e+00  1.872100e+00  1.871900e+00  1.870070e+00  
1.201690e+01  1.201688e+01  1.201687e+01  1.201684e+01  1.201681e+01  1.201676e+01  
1.201668e+01  1.201655e+01  1.201634e+01  1.201604e+01  1.201556e+01  1.201483e+01  
1.201373e+01  1.201208e+01  1.200949e+01  1.200527e+01  1.199825e+01  1.198679e+01  
1.196783e+01  1.193626e+01  1.188419e+01  1.179954e+01  1.166293e+01  1.144644e+01  
1.111148e+01  1.061124e+01  9.888649e+00  9.010054e+00  8.241333e+00  7.559823e+00  
6.953206e+00  6.409142e+00  5.917128e+00  5.469991e+00  5.061302e+00  4.683762e+00  
4.328370e+00  3.988697e+00  3.663362e+00  3.350854e+00  3.047381e+00  2.743213e+00  
2.427492e+00  2.261630e+00  2.085420e+00  1.937480e+00  1.795100e+00  1.760520e+00  
1.732570e+00  1.728950e+00  1.725740e+00  1.725460e+00  1.725050e+00  1.728320e+00  
1.197589e+01  1.197587e+01  1.197585e+01  1.197583e+01  1.197580e+01  1.197575e+01  
1.197567e+01  1.197555e+01  1.197537e+01  1.197510e+01  1.197470e+01  1.197414e+01  
1.197334e+01  1.197216e+01  1.197020e+01  1.196676e+01  1.196094e+01  1.195092e+01  
1.193340e+01  1.190320e+01  1.185263e+01  1.176900e+01  1.163383e+01  1.142149e+01  
1.109551e+01  1.061112e+01  9.915009e+00  9.070613e+00  8.328197e+00  7.666607e+00  
7.074700e+00  6.541283e+00  6.056721e+00  5.614660e+00  5.209509e+00  4.834867e+00  
4.482845e+00  4.146773e+00  3.822631e+00  3.504156e+00  3.182989e+00  2.846346e+00  
2.477160e+00  2.273125e+00  2.048250e+00  1.849640e+00  1.648730e+00  1.605870e+00  
1.577780e+00  1.573930e+00  1.567390e+00  1.566050e+00  1.566870e+00  1.578810e+00  
1.188912e+01  1.188910e+01  1.188909e+01  1.188907e+01  1.188904e+01  1.188900e+01  
1.188892e+01  1.188882e+01  1.188868e+01  1.188846e+01  1.188819e+01  1.188784e+01  
1.188743e+01  1.188679e+01  1.188551e+01  1.188310e+01  1.187868e+01  1.187028e+01  
1.185446e+01  1.182645e+01  1.177831e+01  1.169763e+01  1.156821e+01  1.136645e+01  
1.105848e+01  1.059812e+01  9.942022e+00  9.137125e+00  8.418748e+00  7.771917e+00  
7.189294e+00  6.663691e+00  6.188794e+00  5.758218e+00  5.365133e+00  5.001467e+00  
4.656811e+00  4.323004e+00  3.996677e+00  3.672839e+00  3.342027e+00  2.984331e+00  
2.574080e+00  2.339594e+00  2.076660e+00  1.839260e+00  1.580830e+00  1.519640e+00  
1.495430e+00  1.493570e+00  1.483410e+00  1.480760e+00  1.483410e+00  1.499090e+00  
1.183038e+01  1.183036e+01  1.183035e+01  1.183033e+01  1.183031e+01  1.183026e+01  
1.183019e+01  1.183012e+01  1.182999e+01  1.182984e+01  1.182970e+01  1.182958e+01  
1.182952e+01  1.182933e+01  1.182866e+01  1.182715e+01  1.182380e+01  1.181640e+01  
1.180159e+01  1.177459e+01  1.172686e+01  1.164696e+01  1.151997e+01  1.132363e+01  
1.102502e+01  1.057988e+01  9.949283e+00  9.175890e+00  8.482386e+00  7.856007e+00  
7.290174e+00  6.778351e+00  6.314754e+00  5.893439e+00  5.508003e+00  5.150727e+00  
4.811489e+00  4.482081e+00  4.158571e+00  3.834899e+00  3.499404e+00  3.127404e+00  
2.685973e+00  2.426170e+00  2.127763e+00  1.853400e+00  1.545310e+00  1.469740e+00  
1.445570e+00  1.444550e+00  1.431730e+00  1.428240e+00  1.432170e+00  1.448450e+00  
1.177670e+01  1.177667e+01  1.177666e+01  1.177664e+01  1.177662e+01  1.177659e+01  
1.177653e+01  1.177646e+01  1.177637e+01  1.177630e+01  1.177628e+01  1.177641e+01  
1.177670e+01  1.177693e+01  1.177688e+01  1.177622e+01  1.177377e+01  1.176712e+01  
1.175311e+01  1.172654e+01  1.167868e+01  1.159924e+01  1.147413e+01  1.128242e+01  
1.098975e+01  1.056180e+01  9.954167e+00  9.207596e+00  8.536020e+00  7.927787e+00  
7.377086e+00  6.877846e+00  6.424750e+00  6.012267e+00  5.634333e+00  5.283567e+00  
4.950130e+00  4.625822e+00  4.306261e+00  3.984537e+00  3.647099e+00  3.265145e+00  
2.799242e+00  2.518431e+00  2.189628e+00  1.882020e+00  1.527860e+00  1.438290e+00  
1.412390e+00  1.411940e+00  1.396960e+00  1.392810e+00  1.397750e+00  1.413160e+00  
1.167697e+01  1.167695e+01  1.167694e+01  1.167693e+01  1.167690e+01  1.167688e+01  
1.167683e+01  1.167681e+01  1.167679e+01  1.167688e+01  1.167718e+01  1.167782e+01  
1.167874e+01  1.167980e+01  1.168101e+01  1.168184e+01  1.168071e+01  1.167524e+01  
1.166222e+01  1.163534e+01  1.158682e+01  1.150798e+01  1.138613e+01  1.120202e+01  
1.092149e+01  1.052514e+01  9.958452e+00  9.257394e+00  8.623528e+00  8.046535e+00  
7.521753e+00  7.044040e+00  6.608929e+00  6.211651e+00  5.846941e+00  5.508170e+00  
5.186377e+00  4.873591e+00  4.564632e+00  4.250816e+00  3.914715e+00  3.518706e+00  
3.010895e+00  2.693903e+00  2.314756e+00  1.954933e+00  1.535740e+00  1.419910e+00  
1.357810e+00  1.359220e+00  1.360950e+00  1.357440e+00  1.347420e+00  1.366920e+00  
1.160528e+01  1.160526e+01  1.160525e+01  1.160524e+01  1.160522e+01  1.160520e+01  
1.160518e+01  1.160519e+01  1.160527e+01  1.160555e+01  1.160620e+01  1.160732e+01  
1.160881e+01  1.161074e+01  1.161309e+01  1.161510e+01  1.161485e+01  1.161019e+01  
1.159717e+01  1.156904e+01  1.151946e+01  1.144048e+01  1.132087e+01  1.113840e+01  
1.087261e+01  1.049882e+01  9.962267e+00  9.294738e+00  8.689319e+00  8.136457e+00  
7.632323e+00  7.172316e+00  6.752531e+00  6.368777e+00  6.016233e+00  5.688858e+00  
5.378219e+00  5.076558e+00  4.778300e+00  4.473677e+00  4.142855e+00  3.742202e+00  
3.209466e+00  2.866790e+00  2.446933e+00  2.039196e+00  1.552290e+00  1.412810e+00  
1.332960e+00  1.333420e+00  1.335710e+00  1.331750e+00  1.318920e+00  1.337680e+00  
1.155900e+01  1.155898e+01  1.155898e+01  1.155896e+01  1.155896e+01  1.155897e+01  
1.155901e+01  1.155915e+01  1.155954e+01  1.156038e+01  1.156187e+01  1.156401e+01  
1.156693e+01  1.157092e+01  1.157552e+01  1.157919e+01  1.158020e+01  1.157559e+01  
1.155944e+01  1.152680e+01  1.147276e+01  1.139094e+01  1.126912e+01  1.108672e+01  
1.084104e+01  1.049093e+01  9.986153e+00  9.357809e+00  8.788799e+00  8.270748e+00  
7.800088e+00  7.372574e+00  6.984451e+00  6.631588e+00  6.309035e+00  6.010200e+00  
5.725473e+00  5.446411e+00  5.168094e+00  4.882019e+00  4.570641e+00  4.193948e+00  
3.670732e+00  3.297278e+00  2.781223e+00  2.241331e+00  1.595110e+00  1.417360e+00  
1.324650e+00  1.312790e+00  1.290230e+00  1.288990e+00  1.285070e+00  1.295920e+00  
1.148995e+01  1.148994e+01  1.148993e+01  1.148993e+01  1.148994e+01  1.148998e+01  
1.149011e+01  1.149045e+01  1.149121e+01  1.149265e+01  1.149493e+01  1.149807e+01  
1.150253e+01  1.150832e+01  1.151445e+01  1.151924e+01  1.152087e+01  1.151457e+01  
1.149507e+01  1.145899e+01  1.140223e+01  1.131985e+01  1.119123e+01  1.102432e+01  
1.079552e+01  1.046691e+01  9.990778e+00  9.397117e+00  8.858336e+00  8.367408e+00  
7.921218e+00  7.516141e+00  7.148895e+00  6.815809e+00  6.512434e+00  6.232587e+00  
5.967118e+00  5.707756e+00  5.449559e+00  5.183594e+00  4.890895e+00  4.527075e+00  
4.001276e+00  3.613837e+00  3.064504e+00  2.465418e+00  1.684540e+00  1.452680e+00  
1.313580e+00  1.296820e+00  1.271990e+00  1.269830e+00  1.266160e+00  1.273500e+00  
1.136307e+01  1.136306e+01  1.136306e+01  1.136308e+01  1.136313e+01  1.136328e+01  
1.136365e+01  1.136448e+01  1.136608e+01  1.136869e+01  1.137236e+01  1.137768e+01  
1.138487e+01  1.139327e+01  1.140124e+01  1.140737e+01  1.140749e+01  1.139627e+01  
1.137121e+01  1.132991e+01  1.127083e+01  1.117764e+01  1.106158e+01  1.091582e+01  
1.071275e+01  1.041801e+01  9.987079e+00  9.446387e+00  8.952267e+00  8.499522e+00  
8.086062e+00  7.709424e+00  7.367406e+00  7.057570e+00  6.776893e+00  6.521097e+00  
6.283570e+00  6.057760e+00  5.838428e+00  5.614829e+00  5.362097e+00  5.019294e+00  
4.477752e+00  4.069448e+00  3.493473e+00  2.844263e+00  1.897394e+00  1.575230e+00  
1.302230e+00  1.273050e+00  1.258650e+00  1.254100e+00  1.236780e+00  1.250090e+00  
1.134037e+01  1.134037e+01  1.134038e+01  1.134043e+01  1.134054e+01  1.134084e+01  
1.134152e+01  1.134292e+01  1.134537e+01  1.134896e+01  1.135413e+01  1.136146e+01  
1.137079e+01  1.138063e+01  1.138977e+01  1.139546e+01  1.139189e+01  1.137594e+01  
1.134570e+01  1.130056e+01  1.123535e+01  1.113828e+01  1.103232e+01  1.089590e+01  
1.070340e+01  1.042166e+01  1.000717e+01  9.485140e+00  9.006721e+00  8.568082e+00  
8.168147e+00  7.805784e+00  7.480072e+00  7.188759e+00  6.928778e+00  6.695577e+00  
6.481866e+00  6.280156e+00  6.083843e+00  5.879445e+00  5.644908e+00  5.339730e+00  
4.866181e+00  4.486510e+00  3.899370e+00  3.175060e+00  2.046656e+00  1.669540e+00  
1.322030e+00  1.275150e+00  1.244660e+00  1.241250e+00  1.233540e+00  1.238120e+00  
1.132815e+01  1.132816e+01  1.132818e+01  1.132826e+01  1.132846e+01  1.132893e+01  
1.132998e+01  1.133198e+01  1.133519e+01  1.133976e+01  1.134644e+01  1.135556e+01  
1.136635e+01  1.137727e+01  1.138694e+01  1.139066e+01  1.138333e+01  1.136309e+01  
1.132870e+01  1.128085e+01  1.120215e+01  1.111381e+01  1.101358e+01  1.088232e+01  
1.069527e+01  1.042025e+01  1.001527e+01  9.505732e+00  9.039670e+00  8.613415e+00  
8.225742e+00  7.875272e+00  7.560902e+00  7.280952e+00  7.033184e+00  6.814337e+00  
6.618860e+00  6.440085e+00  6.269579e+00  6.089209e+00  5.872973e+00  5.582018e+00  
5.126834e+00  4.767169e+00  4.215049e+00  3.494490e+00  2.216417e+00  1.756110e+00  
1.337860e+00  1.281030e+00  1.239390e+00  1.233280e+00  1.229920e+00  1.230930e+00  
1.131741e+01  1.131743e+01  1.131747e+01  1.131760e+01  1.131789e+01  1.131859e+01  
1.132002e+01  1.132261e+01  1.132651e+01  1.133213e+01  1.134023e+01  1.135086e+01  
1.136270e+01  1.137448e+01  1.138391e+01  1.138506e+01  1.137434e+01  1.135031e+01  
1.131296e+01  1.126194e+01  1.117729e+01  1.109479e+01  1.099908e+01  1.087213e+01  
1.068982e+01  1.042057e+01  1.002325e+01  9.523187e+00  9.065697e+00  8.647584e+00  
8.267924e+00  7.925535e+00  7.619586e+00  7.348638e+00  7.110721e+00  6.902867e+00  
6.719923e+00  6.555681e+00  6.402399e+00  6.242656e+00  6.050458e+00  5.784525e+00  
5.353066e+00  5.005396e+00  4.465080e+00  3.742036e+00  2.381921e+00  1.854262e+00  
1.354950e+00  1.285980e+00  1.236560e+00  1.229090e+00  1.225390e+00  1.226160e+00  
1.130628e+01  1.130633e+01  1.130642e+01  1.130666e+01  1.130720e+01  1.130838e+01  
1.131066e+01  1.131432e+01  1.131957e+01  1.132730e+01  1.133794e+01  1.135074e+01  
1.136417e+01  1.137687e+01  1.138384e+01  1.137979e+01  1.136311e+01  1.133310e+01  
1.129193e+01  1.122134e+01  1.114709e+01  1.107219e+01  1.098272e+01  1.086170e+01  
1.068575e+01  1.042415e+01  1.003675e+01  9.548645e+00  9.101720e+00  8.693709e+00  
8.324220e+00  7.992642e+00  7.698855e+00  7.441559e+00  7.218885e+00  7.027742e+00  
6.862702e+00  6.717813e+00  6.586948e+00  6.455513e+00  6.300206e+00  6.080300e+00  
5.703855e+00  5.385780e+00  4.869993e+00  4.142629e+00  2.669061e+00  2.049564e+00  
1.396660e+00  1.298760e+00  1.232620e+00  1.226960e+00  1.216820e+00  1.220170e+00  
1.132697e+01  1.132707e+01  1.132722e+01  1.132759e+01  1.132842e+01  1.133017e+01  
1.133325e+01  1.133785e+01  1.134455e+01  1.135423e+01  1.136692e+01  1.138114e+01  
1.139573e+01  1.140795e+01  1.141132e+01  1.140259e+01  1.138062e+01  1.134650e+01  
1.129971e+01  1.122082e+01  1.115285e+01  1.108167e+01  1.099437e+01  1.087412e+01  
1.069765e+01  1.043470e+01  1.004660e+01  9.560600e+00  9.118716e+00  8.718227e+00  
8.357888e+00  8.036080e+00  7.751564e+00  7.503058e+00  7.288834e+00  7.106003e+00  
6.949454e+00  6.814678e+00  6.699816e+00  6.598396e+00  6.489827e+00  6.312842e+00  
5.957565e+00  5.652154e+00  5.171530e+00  4.477410e+00  2.930834e+00  2.224784e+00  
1.435990e+00  1.316630e+00  1.233000e+00  1.223610e+00  1.215520e+00  1.216500e+00  
1.131491e+01  1.131515e+01  1.131551e+01  1.131633e+01  1.131807e+01  1.132123e+01  
1.132606e+01  1.133306e+01  1.134332e+01  1.135706e+01  1.137292e+01  1.138965e+01  
1.140495e+01  1.141208e+01  1.140705e+01  1.138873e+01  1.135811e+01  1.131790e+01  
1.124207e+01  1.118001e+01  1.112240e+01  1.105938e+01  1.097923e+01  1.086597e+01  
1.069737e+01  1.044406e+01  1.006786e+01  9.594185e+00  9.161252e+00  8.767793e+00  
8.413545e+00  8.098446e+00  7.822709e+00  7.585344e+00  7.384460e+00  7.217919e+00  
7.082901e+00  6.976217e+00  6.894067e+00  6.824783e+00  6.748833e+00  6.629975e+00  
6.376970e+00  6.129992e+00  5.702000e+00  5.058041e+00  3.485777e+00  2.606911e+00  
1.536660e+00  1.370270e+00  1.238120e+00  1.223750e+00  1.209540e+00  1.211470e+00  
1.131888e+01  1.131933e+01  1.131997e+01  1.132136e+01  1.132409e+01  1.132852e+01  
1.133494e+01  1.134446e+01  1.135777e+01  1.137419e+01  1.139204e+01  1.141006e+01  
1.142271e+01  1.142383e+01  1.141179e+01  1.138633e+01  1.135130e+01  1.128646e+01  
1.122096e+01  1.116689e+01  1.111492e+01  1.105614e+01  1.097921e+01  1.086856e+01  
1.070230e+01  1.045145e+01  1.007835e+01  9.609332e+00  9.181420e+00  8.793200e+00  
8.444100e+00  8.133871e+00  7.862543e+00  7.629888e+00  7.435093e+00  7.276921e+00  
7.152393e+00  7.058669e+00  6.993370e+00  6.947207e+00  6.902901e+00  6.824571e+00  
6.631823e+00  6.431020e+00  6.057632e+00  5.461058e+00  3.893927e+00  2.944614e+00  
1.640570e+00  1.422110e+00  1.246320e+00  1.226030e+00  1.208310e+00  1.208930e+00  
1.132317e+01  1.132423e+01  1.132559e+01  1.132831e+01  1.133285e+01  1.133948e+01  
1.134933e+01  1.136329e+01  1.138095e+01  1.140050e+01  1.142085e+01  1.143682e+01  
1.144135e+01  1.143243e+01  1.140947e+01  1.137647e+01  1.131675e+01  1.124876e+01  
1.119677e+01  1.115165e+01  1.110626e+01  1.105227e+01  1.097885e+01  1.087087e+01  
1.070692e+01  1.045840e+01  1.008826e+01  9.623484e+00  9.200142e+00  8.816969e+00  
8.473318e+00  8.168938e+00  7.903909e+00  7.678121e+00  7.491135e+00  7.342111e+00  
7.228641e+00  7.148706e+00  7.101085e+00  7.078042e+00  7.065868e+00  7.036845e+00  
6.926823e+00  6.790077e+00  6.506601e+00  6.006009e+00  4.496019e+00  3.454917e+00  
1.841969e+00  1.541490e+00  1.266210e+00  1.231300e+00  1.203410e+00  1.206380e+00  
1.132357e+01  1.132543e+01  1.132767e+01  1.133169e+01  1.133776e+01  1.134668e+01  
1.135973e+01  1.137718e+01  1.139734e+01  1.141907e+01  1.143927e+01  1.144997e+01  
1.144730e+01  1.143013e+01  1.140069e+01  1.136182e+01  1.128200e+01  1.122574e+01  
1.118106e+01  1.114132e+01  1.109991e+01  1.104888e+01  1.097777e+01  1.087183e+01  
1.070993e+01  1.046357e+01  1.009541e+01  9.632054e+00  9.209739e+00  8.828235e+00  
8.486973e+00  8.185511e+00  7.923741e+00  7.701551e+00  7.518764e+00  7.374650e+00  
7.267038e+00  7.194290e+00  7.155959e+00  7.145714e+00  7.153228e+00  7.159496e+00  
7.109421e+00  7.010354e+00  6.765335e+00  6.311652e+00  4.938277e+00  3.889386e+00  
2.016382e+00  1.644780e+00  1.288220e+00  1.244030e+00  1.204600e+00  1.205110e+00  
1.134331e+01  1.134617e+01  1.134931e+01  1.135448e+01  1.136203e+01  1.137328e+01  
1.138915e+01  1.140900e+01  1.143104e+01  1.145399e+01  1.147168e+01  1.147697e+01  
1.146801e+01  1.144451e+01  1.141146e+01  1.134603e+01  1.127896e+01  1.122947e+01  
1.118941e+01  1.115280e+01  1.111324e+01  1.106290e+01  1.099137e+01  1.088379e+01  
1.071895e+01  1.046865e+01  1.009681e+01  9.631699e+00  9.210234e+00  8.830879e+00  
8.492586e+00  8.194602e+00  7.936411e+00  7.717631e+00  7.537762e+00  7.395616e+00  
7.288244e+00  7.214555e+00  7.178200e+00  7.181605e+00  7.219458e+00  7.256645e+00  
7.224922e+00  7.141531e+00  6.940102e+00  6.551140e+00  5.262307e+00  4.223287e+00  
2.187184e+00  1.749190e+00  1.310950e+00  1.253090e+00  1.206150e+00  1.204360e+00  
1.132286e+01  1.132684e+01  1.133086e+01  1.133707e+01  1.134617e+01  1.135961e+01  
1.137786e+01  1.139944e+01  1.142301e+01  1.144597e+01  1.146013e+01  1.146058e+01  
1.144605e+01  1.141819e+01  1.138234e+01  1.130175e+01  1.124275e+01  1.119835e+01  
1.116213e+01  1.112856e+01  1.109151e+01  1.104356e+01  1.097466e+01  1.087047e+01  
1.071020e+01  1.046566e+01  1.009980e+01  9.639039e+00  9.219103e+00  8.840107e+00  
8.501563e+00  8.203189e+00  7.944977e+00  7.726715e+00  7.548156e+00  7.408709e+00  
7.306905e+00  7.241875e+00  7.213949e+00  7.217971e+00  7.246013e+00  7.284548e+00  
7.295137e+00  7.249488e+00  7.083778e+00  6.723579e+00  5.514113e+00  4.501250e+00  
2.347728e+00  1.850890e+00  1.334000e+00  1.263270e+00  1.206920e+00  1.203850e+00  
1.132218e+01  1.132869e+01  1.133429e+01  1.134248e+01  1.135474e+01  1.137203e+01  
1.139371e+01  1.141790e+01  1.144329e+01  1.146322e+01  1.147015e+01  1.146229e+01  
1.143890e+01  1.140607e+01  1.133814e+01  1.126941e+01  1.122020e+01  1.118260e+01  
1.115135e+01  1.112129e+01  1.108669e+01  1.104041e+01  1.097273e+01  1.086949e+01  
1.071008e+01  1.046647e+01  1.010177e+01  9.642475e+00  9.223908e+00  8.846281e+00  
8.509166e+00  8.212340e+00  7.955906e+00  7.739683e+00  7.563412e+00  7.426604e+00  
7.327977e+00  7.266956e+00  7.244318e+00  7.255717e+00  7.294705e+00  7.350758e+00  
7.393905e+00  7.378688e+00  7.266516e+00  6.975617e+00  5.888731e+00  4.931997e+00  
2.647199e+00  2.042162e+00  1.379830e+00  1.282840e+00  1.210750e+00  1.203220e+00  
1.132185e+01  1.133106e+01  1.133734e+01  1.134826e+01  1.136349e+01  1.138394e+01  
1.140784e+01  1.143312e+01  1.145948e+01  1.147546e+01  1.147499e+01  1.145963e+01  
1.143089e+01  1.139369e+01  1.130709e+01  1.124840e+01  1.120549e+01  1.117247e+01  
1.114453e+01  1.111677e+01  1.108372e+01  1.103851e+01  1.097156e+01  1.086888e+01  
1.070998e+01  1.046688e+01  1.010286e+01  9.644496e+00  9.226848e+00  8.850090e+00  
8.513843e+00  8.217957e+00  7.962562e+00  7.747558e+00  7.572717e+00  7.437627e+00  
7.340999e+00  7.282415e+00  7.262926e+00  7.278812e+00  7.324599e+00  7.391669e+00  
7.454912e+00  7.459076e+00  7.385097e+00  7.147338e+00  6.157577e+00  5.257617e+00  
2.913332e+00  2.218123e+00  1.425120e+00  1.303150e+00  1.215290e+00  1.202840e+00  
