1.147454e+00  1.147455e+00  1.147455e+00  1.147456e+00  1.147457e+00  1.147459e+00  
1.147462e+00  1.147467e+00  1.147475e+00  1.147488e+00  1.147508e+00  1.147539e+00  
1.147589e+00  1.147668e+00  1.147793e+00  1.147991e+00  1.148305e+00  1.148803e+00  
1.149592e+00  1.150843e+00  1.152826e+00  1.155969e+00  1.160954e+00  1.168868e+00  
1.181462e+00  1.201618e+00  1.234084e+00  1.278885e+00  1.324506e+00  1.370808e+00  
1.417595e+00  1.464660e+00  1.511744e+00  1.558585e+00  1.604936e+00  1.650670e+00  
1.695840e+00  1.740310e+00  1.783300e+00  1.823760e+00  1.860590e+00  1.893650e+00  
1.922280e+00  1.934550e+00  1.946920e+00  1.958180e+00  1.975840e+00  1.982250e+00  
1.985180e+00  1.984980e+00  1.984830e+00  1.984830e+00  1.984540e+00  1.985540e+00  
1.537324e+00  1.537325e+00  1.537326e+00  1.537326e+00  1.537328e+00  1.537330e+00  
1.537334e+00  1.537340e+00  1.537350e+00  1.537364e+00  1.537388e+00  1.537425e+00  
1.537485e+00  1.537579e+00  1.537728e+00  1.537964e+00  1.538338e+00  1.538931e+00  
1.539871e+00  1.541360e+00  1.543721e+00  1.547464e+00  1.553399e+00  1.562819e+00  
1.577792e+00  1.601691e+00  1.639988e+00  1.692441e+00  1.745425e+00  1.798715e+00  
1.852082e+00  1.905212e+00  1.957817e+00  2.009610e+00  2.060332e+00  2.109950e+00  
2.158740e+00  2.206750e+00  2.253220e+00  2.297120e+00  2.337430e+00  2.374100e+00  
2.406340e+00  2.420000e+00  2.432640e+00  2.442520e+00  2.456100e+00  2.461450e+00  
2.467230e+00  2.467070e+00  2.464440e+00  2.463680e+00  2.463990e+00  2.467790e+00  
1.877312e+00  1.877313e+00  1.877314e+00  1.877315e+00  1.877317e+00  1.877319e+00  
1.877324e+00  1.877330e+00  1.877341e+00  1.877358e+00  1.877385e+00  1.877428e+00  
1.877495e+00  1.877603e+00  1.877772e+00  1.878041e+00  1.878468e+00  1.879145e+00  
1.880217e+00  1.881917e+00  1.884611e+00  1.888882e+00  1.895653e+00  1.906392e+00  
1.923436e+00  1.950539e+00  1.993699e+00  2.052347e+00  2.110964e+00  2.169225e+00  
2.226768e+00  2.283263e+00  2.338290e+00  2.391537e+00  2.442749e+00  2.492060e+00  
2.540070e+00  2.587170e+00  2.632700e+00  2.675830e+00  2.715860e+00  2.753420e+00  
2.788430e+00  2.803890e+00  2.817390e+00  2.826660e+00  2.838750e+00  2.843380e+00  
2.848240e+00  2.848150e+00  2.846080e+00  2.845480e+00  2.845820e+00  2.848780e+00  
2.446075e+00  2.446076e+00  2.446078e+00  2.446079e+00  2.446081e+00  2.446085e+00  
2.446091e+00  2.446099e+00  2.446114e+00  2.446137e+00  2.446173e+00  2.446230e+00  
2.446320e+00  2.446464e+00  2.446691e+00  2.447052e+00  2.447623e+00  2.448529e+00  
2.449964e+00  2.452239e+00  2.455843e+00  2.461555e+00  2.470597e+00  2.484891e+00  
2.507380e+00  2.542375e+00  2.595995e+00  2.665194e+00  2.730036e+00  2.790376e+00  
2.846502e+00  2.899296e+00  2.950174e+00  2.999316e+00  3.046556e+00  3.092210e+00  
3.136890e+00  3.180970e+00  3.223660e+00  3.263660e+00  3.299910e+00  3.333420e+00  
3.365040e+00  3.379840e+00  3.394500e+00  3.406060e+00  3.417550e+00  3.420310e+00  
3.421550e+00  3.421930e+00  3.423100e+00  3.423360e+00  3.423320e+00  3.422120e+00  
2.912292e+00  2.912294e+00  2.912295e+00  2.912297e+00  2.912300e+00  2.912305e+00  
2.912312e+00  2.912323e+00  2.912342e+00  2.912371e+00  2.912417e+00  2.912490e+00  
2.912606e+00  2.912789e+00  2.913080e+00  2.913540e+00  2.914270e+00  2.915428e+00  
2.917263e+00  2.920171e+00  2.924777e+00  2.932070e+00  2.943593e+00  2.961712e+00  
2.989840e+00  3.032129e+00  3.093047e+00  3.166059e+00  3.230076e+00  3.288053e+00  
3.340771e+00  3.389068e+00  3.434286e+00  3.476932e+00  3.517465e+00  3.556450e+00  
3.593870e+00  3.629690e+00  3.663710e+00  3.696190e+00  3.727240e+00  3.756460e+00  
3.784390e+00  3.798770e+00  3.813780e+00  3.826020e+00  3.837110e+00  3.838280e+00  
3.836730e+00  3.837560e+00  3.841280e+00  3.842320e+00  3.841790e+00  3.837180e+00  
3.310911e+00  3.310913e+00  3.310914e+00  3.310916e+00  3.310919e+00  3.310924e+00  
3.310932e+00  3.310944e+00  3.310964e+00  3.310995e+00  3.311043e+00  3.311121e+00  
3.311244e+00  3.311438e+00  3.311745e+00  3.312234e+00  3.313008e+00  3.314236e+00  
3.316181e+00  3.319264e+00  3.324149e+00  3.331886e+00  3.344118e+00  3.363381e+00  
3.393398e+00  3.438978e+00  3.505615e+00  3.585742e+00  3.653624e+00  3.709576e+00  
3.755062e+00  3.793221e+00  3.828375e+00  3.861535e+00  3.892807e+00  3.922650e+00  
3.951960e+00  3.981210e+00  4.009670e+00  4.035770e+00  4.058510e+00  4.080410e+00  
4.104700e+00  4.118170e+00  4.132900e+00  4.145050e+00  4.154940e+00  4.156460e+00  
4.151960e+00  4.152830e+00  4.158660e+00  4.159980e+00  4.159640e+00  4.152490e+00  
3.660542e+00  3.660544e+00  3.660545e+00  3.660547e+00  3.660550e+00  3.660555e+00  
3.660563e+00  3.660574e+00  3.660594e+00  3.660625e+00  3.660674e+00  3.660752e+00  
3.660875e+00  3.661070e+00  3.661380e+00  3.661870e+00  3.662648e+00  3.663880e+00  
3.665832e+00  3.668928e+00  3.673834e+00  3.681604e+00  3.693891e+00  3.713246e+00  
3.743428e+00  3.789342e+00  3.856691e+00  3.937972e+00  4.006898e+00  4.063155e+00  
4.107327e+00  4.141175e+00  4.167495e+00  4.187497e+00  4.202650e+00  4.216050e+00  
4.233290e+00  4.258120e+00  4.287480e+00  4.312390e+00  4.325910e+00  4.336690e+00  
4.355980e+00  4.369290e+00  4.383500e+00  4.394720e+00  4.403820e+00  4.403510e+00  
4.399020e+00  4.400160e+00  4.406270e+00  4.408010e+00  4.407080e+00  4.399290e+00  
4.234258e+00  4.234260e+00  4.234262e+00  4.234264e+00  4.234267e+00  4.234272e+00  
4.234281e+00  4.234294e+00  4.234315e+00  4.234348e+00  4.234400e+00  4.234483e+00  
4.234616e+00  4.234826e+00  4.235158e+00  4.235685e+00  4.236521e+00  4.237844e+00  
4.239942e+00  4.243270e+00  4.248542e+00  4.256892e+00  4.270087e+00  4.290830e+00  
4.323009e+00  4.371310e+00  4.440322e+00  4.520183e+00  4.583324e+00  4.629634e+00  
4.660152e+00  4.677505e+00  4.685623e+00  4.686326e+00  4.681702e+00  4.675850e+00  
4.675930e+00  4.686690e+00  4.704290e+00  4.717440e+00  4.717550e+00  4.715900e+00  
4.726190e+00  4.735810e+00  4.746300e+00  4.754440e+00  4.760690e+00  4.760050e+00  
4.755830e+00  4.756780e+00  4.762090e+00  4.763600e+00  4.762760e+00  4.756010e+00  
4.698480e+00  4.698482e+00  4.698484e+00  4.698486e+00  4.698489e+00  4.698494e+00  
4.698503e+00  4.698516e+00  4.698537e+00  4.698571e+00  4.698624e+00  4.698708e+00  
4.698842e+00  4.699054e+00  4.699389e+00  4.699921e+00  4.700764e+00  4.702100e+00  
4.704220e+00  4.707580e+00  4.712905e+00  4.721337e+00  4.734655e+00  4.755552e+00  
4.787817e+00  4.835655e+00  4.902319e+00  4.976258e+00  5.030329e+00  5.064677e+00  
5.080775e+00  5.081919e+00  5.072891e+00  5.055972e+00  5.033750e+00  5.010970e+00  
4.995860e+00  4.993710e+00  5.000180e+00  5.002490e+00  4.991050e+00  4.978990e+00  
4.980920e+00  4.986160e+00  4.991650e+00  4.995370e+00  4.998310e+00  4.998020e+00  
4.995730e+00  4.996220e+00  4.999070e+00  4.999890e+00  4.999410e+00  4.995820e+00  
5.560581e+00  5.560583e+00  5.560585e+00  5.560587e+00  5.560591e+00  5.560596e+00  
5.560605e+00  5.560619e+00  5.560641e+00  5.560676e+00  5.560731e+00  5.560818e+00  
5.560956e+00  5.561177e+00  5.561526e+00  5.562078e+00  5.562955e+00  5.564345e+00  
5.566550e+00  5.570047e+00  5.575590e+00  5.584361e+00  5.598178e+00  5.619701e+00  
5.652304e+00  5.698211e+00  5.755233e+00  5.805544e+00  5.824985e+00  5.816324e+00  
5.785040e+00  5.740270e+00  5.693312e+00  5.647020e+00  5.602270e+00  5.559785e+00  
5.520820e+00  5.485810e+00  5.454260e+00  5.424250e+00  5.394710e+00  5.369200e+00  
5.352030e+00  5.345990e+00  5.337690e+00  5.329200e+00  5.325150e+00  5.325100e+00  
5.329510e+00  5.328850e+00  5.324120e+00  5.323030e+00  5.323350e+00  5.329290e+00  
6.180685e+00  6.180688e+00  6.180689e+00  6.180692e+00  6.180695e+00  6.180701e+00  
6.180711e+00  6.180726e+00  6.180751e+00  6.180790e+00  6.180853e+00  6.180952e+00  
6.181108e+00  6.181355e+00  6.181748e+00  6.182372e+00  6.183360e+00  6.184927e+00  
6.187414e+00  6.191358e+00  6.197607e+00  6.207473e+00  6.222920e+00  6.246600e+00  
6.280950e+00  6.323245e+00  6.358968e+00  6.362603e+00  6.328816e+00  6.276126e+00  
6.211554e+00  6.141769e+00  6.074236e+00  6.008773e+00  5.942445e+00  5.874117e+00  
5.808580e+00  5.749310e+00  5.696060e+00  5.646820e+00  5.601050e+00  5.564390e+00  
5.533600e+00  5.513420e+00  5.492310e+00  5.476940e+00  5.465970e+00  5.465010e+00  
5.475130e+00  5.473690e+00  5.462930e+00  5.460020e+00  5.461170e+00  5.474620e+00  
7.093037e+00  7.093038e+00  7.093038e+00  7.093039e+00  7.093040e+00  7.093041e+00  
7.093044e+00  7.093048e+00  7.093054e+00  7.093065e+00  7.093080e+00  7.093105e+00  
7.093146e+00  7.093209e+00  7.093311e+00  7.093473e+00  7.093732e+00  7.094144e+00  
7.094804e+00  7.095858e+00  7.097539e+00  7.100189e+00  7.104269e+00  7.110208e+00  
7.117650e+00  7.122109e+00  7.109828e+00  7.062372e+00  6.981724e+00  6.873411e+00  
6.745985e+00  6.611848e+00  6.484644e+00  6.368080e+00  6.262293e+00  6.166095e+00  
6.077780e+00  5.995480e+00  5.918250e+00  5.844030e+00  5.771660e+00  5.704430e+00  
5.645490e+00  5.616760e+00  5.580890e+00  5.547840e+00  5.527940e+00  5.526010e+00  
5.540060e+00  5.537690e+00  5.521300e+00  5.517520e+00  5.518570e+00  5.538930e+00  
7.728631e+00  7.728630e+00  7.728630e+00  7.728629e+00  7.728628e+00  7.728627e+00  
7.728624e+00  7.728621e+00  7.728615e+00  7.728605e+00  7.728589e+00  7.728564e+00  
7.728526e+00  7.728464e+00  7.728368e+00  7.728216e+00  7.727978e+00  7.727607e+00  
7.727028e+00  7.726125e+00  7.724708e+00  7.722451e+00  7.718734e+00  7.712291e+00  
7.700121e+00  7.673693e+00  7.613422e+00  7.503807e+00  7.365181e+00  7.203838e+00  
7.028707e+00  6.852210e+00  6.687615e+00  6.538325e+00  6.404313e+00  6.283350e+00  
6.172730e+00  6.069970e+00  5.974030e+00  5.883010e+00  5.795010e+00  5.709570e+00  
5.626590e+00  5.585640e+00  5.542630e+00  5.506770e+00  5.475890e+00  5.474730e+00  
5.482730e+00  5.480320e+00  5.466660e+00  5.462810e+00  5.464950e+00  5.482070e+00  
8.210712e+00  8.210710e+00  8.210709e+00  8.210707e+00  8.210705e+00  8.210700e+00  
8.210693e+00  8.210682e+00  8.210664e+00  8.210637e+00  8.210594e+00  8.210524e+00  
8.210416e+00  8.210242e+00  8.209970e+00  8.209540e+00  8.208861e+00  8.207793e+00  
8.206113e+00  8.203472e+00  8.199307e+00  8.192688e+00  8.182034e+00  8.164570e+00  
8.134957e+00  8.081116e+00  7.978420e+00  7.814111e+00  7.624712e+00  7.417209e+00  
7.200838e+00  6.988065e+00  6.792298e+00  6.616419e+00  6.460048e+00  6.320039e+00  
6.192411e+00  6.073990e+00  5.963180e+00  5.857420e+00  5.754300e+00  5.653530e+00  
5.555670e+00  5.508060e+00  5.459850e+00  5.421250e+00  5.386070e+00  5.381310e+00  
5.382500e+00  5.380640e+00  5.372270e+00  5.369970e+00  5.371200e+00  5.381260e+00  
8.563408e+00  8.563407e+00  8.563406e+00  8.563405e+00  8.563403e+00  8.563399e+00  
8.563394e+00  8.563386e+00  8.563374e+00  8.563355e+00  8.563323e+00  8.563274e+00  
8.563196e+00  8.563074e+00  8.562881e+00  8.562577e+00  8.562101e+00  8.561356e+00  
8.560193e+00  8.558371e+00  8.555497e+00  8.550865e+00  8.543142e+00  8.529542e+00  
8.503053e+00  8.442769e+00  8.303148e+00  8.062764e+00  7.793581e+00  7.529096e+00  
7.278747e+00  7.048256e+00  6.843425e+00  6.660752e+00  6.491722e+00  6.330173e+00  
6.179213e+00  6.041800e+00  5.915850e+00  5.796840e+00  5.680950e+00  5.568970e+00  
5.461730e+00  5.409720e+00  5.358670e+00  5.319410e+00  5.281090e+00  5.271830e+00  
5.265300e+00  5.264240e+00  5.262690e+00  5.262360e+00  5.262390e+00  5.263420e+00  
9.133019e+00  9.133016e+00  9.133015e+00  9.133012e+00  9.133009e+00  9.133002e+00  
9.132993e+00  9.132977e+00  9.132952e+00  9.132914e+00  9.132851e+00  9.132755e+00  
9.132600e+00  9.132357e+00  9.131974e+00  9.131370e+00  9.130419e+00  9.128930e+00  
9.126595e+00  9.122926e+00  9.117116e+00  9.107779e+00  9.092464e+00  9.066479e+00  
9.019177e+00  8.921731e+00  8.714673e+00  8.379624e+00  8.024380e+00  7.693086e+00  
7.391817e+00  7.119032e+00  6.873446e+00  6.652172e+00  6.448923e+00  6.258896e+00  
6.082704e+00  5.921600e+00  5.773880e+00  5.635600e+00  5.502090e+00  5.367520e+00  
5.237210e+00  5.181850e+00  5.129970e+00  5.089450e+00  5.044150e+00  5.031370e+00  
5.010000e+00  5.010080e+00  5.020100e+00  5.022950e+00  5.021660e+00  5.007800e+00  
9.705372e+00  9.705363e+00  9.705358e+00  9.705350e+00  9.705338e+00  9.705318e+00  
9.705286e+00  9.705235e+00  9.705155e+00  9.705028e+00  9.704828e+00  9.704509e+00  
9.704006e+00  9.703210e+00  9.701950e+00  9.699960e+00  9.696817e+00  9.691857e+00  
9.684033e+00  9.671675e+00  9.652110e+00  9.621030e+00  9.571600e+00  9.493105e+00  
9.369012e+00  9.175071e+00  8.877008e+00  8.491681e+00  8.127329e+00  7.783738e+00  
7.460593e+00  7.157497e+00  6.874365e+00  6.612362e+00  6.370551e+00  6.147461e+00  
5.942026e+00  5.754750e+00  5.586090e+00  5.435500e+00  5.299710e+00  5.163930e+00  
5.015380e+00  4.941470e+00  4.879920e+00  4.843260e+00  4.797400e+00  4.777770e+00  
4.751360e+00  4.752440e+00  4.766630e+00  4.770460e+00  4.769130e+00  4.749200e+00  
1.036915e+01  1.036914e+01  1.036913e+01  1.036912e+01  1.036910e+01  1.036908e+01  
1.036903e+01  1.036896e+01  1.036885e+01  1.036868e+01  1.036840e+01  1.036797e+01  
1.036728e+01  1.036618e+01  1.036445e+01  1.036173e+01  1.035743e+01  1.035064e+01  
1.033995e+01  1.032304e+01  1.029621e+01  1.025349e+01  1.018550e+01  1.007752e+01  
9.907133e+00  9.642543e+00  9.241130e+00  8.729936e+00  8.255309e+00  7.815252e+00  
7.407950e+00  7.032616e+00  6.688577e+00  6.374482e+00  6.087838e+00  5.825337e+00  
5.583292e+00  5.359914e+00  5.156280e+00  4.971250e+00  4.801660e+00  4.635070e+00  
4.461480e+00  4.376420e+00  4.301540e+00  4.251660e+00  4.194940e+00  4.176990e+00  
4.159490e+00  4.159100e+00  4.163560e+00  4.164860e+00  4.164280e+00  4.156820e+00  
1.074262e+01  1.074261e+01  1.074260e+01  1.074258e+01  1.074256e+01  1.074253e+01  
1.074248e+01  1.074240e+01  1.074226e+01  1.074206e+01  1.074173e+01  1.074120e+01  
1.074037e+01  1.073906e+01  1.073700e+01  1.073374e+01  1.072861e+01  1.072053e+01  
1.070779e+01  1.068760e+01  1.065547e+01  1.060425e+01  1.052267e+01  1.039303e+01  
1.018868e+01  9.872794e+00  9.397902e+00  8.799131e+00  8.249155e+00  7.744976e+00  
7.283466e+00  6.862267e+00  6.480127e+00  6.133668e+00  5.818594e+00  5.530074e+00  
5.262081e+00  5.010949e+00  4.777932e+00  4.563030e+00  4.364560e+00  4.176980e+00  
3.996020e+00  3.908420e+00  3.821240e+00  3.752410e+00  3.688440e+00  3.678340e+00  
3.672230e+00  3.669200e+00  3.660660e+00  3.658450e+00  3.659450e+00  3.669510e+00  
1.120437e+01  1.120435e+01  1.120434e+01  1.120432e+01  1.120430e+01  1.120426e+01  
1.120418e+01  1.120407e+01  1.120391e+01  1.120364e+01  1.120322e+01  1.120255e+01  
1.120149e+01  1.119983e+01  1.119720e+01  1.119308e+01  1.118660e+01  1.117638e+01  
1.116024e+01  1.113454e+01  1.109346e+01  1.102790e+01  1.092329e+01  1.075710e+01  
1.049590e+01  1.009724e+01  9.510042e+00  8.785779e+00  8.135471e+00  7.551774e+00  
7.028305e+00  6.556644e+00  6.130050e+00  5.743457e+00  5.391642e+00  5.069127e+00  
4.769361e+00  4.487764e+00  4.223910e+00  3.976920e+00  3.744710e+00  3.527240e+00  
3.326430e+00  3.232070e+00  3.137620e+00  3.062500e+00  2.992530e+00  2.977950e+00  
2.969930e+00  2.967610e+00  2.960860e+00  2.959120e+00  2.959820e+00  2.966750e+00  
1.149739e+01  1.149737e+01  1.149736e+01  1.149734e+01  1.149731e+01  1.149726e+01  
1.149718e+01  1.149706e+01  1.149687e+01  1.149656e+01  1.149607e+01  1.149530e+01  
1.149408e+01  1.149218e+01  1.148918e+01  1.148447e+01  1.147708e+01  1.146543e+01  
1.144694e+01  1.141736e+01  1.136999e+01  1.129421e+01  1.117314e+01  1.098058e+01  
1.067889e+01  1.022213e+01  9.557413e+00  8.747164e+00  8.030283e+00  7.394982e+00  
6.832671e+00  6.331826e+00  5.881653e+00  5.475218e+00  5.106052e+00  4.767038e+00  
4.449534e+00  4.147860e+00  3.862581e+00  3.595414e+00  3.347010e+00  3.114500e+00  
2.898420e+00  2.797770e+00  2.701360e+00  2.628030e+00  2.555380e+00  2.537060e+00  
2.520170e+00  2.518770e+00  2.519730e+00  2.520120e+00  2.519790e+00  2.516760e+00  
1.169835e+01  1.169833e+01  1.169831e+01  1.169829e+01  1.169826e+01  1.169821e+01  
1.169812e+01  1.169799e+01  1.169778e+01  1.169745e+01  1.169692e+01  1.169608e+01  
1.169477e+01  1.169270e+01  1.168947e+01  1.168441e+01  1.167647e+01  1.166394e+01  
1.164392e+01  1.161177e+01  1.156020e+01  1.147752e+01  1.134514e+01  1.113446e+01  
1.080532e+01  1.030981e+01  9.594244e+00  8.727583e+00  7.968109e+00  7.300217e+00  
6.712516e+00  6.191157e+00  5.722786e+00  5.299466e+00  4.914668e+00  4.561206e+00  
4.230461e+00  3.916796e+00  3.620309e+00  3.342182e+00  3.083380e+00  2.841060e+00  
2.615120e+00  2.509680e+00  2.409360e+00  2.333720e+00  2.258990e+00  2.240270e+00  
2.222530e+00  2.221170e+00  2.222670e+00  2.223200e+00  2.222830e+00  2.219080e+00  
1.184833e+01  1.184831e+01  1.184829e+01  1.184827e+01  1.184824e+01  1.184818e+01  
1.184809e+01  1.184794e+01  1.184772e+01  1.184737e+01  1.184681e+01  1.184594e+01  
1.184457e+01  1.184241e+01  1.183904e+01  1.183379e+01  1.182554e+01  1.181246e+01  
1.179148e+01  1.175767e+01  1.170331e+01  1.161594e+01  1.147572e+01  1.125251e+01  
1.090470e+01  1.038299e+01  9.633242e+00  8.727928e+00  7.939099e+00  7.249026e+00  
6.643367e+00  6.106601e+00  5.624122e+00  5.187549e+00  4.790249e+00  4.425190e+00  
4.084001e+00  3.761140e+00  3.456527e+00  3.170989e+00  2.905251e+00  2.656500e+00  
2.422960e+00  2.313030e+00  2.207970e+00  2.128720e+00  2.052210e+00  2.033550e+00  
2.017720e+00  2.016110e+00  2.015740e+00  2.015830e+00  2.015580e+00  2.014170e+00  
1.206521e+01  1.206519e+01  1.206517e+01  1.206515e+01  1.206510e+01  1.206504e+01  
1.206495e+01  1.206480e+01  1.206457e+01  1.206420e+01  1.206361e+01  1.206270e+01  
1.206127e+01  1.205905e+01  1.205560e+01  1.205021e+01  1.204176e+01  1.202822e+01  
1.200625e+01  1.197070e+01  1.191319e+01  1.182021e+01  1.167026e+01  1.143202e+01  
1.106194e+01  1.050939e+01  9.719915e+00  8.769499e+00  7.946114e+00  7.230337e+00  
6.602980e+00  6.046217e+00  5.544257e+00  5.088629e+00  4.672991e+00  4.290638e+00  
3.933821e+00  3.597340e+00  3.280770e+00  2.984360e+00  2.707718e+00  2.447590e+00  
2.200090e+00  2.081820e+00  1.968190e+00  1.882340e+00  1.801070e+00  1.781670e+00  
1.767510e+00  1.765540e+00  1.762860e+00  1.762430e+00  1.762310e+00  1.763600e+00  
1.221900e+01  1.221897e+01  1.221896e+01  1.221894e+01  1.221890e+01  1.221884e+01  
1.221874e+01  1.221859e+01  1.221834e+01  1.221798e+01  1.221738e+01  1.221646e+01  
1.221504e+01  1.221283e+01  1.220942e+01  1.220415e+01  1.219578e+01  1.218220e+01  
1.215998e+01  1.212381e+01  1.206489e+01  1.196896e+01  1.181384e+01  1.156794e+01  
1.118678e+01  1.061929e+01  9.811255e+00  8.839926e+00  8.000890e+00  7.272876e+00  
6.634474e+00  6.066464e+00  5.552568e+00  5.084601e+00  4.656568e+00  4.262094e+00  
3.893960e+00  3.547206e+00  3.221100e+00  2.915344e+00  2.628543e+00  2.356184e+00  
2.094310e+00  1.967760e+00  1.846030e+00  1.753830e+00  1.665840e+00  1.644550e+00  
1.628650e+00  1.626560e+00  1.624020e+00  1.623620e+00  1.623480e+00  1.624280e+00  
1.245428e+01  1.245425e+01  1.245424e+01  1.245422e+01  1.245418e+01  1.245412e+01  
1.245402e+01  1.245387e+01  1.245364e+01  1.245327e+01  1.245270e+01  1.245183e+01  
1.245051e+01  1.244853e+01  1.244553e+01  1.244087e+01  1.243319e+01  1.242029e+01  
1.239877e+01  1.236293e+01  1.230328e+01  1.220443e+01  1.204497e+01  1.179316e+01  
1.140444e+01  1.082810e+01  1.000892e+01  9.025234e+00  8.178950e+00  7.441124e+00  
6.791737e+00  6.211739e+00  5.685337e+00  5.204436e+00  4.762858e+00  4.353934e+00  
3.969944e+00  3.605671e+00  3.260474e+00  2.934117e+00  2.624184e+00  2.322705e+00  
2.024140e+00  1.875540e+00  1.728370e+00  1.613180e+00  1.502850e+00  1.475480e+00  
1.453230e+00  1.450700e+00  1.448920e+00  1.448720e+00  1.448460e+00  1.448000e+00  
1.257663e+01  1.257659e+01  1.257658e+01  1.257656e+01  1.257652e+01  1.257646e+01  
1.257637e+01  1.257622e+01  1.257600e+01  1.257566e+01  1.257513e+01  1.257436e+01  
1.257323e+01  1.257160e+01  1.256919e+01  1.256528e+01  1.255847e+01  1.254665e+01  
1.252634e+01  1.249157e+01  1.243194e+01  1.233267e+01  1.217307e+01  1.192199e+01  
1.153637e+01  1.096717e+01  1.015555e+01  9.180815e+00  8.341412e+00  7.604832e+00  
6.954090e+00  6.372308e+00  5.845412e+00  5.364791e+00  4.923126e+00  4.512288e+00  
4.122538e+00  3.747646e+00  3.387894e+00  3.044598e+00  2.715474e+00  2.389385e+00  
2.055907e+00  1.884370e+00  1.706530e+00  1.561270e+00  1.424770e+00  1.391770e+00  
1.365320e+00  1.362020e+00  1.358980e+00  1.358560e+00  1.358330e+00  1.359340e+00  
1.269033e+01  1.269030e+01  1.269028e+01  1.269026e+01  1.269023e+01  1.269017e+01  
1.269008e+01  1.268995e+01  1.268975e+01  1.268946e+01  1.268907e+01  1.268854e+01  
1.268788e+01  1.268709e+01  1.268586e+01  1.268333e+01  1.267824e+01  1.266848e+01  
1.265023e+01  1.261620e+01  1.255592e+01  1.245610e+01  1.229650e+01  1.204790e+01  
1.167078e+01  1.111786e+01  1.033547e+01  9.400292e+00  8.591099e+00  7.877155e+00  
7.242734e+00  6.672010e+00  6.151570e+00  5.673719e+00  5.232148e+00  4.819695e+00  
4.427591e+00  4.049108e+00  3.681375e+00  3.320493e+00  2.960228e+00  2.589214e+00  
2.192555e+00  1.978245e+00  1.746090e+00  1.544330e+00  1.343380e+00  1.300930e+00  
1.274920e+00  1.270690e+00  1.261670e+00  1.259700e+00  1.260860e+00  1.266890e+00  
1.265893e+01  1.265891e+01  1.265890e+01  1.265888e+01  1.265884e+01  1.265880e+01  
1.265872e+01  1.265861e+01  1.265847e+01  1.265827e+01  1.265807e+01  1.265790e+01  
1.265791e+01  1.265816e+01  1.265824e+01  1.265739e+01  1.265453e+01  1.264745e+01  
1.263178e+01  1.259956e+01  1.254219e+01  1.244722e+01  1.229648e+01  1.206460e+01  
1.171559e+01  1.119883e+01  1.047326e+01  9.589226e+00  8.805213e+00  8.100944e+00  
7.467591e+00  6.896377e+00  6.379867e+00  5.910469e+00  5.480141e+00  5.079431e+00  
4.696371e+00  4.321741e+00  3.951950e+00  3.582081e+00  3.203341e+00  2.798609e+00  
2.346164e+00  2.093885e+00  1.817140e+00  1.572350e+00  1.309040e+00  1.247310e+00  
1.225460e+00  1.222690e+00  1.207810e+00  1.203910e+00  1.207340e+00  1.215980e+00  
1.265589e+01  1.265587e+01  1.265586e+01  1.265584e+01  1.265581e+01  1.265576e+01  
1.265570e+01  1.265561e+01  1.265550e+01  1.265541e+01  1.265539e+01  1.265561e+01  
1.265627e+01  1.265741e+01  1.265854e+01  1.265906e+01  1.265783e+01  1.265237e+01  
1.263711e+01  1.260469e+01  1.254710e+01  1.245226e+01  1.230337e+01  1.207741e+01  
1.173865e+01  1.123884e+01  1.054281e+01  9.695279e+00  8.939115e+00  8.257215e+00  
7.641748e+00  7.084792e+00  6.579530e+00  6.118949e+00  5.695488e+00  5.300077e+00  
4.921015e+00  4.548890e+00  4.179385e+00  3.806220e+00  3.418015e+00  2.992279e+00  
2.499540e+00  2.216310e+00  1.897675e+00  1.611150e+00  1.293680e+00  1.216480e+00  
1.193330e+00  1.191020e+00  1.172770e+00  1.167820e+00  1.172570e+00  1.181300e+00  
1.264153e+01  1.264151e+01  1.264150e+01  1.264148e+01  1.264145e+01  1.264141e+01  
1.264136e+01  1.264129e+01  1.264124e+01  1.264125e+01  1.264145e+01  1.264209e+01  
1.264342e+01  1.264538e+01  1.264750e+01  1.264933e+01  1.264951e+01  1.264510e+01  
1.262958e+01  1.259670e+01  1.253837e+01  1.244309e+01  1.229562e+01  1.207443e+01  
1.174101e+01  1.126148e+01  1.059184e+01  9.774872e+00  9.043006e+00  8.380819e+00  
7.781464e+00  7.237589e+00  6.742987e+00  6.291117e+00  5.874836e+00  5.485465e+00  
5.111571e+00  4.743666e+00  4.376858e+00  4.003679e+00  3.610469e+00  3.169867e+00  
2.645148e+00  2.336025e+00  1.981387e+00  1.657120e+00  1.289880e+00  1.197650e+00  
1.170400e+00  1.168250e+00  1.147960e+00  1.142390e+00  1.148010e+00  1.155590e+00  
1.258994e+01  1.258992e+01  1.258991e+01  1.258989e+01  1.258987e+01  1.258984e+01  
1.258981e+01  1.258981e+01  1.258987e+01  1.259013e+01  1.259085e+01  1.259241e+01  
1.259504e+01  1.259850e+01  1.260259e+01  1.260673e+01  1.260923e+01  1.260530e+01  
1.258885e+01  1.255445e+01  1.249413e+01  1.239779e+01  1.225315e+01  1.203957e+01  
1.171822e+01  1.127644e+01  1.065417e+01  9.888432e+00  9.198255e+00  8.569918e+00  
7.998141e+00  7.476711e+00  7.000433e+00  6.563767e+00  6.160479e+00  5.782861e+00  
5.420519e+00  5.064195e+00  4.707836e+00  4.341563e+00  3.946785e+00  3.485294e+00  
2.906169e+00  2.552319e+00  2.137465e+00  1.753160e+00  1.315810e+00  1.195530e+00  
1.126190e+00  1.125120e+00  1.123110e+00  1.118620e+00  1.106780e+00  1.119790e+00  
1.255113e+01  1.255111e+01  1.255110e+01  1.255109e+01  1.255107e+01  1.255105e+01  
1.255106e+01  1.255111e+01  1.255133e+01  1.255190e+01  1.255321e+01  1.255572e+01  
1.255952e+01  1.256439e+01  1.257031e+01  1.257639e+01  1.258018e+01  1.257552e+01  
1.255772e+01  1.252105e+01  1.245802e+01  1.236036e+01  1.221732e+01  1.200315e+01  
1.169888e+01  1.128328e+01  1.069507e+01  9.965937e+00  9.306529e+00  8.704103e+00  
8.154233e+00  7.651480e+00  7.191299e+00  6.768756e+00  6.378233e+00  6.012639e+00  
5.662182e+00  5.317830e+00  4.972854e+00  4.616029e+00  4.225538e+00  3.755800e+00  
3.143676e+00  2.757974e+00  2.294706e+00  1.855234e+00  1.343550e+00  1.197780e+00  
1.107070e+00  1.104140e+00  1.102330e+00  1.097730e+00  1.083990e+00  1.095980e+00  
1.256339e+01  1.256336e+01  1.256335e+01  1.256335e+01  1.256336e+01  1.256338e+01  
1.256347e+01  1.256374e+01  1.256443e+01  1.256595e+01  1.256891e+01  1.257360e+01  
1.257993e+01  1.258817e+01  1.259779e+01  1.260709e+01  1.261012e+01  1.260236e+01  
1.257927e+01  1.253504e+01  1.246419e+01  1.236161e+01  1.221336e+01  1.199583e+01  
1.171576e+01  1.132641e+01  1.077199e+01  1.008404e+01  9.462802e+00  8.897249e+00  
8.383245e+00  7.915725e+00  7.490287e+00  7.101987e+00  6.744955e+00  6.411342e+00  
6.089885e+00  5.770473e+00  5.447055e+00  5.109598e+00  4.738397e+00  4.290730e+00  
3.680577e+00  3.255175e+00  2.681616e+00  2.095931e+00  1.408630e+00  1.218140e+00  
1.101860e+00  1.087410e+00  1.062860e+00  1.058520e+00  1.058870e+00  1.061300e+00  
1.251790e+01  1.251788e+01  1.251788e+01  1.251788e+01  1.251790e+01  1.251798e+01  
1.251821e+01  1.251878e+01  1.252008e+01  1.252274e+01  1.252736e+01  1.253396e+01  
1.254280e+01  1.255397e+01  1.256662e+01  1.257641e+01  1.257752e+01  1.256641e+01  
1.253809e+01  1.248771e+01  1.241273e+01  1.230849e+01  1.214845e+01  1.195113e+01  
1.169143e+01  1.132668e+01  1.080392e+01  1.015367e+01  9.564882e+00  9.028172e+00  
8.540110e+00  8.096331e+00  7.693050e+00  7.325919e+00  6.989707e+00  6.677232e+00  
6.377865e+00  6.081833e+00  5.782864e+00  5.470026e+00  5.121053e+00  4.686258e+00  
4.066894e+00  3.621311e+00  3.006242e+00  2.351401e+00  1.514460e+00  1.265360e+00  
1.093060e+00  1.072130e+00  1.046630e+00  1.042310e+00  1.041970e+00  1.042590e+00  
1.241825e+01  1.241825e+01  1.241825e+01  1.241829e+01  1.241838e+01  1.241862e+01  
1.241922e+01  1.242058e+01  1.242343e+01  1.242847e+01  1.243594e+01  1.244614e+01  
1.245948e+01  1.247544e+01  1.249038e+01  1.249782e+01  1.249450e+01  1.247590e+01  
1.243785e+01  1.237949e+01  1.230034e+01  1.217823e+01  1.203355e+01  1.186205e+01  
1.163158e+01  1.130353e+01  1.082848e+01  1.023418e+01  9.692289e+00  9.195905e+00  
8.742687e+00  8.329588e+00  7.953969e+00  7.612849e+00  7.302539e+00  7.017887e+00  
6.750924e+00  6.493697e+00  6.239585e+00  5.975593e+00  5.673096e+00  5.264375e+00  
4.630050e+00  4.159866e+00  3.507166e+00  2.782913e+00  1.745941e+00  1.399360e+00  
1.091730e+00  1.053710e+00  1.031220e+00  1.027370e+00  1.014980e+00  1.022840e+00  
1.241073e+01  1.241073e+01  1.241076e+01  1.241083e+01  1.241102e+01  1.241150e+01  
1.241259e+01  1.241496e+01  1.241948e+01  1.242666e+01  1.243667e+01  1.245024e+01  
1.246725e+01  1.248601e+01  1.249962e+01  1.250405e+01  1.249524e+01  1.246881e+01  
1.242292e+01  1.235903e+01  1.227048e+01  1.214160e+01  1.201015e+01  1.184945e+01  
1.162987e+01  1.131436e+01  1.085555e+01  1.028182e+01  9.759117e+00  9.281802e+00  
8.847619e+00  8.453836e+00  8.098084e+00  7.777651e+00  7.489108e+00  7.227504e+00  
6.984949e+00  6.753782e+00  6.528173e+00  6.296254e+00  6.030652e+00  5.663946e+00  
5.068983e+00  4.606688e+00  3.934765e+00  3.148284e+00  1.939721e+00  1.514810e+00  
1.113020e+00  1.056780e+00  1.018860e+00  1.014780e+00  1.006290e+00  1.012480e+00  
1.240279e+01  1.240280e+01  1.240285e+01  1.240298e+01  1.240329e+01  1.240405e+01  
1.240575e+01  1.240926e+01  1.241541e+01  1.242448e+01  1.243699e+01  1.245350e+01  
1.247360e+01  1.249282e+01  1.250455e+01  1.250551e+01  1.249117e+01  1.245793e+01  
1.240670e+01  1.233941e+01  1.223140e+01  1.211633e+01  1.199434e+01  1.184252e+01  
1.163261e+01  1.132845e+01  1.088328e+01  1.032403e+01  9.812630e+00  9.344699e+00  
8.919060e+00  8.534331e+00  8.189502e+00  7.882273e+00  7.609555e+00  7.366666e+00  
7.146007e+00  6.939248e+00  6.737915e+00  6.524449e+00  6.271289e+00  5.930737e+00  
5.395398e+00  4.972376e+00  4.328148e+00  3.509602e+00  2.115227e+00  1.612390e+00  
1.127700e+00  1.059490e+00  1.016200e+00  1.012890e+00  1.006240e+00  1.006120e+00  
1.239811e+01  1.239814e+01  1.239822e+01  1.239841e+01  1.239888e+01  1.239997e+01  
1.240237e+01  1.240705e+01  1.241470e+01  1.242556e+01  1.244046e+01  1.245960e+01  
1.248180e+01  1.250016e+01  1.250988e+01  1.250707e+01  1.248726e+01  1.244844e+01  
1.239323e+01  1.232153e+01  1.220466e+01  1.209815e+01  1.198249e+01  1.183636e+01  
1.163227e+01  1.133488e+01  1.089839e+01  1.034946e+01  9.847392e+00  9.388355e+00  
8.971388e+00  8.595421e+00  8.259744e+00  7.962468e+00  7.700781e+00  7.470487e+00  
7.264542e+00  7.075138e+00  6.894133e+00  6.703993e+00  6.476934e+00  6.164694e+00  
5.659430e+00  5.252323e+00  4.621735e+00  3.793679e+00  2.295024e+00  1.721518e+00  
1.148910e+00  1.066490e+00  1.013620e+00  1.009740e+00  1.001380e+00  1.001830e+00  
1.242072e+01  1.242080e+01  1.242094e+01  1.242130e+01  1.242215e+01  1.242407e+01  
1.242802e+01  1.243498e+01  1.244529e+01  1.245963e+01  1.247872e+01  1.250229e+01  
1.252551e+01  1.254133e+01  1.254633e+01  1.253575e+01  1.250606e+01  1.245906e+01  
1.239835e+01  1.229728e+01  1.219521e+01  1.209848e+01  1.198944e+01  1.184783e+01  
1.164670e+01  1.135167e+01  1.091902e+01  1.037790e+01  9.886036e+00  9.439851e+00  
9.037356e+00  8.676573e+00  8.355898e+00  8.073454e+00  7.826862e+00  7.612351e+00  
7.423421e+00  7.254094e+00  7.100786e+00  6.954238e+00  6.789004e+00  6.534975e+00  
6.065066e+00  5.676362e+00  5.081322e+00  4.269456e+00  2.625192e+00  1.928499e+00  
1.192330e+00  1.084940e+00  1.012380e+00  1.005160e+00  9.977600e-01  9.964100e-01  
1.242114e+01  1.242128e+01  1.242151e+01  1.242209e+01  1.242342e+01  1.242631e+01  
1.243189e+01  1.244089e+01  1.245367e+01  1.247130e+01  1.249401e+01  1.252032e+01  
1.254231e+01  1.255539e+01  1.255521e+01  1.253717e+01  1.250003e+01  1.244776e+01  
1.237963e+01  1.226710e+01  1.217562e+01  1.208608e+01  1.198270e+01  1.184592e+01  
1.164942e+01  1.135954e+01  1.093349e+01  1.040063e+01  9.916406e+00  9.477741e+00  
9.082779e+00  8.729824e+00  8.417481e+00  8.144189e+00  7.907888e+00  7.705318e+00  
7.530622e+00  7.378558e+00  7.246506e+00  7.126455e+00  6.994431e+00  6.781117e+00  
6.360838e+00  6.001959e+00  5.439801e+00  4.641094e+00  2.910163e+00  2.125485e+00  
1.239600e+00  1.106370e+00  1.012930e+00  1.003860e+00  9.942700e-01  9.930900e-01  
1.240954e+01  1.240991e+01  1.241047e+01  1.241176e+01  1.241462e+01  1.242024e+01  
1.242959e+01  1.244301e+01  1.246170e+01  1.248617e+01  1.251546e+01  1.254177e+01  
1.255945e+01  1.256422e+01  1.255109e+01  1.251809e+01  1.246950e+01  1.240910e+01  
1.229816e+01  1.221105e+01  1.213487e+01  1.205692e+01  1.196310e+01  1.183495e+01  
1.164746e+01  1.136834e+01  1.095602e+01  1.043813e+01  9.965829e+00  9.537036e+00  
9.150812e+00  8.806489e+00  8.503876e+00  8.242144e+00  8.020274e+00  7.836487e+00  
7.687003e+00  7.567752e+00  7.474176e+00  7.392925e+00  7.300656e+00  7.152185e+00  
6.846795e+00  6.558901e+00  6.058174e+00  5.304104e+00  3.515139e+00  2.555083e+00  
1.356380e+00  1.166910e+00  1.019760e+00  1.004110e+00  9.900500e-01  9.886100e-01  
1.242951e+01  1.243020e+01  1.243119e+01  1.243344e+01  1.243811e+01  1.244644e+01  
1.245895e+01  1.247655e+01  1.250030e+01  1.253022e+01  1.256111e+01  1.258467e+01  
1.259709e+01  1.259299e+01  1.256838e+01  1.252586e+01  1.247138e+01  1.237475e+01  
1.227956e+01  1.220435e+01  1.213627e+01  1.206400e+01  1.197385e+01  1.184777e+01  
1.166098e+01  1.138140e+01  1.096819e+01  1.045142e+01  9.982589e+00  9.559264e+00  
9.180120e+00  8.843965e+00  8.550082e+00  8.297399e+00  8.084740e+00  7.910082e+00  
7.769098e+00  7.658669e+00  7.579295e+00  7.527687e+00  7.487084e+00  7.398206e+00  
7.149909e+00  6.901225e+00  6.467304e+00  5.773079e+00  3.962259e+00  2.927371e+00  
1.473900e+00  1.229970e+00  1.028890e+00  1.007320e+00  9.874700e-01  9.863700e-01  
1.241385e+01  1.241547e+01  1.241765e+01  1.242225e+01  1.243068e+01  1.244360e+01  
1.246188e+01  1.248686e+01  1.251879e+01  1.255339e+01  1.258125e+01  1.259832e+01  
1.259893e+01  1.257838e+01  1.253863e+01  1.248621e+01  1.239610e+01  1.229567e+01  
1.222138e+01  1.216018e+01  1.210262e+01  1.203845e+01  1.195495e+01  1.183501e+01  
1.165483e+01  1.138291e+01  1.097864e+01  1.047161e+01  1.001014e+01  9.592673e+00  
9.218407e+00  8.886970e+00  8.598365e+00  8.352201e+00  8.148079e+00  7.984981e+00  
7.860296e+00  7.771526e+00  7.717092e+00  7.688275e+00  7.669438e+00  7.628840e+00  
7.491310e+00  7.324710e+00  6.983646e+00  6.392273e+00  4.660012e+00  3.487368e+00  
1.696855e+00  1.365900e+00  1.052410e+00  1.011250e+00  9.856100e-01  9.841000e-01  
1.241358e+01  1.241647e+01  1.242015e+01  1.242733e+01  1.243909e+01  1.245600e+01  
1.247964e+01  1.251065e+01  1.254767e+01  1.258095e+01  1.260488e+01  1.261414e+01  
1.260309e+01  1.257045e+01  1.252215e+01  1.246193e+01  1.234236e+01  1.225984e+01  
1.219669e+01  1.214358e+01  1.209194e+01  1.203208e+01  1.195184e+01  1.183463e+01  
1.165707e+01  1.138793e+01  1.098650e+01  1.048186e+01  1.002214e+01  9.606622e+00  
9.234783e+00  8.906376e+00  8.621429e+00  8.379603e+00  8.180400e+00  8.022841e+00  
7.904923e+00  7.824833e+00  7.781677e+00  7.767920e+00  7.771413e+00  7.770309e+00  
7.700600e+00  7.578923e+00  7.288965e+00  6.754435e+00  5.152593e+00  3.972618e+00  
1.896576e+00  1.482220e+00  1.076640e+00  1.025240e+00  9.859800e-01  9.829600e-01  
1.241290e+01  1.241738e+01  1.242273e+01  1.243240e+01  1.244705e+01  1.246782e+01  
1.249611e+01  1.253219e+01  1.257049e+01  1.260138e+01  1.262056e+01  1.262184e+01  
1.260051e+01  1.255962e+01  1.250666e+01  1.240744e+01  1.230757e+01  1.223569e+01  
1.217996e+01  1.213228e+01  1.208449e+01  1.202737e+01  1.194912e+01  1.183350e+01  
1.165742e+01  1.138984e+01  1.099019e+01  1.048738e+01  1.002913e+01  9.615281e+00  
9.245331e+00  8.918932e+00  8.636134e+00  8.396737e+00  8.200443e+00  8.046451e+00  
7.932813e+00  7.857960e+00  7.821653e+00  7.817594e+00  7.835567e+00  7.856824e+00  
7.827481e+00  7.740872e+00  7.503618e+00  7.030896e+00  5.521945e+00  4.348843e+00  
2.086953e+00  1.599080e+00  1.102140e+00  1.035630e+00  9.874300e-01  9.822800e-01  
1.241245e+01  1.241878e+01  1.242589e+01  1.243782e+01  1.245517e+01  1.247960e+01  
1.251200e+01  1.255167e+01  1.258911e+01  1.261743e+01  1.263139e+01  1.262481e+01  
1.259529e+01  1.254859e+01  1.249207e+01  1.237049e+01  1.228277e+01  1.221841e+01  
1.216813e+01  1.212434e+01  1.207931e+01  1.202410e+01  1.194723e+01  1.183270e+01  
1.165762e+01  1.139111e+01  1.099267e+01  1.049101e+01  1.003380e+01  9.621095e+00  
9.252424e+00  8.927474e+00  8.646195e+00  8.408497e+00  8.214191e+00  8.062638e+00  
7.951899e+00  7.880615e+00  7.849006e+00  7.851676e+00  7.879667e+00  7.916624e+00  
7.916083e+00  7.855339e+00  7.659647e+00  7.238624e+00  5.814532e+00  4.661182e+00  
2.267510e+00  1.711024e+00  1.127900e+00  1.046410e+00  9.893600e-01  9.818200e-01  
1.241239e+01  1.242304e+01  1.243352e+01  1.244941e+01  1.247198e+01  1.250280e+01  
1.254221e+01  1.258415e+01  1.261849e+01  1.264061e+01  1.264390e+01  1.262363e+01  
1.258235e+01  1.252917e+01  1.242559e+01  1.232236e+01  1.224962e+01  1.219560e+01  
1.215281e+01  1.211435e+01  1.207297e+01  1.202026e+01  1.194515e+01  1.183196e+01  
1.165806e+01  1.139274e+01  1.099564e+01  1.049547e+01  1.003965e+01  9.628483e+00  
9.261530e+00  8.938448e+00  8.659238e+00  8.423838e+00  8.232150e+00  8.083686e+00  
7.976625e+00  7.909957e+00  7.884507e+00  7.895853e+00  7.936742e+00  7.994286e+00  
8.031737e+00  8.006007e+00  7.871388e+00  7.532012e+00  6.253127e+00  5.153653e+00  
2.601420e+00  1.920757e+00  1.179360e+00  1.068910e+00  9.939500e-01  9.812400e-01  
1.241283e+01  1.242836e+01  1.244055e+01  1.246118e+01  1.248876e+01  1.252512e+01  
1.256897e+01  1.260800e+01  1.264085e+01  1.265734e+01  1.264857e+01  1.261742e+01  
1.256911e+01  1.251030e+01  1.237930e+01  1.229144e+01  1.222832e+01  1.218127e+01  
1.214346e+01  1.210844e+01  1.206938e+01  1.201822e+01  1.194417e+01  1.183172e+01  
1.165843e+01  1.139369e+01  1.099728e+01  1.049805e+01  1.004309e+01  9.632928e+00  
9.267064e+00  8.945191e+00  8.667289e+00  8.433358e+00  8.243280e+00  8.096673e+00  
7.991860e+00  7.928051e+00  7.906448e+00  7.923112e+00  7.971877e+00  8.042330e+00  
8.103699e+00  8.100441e+00  8.008389e+00  7.730310e+00  6.570639e+00  5.529485e+00  
2.896850e+00  2.113043e+00  1.230220e+00  1.092560e+00  9.990100e-01  9.808900e-01  
