7.061775e-01  7.061781e-01  7.061785e-01  7.061790e-01  7.061799e-01  7.061813e-01  
7.061836e-01  7.061871e-01  7.061927e-01  7.062016e-01  7.062157e-01  7.062380e-01  
7.062735e-01  7.063296e-01  7.064185e-01  7.065594e-01  7.067829e-01  7.071370e-01  
7.076983e-01  7.085879e-01  7.099980e-01  7.122336e-01  7.157793e-01  7.214086e-01  
7.303685e-01  7.447148e-01  7.678461e-01  7.998621e-01  8.327602e-01  8.666780e-01  
9.018843e-01  9.388186e-01  9.780940e-01  1.020132e+00  1.065384e+00  1.114470e+00  
1.168210e+00  1.226440e+00  1.285780e+00  1.337540e+00  1.372990e+00  1.395270e+00  
1.409660e+00  1.414740e+00  1.422390e+00  1.429350e+00  1.425460e+00  1.423780e+00  
1.423980e+00  1.424020e+00  1.423750e+00  1.423800e+00  1.423670e+00  1.423740e+00  
1.000935e+00  1.000936e+00  1.000936e+00  1.000937e+00  1.000938e+00  1.000939e+00  
1.000942e+00  1.000946e+00  1.000953e+00  1.000963e+00  1.000979e+00  1.001005e+00  
1.001046e+00  1.001111e+00  1.001214e+00  1.001377e+00  1.001636e+00  1.002046e+00  
1.002696e+00  1.003726e+00  1.005359e+00  1.007949e+00  1.012060e+00  1.018597e+00  
1.029053e+00  1.045979e+00  1.073794e+00  1.113225e+00  1.154808e+00  1.198680e+00  
1.244959e+00  1.293754e+00  1.345129e+00  1.399087e+00  1.455538e+00  1.514230e+00  
1.574550e+00  1.635540e+00  1.695740e+00  1.752660e+00  1.801930e+00  1.835690e+00  
1.844270e+00  1.840180e+00  1.840950e+00  1.847580e+00  1.848430e+00  1.846430e+00  
1.847180e+00  1.847640e+00  1.847500e+00  1.847350e+00  1.847680e+00  1.847420e+00  
1.262538e+00  1.262539e+00  1.262539e+00  1.262540e+00  1.262542e+00  1.262544e+00  
1.262547e+00  1.262552e+00  1.262561e+00  1.262574e+00  1.262595e+00  1.262628e+00  
1.262680e+00  1.262763e+00  1.262895e+00  1.263104e+00  1.263435e+00  1.263959e+00  
1.264790e+00  1.266108e+00  1.268197e+00  1.271509e+00  1.276765e+00  1.285119e+00  
1.298451e+00  1.319935e+00  1.354959e+00  1.404086e+00  1.455195e+00  1.508330e+00  
1.563451e+00  1.620517e+00  1.679458e+00  1.740034e+00  1.801972e+00  1.864860e+00  
1.927980e+00  1.990320e+00  2.050430e+00  2.106260e+00  2.155150e+00  2.194310e+00  
2.216600e+00  2.215690e+00  2.202020e+00  2.184700e+00  2.200420e+00  2.218170e+00  
2.212310e+00  2.208400e+00  2.208900e+00  2.209840e+00  2.207560e+00  2.209100e+00  
1.740024e+00  1.740025e+00  1.740026e+00  1.740027e+00  1.740029e+00  1.740031e+00  
1.740036e+00  1.740043e+00  1.740054e+00  1.740072e+00  1.740099e+00  1.740144e+00  
1.740214e+00  1.740323e+00  1.740499e+00  1.740777e+00  1.741219e+00  1.741918e+00  
1.743026e+00  1.744784e+00  1.747569e+00  1.751985e+00  1.758987e+00  1.770104e+00  
1.787785e+00  1.816048e+00  1.861480e+00  1.924011e+00  1.987579e+00  2.051970e+00  
2.116975e+00  2.182361e+00  2.247851e+00  2.313241e+00  2.378323e+00  2.443230e+00  
2.508400e+00  2.573590e+00  2.636430e+00  2.692190e+00  2.735400e+00  2.763210e+00  
2.776760e+00  2.781280e+00  2.786710e+00  2.792280e+00  2.797270e+00  2.797520e+00  
2.796160e+00  2.795930e+00  2.796060e+00  2.796140e+00  2.796090e+00  2.796090e+00  
2.144920e+00  2.144922e+00  2.144922e+00  2.144924e+00  2.144926e+00  2.144930e+00  
2.144936e+00  2.144945e+00  2.144960e+00  2.144983e+00  2.145019e+00  2.145078e+00  
2.145170e+00  2.145316e+00  2.145547e+00  2.145914e+00  2.146495e+00  2.147416e+00  
2.148877e+00  2.151192e+00  2.154860e+00  2.160674e+00  2.169886e+00  2.184469e+00  
2.207511e+00  2.243755e+00  2.300392e+00  2.375467e+00  2.448286e+00  2.518673e+00  
2.586729e+00  2.653055e+00  2.718590e+00  2.783341e+00  2.846965e+00  2.909410e+00  
2.970770e+00  3.030640e+00  3.087030e+00  3.136540e+00  3.175720e+00  3.204320e+00  
3.222290e+00  3.228090e+00  3.236970e+00  3.247460e+00  3.255130e+00  3.255550e+00  
3.252480e+00  3.251980e+00  3.252350e+00  3.252370e+00  3.252480e+00  3.252410e+00  
2.499796e+00  2.499798e+00  2.499799e+00  2.499801e+00  2.499804e+00  2.499808e+00  
2.499815e+00  2.499827e+00  2.499844e+00  2.499873e+00  2.499918e+00  2.499989e+00  
2.500102e+00  2.500281e+00  2.500564e+00  2.501013e+00  2.501725e+00  2.502854e+00  
2.504643e+00  2.507478e+00  2.511972e+00  2.519090e+00  2.530361e+00  2.548165e+00  
2.576149e+00  2.619592e+00  2.685848e+00  2.770669e+00  2.849266e+00  2.921608e+00  
2.988385e+00  3.051370e+00  3.113140e+00  3.174015e+00  3.233550e+00  3.291280e+00  
3.346660e+00  3.398940e+00  3.447070e+00  3.490090e+00  3.526820e+00  3.556080e+00  
3.576600e+00  3.584610e+00  3.596290e+00  3.609800e+00  3.621070e+00  3.620990e+00  
3.617080e+00  3.616370e+00  3.616780e+00  3.617010e+00  3.616890e+00  3.616960e+00  
2.835389e+00  2.835391e+00  2.835392e+00  2.835394e+00  2.835396e+00  2.835400e+00  
2.835407e+00  2.835417e+00  2.835434e+00  2.835460e+00  2.835502e+00  2.835568e+00  
2.835673e+00  2.835839e+00  2.836103e+00  2.836520e+00  2.837182e+00  2.838230e+00  
2.839892e+00  2.842526e+00  2.846703e+00  2.853323e+00  2.863813e+00  2.880422e+00  
2.906681e+00  2.948049e+00  3.012827e+00  3.098734e+00  3.181731e+00  3.260996e+00  
3.335664e+00  3.404835e+00  3.467730e+00  3.523806e+00  3.573026e+00  3.616370e+00  
3.656450e+00  3.695490e+00  3.733160e+00  3.768950e+00  3.802540e+00  3.834920e+00  
3.866510e+00  3.881050e+00  3.893740e+00  3.902690e+00  3.915760e+00  3.918990e+00  
3.913710e+00  3.912550e+00  3.913190e+00  3.913290e+00  3.913670e+00  3.913450e+00  
3.356502e+00  3.356505e+00  3.356506e+00  3.356509e+00  3.356513e+00  3.356519e+00  
3.356529e+00  3.356544e+00  3.356569e+00  3.356609e+00  3.356671e+00  3.356770e+00  
3.356927e+00  3.357175e+00  3.357568e+00  3.358191e+00  3.359179e+00  3.360747e+00  
3.363229e+00  3.367166e+00  3.373402e+00  3.383278e+00  3.398888e+00  3.423449e+00  
3.461664e+00  3.519483e+00  3.603337e+00  3.702604e+00  3.784588e+00  3.849911e+00  
3.901078e+00  3.943260e+00  3.983439e+00  4.023103e+00  4.061841e+00  4.099140e+00  
4.134140e+00  4.165990e+00  4.194660e+00  4.221080e+00  4.246510e+00  4.272020e+00  
4.299190e+00  4.314230e+00  4.331830e+00  4.347930e+00  4.362140e+00  4.363690e+00  
4.360200e+00  4.359600e+00  4.360170e+00  4.360190e+00  4.360380e+00  4.360340e+00  
3.810526e+00  3.810529e+00  3.810531e+00  3.810533e+00  3.810538e+00  3.810544e+00  
3.810555e+00  3.810572e+00  3.810599e+00  3.810642e+00  3.810709e+00  3.810816e+00  
3.810986e+00  3.811254e+00  3.811680e+00  3.812356e+00  3.813427e+00  3.815126e+00  
3.817817e+00  3.822084e+00  3.828843e+00  3.839545e+00  3.856448e+00  3.882997e+00  
3.924120e+00  3.985614e+00  4.072730e+00  4.172018e+00  4.248888e+00  4.304416e+00  
4.341998e+00  4.368319e+00  4.392149e+00  4.415548e+00  4.438441e+00  4.460690e+00  
4.482080e+00  4.502300e+00  4.521440e+00  4.540150e+00  4.559590e+00  4.582040e+00  
4.610430e+00  4.627150e+00  4.644750e+00  4.659160e+00  4.673700e+00  4.676210e+00  
4.675070e+00  4.674800e+00  4.675260e+00  4.675280e+00  4.675430e+00  4.675420e+00  
4.697779e+00  4.697782e+00  4.697784e+00  4.697786e+00  4.697791e+00  4.697798e+00  
4.697808e+00  4.697825e+00  4.697853e+00  4.697896e+00  4.697964e+00  4.698072e+00  
4.698243e+00  4.698514e+00  4.698944e+00  4.699626e+00  4.700708e+00  4.702422e+00  
4.705140e+00  4.709449e+00  4.716276e+00  4.727080e+00  4.744120e+00  4.770778e+00  
4.811674e+00  4.871275e+00  4.951267e+00  5.034177e+00  5.087298e+00  5.112709e+00  
5.115371e+00  5.104099e+00  5.090161e+00  5.076497e+00  5.063947e+00  5.053360e+00  
5.046310e+00  5.043630e+00  5.045010e+00  5.048740e+00  5.054240e+00  5.066470e+00  
5.091060e+00  5.106750e+00  5.118740e+00  5.124410e+00  5.135340e+00  5.139790e+00  
5.146000e+00  5.146820e+00  5.146860e+00  5.146870e+00  5.146850e+00  5.146920e+00  
5.362666e+00  5.362669e+00  5.362670e+00  5.362672e+00  5.362676e+00  5.362682e+00  
5.362691e+00  5.362707e+00  5.362730e+00  5.362768e+00  5.362827e+00  5.362921e+00  
5.363071e+00  5.363306e+00  5.363682e+00  5.364276e+00  5.365220e+00  5.366717e+00  
5.369089e+00  5.372852e+00  5.378816e+00  5.388248e+00  5.403096e+00  5.426224e+00  
5.461320e+00  5.510947e+00  5.573152e+00  5.629196e+00  5.652910e+00  5.647213e+00  
5.617969e+00  5.575041e+00  5.530543e+00  5.487933e+00  5.448512e+00  5.413596e+00  
5.385520e+00  5.365540e+00  5.352690e+00  5.343270e+00  5.335190e+00  5.335070e+00  
5.350110e+00  5.360810e+00  5.364140e+00  5.359650e+00  5.363950e+00  5.369200e+00  
5.382120e+00  5.383980e+00  5.383550e+00  5.383560e+00  5.383370e+00  5.383500e+00  
6.308549e+00  6.308551e+00  6.308553e+00  6.308555e+00  6.308558e+00  6.308564e+00  
6.308572e+00  6.308586e+00  6.308607e+00  6.308641e+00  6.308695e+00  6.308780e+00  
6.308915e+00  6.309128e+00  6.309467e+00  6.310006e+00  6.310860e+00  6.312216e+00  
6.314369e+00  6.317784e+00  6.323191e+00  6.331711e+00  6.344992e+00  6.365180e+00  
6.393842e+00  6.426456e+00  6.445356e+00  6.425237e+00  6.368329e+00  6.294968e+00  
6.213139e+00  6.130416e+00  6.054520e+00  5.983783e+00  5.911348e+00  5.835838e+00  
5.768990e+00  5.719500e+00  5.684210e+00  5.652510e+00  5.617610e+00  5.593720e+00  
5.587880e+00  5.582480e+00  5.567840e+00  5.548810e+00  5.539520e+00  5.543450e+00  
5.563520e+00  5.566610e+00  5.565660e+00  5.565210e+00  5.565230e+00  5.565290e+00  
7.004353e+00  7.004354e+00  7.004354e+00  7.004355e+00  7.004357e+00  7.004359e+00  
7.004362e+00  7.004367e+00  7.004376e+00  7.004388e+00  7.004410e+00  7.004443e+00  
7.004496e+00  7.004581e+00  7.004715e+00  7.004928e+00  7.005269e+00  7.005812e+00  
7.006678e+00  7.008058e+00  7.010242e+00  7.013656e+00  7.018854e+00  7.026321e+00  
7.035200e+00  7.037996e+00  7.013853e+00  6.941852e+00  6.837601e+00  6.717908e+00  
6.591288e+00  6.466858e+00  6.353990e+00  6.251839e+00  6.154615e+00  6.059751e+00  
5.974180e+00  5.903160e+00  5.844340e+00  5.790510e+00  5.736940e+00  5.692580e+00  
5.661640e+00  5.644530e+00  5.618770e+00  5.591190e+00  5.572450e+00  5.573860e+00  
5.592050e+00  5.594920e+00  5.593810e+00  5.593340e+00  5.593320e+00  5.593400e+00  
7.539156e+00  7.539156e+00  7.539156e+00  7.539156e+00  7.539155e+00  7.539155e+00  
7.539155e+00  7.539154e+00  7.539152e+00  7.539150e+00  7.539146e+00  7.539140e+00  
7.539131e+00  7.539117e+00  7.539094e+00  7.539062e+00  7.539012e+00  7.538938e+00  
7.538830e+00  7.538666e+00  7.538405e+00  7.537934e+00  7.536969e+00  7.534670e+00  
7.528103e+00  7.506659e+00  7.445116e+00  7.325139e+00  7.176410e+00  7.015840e+00  
6.852010e+00  6.693922e+00  6.551017e+00  6.422952e+00  6.305238e+00  6.194445e+00  
6.093108e+00  6.003370e+00  5.923990e+00  5.851480e+00  5.783230e+00  5.722090e+00  
5.669000e+00  5.642280e+00  5.610200e+00  5.580280e+00  5.556120e+00  5.554220e+00  
5.564500e+00  5.566190e+00  5.565230e+00  5.564870e+00  5.564850e+00  5.564910e+00  
7.968567e+00  7.968566e+00  7.968566e+00  7.968565e+00  7.968563e+00  7.968561e+00  
7.968558e+00  7.968553e+00  7.968544e+00  7.968531e+00  7.968509e+00  7.968476e+00  
7.968424e+00  7.968340e+00  7.968209e+00  7.968003e+00  7.967680e+00  7.967176e+00  
7.966387e+00  7.965146e+00  7.963175e+00  7.959979e+00  7.954667e+00  7.945397e+00  
7.927484e+00  7.887036e+00  7.793348e+00  7.629084e+00  7.438279e+00  7.240852e+00  
7.045200e+00  6.859073e+00  6.690894e+00  6.540686e+00  6.404798e+00  6.279354e+00  
6.163441e+00  6.056930e+00  5.959690e+00  5.871350e+00  5.791020e+00  5.715900e+00  
5.643910e+00  5.609390e+00  5.574070e+00  5.545400e+00  5.518500e+00  5.513100e+00  
5.512520e+00  5.512560e+00  5.511900e+00  5.511750e+00  5.511690e+00  5.511760e+00  
8.625199e+00  8.625196e+00  8.625195e+00  8.625193e+00  8.625190e+00  8.625185e+00  
8.625178e+00  8.625166e+00  8.625148e+00  8.625118e+00  8.625071e+00  8.624997e+00  
8.624880e+00  8.624694e+00  8.624402e+00  8.623942e+00  8.623219e+00  8.622084e+00  
8.620299e+00  8.617481e+00  8.612994e+00  8.605779e+00  8.594026e+00  8.574284e+00  
8.538864e+00  8.467437e+00  8.317833e+00  8.073834e+00  7.807920e+00  7.548463e+00  
7.302511e+00  7.073468e+00  6.865271e+00  6.678053e+00  6.508926e+00  6.354402e+00  
6.211399e+00  6.078320e+00  5.955060e+00  5.841180e+00  5.735820e+00  5.635830e+00  
5.538800e+00  5.493020e+00  5.451930e+00  5.424440e+00  5.396050e+00  5.384020e+00  
5.365420e+00  5.362550e+00  5.362230e+00  5.362590e+00  5.362070e+00  5.362430e+00  
9.106788e+00  9.106785e+00  9.106783e+00  9.106781e+00  9.106776e+00  9.106770e+00  
9.106759e+00  9.106741e+00  9.106714e+00  9.106670e+00  9.106601e+00  9.106493e+00  
9.106321e+00  9.106049e+00  9.105621e+00  9.104946e+00  9.103884e+00  9.102216e+00  
9.099590e+00  9.095436e+00  9.088817e+00  9.078190e+00  9.060958e+00  9.032290e+00  
8.981913e+00  8.883982e+00  8.686541e+00  8.374757e+00  8.045697e+00  7.734785e+00  
7.447867e+00  7.185169e+00  6.946975e+00  6.732252e+00  6.537061e+00  6.357334e+00  
6.190020e+00  6.033630e+00  5.888400e+00  5.753770e+00  5.628810e+00  5.509420e+00  
5.393160e+00  5.338960e+00  5.291910e+00  5.262220e+00  5.230770e+00  5.214760e+00  
5.187000e+00  5.182650e+00  5.182420e+00  5.183050e+00  5.182240e+00  5.182750e+00  
1.003529e+01  1.003528e+01  1.003527e+01  1.003527e+01  1.003525e+01  1.003523e+01  
1.003520e+01  1.003514e+01  1.003505e+01  1.003491e+01  1.003469e+01  1.003434e+01  
1.003379e+01  1.003291e+01  1.003152e+01  1.002933e+01  1.002588e+01  1.002043e+01  
1.001181e+01  9.998144e+00  9.976435e+00  9.941945e+00  9.887154e+00  9.800209e+00  
9.662983e+00  9.449415e+00  9.123177e+00  8.703551e+00  8.309424e+00  7.939901e+00  
7.594057e+00  7.271816e+00  6.973145e+00  6.697462e+00  6.443369e+00  6.208807e+00  
5.991343e+00  5.789938e+00  5.605860e+00  5.438670e+00  5.285940e+00  5.136380e+00  
4.980810e+00  4.904910e+00  4.838640e+00  4.795520e+00  4.747570e+00  4.731430e+00  
4.709420e+00  4.706320e+00  4.705800e+00  4.705820e+00  4.705940e+00  4.705690e+00  
1.050853e+01  1.050852e+01  1.050851e+01  1.050850e+01  1.050848e+01  1.050845e+01  
1.050841e+01  1.050834e+01  1.050822e+01  1.050805e+01  1.050777e+01  1.050733e+01  
1.050664e+01  1.050555e+01  1.050382e+01  1.050110e+01  1.049679e+01  1.049000e+01  
1.047925e+01  1.046218e+01  1.043503e+01  1.039190e+01  1.032332e+01  1.021450e+01  
1.004314e+01  9.777985e+00  9.376927e+00  8.867165e+00  8.394770e+00  7.957957e+00  
7.554850e+00  7.184098e+00  6.845101e+00  6.535610e+00  6.252577e+00  5.992366e+00  
5.750025e+00  5.522441e+00  5.310731e+00  5.114870e+00  4.932720e+00  4.756260e+00  
4.579280e+00  4.492920e+00  4.411460e+00  4.350840e+00  4.286350e+00  4.271860e+00  
4.267230e+00  4.267170e+00  4.265580e+00  4.265270e+00  4.265020e+00  4.264840e+00  
1.105438e+01  1.105437e+01  1.105436e+01  1.105434e+01  1.105432e+01  1.105428e+01  
1.105423e+01  1.105414e+01  1.105399e+01  1.105377e+01  1.105341e+01  1.105284e+01  
1.105195e+01  1.105054e+01  1.104831e+01  1.104481e+01  1.103928e+01  1.103056e+01  
1.101669e+01  1.099462e+01  1.095952e+01  1.090364e+01  1.081463e+01  1.067345e+01  
1.045175e+01  1.011109e+01  9.602338e+00  8.965029e+00  8.383425e+00  7.854081e+00  
7.374263e+00  6.939985e+00  6.548029e+00  6.194363e+00  5.873911e+00  5.580734e+00  
5.306993e+00  5.047203e+00  4.801674e+00  4.570880e+00  4.352580e+00  4.140300e+00  
3.930680e+00  3.830070e+00  3.736810e+00  3.668480e+00  3.593730e+00  3.575680e+00  
3.569260e+00  3.569100e+00  3.567300e+00  3.566990e+00  3.566590e+00  3.566310e+00  
1.136069e+01  1.136067e+01  1.136066e+01  1.136065e+01  1.136062e+01  1.136058e+01  
1.136050e+01  1.136040e+01  1.136023e+01  1.135997e+01  1.135955e+01  1.135889e+01  
1.135786e+01  1.135622e+01  1.135366e+01  1.134961e+01  1.134321e+01  1.133310e+01  
1.131699e+01  1.129132e+01  1.125046e+01  1.118522e+01  1.108123e+01  1.091642e+01  
1.065828e+01  1.026427e+01  9.682775e+00  8.962831e+00  8.314970e+00  7.732357e+00  
7.210265e+00  6.741804e+00  6.320228e+00  5.939879e+00  5.594684e+00  5.277438e+00  
4.978697e+00  4.692232e+00  4.419051e+00  4.161677e+00  3.921250e+00  3.693890e+00  
3.478590e+00  3.376550e+00  3.277470e+00  3.201240e+00  3.125670e+00  3.106200e+00  
3.088890e+00  3.086760e+00  3.085360e+00  3.085170e+00  3.085050e+00  3.084910e+00  
1.155958e+01  1.155955e+01  1.155954e+01  1.155952e+01  1.155949e+01  1.155945e+01  
1.155938e+01  1.155926e+01  1.155908e+01  1.155880e+01  1.155835e+01  1.155764e+01  
1.155651e+01  1.155474e+01  1.155197e+01  1.154761e+01  1.154072e+01  1.152977e+01  
1.151229e+01  1.148444e+01  1.143998e+01  1.136886e+01  1.125537e+01  1.107558e+01  
1.079415e+01  1.036591e+01  9.736910e+00  8.960785e+00  8.266307e+00  7.644559e+00  
7.089274e+00  6.592299e+00  6.145445e+00  5.742291e+00  5.376615e+00  5.041261e+00  
4.727076e+00  4.427835e+00  4.143791e+00  3.876066e+00  3.625290e+00  3.387920e+00  
3.162790e+00  3.055910e+00  2.952460e+00  2.873150e+00  2.794650e+00  2.774330e+00  
2.755580e+00  2.753220e+00  2.751750e+00  2.751570e+00  2.751440e+00  2.751970e+00  
1.169652e+01  1.169650e+01  1.169649e+01  1.169647e+01  1.169644e+01  1.169639e+01  
1.169631e+01  1.169620e+01  1.169601e+01  1.169570e+01  1.169523e+01  1.169447e+01  
1.169329e+01  1.169144e+01  1.168854e+01  1.168398e+01  1.167677e+01  1.166527e+01  
1.164688e+01  1.161753e+01  1.157057e+01  1.149528e+01  1.137509e+01  1.118467e+01  
1.088675e+01  1.043467e+01  9.772993e+00  8.957838e+00  8.231225e+00  7.582925e+00  
7.004718e+00  6.487406e+00  6.021944e+00  5.601616e+00  5.220260e+00  4.871027e+00  
4.545328e+00  4.237199e+00  3.946065e+00  3.671695e+00  3.413838e+00  3.170120e+00  
2.938960e+00  2.828640e+00  2.720700e+00  2.636970e+00  2.555150e+00  2.534760e+00  
2.517580e+00  2.515430e+00  2.513780e+00  2.513610e+00  2.513420e+00  2.514340e+00  
1.187131e+01  1.187129e+01  1.187128e+01  1.187125e+01  1.187122e+01  1.187117e+01  
1.187109e+01  1.187096e+01  1.187076e+01  1.187044e+01  1.186993e+01  1.186913e+01  
1.186789e+01  1.186595e+01  1.186291e+01  1.185813e+01  1.185052e+01  1.183832e+01  
1.181879e+01  1.178749e+01  1.173709e+01  1.165604e+01  1.152659e+01  1.132138e+01  
1.100083e+01  1.051717e+01  9.814236e+00  8.952551e+00  8.190085e+00  7.514459e+00  
6.913071e+00  6.374016e+00  5.886533e+00  5.444082e+00  5.041287e+00  4.672420e+00  
4.330741e+00  4.011010e+00  3.711024e+00  3.427735e+00  3.158882e+00  2.903910e+00  
2.661480e+00  2.544750e+00  2.429300e+00  2.338530e+00  2.250010e+00  2.228590e+00  
2.212570e+00  2.210770e+00  2.208910e+00  2.208580e+00  2.208510e+00  2.208800e+00  
1.198283e+01  1.198281e+01  1.198279e+01  1.198277e+01  1.198274e+01  1.198269e+01  
1.198260e+01  1.198246e+01  1.198225e+01  1.198192e+01  1.198140e+01  1.198058e+01  
1.197931e+01  1.197733e+01  1.197425e+01  1.196938e+01  1.196158e+01  1.194901e+01  
1.192887e+01  1.189636e+01  1.184374e+01  1.175894e+01  1.162339e+01  1.140831e+01  
1.107307e+01  1.056945e+01  9.841671e+00  8.953942e+00  8.173582e+00  7.485797e+00  
6.875410e+00  6.328634e+00  5.833468e+00  5.383128e+00  4.972149e+00  4.594610e+00  
4.243514e+00  3.913699e+00  3.603464e+00  3.310633e+00  3.032997e+00  2.767733e+00  
2.512240e+00  2.387880e+00  2.265390e+00  2.169310e+00  2.073760e+00  2.050160e+00  
2.032010e+00  2.029900e+00  2.027980e+00  2.027750e+00  2.027530e+00  2.026660e+00  
1.210957e+01  1.210955e+01  1.210953e+01  1.210951e+01  1.210948e+01  1.210942e+01  
1.210934e+01  1.210920e+01  1.210898e+01  1.210865e+01  1.210812e+01  1.210733e+01  
1.210610e+01  1.210421e+01  1.210128e+01  1.209655e+01  1.208884e+01  1.207639e+01  
1.205608e+01  1.202269e+01  1.196802e+01  1.187961e+01  1.173751e+01  1.151208e+01  
1.116266e+01  1.064093e+01  9.892328e+00  8.986134e+00  8.197920e+00  7.505217e+00  
6.891769e+00  6.341942e+00  5.842478e+00  5.386318e+00  4.967915e+00  4.581177e+00  
4.218775e+00  3.875459e+00  3.549910e+00  3.240654e+00  2.944746e+00  2.655293e+00  
2.366580e+00  2.221360e+00  2.074890e+00  1.957280e+00  1.840180e+00  1.810310e+00  
1.786100e+00  1.783270e+00  1.780970e+00  1.780650e+00  1.780430e+00  1.779440e+00  
1.214170e+01  1.214168e+01  1.214166e+01  1.214164e+01  1.214161e+01  1.214155e+01  
1.214146e+01  1.214134e+01  1.214112e+01  1.214081e+01  1.214032e+01  1.213959e+01  
1.213850e+01  1.213684e+01  1.213423e+01  1.212990e+01  1.212278e+01  1.211111e+01  
1.209157e+01  1.205879e+01  1.200475e+01  1.191666e+01  1.177440e+01  1.154954e+01  
1.120239e+01  1.068566e+01  9.942726e+00  9.043759e+00  8.261570e+00  7.570982e+00  
6.957906e+00  6.408252e+00  5.910018e+00  5.455843e+00  5.039354e+00  4.653364e+00  
4.289104e+00  3.940490e+00  3.606536e+00  3.286447e+00  2.976914e+00  2.667963e+00  
2.348847e+00  2.182040e+00  2.005620e+00  1.858160e+00  1.716520e+00  1.682000e+00  
1.654140e+00  1.650640e+00  1.647590e+00  1.647260e+00  1.646920e+00  1.648610e+00  
1.212606e+01  1.212604e+01  1.212603e+01  1.212601e+01  1.212597e+01  1.212592e+01  
1.212584e+01  1.212573e+01  1.212555e+01  1.212528e+01  1.212490e+01  1.212437e+01  
1.212364e+01  1.212252e+01  1.212059e+01  1.211724e+01  1.211158e+01  1.210154e+01  
1.208363e+01  1.205269e+01  1.200064e+01  1.191418e+01  1.177491e+01  1.155667e+01  
1.122223e+01  1.072615e+01  1.001439e+01  9.152096e+00  8.395020e+00  7.720809e+00  
7.117953e+00  6.574857e+00  6.081564e+00  5.631432e+00  5.218551e+00  4.836130e+00  
4.475818e+00  4.130766e+00  3.797133e+00  3.469239e+00  3.139252e+00  2.794918e+00  
2.419539e+00  2.212682e+00  1.984600e+00  1.783530e+00  1.582600e+00  1.540440e+00  
1.512670e+00  1.508990e+00  1.503110e+00  1.501980e+00  1.502480e+00  1.508590e+00  
1.207752e+01  1.207750e+01  1.207748e+01  1.207746e+01  1.207743e+01  1.207739e+01  
1.207732e+01  1.207722e+01  1.207707e+01  1.207687e+01  1.207662e+01  1.207635e+01  
1.207602e+01  1.207542e+01  1.207421e+01  1.207200e+01  1.206770e+01  1.205910e+01  
1.204270e+01  1.201358e+01  1.196302e+01  1.187851e+01  1.174356e+01  1.153372e+01  
1.121429e+01  1.073826e+01  1.006327e+01  9.239053e+00  8.506813e+00  7.849434e+00  
7.258010e+00  6.723696e+00  6.238818e+00  5.797092e+00  5.392397e+00  5.017561e+00  
4.663504e+00  4.322568e+00  3.990300e+00  3.659741e+00  3.320489e+00  2.954873e+00  
2.536851e+00  2.295213e+00  2.018330e+00  1.767710e+00  1.516120e+00  1.465450e+00  
1.437310e+00  1.433610e+00  1.425340e+00  1.423610e+00  1.424890e+00  1.432940e+00  
1.201464e+01  1.201462e+01  1.201461e+01  1.201459e+01  1.201457e+01  1.201452e+01  
1.201446e+01  1.201438e+01  1.201427e+01  1.201416e+01  1.201407e+01  1.201406e+01  
1.201412e+01  1.201404e+01  1.201360e+01  1.201247e+01  1.200938e+01  1.200193e+01  
1.198691e+01  1.195909e+01  1.190943e+01  1.182685e+01  1.169615e+01  1.149465e+01  
1.118890e+01  1.073369e+01  1.009013e+01  9.301211e+00  8.593745e+00  7.954366e+00  
7.376392e+00  6.853108e+00  6.378640e+00  5.946953e+00  5.551587e+00  5.184750e+00  
4.836374e+00  4.498145e+00  4.165954e+00  3.833412e+00  3.488315e+00  3.105096e+00  
2.650015e+00  2.382331e+00  2.075580e+00  1.795500e+00  1.486860e+00  1.412710e+00  
1.389000e+00  1.388360e+00  1.377030e+00  1.373920e+00  1.377160e+00  1.384540e+00  
1.196721e+01  1.196718e+01  1.196717e+01  1.196716e+01  1.196713e+01  1.196710e+01  
1.196705e+01  1.196698e+01  1.196691e+01  1.196688e+01  1.196696e+01  1.196722e+01  
1.196764e+01  1.196803e+01  1.196835e+01  1.196813e+01  1.196592e+01  1.195928e+01  
1.194509e+01  1.191748e+01  1.186765e+01  1.178564e+01  1.165693e+01  1.146042e+01  
1.116101e+01  1.072419e+01  1.010503e+01  9.344320e+00  8.659572e+00  8.038737e+00  
7.475916e+00  6.964965e+00  6.500548e+00  6.077113e+00  5.688598e+00  5.327682e+00  
4.984664e+00  4.651355e+00  4.323154e+00  3.992669e+00  3.645582e+00  3.251627e+00  
2.769904e+00  2.479532e+00  2.140337e+00  1.825620e+00  1.471140e+00  1.383280e+00  
1.357070e+00  1.356900e+00  1.343770e+00  1.340080e+00  1.344140e+00  1.350650e+00  
1.188275e+01  1.188273e+01  1.188272e+01  1.188271e+01  1.188269e+01  1.188266e+01  
1.188263e+01  1.188261e+01  1.188265e+01  1.188281e+01  1.188325e+01  1.188404e+01  
1.188512e+01  1.188651e+01  1.188826e+01  1.188954e+01  1.188860e+01  1.188323e+01  
1.186976e+01  1.184133e+01  1.179067e+01  1.170893e+01  1.158320e+01  1.139396e+01  
1.110616e+01  1.070112e+01  1.012296e+01  9.407710e+00  8.760692e+00  8.171099e+00  
7.634305e+00  7.145000e+00  6.698660e+00  6.290509e+00  5.915179e+00  5.566057e+00  
5.234183e+00  4.911566e+00  4.592935e+00  4.269400e+00  3.923388e+00  3.516997e+00  
2.996897e+00  2.671185e+00  2.278975e+00  1.904495e+00  1.467450e+00  1.353320e+00  
1.317160e+00  1.316910e+00  1.301150e+00  1.296670e+00  1.301770e+00  1.306100e+00  
1.181506e+01  1.181504e+01  1.181503e+01  1.181502e+01  1.181501e+01  1.181499e+01  
1.181499e+01  1.181503e+01  1.181517e+01  1.181556e+01  1.181637e+01  1.181767e+01  
1.181940e+01  1.182185e+01  1.182482e+01  1.182724e+01  1.182726e+01  1.182271e+01  
1.180883e+01  1.177899e+01  1.172722e+01  1.164522e+01  1.152177e+01  1.133402e+01  
1.106161e+01  1.068005e+01  1.013311e+01  9.452515e+00  8.834824e+00  8.270112e+00  
7.754447e+00  7.283198e+00  6.852443e+00  6.457879e+00  6.094693e+00  5.756806e+00  
5.435766e+00  5.123853e+00  4.815355e+00  4.500411e+00  4.159118e+00  3.747915e+00  
3.203158e+00  2.851821e+00  2.418433e+00  1.994115e+00  1.483470e+00  1.344480e+00  
1.293760e+00  1.292410e+00  1.274900e+00  1.269990e+00  1.275510e+00  1.277930e+00  
1.176721e+01  1.176720e+01  1.176719e+01  1.176718e+01  1.176718e+01  1.176719e+01  
1.176727e+01  1.176748e+01  1.176798e+01  1.176902e+01  1.177073e+01  1.177314e+01  
1.177665e+01  1.178139e+01  1.178663e+01  1.179075e+01  1.179218e+01  1.178712e+01  
1.176956e+01  1.173516e+01  1.167866e+01  1.159387e+01  1.146830e+01  1.128095e+01  
1.103055e+01  1.067497e+01  1.016273e+01  9.524467e+00  8.945557e+00  8.417445e+00  
7.936555e+00  7.498669e+00  7.100054e+00  6.736591e+00  6.403357e+00  6.093881e+00  
5.798712e+00  5.509540e+00  5.221401e+00  4.925793e+00  4.605125e+00  4.219360e+00  
3.682204e+00  3.293069e+00  2.748284e+00  2.185012e+00  1.545860e+00  1.374560e+00  
1.270190e+00  1.257130e+00  1.237810e+00  1.236170e+00  1.233250e+00  1.238010e+00  
1.169746e+01  1.169745e+01  1.169745e+01  1.169744e+01  1.169746e+01  1.169753e+01  
1.169772e+01  1.169816e+01  1.169910e+01  1.170079e+01  1.170331e+01  1.170695e+01  
1.171223e+01  1.171886e+01  1.172557e+01  1.173098e+01  1.173278e+01  1.172541e+01  
1.170440e+01  1.166628e+01  1.160691e+01  1.152149e+01  1.138852e+01  1.121759e+01  
1.098494e+01  1.065189e+01  1.016957e+01  9.567416e+00  9.019944e+00  8.519946e+00  
8.064385e+00  7.649637e+00  7.272480e+00  6.929284e+00  6.615657e+00  6.325580e+00  
6.050140e+00  5.781227e+00  5.513828e+00  5.238890e+00  4.937199e+00  4.563799e+00  
4.022650e+00  3.618989e+00  3.041004e+00  2.417879e+00  1.639820e+00  1.412070e+00  
1.259820e+00  1.241430e+00  1.219120e+00  1.216670e+00  1.213840e+00  1.216850e+00  
1.156613e+01  1.156612e+01  1.156613e+01  1.156616e+01  1.156623e+01  1.156643e+01  
1.156692e+01  1.156794e+01  1.156982e+01  1.157271e+01  1.157690e+01  1.158315e+01  
1.159138e+01  1.160055e+01  1.160938e+01  1.161612e+01  1.161552e+01  1.160314e+01  
1.157657e+01  1.153334e+01  1.147235e+01  1.137653e+01  1.125883e+01  1.111327e+01  
1.091196e+01  1.061945e+01  1.018800e+01  9.640174e+00  9.133065e+00  8.663419e+00  
8.231529e+00  7.837831e+00  7.482953e+00  7.164436e+00  6.878329e+00  6.619052e+00  
6.377943e+00  6.146453e+00  5.917640e+00  5.678079e+00  5.405125e+00  5.055479e+00  
4.530174e+00  4.124841e+00  3.522954e+00  2.823444e+00  1.832073e+00  1.524790e+00  
1.257420e+00  1.223430e+00  1.201010e+00  1.198260e+00  1.192950e+00  1.194930e+00  
1.154461e+01  1.154461e+01  1.154463e+01  1.154469e+01  1.154485e+01  1.154523e+01  
1.154609e+01  1.154776e+01  1.155052e+01  1.155452e+01  1.156055e+01  1.156901e+01  
1.157931e+01  1.159004e+01  1.160012e+01  1.160561e+01  1.160089e+01  1.158346e+01  
1.155116e+01  1.150368e+01  1.143573e+01  1.133506e+01  1.122711e+01  1.108986e+01  
1.089742e+01  1.061581e+01  1.019956e+01  9.671676e+00  9.184038e+00  8.733799e+00  
8.321204e+00  7.946581e+00  7.610508e+00  7.310896e+00  7.044205e+00  6.805403e+00  
6.586352e+00  6.378870e+00  6.176117e+00  5.964167e+00  5.720288e+00  5.402317e+00  
4.909276e+00  4.515184e+00  3.908483e+00  3.164950e+00  2.015536e+00  1.631150e+00  
1.272200e+00  1.222970e+00  1.190910e+00  1.187580e+00  1.180030e+00  1.183680e+00  
1.154609e+01  1.154611e+01  1.154614e+01  1.154625e+01  1.154651e+01  1.154713e+01  
1.154840e+01  1.155072e+01  1.155426e+01  1.155948e+01  1.156725e+01  1.157755e+01  
1.158928e+01  1.160124e+01  1.161157e+01  1.161445e+01  1.160579e+01  1.158369e+01  
1.154685e+01  1.149630e+01  1.141353e+01  1.132168e+01  1.121894e+01  1.108574e+01  
1.089688e+01  1.061936e+01  1.020956e+01  9.691748e+00  9.215745e+00  8.778490e+00  
8.379589e+00  8.018579e+00  7.695368e+00  7.408238e+00  7.154641e+00  6.930783e+00  
6.730306e+00  6.545840e+00  6.368703e+00  6.180352e+00  5.954464e+00  5.651937e+00  
5.180761e+00  4.808073e+00  4.235211e+00  3.493211e+00  2.192517e+00  1.721320e+00  
1.287900e+00  1.228850e+00  1.186270e+00  1.179980e+00  1.176750e+00  1.176880e+00  
1.154657e+01  1.154660e+01  1.154666e+01  1.154683e+01  1.154721e+01  1.154808e+01  
1.154980e+01  1.155273e+01  1.155704e+01  1.156355e+01  1.157289e+01  1.158469e+01  
1.159752e+01  1.161042e+01  1.161996e+01  1.161996e+01  1.160773e+01  1.158147e+01  
1.154143e+01  1.148730e+01  1.139783e+01  1.131170e+01  1.121294e+01  1.108300e+01  
1.089718e+01  1.062309e+01  1.021834e+01  9.708121e+00  9.240392e+00  8.812210e+00  
8.422870e+00  8.071581e+00  7.757882e+00  7.480264e+00  7.236578e+00  7.023533e+00  
6.835469e+00  6.665747e+00  6.506374e+00  6.339651e+00  6.138981e+00  5.861786e+00  
5.413512e+00  5.053361e+00  4.495363e+00  3.752478e+00  2.362112e+00  1.821440e+00  
1.306120e+00  1.234550e+00  1.183570e+00  1.176080e+00  1.172270e+00  1.172350e+00  
1.154862e+01  1.154870e+01  1.154882e+01  1.154912e+01  1.154980e+01  1.155125e+01  
1.155388e+01  1.155791e+01  1.156390e+01  1.157286e+01  1.158486e+01  1.159875e+01  
1.161342e+01  1.162694e+01  1.163310e+01  1.162768e+01  1.160901e+01  1.157636e+01  
1.153216e+01  1.145685e+01  1.137815e+01  1.129954e+01  1.120644e+01  1.108124e+01  
1.089982e+01  1.063070e+01  1.023296e+01  9.732538e+00  9.275134e+00  8.858144e+00  
8.480885e+00  8.142408e+00  7.842231e+00  7.578985e+00  7.350730e+00  7.154338e+00  
6.984288e+00  6.834469e+00  6.698484e+00  6.561169e+00  6.398350e+00  6.167833e+00  
5.775334e+00  5.446136e+00  4.915858e+00  4.169791e+00  2.656562e+00  2.020363e+00  
1.349640e+00  1.248850e+00  1.180040e+00  1.174160e+00  1.163920e+00  1.166660e+00  
1.155198e+01  1.155211e+01  1.155231e+01  1.155278e+01  1.155382e+01  1.155590e+01  
1.155937e+01  1.156448e+01  1.157224e+01  1.158336e+01  1.159737e+01  1.161281e+01  
1.162877e+01  1.164109e+01  1.164334e+01  1.163312e+01  1.160887e+01  1.157207e+01  
1.152217e+01  1.143838e+01  1.136707e+01  1.129341e+01  1.120415e+01  1.108207e+01  
1.090350e+01  1.063746e+01  1.024396e+01  9.749862e+00  9.299039e+00  8.889180e+00  
8.519472e+00  8.188825e+00  7.896599e+00  7.641734e+00  7.422661e+00  7.236819e+00  
7.079491e+00  6.945394e+00  6.828822e+00  6.715381e+00  6.581642e+00  6.385796e+00  
6.035736e+00  5.733421e+00  5.235495e+00  4.508133e+00  2.921596e+00  2.199655e+00  
1.392990e+00  1.268250e+00  1.180190e+00  1.172470e+00  1.159670e+00  1.163180e+00  
1.155685e+01  1.155717e+01  1.155762e+01  1.155866e+01  1.156074e+01  1.156433e+01  
1.156965e+01  1.157775e+01  1.158954e+01  1.160479e+01  1.162201e+01  1.164032e+01  
1.165607e+01  1.166218e+01  1.165573e+01  1.163514e+01  1.160176e+01  1.155841e+01  
1.147716e+01  1.141110e+01  1.135027e+01  1.128433e+01  1.120105e+01  1.108388e+01  
1.090990e+01  1.064920e+01  1.026328e+01  9.778835e+00  9.337484e+00  8.937215e+00  
8.577117e+00  8.256270e+00  7.974123e+00  7.730128e+00  7.523335e+00  7.352234e+00  
7.213477e+00  7.103543e+00  7.018734e+00  6.947339e+00  6.868380e+00  6.739492e+00  
6.469804e+00  6.216143e+00  5.777148e+00  5.111126e+00  3.485668e+00  2.597761e+00  
1.495360e+00  1.320820e+00  1.187010e+00  1.170990e+00  1.158530e+00  1.158450e+00  
1.155710e+01  1.155769e+01  1.155850e+01  1.156021e+01  1.156337e+01  1.156826e+01  
1.157555e+01  1.158659e+01  1.160162e+01  1.161945e+01  1.163899e+01  1.165829e+01  
1.167032e+01  1.167021e+01  1.165629e+01  1.162819e+01  1.159024e+01  1.152060e+01  
1.145058e+01  1.139323e+01  1.133864e+01  1.127751e+01  1.119810e+01  1.108434e+01  
1.091377e+01  1.065681e+01  1.027512e+01  9.795632e+00  9.358620e+00  8.962451e+00  
8.606481e+00  8.290424e+00  8.014246e+00  7.777410e+00  7.578727e+00  7.416665e+00  
7.288578e+00  7.191654e+00  7.123136e+00  7.072763e+00  7.023297e+00  6.942238e+00  
6.743998e+00  6.530984e+00  6.135603e+00  5.516985e+00  3.920779e+00  2.932635e+00  
1.598780e+00  1.379610e+00  1.195310e+00  1.174990e+00  1.154890e+00  1.156080e+00  
1.157388e+01  1.157523e+01  1.157691e+01  1.158009e+01  1.158511e+01  1.159259e+01  
1.160402e+01  1.161985e+01  1.163910e+01  1.166048e+01  1.168246e+01  1.169809e+01  
1.170148e+01  1.169077e+01  1.166519e+01  1.162924e+01  1.156488e+01  1.149189e+01  
1.143633e+01  1.138842e+01  1.134059e+01  1.128410e+01  1.120763e+01  1.109545e+01  
1.092541e+01  1.066824e+01  1.028643e+01  9.808733e+00  9.375381e+00  8.984610e+00  
8.635259e+00  8.326459e+00  8.057560e+00  7.828142e+00  7.637377e+00  7.483794e+00  
7.364085e+00  7.276450e+00  7.223051e+00  7.203668e+00  7.207555e+00  7.188142e+00  
7.057470e+00  6.899174e+00  6.594415e+00  6.066749e+00  4.520853e+00  3.488628e+00  
1.803898e+00  1.492280e+00  1.215790e+00  1.183130e+00  1.153860e+00  1.153690e+00  
1.157686e+01  1.157921e+01  1.158188e+01  1.158641e+01  1.159313e+01  1.160347e+01  
1.161844e+01  1.163772e+01  1.165966e+01  1.168345e+01  1.170418e+01  1.171390e+01  
1.170980e+01  1.169024e+01  1.165792e+01  1.161578e+01  1.152990e+01  1.146952e+01  
1.142176e+01  1.137952e+01  1.133578e+01  1.128217e+01  1.120772e+01  1.109701e+01  
1.092819e+01  1.067222e+01  1.029203e+01  9.816541e+00  9.385427e+00  8.997094e+00  
8.650422e+00  8.344591e+00  8.079061e+00  7.853412e+00  7.667005e+00  7.518551e+00  
7.404920e+00  7.324773e+00  7.281132e+00  7.275339e+00  7.299694e+00  7.313683e+00  
7.239049e+00  7.121102e+00  6.868702e+00  6.408035e+00  4.971981e+00  3.908499e+00  
1.990251e+00  1.605640e+00  1.238800e+00  1.192530e+00  1.153760e+00  1.152490e+00  
1.155700e+01  1.156056e+01  1.156421e+01  1.156992e+01  1.157849e+01  1.159153e+01  
1.160946e+01  1.163109e+01  1.165522e+01  1.167991e+01  1.169720e+01  1.170138e+01  
1.169058e+01  1.166443e+01  1.162845e+01  1.155801e+01  1.148614e+01  1.143343e+01  
1.139124e+01  1.135330e+01  1.131303e+01  1.126249e+01  1.119123e+01  1.108440e+01  
1.092066e+01  1.067106e+01  1.029748e+01  9.826566e+00  9.397061e+00  9.009147e+00  
8.662374e+00  8.356492e+00  8.091510e+00  7.867241e+00  7.683343e+00  7.539137e+00  
7.432745e+00  7.362917e+00  7.329564e+00  7.326869e+00  7.345542e+00  7.369001e+00  
7.349790e+00  7.276458e+00  7.065880e+00  6.645494e+00  5.311442e+00  4.249289e+00  
2.163114e+00  1.714770e+00  1.262520e+00  1.202890e+00  1.154000e+00  1.151790e+00  
1.155742e+01  1.156232e+01  1.156689e+01  1.157374e+01  1.158425e+01  1.159970e+01  
1.162000e+01  1.164347e+01  1.166931e+01  1.169326e+01  1.170658e+01  1.170574e+01  
1.168892e+01  1.165822e+01  1.161929e+01  1.153256e+01  1.146925e+01  1.142185e+01  
1.138351e+01  1.134834e+01  1.131001e+01  1.126082e+01  1.119050e+01  1.108438e+01  
1.092125e+01  1.067225e+01  1.029942e+01  9.829565e+00  9.401060e+00  9.014235e+00  
8.668691e+00  8.364118e+00  8.100525e+00  7.877784e+00  7.695695e+00  7.553638e+00  
7.449886e+00  7.383346e+00  7.354302e+00  7.357545e+00  7.384967e+00  7.422484e+00  
7.429294e+00  7.379106e+00  7.205755e+00  6.830715e+00  5.572459e+00  4.532543e+00  
2.328909e+00  1.818628e+00  1.286230e+00  1.212870e+00  1.155550e+00  1.151320e+00  
1.155797e+01  1.156579e+01  1.157197e+01  1.158128e+01  1.159547e+01  1.161501e+01  
1.163862e+01  1.166514e+01  1.169245e+01  1.171202e+01  1.171786e+01  1.170814e+01  
1.168200e+01  1.164613e+01  1.157287e+01  1.149899e+01  1.144624e+01  1.140616e+01  
1.137313e+01  1.134174e+01  1.130599e+01  1.125854e+01  1.118942e+01  1.108416e+01  
1.092174e+01  1.067345e+01  1.030156e+01  9.833051e+00  9.405974e+00  9.020708e+00  
8.676782e+00  8.373947e+00  8.112214e+00  7.891522e+00  7.711751e+00  7.572453e+00  
7.472027e+00  7.409666e+00  7.386129e+00  7.397070e+00  7.435979e+00  7.491873e+00  
7.532622e+00  7.513846e+00  7.395904e+00  7.093363e+00  5.961609e+00  4.975661e+00  
2.635639e+00  2.014122e+00  1.333460e+00  1.233180e+00  1.159630e+00  1.150720e+00  
1.155836e+01  1.156921e+01  1.157614e+01  1.158876e+01  1.160624e+01  1.162890e+01  
1.165493e+01  1.168263e+01  1.170997e+01  1.172519e+01  1.172329e+01  1.170550e+01  
1.167382e+01  1.163339e+01  1.154015e+01  1.147709e+01  1.143114e+01  1.139600e+01  
1.136651e+01  1.133756e+01  1.130346e+01  1.125710e+01  1.118870e+01  1.108393e+01  
1.092188e+01  1.067398e+01  1.030268e+01  9.834971e+00  9.408864e+00  9.024596e+00  
8.681719e+00  8.380004e+00  8.119450e+00  7.900026e+00  7.721694e+00  7.584065e+00  
7.485657e+00  7.425805e+00  7.405626e+00  7.421324e+00  7.467371e+00  7.534783e+00  
7.596659e+00  7.598073e+00  7.519115e+00  7.271586e+00  6.242248e+00  5.311692e+00  
2.907684e+00  2.193643e+00  1.380080e+00  1.254290e+00  1.164390e+00  1.150360e+00  
