6.057272e+00  6.057274e+00  6.057275e+00  6.057276e+00  6.057279e+00  6.057283e+00  
6.057289e+00  6.057299e+00  6.057315e+00  6.057340e+00  6.057381e+00  6.057444e+00  
6.057545e+00  6.057705e+00  6.057956e+00  6.058357e+00  6.058992e+00  6.059998e+00  
6.061593e+00  6.064120e+00  6.068123e+00  6.074448e+00  6.084382e+00  6.099749e+00  
6.122547e+00  6.152563e+00  6.183992e+00  6.201990e+00  6.195873e+00  6.171976e+00  
6.133381e+00  6.083807e+00  6.027790e+00  5.966133e+00  5.898493e+00  5.826470e+00  
5.753080e+00  5.681530e+00  5.613730e+00  5.552820e+00  5.501990e+00  5.461860e+00  
5.429800e+00  5.414300e+00  5.398400e+00  5.385520e+00  5.372960e+00  5.369810e+00  
5.367280e+00  5.366970e+00  5.366750e+00  5.366710e+00  5.366690e+00  5.366700e+00  
6.712154e+00  6.712156e+00  6.712157e+00  6.712158e+00  6.712161e+00  6.712165e+00  
6.712171e+00  6.712181e+00  6.712197e+00  6.712222e+00  6.712261e+00  6.712324e+00  
6.712424e+00  6.712581e+00  6.712831e+00  6.713226e+00  6.713853e+00  6.714848e+00  
6.716425e+00  6.718925e+00  6.722884e+00  6.729133e+00  6.738907e+00  6.753830e+00  
6.775133e+00  6.799637e+00  6.814235e+00  6.798289e+00  6.749790e+00  6.680200e+00  
6.593830e+00  6.494849e+00  6.388331e+00  6.275952e+00  6.158817e+00  6.040090e+00  
5.923510e+00  5.812570e+00  5.708690e+00  5.613320e+00  5.528510e+00  5.456580e+00  
5.396470e+00  5.367850e+00  5.338630e+00  5.315550e+00  5.295760e+00  5.290960e+00  
5.287010e+00  5.286500e+00  5.286060e+00  5.285990e+00  5.285990e+00  5.285880e+00  
7.178674e+00  7.178676e+00  7.178676e+00  7.178678e+00  7.178680e+00  7.178684e+00  
7.178690e+00  7.178699e+00  7.178713e+00  7.178736e+00  7.178771e+00  7.178829e+00  
7.178920e+00  7.179063e+00  7.179291e+00  7.179653e+00  7.180227e+00  7.181139e+00  
7.182583e+00  7.184875e+00  7.188505e+00  7.194229e+00  7.203139e+00  7.216535e+00  
7.234726e+00  7.251564e+00  7.247060e+00  7.196114e+00  7.106379e+00  6.994081e+00  
6.864982e+00  6.724209e+00  6.577879e+00  6.427989e+00  6.275616e+00  6.124210e+00  
5.976980e+00  5.836890e+00  5.704980e+00  5.582010e+00  5.469560e+00  5.370670e+00  
5.286990e+00  5.249580e+00  5.213660e+00  5.186850e+00  5.163110e+00  5.157450e+00  
5.152910e+00  5.152320e+00  5.151830e+00  5.151750e+00  5.151730e+00  5.151640e+00  
7.836675e+00  7.836676e+00  7.836677e+00  7.836678e+00  7.836679e+00  7.836682e+00  
7.836686e+00  7.836693e+00  7.836704e+00  7.836720e+00  7.836747e+00  7.836788e+00  
7.836855e+00  7.836959e+00  7.837126e+00  7.837390e+00  7.837809e+00  7.838475e+00  
7.839535e+00  7.841222e+00  7.843898e+00  7.848110e+00  7.854581e+00  7.863851e+00  
7.874339e+00  7.874387e+00  7.831964e+00  7.716079e+00  7.553634e+00  7.369069e+00  
7.170638e+00  6.965143e+00  6.759981e+00  6.556939e+00  6.355988e+00  6.159980e+00  
5.970710e+00  5.789670e+00  5.617460e+00  5.454080e+00  5.300490e+00  5.159910e+00  
5.037950e+00  4.986030e+00  4.940030e+00  4.908970e+00  4.880920e+00  4.874600e+00  
4.869730e+00  4.869090e+00  4.868610e+00  4.868540e+00  4.868500e+00  4.868470e+00  
8.303576e+00  8.303577e+00  8.303577e+00  8.303578e+00  8.303579e+00  8.303580e+00  
8.303582e+00  8.303585e+00  8.303592e+00  8.303601e+00  8.303617e+00  8.303640e+00  
8.303677e+00  8.303737e+00  8.303833e+00  8.303985e+00  8.304227e+00  8.304615e+00  
8.305237e+00  8.306234e+00  8.307828e+00  8.310330e+00  8.314065e+00  8.318790e+00  
8.321110e+00  8.304474e+00  8.226829e+00  8.054049e+00  7.830887e+00  7.588530e+00  
7.336929e+00  7.083599e+00  6.836500e+00  6.596603e+00  6.362532e+00  6.136240e+00  
5.918420e+00  5.709480e+00  5.509550e+00  5.318030e+00  5.135250e+00  4.964150e+00  
4.811990e+00  4.747140e+00  4.691440e+00  4.655930e+00  4.625020e+00  4.618440e+00  
4.613530e+00  4.612890e+00  4.612440e+00  4.612370e+00  4.612310e+00  4.612310e+00  
8.665421e+00  8.665421e+00  8.665421e+00  8.665421e+00  8.665422e+00  8.665422e+00  
8.665423e+00  8.665424e+00  8.665424e+00  8.665426e+00  8.665430e+00  8.665435e+00  
8.665443e+00  8.665457e+00  8.665478e+00  8.665514e+00  8.665573e+00  8.665672e+00  
8.665841e+00  8.666127e+00  8.666604e+00  8.667352e+00  8.668289e+00  8.668408e+00  
8.662606e+00  8.630016e+00  8.520208e+00  8.297471e+00  8.022922e+00  7.733213e+00  
7.439369e+00  7.149063e+00  6.870073e+00  6.602508e+00  6.343814e+00  6.094960e+00  
5.856010e+00  5.626470e+00  5.406080e+00  5.193670e+00  4.988960e+00  4.794470e+00  
4.617820e+00  4.541300e+00  4.476040e+00  4.435500e+00  4.401800e+00  4.394920e+00  
4.389890e+00  4.389250e+00  4.388790e+00  4.388730e+00  4.388670e+00  4.388680e+00  
8.960814e+00  8.960814e+00  8.960813e+00  8.960813e+00  8.960813e+00  8.960812e+00  
8.960811e+00  8.960809e+00  8.960805e+00  8.960799e+00  8.960791e+00  8.960778e+00  
8.960757e+00  8.960723e+00  8.960671e+00  8.960592e+00  8.960467e+00  8.960278e+00  
8.959995e+00  8.959573e+00  8.958944e+00  8.957954e+00  8.956129e+00  8.951714e+00  
8.937996e+00  8.890244e+00  8.750959e+00  8.483968e+00  8.165184e+00  7.835778e+00  
7.507432e+00  7.187484e+00  6.883206e+00  6.593800e+00  6.315743e+00  6.049060e+00  
5.793580e+00  5.548030e+00  5.311800e+00  5.083170e+00  4.861290e+00  4.648230e+00  
4.451140e+00  4.364060e+00  4.289560e+00  4.243620e+00  4.207000e+00  4.199730e+00  
4.194490e+00  4.193830e+00  4.193360e+00  4.193300e+00  4.193250e+00  4.193240e+00  
9.426383e+00  9.426382e+00  9.426381e+00  9.426380e+00  9.426378e+00  9.426375e+00  
9.426369e+00  9.426361e+00  9.426349e+00  9.426329e+00  9.426298e+00  9.426249e+00  
9.426171e+00  9.426047e+00  9.425854e+00  9.425549e+00  9.425073e+00  9.424331e+00  
9.423182e+00  9.421409e+00  9.418673e+00  9.414384e+00  9.407318e+00  9.394283e+00  
9.365521e+00  9.289433e+00  9.098051e+00  8.755495e+00  8.363790e+00  7.971122e+00  
7.589436e+00  7.224686e+00  6.882392e+00  6.560170e+00  6.252960e+00  5.959260e+00  
5.679120e+00  5.409980e+00  5.150580e+00  4.898200e+00  4.650920e+00  4.409990e+00  
4.180430e+00  4.074930e+00  3.983240e+00  3.926240e+00  3.883520e+00  3.875260e+00  
3.869340e+00  3.868620e+00  3.868100e+00  3.868020e+00  3.867970e+00  3.867960e+00  
9.785663e+00  9.785661e+00  9.785660e+00  9.785657e+00  9.785654e+00  9.785649e+00  
9.785640e+00  9.785626e+00  9.785606e+00  9.785572e+00  9.785519e+00  9.785435e+00  
9.785302e+00  9.785092e+00  9.784763e+00  9.784243e+00  9.783429e+00  9.782161e+00  
9.780189e+00  9.777138e+00  9.772414e+00  9.765025e+00  9.753039e+00  9.731919e+00  
9.689220e+00  9.588011e+00  9.351077e+00  8.945826e+00  8.495917e+00  8.054614e+00  
7.633196e+00  7.235857e+00  6.866076e+00  6.519753e+00  6.191284e+00  5.877710e+00  
5.579810e+00  5.293890e+00  5.018180e+00  4.749050e+00  4.483720e+00  4.222780e+00  
3.968560e+00  3.847860e+00  3.741100e+00  3.673540e+00  3.624290e+00  3.614750e+00  
3.607840e+00  3.607010e+00  3.606400e+00  3.606300e+00  3.606260e+00  3.606210e+00  
1.042725e+01  1.042725e+01  1.042724e+01  1.042724e+01  1.042723e+01  1.042722e+01  
1.042721e+01  1.042718e+01  1.042714e+01  1.042707e+01  1.042696e+01  1.042680e+01  
1.042655e+01  1.042614e+01  1.042550e+01  1.042449e+01  1.042292e+01  1.042046e+01  
1.041665e+01  1.041077e+01  1.040165e+01  1.038744e+01  1.036453e+01  1.032521e+01  
1.025091e+01  1.009446e+01  9.765295e+00  9.239915e+00  8.683974e+00  8.157832e+00  
7.669766e+00  7.218968e+00  6.804326e+00  6.417296e+00  6.054196e+00  5.707976e+00  
5.381330e+00  5.068640e+00  4.766970e+00  4.471280e+00  4.177390e+00  3.884720e+00  
3.589410e+00  3.441370e+00  3.305650e+00  3.215390e+00  3.148690e+00  3.135030e+00  
3.124820e+00  3.123600e+00  3.122680e+00  3.122520e+00  3.122460e+00  3.122410e+00  
1.086871e+01  1.086870e+01  1.086870e+01  1.086869e+01  1.086868e+01  1.086867e+01  
1.086865e+01  1.086861e+01  1.086855e+01  1.086846e+01  1.086831e+01  1.086807e+01  
1.086770e+01  1.086712e+01  1.086620e+01  1.086475e+01  1.086249e+01  1.085899e+01  
1.085357e+01  1.084521e+01  1.083232e+01  1.081220e+01  1.077971e+01  1.072404e+01  
1.062138e+01  1.041813e+01  1.001697e+01  9.403905e+00  8.775315e+00  8.193564e+00  
7.663831e+00  7.180537e+00  6.737308e+00  6.325131e+00  5.940780e+00  5.574673e+00  
5.230420e+00  4.901740e+00  4.584500e+00  4.272960e+00  3.962310e+00  3.651330e+00  
3.331190e+00  3.165380e+00  3.009330e+00  2.901170e+00  2.817470e+00  2.799370e+00  
2.785540e+00  2.783880e+00  2.782620e+00  2.782420e+00  2.782340e+00  2.782300e+00  
1.165819e+01  1.165817e+01  1.165816e+01  1.165815e+01  1.165813e+01  1.165809e+01  
1.165803e+01  1.165794e+01  1.165779e+01  1.165756e+01  1.165719e+01  1.165660e+01  
1.165568e+01  1.165422e+01  1.165193e+01  1.164833e+01  1.164269e+01  1.163389e+01  
1.162019e+01  1.159895e+01  1.156591e+01  1.151405e+01  1.143086e+01  1.129420e+01  
1.106923e+01  1.071165e+01  1.016664e+01  9.471419e+00  8.821831e+00  8.215148e+00  
7.649910e+00  7.124440e+00  6.631413e+00  6.173154e+00  5.752001e+00  5.358341e+00  
4.991860e+00  4.645230e+00  4.312800e+00  3.991030e+00  3.672640e+00  3.341340e+00  
2.983810e+00  2.798530e+00  2.619080e+00  2.484700e+00  2.367730e+00  2.348270e+00  
2.325530e+00  2.322070e+00  2.320620e+00  2.320380e+00  2.320480e+00  2.320300e+00  
1.201445e+01  1.201443e+01  1.201442e+01  1.201441e+01  1.201438e+01  1.201434e+01  
1.201427e+01  1.201416e+01  1.201399e+01  1.201372e+01  1.201331e+01  1.201264e+01  
1.201159e+01  1.200994e+01  1.200734e+01  1.200328e+01  1.199695e+01  1.198714e+01  
1.197201e+01  1.194870e+01  1.191258e+01  1.185555e+01  1.176246e+01  1.160632e+01  
1.134772e+01  1.094020e+01  1.032526e+01  9.548742e+00  8.832700e+00  8.172960e+00  
7.566050e+00  7.008820e+00  6.492233e+00  6.017478e+00  5.587696e+00  5.187741e+00  
4.814580e+00  4.463000e+00  4.123920e+00  3.793520e+00  3.464310e+00  3.120280e+00  
2.747750e+00  2.552980e+00  2.360630e+00  2.211410e+00  2.072350e+00  2.044810e+00  
2.017270e+00  2.013400e+00  2.011280e+00  2.010980e+00  2.010880e+00  2.010780e+00  
1.225626e+01  1.225624e+01  1.225623e+01  1.225621e+01  1.225618e+01  1.225614e+01  
1.225606e+01  1.225595e+01  1.225577e+01  1.225547e+01  1.225501e+01  1.225428e+01  
1.225313e+01  1.225133e+01  1.224852e+01  1.224414e+01  1.223734e+01  1.222689e+01  
1.221091e+01  1.218646e+01  1.214863e+01  1.208829e+01  1.198759e+01  1.181553e+01  
1.153018e+01  1.108355e+01  1.041368e+01  9.574491e+00  8.808288e+00  8.110018e+00  
7.473850e+00  6.893542e+00  6.361997e+00  5.877921e+00  5.444385e+00  5.042169e+00  
4.665511e+00  4.312480e+00  3.970660e+00  3.636010e+00  3.301130e+00  2.950530e+00  
2.570670e+00  2.371130e+00  2.171580e+00  2.013030e+00  1.857300e+00  1.822840e+00  
1.791650e+00  1.787530e+00  1.784820e+00  1.784460e+00  1.784210e+00  1.784130e+00  
1.243064e+01  1.243062e+01  1.243061e+01  1.243059e+01  1.243056e+01  1.243051e+01  
1.243043e+01  1.243030e+01  1.243010e+01  1.242979e+01  1.242929e+01  1.242852e+01  
1.242730e+01  1.242539e+01  1.242241e+01  1.241779e+01  1.241069e+01  1.239986e+01  
1.238343e+01  1.235847e+01  1.231981e+01  1.225720e+01  1.215013e+01  1.196443e+01  
1.165700e+01  1.117819e+01  1.046285e+01  9.573012e+00  8.766913e+00  8.038892e+00  
7.381027e+00  6.783041e+00  6.240317e+00  5.751843e+00  5.316753e+00  4.914312e+00  
4.536225e+00  4.182920e+00  3.840460e+00  3.504010e+00  3.166350e+00  2.812660e+00  
2.429720e+00  2.228010e+00  2.024480e+00  1.859890e+00  1.691370e+00  1.651120e+00  
1.617130e+00  1.612860e+00  1.609630e+00  1.609220e+00  1.608850e+00  1.608780e+00  
1.268687e+01  1.268685e+01  1.268683e+01  1.268681e+01  1.268678e+01  1.268672e+01  
1.268663e+01  1.268648e+01  1.268626e+01  1.268592e+01  1.268535e+01  1.268448e+01  
1.268311e+01  1.268098e+01  1.267769e+01  1.267264e+01  1.266498e+01  1.265348e+01  
1.263634e+01  1.261056e+01  1.257014e+01  1.250196e+01  1.237982e+01  1.216532e+01  
1.181418e+01  1.127349e+01  1.047708e+01  9.506666e+00  8.646986e+00  7.885821e+00  
7.209274e+00  6.599225e+00  6.047665e+00  5.559445e+00  5.123048e+00  4.717760e+00  
4.331915e+00  3.968720e+00  3.617680e+00  3.273970e+00  2.933720e+00  2.585170e+00  
2.214740e+00  2.017310e+00  1.808500e+00  1.631090e+00  1.446050e+00  1.398410e+00  
1.360150e+00  1.355490e+00  1.351540e+00  1.351070e+00  1.350630e+00  1.350500e+00  
1.290289e+01  1.290286e+01  1.290285e+01  1.290282e+01  1.290279e+01  1.290272e+01  
1.290262e+01  1.290247e+01  1.290222e+01  1.290183e+01  1.290122e+01  1.290026e+01  
1.289876e+01  1.289645e+01  1.289290e+01  1.288751e+01  1.287947e+01  1.286763e+01  
1.285024e+01  1.282418e+01  1.278227e+01  1.270793e+01  1.257000e+01  1.232829e+01  
1.193726e+01  1.134004e+01  1.047230e+01  9.434601e+00  8.533987e+00  7.748371e+00  
7.057221e+00  6.440198e+00  5.882749e+00  5.392401e+00  4.952986e+00  4.544254e+00  
4.154636e+00  3.787930e+00  3.438960e+00  3.097940e+00  2.760920e+00  2.416800e+00  
2.051910e+00  1.856590e+00  1.647450e+00  1.465990e+00  1.269470e+00  1.218000e+00  
1.176710e+00  1.171650e+00  1.167340e+00  1.166850e+00  1.166350e+00  1.166200e+00  
1.331699e+01  1.331696e+01  1.331694e+01  1.331691e+01  1.331687e+01  1.331680e+01  
1.331667e+01  1.331649e+01  1.331619e+01  1.331574e+01  1.331502e+01  1.331391e+01  
1.331220e+01  1.330960e+01  1.330571e+01  1.330002e+01  1.329187e+01  1.328046e+01  
1.326434e+01  1.323954e+01  1.319459e+01  1.310363e+01  1.292945e+01  1.263272e+01  
1.216052e+01  1.144875e+01  1.044432e+01  9.281312e+00  8.307817e+00  7.479692e+00  
6.760146e+00  6.128604e+00  5.570106e+00  5.075822e+00  4.630308e+00  4.215033e+00  
3.819402e+00  3.444789e+00  3.098990e+00  2.766990e+00  2.441850e+00  2.113260e+00  
1.766820e+00  1.579490e+00  1.373630e+00  1.189160e+00  9.814200e-01  9.256700e-01  
8.808200e-01  8.753000e-01  8.706400e-01  8.701000e-01  8.695500e-01  8.694700e-01  
1.364647e+01  1.364644e+01  1.364642e+01  1.364637e+01  1.364632e+01  1.364624e+01  
1.364611e+01  1.364591e+01  1.364558e+01  1.364507e+01  1.364429e+01  1.364308e+01  
1.364125e+01  1.363851e+01  1.363456e+01  1.362900e+01  1.362151e+01  1.361167e+01  
1.359805e+01  1.357482e+01  1.352456e+01  1.341438e+01  1.320830e+01  1.286695e+01  
1.232669e+01  1.152465e+01  1.042646e+01  9.185775e+00  8.163684e+00  7.304006e+00  
6.564874e+00  5.918394e+00  5.355565e+00  4.857336e+00  4.402986e+00  3.978222e+00  
3.577546e+00  3.202384e+00  2.859900e+00  2.538900e+00  2.222650e+00  1.906610e+00  
1.577710e+00  1.398250e+00  1.198000e+00  1.015830e+00  8.071200e-01  7.504000e-01  
7.046700e-01  6.986700e-01  6.942400e-01  6.936900e-01  6.932600e-01  6.931300e-01  
1.429404e+01  1.429399e+01  1.429397e+01  1.429393e+01  1.429386e+01  1.429377e+01  
1.429361e+01  1.429337e+01  1.429300e+01  1.429242e+01  1.429154e+01  1.429022e+01  
1.428827e+01  1.428555e+01  1.428191e+01  1.427744e+01  1.427247e+01  1.426717e+01  
1.425873e+01  1.423433e+01  1.416402e+01  1.401290e+01  1.375248e+01  1.333052e+01  
1.266785e+01  1.171793e+01  1.048034e+01  9.129575e+00  8.032985e+00  7.114298e+00  
6.345029e+00  5.683740e+00  5.107792e+00  4.599438e+00  4.136730e+00  3.706631e+00  
3.303323e+00  2.925078e+00  2.575111e+00  2.257270e+00  1.953470e+00  1.654270e+00  
1.348200e+00  1.181950e+00  9.939900e-01  8.197700e-01  6.146500e-01  5.581700e-01  
5.124500e-01  5.064900e-01  5.021000e-01  5.015400e-01  5.011300e-01  5.010000e-01  
1.489448e+01  1.489444e+01  1.489440e+01  1.489436e+01  1.489429e+01  1.489419e+01  
1.489402e+01  1.489376e+01  1.489336e+01  1.489274e+01  1.489183e+01  1.489050e+01  
1.488866e+01  1.488629e+01  1.488359e+01  1.488119e+01  1.488017e+01  1.488064e+01  
1.487632e+01  1.484493e+01  1.475031e+01  1.456621e+01  1.426397e+01  1.377428e+01  
1.301640e+01  1.196154e+01  1.062525e+01  9.182754e+00  8.030235e+00  7.066063e+00  
6.270807e+00  5.598685e+00  5.010300e+00  4.487116e+00  4.014092e+00  3.579329e+00  
3.173580e+00  2.791959e+00  2.435516e+00  2.109312e+00  1.810560e+00  1.516180e+00  
1.220640e+00  1.065690e+00  8.868800e-01  7.167300e-01  5.137500e-01  4.585500e-01  
4.131200e-01  4.071200e-01  4.026600e-01  4.020600e-01  4.016500e-01  4.015000e-01  
1.544904e+01  1.544899e+01  1.544896e+01  1.544892e+01  1.544884e+01  1.544873e+01  
1.544856e+01  1.544828e+01  1.544787e+01  1.544725e+01  1.544634e+01  1.544510e+01  
1.544349e+01  1.544174e+01  1.544042e+01  1.544083e+01  1.544463e+01  1.545095e+01  
1.544816e+01  1.540486e+01  1.528682e+01  1.507725e+01  1.473829e+01  1.418940e+01  
1.335668e+01  1.222479e+01  1.081658e+01  9.296363e+00  8.098733e+00  7.100401e+00  
6.279171e+00  5.590775e+00  4.990601e+00  4.455943e+00  3.973218e+00  3.531236e+00  
3.119899e+00  2.733151e+00  2.370504e+00  2.035002e+00  1.731800e+00  1.440090e+00  
1.149740e+00  9.990400e-01  8.241700e-01  6.563300e-01  4.541800e-01  3.990900e-01  
3.536600e-01  3.476300e-01  3.431500e-01  3.425500e-01  3.421400e-01  3.419100e-01  
1.595536e+01  1.595530e+01  1.595527e+01  1.595522e+01  1.595514e+01  1.595502e+01  
1.595485e+01  1.595457e+01  1.595415e+01  1.595353e+01  1.595268e+01  1.595158e+01  
1.595035e+01  1.594943e+01  1.594990e+01  1.595371e+01  1.596285e+01  1.597454e+01  
1.597026e+01  1.591259e+01  1.577471e+01  1.554447e+01  1.517156e+01  1.457154e+01  
1.367964e+01  1.248822e+01  1.102270e+01  9.433460e+00  8.195124e+00  7.174587e+00  
6.334383e+00  5.629894e+00  5.016888e+00  4.471030e+00  3.978460e+00  3.528400e+00  
3.110509e+00  2.718042e+00  2.349221e+00  2.004947e+00  1.691466e+00  1.399650e+00  
1.110910e+00  9.615700e-01  7.875900e-01  6.197700e-01  4.166400e-01  3.611900e-01  
3.153700e-01  3.092900e-01  3.047500e-01  3.041400e-01  3.037400e-01  3.034600e-01  
1.682508e+01  1.682502e+01  1.682498e+01  1.682494e+01  1.682486e+01  1.682473e+01  
1.682455e+01  1.682427e+01  1.682388e+01  1.682334e+01  1.682266e+01  1.682201e+01  
1.682183e+01  1.682321e+01  1.682827e+01  1.684029e+01  1.686078e+01  1.688021e+01  
1.686542e+01  1.677907e+01  1.661312e+01  1.634836e+01  1.591471e+01  1.523505e+01  
1.425817e+01  1.297962e+01  1.142509e+01  9.728188e+00  8.422745e+00  7.374479e+00  
6.511295e+00  5.781881e+00  5.144865e+00  4.577696e+00  4.066674e+00  3.600803e+00  
3.169413e+00  2.764792e+00  2.383237e+00  2.022546e+00  1.685904e+00  1.380910e+00  
1.088080e+00  9.368300e-01  7.595000e-01  5.872200e-01  3.772500e-01  3.197500e-01  
2.721300e-01  2.658000e-01  2.610600e-01  2.604300e-01  2.600100e-01  2.598000e-01  
1.753508e+01  1.753502e+01  1.753498e+01  1.753494e+01  1.753486e+01  1.753473e+01  
1.753456e+01  1.753429e+01  1.753394e+01  1.753351e+01  1.753312e+01  1.753314e+01  
1.753441e+01  1.753878e+01  1.754964e+01  1.757116e+01  1.760268e+01  1.762451e+01  
1.759365e+01  1.748491e+01  1.730086e+01  1.700487e+01  1.652064e+01  1.578562e+01  
1.475303e+01  1.341328e+01  1.179071e+01  1.001827e+01  8.670494e+00  7.602479e+00  
6.724761e+00  5.977929e+00  5.321417e+00  4.735518e+00  4.207973e+00  3.727698e+00  
3.283417e+00  2.866544e+00  2.472003e+00  2.095292e+00  1.736890e+00  1.407666e+00  
1.104930e+00  9.484100e-01  7.638300e-01  5.833100e-01  3.620000e-01  3.012400e-01  
2.508500e-01  2.441500e-01  2.391400e-01  2.384800e-01  2.380300e-01  2.379400e-01  
1.883094e+01  1.883087e+01  1.883084e+01  1.883079e+01  1.883071e+01  1.883060e+01  
1.883045e+01  1.883027e+01  1.883013e+01  1.883017e+01  1.883086e+01  1.883328e+01  
1.883962e+01  1.885417e+01  1.888323e+01  1.893038e+01  1.898096e+01  1.898886e+01  
1.891895e+01  1.878191e+01  1.856229e+01  1.819418e+01  1.762260e+01  1.680929e+01  
1.570197e+01  1.427678e+01  1.254187e+01  1.066270e+01  9.287740e+00  8.183164e+00  
7.270931e+00  6.487706e+00  5.795166e+00  5.174707e+00  4.614728e+00  4.104179e+00  
3.631529e+00  3.187156e+00  2.763608e+00  2.352317e+00  1.949322e+00  1.561427e+00  
1.210640e+00  1.034700e+00  8.243600e-01  6.162800e-01  3.594700e-01  2.888400e-01  
2.302500e-01  2.225100e-01  2.168000e-01  2.160600e-01  2.155200e-01  2.154000e-01  
1.969713e+01  1.969706e+01  1.969703e+01  1.969699e+01  1.969691e+01  1.969682e+01  
1.969673e+01  1.969667e+01  1.969681e+01  1.969754e+01  1.969978e+01  1.970551e+01  
1.971876e+01  1.974649e+01  1.979667e+01  1.986654e+01  1.991934e+01  1.990170e+01  
1.981046e+01  1.965832e+01  1.939826e+01  1.896998e+01  1.834543e+01  1.749116e+01  
1.635388e+01  1.491972e+01  1.312153e+01  1.121244e+01  9.839090e+00  8.710676e+00  
7.767316e+00  6.953159e+00  6.235301e+00  5.592956e+00  5.010992e+00  4.477188e+00  
3.981750e+00  3.515352e+00  3.068380e+00  2.628808e+00  2.190829e+00  1.762255e+00  
1.352368e+00  1.147390e+00  9.047600e-01  6.669600e-01  3.740200e-01  2.934000e-01  
2.253600e-01  2.161500e-01  2.095500e-01  2.088500e-01  2.080400e-01  2.075400e-01  
2.074808e+01  2.074801e+01  2.074799e+01  2.074794e+01  2.074790e+01  2.074788e+01  
2.074794e+01  2.074828e+01  2.074930e+01  2.075205e+01  2.075869e+01  2.077376e+01  
2.080566e+01  2.086578e+01  2.095794e+01  2.105006e+01  2.107787e+01  2.102735e+01  
2.092482e+01  2.073596e+01  2.040082e+01  1.990252e+01  1.923249e+01  1.835427e+01  
1.721474e+01  1.578049e+01  1.398148e+01  1.209445e+01  1.069625e+01  9.542774e+00  
8.576140e+00  7.738038e+00  6.991575e+00  6.317320e+00  5.702908e+00  5.136663e+00  
4.606842e+00  4.103562e+00  3.619521e+00  3.145886e+00  2.672094e+00  2.184246e+00  
1.663327e+00  1.382039e+00  1.071130e+00  7.733000e-01  4.177500e-01  3.173000e-01  
2.285400e-01  2.155600e-01  2.048900e-01  2.036300e-01  2.025500e-01  2.010200e-01  
2.142000e+01  2.141994e+01  2.141991e+01  2.141989e+01  2.141988e+01  2.141996e+01  
2.142024e+01  2.142109e+01  2.142335e+01  2.142884e+01  2.144147e+01  2.146898e+01  
2.152410e+01  2.161885e+01  2.174043e+01  2.182528e+01  2.182471e+01  2.176646e+01  
2.164831e+01  2.140695e+01  2.101110e+01  2.046757e+01  1.976535e+01  1.886583e+01  
1.771389e+01  1.622220e+01  1.452156e+01  1.272501e+01  1.134792e+01  1.019596e+01  
9.216997e+00  8.359862e+00  7.591852e+00  6.895510e+00  6.259439e+00  5.672678e+00  
5.123889e+00  4.602889e+00  4.100716e+00  3.605708e+00  3.102211e+00  2.566177e+00  
1.961938e+00  1.617048e+00  1.233980e+00  8.815800e-01  4.647200e-01  3.466500e-01  
2.378700e-01  2.201300e-01  2.033100e-01  2.011600e-01  2.004200e-01  1.977700e-01  
2.167532e+01  2.167527e+01  2.167525e+01  2.167525e+01  2.167530e+01  2.167551e+01  
2.167610e+01  2.167767e+01  2.168155e+01  2.169061e+01  2.171086e+01  2.175367e+01  
2.183503e+01  2.196228e+01  2.209690e+01  2.216278e+01  2.214990e+01  2.209246e+01  
2.195100e+01  2.166629e+01  2.123869e+01  2.068236e+01  1.998577e+01  1.911475e+01  
1.800065e+01  1.655200e+01  1.496652e+01  1.327779e+01  1.192102e+01  1.075005e+01  
9.732836e+00  8.835881e+00  8.040769e+00  7.330577e+00  6.690574e+00  6.105820e+00  
5.559850e+00  5.038636e+00  4.532166e+00  4.026969e+00  3.501264e+00  2.915790e+00  
2.222277e+00  1.819076e+00  1.371911e+00  9.862900e-01  5.211600e-01  3.801500e-01  
2.477600e-01  2.256800e-01  2.035800e-01  2.001400e-01  1.975700e-01  1.959200e-01  
2.200078e+01  2.200072e+01  2.200072e+01  2.200074e+01  2.200086e+01  2.200121e+01  
2.200216e+01  2.200457e+01  2.201037e+01  2.202366e+01  2.205286e+01  2.211288e+01  
2.222103e+01  2.237343e+01  2.250614e+01  2.255243e+01  2.253641e+01  2.247224e+01  
2.229569e+01  2.196821e+01  2.150860e+01  2.092890e+01  2.021577e+01  1.933610e+01  
1.817119e+01  1.678256e+01  1.525806e+01  1.362671e+01  1.229973e+01  1.114543e+01  
1.013698e+01  9.242804e+00  8.446113e+00  7.731225e+00  7.084528e+00  6.492019e+00  
5.938048e+00  5.408779e+00  4.893418e+00  4.376907e+00  3.834199e+00  3.218971e+00  
2.471680e+00  2.026577e+00  1.522385e+00  1.086930e+00  5.707900e-01  4.123800e-01  
2.592400e-01  2.323100e-01  2.039000e-01  1.993700e-01  1.965300e-01  1.947700e-01  
2.250530e+01  2.250525e+01  2.250527e+01  2.250536e+01  2.250563e+01  2.250637e+01  
2.250823e+01  2.251279e+01  2.252338e+01  2.254718e+01  2.259801e+01  2.269637e+01  
2.285474e+01  2.303229e+01  2.314015e+01  2.316514e+01  2.314959e+01  2.305064e+01  
2.280125e+01  2.240733e+01  2.189689e+01  2.127476e+01  2.052733e+01  1.961211e+01  
1.837914e+01  1.712177e+01  1.570027e+01  1.413724e+01  1.285324e+01  1.172596e+01  
1.073595e+01  9.853819e+00  9.064681e+00  8.353720e+00  7.708059e+00  7.113922e+00  
6.555385e+00  6.018213e+00  5.491497e+00  4.959521e+00  4.395619e+00  3.748889e+00  
2.939418e+00  2.432154e+00  1.822439e+00  1.271762e+00  6.573400e-01  4.707100e-01  
2.860200e-01  2.485400e-01  2.040300e-01  1.972700e-01  1.962500e-01  1.934800e-01  
2.269243e+01  2.269239e+01  2.269246e+01  2.269263e+01  2.269311e+01  2.269434e+01  
2.269741e+01  2.270472e+01  2.272145e+01  2.275840e+01  2.283473e+01  2.297315e+01  
2.316908e+01  2.334472e+01  2.342642e+01  2.345004e+01  2.342625e+01  2.327825e+01  
2.296944e+01  2.253037e+01  2.198498e+01  2.133511e+01  2.056937e+01  1.957129e+01  
1.841431e+01  1.727324e+01  1.596494e+01  1.448650e+01  1.326036e+01  1.217230e+01  
1.120855e+01  1.034304e+01  9.563437e+00  8.856795e+00  8.211952e+00  7.616863e+00  
7.057448e+00  6.520177e+00  5.992707e+00  5.456192e+00  4.877429e+00  4.191313e+00  
3.305188e+00  2.746477e+00  2.077256e+00  1.455575e+00  7.596400e-01  5.369100e-01  
3.041500e-01  2.591300e-01  2.078700e-01  1.991300e-01  1.939300e-01  1.927900e-01  
2.304117e+01  2.304121e+01  2.304138e+01  2.304186e+01  2.304309e+01  2.304611e+01  
2.305337e+01  2.307009e+01  2.310749e+01  2.318646e+01  2.333486e+01  2.355864e+01  
2.378242e+01  2.391324e+01  2.397614e+01  2.400037e+01  2.390684e+01  2.364099e+01  
2.323341e+01  2.271939e+01  2.211256e+01  2.141689e+01  2.057564e+01  1.948709e+01  
1.852634e+01  1.754346e+01  1.637999e+01  1.503133e+01  1.389173e+01  1.286938e+01  
1.195552e+01  1.112954e+01  1.038175e+01  9.701209e+00  9.078026e+00  8.500953e+00  
7.956330e+00  7.430451e+00  6.910273e+00  6.375102e+00  5.786874e+00  5.068320e+00  
4.100307e+00  3.464592e+00  2.670761e+00  1.888548e+00  9.670500e-01  6.738400e-01  
3.531100e-01  2.891700e-01  2.149500e-01  2.016200e-01  1.920700e-01  1.919000e-01  
2.320604e+01  2.320619e+01  2.320656e+01  2.320748e+01  2.320976e+01  2.321534e+01  
2.322838e+01  2.325804e+01  2.332279e+01  2.345213e+01  2.367046e+01  2.393654e+01  
2.413485e+01  2.423917e+01  2.430940e+01  2.429869e+01  2.411691e+01  2.376895e+01  
2.330033e+01  2.273689e+01  2.209152e+01  2.136652e+01  2.034269e+01  1.941773e+01  
1.857080e+01  1.767921e+01  1.660163e+01  1.534253e+01  1.426397e+01  1.329093e+01  
1.241680e+01  1.162466e+01  1.090622e+01  1.025185e+01  9.652389e+00  9.097076e+00  
8.572165e+00  8.063797e+00  7.558706e+00  7.035387e+00  6.453464e+00  5.729124e+00  
4.725853e+00  4.047994e+00  3.176018e+00  2.278525e+00  1.148920e+00  7.937100e-01  
3.956600e-01  3.157200e-01  2.224800e-01  2.051700e-01  1.910300e-01  1.914300e-01  
2.335550e+01  2.335602e+01  2.335689e+01  2.335911e+01  2.336454e+01  2.337732e+01  
2.340665e+01  2.347157e+01  2.360437e+01  2.383746e+01  2.414254e+01  2.439475e+01  
2.454206e+01  2.465339e+01  2.469654e+01  2.456550e+01  2.425041e+01  2.380175e+01  
2.325360e+01  2.262592e+01  2.193670e+01  2.096510e+01  2.004747e+01  1.929635e+01  
1.858291e+01  1.780281e+01  1.683292e+01  1.568572e+01  1.468795e+01  1.378372e+01  
1.296799e+01  1.222764e+01  1.155601e+01  1.094510e+01  1.038683e+01  9.871018e+00  
9.383927e+00  8.911554e+00  8.440783e+00  7.949768e+00  7.396311e+00  6.690623e+00  
5.675507e+00  4.961167e+00  4.001592e+00  2.950361e+00  1.461310e+00  1.000040e+00  
4.688500e-01  3.619700e-01  2.371600e-01  2.130900e-01  1.904200e-01  1.909600e-01  
2.342867e+01  2.342969e+01  2.343135e+01  2.343543e+01  2.344523e+01  2.346800e+01  
2.351941e+01  2.362909e+01  2.383673e+01  2.415010e+01  2.446723e+01  2.467481e+01  
2.482023e+01  2.492950e+01  2.489525e+01  2.465727e+01  2.425880e+01  2.374614e+01  
2.314538e+01  2.248132e+01  2.169383e+01  2.063832e+01  1.986277e+01  1.920918e+01  
1.857344e+01  1.785979e+01  1.695325e+01  1.587167e+01  1.492410e+01  1.406474e+01  
1.328909e+01  1.258605e+01  1.194958e+01  1.137262e+01  1.084754e+01  1.036441e+01  
9.909120e+00  9.467423e+00  9.026904e+00  8.566422e+00  8.044601e+00  7.371963e+00  
6.382092e+00  5.664419e+00  4.666537e+00  3.516562e+00  1.743018e+00  1.170250e+00  
5.367500e-01  4.051100e-01  2.491600e-01  2.192400e-01  1.920000e-01  1.907400e-01  
2.345045e+01  2.345216e+01  2.345481e+01  2.346133e+01  2.347671e+01  2.351209e+01  
2.359057e+01  2.375082e+01  2.402966e+01  2.438610e+01  2.467740e+01  2.486234e+01  
2.501813e+01  2.509407e+01  2.497426e+01  2.465800e+01  2.420157e+01  2.364216e+01  
2.300549e+01  2.231943e+01  2.130170e+01  2.040233e+01  1.971851e+01  1.913415e+01  
1.855581e+01  1.789323e+01  1.703719e+01  1.600605e+01  1.509443e+01  1.426439e+01  
1.351243e+01  1.282970e+01  1.221187e+01  1.165337e+01  1.114830e+01  1.068892e+01  
1.026407e+01  9.860675e+00  9.462981e+00  9.042080e+00  8.550652e+00  7.903166e+00  
6.933526e+00  6.218819e+00  5.206830e+00  4.000668e+00  2.018724e+00  1.323500e+00  
5.928900e-01  4.426600e-01  2.625700e-01  2.264100e-01  1.929000e-01  1.906100e-01  
2.347180e+01  2.347436e+01  2.347827e+01  2.348776e+01  2.350990e+01  2.356037e+01  
2.366982e+01  2.388273e+01  2.421969e+01  2.458625e+01  2.484610e+01  2.503021e+01  
2.518678e+01  2.520961e+01  2.501480e+01  2.464021e+01  2.413932e+01  2.354360e+01  
2.288254e+01  2.215710e+01  2.103632e+01  2.023585e+01  1.961692e+01  1.908147e+01  
1.854150e+01  1.790934e+01  1.708548e+01  1.608776e+01  1.520291e+01  1.439789e+01  
1.366886e+01  1.300791e+01  1.241080e+01  1.187246e+01  1.138745e+01  1.094856e+01  
1.054513e+01  1.016457e+01  9.791677e+00  9.397758e+00  8.935986e+00  8.321686e+00  
7.385203e+00  6.681042e+00  5.663492e+00  4.418496e+00  2.278242e+00  1.471917e+00  
6.435000e-01  4.756100e-01  2.750300e-01  2.341500e-01  1.941400e-01  1.905400e-01  
2.350223e+01  2.350701e+01  2.351418e+01  2.353107e+01  2.357016e+01  2.365736e+01  
2.383643e+01  2.414988e+01  2.455341e+01  2.488966e+01  2.511463e+01  2.531371e+01  
2.542972e+01  2.533485e+01  2.502807e+01  2.457058e+01  2.400347e+01  2.335684e+01  
2.266759e+01  2.161182e+01  2.068152e+01  2.000805e+01  1.947869e+01  1.901060e+01  
1.852313e+01  1.793438e+01  1.715139e+01  1.619905e+01  1.535053e+01  1.457926e+01  
1.388196e+01  1.325165e+01  1.268451e+01  1.217606e+01  1.172151e+01  1.131441e+01  
1.094487e+01  1.060117e+01  1.026916e+01  9.921007e+00  9.511331e+00  8.958185e+00  
8.089029e+00  7.413170e+00  6.403168e+00  5.115864e+00  2.744864e+00  1.759939e+00  
7.354700e-01  5.354800e-01  2.979900e-01  2.487500e-01  1.970900e-01  1.904500e-01  
2.352551e+01  2.353324e+01  2.354452e+01  2.357092e+01  2.363125e+01  2.376185e+01  
2.401401e+01  2.440516e+01  2.481904e+01  2.511330e+01  2.534024e+01  2.553820e+01  
2.557967e+01  2.538465e+01  2.500083e+01  2.448452e+01  2.386990e+01  2.319330e+01  
2.243618e+01  2.125186e+01  2.045061e+01  1.986029e+01  1.939146e+01  1.896839e+01  
1.851554e+01  1.795525e+01  1.719906e+01  1.627598e+01  1.545035e+01  1.470046e+01  
1.402309e+01  1.341251e+01  1.286530e+01  1.237753e+01  1.194492e+01  1.156142e+01  
1.121781e+01  1.090302e+01  1.060375e+01  1.029296e+01  9.926736e+00  9.425969e+00  
8.618592e+00  7.973277e+00  6.983061e+00  5.680836e+00  3.155036e+00  2.036251e+00  
8.190800e-01  5.897500e-01  3.189100e-01  2.623100e-01  2.003400e-01  1.903900e-01  
2.358423e+01  2.360232e+01  2.362773e+01  2.368618e+01  2.381459e+01  2.406851e+01  
2.447954e+01  2.494244e+01  2.529121e+01  2.555639e+01  2.580128e+01  2.590268e+01  
2.575404e+01  2.539519e+01  2.488932e+01  2.427531e+01  2.359169e+01  2.286729e+01  
2.161992e+01  2.074753e+01  2.012546e+01  1.966042e+01  1.928123e+01  1.892164e+01  
1.851493e+01  1.799290e+01  1.727733e+01  1.639586e+01  1.560226e+01  1.488167e+01  
1.423178e+01  1.364878e+01  1.313057e+01  1.267434e+01  1.227666e+01  1.193247e+01  
1.163357e+01  1.137005e+01  1.113026e+01  1.088873e+01  1.060455e+01  1.020501e+01  
9.524811e+00  8.951142e+00  8.026200e+00  6.738965e+00  4.004814e+00  2.654757e+00  
1.004940e+00  7.100800e-01  3.650100e-01  2.926500e-01  2.087900e-01  1.903100e-01  
2.358679e+01  2.361946e+01  2.366425e+01  2.376521e+01  2.397543e+01  2.434999e+01  
2.484518e+01  2.527590e+01  2.558239e+01  2.586714e+01  2.606896e+01  2.603329e+01  
2.575196e+01  2.529526e+01  2.471230e+01  2.404017e+01  2.333115e+01  2.219823e+01  
2.115396e+01  2.043304e+01  1.991534e+01  1.952648e+01  1.920317e+01  1.888587e+01  
1.851323e+01  1.801832e+01  1.732223e+01  1.646272e+01  1.568590e+01  1.498108e+01  
1.434584e+01  1.377793e+01  1.327603e+01  1.283815e+01  1.246128e+01  1.214123e+01  
1.187054e+01  1.164047e+01  1.144054e+01  1.124686e+01  1.102099e+01  1.069523e+01  
1.011225e+01  9.598754e+00  8.739569e+00  7.494660e+00  4.678439e+00  3.180046e+00  
1.169440e+00  8.165500e-01  4.051700e-01  3.193000e-01  2.171400e-01  1.902600e-01  
2.360152e+01  2.367547e+01  2.377320e+01  2.398009e+01  2.435961e+01  2.488880e+01  
2.537796e+01  2.572963e+01  2.605305e+01  2.631199e+01  2.633534e+01  2.609132e+01  
2.565258e+01  2.507496e+01  2.439797e+01  2.367785e+01  2.258492e+01  2.142683e+01  
2.064104e+01  2.008803e+01  1.969065e+01  1.938739e+01  1.912435e+01  1.885026e+01  
1.851036e+01  1.804105e+01  1.736536e+01  1.652855e+01  1.576994e+01  1.508320e+01  
1.446555e+01  1.391562e+01  1.343308e+01  1.301636e+01  1.266356e+01  1.237138e+01  
1.213378e+01  1.194380e+01  1.179336e+01  1.166147e+01  1.151426e+01  1.129081e+01  
1.084748e+01  1.042622e+01  9.679597e+00  8.533383e+00  5.703138e+00  4.033776e+00  
1.459879e+00  1.005020e+00  4.746500e-01  3.654700e-01  2.329700e-01  1.902300e-01  
2.362289e+01  2.375357e+01  2.391851e+01  2.424215e+01  2.475459e+01  2.531418e+01  
2.573718e+01  2.608757e+01  2.641768e+01  2.656690e+01  2.642823e+01  2.605696e+01  
2.552277e+01  2.486938e+01  2.414666e+01  2.337230e+01  2.194534e+01  2.101129e+01  
2.036230e+01  1.990627e+01  1.957736e+01  1.932085e+01  1.908879e+01  1.883482e+01  
1.850811e+01  1.804891e+01  1.738433e+01  1.655906e+01  1.581051e+01  1.513430e+01  
1.452695e+01  1.398777e+01  1.351657e+01  1.311210e+01  1.277283e+01  1.249636e+01  
1.227758e+01  1.211090e+01  1.198995e+01  1.189644e+01  1.180005e+01  1.164528e+01  
1.129970e+01  1.094641e+01  1.028883e+01  9.234152e+00  6.464325e+00  4.709721e+00  
1.715113e+00  1.172150e+00  5.351700e-01  4.055200e-01  2.475600e-01  1.902100e-01  
2.363751e+01  2.383885e+01  2.407977e+01  2.451494e+01  2.510173e+01  2.562754e+01  
2.601585e+01  2.638625e+01  2.667408e+01  2.669797e+01  2.644151e+01  2.598404e+01  
2.538206e+01  2.467910e+01  2.394056e+01  2.272026e+01  2.154042e+01  2.073891e+01  
2.018073e+01  1.978949e+01  1.950549e+01  1.927905e+01  1.906650e+01  1.882481e+01  
1.850577e+01  1.805237e+01  1.739481e+01  1.657695e+01  1.583475e+01  1.516511e+01  
1.456446e+01  1.403246e+01  1.356858e+01  1.317198e+01  1.284154e+01  1.257517e+01  
1.236861e+01  1.221720e+01  1.211589e+01  1.204841e+01  1.198755e+01  1.188249e+01  
1.161072e+01  1.131040e+01  1.072464e+01  9.749325e+00  7.062592e+00  5.266360e+00  
1.944750e+00  1.324560e+00  5.899400e-01  4.415200e-01  2.610800e-01  1.902000e-01  
2.364454e+01  2.392864e+01  2.424881e+01  2.477586e+01  2.538441e+01  2.586467e+01  
2.625236e+01  2.662940e+01  2.684359e+01  2.675694e+01  2.641428e+01  2.589221e+01  
2.523922e+01  2.450560e+01  2.375155e+01  2.227654e+01  2.124925e+01  2.054080e+01  
2.004879e+01  1.970440e+01  1.945254e+01  1.924750e+01  1.904892e+01  1.881627e+01  
1.850323e+01  1.805450e+01  1.740193e+01  1.658915e+01  1.585170e+01  1.518647e+01  
1.459034e+01  1.406312e+01  1.360444e+01  1.321330e+01  1.288895e+01  1.262972e+01  
1.243182e+01  1.229119e+01  1.220377e+01  1.215499e+01  1.212015e+01  1.205287e+01  
1.183952e+01  1.158211e+01  1.105559e+01  1.014843e+01  7.549202e+00  5.735499e+00  
2.188066e+00  1.466146e+00  6.406000e-01  4.746000e-01  2.737400e-01  1.901900e-01  
2.364836e+01  2.412687e+01  2.459888e+01  2.523412e+01  2.580466e+01  2.623332e+01  
2.664753e+01  2.697456e+01  2.702061e+01  2.677053e+01  2.630773e+01  2.569556e+01  
2.497064e+01  2.421554e+01  2.292851e+01  2.168963e+01  2.084971e+01  2.026863e+01  
1.986776e+01  1.958708e+01  1.937840e+01  1.920208e+01  1.902250e+01  1.880267e+01  
1.849875e+01  1.805720e+01  1.741126e+01  1.660567e+01  1.587444e+01  1.521461e+01  
1.462423e+01  1.410303e+01  1.365078e+01  1.326670e+01  1.295036e+01  1.270063e+01  
1.251421e+01  1.238785e+01  1.231885e+01  1.229499e+01  1.229563e+01  1.228201e+01  
1.215586e+01  1.196430e+01  1.153086e+01  1.073488e+01  8.303544e+00  6.494106e+00  
2.682959e+00  1.723822e+00  7.331900e-01  5.345400e-01  2.970400e-01  1.901800e-01  
2.364822e+01  2.434642e+01  2.487939e+01  2.558835e+01  2.610493e+01  2.653893e+01  
2.695662e+01  2.715209e+01  2.708863e+01  2.674758e+01  2.617862e+01  2.549718e+01  
2.473855e+01  2.395056e+01  2.235207e+01  2.130622e+01  2.058576e+01  2.008987e+01  
1.974947e+01  1.951030e+01  1.932944e+01  1.917157e+01  1.900429e+01  1.879297e+01  
1.849542e+01  1.805894e+01  1.741732e+01  1.661638e+01  1.588912e+01  1.523257e+01  
1.464541e+01  1.412774e+01  1.367937e+01  1.329965e+01  1.298833e+01  1.274472e+01  
1.256556e+01  1.244819e+01  1.239082e+01  1.238287e+01  1.240658e+01  1.242921e+01  
1.236488e+01  1.222190e+01  1.185924e+01  1.115088e+01  8.869318e+00  7.088141e+00  
3.109096e+00  1.954779e+00  8.174500e-01  5.887200e-01  3.182200e-01  1.901700e-01  
