8.122574e-01  8.122581e-01  8.122585e-01  8.122591e-01  8.122601e-01  8.122617e-01  
8.122642e-01  8.122681e-01  8.122744e-01  8.122844e-01  8.123002e-01  8.123252e-01  
8.123648e-01  8.124276e-01  8.125272e-01  8.126850e-01  8.129351e-01  8.133315e-01  
8.139599e-01  8.149557e-01  8.165342e-01  8.190369e-01  8.230059e-01  8.293063e-01  
8.393310e-01  8.553688e-01  8.811920e-01  9.168620e-01  9.533637e-01  9.907847e-01  
1.029313e+00  1.069270e+00  1.111160e+00  1.155285e+00  1.202005e+00  1.251910e+00  
1.305850e+00  1.363710e+00  1.422160e+00  1.472910e+00  1.507820e+00  1.530210e+00  
1.545570e+00  1.551820e+00  1.561540e+00  1.571040e+00  1.569880e+00  1.568940e+00  
1.569730e+00  1.569830e+00  1.569630e+00  1.569700e+00  1.569560e+00  1.569650e+00  
1.127082e+00  1.127083e+00  1.127083e+00  1.127084e+00  1.127085e+00  1.127087e+00  
1.127090e+00  1.127095e+00  1.127102e+00  1.127114e+00  1.127133e+00  1.127163e+00  
1.127211e+00  1.127286e+00  1.127406e+00  1.127595e+00  1.127895e+00  1.128371e+00  
1.129125e+00  1.130320e+00  1.132215e+00  1.135219e+00  1.139986e+00  1.147564e+00  
1.159657e+00  1.179149e+00  1.210943e+00  1.255590e+00  1.302078e+00  1.350455e+00  
1.400706e+00  1.452796e+00  1.506669e+00  1.562113e+00  1.618929e+00  1.676720e+00  
1.734880e+00  1.792530e+00  1.848390e+00  1.900650e+00  1.947000e+00  1.985070e+00  
2.008680e+00  2.009980e+00  2.000030e+00  1.986410e+00  2.002020e+00  2.018160e+00  
2.013570e+00  2.010220e+00  2.010710e+00  2.011530e+00  2.009510e+00  2.010850e+00  
1.416143e+00  1.416144e+00  1.416145e+00  1.416145e+00  1.416147e+00  1.416149e+00  
1.416153e+00  1.416158e+00  1.416167e+00  1.416181e+00  1.416203e+00  1.416239e+00  
1.416294e+00  1.416383e+00  1.416523e+00  1.416746e+00  1.417098e+00  1.417657e+00  
1.418543e+00  1.419946e+00  1.422172e+00  1.425701e+00  1.431299e+00  1.440196e+00  
1.454384e+00  1.477209e+00  1.514311e+00  1.566157e+00  1.619862e+00  1.675393e+00  
1.732708e+00  1.791688e+00  1.852173e+00  1.913893e+00  1.976444e+00  2.039320e+00  
2.101690e+00  2.162430e+00  2.219990e+00  2.272330e+00  2.317070e+00  2.352630e+00  
2.373970e+00  2.374590e+00  2.364740e+00  2.352450e+00  2.372520e+00  2.390180e+00  
2.383010e+00  2.379000e+00  2.379910e+00  2.380940e+00  2.378740e+00  2.380140e+00  
1.922186e+00  1.922187e+00  1.922188e+00  1.922189e+00  1.922191e+00  1.922194e+00  
1.922199e+00  1.922206e+00  1.922218e+00  1.922237e+00  1.922267e+00  1.922314e+00  
1.922388e+00  1.922506e+00  1.922693e+00  1.922991e+00  1.923462e+00  1.924209e+00  
1.925393e+00  1.927270e+00  1.930245e+00  1.934960e+00  1.942437e+00  1.954297e+00  
1.973124e+00  2.003089e+00  2.050889e+00  2.116042e+00  2.181431e+00  2.246800e+00  
2.311901e+00  2.376502e+00  2.440405e+00  2.503366e+00  2.565226e+00  2.626200e+00  
2.686970e+00  2.747600e+00  2.805960e+00  2.857880e+00  2.898660e+00  2.926500e+00  
2.942800e+00  2.949040e+00  2.955920e+00  2.962340e+00  2.968380e+00  2.969040e+00  
2.968120e+00  2.967950e+00  2.968100e+00  2.968180e+00  2.968130e+00  2.968110e+00  
2.346198e+00  2.346200e+00  2.346201e+00  2.346202e+00  2.346205e+00  2.346209e+00  
2.346215e+00  2.346225e+00  2.346240e+00  2.346265e+00  2.346305e+00  2.346367e+00  
2.346466e+00  2.346623e+00  2.346871e+00  2.347265e+00  2.347888e+00  2.348877e+00  
2.350443e+00  2.352927e+00  2.356863e+00  2.363101e+00  2.372979e+00  2.388597e+00  
2.413193e+00  2.451579e+00  2.510710e+00  2.587563e+00  2.660253e+00  2.728720e+00  
2.793364e+00  2.855366e+00  2.916437e+00  2.976773e+00  3.036011e+00  3.093980e+00  
3.150520e+00  3.205050e+00  3.255960e+00  3.300770e+00  3.337020e+00  3.364740e+00  
3.384090e+00  3.391200e+00  3.400710e+00  3.410960e+00  3.419210e+00  3.419910e+00  
3.417140e+00  3.416670e+00  3.417050e+00  3.417070e+00  3.417180e+00  3.417110e+00  
2.713829e+00  2.713831e+00  2.713832e+00  2.713834e+00  2.713837e+00  2.713842e+00  
2.713850e+00  2.713862e+00  2.713881e+00  2.713911e+00  2.713959e+00  2.714036e+00  
2.714157e+00  2.714349e+00  2.714653e+00  2.715134e+00  2.715898e+00  2.717108e+00  
2.719026e+00  2.722066e+00  2.726884e+00  2.734516e+00  2.746590e+00  2.765638e+00  
2.795463e+00  2.841329e+00  2.910055e+00  2.995817e+00  3.072590e+00  3.140594e+00  
3.201069e+00  3.256830e+00  3.311737e+00  3.366465e+00  3.420537e+00  3.473340e+00  
3.523860e+00  3.570960e+00  3.613680e+00  3.651360e+00  3.683360e+00  3.709760e+00  
3.730740e+00  3.739980e+00  3.751990e+00  3.764390e+00  3.774610e+00  3.775310e+00  
3.771390e+00  3.770760e+00  3.771240e+00  3.771260e+00  3.771400e+00  3.771350e+00  
3.038645e+00  3.038647e+00  3.038649e+00  3.038651e+00  3.038655e+00  3.038660e+00  
3.038669e+00  3.038683e+00  3.038705e+00  3.038740e+00  3.038795e+00  3.038883e+00  
3.039022e+00  3.039242e+00  3.039591e+00  3.040144e+00  3.041021e+00  3.042411e+00  
3.044614e+00  3.048106e+00  3.053640e+00  3.062405e+00  3.076262e+00  3.098084e+00  
3.132115e+00  3.183904e+00  3.259924e+00  3.351795e+00  3.430220e+00  3.495740e+00  
3.550397e+00  3.598467e+00  3.645707e+00  3.693216e+00  3.740485e+00  3.786640e+00  
3.830230e+00  3.869790e+00  3.904870e+00  3.935970e+00  3.963670e+00  3.988300e+00  
4.010390e+00  4.021360e+00  4.035180e+00  4.048890e+00  4.060380e+00  4.061150e+00  
4.056760e+00  4.056050e+00  4.056590e+00  4.056610e+00  4.056770e+00  4.056740e+00  
3.591792e+00  3.591795e+00  3.591796e+00  3.591799e+00  3.591803e+00  3.591810e+00  
3.591820e+00  3.591836e+00  3.591862e+00  3.591902e+00  3.591967e+00  3.592069e+00  
3.592231e+00  3.592488e+00  3.592895e+00  3.593540e+00  3.594562e+00  3.596182e+00  
3.598750e+00  3.602820e+00  3.609271e+00  3.619484e+00  3.635618e+00  3.660970e+00  
3.700283e+00  3.759247e+00  3.843307e+00  3.940166e+00  4.016711e+00  4.074011e+00  
4.115341e+00  4.147093e+00  4.177608e+00  4.208764e+00  4.240085e+00  4.270830e+00  
4.299600e+00  4.325100e+00  4.347370e+00  4.367630e+00  4.387370e+00  4.407790e+00  
4.430540e+00  4.443510e+00  4.458650e+00  4.472440e+00  4.484810e+00  4.486040e+00  
4.482420e+00  4.481810e+00  4.482330e+00  4.482330e+00  4.482500e+00  4.482510e+00  
4.050956e+00  4.050959e+00  4.050961e+00  4.050963e+00  4.050968e+00  4.050974e+00  
4.050985e+00  4.051003e+00  4.051030e+00  4.051073e+00  4.051141e+00  4.051249e+00  
4.051421e+00  4.051692e+00  4.052123e+00  4.052805e+00  4.053887e+00  4.055601e+00  
4.058320e+00  4.062629e+00  4.069458e+00  4.080267e+00  4.097331e+00  4.124102e+00  
4.165444e+00  4.226793e+00  4.312345e+00  4.407321e+00  4.477536e+00  4.524434e+00  
4.552071e+00  4.568022e+00  4.582078e+00  4.596559e+00  4.611369e+00  4.626230e+00  
4.640590e+00  4.653800e+00  4.665970e+00  4.677780e+00  4.690390e+00  4.706080e+00  
4.727790e+00  4.741200e+00  4.755370e+00  4.766960e+00  4.778660e+00  4.780530e+00  
4.779020e+00  4.778710e+00  4.779120e+00  4.779120e+00  4.779240e+00  4.779270e+00  
4.939315e+00  4.939318e+00  4.939319e+00  4.939322e+00  4.939326e+00  4.939333e+00  
4.939343e+00  4.939359e+00  4.939384e+00  4.939425e+00  4.939490e+00  4.939593e+00  
4.939757e+00  4.940016e+00  4.940426e+00  4.941077e+00  4.942109e+00  4.943744e+00  
4.946338e+00  4.950452e+00  4.956969e+00  4.967283e+00  4.983541e+00  5.008948e+00  
5.047823e+00  5.104095e+00  5.178529e+00  5.253621e+00  5.298709e+00  5.316026e+00  
5.310564e+00  5.291051e+00  5.268619e+00  5.246168e+00  5.224654e+00  5.205042e+00  
5.189150e+00  5.177930e+00  5.170960e+00  5.166190e+00  5.162710e+00  5.165350e+00  
5.179730e+00  5.190280e+00  5.197580e+00  5.199890e+00  5.206530e+00  5.209720e+00  
5.214960e+00  5.215680e+00  5.215630e+00  5.215640e+00  5.215590e+00  5.215670e+00  
5.599317e+00  5.599319e+00  5.599321e+00  5.599323e+00  5.599326e+00  5.599330e+00  
5.599339e+00  5.599353e+00  5.599374e+00  5.599408e+00  5.599461e+00  5.599546e+00  
5.599681e+00  5.599895e+00  5.600233e+00  5.600769e+00  5.601621e+00  5.602972e+00  
5.605114e+00  5.608514e+00  5.613903e+00  5.622425e+00  5.635830e+00  5.656672e+00  
5.688181e+00  5.732278e+00  5.786238e+00  5.832227e+00  5.847176e+00  5.833898e+00  
5.797859e+00  5.748181e+00  5.696100e+00  5.644883e+00  5.596038e+00  5.551151e+00  
5.513120e+00  5.483580e+00  5.461380e+00  5.442380e+00  5.424050e+00  5.412990e+00  
5.416480e+00  5.421470e+00  5.419760e+00  5.411800e+00  5.411430e+00  5.415160e+00  
5.426650e+00  5.428340e+00  5.427820e+00  5.427830e+00  5.427610e+00  5.427750e+00  
6.549200e+00  6.549201e+00  6.549202e+00  6.549203e+00  6.549204e+00  6.549207e+00  
6.549211e+00  6.549217e+00  6.549226e+00  6.549242e+00  6.549266e+00  6.549305e+00  
6.549367e+00  6.549463e+00  6.549619e+00  6.549865e+00  6.550256e+00  6.550879e+00  
6.551872e+00  6.553451e+00  6.555958e+00  6.559906e+00  6.566042e+00  6.575334e+00  
6.588456e+00  6.603166e+00  6.610293e+00  6.593744e+00  6.548219e+00  6.477477e+00  
6.387826e+00  6.288754e+00  6.191177e+00  6.098781e+00  6.012954e+00  5.934967e+00  
5.867130e+00  5.810480e+00  5.763020e+00  5.718940e+00  5.674520e+00  5.637720e+00  
5.616910e+00  5.609090e+00  5.591000e+00  5.566990e+00  5.553510e+00  5.556450e+00  
5.574440e+00  5.577210e+00  5.576040e+00  5.576050e+00  5.575590e+00  5.575820e+00  
7.225235e+00  7.225235e+00  7.225235e+00  7.225235e+00  7.225234e+00  7.225234e+00  
7.225233e+00  7.225232e+00  7.225231e+00  7.225229e+00  7.225224e+00  7.225218e+00  
7.225209e+00  7.225194e+00  7.225171e+00  7.225135e+00  7.225083e+00  7.225003e+00  
7.224885e+00  7.224708e+00  7.224430e+00  7.223956e+00  7.223067e+00  7.221216e+00  
7.216671e+00  7.203453e+00  7.166885e+00  7.093141e+00  6.993587e+00  6.872803e+00  
6.737692e+00  6.598186e+00  6.465179e+00  6.342154e+00  6.230181e+00  6.129357e+00  
6.040260e+00  5.962780e+00  5.894580e+00  5.829760e+00  5.764540e+00  5.706330e+00  
5.662960e+00  5.643650e+00  5.614630e+00  5.582550e+00  5.560450e+00  5.560990e+00  
5.577010e+00  5.579570e+00  5.578240e+00  5.578230e+00  5.577770e+00  5.577980e+00  
7.736765e+00  7.736764e+00  7.736764e+00  7.736763e+00  7.736763e+00  7.736761e+00  
7.736759e+00  7.736755e+00  7.736750e+00  7.736741e+00  7.736727e+00  7.736703e+00  
7.736668e+00  7.736612e+00  7.736524e+00  7.736386e+00  7.736171e+00  7.735837e+00  
7.735318e+00  7.734507e+00  7.733217e+00  7.731106e+00  7.727533e+00  7.721101e+00  
7.708038e+00  7.676603e+00  7.600362e+00  7.463214e+00  7.301201e+00  7.131302e+00  
6.960084e+00  6.793370e+00  6.637475e+00  6.494007e+00  6.363144e+00  6.243532e+00  
6.134429e+00  6.035280e+00  5.945050e+00  5.861430e+00  5.782860e+00  5.711600e+00  
5.647810e+00  5.615940e+00  5.580470e+00  5.548890e+00  5.520550e+00  5.518720e+00  
5.526450e+00  5.527820e+00  5.527080e+00  5.526620e+00  5.526960e+00  5.526720e+00  
8.149850e+00  8.149849e+00  8.149848e+00  8.149847e+00  8.149845e+00  8.149842e+00  
8.149837e+00  8.149830e+00  8.149818e+00  8.149799e+00  8.149770e+00  8.149723e+00  
8.149650e+00  8.149533e+00  8.149351e+00  8.149063e+00  8.148611e+00  8.147904e+00  
8.146798e+00  8.145057e+00  8.142287e+00  8.137810e+00  8.130442e+00  8.117857e+00  
8.094546e+00  8.045105e+00  7.936645e+00  7.752933e+00  7.545193e+00  7.334742e+00  
7.128693e+00  6.932373e+00  6.751802e+00  6.587890e+00  6.439455e+00  6.303851e+00  
6.178886e+00  6.063290e+00  5.956640e+00  5.858300e+00  5.767330e+00  5.681830e+00  
5.600560e+00  5.561780e+00  5.522700e+00  5.491520e+00  5.462000e+00  5.455750e+00  
5.453790e+00  5.453630e+00  5.452950e+00  5.452800e+00  5.452770e+00  5.452830e+00  
8.780192e+00  8.780190e+00  8.780188e+00  8.780186e+00  8.780183e+00  8.780178e+00  
8.780168e+00  8.780155e+00  8.780134e+00  8.780101e+00  8.780049e+00  8.779964e+00  
8.779833e+00  8.779624e+00  8.779296e+00  8.778780e+00  8.777969e+00  8.776698e+00  
8.774699e+00  8.771543e+00  8.766513e+00  8.758407e+00  8.745191e+00  8.722995e+00  
8.683255e+00  8.603512e+00  8.437641e+00  8.169552e+00  7.880970e+00  7.603815e+00  
7.344178e+00  7.103299e+00  6.882936e+00  6.683228e+00  6.502054e+00  6.336371e+00  
6.183314e+00  6.041310e+00  5.910010e+00  5.788350e+00  5.674780e+00  5.565350e+00  
5.457950e+00  5.407720e+00  5.363560e+00  5.334630e+00  5.303240e+00  5.290330e+00  
5.271520e+00  5.268720e+00  5.268360e+00  5.268670e+00  5.268230e+00  5.268570e+00  
9.240085e+00  9.240082e+00  9.240080e+00  9.240077e+00  9.240073e+00  9.240065e+00  
9.240054e+00  9.240036e+00  9.240007e+00  9.239960e+00  9.239888e+00  9.239773e+00  
9.239591e+00  9.239304e+00  9.238854e+00  9.238143e+00  9.237029e+00  9.235280e+00  
9.232528e+00  9.228172e+00  9.221215e+00  9.210019e+00  9.191808e+00  9.161376e+00  
9.107515e+00  9.001676e+00  8.786424e+00  8.446326e+00  8.090030e+00  7.758131e+00  
7.455486e+00  7.179951e+00  6.929299e+00  6.702327e+00  6.495530e+00  6.305234e+00  
6.128612e+00  5.964300e+00  5.812070e+00  5.670350e+00  5.537360e+00  5.409240e+00  
5.284390e+00  5.226360e+00  5.175830e+00  5.143680e+00  5.109770e+00  5.093440e+00  
5.066240e+00  5.062010e+00  5.061710e+00  5.062290e+00  5.061530e+00  5.062060e+00  
1.015235e+01  1.015234e+01  1.015233e+01  1.015232e+01  1.015231e+01  1.015229e+01  
1.015225e+01  1.015219e+01  1.015209e+01  1.015194e+01  1.015170e+01  1.015133e+01  
1.015073e+01  1.014979e+01  1.014829e+01  1.014594e+01  1.014222e+01  1.013637e+01  
1.012710e+01  1.011240e+01  1.008902e+01  1.005186e+01  9.992775e+00  9.898975e+00  
9.750960e+00  9.520981e+00  9.170662e+00  8.721784e+00  8.302082e+00  7.910235e+00  
7.545085e+00  7.206335e+00  6.893735e+00  6.606446e+00  6.342688e+00  6.099998e+00  
5.875459e+00  5.667677e+00  5.477830e+00  5.305210e+00  5.147010e+00  4.991210e+00  
4.828120e+00  4.748330e+00  4.679110e+00  4.634480e+00  4.584300e+00  4.567600e+00  
4.546950e+00  4.544150e+00  4.543480e+00  4.543450e+00  4.543550e+00  4.543310e+00  
1.060851e+01  1.060850e+01  1.060849e+01  1.060848e+01  1.060846e+01  1.060843e+01  
1.060838e+01  1.060831e+01  1.060819e+01  1.060800e+01  1.060771e+01  1.060723e+01  
1.060649e+01  1.060532e+01  1.060346e+01  1.060054e+01  1.059594e+01  1.058867e+01  
1.057716e+01  1.055887e+01  1.052974e+01  1.048342e+01  1.040971e+01  1.029271e+01  
1.010855e+01  9.824158e+00  9.395468e+00  8.853011e+00  8.352793e+00  7.892513e+00  
7.469806e+00  7.082921e+00  6.730938e+00  6.411134e+00  6.119976e+00  5.853236e+00  
5.605313e+00  5.372651e+00  5.156261e+00  4.955920e+00  4.769170e+00  4.587590e+00  
4.404770e+00  4.315580e+00  4.232200e+00  4.170830e+00  4.104680e+00  4.089490e+00  
4.085470e+00  4.085590e+00  4.083910e+00  4.083570e+00  4.083290e+00  4.083060e+00  
1.103689e+01  1.103688e+01  1.103687e+01  1.103686e+01  1.103684e+01  1.103680e+01  
1.103676e+01  1.103668e+01  1.103655e+01  1.103635e+01  1.103604e+01  1.103554e+01  
1.103477e+01  1.103354e+01  1.103160e+01  1.102856e+01  1.102378e+01  1.101622e+01  
1.100419e+01  1.098499e+01  1.095436e+01  1.090538e+01  1.082688e+01  1.070100e+01  
1.049870e+01  1.017023e+01  9.639174e+00  8.936227e+00  8.285808e+00  7.717667e+00  
7.226516e+00  6.799136e+00  6.422497e+00  6.081676e+00  5.758029e+00  5.443303e+00  
5.146571e+00  4.873996e+00  4.622512e+00  4.384790e+00  4.155480e+00  3.941590e+00  
3.746100e+00  3.650900e+00  3.554430e+00  3.477130e+00  3.403340e+00  3.387030e+00  
3.379770e+00  3.379020e+00  3.377400e+00  3.377070e+00  3.376950e+00  3.376380e+00  
1.140978e+01  1.140976e+01  1.140975e+01  1.140973e+01  1.140971e+01  1.140966e+01  
1.140959e+01  1.140948e+01  1.140931e+01  1.140903e+01  1.140859e+01  1.140790e+01  
1.140681e+01  1.140509e+01  1.140239e+01  1.139816e+01  1.139147e+01  1.138088e+01  
1.136396e+01  1.133698e+01  1.129394e+01  1.122515e+01  1.111536e+01  1.094142e+01  
1.066915e+01  1.025470e+01  9.646104e+00  8.896600e+00  8.226047e+00  7.626163e+00  
7.091117e+00  6.612663e+00  6.182894e+00  5.795541e+00  5.444151e+00  5.121157e+00  
4.816825e+00  4.524836e+00  4.246441e+00  3.984703e+00  3.741100e+00  3.511610e+00  
3.295180e+00  3.192930e+00  3.093820e+00  3.017730e+00  2.942540e+00  2.923130e+00  
2.905660e+00  2.903510e+00  2.902140e+00  2.901940e+00  2.901830e+00  2.901690e+00  
1.160892e+01  1.160890e+01  1.160889e+01  1.160887e+01  1.160884e+01  1.160879e+01  
1.160871e+01  1.160859e+01  1.160840e+01  1.160810e+01  1.160762e+01  1.160687e+01  
1.160569e+01  1.160383e+01  1.160090e+01  1.159632e+01  1.158907e+01  1.157754e+01  
1.155908e+01  1.152961e+01  1.148249e+01  1.140700e+01  1.128646e+01  1.109562e+01  
1.079735e+01  1.034583e+01  9.688248e+00  8.884075e+00  8.171419e+00  7.538407e+00  
6.976257e+00  6.474009e+00  6.020921e+00  5.610283e+00  5.236331e+00  4.892587e+00  
4.570992e+00  4.266071e+00  3.977723e+00  3.706542e+00  3.452840e+00  3.213310e+00  
2.987150e+00  2.880190e+00  2.776990e+00  2.698240e+00  2.620890e+00  2.600920e+00  
2.582360e+00  2.580000e+00  2.578580e+00  2.578390e+00  2.578280e+00  2.578960e+00  
1.174882e+01  1.174880e+01  1.174879e+01  1.174877e+01  1.174873e+01  1.174868e+01  
1.174860e+01  1.174848e+01  1.174827e+01  1.174795e+01  1.174745e+01  1.174665e+01  
1.174541e+01  1.174347e+01  1.174041e+01  1.173561e+01  1.172802e+01  1.171588e+01  
1.169643e+01  1.166532e+01  1.161543e+01  1.153532e+01  1.140742e+01  1.120494e+01  
1.088880e+01  1.041217e+01  9.721622e+00  8.879955e+00  8.138270e+00  7.482574e+00  
6.901171e+00  6.381197e+00  5.910411e+00  5.482048e+00  5.090975e+00  4.731633e+00  
4.397414e+00  4.083474e+00  3.788558e+00  3.511224e+00  3.250479e+00  3.004440e+00  
2.772070e+00  2.661630e+00  2.554090e+00  2.471230e+00  2.391110e+00  2.371260e+00  
2.354490e+00  2.352400e+00  2.350790e+00  2.350620e+00  2.350440e+00  2.351590e+00  
1.193475e+01  1.193473e+01  1.193470e+01  1.193468e+01  1.193465e+01  1.193459e+01  
1.193451e+01  1.193437e+01  1.193416e+01  1.193382e+01  1.193329e+01  1.193246e+01  
1.193116e+01  1.192914e+01  1.192598e+01  1.192101e+01  1.191308e+01  1.190030e+01  
1.187979e+01  1.184682e+01  1.179358e+01  1.170782e+01  1.157092e+01  1.135392e+01  
1.101590e+01  1.050883e+01  9.778380e+00  8.891139e+00  8.113974e+00  7.430980e+00  
6.826196e+00  6.284437e+00  5.792100e+00  5.342553e+00  4.931161e+00  4.553125e+00  
4.202977e+00  3.876376e+00  3.571018e+00  3.283795e+00  3.012298e+00  2.755470e+00  
2.511470e+00  2.394290e+00  2.279290e+00  2.189830e+00  2.103500e+00  2.082810e+00  
2.067420e+00  2.065600e+00  2.063780e+00  2.063600e+00  2.063360e+00  2.063780e+00  
1.205321e+01  1.205319e+01  1.205317e+01  1.205315e+01  1.205312e+01  1.205306e+01  
1.205297e+01  1.205283e+01  1.205261e+01  1.205227e+01  1.205172e+01  1.205089e+01  
1.204958e+01  1.204756e+01  1.204442e+01  1.203944e+01  1.203142e+01  1.201845e+01  
1.199756e+01  1.196372e+01  1.190873e+01  1.182005e+01  1.167822e+01  1.145326e+01  
1.110360e+01  1.058047e+01  9.829097e+00  8.918188e+00  8.122883e+00  7.425771e+00  
6.809108e+00  6.256676e+00  5.754544e+00  5.295889e+00  4.875842e+00  4.489234e+00  
4.130189e+00  3.794154e+00  3.479127e+00  3.182475e+00  2.901625e+00  2.633863e+00  
2.376690e+00  2.251960e+00  2.129880e+00  2.034960e+00  1.941520e+00  1.918610e+00  
1.901130e+00  1.899100e+00  1.897240e+00  1.897020e+00  1.896790e+00  1.895640e+00  
1.220516e+01  1.220514e+01  1.220512e+01  1.220510e+01  1.220506e+01  1.220500e+01  
1.220491e+01  1.220477e+01  1.220456e+01  1.220422e+01  1.220371e+01  1.220290e+01  
1.220170e+01  1.219987e+01  1.219699e+01  1.219233e+01  1.218465e+01  1.217213e+01  
1.215154e+01  1.211742e+01  1.206137e+01  1.197062e+01  1.182453e+01  1.159328e+01  
1.123538e+01  1.070130e+01  9.935066e+00  9.007070e+00  8.199958e+00  7.490557e+00  
6.862630e+00  6.300697e+00  5.791686e+00  5.328009e+00  4.903327e+00  4.510700e+00  
4.141799e+00  3.790953e+00  3.457584e+00  3.141548e+00  2.840709e+00  2.547681e+00  
2.256640e+00  2.110900e+00  1.964730e+00  1.848130e+00  1.732720e+00  1.703420e+00  
1.679670e+00  1.676890e+00  1.674640e+00  1.674330e+00  1.674110e+00  1.672970e+00  
1.226105e+01  1.226102e+01  1.226100e+01  1.226098e+01  1.226095e+01  1.226089e+01  
1.226081e+01  1.226068e+01  1.226048e+01  1.226016e+01  1.225968e+01  1.225899e+01  
1.225796e+01  1.225641e+01  1.225393e+01  1.224974e+01  1.224276e+01  1.223113e+01  
1.221140e+01  1.217796e+01  1.212272e+01  1.203235e+01  1.188656e+01  1.165683e+01  
1.130256e+01  1.077545e+01  1.001675e+01  9.097192e+00  8.296133e+00  7.587926e+00  
6.959112e+00  6.396290e+00  5.888137e+00  5.426553e+00  5.004116e+00  4.612336e+00  
4.240906e+00  3.883013e+00  3.538739e+00  3.209101e+00  2.892056e+00  2.577594e+00  
2.255200e+00  2.087780e+00  1.911510e+00  1.764830e+00  1.624440e+00  1.590240e+00  
1.562700e+00  1.559250e+00  1.556230e+00  1.555900e+00  1.555560e+00  1.558060e+00  
1.228442e+01  1.228439e+01  1.228437e+01  1.228436e+01  1.228432e+01  1.228427e+01  
1.228420e+01  1.228408e+01  1.228391e+01  1.228365e+01  1.228331e+01  1.228285e+01  
1.228224e+01  1.228130e+01  1.227957e+01  1.227645e+01  1.227096e+01  1.226092e+01  
1.224251e+01  1.221060e+01  1.215655e+01  1.206673e+01  1.192288e+01  1.169804e+01  
1.135434e+01  1.084576e+01  1.011763e+01  9.237159e+00  8.465580e+00  7.778980e+00  
7.165295e+00  6.612439e+00  6.110006e+00  5.651044e+00  5.229253e+00  4.837442e+00  
4.466761e+00  4.110128e+00  3.764124e+00  3.423800e+00  3.082273e+00  2.728519e+00  
2.347168e+00  2.138818e+00  1.910190e+00  1.709220e+00  1.508040e+00  1.465540e+00  
1.438270e+00  1.434800e+00  1.428940e+00  1.427720e+00  1.428330e+00  1.436820e+00  
1.223125e+01  1.223123e+01  1.223122e+01  1.223120e+01  1.223117e+01  1.223112e+01  
1.223106e+01  1.223096e+01  1.223083e+01  1.223067e+01  1.223050e+01  1.223036e+01  
1.223025e+01  1.222996e+01  1.222910e+01  1.222731e+01  1.222344e+01  1.221501e+01  
1.219849e+01  1.216885e+01  1.211680e+01  1.203043e+01  1.189320e+01  1.168041e+01  
1.135738e+01  1.087614e+01  1.019365e+01  9.357722e+00  8.612470e+00  7.941140e+00  
7.335905e+00  6.789082e+00  6.294073e+00  5.844076e+00  5.431911e+00  5.049085e+00  
4.684768e+00  4.330501e+00  3.982792e+00  3.636602e+00  3.282700e+00  2.902285e+00  
2.471252e+00  2.227610e+00  1.956900e+00  1.714960e+00  1.454660e+00  1.393690e+00  
1.370650e+00  1.369440e+00  1.360460e+00  1.357980e+00  1.360270e+00  1.370800e+00  
1.219322e+01  1.219320e+01  1.219319e+01  1.219317e+01  1.219314e+01  1.219310e+01  
1.219305e+01  1.219298e+01  1.219289e+01  1.219283e+01  1.219284e+01  1.219303e+01  
1.219337e+01  1.219363e+01  1.219363e+01  1.219296e+01  1.219022e+01  1.218275e+01  
1.216741e+01  1.213837e+01  1.208652e+01  1.200122e+01  1.186673e+01  1.166028e+01  
1.134806e+01  1.088417e+01  1.023051e+01  9.429914e+00  8.711865e+00  8.062295e+00  
7.474390e+00  6.941256e+00  6.456908e+00  6.015180e+00  5.609393e+00  5.231606e+00  
4.871438e+00  4.520447e+00  4.174497e+00  3.827303e+00  3.467046e+00  3.069516e+00  
2.602706e+00  2.330581e+00  2.020626e+00  1.738890e+00  1.427370e+00  1.351960e+00  
1.328400e+00  1.328080e+00  1.316870e+00  1.313640e+00  1.316970e+00  1.327310e+00  
1.215345e+01  1.215343e+01  1.215341e+01  1.215340e+01  1.215338e+01  1.215334e+01  
1.215330e+01  1.215325e+01  1.215322e+01  1.215326e+01  1.215348e+01  1.215400e+01  
1.215476e+01  1.215557e+01  1.215641e+01  1.215673e+01  1.215486e+01  1.214819e+01  
1.213362e+01  1.210445e+01  1.205246e+01  1.196768e+01  1.183521e+01  1.163397e+01  
1.132827e+01  1.088390e+01  1.025611e+01  9.485095e+00  8.790794e+00  8.160458e+00  
7.588116e+00  7.067555e+00  6.593276e+00  6.159651e+00  5.760485e+00  5.388268e+00  
5.033100e+00  4.686620e+00  4.344168e+00  3.998381e+00  3.635312e+00  3.225938e+00  
2.730985e+00  2.435223e+00  2.091694e+00  1.774220e+00  1.415400e+00  1.325820e+00  
1.299400e+00  1.299530e+00  1.286550e+00  1.282740e+00  1.286860e+00  1.295990e+00  
1.208139e+01  1.208136e+01  1.208135e+01  1.208135e+01  1.208132e+01  1.208130e+01  
1.208128e+01  1.208129e+01  1.208138e+01  1.208168e+01  1.208235e+01  1.208352e+01  
1.208503e+01  1.208701e+01  1.208942e+01  1.209134e+01  1.209063e+01  1.208528e+01  
1.207093e+01  1.204064e+01  1.198777e+01  1.190298e+01  1.177345e+01  1.157956e+01  
1.128558e+01  1.087442e+01  1.028910e+01  9.564969e+00  8.909367e+00  8.310944e+00  
7.765039e+00  7.266314e+00  6.810141e+00  6.391700e+00  6.005528e+00  5.644885e+00  
5.300610e+00  4.964632e+00  4.631509e+00  4.292323e+00  3.929649e+00  3.506598e+00  
2.971098e+00  2.638406e+00  2.239766e+00  1.860396e+00  1.416440e+00  1.299820e+00  
1.262560e+00  1.262480e+00  1.246920e+00  1.242350e+00  1.247410e+00  1.253530e+00  
1.209063e+01  1.209060e+01  1.209060e+01  1.209059e+01  1.209057e+01  1.209056e+01  
1.209057e+01  1.209066e+01  1.209089e+01  1.209147e+01  1.209259e+01  1.209431e+01  
1.209655e+01  1.209966e+01  1.210334e+01  1.210620e+01  1.210623e+01  1.210120e+01  
1.208535e+01  1.205272e+01  1.199709e+01  1.190956e+01  1.177870e+01  1.158038e+01  
1.129394e+01  1.089517e+01  1.032645e+01  9.621515e+00  8.984572e+00  8.404489e+00  
7.876723e+00  7.395953e+00  6.957547e+00  6.556481e+00  6.187004e+00  5.841725e+00  
5.510384e+00  5.184220e+00  4.858510e+00  4.525644e+00  4.170820e+00  3.761825e+00  
3.230537e+00  2.868962e+00  2.386334e+00  1.912032e+00  1.423020e+00  1.307040e+00  
1.245350e+00  1.236950e+00  1.221160e+00  1.220120e+00  1.217320e+00  1.225860e+00  
1.199664e+01  1.199662e+01  1.199662e+01  1.199661e+01  1.199662e+01  1.199665e+01  
1.199678e+01  1.199708e+01  1.199779e+01  1.199917e+01  1.200137e+01  1.200441e+01  
1.200877e+01  1.201449e+01  1.202056e+01  1.202515e+01  1.202679e+01  1.202056e+01  
1.200118e+01  1.196447e+01  1.190474e+01  1.181608e+01  1.168573e+01  1.149220e+01  
1.123644e+01  1.087532e+01  1.035615e+01  9.708908e+00  9.121326e+00  8.584374e+00  
8.094523e+00  7.647436e+00  7.239362e+00  6.866076e+00  6.522601e+00  6.202264e+00  
5.895504e+00  5.593759e+00  5.291928e+00  4.981240e+00  4.644000e+00  4.240403e+00  
3.684324e+00  3.285299e+00  2.730484e+00  2.157952e+00  1.502880e+00  1.325720e+00  
1.218170e+00  1.205080e+00  1.185690e+00  1.183830e+00  1.180900e+00  1.185690e+00  
1.194024e+01  1.194023e+01  1.194023e+01  1.194023e+01  1.194027e+01  1.194037e+01  
1.194063e+01  1.194123e+01  1.194249e+01  1.194468e+01  1.194783e+01  1.195232e+01  
1.195866e+01  1.196639e+01  1.197381e+01  1.197978e+01  1.198114e+01  1.197212e+01  
1.194914e+01  1.190815e+01  1.184516e+01  1.175551e+01  1.161650e+01  1.144008e+01  
1.120230e+01  1.086349e+01  1.037361e+01  9.761766e+00  9.204975e+00  8.695635e+00  
8.230734e+00  7.806576e+00  7.419899e+00  7.067012e+00  6.743433e+00  6.443055e+00  
6.156824e+00  5.876458e+00  5.596728e+00  5.308219e+00  4.991266e+00  4.600393e+00  
4.038800e+00  3.623558e+00  3.033044e+00  2.397760e+00  1.600220e+00  1.365880e+00  
1.208030e+00  1.189130e+00  1.166810e+00  1.164210e+00  1.161310e+00  1.163930e+00  
1.183139e+01  1.183139e+01  1.183140e+01  1.183145e+01  1.183156e+01  1.183184e+01  
1.183248e+01  1.183383e+01  1.183624e+01  1.183982e+01  1.184496e+01  1.185238e+01  
1.186192e+01  1.187203e+01  1.188162e+01  1.188824e+01  1.188599e+01  1.187154e+01  
1.184191e+01  1.179457e+01  1.172855e+01  1.162539e+01  1.149970e+01  1.134572e+01  
1.113433e+01  1.082960e+01  1.038472e+01  9.825623e+00  9.313414e+00  8.842418e+00  
8.410639e+00  8.015560e+00  7.655052e+00  7.326684e+00  7.027487e+00  6.753349e+00  
6.497850e+00  6.254529e+00  6.017583e+00  5.775291e+00  5.500844e+00  5.129336e+00  
4.545889e+00  4.108682e+00  3.496003e+00  2.811034e+00  1.823529e+00  1.490560e+00  
1.201600e+00  1.168290e+00  1.150330e+00  1.146240e+00  1.131330e+00  1.140970e+00  
1.182674e+01  1.182675e+01  1.182678e+01  1.182687e+01  1.182709e+01  1.182760e+01  
1.182872e+01  1.183089e+01  1.183433e+01  1.183924e+01  1.184649e+01  1.185638e+01  
1.186797e+01  1.187964e+01  1.189035e+01  1.189471e+01  1.188818e+01  1.186827e+01  
1.183227e+01  1.178028e+01  1.170651e+01  1.159775e+01  1.148222e+01  1.133648e+01  
1.113337e+01  1.083827e+01  1.040633e+01  9.864075e+00  9.368496e+00  8.914569e+00  
8.500444e+00  8.123790e+00  7.782618e+00  7.474635e+00  7.196963e+00  6.945491e+00  
6.713609e+00  6.494857e+00  6.284202e+00  6.070961e+00  5.829660e+00  5.496226e+00  
4.949481e+00  4.520607e+00  3.892123e+00  3.151919e+00  2.006965e+00  1.600390e+00  
1.221020e+00  1.169880e+00  1.136650e+00  1.132170e+00  1.120560e+00  1.129080e+00  
1.182936e+01  1.182939e+01  1.182944e+01  1.182959e+01  1.182994e+01  1.183075e+01  
1.183242e+01  1.183537e+01  1.183974e+01  1.184608e+01  1.185530e+01  1.186721e+01  
1.188011e+01  1.189319e+01  1.190351e+01  1.190491e+01  1.189442e+01  1.186947e+01  
1.182891e+01  1.177403e+01  1.168471e+01  1.158662e+01  1.147836e+01  1.133937e+01  
1.114345e+01  1.085646e+01  1.043360e+01  9.900625e+00  9.412523e+00  8.966079e+00  
8.559808e+00  8.191757e+00  7.860387e+00  7.564178e+00  7.301469e+00  7.069201e+00  
6.861575e+00  6.670597e+00  6.484819e+00  6.286558e+00  6.050678e+00  5.734198e+00  
5.245387e+00  4.863418e+00  4.270313e+00  3.489080e+00  2.161648e+00  1.690530e+00  
1.239270e+00  1.175340e+00  1.131120e+00  1.126750e+00  1.118920e+00  1.121860e+00  
1.182970e+01  1.182975e+01  1.182983e+01  1.183006e+01  1.183057e+01  1.183171e+01  
1.183395e+01  1.183763e+01  1.184291e+01  1.185075e+01  1.186171e+01  1.187510e+01  
1.188914e+01  1.190311e+01  1.191192e+01  1.191035e+01  1.189605e+01  1.186655e+01  
1.182261e+01  1.176393e+01  1.166734e+01  1.157566e+01  1.147193e+01  1.133674e+01  
1.114450e+01  1.086191e+01  1.044561e+01  9.921677e+00  9.442259e+00  9.003847e+00  
8.605388e+00  8.245620e+00  7.923691e+00  7.638003e+00  7.386417e+00  7.165752e+00  
6.970458e+00  6.793925e+00  6.627822e+00  6.453727e+00  6.244036e+00  5.954429e+00  
5.486821e+00  5.112038e+00  4.533216e+00  3.767197e+00  2.342442e+00  1.787237e+00  
1.254890e+00  1.181040e+00  1.129170e+00  1.121630e+00  1.117640e+00  1.117030e+00  
1.183114e+01  1.183124e+01  1.183141e+01  1.183181e+01  1.183272e+01  1.183460e+01  
1.183795e+01  1.184292e+01  1.185019e+01  1.186081e+01  1.187467e+01  1.189000e+01  
1.190608e+01  1.191981e+01  1.192460e+01  1.191750e+01  1.189607e+01  1.185981e+01  
1.181152e+01  1.172980e+01  1.164529e+01  1.156215e+01  1.146504e+01  1.133567e+01  
1.114915e+01  1.087301e+01  1.046508e+01  9.951773e+00  9.482219e+00  9.053930e+00  
8.666232e+00  8.318265e+00  8.009689e+00  7.739063e+00  7.504289e+00  7.302017e+00  
7.126406e+00  6.971009e+00  6.829192e+00  6.685306e+00  6.514428e+00  6.272698e+00  
5.862346e+00  5.519335e+00  4.968843e+00  4.198342e+00  2.643962e+00  1.990273e+00  
1.299600e+00  1.195950e+00  1.125230e+00  1.119290e+00  1.108670e+00  1.110940e+00  
1.183507e+01  1.183525e+01  1.183552e+01  1.183615e+01  1.183752e+01  1.184019e+01  
1.184453e+01  1.185077e+01  1.186011e+01  1.187314e+01  1.188897e+01  1.190591e+01  
1.192315e+01  1.193474e+01  1.193553e+01  1.192326e+01  1.189575e+01  1.185511e+01  
1.180069e+01  1.170976e+01  1.163345e+01  1.155585e+01  1.146308e+01  1.133732e+01  
1.115417e+01  1.088171e+01  1.047860e+01  9.971904e+00  9.508993e+00  9.087675e+00  
8.707278e+00  8.366971e+00  8.066465e+00  7.804601e+00  7.579609e+00  7.388667e+00  
7.226589e+00  7.087674e+00  6.966001e+00  6.846750e+00  6.705780e+00  6.499773e+00  
6.133240e+00  5.817823e+00  5.300022e+00  4.547586e+00  2.915925e+00  2.173705e+00  
1.344040e+00  1.216030e+00  1.125230e+00  1.117280e+00  1.104230e+00  1.107200e+00  
1.184171e+01  1.184215e+01  1.184276e+01  1.184412e+01  1.184681e+01  1.185131e+01  
1.185782e+01  1.186760e+01  1.188146e+01  1.189882e+01  1.191775e+01  1.193774e+01  
1.195312e+01  1.195788e+01  1.194957e+01  1.192584e+01  1.188867e+01  1.184110e+01  
1.175247e+01  1.168115e+01  1.161650e+01  1.154752e+01  1.146155e+01  1.134150e+01  
1.116379e+01  1.089741e+01  1.050203e+01  1.000421e+01  9.549635e+00  9.137228e+00  
8.766511e+00  8.437004e+00  8.148637e+00  7.900053e+00  7.689001e+00  7.513171e+00  
7.369774e+00  7.255512e+00  7.166143e+00  7.088819e+00  7.002409e+00  6.868330e+00  
6.589680e+00  6.321288e+00  5.858798e+00  5.167831e+00  3.501996e+00  2.577432e+00  
1.448000e+00  1.272430e+00  1.131560e+00  1.116540e+00  1.101450e+00  1.102110e+00  
1.185945e+01  1.186025e+01  1.186131e+01  1.186354e+01  1.186754e+01  1.187357e+01  
1.188244e+01  1.189552e+01  1.191291e+01  1.193269e+01  1.195419e+01  1.197419e+01  
1.198502e+01  1.198339e+01  1.196677e+01  1.193499e+01  1.189285e+01  1.181637e+01  
1.173990e+01  1.167777e+01  1.161929e+01  1.155455e+01  1.147112e+01  1.135220e+01  
1.117440e+01  1.090719e+01  1.051162e+01  1.001673e+01  9.567521e+00  9.161872e+00  
8.798484e+00  8.476256e+00  8.194389e+00  7.952125e+00  7.748261e+00  7.580831e+00  
7.445805e+00  7.340272e+00  7.264813e+00  7.216482e+00  7.179467e+00  7.097407e+00  
6.866957e+00  6.638241e+00  6.242646e+00  5.605623e+00  3.912789e+00  2.938624e+00  
1.560070e+00  1.327700e+00  1.139900e+00  1.119410e+00  1.099760e+00  1.099540e+00  
1.186050e+01  1.186230e+01  1.186449e+01  1.186854e+01  1.187475e+01  1.188387e+01  
1.189746e+01  1.191588e+01  1.193734e+01  1.196092e+01  1.198413e+01  1.199874e+01  
1.200075e+01  1.198758e+01  1.195839e+01  1.191833e+01  1.184752e+01  1.176764e+01  
1.170731e+01  1.165590e+01  1.160533e+01  1.154645e+01  1.146745e+01  1.135212e+01  
1.117770e+01  1.091410e+01  1.052289e+01  1.003347e+01  9.589588e+00  9.189348e+00  
8.831529e+00  8.515240e+00  8.239851e+00  8.004815e+00  7.809270e+00  7.651668e+00  
7.528560e+00  7.437985e+00  7.382037e+00  7.360306e+00  7.361553e+00  7.337741e+00  
7.197829e+00  7.030893e+00  6.711282e+00  6.161250e+00  4.560756e+00  3.495975e+00  
1.766905e+00  1.447450e+00  1.161450e+00  1.127520e+00  1.097840e+00  1.096940e+00  
1.186211e+01  1.186524e+01  1.186868e+01  1.187433e+01  1.188256e+01  1.189500e+01  
1.191257e+01  1.193444e+01  1.195865e+01  1.198458e+01  1.200496e+01  1.201348e+01  
1.200749e+01  1.198457e+01  1.194828e+01  1.190162e+01  1.180731e+01  1.174134e+01  
1.168964e+01  1.164448e+01  1.159843e+01  1.154272e+01  1.146595e+01  1.135229e+01  
1.117925e+01  1.091709e+01  1.052782e+01  1.004108e+01  9.599765e+00  9.202242e+00  
8.847381e+00  8.534310e+00  8.262490e+00  8.031423e+00  7.840457e+00  7.688253e+00  
7.571513e+00  7.488868e+00  7.443218e+00  7.435825e+00  7.458512e+00  7.469433e+00  
7.387399e+00  7.262162e+00  6.996881e+00  6.515940e+00  5.026057e+00  3.928088e+00  
1.958781e+00  1.564090e+00  1.185050e+00  1.136940e+00  1.097810e+00  1.095650e+00  
1.184267e+01  1.184735e+01  1.185199e+01  1.185904e+01  1.186946e+01  1.188495e+01  
1.190576e+01  1.192981e+01  1.195649e+01  1.198236e+01  1.199864e+01  1.200148e+01  
1.198803e+01  1.195814e+01  1.191794e+01  1.184034e+01  1.176146e+01  1.170394e+01  
1.165828e+01  1.161775e+01  1.157535e+01  1.152275e+01  1.144910e+01  1.133907e+01  
1.117072e+01  1.091451e+01  1.053179e+01  1.005015e+01  9.611118e+00  9.214444e+00  
8.859742e+00  8.546970e+00  8.276309e+00  8.047211e+00  7.858673e+00  7.709808e+00  
7.599497e+00  7.527190e+00  7.492718e+00  7.489983e+00  7.509350e+00  7.533450e+00  
7.501490e+00  7.411029e+00  7.194499e+00  6.793061e+00  5.404869e+00  4.226280e+00  
2.138004e+00  1.691420e+00  1.209680e+00  1.137380e+00  1.103590e+00  1.094870e+00  
1.184218e+01  1.184859e+01  1.185432e+01  1.186272e+01  1.187540e+01  1.189361e+01  
1.191679e+01  1.194272e+01  1.197111e+01  1.199511e+01  1.200732e+01  1.200480e+01  
1.198474e+01  1.195005e+01  1.190674e+01  1.181133e+01  1.174193e+01  1.169025e+01  
1.164884e+01  1.161138e+01  1.157115e+01  1.152007e+01  1.144753e+01  1.133837e+01  
1.117086e+01  1.091556e+01  1.053394e+01  1.005361e+01  9.615726e+00  9.220171e+00  
8.866558e+00  8.554765e+00  8.285013e+00  8.057103e+00  7.870734e+00  7.725219e+00  
7.618697e+00  7.550128e+00  7.519705e+00  7.522139e+00  7.548994e+00  7.585033e+00  
7.586914e+00  7.531266e+00  7.348035e+00  6.956202e+00  5.646698e+00  4.572006e+00  
2.307510e+00  1.782494e+00  1.233740e+00  1.157650e+00  1.099840e+00  1.094360e+00  
1.184267e+01  1.185278e+01  1.186041e+01  1.187174e+01  1.188859e+01  1.191127e+01  
1.193756e+01  1.196690e+01  1.199557e+01  1.201420e+01  1.201876e+01  1.200639e+01  
1.197641e+01  1.193625e+01  1.185545e+01  1.177425e+01  1.171650e+01  1.167289e+01  
1.163734e+01  1.160404e+01  1.156665e+01  1.151751e+01  1.144629e+01  1.133813e+01  
1.117144e+01  1.091700e+01  1.053649e+01  1.005763e+01  9.621248e+00  9.227193e+00  
8.875138e+00  8.565084e+00  8.297280e+00  8.071629e+00  7.887809e+00  7.745202e+00  
7.642197e+00  7.577986e+00  7.553341e+00  7.563902e+00  7.602944e+00  7.658390e+00  
7.695861e+00  7.672877e+00  7.546675e+00  7.229513e+00  6.050780e+00  5.030377e+00  
2.622930e+00  1.982651e+00  1.282300e+00  1.178610e+00  1.104060e+00  1.093710e+00  
1.184298e+01  1.185685e+01  1.186532e+01  1.188057e+01  1.190113e+01  1.192689e+01  
1.195570e+01  1.198597e+01  1.201343e+01  1.202770e+01  1.202391e+01  1.200270e+01  
1.196689e+01  1.192188e+01  1.181926e+01  1.175002e+01  1.169976e+01  1.166161e+01  
1.162996e+01  1.159936e+01  1.156381e+01  1.151591e+01  1.144554e+01  1.133801e+01  
1.117188e+01  1.091802e+01  1.053822e+01  1.006014e+01  9.624548e+00  9.231451e+00  
8.880484e+00  8.571600e+00  8.305026e+00  8.080703e+00  7.898371e+00  7.757532e+00  
7.656687e+00  7.595174e+00  7.574117e+00  7.589676e+00  7.636205e+00  7.703768e+00  
7.763577e+00  7.761763e+00  7.675796e+00  7.415247e+00  6.342621e+00  5.378550e+00  
2.902473e+00  2.166343e+00  1.330230e+00  1.200490e+00  1.108930e+00  1.093320e+00  
