6.804046e-01  6.804051e-01  6.804054e-01  6.804059e-01  6.804067e-01  6.804079e-01  
6.804099e-01  6.804130e-01  6.804179e-01  6.804257e-01  6.804380e-01  6.804575e-01  
6.804884e-01  6.805374e-01  6.806151e-01  6.807383e-01  6.809334e-01  6.812428e-01  
6.817330e-01  6.825100e-01  6.837421e-01  6.856961e-01  6.887988e-01  6.937386e-01  
7.016557e-01  7.145440e-01  7.358805e-01  7.662453e-01  7.981523e-01  8.313992e-01  
8.660647e-01  9.023783e-01  9.406621e-01  9.814505e-01  1.025594e+00  1.073970e+00  
1.127250e+00  1.185120e+00  1.244440e+00  1.297030e+00  1.333600e+00  1.352960e+00  
1.364800e+00  1.374380e+00  1.382720e+00  1.385620e+00  1.382430e+00  1.381320e+00  
1.381190e+00  1.381160e+00  1.380970e+00  1.380940e+00  1.380920e+00  1.380950e+00  
9.472802e-01  9.472810e-01  9.472815e-01  9.472822e-01  9.472834e-01  9.472853e-01  
9.472883e-01  9.472930e-01  9.473004e-01  9.473123e-01  9.473310e-01  9.473608e-01  
9.474079e-01  9.474827e-01  9.476011e-01  9.477887e-01  9.480861e-01  9.485575e-01  
9.493046e-01  9.504889e-01  9.523659e-01  9.553416e-01  9.600607e-01  9.675499e-01  
9.794581e-01  9.984796e-01  1.029021e+00  1.071060e+00  1.113971e+00  1.157901e+00  
1.203159e+00  1.250354e+00  1.300256e+00  1.353125e+00  1.408977e+00  1.467650e+00  
1.528660e+00  1.590940e+00  1.652490e+00  1.709310e+00  1.755960e+00  1.787060e+00  
1.796140e+00  1.793280e+00  1.794370e+00  1.800050e+00  1.800070e+00  1.798210e+00  
1.799090e+00  1.799540e+00  1.799390e+00  1.799240e+00  1.799540e+00  1.799280e+00  
1.202211e+00  1.202212e+00  1.202213e+00  1.202214e+00  1.202215e+00  1.202217e+00  
1.202221e+00  1.202227e+00  1.202236e+00  1.202251e+00  1.202274e+00  1.202310e+00  
1.202368e+00  1.202461e+00  1.202607e+00  1.202838e+00  1.203205e+00  1.203786e+00  
1.204707e+00  1.206167e+00  1.208480e+00  1.212149e+00  1.217967e+00  1.227200e+00  
1.241881e+00  1.265333e+00  1.302979e+00  1.354723e+00  1.407318e+00  1.460712e+00  
1.514982e+00  1.570347e+00  1.627138e+00  1.685531e+00  1.745731e+00  1.808200e+00  
1.873820e+00  1.942450e+00  2.010580e+00  2.070130e+00  2.112710e+00  2.139030e+00  
2.150580e+00  2.151220e+00  2.153790e+00  2.157960e+00  2.157750e+00  2.157780e+00  
2.158440e+00  2.158490e+00  2.158410e+00  2.158450e+00  2.158390e+00  2.158330e+00  
1.666025e+00  1.666026e+00  1.666027e+00  1.666028e+00  1.666030e+00  1.666034e+00  
1.666039e+00  1.666047e+00  1.666059e+00  1.666079e+00  1.666110e+00  1.666160e+00  
1.666240e+00  1.666365e+00  1.666565e+00  1.666880e+00  1.667380e+00  1.668173e+00  
1.669429e+00  1.671420e+00  1.674577e+00  1.679579e+00  1.687506e+00  1.700068e+00  
1.719960e+00  1.751418e+00  1.801042e+00  1.867670e+00  1.933384e+00  1.998104e+00  
2.061946e+00  2.125451e+00  2.189480e+00  2.254137e+00  2.319332e+00  2.385180e+00  
2.452030e+00  2.519390e+00  2.584310e+00  2.640760e+00  2.682700e+00  2.710740e+00  
2.725920e+00  2.729120e+00  2.734390e+00  2.741160e+00  2.745340e+00  2.745670e+00  
2.744250e+00  2.743990e+00  2.744170e+00  2.744190e+00  2.744220e+00  2.744150e+00  
2.076628e+00  2.076630e+00  2.076631e+00  2.076632e+00  2.076635e+00  2.076638e+00  
2.076644e+00  2.076654e+00  2.076669e+00  2.076694e+00  2.076732e+00  2.076793e+00  
2.076889e+00  2.077041e+00  2.077283e+00  2.077666e+00  2.078274e+00  2.079236e+00  
2.080762e+00  2.083180e+00  2.087012e+00  2.093084e+00  2.102704e+00  2.117922e+00  
2.141928e+00  2.179537e+00  2.237868e+00  2.314388e+00  2.387693e+00  2.457737e+00  
2.524891e+00  2.590325e+00  2.655719e+00  2.721225e+00  2.786354e+00  2.850630e+00  
2.913320e+00  2.973430e+00  3.029400e+00  3.079250e+00  3.120770e+00  3.152750e+00  
3.173310e+00  3.179250e+00  3.186300e+00  3.194460e+00  3.204520e+00  3.205590e+00  
3.202090e+00  3.201290e+00  3.201660e+00  3.201900e+00  3.201570e+00  3.201770e+00  
2.443128e+00  2.443130e+00  2.443131e+00  2.443133e+00  2.443135e+00  2.443140e+00  
2.443146e+00  2.443157e+00  2.443175e+00  2.443202e+00  2.443245e+00  2.443313e+00  
2.443422e+00  2.443593e+00  2.443866e+00  2.444297e+00  2.444981e+00  2.446064e+00  
2.447782e+00  2.450505e+00  2.454819e+00  2.461655e+00  2.472480e+00  2.489587e+00  
2.516506e+00  2.558410e+00  2.622637e+00  2.705441e+00  2.782945e+00  2.855083e+00  
2.922377e+00  2.986349e+00  3.049158e+00  3.111052e+00  3.171568e+00  3.230320e+00  
3.286860e+00  3.340500e+00  3.390170e+00  3.434780e+00  3.473100e+00  3.504100e+00  
3.526680e+00  3.535660e+00  3.547960e+00  3.561550e+00  3.572910e+00  3.572860e+00  
3.568780e+00  3.568030e+00  3.568450e+00  3.568680e+00  3.568540e+00  3.568640e+00  
2.771192e+00  2.771194e+00  2.771195e+00  2.771197e+00  2.771200e+00  2.771205e+00  
2.771212e+00  2.771224e+00  2.771243e+00  2.771272e+00  2.771319e+00  2.771393e+00  
2.771511e+00  2.771698e+00  2.771993e+00  2.772462e+00  2.773205e+00  2.774382e+00  
2.776248e+00  2.779207e+00  2.783893e+00  2.791320e+00  2.803074e+00  2.821632e+00  
2.850755e+00  2.895800e+00  2.964029e+00  3.050518e+00  3.129580e+00  3.201192e+00  
3.266096e+00  3.326215e+00  3.384297e+00  3.440742e+00  3.495143e+00  3.547180e+00  
3.596690e+00  3.643250e+00  3.686180e+00  3.725090e+00  3.759640e+00  3.789830e+00  
3.815830e+00  3.828130e+00  3.843480e+00  3.858880e+00  3.872030e+00  3.872330e+00  
3.867930e+00  3.867070e+00  3.867540e+00  3.867820e+00  3.867630e+00  3.867790e+00  
3.332757e+00  3.332759e+00  3.332760e+00  3.332763e+00  3.332766e+00  3.332771e+00  
3.332779e+00  3.332792e+00  3.332813e+00  3.332845e+00  3.332897e+00  3.332979e+00  
3.333109e+00  3.333315e+00  3.333641e+00  3.334157e+00  3.334977e+00  3.336275e+00  
3.338333e+00  3.341596e+00  3.346765e+00  3.354955e+00  3.367906e+00  3.388316e+00  
3.420193e+00  3.468908e+00  3.541024e+00  3.629401e+00  3.706389e+00  3.772146e+00  
3.827879e+00  3.876399e+00  3.921637e+00  3.964349e+00  4.004337e+00  4.041650e+00  
4.076660e+00  4.109590e+00  4.140330e+00  4.169390e+00  4.197480e+00  4.225720e+00  
4.255640e+00  4.271920e+00  4.290440e+00  4.307080e+00  4.321980e+00  4.323280e+00  
4.319960e+00  4.319220e+00  4.319720e+00  4.319990e+00  4.319780e+00  4.319990e+00  
3.790995e+00  3.790998e+00  3.790999e+00  3.791002e+00  3.791006e+00  3.791012e+00  
3.791021e+00  3.791037e+00  3.791061e+00  3.791100e+00  3.791161e+00  3.791259e+00  
3.791413e+00  3.791658e+00  3.792045e+00  3.792659e+00  3.793632e+00  3.795175e+00  
3.797621e+00  3.801497e+00  3.807638e+00  3.817355e+00  3.832680e+00  3.856667e+00  
3.893478e+00  3.947178e+00  4.020023e+00  4.100059e+00  4.163160e+00  4.215951e+00  
4.260399e+00  4.298427e+00  4.332626e+00  4.363154e+00  4.389415e+00  4.411600e+00  
4.431520e+00  4.450750e+00  4.469880e+00  4.490180e+00  4.513300e+00  4.541010e+00  
4.572680e+00  4.588660e+00  4.606840e+00  4.623290e+00  4.638030e+00  4.640520e+00  
4.639470e+00  4.639250e+00  4.639690e+00  4.639790e+00  4.639800e+00  4.639890e+00  
4.675638e+00  4.675641e+00  4.675642e+00  4.675645e+00  4.675649e+00  4.675656e+00  
4.675666e+00  4.675683e+00  4.675709e+00  4.675750e+00  4.675816e+00  4.675920e+00  
4.676085e+00  4.676347e+00  4.676761e+00  4.677418e+00  4.678459e+00  4.680110e+00  
4.682728e+00  4.686877e+00  4.693449e+00  4.703840e+00  4.720188e+00  4.745614e+00  
4.784006e+00  4.837512e+00  4.903098e+00  4.963511e+00  4.999082e+00  5.020735e+00  
5.031991e+00  5.036067e+00  5.037007e+00  5.034673e+00  5.027704e+00  5.016520e+00  
5.006350e+00  5.001480e+00  5.002530e+00  5.009010e+00  5.020460e+00  5.037290e+00  
5.061440e+00  5.076640e+00  5.089770e+00  5.097730e+00  5.109080e+00  5.113490e+00  
5.120140e+00  5.121080e+00  5.121130e+00  5.121060e+00  5.121090e+00  5.121160e+00  
5.333335e+00  5.333337e+00  5.333338e+00  5.333340e+00  5.333343e+00  5.333348e+00  
5.333356e+00  5.333369e+00  5.333388e+00  5.333419e+00  5.333469e+00  5.333547e+00  
5.333670e+00  5.333866e+00  5.334177e+00  5.334670e+00  5.335450e+00  5.336689e+00  
5.338655e+00  5.341773e+00  5.346714e+00  5.354530e+00  5.366835e+00  5.386003e+00  
5.415097e+00  5.456272e+00  5.508061e+00  5.555314e+00  5.576305e+00  5.573359e+00  
5.551059e+00  5.517139e+00  5.481159e+00  5.445800e+00  5.412100e+00  5.380984e+00  
5.354280e+00  5.333320e+00  5.318760e+00  5.310790e+00  5.309590e+00  5.315520e+00  
5.328560e+00  5.336580e+00  5.341320e+00  5.341340e+00  5.344580e+00  5.350330e+00  
5.363420e+00  5.365620e+00  5.365330e+00  5.364900e+00  5.365310e+00  5.365110e+00  
6.244793e+00  6.244795e+00  6.244795e+00  6.244797e+00  6.244799e+00  6.244803e+00  
6.244808e+00  6.244817e+00  6.244831e+00  6.244854e+00  6.244889e+00  6.244945e+00  
6.245034e+00  6.245174e+00  6.245397e+00  6.245752e+00  6.246314e+00  6.247208e+00  
6.248628e+00  6.250882e+00  6.254457e+00  6.260099e+00  6.268925e+00  6.282469e+00  
6.302246e+00  6.327128e+00  6.349225e+00  6.350718e+00  6.320693e+00  6.263233e+00  
6.185271e+00  6.097504e+00  6.012207e+00  5.933251e+00  5.861706e+00  5.798332e+00  
5.744490e+00  5.700670e+00  5.665680e+00  5.635430e+00  5.607010e+00  5.584950e+00  
5.573790e+00  5.569670e+00  5.557810e+00  5.540820e+00  5.531180e+00  5.535520e+00  
5.556220e+00  5.559360e+00  5.558180e+00  5.558230e+00  5.557730e+00  5.557940e+00  
6.898615e+00  6.898616e+00  6.898616e+00  6.898617e+00  6.898618e+00  6.898620e+00  
6.898623e+00  6.898627e+00  6.898634e+00  6.898644e+00  6.898662e+00  6.898691e+00  
6.898735e+00  6.898806e+00  6.898918e+00  6.899098e+00  6.899383e+00  6.899839e+00  
6.900568e+00  6.901730e+00  6.903574e+00  6.906463e+00  6.910900e+00  6.917422e+00  
6.925836e+00  6.931855e+00  6.922078e+00  6.878134e+00  6.801105e+00  6.696565e+00  
6.573100e+00  6.443287e+00  6.321148e+00  6.210687e+00  6.112663e+00  6.026679e+00  
5.952350e+00  5.888880e+00  5.834380e+00  5.783960e+00  5.734130e+00  5.689890e+00  
5.656500e+00  5.641260e+00  5.618020e+00  5.591920e+00  5.573160e+00  5.574940e+00  
5.593620e+00  5.596550e+00  5.595200e+00  5.595250e+00  5.594700e+00  5.594930e+00  
7.416794e+00  7.416794e+00  7.416794e+00  7.416794e+00  7.416793e+00  7.416793e+00  
7.416792e+00  7.416792e+00  7.416792e+00  7.416791e+00  7.416790e+00  7.416788e+00  
7.416784e+00  7.416779e+00  7.416773e+00  7.416764e+00  7.416750e+00  7.416735e+00  
7.416718e+00  7.416702e+00  7.416675e+00  7.416593e+00  7.416302e+00  7.415296e+00  
7.411651e+00  7.398169e+00  7.356765e+00  7.269741e+00  7.150226e+00  7.004828e+00  
6.843192e+00  6.678790e+00  6.526683e+00  6.390631e+00  6.270916e+00  6.166083e+00  
6.074208e+00  5.993380e+00  5.921420e+00  5.853430e+00  5.785880e+00  5.723510e+00  
5.671660e+00  5.647820e+00  5.617860e+00  5.588300e+00  5.564780e+00  5.563270e+00  
5.573880e+00  5.575640e+00  5.574500e+00  5.574500e+00  5.574120e+00  5.574320e+00  
8.018578e+00  8.018575e+00  8.018572e+00  8.018569e+00  8.018564e+00  8.018556e+00  
8.018543e+00  8.018522e+00  8.018489e+00  8.018437e+00  8.018355e+00  8.018224e+00  
8.018017e+00  8.017690e+00  8.017172e+00  8.016353e+00  8.015058e+00  8.013012e+00  
8.009781e+00  8.004673e+00  7.996584e+00  7.983745e+00  7.963354e+00  7.930981e+00  
7.879600e+00  7.798249e+00  7.670289e+00  7.499846e+00  7.332745e+00  7.169329e+00  
7.009852e+00  6.854492e+00  6.703842e+00  6.558674e+00  6.419966e+00  6.287861e+00  
6.163469e+00  6.048480e+00  5.943880e+00  5.851330e+00  5.771960e+00  5.703430e+00  
5.645910e+00  5.624650e+00  5.610480e+00  5.597970e+00  5.537830e+00  5.509090e+00  
5.525030e+00  5.531860e+00  5.528970e+00  5.526950e+00  5.530300e+00  5.528300e+00  
8.685463e+00  8.685458e+00  8.685455e+00  8.685451e+00  8.685443e+00  8.685432e+00  
8.685414e+00  8.685385e+00  8.685339e+00  8.685267e+00  8.685151e+00  8.684969e+00  
8.684680e+00  8.684223e+00  8.683500e+00  8.682357e+00  8.680550e+00  8.677698e+00  
8.673191e+00  8.666065e+00  8.654767e+00  8.636827e+00  8.608338e+00  8.563111e+00  
8.491398e+00  8.378216e+00  8.201214e+00  7.967027e+00  7.739258e+00  7.518320e+00  
7.304552e+00  7.098046e+00  6.899479e+00  6.710211e+00  6.530764e+00  6.361519e+00  
6.203632e+00  6.059220e+00  5.929590e+00  5.816410e+00  5.720430e+00  5.637020e+00  
5.563820e+00  5.534300e+00  5.511480e+00  5.491480e+00  5.421340e+00  5.387400e+00  
5.390570e+00  5.394730e+00  5.391320e+00  5.389690e+00  5.392200e+00  5.390990e+00  
9.029549e+00  9.029547e+00  9.029545e+00  9.029542e+00  9.029539e+00  9.029534e+00  
9.029526e+00  9.029513e+00  9.029492e+00  9.029459e+00  9.029407e+00  9.029325e+00  
9.029195e+00  9.028989e+00  9.028665e+00  9.028157e+00  9.027357e+00  9.026104e+00  
9.024135e+00  9.021021e+00  9.016050e+00  9.008031e+00  8.994896e+00  8.972552e+00  
8.931492e+00  8.845519e+00  8.660092e+00  8.356412e+00  8.031425e+00  7.725961e+00  
7.445618e+00  7.189077e+00  6.954934e+00  6.742281e+00  6.548079e+00  6.369081e+00  
6.202958e+00  6.048570e+00  5.905840e+00  5.773380e+00  5.650100e+00  5.534480e+00  
5.425010e+00  5.373660e+00  5.328060e+00  5.298330e+00  5.267750e+00  5.252400e+00  
5.224810e+00  5.220370e+00  5.220140e+00  5.220800e+00  5.219940e+00  5.220620e+00  
9.895211e+00  9.895205e+00  9.895202e+00  9.895197e+00  9.895189e+00  9.895176e+00  
9.895155e+00  9.895122e+00  9.895070e+00  9.894989e+00  9.894858e+00  9.894653e+00  
9.894328e+00  9.893815e+00  9.893005e+00  9.891730e+00  9.889722e+00  9.886559e+00  
9.881567e+00  9.873649e+00  9.861027e+00  9.840860e+00  9.808426e+00  9.755502e+00  
9.666492e+00  9.507148e+00  9.208798e+00  8.768479e+00  8.327947e+00  7.928285e+00  
7.572097e+00  7.255196e+00  6.972645e+00  6.717250e+00  6.478516e+00  6.250194e+00  
6.034970e+00  5.835523e+00  5.651840e+00  5.480510e+00  5.319490e+00  5.169890e+00  
5.027580e+00  4.956620e+00  4.891960e+00  4.847280e+00  4.799240e+00  4.784030e+00  
4.762070e+00  4.758930e+00  4.758470e+00  4.758590e+00  4.758480e+00  4.758330e+00  
1.052765e+01  1.052764e+01  1.052763e+01  1.052762e+01  1.052760e+01  1.052757e+01  
1.052753e+01  1.052746e+01  1.052735e+01  1.052717e+01  1.052690e+01  1.052646e+01  
1.052576e+01  1.052465e+01  1.052291e+01  1.052016e+01  1.051582e+01  1.050896e+01  
1.049812e+01  1.048090e+01  1.045353e+01  1.041005e+01  1.034097e+01  1.023140e+01  
1.005897e+01  9.792480e+00  9.390131e+00  8.879688e+00  8.407810e+00  7.972621e+00  
7.572111e+00  7.204859e+00  6.870100e+00  6.565459e+00  6.287744e+00  6.032993e+00  
5.795793e+00  5.572581e+00  5.364411e+00  5.171160e+00  4.990590e+00  4.814450e+00  
4.636480e+00  4.549590e+00  4.468730e+00  4.409720e+00  4.346210e+00  4.331520e+00  
4.327210e+00  4.327230e+00  4.325660e+00  4.325350e+00  4.325080e+00  4.324700e+00  
1.101221e+01  1.101220e+01  1.101219e+01  1.101218e+01  1.101216e+01  1.101213e+01  
1.101208e+01  1.101200e+01  1.101188e+01  1.101168e+01  1.101138e+01  1.101089e+01  
1.101012e+01  1.100891e+01  1.100700e+01  1.100400e+01  1.099925e+01  1.099177e+01  
1.097988e+01  1.096095e+01  1.093082e+01  1.088277e+01  1.080598e+01  1.068319e+01  
1.048673e+01  1.017081e+01  9.666055e+00  9.001999e+00  8.387021e+00  7.844794e+00  
7.371806e+00  6.958188e+00  6.593900e+00  6.265182e+00  5.953929e+00  5.651381e+00  
5.364720e+00  5.099181e+00  4.853135e+00  4.621900e+00  4.400810e+00  4.190900e+00  
3.994690e+00  3.901110e+00  3.806020e+00  3.729180e+00  3.656190e+00  3.640210e+00  
3.633470e+00  3.632800e+00  3.631180e+00  3.630840e+00  3.630740e+00  3.629920e+00  
1.134308e+01  1.134306e+01  1.134305e+01  1.134304e+01  1.134302e+01  1.134298e+01  
1.134292e+01  1.134282e+01  1.134267e+01  1.134243e+01  1.134204e+01  1.134144e+01  
1.134048e+01  1.133898e+01  1.133661e+01  1.133289e+01  1.132701e+01  1.131770e+01  
1.130288e+01  1.127927e+01  1.124168e+01  1.118163e+01  1.108573e+01  1.093311e+01  
1.069163e+01  1.031365e+01  9.733878e+00  8.996155e+00  8.328204e+00  7.740920e+00  
7.226899e+00  6.772756e+00  6.365309e+00  5.995078e+00  5.652213e+00  5.330036e+00  
5.026965e+00  4.741810e+00  4.473631e+00  4.220525e+00  3.981010e+00  3.754760e+00  
3.541430e+00  3.438930e+00  3.339790e+00  3.264070e+00  3.188170e+00  3.168750e+00  
3.151460e+00  3.149170e+00  3.147840e+00  3.147690e+00  3.147550e+00  3.147350e+00  
1.157284e+01  1.157282e+01  1.157281e+01  1.157279e+01  1.157276e+01  1.157272e+01  
1.157264e+01  1.157253e+01  1.157235e+01  1.157206e+01  1.157161e+01  1.157089e+01  
1.156976e+01  1.156798e+01  1.156518e+01  1.156078e+01  1.155383e+01  1.154280e+01  
1.152519e+01  1.149715e+01  1.145243e+01  1.138094e+01  1.126694e+01  1.108643e+01  
1.080416e+01  1.037544e+01  9.747738e+00  8.975926e+00  8.287882e+00  7.673612e+00  
7.125788e+00  6.635032e+00  6.192096e+00  5.790830e+00  5.425694e+00  5.090348e+00  
4.776693e+00  4.479124e+00  4.197411e+00  3.931837e+00  3.682450e+00  3.446330e+00  
3.222770e+00  3.116530e+00  3.012990e+00  2.933050e+00  2.854470e+00  2.834160e+00  
2.815310e+00  2.812930e+00  2.811470e+00  2.811270e+00  2.811160e+00  2.812130e+00  
1.170394e+01  1.170392e+01  1.170391e+01  1.170389e+01  1.170386e+01  1.170381e+01  
1.170373e+01  1.170361e+01  1.170342e+01  1.170312e+01  1.170264e+01  1.170188e+01  
1.170069e+01  1.169883e+01  1.169589e+01  1.169129e+01  1.168399e+01  1.167238e+01  
1.165382e+01  1.162426e+01  1.157696e+01  1.150121e+01  1.138036e+01  1.118901e+01  
1.088996e+01  1.043715e+01  9.777102e+00  8.967757e+00  8.249679e+00  7.611139e+00  
7.042382e+00  6.532539e+00  6.071096e+00  5.651797e+00  5.269538e+00  4.918755e+00  
4.592545e+00  4.285847e+00  3.997414e+00  3.725645e+00  3.469368e+00  3.226670e+00  
2.996450e+00  2.886400e+00  2.778240e+00  2.693930e+00  2.611870e+00  2.591460e+00  
2.574200e+00  2.572050e+00  2.570400e+00  2.570210e+00  2.570030e+00  2.571680e+00  
1.186207e+01  1.186205e+01  1.186203e+01  1.186202e+01  1.186198e+01  1.186193e+01  
1.186185e+01  1.186172e+01  1.186152e+01  1.186120e+01  1.186069e+01  1.185989e+01  
1.185865e+01  1.185670e+01  1.185364e+01  1.184884e+01  1.184120e+01  1.182898e+01  
1.180943e+01  1.177812e+01  1.172777e+01  1.164685e+01  1.151768e+01  1.131301e+01  
1.099341e+01  1.051169e+01  9.813154e+00  8.959197e+00  8.205539e+00  7.538912e+00  
6.945784e+00  6.413278e+00  5.929715e+00  5.488922e+00  5.086236e+00  4.716788e+00  
4.374839e+00  4.055848e+00  3.757433e+00  3.476195e+00  3.209433e+00  2.955970e+00  
2.713930e+00  2.596940e+00  2.480990e+00  2.389670e+00  2.300720e+00  2.279210e+00  
2.263090e+00  2.261280e+00  2.259410e+00  2.259070e+00  2.258990e+00  2.259580e+00  
1.195961e+01  1.195959e+01  1.195957e+01  1.195955e+01  1.195951e+01  1.195946e+01  
1.195937e+01  1.195924e+01  1.195903e+01  1.195870e+01  1.195818e+01  1.195737e+01  
1.195611e+01  1.195413e+01  1.195105e+01  1.194619e+01  1.193840e+01  1.192590e+01  
1.190587e+01  1.187358e+01  1.182138e+01  1.173733e+01  1.160299e+01  1.138989e+01  
1.105766e+01  1.055856e+01  9.837673e+00  8.958906e+00  8.186746e+00  7.506210e+00  
6.901912e+00  6.359705e+00  5.867339e+00  5.418399e+00  5.007978e+00  4.630819e+00  
4.280792e+00  3.953127e+00  3.645612e+00  3.355202e+00  3.079007e+00  2.814493e+00  
2.559320e+00  2.434910e+00  2.312090e+00  2.215510e+00  2.119310e+00  2.095530e+00  
2.077190e+00  2.075050e+00  2.073110e+00  2.072880e+00  2.072650e+00  2.071130e+00  
1.205922e+01  1.205920e+01  1.205918e+01  1.205916e+01  1.205913e+01  1.205907e+01  
1.205899e+01  1.205885e+01  1.205864e+01  1.205831e+01  1.205780e+01  1.205701e+01  
1.205580e+01  1.205394e+01  1.205103e+01  1.204637e+01  1.203880e+01  1.202657e+01  
1.200667e+01  1.197401e+01  1.192059e+01  1.183421e+01  1.169540e+01  1.147496e+01  
1.113280e+01  1.062077e+01  9.883351e+00  8.987156e+00  8.204202e+00  7.513698e+00  
6.900870e+00  6.351563e+00  5.853749e+00  5.400368e+00  4.985554e+00  4.602805e+00  
4.244273e+00  3.904318e+00  3.581519e+00  3.274314e+00  2.979776e+00  2.691493e+00  
2.404050e+00  2.259280e+00  2.112740e+00  1.994590e+00  1.876750e+00  1.846610e+00  
1.822200e+00  1.819340e+00  1.817010e+00  1.816690e+00  1.816470e+00  1.814800e+00  
1.206731e+01  1.206729e+01  1.206728e+01  1.206725e+01  1.206722e+01  1.206717e+01  
1.206709e+01  1.206696e+01  1.206676e+01  1.206645e+01  1.206599e+01  1.206528e+01  
1.206422e+01  1.206262e+01  1.206008e+01  1.205591e+01  1.204906e+01  1.203785e+01  
1.201912e+01  1.198774e+01  1.193599e+01  1.185162e+01  1.171520e+01  1.149906e+01  
1.116427e+01  1.066211e+01  9.931025e+00  9.036889e+00  8.253670e+00  7.562882e+00  
6.951406e+00  6.405333e+00  5.912488e+00  5.463771e+00  5.050434e+00  4.665173e+00  
4.302522e+00  3.958129e+00  3.629445e+00  3.312807e+00  3.003963e+00  2.697212e+00  
2.380835e+00  2.213150e+00  2.037170e+00  1.890950e+00  1.747450e+00  1.712960e+00  
1.685360e+00  1.681510e+00  1.678550e+00  1.678170e+00  1.677860e+00  1.680940e+00  
1.205475e+01  1.205473e+01  1.205472e+01  1.205470e+01  1.205465e+01  1.205460e+01  
1.205454e+01  1.205441e+01  1.205423e+01  1.205397e+01  1.205358e+01  1.205305e+01  
1.205228e+01  1.205113e+01  1.204915e+01  1.204578e+01  1.204011e+01  1.203015e+01  
1.201247e+01  1.198202e+01  1.193088e+01  1.184595e+01  1.170890e+01  1.149389e+01  
1.116414e+01  1.067451e+01  9.971102e+00  9.117974e+00  8.367938e+00  7.699418e+00  
7.101221e+00  6.562185e+00  6.072633e+00  5.626061e+00  5.216560e+00  4.837439e+00  
4.480377e+00  4.138524e+00  3.808081e+00  3.483297e+00  3.156311e+00  2.814847e+00  
2.442149e+00  2.236484e+00  2.009430e+00  1.809030e+00  1.608730e+00  1.566700e+00  
1.538500e+00  1.534740e+00  1.528850e+00  1.527640e+00  1.528200e+00  1.539480e+00  
1.197997e+01  1.197995e+01  1.197994e+01  1.197992e+01  1.197989e+01  1.197985e+01  
1.197977e+01  1.197968e+01  1.197952e+01  1.197933e+01  1.197908e+01  1.197878e+01  
1.197841e+01  1.197778e+01  1.197655e+01  1.197432e+01  1.197008e+01  1.196169e+01  
1.194579e+01  1.191757e+01  1.186865e+01  1.178662e+01  1.165536e+01  1.145100e+01  
1.113951e+01  1.067421e+01  1.001173e+01  9.199149e+00  8.473961e+00  7.820761e+00  
7.232097e+00  6.700744e+00  6.220287e+00  5.784311e+00  5.385875e+00  5.016860e+00  
4.666813e+00  4.327487e+00  3.995459e+00  3.665610e+00  3.328378e+00  2.963731e+00  
2.545971e+00  2.307523e+00  2.040600e+00  1.800770e+00  1.543510e+00  1.483680e+00  
1.459710e+00  1.458110e+00  1.449040e+00  1.446600e+00  1.448840e+00  1.463490e+00  
1.192732e+01  1.192730e+01  1.192729e+01  1.192727e+01  1.192724e+01  1.192720e+01  
1.192714e+01  1.192705e+01  1.192695e+01  1.192681e+01  1.192670e+01  1.192665e+01  
1.192664e+01  1.192648e+01  1.192594e+01  1.192469e+01  1.192152e+01  1.191415e+01  
1.189934e+01  1.187208e+01  1.182346e+01  1.174228e+01  1.161358e+01  1.141492e+01  
1.111322e+01  1.066376e+01  1.002771e+01  9.247697e+00  8.547981e+00  7.915543e+00  
7.343788e+00  6.826126e+00  6.356728e+00  5.929671e+00  5.538505e+00  5.175509e+00  
4.830582e+00  4.495493e+00  4.166173e+00  3.836350e+00  3.494035e+00  3.113985e+00  
2.662824e+00  2.397411e+00  2.093101e+00  1.815100e+00  1.508980e+00  1.435500e+00  
1.411490e+00  1.410780e+00  1.399480e+00  1.396290e+00  1.399620e+00  1.414710e+00  
1.187762e+01  1.187760e+01  1.187759e+01  1.187757e+01  1.187755e+01  1.187752e+01  
1.187746e+01  1.187740e+01  1.187732e+01  1.187728e+01  1.187731e+01  1.187751e+01  
1.187785e+01  1.187813e+01  1.187830e+01  1.187794e+01  1.187564e+01  1.186907e+01  
1.185512e+01  1.182814e+01  1.177932e+01  1.169866e+01  1.157187e+01  1.137801e+01  
1.108242e+01  1.065081e+01  1.003856e+01  9.286154e+00  8.608867e+00  7.994873e+00  
7.438342e+00  6.933201e+00  6.474145e+00  6.055661e+00  5.671715e+00  5.314970e+00  
4.975663e+00  4.645624e+00  4.320283e+00  3.992398e+00  3.647940e+00  3.257176e+00  
2.779713e+00  2.491952e+00  2.155677e+00  1.843490e+00  1.492040e+00  1.405080e+00  
1.379060e+00  1.378910e+00  1.365830e+00  1.362060e+00  1.366240e+00  1.380370e+00  
1.179277e+01  1.179275e+01  1.179274e+01  1.179273e+01  1.179271e+01  1.179268e+01  
1.179265e+01  1.179263e+01  1.179264e+01  1.179277e+01  1.179314e+01  1.179385e+01  
1.179481e+01  1.179604e+01  1.179759e+01  1.179869e+01  1.179767e+01  1.179234e+01  
1.177920e+01  1.175151e+01  1.170179e+01  1.162134e+01  1.149735e+01  1.131043e+01  
1.102597e+01  1.062501e+01  1.005239e+01  9.344084e+00  8.703636e+00  8.120384e+00  
7.589681e+00  7.106256e+00  6.665575e+00  6.262816e+00  5.892576e+00  5.548144e+00  
5.220410e+00  4.901274e+00  4.585543e+00  4.264498e+00  3.920926e+00  3.517707e+00  
3.002347e+00  2.679744e+00  2.291155e+00  1.919904e+00  1.486600e+00  1.373700e+00  
1.338810e+00  1.338800e+00  1.323120e+00  1.318550e+00  1.323820e+00  1.334930e+00  
1.172714e+01  1.172712e+01  1.172711e+01  1.172710e+01  1.172709e+01  1.172707e+01  
1.172706e+01  1.172709e+01  1.172721e+01  1.172755e+01  1.172828e+01  1.172944e+01  
1.173102e+01  1.173326e+01  1.173599e+01  1.173822e+01  1.173814e+01  1.173365e+01  
1.172023e+01  1.169112e+01  1.164024e+01  1.155946e+01  1.143755e+01  1.125189e+01  
1.098208e+01  1.060363e+01  1.006102e+01  9.386119e+00  8.774079e+00  8.215087e+00  
7.705192e+00  7.239704e+00  6.814649e+00  6.425684e+00  6.067900e+00  5.735033e+00  
5.418444e+00  5.110160e+00  4.804603e+00  4.492109e+00  4.153137e+00  3.745093e+00  
3.205397e+00  2.857521e+00  2.428313e+00  2.007775e+00  1.501390e+00  1.363870e+00  
1.315350e+00  1.314460e+00  1.297060e+00  1.292040e+00  1.297780e+00  1.305950e+00  
1.168648e+01  1.168646e+01  1.168646e+01  1.168645e+01  1.168645e+01  1.168647e+01  
1.168653e+01  1.168671e+01  1.168716e+01  1.168810e+01  1.168967e+01  1.169189e+01  
1.169514e+01  1.169960e+01  1.170454e+01  1.170846e+01  1.170980e+01  1.170501e+01  
1.168803e+01  1.165427e+01  1.159864e+01  1.151483e+01  1.139042e+01  1.120451e+01  
1.095515e+01  1.060066e+01  1.009020e+01  9.454910e+00  8.879701e+00  8.355989e+00  
7.880119e+00  7.447704e+00  7.054929e+00  6.697477e+00  6.370252e+00  6.066416e+00  
5.776028e+00  5.490366e+00  5.204599e+00  4.910491e+00  4.591244e+00  4.208669e+00  
3.678472e+00  3.294229e+00  2.754603e+00  2.195441e+00  1.561490e+00  1.392440e+00  
1.291850e+00  1.279390e+00  1.260310e+00  1.258790e+00  1.255660e+00  1.264420e+00  
1.162000e+01  1.161999e+01  1.161999e+01  1.161998e+01  1.162000e+01  1.162006e+01  
1.162022e+01  1.162061e+01  1.162147e+01  1.162303e+01  1.162537e+01  1.162875e+01  
1.163371e+01  1.163998e+01  1.164641e+01  1.165163e+01  1.165348e+01  1.164659e+01  
1.162616e+01  1.158878e+01  1.153032e+01  1.144587e+01  1.131426e+01  1.114430e+01  
1.091218e+01  1.057945e+01  1.009779e+01  9.497408e+00  8.952618e+00  8.456139e+00  
8.004838e+00  7.594951e+00  7.223145e+00  6.885629e+00  6.577773e+00  6.293215e+00  
6.022495e+00  5.757103e+00  5.492125e+00  5.218778e+00  4.918577e+00  4.548508e+00  
4.014658e+00  3.616319e+00  3.044264e+00  2.426168e+00  1.654090e+00  1.428800e+00  
1.281420e+00  1.263850e+00  1.241780e+00  1.239410e+00  1.236370e+00  1.242100e+00  
1.151196e+01  1.151195e+01  1.151196e+01  1.151198e+01  1.151205e+01  1.151223e+01  
1.151266e+01  1.151360e+01  1.151533e+01  1.151801e+01  1.152192e+01  1.152778e+01  
1.153556e+01  1.154433e+01  1.155281e+01  1.155936e+01  1.155902e+01  1.154692e+01  
1.152063e+01  1.147762e+01  1.141651e+01  1.132033e+01  1.120103e+01  1.105184e+01  
1.084451e+01  1.054395e+01  1.010467e+01  9.553568e+00  9.050018e+00  8.588803e+00  
8.167922e+00  7.785084e+00  7.438277e+00  7.124810e+00  6.841293e+00  6.582946e+00  
6.342289e+00  6.111729e+00  5.884565e+00  5.647715e+00  5.378851e+00  5.034846e+00  
4.517223e+00  4.116940e+00  3.521184e+00  2.827754e+00  1.844734e+00  1.540690e+00  
1.278370e+00  1.245460e+00  1.223750e+00  1.220950e+00  1.215640e+00  1.218700e+00  
1.148052e+01  1.148052e+01  1.148054e+01  1.148060e+01  1.148074e+01  1.148108e+01  
1.148186e+01  1.148340e+01  1.148596e+01  1.148969e+01  1.149535e+01  1.150335e+01  
1.151318e+01  1.152353e+01  1.153332e+01  1.153898e+01  1.153468e+01  1.151772e+01  
1.148601e+01  1.143907e+01  1.137158e+01  1.127132e+01  1.116250e+01  1.102294e+01  
1.082648e+01  1.053926e+01  1.011708e+01  9.586111e+00  9.100991e+00  8.658053e+00  
8.255148e+00  7.889585e+00  7.558991e+00  7.262020e+00  6.997409e+00  6.761917e+00  
6.548296e+00  6.347555e+00  6.148781e+00  5.935303e+00  5.684534e+00  5.360475e+00  
4.877204e+00  4.501942e+00  3.921322e+00  3.181540e+00  2.019676e+00  1.641210e+00  
1.293890e+00  1.245840e+00  1.213090e+00  1.209680e+00  1.203800e+00  1.206620e+00  
1.146194e+01  1.146195e+01  1.146198e+01  1.146208e+01  1.146232e+01  1.146287e+01  
1.146404e+01  1.146619e+01  1.146950e+01  1.147437e+01  1.148171e+01  1.149152e+01  
1.150279e+01  1.151439e+01  1.152460e+01  1.152791e+01  1.151979e+01  1.149839e+01  
1.146245e+01  1.141282e+01  1.133145e+01  1.124056e+01  1.113809e+01  1.100449e+01  
1.081459e+01  1.053574e+01  1.012546e+01  9.609642e+00  9.137989e+00  8.706745e+00  
8.314562e+00  7.959942e+00  7.641672e+00  7.357993e+00  7.106674e+00  6.884396e+00  
6.685590e+00  6.503424e+00  6.329158e+00  6.144088e+00  5.921820e+00  5.623934e+00  
5.159708e+00  4.792031e+00  4.226001e+00  3.491571e+00  2.202227e+00  1.735620e+00  
1.308530e+00  1.250440e+00  1.208340e+00  1.202120e+00  1.198800e+00  1.199300e+00  
1.145052e+01  1.145055e+01  1.145060e+01  1.145075e+01  1.145110e+01  1.145189e+01  
1.145348e+01  1.145620e+01  1.146023e+01  1.146634e+01  1.147520e+01  1.148647e+01  
1.149887e+01  1.151144e+01  1.152111e+01  1.152163e+01  1.151005e+01  1.148470e+01  
1.144575e+01  1.139285e+01  1.130530e+01  1.122053e+01  1.112280e+01  1.099375e+01  
1.080885e+01  1.053614e+01  1.013394e+01  9.627745e+00  9.164676e+00  8.741484e+00  
8.357164e+00  8.010525e+00  7.700716e+00  7.426259e+00  7.185132e+00  6.974297e+00  
6.788464e+00  6.621271e+00  6.464789e+00  6.301205e+00  6.104006e+00  5.831221e+00  
5.389530e+00  5.034250e+00  4.483121e+00  3.748178e+00  2.370551e+00  1.835201e+00  
1.326350e+00  1.255780e+00  1.205390e+00  1.197940e+00  1.194110e+00  1.194420e+00  
1.144027e+01  1.144033e+01  1.144044e+01  1.144071e+01  1.144134e+01  1.144267e+01  
1.144512e+01  1.144888e+01  1.145449e+01  1.146297e+01  1.147439e+01  1.148778e+01  
1.150202e+01  1.151540e+01  1.152204e+01  1.151725e+01  1.149947e+01  1.146799e+01  
1.142516e+01  1.135199e+01  1.127541e+01  1.119877e+01  1.110785e+01  1.098537e+01  
1.080762e+01  1.054306e+01  1.015020e+01  9.654203e+00  9.199909e+00  8.786128e+00  
8.412299e+00  8.077362e+00  7.780595e+00  7.520319e+00  7.294115e+00  7.099103e+00  
6.931412e+00  6.786054e+00  6.655828e+00  6.523533e+00  6.363265e+00  6.133808e+00  
5.744411e+00  5.420124e+00  4.899126e+00  4.163160e+00  2.659861e+00  2.027434e+00  
1.372390e+00  1.274460e+00  1.200790e+00  1.193100e+00  1.182740e+00  1.188310e+00  
1.146024e+01  1.146035e+01  1.146053e+01  1.146096e+01  1.146192e+01  1.146384e+01  
1.146706e+01  1.147185e+01  1.147915e+01  1.148969e+01  1.150309e+01  1.151802e+01  
1.153355e+01  1.154602e+01  1.154879e+01  1.153919e+01  1.151587e+01  1.148014e+01  
1.143145e+01  1.134957e+01  1.127946e+01  1.120652e+01  1.111756e+01  1.099548e+01  
1.081663e+01  1.055040e+01  1.015759e+01  9.665737e+00  9.218554e+00  8.813285e+00  
8.448667e+00  8.122979e+00  7.835044e+00  7.583488e+00  7.366565e+00  7.181353e+00  
7.022644e+00  6.885839e+00  6.768946e+00  6.665226e+00  6.553476e+00  6.371072e+00  
6.006333e+00  5.694468e+00  5.206183e+00  4.501581e+00  2.928296e+00  2.210435e+00  
1.408930e+00  1.287480e+00  1.201830e+00  1.192350e+00  1.184040e+00  1.184590e+00  
1.144772e+01  1.144801e+01  1.144843e+01  1.144937e+01  1.145129e+01  1.145464e+01  
1.145962e+01  1.146722e+01  1.147841e+01  1.149297e+01  1.150960e+01  1.152740e+01  
1.154318e+01  1.154981e+01  1.154398e+01  1.152437e+01  1.149216e+01  1.145015e+01  
1.137122e+01  1.130691e+01  1.124756e+01  1.118304e+01  1.110139e+01  1.098637e+01  
1.081540e+01  1.055886e+01  1.017836e+01  9.699791e+00  9.262749e+00  8.865630e+00  
8.507902e+00  8.189074e+00  7.909128e+00  7.667543e+00  7.463329e+00  7.294749e+00  
7.158330e+00  7.050367e+00  6.967298e+00  6.897813e+00  6.821313e+00  6.695786e+00  
6.431259e+00  6.181729e+00  5.749225e+00  5.091364e+00  3.481837e+00  2.603100e+00  
1.512320e+00  1.339620e+00  1.207570e+00  1.191590e+00  1.179360e+00  1.179560e+00  
1.146893e+01  1.146947e+01  1.147021e+01  1.147178e+01  1.147470e+01  1.147928e+01  
1.148612e+01  1.149654e+01  1.151083e+01  1.152800e+01  1.154692e+01  1.156590e+01  
1.157833e+01  1.157875e+01  1.156561e+01  1.153857e+01  1.150177e+01  1.143402e+01  
1.136572e+01  1.130945e+01  1.125552e+01  1.119468e+01  1.111522e+01  1.100106e+01  
1.082976e+01  1.057188e+01  1.018977e+01  9.711518e+00  9.277366e+00  8.885286e+00  
8.534057e+00  8.222658e+00  7.950261e+00  7.716306e+00  7.519641e+00  7.358470e+00  
7.228992e+00  7.128598e+00  7.058019e+00  7.014687e+00  6.983631e+00  6.910772e+00  
6.697303e+00  6.483168e+00  6.111049e+00  5.506532e+00  3.883078e+00  2.946955e+00  
1.618560e+00  1.394020e+00  1.214940e+00  1.195290e+00  1.176340e+00  1.177040e+00  
1.147383e+01  1.147507e+01  1.147661e+01  1.147956e+01  1.148424e+01  1.149126e+01  
1.150204e+01  1.151708e+01  1.153558e+01  1.155627e+01  1.157779e+01  1.159374e+01  
1.159764e+01  1.158770e+01  1.156321e+01  1.152847e+01  1.146601e+01  1.139506e+01  
1.134092e+01  1.129405e+01  1.124703e+01  1.119128e+01  1.111559e+01  1.100441e+01  
1.083576e+01  1.058058e+01  1.020168e+01  9.727710e+00  9.297837e+00  8.910276e+00  
8.563875e+00  8.257765e+00  7.991306e+00  7.764078e+00  7.575263e+00  7.423389e+00  
7.305170e+00  7.218794e+00  7.166485e+00  7.148073e+00  7.153099e+00  7.135625e+00  
7.009054e+00  6.854438e+00  6.555600e+00  6.035834e+00  4.506742e+00  3.485227e+00  
1.817109e+00  1.508470e+00  1.235500e+00  1.203320e+00  1.174220e+00  1.174470e+00  
1.147647e+01  1.147862e+01  1.148109e+01  1.148530e+01  1.149159e+01  1.150132e+01  
1.151551e+01  1.153393e+01  1.155513e+01  1.157823e+01  1.159899e+01  1.160920e+01  
1.160571e+01  1.158715e+01  1.155602e+01  1.151522e+01  1.143183e+01  1.137308e+01  
1.132650e+01  1.128512e+01  1.124206e+01  1.118908e+01  1.111529e+01  1.100548e+01  
1.083795e+01  1.058399e+01  1.020686e+01  9.735017e+00  9.307354e+00  8.922181e+00  
8.578389e+00  8.275187e+00  8.012027e+00  7.788458e+00  7.603901e+00  7.457047e+00  
7.344775e+00  7.265738e+00  7.222997e+00  7.217952e+00  7.243098e+00  7.258536e+00  
7.187202e+00  7.072526e+00  6.825776e+00  6.373111e+00  4.954779e+00  3.902367e+00  
2.001512e+00  1.620520e+00  1.258160e+00  1.212590e+00  1.174010e+00  1.173170e+00  
1.145805e+01  1.146132e+01  1.146471e+01  1.147004e+01  1.147807e+01  1.149039e+01  
1.150744e+01  1.152823e+01  1.155158e+01  1.157579e+01  1.159343e+01  1.159813e+01  
1.158812e+01  1.156309e+01  1.152835e+01  1.146002e+01  1.139018e+01  1.133887e+01  
1.129764e+01  1.126037e+01  1.122058e+01  1.117043e+01  1.109951e+01  1.099309e+01  
1.082996e+01  1.058150e+01  1.021031e+01  9.743344e+00  9.317808e+00  8.933485e+00  
8.589951e+00  8.287098e+00  8.025046e+00  7.803297e+00  7.620889e+00  7.477023e+00  
7.370660e+00  7.301302e+00  7.269029e+00  7.268113e+00  7.289617e+00  7.317455e+00  
7.294013e+00  7.212241e+00  7.012054e+00  6.637229e+00  5.319659e+00  4.185628e+00  
2.174863e+00  1.745040e+00  1.281740e+00  1.212280e+00  1.179150e+00  1.172390e+00  
1.145687e+01  1.146138e+01  1.146563e+01  1.147204e+01  1.148191e+01  1.149655e+01  
1.151592e+01  1.153856e+01  1.156362e+01  1.158742e+01  1.160120e+01  1.160093e+01  
1.158509e+01  1.155556e+01  1.151791e+01  1.143376e+01  1.137223e+01  1.132607e+01  
1.128860e+01  1.125406e+01  1.121622e+01  1.116746e+01  1.109762e+01  1.099213e+01  
1.082994e+01  1.058255e+01  1.021254e+01  9.746613e+00  9.321948e+00  8.938643e+00  
8.596217e+00  8.294394e+00  8.033162e+00  7.812371e+00  7.631842e+00  7.490995e+00  
7.388211e+00  7.322521e+00  7.294208e+00  7.298060e+00  7.326042e+00  7.364499e+00  
7.373818e+00  7.326149e+00  7.156899e+00  6.789059e+00  5.551047e+00  4.521022e+00  
2.336698e+00  1.831528e+00  1.305010e+00  1.232670e+00  1.175630e+00  1.171860e+00  
1.145597e+01  1.146318e+01  1.146896e+01  1.147768e+01  1.149109e+01  1.150966e+01  
1.153236e+01  1.155802e+01  1.158480e+01  1.160470e+01  1.161103e+01  1.160212e+01  
1.157713e+01  1.154253e+01  1.147150e+01  1.139976e+01  1.134848e+01  1.130943e+01  
1.127714e+01  1.124629e+01  1.121100e+01  1.116401e+01  1.109543e+01  1.099095e+01  
1.082970e+01  1.058333e+01  1.021458e+01  9.750149e+00  9.326952e+00  8.945045e+00  
8.604039e+00  8.303795e+00  8.044371e+00  7.825678e+00  7.647478e+00  7.509289e+00  
7.409724e+00  7.348092e+00  7.325175e+00  7.336554e+00  7.375744e+00  7.432108e+00  
7.474606e+00  7.457909e+00  7.343687e+00  7.047277e+00  5.933516e+00  4.959210e+00  
2.640539e+00  2.025322e+00  1.351680e+00  1.252680e+00  1.179570e+00  1.171200e+00  
1.145553e+01  1.146556e+01  1.147205e+01  1.148391e+01  1.150048e+01  1.152211e+01  
1.154723e+01  1.157413e+01  1.160134e+01  1.161698e+01  1.161570e+01  1.159894e+01  
1.156849e+01  1.152941e+01  1.143894e+01  1.137770e+01  1.133302e+01  1.129876e+01  
1.126992e+01  1.124147e+01  1.120780e+01  1.116191e+01  1.109410e+01  1.099019e+01  
1.082945e+01  1.058363e+01  1.021560e+01  9.752169e+00  9.329882e+00  8.948904e+00  
8.608857e+00  8.309612e+00  8.051326e+00  7.833903e+00  7.657161e+00  7.520632e+00  
7.423035e+00  7.363841e+00  7.344142e+00  7.360110e+00  7.406246e+00  7.473867e+00  
7.536903e+00  7.540047e+00  7.464517e+00  7.222250e+00  6.208314e+00  5.290690e+00  
2.910033e+00  2.203333e+00  1.397780e+00  1.273450e+00  1.184230e+00  1.170800e+00  
