8.772840e-01  8.772847e-01  8.772851e-01  8.772858e-01  8.772868e-01  8.772884e-01  
8.772910e-01  8.772950e-01  8.773015e-01  8.773117e-01  8.773279e-01  8.773536e-01  
8.773944e-01  8.774589e-01  8.775612e-01  8.777234e-01  8.779803e-01  8.783875e-01  
8.790331e-01  8.800562e-01  8.816781e-01  8.842496e-01  8.883287e-01  8.948075e-01  
9.051294e-01  9.216952e-01  9.485045e-01  9.857469e-01  1.024090e+00  1.063564e+00  
1.104224e+00  1.146181e+00  1.189604e+00  1.234688e+00  1.281695e+00  1.331180e+00  
1.384030e+00  1.440240e+00  1.496760e+00  1.546100e+00  1.580940e+00  1.604210e+00  
1.620830e+00  1.628000e+00  1.639110e+00  1.650390e+00  1.652170e+00  1.652170e+00  
1.653670e+00  1.653430e+00  1.652960e+00  1.653460e+00  1.653500e+00  1.653660e+00  
1.209664e+00  1.209665e+00  1.209665e+00  1.209666e+00  1.209667e+00  1.209669e+00  
1.209672e+00  1.209677e+00  1.209685e+00  1.209697e+00  1.209717e+00  1.209748e+00  
1.209796e+00  1.209874e+00  1.209997e+00  1.210192e+00  1.210500e+00  1.210989e+00  
1.211765e+00  1.212993e+00  1.214941e+00  1.218031e+00  1.222932e+00  1.230721e+00  
1.243150e+00  1.263167e+00  1.295761e+00  1.341402e+00  1.388824e+00  1.438012e+00  
1.488956e+00  1.541586e+00  1.595802e+00  1.651407e+00  1.708120e+00  1.765530e+00  
1.823010e+00  1.879620e+00  1.934090e+00  1.984680e+00  2.029270e+00  2.066160e+00  
2.090350e+00  2.093210e+00  2.086260e+00  2.076220e+00  2.094950e+00  2.111290e+00  
2.106640e+00  2.103000e+00  2.103070e+00  2.104090e+00  2.103190e+00  2.104310e+00  
1.510870e+00  1.510871e+00  1.510871e+00  1.510872e+00  1.510874e+00  1.510876e+00  
1.510880e+00  1.510885e+00  1.510894e+00  1.510909e+00  1.510931e+00  1.510967e+00  
1.511024e+00  1.511114e+00  1.511256e+00  1.511482e+00  1.511840e+00  1.512408e+00  
1.513308e+00  1.514734e+00  1.516994e+00  1.520580e+00  1.526267e+00  1.535303e+00  
1.549708e+00  1.572859e+00  1.610427e+00  1.662807e+00  1.716916e+00  1.772721e+00  
1.830138e+00  1.889050e+00  1.949245e+00  2.010448e+00  2.072235e+00  2.134070e+00  
2.195110e+00  2.254210e+00  2.309880e+00  2.360150e+00  2.402920e+00  2.437290e+00  
2.459440e+00  2.461890e+00  2.455400e+00  2.446930e+00  2.469370e+00  2.486660e+00  
2.479550e+00  2.475540e+00  2.476320e+00  2.477430e+00  2.475880e+00  2.477120e+00  
2.025440e+00  2.025441e+00  2.025442e+00  2.025443e+00  2.025445e+00  2.025449e+00  
2.025454e+00  2.025461e+00  2.025474e+00  2.025494e+00  2.025526e+00  2.025576e+00  
2.025655e+00  2.025781e+00  2.025981e+00  2.026297e+00  2.026799e+00  2.027594e+00  
2.028854e+00  2.030851e+00  2.034017e+00  2.039035e+00  2.046988e+00  2.059591e+00  
2.079553e+00  2.111141e+00  2.161028e+00  2.228119e+00  2.294343e+00  2.359447e+00  
2.423260e+00  2.485754e+00  2.547089e+00  2.607164e+00  2.665898e+00  2.723710e+00  
2.781600e+00  2.839890e+00  2.896380e+00  2.946480e+00  2.985460e+00  3.013160e+00  
3.032150e+00  3.040200e+00  3.048690e+00  3.056100e+00  3.063300e+00  3.064200e+00  
3.063850e+00  3.064220e+00  3.065070e+00  3.064930e+00  3.063850e+00  3.063980e+00  
2.454320e+00  2.454322e+00  2.454323e+00  2.454325e+00  2.454327e+00  2.454331e+00  
2.454338e+00  2.454349e+00  2.454365e+00  2.454392e+00  2.454434e+00  2.454500e+00  
2.454606e+00  2.454773e+00  2.455038e+00  2.455457e+00  2.456123e+00  2.457177e+00  
2.458848e+00  2.461497e+00  2.465696e+00  2.472347e+00  2.482877e+00  2.499512e+00  
2.525654e+00  2.566223e+00  2.628064e+00  2.707196e+00  2.780504e+00  2.847976e+00  
2.910213e+00  2.968808e+00  3.026101e+00  3.082487e+00  3.137754e+00  3.191940e+00  
3.245220e+00  3.297280e+00  3.346340e+00  3.389280e+00  3.423250e+00  3.449580e+00  
3.470020e+00  3.478570e+00  3.489190e+00  3.499900e+00  3.509080e+00  3.509770e+00  
3.506890e+00  3.508270e+00  3.510190e+00  3.508370e+00  3.507820e+00  3.507360e+00  
2.825422e+00  2.825424e+00  2.825425e+00  2.825427e+00  2.825431e+00  2.825436e+00  
2.825444e+00  2.825456e+00  2.825477e+00  2.825508e+00  2.825559e+00  2.825639e+00  
2.825766e+00  2.825967e+00  2.826286e+00  2.826790e+00  2.827590e+00  2.828860e+00  
2.830870e+00  2.834057e+00  2.839109e+00  2.847110e+00  2.859766e+00  2.879720e+00  
2.910925e+00  2.958758e+00  3.029963e+00  3.117887e+00  3.195349e+00  3.262527e+00  
3.320758e+00  3.373023e+00  3.423522e+00  3.473141e+00  3.521701e+00  3.569170e+00  
3.615590e+00  3.660540e+00  3.702530e+00  3.739000e+00  3.767860e+00  3.791200e+00  
3.811850e+00  3.821960e+00  3.834550e+00  3.847020e+00  3.857830e+00  3.858310e+00  
3.853970e+00  3.855810e+00  3.858370e+00  3.855900e+00  3.855150e+00  3.854550e+00  
3.152552e+00  3.152554e+00  3.152556e+00  3.152558e+00  3.152562e+00  3.152567e+00  
3.152577e+00  3.152591e+00  3.152614e+00  3.152650e+00  3.152707e+00  3.152798e+00  
3.152941e+00  3.153169e+00  3.153530e+00  3.154102e+00  3.155009e+00  3.156446e+00  
3.158725e+00  3.162336e+00  3.168058e+00  3.177119e+00  3.191447e+00  3.214003e+00  
3.249151e+00  3.302533e+00  3.380588e+00  3.474284e+00  3.553338e+00  3.618183e+00  
3.670816e+00  3.715479e+00  3.757982e+00  3.799642e+00  3.840330e+00  3.880050e+00  
3.918860e+00  3.956380e+00  3.991330e+00  4.021560e+00  4.045520e+00  4.065900e+00  
4.086400e+00  4.097600e+00  4.111450e+00  4.124860e+00  4.136590e+00  4.137010e+00  
4.132050e+00  4.134060e+00  4.136920e+00  4.134160e+00  4.133340e+00  4.132670e+00  
3.709051e+00  3.709054e+00  3.709055e+00  3.709058e+00  3.709062e+00  3.709069e+00  
3.709079e+00  3.709095e+00  3.709121e+00  3.709163e+00  3.709228e+00  3.709331e+00  
3.709495e+00  3.709755e+00  3.710168e+00  3.710820e+00  3.711855e+00  3.713496e+00  
3.716097e+00  3.720219e+00  3.726751e+00  3.737095e+00  3.753433e+00  3.779105e+00  
3.818900e+00  3.878544e+00  3.963452e+00  4.061020e+00  4.137627e+00  4.194174e+00  
4.233709e+00  4.262284e+00  4.287962e+00  4.312730e+00  4.336642e+00  4.359980e+00  
4.383150e+00  4.406110e+00  4.428020e+00  4.447160e+00  4.462620e+00  4.477720e+00  
4.497000e+00  4.509020e+00  4.523130e+00  4.535980e+00  4.547870e+00  4.548640e+00  
4.544410e+00  4.546250e+00  4.548820e+00  4.546360e+00  4.545630e+00  4.545040e+00  
4.171049e+00  4.171052e+00  4.171054e+00  4.171056e+00  4.171061e+00  4.171067e+00  
4.171078e+00  4.171095e+00  4.171122e+00  4.171165e+00  4.171233e+00  4.171341e+00  
4.171512e+00  4.171783e+00  4.172212e+00  4.172892e+00  4.173970e+00  4.175679e+00  
4.178388e+00  4.182684e+00  4.189490e+00  4.200265e+00  4.217274e+00  4.243956e+00  
4.285149e+00  4.346237e+00  4.431334e+00  4.525602e+00  4.594888e+00  4.640485e+00  
4.666169e+00  4.679053e+00  4.688492e+00  4.696865e+00  4.704519e+00  4.712030e+00  
4.720400e+00  4.730080e+00  4.740530e+00  4.750250e+00  4.758570e+00  4.768970e+00  
4.786050e+00  4.797500e+00  4.809770e+00  4.819920e+00  4.830480e+00  4.831880e+00  
4.829950e+00  4.831130e+00  4.832760e+00  4.831270e+00  4.830850e+00  4.830500e+00  
5.056760e+00  5.056763e+00  5.056765e+00  5.056768e+00  5.056773e+00  5.056780e+00  
5.056792e+00  5.056811e+00  5.056841e+00  5.056888e+00  5.056964e+00  5.057083e+00  
5.057271e+00  5.057570e+00  5.058043e+00  5.058795e+00  5.059985e+00  5.061874e+00  
5.064869e+00  5.069617e+00  5.077137e+00  5.089024e+00  5.107712e+00  5.136724e+00  
5.180328e+00  5.240325e+00  5.311404e+00  5.371352e+00  5.398266e+00  5.404784e+00  
5.396559e+00  5.379961e+00  5.362552e+00  5.343933e+00  5.320638e+00  5.291932e+00  
5.264350e+00  5.243160e+00  5.228520e+00  5.218780e+00  5.213030e+00  5.214540e+00  
5.223720e+00  5.228380e+00  5.231830e+00  5.233630e+00  5.237600e+00  5.240370e+00  
5.245620e+00  5.244930e+00  5.243510e+00  5.244550e+00  5.245730e+00  5.246000e+00  
5.731910e+00  5.731912e+00  5.731913e+00  5.731915e+00  5.731918e+00  5.731923e+00  
5.731931e+00  5.731944e+00  5.731963e+00  5.731993e+00  5.732043e+00  5.732121e+00  
5.732245e+00  5.732441e+00  5.732752e+00  5.733246e+00  5.734029e+00  5.735272e+00  
5.737245e+00  5.740375e+00  5.745339e+00  5.753186e+00  5.765523e+00  5.784673e+00  
5.813518e+00  5.853504e+00  5.901282e+00  5.939612e+00  5.947911e+00  5.928993e+00  
5.888272e+00  5.834639e+00  5.778943e+00  5.724226e+00  5.671712e+00  5.622464e+00  
5.578610e+00  5.541380e+00  5.510660e+00  5.484850e+00  5.463230e+00  5.449330e+00  
5.446720e+00  5.447540e+00  5.442140e+00  5.431910e+00  5.428740e+00  5.432520e+00  
5.444430e+00  5.441280e+00  5.436680e+00  5.441500e+00  5.443040e+00  5.444210e+00  
6.689739e+00  6.689740e+00  6.689740e+00  6.689741e+00  6.689741e+00  6.689743e+00  
6.689746e+00  6.689750e+00  6.689757e+00  6.689768e+00  6.689786e+00  6.689814e+00  
6.689858e+00  6.689928e+00  6.690039e+00  6.690216e+00  6.690500e+00  6.690951e+00  
6.691673e+00  6.692825e+00  6.694655e+00  6.697532e+00  6.701964e+00  6.708553e+00  
6.717423e+00  6.725554e+00  6.722760e+00  6.693869e+00  6.637538e+00  6.557657e+00  
6.460634e+00  6.355950e+00  6.254330e+00  6.159114e+00  6.071068e+00  5.990327e+00  
5.917430e+00  5.852370e+00  5.794660e+00  5.742390e+00  5.694710e+00  5.655740e+00  
5.629240e+00  5.617360e+00  5.595850e+00  5.569830e+00  5.553520e+00  5.556930e+00  
5.575260e+00  5.569600e+00  5.561460e+00  5.569780e+00  5.572380e+00  5.574400e+00  
7.498541e+00  7.498539e+00  7.498537e+00  7.498535e+00  7.498531e+00  7.498525e+00  
7.498515e+00  7.498500e+00  7.498476e+00  7.498439e+00  7.498380e+00  7.498287e+00  
7.498139e+00  7.497904e+00  7.497532e+00  7.496946e+00  7.496018e+00  7.494554e+00  
7.492242e+00  7.488591e+00  7.482816e+00  7.473651e+00  7.459070e+00  7.435879e+00  
7.399008e+00  7.340402e+00  7.247609e+00  7.123071e+00  6.999917e+00  6.878238e+00  
6.758338e+00  6.640502e+00  6.524712e+00  6.411687e+00  6.302375e+00  6.196760e+00  
6.095750e+00  6.000380e+00  5.911390e+00  5.830190e+00  5.758090e+00  5.694800e+00  
5.642890e+00  5.624830e+00  5.614490e+00  5.606550e+00  5.557130e+00  5.534770e+00  
5.558030e+00  5.562280e+00  5.553300e+00  5.553070e+00  5.567690e+00  5.563520e+00  
7.998075e+00  7.998071e+00  7.998070e+00  7.998066e+00  7.998061e+00  7.998053e+00  
7.998040e+00  7.998020e+00  7.997987e+00  7.997936e+00  7.997853e+00  7.997724e+00  
7.997519e+00  7.997195e+00  7.996682e+00  7.995872e+00  7.994590e+00  7.992568e+00  
7.989374e+00  7.984330e+00  7.976343e+00  7.963658e+00  7.943482e+00  7.911414e+00  
7.860493e+00  7.779823e+00  7.652878e+00  7.483737e+00  7.317877e+00  7.155575e+00  
6.997140e+00  6.842848e+00  6.693029e+00  6.548410e+00  6.410259e+00  6.278516e+00  
6.154369e+00  6.039340e+00  5.934270e+00  5.840730e+00  5.759610e+00  5.688100e+00  
5.625440e+00  5.600270e+00  5.580820e+00  5.563210e+00  5.501020e+00  5.474940e+00  
5.496870e+00  5.502180e+00  5.494640e+00  5.493620e+00  5.504310e+00  5.501010e+00  
8.396577e+00  8.396573e+00  8.396570e+00  8.396566e+00  8.396560e+00  8.396550e+00  
8.396533e+00  8.396508e+00  8.396468e+00  8.396403e+00  8.396301e+00  8.396140e+00  
8.395885e+00  8.395482e+00  8.394843e+00  8.393835e+00  8.392242e+00  8.389728e+00  
8.385759e+00  8.379486e+00  8.369548e+00  8.353751e+00  8.328630e+00  8.288716e+00  
8.225373e+00  8.125241e+00  7.968324e+00  7.760230e+00  7.557316e+00  7.359964e+00  
7.168491e+00  6.983031e+00  6.804216e+00  6.632953e+00  6.470379e+00  6.316575e+00  
6.172749e+00  6.040830e+00  5.921760e+00  5.817140e+00  5.727560e+00  5.648410e+00  
5.576800e+00  5.546290e+00  5.520540e+00  5.496870e+00  5.427040e+00  5.397830e+00  
5.414540e+00  5.420650e+00  5.415990e+00  5.414160e+00  5.419030e+00  5.416950e+00  
8.853315e+00  8.853313e+00  8.853312e+00  8.853310e+00  8.853307e+00  8.853303e+00  
8.853295e+00  8.853284e+00  8.853265e+00  8.853236e+00  8.853191e+00  8.853118e+00  
8.853003e+00  8.852824e+00  8.852541e+00  8.852096e+00  8.851401e+00  8.850314e+00  
8.848610e+00  8.845922e+00  8.841625e+00  8.834647e+00  8.823119e+00  8.803296e+00  
8.766191e+00  8.686409e+00  8.510661e+00  8.219658e+00  7.906982e+00  7.613748e+00  
7.345747e+00  7.101559e+00  6.879979e+00  6.679370e+00  6.495589e+00  6.324986e+00  
6.166789e+00  6.021070e+00  5.886910e+00  5.761910e+00  5.643140e+00  5.526490e+00  
5.412090e+00  5.360160e+00  5.315040e+00  5.285050e+00  5.250980e+00  5.237860e+00  
5.217960e+00  5.219540e+00  5.223500e+00  5.220210e+00  5.216530e+00  5.215820e+00  
9.294786e+00  9.294783e+00  9.294781e+00  9.294777e+00  9.294773e+00  9.294765e+00  
9.294754e+00  9.294736e+00  9.294707e+00  9.294660e+00  9.294587e+00  9.294472e+00  
9.294290e+00  9.294002e+00  9.293550e+00  9.292841e+00  9.291727e+00  9.289982e+00  
9.287241e+00  9.282902e+00  9.275962e+00  9.264759e+00  9.246479e+00  9.215805e+00  
9.161124e+00  9.052503e+00  8.829453e+00  8.475477e+00  8.104473e+00  7.759877e+00  
7.447166e+00  7.164540e+00  6.909901e+00  6.680679e+00  6.470875e+00  6.275789e+00  
6.094503e+00  5.927170e+00  5.773100e+00  5.629520e+00  5.493030e+00  5.357730e+00  
5.223690e+00  5.163560e+00  5.113340e+00  5.081970e+00  5.044060e+00  5.027380e+00  
4.999300e+00  5.002130e+00  5.008590e+00  5.003500e+00  4.997790e+00  4.996650e+00  
1.002936e+01  1.002935e+01  1.002935e+01  1.002934e+01  1.002933e+01  1.002932e+01  
1.002929e+01  1.002926e+01  1.002920e+01  1.002910e+01  1.002896e+01  1.002873e+01  
1.002836e+01  1.002778e+01  1.002687e+01  1.002544e+01  1.002319e+01  1.001966e+01  
1.001409e+01  1.000524e+01  9.991071e+00  9.968365e+00  9.931780e+00  9.872077e+00  
9.772078e+00  9.595209e+00  9.271182e+00  8.797423e+00  8.323893e+00  7.890034e+00  
7.499194e+00  7.148952e+00  6.836305e+00  6.554940e+00  6.295344e+00  6.051234e+00  
5.823272e+00  5.612618e+00  5.418970e+00  5.238400e+00  5.067360e+00  4.902660e+00  
4.743920e+00  4.669590e+00  4.600880e+00  4.551200e+00  4.498680e+00  4.482300e+00  
4.462170e+00  4.462630e+00  4.465060e+00  4.462550e+00  4.459780e+00  4.459140e+00  
1.060225e+01  1.060224e+01  1.060223e+01  1.060222e+01  1.060220e+01  1.060217e+01  
1.060212e+01  1.060205e+01  1.060193e+01  1.060175e+01  1.060145e+01  1.060099e+01  
1.060025e+01  1.059909e+01  1.059727e+01  1.059438e+01  1.058985e+01  1.058270e+01  
1.057137e+01  1.055335e+01  1.052462e+01  1.047888e+01  1.040601e+01  1.029020e+01  
1.010770e+01  9.825214e+00  9.397891e+00  8.854984e+00  8.351751e+00  7.886182e+00  
7.456166e+00  7.060277e+00  6.697939e+00  6.366797e+00  6.063811e+00  5.785542e+00  
5.527667e+00  5.287661e+00  5.066671e+00  4.864420e+00  4.678120e+00  4.498110e+00  
4.316380e+00  4.226940e+00  4.141840e+00  4.077980e+00  4.011580e+00  3.997890e+00  
3.993790e+00  3.991010e+00  3.986490e+00  3.988480e+00  3.990640e+00  3.991080e+00  
1.105912e+01  1.105911e+01  1.105910e+01  1.105908e+01  1.105906e+01  1.105903e+01  
1.105897e+01  1.105889e+01  1.105876e+01  1.105854e+01  1.105821e+01  1.105767e+01  
1.105684e+01  1.105552e+01  1.105344e+01  1.105018e+01  1.104505e+01  1.103695e+01  
1.102406e+01  1.100345e+01  1.097053e+01  1.091791e+01  1.083364e+01  1.069897e+01  
1.048452e+01  1.014374e+01  9.609272e+00  8.916003e+00  8.277739e+00  7.711936e+00  
7.213134e+00  6.769881e+00  6.371646e+00  6.009719e+00  5.674343e+00  5.359328e+00  
5.064015e+00  4.787988e+00  4.530389e+00  4.288960e+00  4.061240e+00  3.849130e+00  
3.652250e+00  3.556520e+00  3.459970e+00  3.382920e+00  3.309330e+00  3.293750e+00  
3.286510e+00  3.283310e+00  3.279430e+00  3.281000e+00  3.282870e+00  3.283000e+00  
1.142679e+01  1.142677e+01  1.142676e+01  1.142674e+01  1.142671e+01  1.142667e+01  
1.142660e+01  1.142649e+01  1.142631e+01  1.142602e+01  1.142558e+01  1.142488e+01  
1.142376e+01  1.142202e+01  1.141927e+01  1.141496e+01  1.140818e+01  1.139740e+01  
1.138019e+01  1.135267e+01  1.130873e+01  1.123843e+01  1.112613e+01  1.094822e+01  
1.066987e+01  1.024683e+01  9.627141e+00  8.865825e+00  8.186361e+00  7.579586e+00  
7.038916e+00  6.555227e+00  6.119814e+00  5.726493e+00  5.369105e+00  5.040681e+00  
4.732359e+00  4.438309e+00  4.159171e+00  3.896797e+00  3.651890e+00  3.421120e+00  
3.204220e+00  3.102040e+00  3.003160e+00  2.927420e+00  2.852970e+00  2.833590e+00  
2.816060e+00  2.815020e+00  2.814580e+00  2.813290e+00  2.812790e+00  2.812470e+00  
1.164174e+01  1.164172e+01  1.164171e+01  1.164169e+01  1.164166e+01  1.164161e+01  
1.164153e+01  1.164140e+01  1.164120e+01  1.164089e+01  1.164040e+01  1.163962e+01  
1.163839e+01  1.163648e+01  1.163347e+01  1.162875e+01  1.162131e+01  1.160943e+01  
1.159039e+01  1.155993e+01  1.151118e+01  1.143301e+01  1.130811e+01  1.111047e+01  
1.080190e+01  1.033612e+01  9.660721e+00  8.838495e+00  8.113697e+00  7.473000e+00  
6.906475e+00  6.401893e+00  5.947471e+00  5.536005e+00  5.161424e+00  4.816912e+00  
4.493966e+00  4.186954e+00  3.896174e+00  3.622881e+00  3.367880e+00  3.127600e+00  
2.901070e+00  2.794160e+00  2.691350e+00  2.613240e+00  2.536550e+00  2.516500e+00  
2.497850e+00  2.496960e+00  2.496760e+00  2.495130e+00  2.494490e+00  2.494440e+00  
1.179176e+01  1.179174e+01  1.179172e+01  1.179170e+01  1.179167e+01  1.179161e+01  
1.179152e+01  1.179139e+01  1.179118e+01  1.179085e+01  1.179033e+01  1.178951e+01  
1.178821e+01  1.178620e+01  1.178304e+01  1.177809e+01  1.177025e+01  1.175769e+01  
1.173750e+01  1.170516e+01  1.165325e+01  1.156979e+01  1.143654e+01  1.122569e+01  
1.089698e+01  1.040298e+01  9.690720e+00  8.827369e+00  8.071541e+00  7.407519e+00  
6.822311e+00  6.301750e+00  5.832430e+00  5.406709e+00  5.018608e+00  4.661517e+00  
4.327377e+00  4.010847e+00  3.711879e+00  3.431303e+00  3.169569e+00  2.923520e+00  
2.690930e+00  2.580460e+00  2.473380e+00  2.391300e+00  2.311720e+00  2.291880e+00  
2.275140e+00  2.273610e+00  2.272480e+00  2.271760e+00  2.271380e+00  2.271730e+00  
1.198527e+01  1.198525e+01  1.198523e+01  1.198521e+01  1.198517e+01  1.198512e+01  
1.198503e+01  1.198489e+01  1.198467e+01  1.198432e+01  1.198377e+01  1.198290e+01  
1.198156e+01  1.197948e+01  1.197623e+01  1.197113e+01  1.196298e+01  1.194979e+01  
1.192854e+01  1.189434e+01  1.183903e+01  1.174984e+01  1.160748e+01  1.138200e+01  
1.103137e+01  1.050679e+01  9.754305e+00  8.844801e+00  8.052899e+00  7.361146e+00  
6.752346e+00  6.210202e+00  5.720209e+00  5.274624e+00  4.867603e+00  4.492918e+00  
4.143130e+00  3.813248e+00  3.502730e+00  3.211617e+00  2.939387e+00  2.683020e+00  
2.438860e+00  2.321530e+00  2.206900e+00  2.118180e+00  2.032450e+00  2.011990e+00  
1.996860e+00  1.994520e+00  1.992280e+00  1.992630e+00  1.992580e+00  1.992850e+00  
1.210287e+01  1.210285e+01  1.210283e+01  1.210281e+01  1.210277e+01  1.210272e+01  
1.210263e+01  1.210248e+01  1.210226e+01  1.210190e+01  1.210135e+01  1.210049e+01  
1.209917e+01  1.209711e+01  1.209394e+01  1.208891e+01  1.208076e+01  1.206751e+01  
1.204611e+01  1.201136e+01  1.195473e+01  1.186335e+01  1.171727e+01  1.148575e+01  
1.112649e+01  1.058991e+01  9.821363e+00  8.892385e+00  8.084361e+00  7.378800e+00  
6.757030e+00  6.202131e+00  5.699543e+00  5.241700e+00  4.822893e+00  4.437007e+00  
4.076881e+00  3.737566e+00  3.418200e+00  3.118246e+00  2.836315e+00  2.568383e+00  
2.310810e+00  2.185870e+00  2.063950e+00  1.969530e+00  1.876980e+00  1.854440e+00  
1.837330e+00  1.834960e+00  1.832800e+00  1.832960e+00  1.832880e+00  1.832420e+00  
1.225974e+01  1.225972e+01  1.225970e+01  1.225968e+01  1.225964e+01  1.225959e+01  
1.225950e+01  1.225936e+01  1.225914e+01  1.225880e+01  1.225828e+01  1.225750e+01  
1.225631e+01  1.225450e+01  1.225170e+01  1.224711e+01  1.223943e+01  1.222684e+01  
1.220607e+01  1.217141e+01  1.211437e+01  1.202200e+01  1.187337e+01  1.163854e+01  
1.127546e+01  1.073420e+01  9.958617e+00  9.020074e+00  8.204741e+00  7.488541e+00  
6.854676e+00  6.287094e+00  5.772405e+00  5.303019e+00  4.872818e+00  4.475072e+00  
4.101850e+00  3.747705e+00  3.411756e+00  3.093389e+00  2.790220e+00  2.495140e+00  
2.202670e+00  2.056510e+00  1.910200e+00  1.793850e+00  1.679570e+00  1.650660e+00  
1.627180e+00  1.624600e+00  1.622530e+00  1.622060e+00  1.621780e+00  1.621230e+00  
1.233551e+01  1.233549e+01  1.233547e+01  1.233545e+01  1.233541e+01  1.233535e+01  
1.233526e+01  1.233514e+01  1.233493e+01  1.233461e+01  1.233415e+01  1.233346e+01  
1.233245e+01  1.233097e+01  1.232859e+01  1.232447e+01  1.231747e+01  1.230573e+01  
1.228566e+01  1.225137e+01  1.219476e+01  1.210209e+01  1.195301e+01  1.171852e+01  
1.135732e+01  1.082101e+01  1.005111e+01  9.120431e+00  8.312139e+00  7.598823e+00  
6.965910e+00  6.398919e+00  5.885577e+00  5.417953e+00  4.989007e+00  4.590849e+00  
4.213887e+00  3.851775e+00  3.504230e+00  3.171682e+00  2.851657e+00  2.534303e+00  
2.209448e+00  2.041220e+00  1.864740e+00  1.718410e+00  1.578540e+00  1.544480e+00  
1.517120e+00  1.513570e+00  1.510460e+00  1.510250e+00  1.509960e+00  1.511140e+00  
1.240217e+01  1.240215e+01  1.240213e+01  1.240211e+01  1.240208e+01  1.240203e+01  
1.240194e+01  1.240183e+01  1.240164e+01  1.240140e+01  1.240105e+01  1.240062e+01  
1.240006e+01  1.239923e+01  1.239756e+01  1.239442e+01  1.238878e+01  1.237834e+01  
1.235892e+01  1.232530e+01  1.226832e+01  1.217414e+01  1.202388e+01  1.178934e+01  
1.143165e+01  1.090469e+01  1.015577e+01  9.257553e+00  8.477503e+00  7.788352e+00  
7.175396e+00  6.623840e+00  6.120928e+00  5.659477e+00  5.233536e+00  4.836364e+00  
4.459583e+00  4.096640e+00  3.744496e+00  3.398861e+00  3.053295e+00  2.696450e+00  
2.312738e+00  2.103476e+00  1.874010e+00  1.672280e+00  1.469830e+00  1.427020e+00  
1.400010e+00  1.396000e+00  1.389090e+00  1.388240e+00  1.390550e+00  1.393710e+00  
1.241376e+01  1.241374e+01  1.241373e+01  1.241370e+01  1.241367e+01  1.241362e+01  
1.241355e+01  1.241345e+01  1.241331e+01  1.241314e+01  1.241297e+01  1.241286e+01  
1.241281e+01  1.241258e+01  1.241168e+01  1.240968e+01  1.240532e+01  1.239577e+01  
1.237719e+01  1.234412e+01  1.228656e+01  1.219196e+01  1.204212e+01  1.181021e+01  
1.145943e+01  1.094189e+01  1.022084e+01  9.356019e+00  8.602495e+00  7.936293e+00  
7.343059e+00  6.808245e+00  6.319086e+00  5.868650e+00  5.451213e+00  5.060077e+00  
4.686730e+00  4.324352e+00  3.969663e+00  3.617843e+00  3.260391e+00  2.880266e+00  
2.452113e+00  2.206850e+00  1.926660e+00  1.673180e+00  1.416390e+00  1.363930e+00  
1.337070e+00  1.332930e+00  1.322930e+00  1.321610e+00  1.325890e+00  1.329430e+00  
1.240245e+01  1.240243e+01  1.240242e+01  1.240240e+01  1.240237e+01  1.240233e+01  
1.240226e+01  1.240218e+01  1.240210e+01  1.240203e+01  1.240207e+01  1.240231e+01  
1.240277e+01  1.240311e+01  1.240306e+01  1.240219e+01  1.239890e+01  1.239006e+01  
1.237241e+01  1.233937e+01  1.228148e+01  1.218706e+01  1.203853e+01  1.181088e+01  
1.146778e+01  1.096330e+01  1.026587e+01  9.431083e+00  8.701472e+00  8.055561e+00  
7.479646e+00  6.959551e+00  6.482731e+00  6.042474e+00  5.633386e+00  5.248909e+00  
4.880580e+00  4.521450e+00  4.167918e+00  3.814534e+00  3.450917e+00  3.055167e+00  
2.593167e+00  2.318651e+00  1.994844e+00  1.696500e+00  1.389420e+00  1.326080e+00  
1.297140e+00  1.292940e+00  1.280760e+00  1.278980e+00  1.284330e+00  1.287170e+00  
1.238152e+01  1.238150e+01  1.238149e+01  1.238147e+01  1.238145e+01  1.238141e+01  
1.238135e+01  1.238131e+01  1.238128e+01  1.238133e+01  1.238161e+01  1.238223e+01  
1.238314e+01  1.238405e+01  1.238488e+01  1.238502e+01  1.238249e+01  1.237435e+01  
1.235724e+01  1.232378e+01  1.226550e+01  1.217108e+01  1.202380e+01  1.180032e+01  
1.146193e+01  1.097468e+01  1.029966e+01  9.491015e+00  8.782562e+00  8.154305e+00  
7.593333e+00  7.085971e+00  6.619982e+00  6.188986e+00  5.787809e+00  5.410112e+00  
5.047543e+00  4.693063e+00  4.342709e+00  3.990383e+00  3.624002e+00  3.217609e+00  
2.729196e+00  2.430463e+00  2.069403e+00  1.731110e+00  1.377410e+00  1.302590e+00  
1.269520e+00  1.265150e+00  1.251390e+00  1.249190e+00  1.255070e+00  1.256860e+00  
1.224472e+01  1.224470e+01  1.224469e+01  1.224467e+01  1.224466e+01  1.224464e+01  
1.224462e+01  1.224465e+01  1.224477e+01  1.224513e+01  1.224596e+01  1.224736e+01  
1.224921e+01  1.225146e+01  1.225417e+01  1.225629e+01  1.225529e+01  1.224927e+01  
1.223339e+01  1.220092e+01  1.214504e+01  1.205569e+01  1.191956e+01  1.171614e+01  
1.140813e+01  1.097863e+01  1.037009e+01  9.621320e+00  8.947787e+00  8.336902e+00  
7.783227e+00  7.280581e+00  6.823678e+00  6.406856e+00  6.023754e+00  5.666430e+00  
5.324044e+00  4.987256e+00  4.650592e+00  4.305204e+00  3.934160e+00  3.502238e+00  
2.958949e+00  2.622797e+00  2.220806e+00  1.838257e+00  1.388270e+00  1.269530e+00  
1.231680e+00  1.230670e+00  1.213400e+00  1.209400e+00  1.217350e+00  1.215990e+00  
1.227060e+01  1.227057e+01  1.227057e+01  1.227056e+01  1.227054e+01  1.227054e+01  
1.227056e+01  1.227065e+01  1.227095e+01  1.227163e+01  1.227297e+01  1.227502e+01  
1.227762e+01  1.228107e+01  1.228512e+01  1.228805e+01  1.228770e+01  1.228177e+01  
1.226411e+01  1.222916e+01  1.217009e+01  1.207745e+01  1.193929e+01  1.173018e+01  
1.142850e+01  1.100963e+01  1.041526e+01  9.683187e+00  9.026752e+00  8.433439e+00  
7.897832e+00  7.413682e+00  6.975535e+00  6.577439e+00  6.212511e+00  5.871882e+00  
5.543080e+00  5.215755e+00  4.885164e+00  4.544017e+00  4.178562e+00  3.759696e+00  
3.221898e+00  2.857953e+00  2.372475e+00  1.894370e+00  1.395980e+00  1.276510e+00  
1.215270e+00  1.205920e+00  1.188360e+00  1.188270e+00  1.186830e+00  1.189560e+00  
1.218387e+01  1.218385e+01  1.218384e+01  1.218385e+01  1.218386e+01  1.218390e+01  
1.218405e+01  1.218441e+01  1.218523e+01  1.218685e+01  1.218945e+01  1.219294e+01  
1.219774e+01  1.220400e+01  1.221043e+01  1.221491e+01  1.221605e+01  1.220844e+01  
1.218735e+01  1.214818e+01  1.208479e+01  1.199107e+01  1.185353e+01  1.164951e+01  
1.138008e+01  1.100060e+01  1.045764e+01  9.784600e+00  9.177998e+00  8.627675e+00  
8.129364e+00  7.678017e+00  7.269181e+00  6.897825e+00  6.558020e+00  6.241762e+00  
5.937440e+00  5.635006e+00  5.329154e+00  5.011185e+00  4.664013e+00  4.250005e+00  
3.684984e+00  3.281849e+00  2.722505e+00  2.144682e+00  1.478510e+00  1.297450e+00  
1.188510e+00  1.174610e+00  1.154050e+00  1.152760e+00  1.150840e+00  1.151680e+00  
1.212483e+01  1.212482e+01  1.212482e+01  1.212483e+01  1.212487e+01  1.212500e+01  
1.212530e+01  1.212600e+01  1.212746e+01  1.213002e+01  1.213367e+01  1.213869e+01  
1.214562e+01  1.215400e+01  1.216158e+01  1.216746e+01  1.216790e+01  1.215753e+01  
1.213284e+01  1.208924e+01  1.202267e+01  1.192822e+01  1.178200e+01  1.159658e+01  
1.134697e+01  1.099218e+01  1.048135e+01  9.846608e+00  9.272486e+00  8.750606e+00  
8.277305e+00  7.848396e+00  7.460028e+00  7.107871e+00  6.786663e+00  6.489203e+00  
6.204711e+00  5.923606e+00  5.640355e+00  5.345515e+00  5.019611e+00  4.618497e+00  
4.046551e+00  3.625928e+00  3.029515e+00  2.387740e+00  1.577920e+00  1.339480e+00  
1.178680e+00  1.158960e+00  1.135870e+00  1.133620e+00  1.131480e+00  1.131470e+00  
1.200362e+01  1.200362e+01  1.200363e+01  1.200369e+01  1.200382e+01  1.200414e+01  
1.200489e+01  1.200645e+01  1.200925e+01  1.201341e+01  1.201915e+01  1.202729e+01  
1.203767e+01  1.204819e+01  1.205791e+01  1.206394e+01  1.206062e+01  1.204493e+01  
1.201336e+01  1.196340e+01  1.189411e+01  1.178611e+01  1.165487e+01  1.149451e+01  
1.127483e+01  1.095882e+01  1.049886e+01  9.922715e+00  9.396915e+00  8.915340e+00  
8.475710e+00  8.075172e+00  7.711283e+00  7.381245e+00  7.081677e+00  6.807789e+00  
6.552209e+00  6.307637e+00  6.068042e+00  5.821418e+00  5.540661e+00  5.160640e+00  
4.565801e+00  4.121113e+00  3.498993e+00  2.804315e+00  1.803858e+00  1.467140e+00  
1.173410e+00  1.138950e+00  1.120030e+00  1.116110e+00  1.101990e+00  1.110330e+00  
1.199120e+01  1.199121e+01  1.199125e+01  1.199135e+01  1.199161e+01  1.199220e+01  
1.199350e+01  1.199602e+01  1.200001e+01  1.200557e+01  1.201356e+01  1.202440e+01  
1.203671e+01  1.204869e+01  1.205932e+01  1.206273e+01  1.205522e+01  1.203386e+01  
1.199573e+01  1.194116e+01  1.186406e+01  1.175063e+01  1.163079e+01  1.148017e+01  
1.127080e+01  1.096718e+01  1.052365e+01  9.967995e+00  9.461407e+00  8.998549e+00  
8.577325e+00  8.195222e+00  7.850028e+00  7.539266e+00  7.259753e+00  7.006971e+00  
6.773669e+00  6.552816e+00  6.339211e+00  6.121889e+00  5.875037e+00  5.534093e+00  
4.976676e+00  4.540330e+00  3.901803e+00  3.150539e+00  1.989825e+00  1.578580e+00  
1.193640e+00  1.141230e+00  1.106860e+00  1.102490e+00  1.091670e+00  1.099350e+00  
1.199133e+01  1.199137e+01  1.199143e+01  1.199161e+01  1.199202e+01  1.199295e+01  
1.199488e+01  1.199831e+01  1.200334e+01  1.201042e+01  1.202052e+01  1.203345e+01  
1.204686e+01  1.206024e+01  1.207001e+01  1.207044e+01  1.205884e+01  1.203205e+01  
1.198910e+01  1.193133e+01  1.183760e+01  1.173493e+01  1.162198e+01  1.147731e+01  
1.127390e+01  1.097724e+01  1.054302e+01  9.999305e+00  9.504293e+00  9.053259e+00  
8.644169e+00  8.274708e+00  7.942798e+00  7.646079e+00  7.381550e+00  7.144772e+00  
6.928445e+00  6.725737e+00  6.532169e+00  6.337957e+00  6.118967e+00  5.812795e+00  
5.295103e+00  4.874392e+00  4.235445e+00  3.449900e+00  2.163568e+00  1.686280e+00  
1.217860e+00  1.148450e+00  1.098400e+00  1.093380e+00  1.086140e+00  1.092650e+00  
1.198453e+01  1.198459e+01  1.198469e+01  1.198495e+01  1.198555e+01  1.198686e+01  
1.198946e+01  1.199372e+01  1.199974e+01  1.200840e+01  1.202042e+01  1.203475e+01  
1.204924e+01  1.206339e+01  1.207138e+01  1.206895e+01  1.205344e+01  1.202204e+01  
1.197584e+01  1.191449e+01  1.181372e+01  1.171874e+01  1.161197e+01  1.147351e+01  
1.127720e+01  1.098912e+01  1.056532e+01  1.003258e+01  9.545519e+00  9.100547e+00  
8.696428e+00  8.331739e+00  8.005462e+00  7.715894e+00  7.460798e+00  7.236763e+00  
7.038009e+00  6.857736e+00  6.687692e+00  6.509707e+00  6.295995e+00  6.000907e+00  
5.523908e+00  5.141683e+00  4.552199e+00  3.774308e+00  2.331933e+00  1.769174e+00  
1.227900e+00  1.152840e+00  1.100560e+00  1.093070e+00  1.089040e+00  1.088150e+00  
1.198088e+01  1.198100e+01  1.198120e+01  1.198166e+01  1.198271e+01  1.198489e+01  
1.198877e+01  1.199450e+01  1.200261e+01  1.201425e+01  1.202932e+01  1.204531e+01  
1.206187e+01  1.207515e+01  1.207911e+01  1.207108e+01  1.204804e+01  1.200971e+01  
1.195907e+01  1.187367e+01  1.178583e+01  1.170015e+01  1.160083e+01  1.146921e+01  
1.127998e+01  1.100018e+01  1.058699e+01  1.006707e+01  9.591428e+00  9.157450e+00  
8.764372e+00  8.411325e+00  8.097888e+00  7.822633e+00  7.583479e+00  7.377088e+00  
7.197657e+00  7.038779e+00  6.893672e+00  6.746447e+00  6.571717e+00  6.324737e+00  
5.905883e+00  5.556142e+00  4.995567e+00  4.212713e+00  2.637393e+00  1.974682e+00  
1.273780e+00  1.168740e+00  1.097170e+00  1.091220e+00  1.080400e+00  1.082490e+00  
1.198356e+01  1.198377e+01  1.198408e+01  1.198480e+01  1.198639e+01  1.198948e+01  
1.199451e+01  1.200160e+01  1.201190e+01  1.202617e+01  1.204308e+01  1.206061e+01  
1.207808e+01  1.208886e+01  1.208889e+01  1.207542e+01  1.204603e+01  1.200320e+01  
1.194618e+01  1.185116e+01  1.177202e+01  1.169224e+01  1.159759e+01  1.146995e+01  
1.128457e+01  1.100915e+01  1.060177e+01  1.008929e+01  9.620762e+00  9.194004e+00  
8.808307e+00  8.462910e+00  8.157516e+00  7.891011e+00  7.661639e+00  7.466598e+00  
7.300799e+00  7.158544e+00  7.033792e+00  6.911471e+00  6.766960e+00  6.556162e+00  
6.181858e+00  5.860110e+00  5.332507e+00  4.567568e+00  2.913085e+00  2.160476e+00  
1.319160e+00  1.189610e+00  1.097570e+00  1.089530e+00  1.076300e+00  1.079040e+00  
1.199236e+01  1.199286e+01  1.199357e+01  1.199513e+01  1.199825e+01  1.200346e+01  
1.201089e+01  1.202169e+01  1.203689e+01  1.205555e+01  1.207520e+01  1.209565e+01  
1.211032e+01  1.211435e+01  1.210497e+01  1.207941e+01  1.204005e+01  1.199000e+01  
1.189708e+01  1.182270e+01  1.175575e+01  1.168492e+01  1.159721e+01  1.147525e+01  
1.129511e+01  1.102544e+01  1.062559e+01  1.012247e+01  9.662853e+00  9.245385e+00  
8.869529e+00  8.534912e+00  8.241576e+00  7.988393e+00  7.773590e+00  7.594971e+00  
7.449144e+00  7.332312e+00  7.240153e+00  7.159849e+00  7.070149e+00  6.931761e+00  
6.646710e+00  6.373276e+00  5.901836e+00  5.197837e+00  3.506366e+00  2.570003e+00  
1.425200e+00  1.247380e+00  1.104520e+00  1.089380e+00  1.073990e+00  1.074390e+00  
1.201235e+01  1.201327e+01  1.201449e+01  1.201707e+01  1.202171e+01  1.202864e+01  
1.203856e+01  1.205292e+01  1.207186e+01  1.209259e+01  1.211485e+01  1.213455e+01  
1.214464e+01  1.214220e+01  1.212398e+01  1.209011e+01  1.204561e+01  1.196525e+01  
1.188515e+01  1.182045e+01  1.176002e+01  1.169363e+01  1.160862e+01  1.148784e+01  
1.130757e+01  1.103683e+01  1.063613e+01  1.013471e+01  9.679617e+00  9.268618e+00  
8.900401e+00  8.573814e+00  8.288118e+00  8.042383e+00  7.835450e+00  7.665300e+00  
7.527743e+00  7.419831e+00  7.342063e+00  7.291392e+00  7.251718e+00  7.166079e+00  
6.929677e+00  6.695931e+00  6.292094e+00  5.643140e+00  3.923688e+00  2.935233e+00  
1.539000e+00  1.304010e+00  1.113250e+00  1.092450e+00  1.072580e+00  1.072060e+00  
1.201455e+01  1.201663e+01  1.201916e+01  1.202385e+01  1.203102e+01  1.204125e+01  
1.205618e+01  1.207629e+01  1.209892e+01  1.212341e+01  1.214656e+01  1.216044e+01  
1.216175e+01  1.214708e+01  1.211582e+01  1.207337e+01  1.199886e+01  1.191499e+01  
1.185190e+01  1.179847e+01  1.174635e+01  1.168608e+01  1.160564e+01  1.148853e+01  
1.131159e+01  1.104433e+01  1.064773e+01  1.015170e+01  9.701885e+00  9.296364e+00  
8.933885e+00  8.613486e+00  8.334569e+00  8.096492e+00  7.898378e+00  7.738606e+00  
7.613558e+00  7.521235e+00  7.463577e+00  7.440116e+00  7.439334e+00  7.412512e+00  
7.267261e+00  7.095884e+00  6.769191e+00  6.208609e+00  4.581017e+00  3.499966e+00  
1.749022e+00  1.425780e+00  1.135210e+00  1.100680e+00  1.070950e+00  1.069700e+00  
1.201565e+01  1.201924e+01  1.202322e+01  1.202977e+01  1.203912e+01  1.205285e+01  
1.207213e+01  1.209555e+01  1.212076e+01  1.214729e+01  1.216698e+01  1.217488e+01  
1.216779e+01  1.214294e+01  1.210433e+01  1.205506e+01  1.195589e+01  1.188671e+01  
1.183271e+01  1.178587e+01  1.173849e+01  1.168159e+01  1.160353e+01  1.148820e+01  
1.131280e+01  1.104721e+01  1.065288e+01  1.015969e+01  9.712679e+00  9.310067e+00  
8.950676e+00  8.633636e+00  8.358377e+00  8.124389e+00  7.930953e+00  7.776660e+00  
7.658181e+00  7.574026e+00  7.527016e+00  7.518335e+00  7.539533e+00  7.547993e+00  
7.461130e+00  7.331814e+00  7.060141e+00  6.569609e+00  5.053299e+00  3.938267e+00  
1.943720e+00  1.544050e+00  1.159110e+00  1.110160e+00  1.071090e+00  1.068510e+00  
1.199547e+01  1.200087e+01  1.200625e+01  1.201437e+01  1.202602e+01  1.204304e+01  
1.206573e+01  1.209103e+01  1.211875e+01  1.214450e+01  1.216010e+01  1.216225e+01  
1.214722e+01  1.211518e+01  1.207254e+01  1.199080e+01  1.190791e+01  1.184761e+01  
1.179998e+01  1.175801e+01  1.171447e+01  1.166085e+01  1.158604e+01  1.147449e+01  
1.130397e+01  1.104449e+01  1.065686e+01  1.016904e+01  9.724491e+00  9.322909e+00  
8.963857e+00  8.647266e+00  8.373216e+00  8.141176e+00  7.950140e+00  7.799205e+00  
7.687214e+00  7.613598e+00  7.578056e+00  7.574333e+00  7.592419e+00  7.614360e+00  
7.578221e+00  7.484120e+00  7.261631e+00  6.851051e+00  5.437883e+00  4.242601e+00  
2.125054e+00  1.672310e+00  1.184080e+00  1.110890e+00  1.077140e+00  1.067800e+00  
1.199542e+01  1.200282e+01  1.200946e+01  1.201905e+01  1.203310e+01  1.205307e+01  
1.207805e+01  1.210511e+01  1.213434e+01  1.215777e+01  1.216939e+01  1.216591e+01  
1.214396e+01  1.210697e+01  1.206112e+01  1.196070e+01  1.188777e+01  1.183364e+01  
1.179048e+01  1.175171e+01  1.171041e+01  1.165831e+01  1.158455e+01  1.147378e+01  
1.130391e+01  1.104514e+01  1.065851e+01  1.017219e+01  9.729020e+00  9.328755e+00  
8.971032e+00  8.655800e+00  8.383209e+00  8.152799e+00  7.963671e+00  7.815055e+00  
7.705973e+00  7.636076e+00  7.605313e+00  7.607848e+00  7.634973e+00  7.672193e+00  
7.665836e+00  7.596618e+00  7.408757e+00  7.041183e+00  5.719213e+00  4.543347e+00  
2.294310e+00  1.778622e+00  1.209170e+00  1.121630e+00  1.080220e+00  1.067320e+00  
1.199538e+01  1.200706e+01  1.201585e+01  1.202852e+01  1.204705e+01  1.207177e+01  
1.209944e+01  1.212997e+01  1.215854e+01  1.217656e+01  1.218044e+01  1.216648e+01  
1.213431e+01  1.209165e+01  1.200649e+01  1.192107e+01  1.186044e+01  1.181482e+01  
1.177783e+01  1.174344e+01  1.170515e+01  1.165511e+01  1.158279e+01  1.147311e+01  
1.130420e+01  1.104647e+01  1.066117e+01  1.017637e+01  9.734743e+00  9.336117e+00  
8.980143e+00  8.666748e+00  8.396146e+00  8.167914e+00  7.981305e+00  7.835687e+00  
7.730394e+00  7.665304e+00  7.640758e+00  7.651350e+00  7.689863e+00  7.746570e+00  
7.780632e+00  7.747368e+00  7.610996e+00  7.306964e+00  6.135908e+00  5.025050e+00  
2.606700e+00  1.975989e+00  1.259130e+00  1.144860e+00  1.086120e+00  1.066720e+00  
1.199478e+01  1.201083e+01  1.202045e+01  1.203734e+01  1.205992e+01  1.208759e+01  
1.211764e+01  1.214868e+01  1.217563e+01  1.218946e+01  1.218455e+01  1.216136e+01  
1.212315e+01  1.207551e+01  1.196747e+01  1.189466e+01  1.184195e+01  1.180207e+01  
1.176922e+01  1.173772e+01  1.170142e+01  1.165276e+01  1.158149e+01  1.147271e+01  
1.130466e+01  1.104781e+01  1.066332e+01  1.017938e+01  9.738481e+00  9.340765e+00  
8.985808e+00  8.673363e+00  8.403480e+00  8.176157e+00  7.991396e+00  7.848778e+00  
7.746652e+00  7.684220e+00  7.662593e+00  7.677863e+00  7.724173e+00  7.791217e+00  
7.849008e+00  7.844624e+00  7.753988e+00  7.486128e+00  6.392799e+00  5.412344e+00  
2.900423e+00  2.153323e+00  1.306340e+00  1.174770e+00  1.082650e+00  1.066350e+00  
