1.086132e+00  1.086133e+00  1.086133e+00  1.086134e+00  1.086135e+00  1.086137e+00  
1.086140e+00  1.086145e+00  1.086153e+00  1.086165e+00  1.086185e+00  1.086215e+00  
1.086264e+00  1.086341e+00  1.086464e+00  1.086658e+00  1.086965e+00  1.087453e+00  
1.088225e+00  1.089448e+00  1.091389e+00  1.094466e+00  1.099344e+00  1.107087e+00  
1.119402e+00  1.139088e+00  1.170725e+00  1.214253e+00  1.258444e+00  1.303191e+00  
1.348368e+00  1.393850e+00  1.439571e+00  1.485453e+00  1.531516e+00  1.578070e+00  
1.625810e+00  1.674900e+00  1.723440e+00  1.767250e+00  1.802250e+00  1.829610e+00  
1.851800e+00  1.862540e+00  1.878140e+00  1.894740e+00  1.906210e+00  1.908880e+00  
1.912270e+00  1.912500e+00  1.912040e+00  1.911960e+00  1.911960e+00  1.912840e+00  
1.457969e+00  1.457970e+00  1.457971e+00  1.457971e+00  1.457973e+00  1.457975e+00  
1.457979e+00  1.457985e+00  1.457994e+00  1.458008e+00  1.458031e+00  1.458068e+00  
1.458125e+00  1.458217e+00  1.458362e+00  1.458592e+00  1.458956e+00  1.459533e+00  
1.460448e+00  1.461899e+00  1.464198e+00  1.467844e+00  1.473626e+00  1.482803e+00  
1.497404e+00  1.520757e+00  1.558313e+00  1.610015e+00  1.662566e+00  1.715782e+00  
1.769465e+00  1.823363e+00  1.877194e+00  1.930667e+00  1.983472e+00  2.035460e+00  
2.086640e+00  2.136780e+00  2.184940e+00  2.229900e+00  2.270350e+00  2.306040e+00  
2.335820e+00  2.347560e+00  2.357960e+00  2.365960e+00  2.378330e+00  2.383610e+00  
2.388610e+00  2.388310e+00  2.385850e+00  2.385160e+00  2.385350e+00  2.388990e+00  
1.787363e+00  1.787364e+00  1.787365e+00  1.787366e+00  1.787368e+00  1.787370e+00  
1.787374e+00  1.787381e+00  1.787392e+00  1.787409e+00  1.787435e+00  1.787477e+00  
1.787544e+00  1.787650e+00  1.787818e+00  1.788084e+00  1.788506e+00  1.789174e+00  
1.790233e+00  1.791912e+00  1.794573e+00  1.798792e+00  1.805481e+00  1.816093e+00  
1.832948e+00  1.859797e+00  1.902691e+00  1.961255e+00  2.020117e+00  2.078992e+00  
2.137572e+00  2.195515e+00  2.252439e+00  2.308013e+00  2.361938e+00  2.414240e+00  
2.465290e+00  2.515230e+00  2.563230e+00  2.608160e+00  2.648900e+00  2.685380e+00  
2.716670e+00  2.729370e+00  2.740530e+00  2.748610e+00  2.759540e+00  2.763860e+00  
2.768560e+00  2.768480e+00  2.766570e+00  2.766020e+00  2.766210e+00  2.768960e+00  
2.346382e+00  2.346383e+00  2.346384e+00  2.346386e+00  2.346388e+00  2.346392e+00  
2.346397e+00  2.346406e+00  2.346420e+00  2.346443e+00  2.346478e+00  2.346534e+00  
2.346624e+00  2.346765e+00  2.346989e+00  2.347342e+00  2.347905e+00  2.348796e+00  
2.350208e+00  2.352447e+00  2.355995e+00  2.361617e+00  2.370520e+00  2.384604e+00  
2.406803e+00  2.441506e+00  2.495120e+00  2.565081e+00  2.631564e+00  2.694387e+00  
2.753587e+00  2.809787e+00  2.863933e+00  2.916128e+00  2.966194e+00  3.014510e+00  
3.061890e+00  3.108770e+00  3.154110e+00  3.196010e+00  3.232740e+00  3.265250e+00  
3.294380e+00  3.307480e+00  3.320770e+00  3.331670e+00  3.342380e+00  3.344930e+00  
3.345860e+00  3.346250e+00  3.347580e+00  3.347860e+00  3.347820e+00  3.346410e+00  
2.808872e+00  2.808874e+00  2.808875e+00  2.808877e+00  2.808880e+00  2.808884e+00  
2.808891e+00  2.808902e+00  2.808920e+00  2.808947e+00  2.808992e+00  2.809062e+00  
2.809173e+00  2.809348e+00  2.809626e+00  2.810067e+00  2.810767e+00  2.811876e+00  
2.813633e+00  2.816420e+00  2.820833e+00  2.827825e+00  2.838887e+00  2.856336e+00  
2.883651e+00  2.925605e+00  2.988332e+00  3.066421e+00  3.136047e+00  3.197335e+00  
3.251216e+00  3.299900e+00  3.346494e+00  3.391629e+00  3.435213e+00  3.477420e+00  
3.518690e+00  3.559100e+00  3.597720e+00  3.632920e+00  3.663500e+00  3.691250e+00  
3.718290e+00  3.731680e+00  3.745880e+00  3.757630e+00  3.768140e+00  3.770150e+00  
3.767800e+00  3.768500e+00  3.772630e+00  3.773550e+00  3.773330e+00  3.768360e+00  
3.203730e+00  3.203732e+00  3.203734e+00  3.203735e+00  3.203739e+00  3.203744e+00  
3.203752e+00  3.203765e+00  3.203785e+00  3.203817e+00  3.203868e+00  3.203950e+00  
3.204078e+00  3.204282e+00  3.204604e+00  3.205116e+00  3.205926e+00  3.207210e+00  
3.209245e+00  3.212472e+00  3.217583e+00  3.225677e+00  3.238474e+00  3.258623e+00  
3.290006e+00  3.337597e+00  3.407000e+00  3.490140e+00  3.560137e+00  3.617501e+00  
3.663998e+00  3.703394e+00  3.740745e+00  3.777203e+00  3.812693e+00  3.847330e+00  
3.881250e+00  3.914280e+00  3.945560e+00  3.973630e+00  3.997590e+00  4.019930e+00  
4.043850e+00  4.056860e+00  4.071260e+00  4.083390e+00  4.093420e+00  4.094990e+00  
4.090480e+00  4.091370e+00  4.097280e+00  4.098620e+00  4.098290e+00  4.091040e+00  
3.547295e+00  3.547297e+00  3.547299e+00  3.547301e+00  3.547305e+00  3.547310e+00  
3.547319e+00  3.547333e+00  3.547356e+00  3.547390e+00  3.547447e+00  3.547536e+00  
3.547678e+00  3.547902e+00  3.548258e+00  3.548821e+00  3.549714e+00  3.551130e+00  
3.553374e+00  3.556929e+00  3.562564e+00  3.571486e+00  3.585582e+00  3.607744e+00  
3.642135e+00  3.693779e+00  3.767615e+00  3.853245e+00  3.921754e+00  3.973930e+00  
4.012344e+00  4.042069e+00  4.069764e+00  4.097044e+00  4.123866e+00  4.150320e+00  
4.176390e+00  4.201800e+00  4.225740e+00  4.246820e+00  4.264330e+00  4.281260e+00  
4.301620e+00  4.313740e+00  4.327580e+00  4.339370e+00  4.348680e+00  4.349940e+00  
4.344370e+00  4.345320e+00  4.352010e+00  4.353540e+00  4.353150e+00  4.344890e+00  
4.120557e+00  4.120560e+00  4.120561e+00  4.120564e+00  4.120568e+00  4.120574e+00  
4.120584e+00  4.120599e+00  4.120624e+00  4.120663e+00  4.120725e+00  4.120824e+00  
4.120980e+00  4.121226e+00  4.121618e+00  4.122239e+00  4.123223e+00  4.124782e+00  
4.127255e+00  4.131173e+00  4.137381e+00  4.147210e+00  4.162728e+00  4.187073e+00  
4.224639e+00  4.280219e+00  4.357302e+00  4.442204e+00  4.504094e+00  4.544392e+00  
4.566823e+00  4.578220e+00  4.587473e+00  4.596782e+00  4.606255e+00  4.616060e+00  
4.626340e+00  4.636820e+00  4.646880e+00  4.655150e+00  4.661110e+00  4.668190e+00  
4.681040e+00  4.690320e+00  4.701120e+00  4.710250e+00  4.717580e+00  4.718500e+00  
4.713440e+00  4.714250e+00  4.720090e+00  4.721430e+00  4.721090e+00  4.713870e+00  
4.585781e+00  4.585784e+00  4.585785e+00  4.585788e+00  4.585792e+00  4.585798e+00  
4.585808e+00  4.585824e+00  4.585849e+00  4.585889e+00  4.585952e+00  4.586052e+00  
4.586211e+00  4.586463e+00  4.586862e+00  4.587493e+00  4.588495e+00  4.590084e+00  
4.592602e+00  4.596593e+00  4.602918e+00  4.612927e+00  4.628724e+00  4.653463e+00  
4.691462e+00  4.747007e+00  4.822092e+00  4.901065e+00  4.953483e+00  4.981187e+00  
4.988588e+00  4.983575e+00  4.976192e+00  4.968978e+00  4.962220e+00  4.956310e+00  
4.951740e+00  4.948520e+00  4.946140e+00  4.943260e+00  4.939330e+00  4.937800e+00  
4.943210e+00  4.948920e+00  4.955220e+00  4.960160e+00  4.965080e+00  4.965870e+00  
4.963260e+00  4.963730e+00  4.966940e+00  4.967670e+00  4.967500e+00  4.963560e+00  
5.464345e+00  5.464347e+00  5.464349e+00  5.464351e+00  5.464355e+00  5.464360e+00  
5.464369e+00  5.464383e+00  5.464405e+00  5.464441e+00  5.464497e+00  5.464585e+00  
5.464726e+00  5.464947e+00  5.465300e+00  5.465860e+00  5.466746e+00  5.468152e+00  
5.470382e+00  5.473917e+00  5.479522e+00  5.488392e+00  5.502368e+00  5.524152e+00  
5.557202e+00  5.603921e+00  5.662551e+00  5.715622e+00  5.738427e+00  5.733601e+00  
5.706496e+00  5.666057e+00  5.623401e+00  5.581316e+00  5.540687e+00  5.502195e+00  
5.467100e+00  5.435910e+00  5.408340e+00  5.382880e+00  5.358760e+00  5.338970e+00  
5.327060e+00  5.323360e+00  5.317260e+00  5.310560e+00  5.309100e+00  5.309760e+00  
5.314660e+00  5.314070e+00  5.309430e+00  5.308340e+00  5.308670e+00  5.314560e+00  
6.093689e+00  6.093691e+00  6.093693e+00  6.093695e+00  6.093699e+00  6.093704e+00  
6.093712e+00  6.093726e+00  6.093749e+00  6.093785e+00  6.093841e+00  6.093930e+00  
6.094072e+00  6.094297e+00  6.094652e+00  6.095216e+00  6.096112e+00  6.097532e+00  
6.099785e+00  6.103358e+00  6.109020e+00  6.117966e+00  6.131984e+00  6.153510e+00  
6.184884e+00  6.224137e+00  6.259344e+00  6.267930e+00  6.242444e+00  6.197738e+00  
6.140162e+00  6.076255e+00  6.013474e+00  5.951889e+00  5.888902e+00  5.823814e+00  
5.761770e+00  5.706520e+00  5.657850e+00  5.613650e+00  5.573370e+00  5.542960e+00  
5.518630e+00  5.501020e+00  5.482310e+00  5.469000e+00  5.460840e+00  5.460640e+00  
5.471530e+00  5.470140e+00  5.459290e+00  5.456340e+00  5.457540e+00  5.471160e+00  
7.004907e+00  7.004908e+00  7.004909e+00  7.004909e+00  7.004911e+00  7.004913e+00  
7.004917e+00  7.004922e+00  7.004931e+00  7.004945e+00  7.004966e+00  7.005000e+00  
7.005056e+00  7.005142e+00  7.005281e+00  7.005501e+00  7.005852e+00  7.006411e+00  
7.007302e+00  7.008723e+00  7.010980e+00  7.014538e+00  7.020018e+00  7.028024e+00  
7.038100e+00  7.044303e+00  7.029278e+00  6.973543e+00  6.886562e+00  6.781376e+00  
6.665701e+00  6.548530e+00  6.439129e+00  6.337525e+00  6.239159e+00  6.141654e+00  
6.049600e+00  5.966320e+00  5.890910e+00  5.820060e+00  5.752890e+00  5.698080e+00  
5.649830e+00  5.616770e+00  5.581430e+00  5.555250e+00  5.536970e+00  5.535100e+00  
5.550440e+00  5.548150e+00  5.531480e+00  5.526980e+00  5.528780e+00  5.549550e+00  
7.640073e+00  7.640073e+00  7.640073e+00  7.640073e+00  7.640072e+00  7.640072e+00  
7.640071e+00  7.640070e+00  7.640068e+00  7.640065e+00  7.640060e+00  7.640054e+00  
7.640042e+00  7.640025e+00  7.639998e+00  7.639956e+00  7.639892e+00  7.639795e+00  
7.639651e+00  7.639436e+00  7.639108e+00  7.638563e+00  7.637506e+00  7.635035e+00  
7.628186e+00  7.606534e+00  7.545349e+00  7.426581e+00  7.279305e+00  7.119733e+00  
6.956139e+00  6.797330e+00  6.652047e+00  6.519600e+00  6.394738e+00  6.273818e+00  
6.160300e+00  6.056800e+00  5.961890e+00  5.871900e+00  5.785390e+00  5.710170e+00  
5.641300e+00  5.599160e+00  5.555010e+00  5.521750e+00  5.495800e+00  5.491750e+00  
5.503710e+00  5.501390e+00  5.486150e+00  5.482060e+00  5.483680e+00  5.502430e+00  
8.119448e+00  8.119447e+00  8.119446e+00  8.119446e+00  8.119444e+00  8.119442e+00  
8.119437e+00  8.119431e+00  8.119422e+00  8.119408e+00  8.119386e+00  8.119349e+00  
8.119292e+00  8.119200e+00  8.119057e+00  8.118832e+00  8.118479e+00  8.117926e+00  
8.117063e+00  8.115713e+00  8.113588e+00  8.110181e+00  8.104523e+00  8.094550e+00  
8.075137e+00  8.031168e+00  7.929491e+00  7.752023e+00  7.547996e+00  7.339871e+00  
7.135878e+00  6.943053e+00  6.768379e+00  6.610323e+00  6.463403e+00  6.323196e+00  
6.192161e+00  6.072320e+00  5.962000e+00  5.857410e+00  5.756330e+00  5.663640e+00  
5.576870e+00  5.529840e+00  5.482020e+00  5.445550e+00  5.413630e+00  5.407180e+00  
5.411180e+00  5.409370e+00  5.399890e+00  5.397370e+00  5.398310e+00  5.409600e+00  
8.499471e+00  8.499469e+00  8.499469e+00  8.499467e+00  8.499465e+00  8.499461e+00  
8.499456e+00  8.499447e+00  8.499432e+00  8.499409e+00  8.499374e+00  8.499317e+00  
8.499227e+00  8.499085e+00  8.498862e+00  8.498511e+00  8.497958e+00  8.497092e+00  
8.495736e+00  8.493610e+00  8.490255e+00  8.484879e+00  8.476011e+00  8.460696e+00  
8.431949e+00  8.370040e+00  8.232703e+00  8.001258e+00  7.744685e+00  7.493096e+00  
7.254375e+00  7.032892e+00  6.833177e+00  6.653077e+00  6.486866e+00  6.329808e+00  
6.183510e+00  6.049670e+00  5.926470e+00  5.810130e+00  5.697550e+00  5.589750e+00  
5.487470e+00  5.437980e+00  5.389340e+00  5.351820e+00  5.315130e+00  5.306320e+00  
5.300490e+00  5.299410e+00  5.297560e+00  5.297150e+00  5.297220e+00  5.298670e+00  
9.072321e+00  9.072319e+00  9.072317e+00  9.072315e+00  9.072311e+00  9.072306e+00  
9.072297e+00  9.072282e+00  9.072259e+00  9.072224e+00  9.072167e+00  9.072078e+00  
9.071936e+00  9.071712e+00  9.071359e+00  9.070805e+00  9.069933e+00  9.068566e+00  
9.066424e+00  9.063061e+00  9.057741e+00  9.049191e+00  9.035119e+00  9.011061e+00  
8.966818e+00  8.874365e+00  8.675366e+00  8.350548e+00  8.004280e+00  7.680312e+00  
7.385101e+00  7.117606e+00  6.877047e+00  6.660566e+00  6.461757e+00  6.275802e+00  
6.103275e+00  5.945400e+00  5.800550e+00  5.664830e+00  5.533730e+00  5.401980e+00  
5.275480e+00  5.222420e+00  5.172860e+00  5.134020e+00  5.090020e+00  5.077500e+00  
5.056130e+00  5.056260e+00  5.066500e+00  5.069410e+00  5.068090e+00  5.053960e+00  
9.490103e+00  9.490100e+00  9.490097e+00  9.490093e+00  9.490089e+00  9.490081e+00  
9.490068e+00  9.490049e+00  9.490017e+00  9.489967e+00  9.489887e+00  9.489763e+00  
9.489565e+00  9.489252e+00  9.488760e+00  9.487986e+00  9.486770e+00  9.484863e+00  
9.481872e+00  9.477171e+00  9.469718e+00  9.457726e+00  9.438051e+00  9.404774e+00  
9.344851e+00  9.223758e+00  8.971476e+00  8.570601e+00  8.154126e+00  7.774140e+00  
7.435117e+00  7.131970e+00  6.859427e+00  6.613846e+00  6.388354e+00  6.178086e+00  
5.983215e+00  5.804780e+00  5.641470e+00  5.489080e+00  5.342440e+00  5.193500e+00  
5.050240e+00  4.992530e+00  4.939460e+00  4.897660e+00  4.848220e+00  4.833590e+00  
4.805450e+00  4.805980e+00  4.821080e+00  4.825340e+00  4.823450e+00  4.803000e+00  
1.034616e+01  1.034615e+01  1.034614e+01  1.034613e+01  1.034611e+01  1.034609e+01  
1.034604e+01  1.034598e+01  1.034586e+01  1.034569e+01  1.034542e+01  1.034500e+01  
1.034432e+01  1.034325e+01  1.034157e+01  1.033891e+01  1.033471e+01  1.032809e+01  
1.031766e+01  1.030117e+01  1.027500e+01  1.023334e+01  1.016694e+01  1.006147e+01  
9.895050e+00  9.636571e+00  9.243900e+00  8.742943e+00  8.276797e+00  7.843640e+00  
7.441831e+00  7.070750e+00  6.729890e+00  6.418056e+00  6.133012e+00  5.871811e+00  
5.631181e+00  5.409626e+00  5.208250e+00  5.025960e+00  4.859390e+00  4.695380e+00  
4.523160e+00  4.438470e+00  4.364320e+00  4.315450e+00  4.259460e+00  4.241310e+00  
4.223260e+00  4.222970e+00  4.227970e+00  4.229390e+00  4.228800e+00  4.220610e+00  
1.072849e+01  1.072848e+01  1.072847e+01  1.072846e+01  1.072844e+01  1.072840e+01  
1.072835e+01  1.072827e+01  1.072814e+01  1.072794e+01  1.072761e+01  1.072710e+01  
1.072629e+01  1.072500e+01  1.072298e+01  1.071979e+01  1.071476e+01  1.070685e+01  
1.069436e+01  1.067459e+01  1.064313e+01  1.059293e+01  1.051290e+01  1.038576e+01  
1.018542e+01  9.875665e+00  9.409465e+00  8.820816e+00  8.279160e+00  7.781733e+00  
7.325636e+00  6.908661e+00  6.529701e+00  6.185574e+00  5.872198e+00  5.585028e+00  
5.318328e+00  5.068649e+00  4.837251e+00  4.624160e+00  4.427710e+00  4.242030e+00  
4.062490e+00  3.975320e+00  3.888290e+00  3.819320e+00  3.755120e+00  3.745000e+00  
3.738900e+00  3.735880e+00  3.727360e+00  3.725160e+00  3.726140e+00  3.736190e+00  
1.118094e+01  1.118092e+01  1.118091e+01  1.118090e+01  1.118087e+01  1.118083e+01  
1.118076e+01  1.118066e+01  1.118049e+01  1.118023e+01  1.117982e+01  1.117917e+01  
1.117814e+01  1.117653e+01  1.117397e+01  1.116997e+01  1.116365e+01  1.115373e+01  
1.113805e+01  1.111310e+01  1.107319e+01  1.100935e+01  1.090750e+01  1.074578e+01  
1.049156e+01  1.010266e+01  9.527729e+00  8.815513e+00  8.173002e+00  7.594006e+00  
7.073194e+00  6.603411e+00  6.178906e+00  5.794823e+00  5.445788e+00  5.126162e+00  
4.829067e+00  4.549643e+00  4.287423e+00  4.041550e+00  3.809960e+00  3.592840e+00  
3.392210e+00  3.297840e+00  3.203170e+00  3.127620e+00  3.056980e+00  3.042250e+00  
3.034250e+00  3.031900e+00  3.024980e+00  3.023190e+00  3.023910e+00  3.031100e+00  
1.148023e+01  1.148021e+01  1.148020e+01  1.148018e+01  1.148015e+01  1.148010e+01  
1.148002e+01  1.147990e+01  1.147971e+01  1.147941e+01  1.147893e+01  1.147817e+01  
1.147697e+01  1.147510e+01  1.147214e+01  1.146749e+01  1.146020e+01  1.144872e+01  
1.143051e+01  1.140138e+01  1.135463e+01  1.127977e+01  1.116030e+01  1.097056e+01  
1.067326e+01  1.022297e+01  9.567264e+00  8.767281e+00  8.058729e+00  7.430234e+00  
6.873362e+00  6.376864e+00  5.930200e+00  5.526584e+00  5.159707e+00  4.822624e+00  
4.506790e+00  4.206577e+00  3.922491e+00  3.656190e+00  3.408300e+00  3.176100e+00  
2.960200e+00  2.859520e+00  2.762790e+00  2.688900e+00  2.615450e+00  2.596880e+00  
2.579780e+00  2.578360e+00  2.579300e+00  2.579690e+00  2.579360e+00  2.576330e+00  
1.168384e+01  1.168382e+01  1.168380e+01  1.168378e+01  1.168375e+01  1.168370e+01  
1.168361e+01  1.168348e+01  1.168327e+01  1.168294e+01  1.168242e+01  1.168159e+01  
1.168028e+01  1.167823e+01  1.167502e+01  1.166998e+01  1.166208e+01  1.164962e+01  
1.162976e+01  1.159783e+01  1.154647e+01  1.146412e+01  1.133257e+01  1.112348e+01  
1.079690e+01  1.030555e+01  9.596819e+00  8.739343e+00  7.988680e+00  7.329029e+00  
6.748618e+00  6.233166e+00  5.769044e+00  5.348513e+00  4.965445e+00  4.613083e+00  
4.283328e+00  3.970752e+00  3.675438e+00  3.398284e+00  3.140130e+00  2.898210e+00  
2.672480e+00  2.567030e+00  2.466470e+00  2.390370e+00  2.314780e+00  2.295790e+00  
2.277800e+00  2.276410e+00  2.277920e+00  2.278460e+00  2.278080e+00  2.274210e+00  
1.183378e+01  1.183376e+01  1.183374e+01  1.183372e+01  1.183368e+01  1.183363e+01  
1.183354e+01  1.183340e+01  1.183318e+01  1.183283e+01  1.183228e+01  1.183140e+01  
1.183003e+01  1.182788e+01  1.182452e+01  1.181926e+01  1.181103e+01  1.179800e+01  
1.177711e+01  1.174337e+01  1.168897e+01  1.160165e+01  1.146193e+01  1.123975e+01  
1.089356e+01  1.037486e+01  9.630767e+00  8.734100e+00  7.954286e+00  7.273099e+00  
6.675502e+00  6.145301e+00  5.667301e+00  5.233366e+00  4.837447e+00  4.473057e+00  
4.132497e+00  3.810597e+00  3.507155e+00  3.222751e+00  2.957821e+00  2.709610e+00  
2.476380e+00  2.366500e+00  2.261290e+00  2.181650e+00  2.104310e+00  2.085380e+00  
2.069320e+00  2.067680e+00  2.067290e+00  2.067390e+00  2.067130e+00  2.065590e+00  
1.204188e+01  1.204185e+01  1.204184e+01  1.204182e+01  1.204178e+01  1.204172e+01  
1.204163e+01  1.204148e+01  1.204125e+01  1.204088e+01  1.204029e+01  1.203937e+01  
1.203795e+01  1.203572e+01  1.203225e+01  1.202686e+01  1.201841e+01  1.200488e+01  
1.198294e+01  1.194721e+01  1.188943e+01  1.179636e+01  1.164675e+01  1.140911e+01  
1.104035e+01  1.049139e+01  9.710631e+00  8.773770e+00  7.962529e+00  7.255000e+00  
6.632987e+00  6.080199e+00  5.581936e+00  5.128927e+00  4.713309e+00  4.328915e+00  
3.971459e+00  3.637547e+00  3.325067e+00  3.031289e+00  2.754370e+00  2.493840e+00  
2.247360e+00  2.129390e+00  2.015720e+00  1.929470e+00  1.847330e+00  1.827980e+00  
1.813570e+00  1.811330e+00  1.808780e+00  1.808310e+00  1.808310e+00  1.809480e+00  
1.218606e+01  1.218604e+01  1.218602e+01  1.218600e+01  1.218596e+01  1.218590e+01  
1.218581e+01  1.218565e+01  1.218541e+01  1.218503e+01  1.218445e+01  1.218354e+01  
1.218212e+01  1.217992e+01  1.217653e+01  1.217128e+01  1.216299e+01  1.214957e+01  
1.212749e+01  1.209133e+01  1.203259e+01  1.193744e+01  1.178390e+01  1.154044e+01  
1.116324e+01  1.060236e+01  9.805176e+00  8.847580e+00  8.018923e+00  7.296709e+00  
6.661171e+00  6.095228e+00  5.584089e+00  5.118571e+00  4.690848e+00  4.294803e+00  
3.926448e+00  3.582504e+00  3.260537e+00  2.957422e+00  2.670433e+00  2.397684e+00  
2.137040e+00  2.011160e+00  1.889490e+00  1.796730e+00  1.708000e+00  1.686790e+00  
1.670660e+00  1.668290e+00  1.665900e+00  1.665490e+00  1.665420e+00  1.666280e+00  
1.241064e+01  1.241061e+01  1.241060e+01  1.241058e+01  1.241054e+01  1.241048e+01  
1.241039e+01  1.241024e+01  1.241001e+01  1.240964e+01  1.240908e+01  1.240822e+01  
1.240693e+01  1.240497e+01  1.240202e+01  1.239744e+01  1.238998e+01  1.237730e+01  
1.235589e+01  1.232028e+01  1.226155e+01  1.216468e+01  1.200827e+01  1.176123e+01  
1.137961e+01  1.081271e+01  1.000453e+01  9.031057e+00  8.190487e+00  7.455515e+00  
6.807353e+00  6.228142e+00  5.703079e+00  5.224088e+00  4.784828e+00  4.378383e+00  
3.996724e+00  3.634420e+00  3.290851e+00  2.965815e+00  2.657023e+00  2.356786e+00  
2.059630e+00  1.911670e+00  1.764800e+00  1.649460e+00  1.538460e+00  1.510820e+00  
1.488350e+00  1.485810e+00  1.484010e+00  1.483810e+00  1.483550e+00  1.483180e+00  
1.252777e+01  1.252775e+01  1.252773e+01  1.252771e+01  1.252767e+01  1.252760e+01  
1.252751e+01  1.252737e+01  1.252715e+01  1.252681e+01  1.252629e+01  1.252552e+01  
1.252439e+01  1.252276e+01  1.252037e+01  1.251656e+01  1.250991e+01  1.249806e+01  
1.247756e+01  1.244284e+01  1.238411e+01  1.228642e+01  1.212929e+01  1.188210e+01  
1.150212e+01  1.094036e+01  1.013788e+01  9.172320e+00  8.338814e+00  7.606200e+00  
6.958206e+00  6.378671e+00  5.854074e+00  5.375892e+00  4.936807e+00  4.528659e+00  
4.141618e+00  3.769357e+00  3.411953e+00  3.070407e+00  2.742452e+00  2.417725e+00  
2.086279e+00  1.915750e+00  1.738550e+00  1.593290e+00  1.456050e+00  1.422770e+00  
1.396090e+00  1.392750e+00  1.389640e+00  1.389230e+00  1.388990e+00  1.389710e+00  
1.263828e+01  1.263826e+01  1.263824e+01  1.263822e+01  1.263819e+01  1.263813e+01  
1.263804e+01  1.263791e+01  1.263771e+01  1.263742e+01  1.263700e+01  1.263645e+01  
1.263577e+01  1.263493e+01  1.263368e+01  1.263120e+01  1.262591e+01  1.261554e+01  
1.259660e+01  1.256244e+01  1.250232e+01  1.240279e+01  1.224378e+01  1.199594e+01  
1.161959e+01  1.106790e+01  1.028847e+01  9.358899e+00  8.556683e+00  7.850678e+00  
7.224365e+00  6.661071e+00  6.146540e+00  5.673209e+00  5.235118e+00  4.825445e+00  
4.435932e+00  4.060059e+00  3.694936e+00  3.336532e+00  2.978607e+00  2.610013e+00  
2.215986e+00  2.002938e+00  1.771780e+00  1.570480e+00  1.369300e+00  1.326650e+00  
1.300380e+00  1.296100e+00  1.287070e+00  1.285120e+00  1.286220e+00  1.291120e+00  
1.266947e+01  1.266944e+01  1.266942e+01  1.266940e+01  1.266937e+01  1.266931e+01  
1.266924e+01  1.266912e+01  1.266895e+01  1.266872e+01  1.266846e+01  1.266821e+01  
1.266808e+01  1.266813e+01  1.266802e+01  1.266674e+01  1.266277e+01  1.265395e+01  
1.263629e+01  1.260181e+01  1.254088e+01  1.244054e+01  1.228140e+01  1.203621e+01  
1.166729e+01  1.112565e+01  1.037739e+01  9.485326e+00  8.713053e+00  8.033023e+00  
7.428889e+00  6.884016e+00  6.383876e+00  5.921238e+00  5.490549e+00  5.085291e+00  
4.697252e+00  4.319852e+00  3.949962e+00  3.583031e+00  3.210601e+00  2.815478e+00  
2.373004e+00  2.121947e+00  1.838620e+00  1.584970e+00  1.328030e+00  1.274940e+00  
1.248950e+00  1.244210e+00  1.230120e+00  1.226820e+00  1.229280e+00  1.236790e+00  
1.266849e+01  1.266847e+01  1.266845e+01  1.266844e+01  1.266840e+01  1.266835e+01  
1.266828e+01  1.266818e+01  1.266806e+01  1.266792e+01  1.266783e+01  1.266795e+01  
1.266844e+01  1.266941e+01  1.267034e+01  1.267019e+01  1.266754e+01  1.266018e+01  
1.264311e+01  1.260818e+01  1.254680e+01  1.244621e+01  1.228818e+01  1.204756e+01  
1.168687e+01  1.115936e+01  1.043708e+01  9.578405e+00  8.832701e+00  8.175261e+00  
7.590354e+00  7.061568e+00  6.574407e+00  6.121987e+00  5.699147e+00  5.299686e+00  
4.915654e+00  4.540401e+00  4.170447e+00  3.800511e+00  3.420105e+00  3.006728e+00  
2.526829e+00  2.244660e+00  1.916267e+00  1.617170e+00  1.308680e+00  1.243960e+00  
1.215470e+00  1.210450e+00  1.193280e+00  1.189160e+00  1.192550e+00  1.200240e+00  
1.265359e+01  1.265356e+01  1.265355e+01  1.265353e+01  1.265350e+01  1.265346e+01  
1.265339e+01  1.265331e+01  1.265324e+01  1.265319e+01  1.265332e+01  1.265384e+01  
1.265501e+01  1.265684e+01  1.265871e+01  1.265958e+01  1.265816e+01  1.265195e+01  
1.263474e+01  1.259929e+01  1.253721e+01  1.243619e+01  1.227934e+01  1.204311e+01  
1.168722e+01  1.117871e+01  1.048110e+01  9.650996e+00  8.928460e+00  8.290343e+00  
7.721729e+00  7.206664e+00  6.730923e+00  6.287943e+00  5.872893e+00  5.479852e+00  
5.101090e+00  4.729987e+00  4.362610e+00  3.992871e+00  3.608410e+00  3.182277e+00  
2.672879e+00  2.364814e+00  1.997878e+00  1.658170e+00  1.301930e+00  1.225010e+00  
1.191700e+00  1.186350e+00  1.167310e+00  1.162700e+00  1.166690e+00  1.173450e+00  
1.261069e+01  1.261066e+01  1.261065e+01  1.261063e+01  1.261061e+01  1.261057e+01  
1.261053e+01  1.261051e+01  1.261054e+01  1.261075e+01  1.261137e+01  1.261278e+01  
1.261529e+01  1.261866e+01  1.262217e+01  1.262496e+01  1.262569e+01  1.262035e+01  
1.260213e+01  1.256520e+01  1.250125e+01  1.239908e+01  1.224467e+01  1.201532e+01  
1.167037e+01  1.119694e+01  1.054271e+01  9.759132e+00  9.074445e+00  8.467459e+00  
7.924952e+00  7.432044e+00  6.975407e+00  6.549012e+00  6.148544e+00  5.768637e+00  
5.401977e+00  5.041964e+00  4.683836e+00  4.319964e+00  3.934577e+00  3.493185e+00  
2.939969e+00  2.590458e+00  2.159695e+00  1.750950e+00  1.313700e+00  1.211960e+00  
1.155630e+00  1.149280e+00  1.134360e+00  1.130760e+00  1.133320e+00  1.136600e+00  
1.256597e+01  1.256594e+01  1.256593e+01  1.256591e+01  1.256589e+01  1.256587e+01  
1.256586e+01  1.256590e+01  1.256607e+01  1.256658e+01  1.256778e+01  1.257015e+01  
1.257389e+01  1.257860e+01  1.258359e+01  1.258812e+01  1.259037e+01  1.258458e+01  
1.256514e+01  1.252637e+01  1.246025e+01  1.235733e+01  1.220534e+01  1.197678e+01  
1.165019e+01  1.120435e+01  1.058509e+01  9.837895e+00  9.182338e+00  8.598982e+00  
8.076123e+00  7.600171e+00  7.158890e+00  6.746729e+00  6.359667e+00  5.992584e+00  
5.638417e+00  5.290438e+00  4.943282e+00  4.587940e+00  4.206229e+00  3.758571e+00  
3.177855e+00  2.798634e+00  2.318286e+00  1.850795e+00  1.337030e+00  1.212020e+00  
1.136160e+00  1.127840e+00  1.112620e+00  1.109060e+00  1.110810e+00  1.112370e+00  
1.247243e+01  1.247240e+01  1.247240e+01  1.247239e+01  1.247238e+01  1.247240e+01  
1.247249e+01  1.247273e+01  1.247337e+01  1.247481e+01  1.247767e+01  1.248237e+01  
1.248873e+01  1.249628e+01  1.250460e+01  1.251258e+01  1.251521e+01  1.250706e+01  
1.248389e+01  1.243997e+01  1.236936e+01  1.226648e+01  1.211702e+01  1.189695e+01  
1.161120e+01  1.121452e+01  1.065561e+01  9.971912e+00  9.364389e+00  8.818505e+00  
8.326303e+00  7.878164e+00  7.465355e+00  7.082906e+00  6.726436e+00  6.390064e+00  
6.065288e+00  5.743918e+00  5.419372e+00  5.080436e+00  4.708348e+00  4.267372e+00  
3.676539e+00  3.262676e+00  2.695226e+00  2.104572e+00  1.414660e+00  1.239430e+00  
1.118310e+00  1.102350e+00  1.079630e+00  1.075140e+00  1.077030e+00  1.077430e+00  
1.241469e+01  1.241467e+01  1.241467e+01  1.241467e+01  1.241469e+01  1.241476e+01  
1.241497e+01  1.241550e+01  1.241674e+01  1.241930e+01  1.242386e+01  1.243059e+01  
1.243909e+01  1.244909e+01  1.246019e+01  1.246933e+01  1.247017e+01  1.245906e+01  
1.243137e+01  1.238213e+01  1.230836e+01  1.220520e+01  1.204649e+01  1.184907e+01  
1.158766e+01  1.122069e+01  1.069819e+01  1.005446e+01  9.477428e+00  8.955828e+00  
8.483776e+00  8.054037e+00  7.660008e+00  7.297447e+00  6.962186e+00  6.648543e+00  
6.348027e+00  6.052106e+00  5.753339e+00  5.438382e+00  5.085711e+00  4.655828e+00  
4.058056e+00  3.625883e+00  3.017313e+00  2.356152e+00  1.518090e+00  1.286730e+00  
1.109440e+00  1.086580e+00  1.062990e+00  1.059000e+00  1.059470e+00  1.058770e+00  
1.231745e+01  1.231744e+01  1.231744e+01  1.231748e+01  1.231756e+01  1.231779e+01  
1.231835e+01  1.231965e+01  1.232238e+01  1.232736e+01  1.233497e+01  1.234494e+01  
1.235709e+01  1.237136e+01  1.238541e+01  1.239259e+01  1.238926e+01  1.237145e+01  
1.233498e+01  1.227861e+01  1.220180e+01  1.208303e+01  1.194156e+01  1.177278e+01  
1.154503e+01  1.122014e+01  1.074922e+01  1.016004e+01  9.622775e+00  9.130752e+00  
8.681662e+00  8.272454e+00  7.900535e+00  7.562935e+00  7.256016e+00  6.974606e+00  
6.710812e+00  6.456697e+00  6.205726e+00  5.945116e+00  5.646501e+00  5.242822e+00  
4.615642e+00  4.150268e+00  3.503618e+00  2.785544e+00  1.756542e+00  1.412140e+00  
1.107370e+00  1.069980e+00  1.047960e+00  1.043990e+00  1.031080e+00  1.039200e+00  
1.232179e+01  1.232180e+01  1.232182e+01  1.232189e+01  1.232207e+01  1.232251e+01  
1.232355e+01  1.232581e+01  1.233021e+01  1.233745e+01  1.234752e+01  1.236017e+01  
1.237548e+01  1.239269e+01  1.240592e+01  1.241004e+01  1.240160e+01  1.237644e+01  
1.233237e+01  1.227065e+01  1.218473e+01  1.205939e+01  1.193056e+01  1.177207e+01  
1.155464e+01  1.124148e+01  1.078539e+01  1.021454e+01  9.694264e+00  9.218948e+00  
8.786565e+00  8.394633e+00  8.040960e+00  7.722888e+00  7.437055e+00  7.178551e+00  
6.939567e+00  6.711832e+00  6.487532e+00  6.250936e+00  5.976266e+00  5.615782e+00  
5.059553e+00  4.622359e+00  3.962018e+00  3.162336e+00  1.930552e+00  1.518260e+00  
1.127060e+00  1.072390e+00  1.037030e+00  1.033790e+00  1.026100e+00  1.028950e+00  
1.231711e+01  1.231713e+01  1.231717e+01  1.231729e+01  1.231759e+01  1.231830e+01  
1.231992e+01  1.232329e+01  1.232938e+01  1.233861e+01  1.235077e+01  1.236585e+01  
1.238395e+01  1.240221e+01  1.241349e+01  1.241432e+01  1.240070e+01  1.236898e+01  
1.231964e+01  1.225448e+01  1.214963e+01  1.203718e+01  1.191691e+01  1.176615e+01  
1.155683e+01  1.125316e+01  1.080898e+01  1.025180e+01  9.743488e+00  9.279507e+00  
8.858237e+00  8.477768e+00  8.136448e+00  7.831660e+00  7.559931e+00  7.317133e+00  
7.097865e+00  6.895226e+00  6.699535e+00  6.490318e+00  6.238271e+00  5.899361e+00  
5.369236e+00  4.951146e+00  4.317481e+00  3.509984e+00  2.122017e+00  1.621090e+00  
1.143770e+00  1.077400e+00  1.032840e+00  1.028900e+00  1.021510e+00  1.022670e+00  
1.231105e+01  1.231108e+01  1.231115e+01  1.231133e+01  1.231177e+01  1.231281e+01  
1.231509e+01  1.231963e+01  1.232731e+01  1.233829e+01  1.235235e+01  1.236968e+01  
1.238999e+01  1.240776e+01  1.241700e+01  1.241434e+01  1.239565e+01  1.235858e+01  
1.230547e+01  1.223615e+01  1.212299e+01  1.201911e+01  1.190542e+01  1.176090e+01  
1.155831e+01  1.126242e+01  1.082744e+01  1.028026e+01  9.780201e+00  9.324082e+00  
8.910595e+00  8.538207e+00  8.205621e+00  7.910614e+00  7.650138e+00  7.420333e+00  
7.215739e+00  7.029585e+00  6.852950e+00  6.666391e+00  6.440984e+00  6.130887e+00  
5.631555e+00  5.230062e+00  4.608577e+00  3.789050e+00  2.297634e+00  1.727928e+00  
1.167410e+00  1.086860e+00  1.029580e+00  1.024150e+00  1.015480e+00  1.018430e+00  
1.233149e+01  1.233157e+01  1.233170e+01  1.233204e+01  1.233284e+01  1.233467e+01  
1.233846e+01  1.234535e+01  1.235584e+01  1.236979e+01  1.238729e+01  1.240860e+01  
1.243072e+01  1.244594e+01  1.245069e+01  1.244082e+01  1.241272e+01  1.236771e+01  
1.230928e+01  1.221173e+01  1.211278e+01  1.201833e+01  1.191111e+01  1.177111e+01  
1.157169e+01  1.127872e+01  1.084883e+01  1.031111e+01  9.822256e+00  9.378790e+00  
8.978725e+00  8.620160e+00  8.301426e+00  8.020721e+00  7.775659e+00  7.562527e+00  
7.374907e+00  7.206840e+00  7.054874e+00  6.909926e+00  6.746903e+00  6.496586e+00  
6.033339e+00  5.649958e+00  5.062572e+00  4.259497e+00  2.628102e+00  1.936679e+00  
1.207630e+00  1.101190e+00  1.028960e+00  1.021610e+00  1.014260e+00  1.013070e+00  
1.233254e+01  1.233267e+01  1.233289e+01  1.233343e+01  1.233469e+01  1.233745e+01  
1.234287e+01  1.235193e+01  1.236481e+01  1.238135e+01  1.240198e+01  1.242623e+01  
1.244755e+01  1.246000e+01  1.245994e+01  1.244307e+01  1.240774e+01  1.235764e+01  
1.229203e+01  1.218347e+01  1.209470e+01  1.200716e+01  1.190542e+01  1.177014e+01  
1.157527e+01  1.128739e+01  1.086397e+01  1.033427e+01  9.852936e+00  9.416841e+00  
9.024208e+00  8.673293e+00  8.362749e+00  8.091017e+00  7.856075e+00  7.654696e+00  
7.481069e+00  7.330035e+00  7.199042e+00  7.080242e+00  6.949959e+00  6.739646e+00  
6.325161e+00  5.971273e+00  5.416889e+00  4.627565e+00  2.910873e+00  2.132325e+00  
1.254450e+00  1.122320e+00  1.029550e+00  1.020360e+00  1.010850e+00  1.009800e+00  
1.231846e+01  1.231880e+01  1.231933e+01  1.232055e+01  1.232327e+01  1.232873e+01  
1.233808e+01  1.235167e+01  1.236940e+01  1.239169e+01  1.241857e+01  1.244399e+01  
1.246089e+01  1.246556e+01  1.245347e+01  1.242225e+01  1.237588e+01  1.231793e+01  
1.221126e+01  1.212724e+01  1.205340e+01  1.197743e+01  1.188553e+01  1.175956e+01  
1.157478e+01  1.129874e+01  1.088917e+01  1.037310e+01  9.901662e+00  9.474067e+00  
9.089513e+00  8.747399e+00  8.447475e+00  8.188493e+00  7.968842e+00  7.786374e+00  
7.637570e+00  7.518500e+00  7.424683e+00  7.342791e+00  7.250542e+00  7.106472e+00  
6.808484e+00  6.521893e+00  6.024018e+00  5.280864e+00  3.519320e+00  2.553232e+00  
1.368440e+00  1.184520e+00  1.036370e+00  1.021200e+00  1.005540e+00  1.005400e+00  
1.234009e+01  1.234074e+01  1.234168e+01  1.234382e+01  1.234830e+01  1.235652e+01  
1.236925e+01  1.238642e+01  1.240830e+01  1.243547e+01  1.246486e+01  1.248754e+01  
1.249942e+01  1.249586e+01  1.247281e+01  1.243233e+01  1.238018e+01  1.228732e+01  
1.219563e+01  1.212285e+01  1.205652e+01  1.198557e+01  1.189657e+01  1.177162e+01  
1.158621e+01  1.130849e+01  1.089792e+01  1.038444e+01  9.918523e+00  9.497777e+00  
9.120912e+00  8.786737e+00  8.494562e+00  8.243289e+00  8.031799e+00  7.858060e+00  
7.717797e+00  7.607937e+00  7.529001e+00  7.477762e+00  7.437580e+00  7.349682e+00  
7.104227e+00  6.858875e+00  6.431446e+00  5.746696e+00  3.954251e+00  2.928552e+00  
1.486500e+00  1.244430e+00  1.045520e+00  1.024090e+00  1.004210e+00  1.003200e+00  
1.232403e+01  1.232555e+01  1.232762e+01  1.233203e+01  1.234031e+01  1.235344e+01  
1.237143e+01  1.239457e+01  1.242358e+01  1.245628e+01  1.248316e+01  1.249946e+01  
1.250037e+01  1.248132e+01  1.244358e+01  1.239351e+01  1.230705e+01  1.221052e+01  
1.213890e+01  1.207961e+01  1.202349e+01  1.196051e+01  1.187816e+01  1.175955e+01  
1.158110e+01  1.131147e+01  1.090996e+01  1.040548e+01  9.945805e+00  9.529887e+00  
9.157240e+00  8.827732e+00  8.541587e+00  8.297863e+00  8.095140e+00  7.932041e+00  
7.806785e+00  7.717854e+00  7.664200e+00  7.638162e+00  7.624174e+00  7.585966e+00  
7.437926e+00  7.264056e+00  6.939985e+00  6.387797e+00  4.651754e+00  3.445039e+00  
1.713986e+00  1.391810e+00  1.066010e+00  1.021160e+00  1.005980e+00  1.000960e+00  
1.232309e+01  1.232582e+01  1.232933e+01  1.233630e+01  1.234812e+01  1.236516e+01  
1.238745e+01  1.241577e+01  1.244999e+01  1.248216e+01  1.250499e+01  1.251404e+01  
1.250408e+01  1.247330e+01  1.242729e+01  1.236964e+01  1.225483e+01  1.217545e+01  
1.211448e+01  1.206292e+01  1.201243e+01  1.195351e+01  1.187417e+01  1.175798e+01  
1.158182e+01  1.131465e+01  1.091601e+01  1.041450e+01  9.957547e+00  9.544557e+00  
9.175018e+00  8.848639e+00  8.565452e+00  8.325116e+00  8.127052e+00  7.970382e+00  
7.853074e+00  7.773372e+00  7.730366e+00  7.716518e+00  7.719720e+00  7.718464e+00  
7.649506e+00  7.529209e+00  7.242602e+00  6.715027e+00  5.133974e+00  3.964981e+00  
1.905197e+00  1.494440e+00  1.093030e+00  1.042210e+00  1.002670e+00  9.998400e-01  
1.232341e+01  1.232765e+01  1.233278e+01  1.234232e+01  1.235722e+01  1.237753e+01  
1.240367e+01  1.243651e+01  1.247291e+01  1.250264e+01  1.252097e+01  1.252262e+01  
1.250286e+01  1.246405e+01  1.241351e+01  1.231834e+01  1.222241e+01  1.215321e+01  
1.209934e+01  1.205293e+01  1.200607e+01  1.194966e+01  1.187205e+01  1.175714e+01  
1.158203e+01  1.131595e+01  1.091880e+01  1.041932e+01  9.964157e+00  9.552986e+00  
9.185386e+00  8.861276e+00  8.580808e+00  8.343410e+00  8.148075e+00  7.993873e+00  
7.879744e+00  7.804921e+00  7.769203e+00  7.766113e+00  7.785464e+00  7.809040e+00  
7.773706e+00  7.677747e+00  7.446935e+00  7.015154e+00  5.529354e+00  4.288435e+00  
2.093093e+00  1.624030e+00  1.118840e+00  1.043400e+00  1.009900e+00  9.991700e-01  
1.232317e+01  1.232916e+01  1.233604e+01  1.234798e+01  1.236555e+01  1.238877e+01  
1.241843e+01  1.245492e+01  1.249105e+01  1.251810e+01  1.253160e+01  1.252593e+01  
1.249820e+01  1.245380e+01  1.239976e+01  1.228309e+01  1.219880e+01  1.213680e+01  
1.208813e+01  1.204548e+01  1.200124e+01  1.194665e+01  1.187033e+01  1.175642e+01  
1.158220e+01  1.131707e+01  1.092105e+01  1.042273e+01  9.968733e+00  9.558781e+00  
9.192490e+00  8.869809e+00  8.590859e+00  8.355141e+00  8.161745e+00  8.009902e+00  
7.898711e+00  7.827646e+00  7.796787e+00  7.800105e+00  7.828595e+00  7.867751e+00  
7.863309e+00  7.793654e+00  7.599852e+00  7.214022e+00  5.823869e+00  4.602794e+00  
2.268330e+00  1.733246e+00  1.144760e+00  1.054740e+00  1.012930e+00  9.987200e-01  
1.232236e+01  1.233252e+01  1.234285e+01  1.235901e+01  1.238106e+01  1.240956e+01  
1.244545e+01  1.248536e+01  1.251837e+01  1.253954e+01  1.254314e+01  1.252444e+01  
1.248531e+01  1.243460e+01  1.233530e+01  1.223621e+01  1.216627e+01  1.211421e+01  
1.207276e+01  1.203522e+01  1.199455e+01  1.194242e+01  1.186793e+01  1.175549e+01  
1.158264e+01  1.131893e+01  1.092432e+01  1.042739e+01  9.974683e+00  9.566310e+00  
9.201796e+00  8.880794e+00  8.603253e+00  8.369183e+00  8.178575e+00  8.030980e+00  
7.924518e+00  7.858190e+00  7.832788e+00  7.843874e+00  7.884301e+00  7.941153e+00  
7.978103e+00  7.952563e+00  7.819053e+00  7.483238e+00  6.221163e+00  5.134244e+00  
2.604080e+00  1.929767e+00  1.194850e+00  1.085490e+00  1.010590e+00  9.981600e-01  
1.232276e+01  1.233766e+01  1.234993e+01  1.237072e+01  1.239679e+01  1.243005e+01  
1.247060e+01  1.250831e+01  1.253966e+01  1.255564e+01  1.254796e+01  1.251870e+01  
1.247278e+01  1.241657e+01  1.229090e+01  1.220653e+01  1.214582e+01  1.210043e+01  
1.206376e+01  1.202953e+01  1.199108e+01  1.194046e+01  1.186697e+01  1.175526e+01  
1.158302e+01  1.131989e+01  1.092596e+01  1.042996e+01  9.978111e+00  9.570686e+00  
9.207211e+00  8.887388e+00  8.611175e+00  8.378624e+00  8.189684e+00  8.043928e+00  
7.939694e+00  7.876205e+00  7.854600e+00  7.871004e+00  7.919307e+00  7.988998e+00  
8.049636e+00  8.046337e+00  7.954894e+00  7.679475e+00  6.534440e+00  5.505724e+00  
2.897101e+00  2.120753e+00  1.245220e+00  1.108830e+00  1.015660e+00  9.978300e-01  
