3.472663e+00  3.472664e+00  3.472665e+00  3.472666e+00  3.472668e+00  3.472672e+00  
3.472677e+00  3.472685e+00  3.472697e+00  3.472718e+00  3.472750e+00  3.472800e+00  
3.472881e+00  3.473008e+00  3.473209e+00  3.473529e+00  3.474035e+00  3.474838e+00  
3.476110e+00  3.478125e+00  3.481320e+00  3.486377e+00  3.494376e+00  3.506972e+00  
3.526618e+00  3.556496e+00  3.600354e+00  3.653620e+00  3.699507e+00  3.738200e+00  
3.770424e+00  3.797771e+00  3.822407e+00  3.844995e+00  3.865922e+00  3.886250e+00  
3.907680e+00  3.931410e+00  3.956480e+00  3.980170e+00  3.999980e+00  4.016940e+00  
4.032000e+00  4.038450e+00  4.044180e+00  4.048200e+00  4.052520e+00  4.053560e+00  
4.054310e+00  4.054390e+00  4.054460e+00  4.054470e+00  4.054490e+00  4.054500e+00  
4.152995e+00  4.152996e+00  4.152997e+00  4.152998e+00  4.153000e+00  4.153004e+00  
4.153009e+00  4.153017e+00  4.153029e+00  4.153050e+00  4.153081e+00  4.153132e+00  
4.153211e+00  4.153338e+00  4.153539e+00  4.153857e+00  4.154362e+00  4.155162e+00  
4.156429e+00  4.158438e+00  4.161621e+00  4.166661e+00  4.174624e+00  4.187135e+00  
4.206515e+00  4.235465e+00  4.276463e+00  4.323526e+00  4.360587e+00  4.388074e+00  
4.407093e+00  4.419858e+00  4.429253e+00  4.436114e+00  4.440799e+00  4.444300e+00  
4.448090e+00  4.453270e+00  4.459220e+00  4.464200e+00  4.466790e+00  4.468310e+00  
4.470350e+00  4.471430e+00  4.472020e+00  4.471460e+00  4.468660e+00  4.467890e+00  
4.467300e+00  4.467210e+00  4.467120e+00  4.467130e+00  4.467120e+00  4.467110e+00  
4.663574e+00  4.663576e+00  4.663576e+00  4.663578e+00  4.663580e+00  4.663583e+00  
4.663589e+00  4.663597e+00  4.663611e+00  4.663632e+00  4.663666e+00  4.663719e+00  
4.663804e+00  4.663940e+00  4.664154e+00  4.664494e+00  4.665033e+00  4.665886e+00  
4.667240e+00  4.669385e+00  4.672784e+00  4.678163e+00  4.686654e+00  4.699960e+00  
4.720414e+00  4.750336e+00  4.790868e+00  4.833895e+00  4.863110e+00  4.879299e+00  
4.884244e+00  4.881222e+00  4.874440e+00  4.865082e+00  4.853582e+00  4.841090e+00  
4.829110e+00  4.818790e+00  4.809640e+00  4.800110e+00  4.789010e+00  4.777920e+00  
4.768790e+00  4.764810e+00  4.760070e+00  4.754960e+00  4.747940e+00  4.746130e+00  
4.744680e+00  4.744490e+00  4.744310e+00  4.744320e+00  4.744300e+00  4.744290e+00  
5.406070e+00  5.406072e+00  5.406073e+00  5.406075e+00  5.406078e+00  5.406082e+00  
5.406090e+00  5.406101e+00  5.406120e+00  5.406149e+00  5.406195e+00  5.406267e+00  
5.406383e+00  5.406566e+00  5.406855e+00  5.407315e+00  5.408044e+00  5.409198e+00  
5.411029e+00  5.413930e+00  5.418525e+00  5.425788e+00  5.437201e+00  5.454881e+00  
5.481225e+00  5.516427e+00  5.555072e+00  5.582072e+00  5.586354e+00  5.576618e+00  
5.555743e+00  5.526477e+00  5.492425e+00  5.455175e+00  5.416146e+00  5.377130e+00  
5.338810e+00  5.301750e+00  5.266440e+00  5.233440e+00  5.203140e+00  5.174920e+00  
5.147760e+00  5.134260e+00  5.120460e+00  5.109030e+00  5.096520e+00  5.093280e+00  
5.090740e+00  5.090420e+00  5.090170e+00  5.090130e+00  5.090130e+00  5.090110e+00  
5.945113e+00  5.945115e+00  5.945117e+00  5.945119e+00  5.945122e+00  5.945127e+00  
5.945135e+00  5.945148e+00  5.945169e+00  5.945201e+00  5.945251e+00  5.945333e+00  
5.945462e+00  5.945667e+00  5.945992e+00  5.946505e+00  5.947321e+00  5.948613e+00  
5.950661e+00  5.953909e+00  5.959052e+00  5.967178e+00  5.979929e+00  5.999581e+00  
6.028450e+00  6.065320e+00  6.100561e+00  6.114211e+00  6.097662e+00  6.062978e+00  
6.015001e+00  5.958663e+00  5.899948e+00  5.839987e+00  5.778439e+00  5.716410e+00  
5.656240e+00  5.599790e+00  5.547330e+00  5.498270e+00  5.452150e+00  5.409210e+00  
5.368750e+00  5.348670e+00  5.328400e+00  5.312190e+00  5.295800e+00  5.291740e+00  
5.288470e+00  5.288040e+00  5.287730e+00  5.287690e+00  5.287650e+00  5.287660e+00  
6.365634e+00  6.365636e+00  6.365638e+00  6.365640e+00  6.365643e+00  6.365649e+00  
6.365657e+00  6.365671e+00  6.365693e+00  6.365727e+00  6.365781e+00  6.365867e+00  
6.366003e+00  6.366218e+00  6.366560e+00  6.367101e+00  6.367961e+00  6.369322e+00  
6.371483e+00  6.374907e+00  6.380332e+00  6.388900e+00  6.402323e+00  6.422913e+00  
6.452735e+00  6.489060e+00  6.518227e+00  6.516480e+00  6.478820e+00  6.420608e+00  
6.348127e+00  6.267807e+00  6.187098e+00  6.107020e+00  6.026301e+00  5.945680e+00  
5.868240e+00  5.796420e+00  5.730190e+00  5.668190e+00  5.609340e+00  5.554640e+00  
5.503720e+00  5.478490e+00  5.453290e+00  5.433580e+00  5.414210e+00  5.409400e+00  
5.405580e+00  5.405080e+00  5.404720e+00  5.404670e+00  5.404620e+00  5.404630e+00  
6.708277e+00  6.708279e+00  6.708281e+00  6.708283e+00  6.708286e+00  6.708292e+00  
6.708301e+00  6.708314e+00  6.708336e+00  6.708371e+00  6.708426e+00  6.708513e+00  
6.708650e+00  6.708869e+00  6.709215e+00  6.709765e+00  6.710637e+00  6.712019e+00  
6.714211e+00  6.717689e+00  6.723198e+00  6.731896e+00  6.745502e+00  6.766268e+00  
6.795892e+00  6.830083e+00  6.851336e+00  6.832883e+00  6.774210e+00  6.693651e+00  
6.598746e+00  6.496913e+00  6.396655e+00  6.298878e+00  6.201784e+00  6.105820e+00  
6.014340e+00  5.929820e+00  5.852090e+00  5.779270e+00  5.709900e+00  5.645450e+00  
5.585870e+00  5.556630e+00  5.527640e+00  5.505190e+00  5.483330e+00  5.477920e+00  
5.473620e+00  5.473070e+00  5.472660e+00  5.472590e+00  5.472550e+00  5.472550e+00  
7.243164e+00  7.243166e+00  7.243168e+00  7.243170e+00  7.243173e+00  7.243178e+00  
7.243186e+00  7.243199e+00  7.243220e+00  7.243253e+00  7.243305e+00  7.243387e+00  
7.243518e+00  7.243725e+00  7.244054e+00  7.244575e+00  7.245403e+00  7.246716e+00  
7.248801e+00  7.252110e+00  7.257357e+00  7.265636e+00  7.278538e+00  7.297989e+00  
7.324704e+00  7.351206e+00  7.352828e+00  7.298699e+00  7.198865e+00  7.077166e+00  
6.942855e+00  6.804260e+00  6.670692e+00  6.543130e+00  6.419510e+00  6.299810e+00  
6.186880e+00  6.082420e+00  5.986150e+00  5.895900e+00  5.810050e+00  5.730200e+00  
5.656970e+00  5.621950e+00  5.587640e+00  5.561220e+00  5.535200e+00  5.528810e+00  
5.523730e+00  5.523080e+00  5.522580e+00  5.522510e+00  5.522470e+00  5.522470e+00  
7.650273e+00  7.650275e+00  7.650276e+00  7.650278e+00  7.650281e+00  7.650285e+00  
7.650293e+00  7.650304e+00  7.650322e+00  7.650351e+00  7.650397e+00  7.650469e+00  
7.650584e+00  7.650765e+00  7.651054e+00  7.651511e+00  7.652238e+00  7.653393e+00  
7.655230e+00  7.658149e+00  7.662781e+00  7.670087e+00  7.681414e+00  7.698195e+00  
7.719979e+00  7.736145e+00  7.715589e+00  7.625186e+00  7.486416e+00  7.328035e+00  
7.160141e+00  6.991167e+00  6.830271e+00  6.678369e+00  6.533820e+00  6.396140e+00  
6.267170e+00  6.147350e+00  6.036430e+00  5.932410e+00  5.833800e+00  5.742020e+00  
5.658310e+00  5.619160e+00  5.581110e+00  5.551830e+00  5.522520e+00  5.515350e+00  
5.509640e+00  5.508900e+00  5.508360e+00  5.508280e+00  5.508220e+00  5.508220e+00  
8.365908e+00  8.365909e+00  8.365910e+00  8.365910e+00  8.365912e+00  8.365914e+00  
8.365918e+00  8.365924e+00  8.365933e+00  8.365947e+00  8.365970e+00  8.366006e+00  
8.366065e+00  8.366157e+00  8.366304e+00  8.366538e+00  8.366913e+00  8.367513e+00  
8.368477e+00  8.370023e+00  8.372497e+00  8.376388e+00  8.382236e+00  8.389967e+00  
8.396051e+00  8.382805e+00  8.305918e+00  8.130794e+00  7.906907e+00  7.672339e+00  
7.437934e+00  7.210768e+00  6.998460e+00  6.800959e+00  6.617674e+00  6.446611e+00  
6.287950e+00  6.139880e+00  6.002040e+00  5.872540e+00  5.750130e+00  5.636370e+00  
5.533550e+00  5.486580e+00  5.441390e+00  5.406780e+00  5.372000e+00  5.363520e+00  
5.356750e+00  5.355880e+00  5.355230e+00  5.355130e+00  5.355060e+00  5.355050e+00  
9.111137e+00  9.111130e+00  9.111127e+00  9.111122e+00  9.111114e+00  9.111101e+00  
9.111080e+00  9.111047e+00  9.110996e+00  9.110914e+00  9.110782e+00  9.110575e+00  
9.110248e+00  9.109729e+00  9.108908e+00  9.107609e+00  9.105556e+00  9.102313e+00  
9.097196e+00  9.089126e+00  9.076404e+00  9.056326e+00  9.024534e+00  8.973943e+00  
8.893198e+00  8.764942e+00  8.563590e+00  8.296244e+00  8.035052e+00  7.780312e+00  
7.532367e+00  7.291565e+00  7.058220e+00  6.832495e+00  6.616715e+00  6.410741e+00  
6.216520e+00  6.033860e+00  5.863970e+00  5.708580e+00  5.568970e+00  5.443310e+00  
5.334250e+00  5.291530e+00  5.261300e+00  5.240750e+00  5.169540e+00  5.135420e+00  
5.143460e+00  5.149220e+00  5.146570e+00  5.144720e+00  5.148060e+00  5.145880e+00  
9.730762e+00  9.730754e+00  9.730750e+00  9.730743e+00  9.730731e+00  9.730713e+00  
9.730684e+00  9.730638e+00  9.730565e+00  9.730451e+00  9.730269e+00  9.729981e+00  
9.729525e+00  9.728802e+00  9.727661e+00  9.725857e+00  9.723008e+00  9.718514e+00  
9.711437e+00  9.700296e+00  9.682751e+00  9.655048e+00  9.611058e+00  9.540772e+00  
9.428457e+00  9.250935e+00  8.974675e+00  8.611371e+00  8.260641e+00  7.922716e+00  
7.598130e+00  7.287403e+00  6.989475e+00  6.706186e+00  6.439600e+00  6.188841e+00  
5.956080e+00  5.741700e+00  5.546260e+00  5.371330e+00  5.217290e+00  5.078780e+00  
4.954260e+00  4.901890e+00  4.859690e+00  4.826920e+00  4.741410e+00  4.705500e+00  
4.719790e+00  4.726740e+00  4.722900e+00  4.720620e+00  4.724140e+00  4.722020e+00  
9.921268e+00  9.921264e+00  9.921261e+00  9.921257e+00  9.921251e+00  9.921241e+00  
9.921226e+00  9.921200e+00  9.921161e+00  9.921099e+00  9.921000e+00  9.920844e+00  
9.920597e+00  9.920208e+00  9.919595e+00  9.918632e+00  9.917124e+00  9.914768e+00  
9.911102e+00  9.905398e+00  9.896475e+00  9.882289e+00  9.859020e+00  9.819165e+00  
9.747040e+00  9.604174e+00  9.313629e+00  8.855821e+00  8.377311e+00  7.931074e+00  
7.524291e+00  7.155866e+00  6.822313e+00  6.519231e+00  6.240082e+00  5.977346e+00  
5.734460e+00  5.512820e+00  5.308280e+00  5.114790e+00  4.928770e+00  4.756240e+00  
4.600660e+00  4.527410e+00  4.458490e+00  4.409440e+00  4.367160e+00  4.357000e+00  
4.349050e+00  4.348060e+00  4.347300e+00  4.347180e+00  4.347130e+00  4.347130e+00  
1.022931e+01  1.022930e+01  1.022930e+01  1.022929e+01  1.022928e+01  1.022926e+01  
1.022924e+01  1.022921e+01  1.022915e+01  1.022906e+01  1.022892e+01  1.022870e+01  
1.022835e+01  1.022780e+01  1.022693e+01  1.022556e+01  1.022342e+01  1.022008e+01  
1.021487e+01  1.020678e+01  1.019407e+01  1.017384e+01  1.014067e+01  1.008466e+01  
9.986772e+00  9.804020e+00  9.453835e+00  8.924936e+00  8.388245e+00  7.896520e+00  
7.454169e+00  7.056499e+00  6.697967e+00  6.372401e+00  6.072724e+00  5.790123e+00  
5.527732e+00  5.288210e+00  5.066500e+00  4.856870e+00  4.655710e+00  4.467270e+00  
4.295060e+00  4.214910e+00  4.140920e+00  4.089560e+00  4.045820e+00  4.035670e+00  
4.027830e+00  4.026850e+00  4.026110e+00  4.025990e+00  4.025940e+00  4.025930e+00  
1.063899e+01  1.063898e+01  1.063897e+01  1.063896e+01  1.063894e+01  1.063891e+01  
1.063886e+01  1.063879e+01  1.063867e+01  1.063849e+01  1.063819e+01  1.063772e+01  
1.063698e+01  1.063580e+01  1.063395e+01  1.063103e+01  1.062645e+01  1.061925e+01  
1.060795e+01  1.059024e+01  1.056237e+01  1.051807e+01  1.044693e+01  1.033232e+01  
1.014964e+01  9.864706e+00  9.430019e+00  8.873167e+00  8.352597e+00  7.867536e+00  
7.416369e+00  6.996626e+00  6.607430e+00  6.248851e+00  5.920968e+00  5.618134e+00  
5.338031e+00  5.081060e+00  4.844190e+00  4.626840e+00  4.426230e+00  4.231450e+00  
4.035470e+00  3.942620e+00  3.863440e+00  3.814670e+00  3.769600e+00  3.759950e+00  
3.751790e+00  3.750840e+00  3.750130e+00  3.749950e+00  3.750100e+00  3.749960e+00  
1.096208e+01  1.096206e+01  1.096206e+01  1.096204e+01  1.096202e+01  1.096199e+01  
1.096193e+01  1.096184e+01  1.096170e+01  1.096148e+01  1.096113e+01  1.096058e+01  
1.095971e+01  1.095832e+01  1.095615e+01  1.095273e+01  1.094737e+01  1.093898e+01  
1.092586e+01  1.090532e+01  1.087291e+01  1.082106e+01  1.073717e+01  1.060164e+01  
1.038615e+01  1.005148e+01  9.544669e+00  8.902895e+00  8.310894e+00  7.766399e+00  
7.266357e+00  6.806319e+00  6.384449e+00  6.001680e+00  5.653857e+00  5.333919e+00  
5.036716e+00  4.761820e+00  4.506100e+00  4.267630e+00  4.043580e+00  3.824450e+00  
3.605660e+00  3.503190e+00  3.417580e+00  3.366480e+00  3.318460e+00  3.307720e+00  
3.299830e+00  3.299020e+00  3.298280e+00  3.298120e+00  3.298150e+00  3.298060e+00  
1.118131e+01  1.118129e+01  1.118128e+01  1.118127e+01  1.118124e+01  1.118120e+01  
1.118114e+01  1.118104e+01  1.118089e+01  1.118064e+01  1.118024e+01  1.117962e+01  
1.117865e+01  1.117711e+01  1.117469e+01  1.117089e+01  1.116495e+01  1.115569e+01  
1.114124e+01  1.111863e+01  1.108280e+01  1.102504e+01  1.093098e+01  1.077888e+01  
1.053754e+01  1.016362e+01  9.600541e+00  8.893809e+00  8.248560e+00  7.660220e+00  
7.124318e+00  6.636155e+00  6.192188e+00  5.793192e+00  5.432400e+00  5.101293e+00  
4.792856e+00  4.505340e+00  4.236880e+00  3.983920e+00  3.743600e+00  3.507500e+00  
3.272440e+00  3.162450e+00  3.070350e+00  3.014920e+00  2.963040e+00  2.951640e+00  
2.943390e+00  2.942540e+00  2.941770e+00  2.941620e+00  2.941590e+00  2.941520e+00  
1.145851e+01  1.145849e+01  1.145848e+01  1.145847e+01  1.145844e+01  1.145840e+01  
1.145833e+01  1.145821e+01  1.145805e+01  1.145778e+01  1.145736e+01  1.145669e+01  
1.145564e+01  1.145400e+01  1.145143e+01  1.144744e+01  1.144127e+01  1.143172e+01  
1.141695e+01  1.139372e+01  1.135624e+01  1.129428e+01  1.119172e+01  1.102494e+01  
1.075682e+01  1.032842e+01  9.658636e+00  8.804481e+00  8.037079e+00  7.372281e+00  
6.794258e+00  6.285481e+00  5.830221e+00  5.418421e+00  5.038432e+00  4.681067e+00  
4.344505e+00  4.029641e+00  3.737380e+00  3.461070e+00  3.197050e+00  2.942380e+00  
2.694570e+00  2.575160e+00  2.466030e+00  2.391780e+00  2.331460e+00  2.318610e+00  
2.308860e+00  2.307650e+00  2.306760e+00  2.306630e+00  2.306550e+00  2.306510e+00  
1.175888e+01  1.175886e+01  1.175884e+01  1.175882e+01  1.175879e+01  1.175873e+01  
1.175864e+01  1.175850e+01  1.175827e+01  1.175793e+01  1.175737e+01  1.175650e+01  
1.175513e+01  1.175300e+01  1.174967e+01  1.174451e+01  1.173656e+01  1.172431e+01  
1.170524e+01  1.167494e+01  1.162521e+01  1.154243e+01  1.140657e+01  1.118861e+01  
1.084479e+01  1.032178e+01  9.565930e+00  8.659590e+00  7.870622e+00  7.181042e+00  
6.573727e+00  6.034575e+00  5.554974e+00  5.125089e+00  4.734759e+00  4.374078e+00  
4.033076e+00  3.707220e+00  3.400665e+00  3.114220e+00  2.844240e+00  2.582430e+00  
2.322980e+00  2.196160e+00  2.075700e+00  1.989600e+00  1.922700e+00  1.908230e+00  
1.896580e+00  1.895250e+00  1.894170e+00  1.893990e+00  1.893930e+00  1.893900e+00  
1.210586e+01  1.210583e+01  1.210582e+01  1.210579e+01  1.210574e+01  1.210567e+01  
1.210557e+01  1.210541e+01  1.210515e+01  1.210473e+01  1.210407e+01  1.210306e+01  
1.210147e+01  1.209900e+01  1.209522e+01  1.208942e+01  1.208060e+01  1.206706e+01  
1.204575e+01  1.201058e+01  1.195076e+01  1.185022e+01  1.168658e+01  1.142428e+01  
1.101093e+01  1.039273e+01  9.523964e+00  8.508166e+00  7.644282e+00  6.905918e+00  
6.272334e+00  5.717867e+00  5.223641e+00  4.778912e+00  4.373433e+00  3.998173e+00  
3.644320e+00  3.307311e+00  2.989905e+00  2.696670e+00  2.422200e+00  2.154470e+00  
1.885830e+00  1.752690e+00  1.624510e+00  1.530010e+00  1.451230e+00  1.433350e+00  
1.419010e+00  1.417350e+00  1.415960e+00  1.415760e+00  1.415660e+00  1.415640e+00  
1.238218e+01  1.238215e+01  1.238213e+01  1.238210e+01  1.238206e+01  1.238197e+01  
1.238186e+01  1.238168e+01  1.238139e+01  1.238093e+01  1.238022e+01  1.237911e+01  
1.237741e+01  1.237478e+01  1.237079e+01  1.236479e+01  1.235574e+01  1.234182e+01  
1.231919e+01  1.228019e+01  1.221231e+01  1.209889e+01  1.191527e+01  1.161988e+01  
1.115695e+01  1.047733e+01  9.543238e+00  8.466970e+00  7.563864e+00  6.793365e+00  
6.136107e+00  5.565419e+00  5.057596e+00  4.599589e+00  4.180296e+00  3.791498e+00  
3.428469e+00  3.088036e+00  2.769228e+00  2.471730e+00  2.192270e+00  1.919900e+00  
1.648860e+00  1.514190e+00  1.383550e+00  1.284800e+00  1.196310e+00  1.176050e+00  
1.159800e+00  1.157570e+00  1.156030e+00  1.155880e+00  1.155650e+00  1.155660e+00  
1.264758e+01  1.264755e+01  1.264753e+01  1.264750e+01  1.264745e+01  1.264737e+01  
1.264724e+01  1.264705e+01  1.264674e+01  1.264626e+01  1.264550e+01  1.264435e+01  
1.264257e+01  1.263987e+01  1.263584e+01  1.262988e+01  1.262097e+01  1.260705e+01  
1.258339e+01  1.254083e+01  1.246623e+01  1.234284e+01  1.214280e+01  1.182004e+01  
1.131843e+01  1.059231e+01  9.608609e+00  8.484299e+00  7.552775e+00  6.762288e+00  
6.089344e+00  5.504764e+00  4.981550e+00  4.508062e+00  4.077672e+00  3.683162e+00  
3.315759e+00  2.969745e+00  2.644478e+00  2.340502e+00  2.057530e+00  1.784420e+00  
1.510990e+00  1.373410e+00  1.239310e+00  1.136690e+00  1.040990e+00  1.018120e+00  
1.000020e+00  9.976900e-01  9.959700e-01  9.957300e-01  9.955800e-01  9.955000e-01  
1.288391e+01  1.288388e+01  1.288385e+01  1.288381e+01  1.288376e+01  1.288368e+01  
1.288356e+01  1.288335e+01  1.288303e+01  1.288253e+01  1.288175e+01  1.288058e+01  
1.287878e+01  1.287611e+01  1.287219e+01  1.286651e+01  1.285806e+01  1.284444e+01  
1.281993e+01  1.277434e+01  1.269470e+01  1.256393e+01  1.235076e+01  1.200670e+01  
1.147690e+01  1.071770e+01  9.699216e+00  8.538816e+00  7.584539e+00  6.778242e+00  
6.090997e+00  5.493013e+00  4.957217e+00  4.472323e+00  4.032766e+00  3.631573e+00  
3.258758e+00  2.907692e+00  2.577360e+00  2.267806e+00  1.979053e+00  1.703300e+00  
1.427140e+00  1.287420e+00  1.149580e+00  1.042110e+00  9.396900e-01  9.148400e-01  
8.950800e-01  8.925300e-01  8.906500e-01  8.903900e-01  8.902200e-01  8.901200e-01  
1.328051e+01  1.328046e+01  1.328044e+01  1.328041e+01  1.328036e+01  1.328028e+01  
1.328013e+01  1.327992e+01  1.327959e+01  1.327909e+01  1.327832e+01  1.327716e+01  
1.327546e+01  1.327304e+01  1.326970e+01  1.326508e+01  1.325812e+01  1.324547e+01  
1.321954e+01  1.316950e+01  1.308377e+01  1.294294e+01  1.271027e+01  1.233752e+01  
1.177237e+01  1.097116e+01  9.906688e+00  8.695131e+00  7.705495e+00  6.876564e+00  
6.169029e+00  5.551320e+00  4.997275e+00  4.496076e+00  4.042026e+00  3.628046e+00  
3.244106e+00  2.883207e+00  2.543329e+00  2.222831e+00  1.920635e+00  1.634380e+00  
1.349800e+00  1.204480e+00  1.058300e+00  9.410800e-01  8.254400e-01  7.966900e-01  
7.736500e-01  7.706700e-01  7.684600e-01  7.681500e-01  7.679500e-01  7.678300e-01  
1.359820e+01  1.359816e+01  1.359813e+01  1.359810e+01  1.359805e+01  1.359796e+01  
1.359782e+01  1.359761e+01  1.359729e+01  1.359679e+01  1.359606e+01  1.359499e+01  
1.359350e+01  1.359154e+01  1.358909e+01  1.358595e+01  1.358081e+01  1.356909e+01  
1.354187e+01  1.348930e+01  1.340059e+01  1.325255e+01  1.300623e+01  1.261691e+01  
1.203261e+01  1.120805e+01  1.011626e+01  8.872530e+00  7.860061e+00  7.014827e+00  
6.293324e+00  5.662623e+00  5.097326e+00  4.585970e+00  4.121298e+00  3.695800e+00  
3.300998e+00  2.930551e+00  2.581263e+00  2.249765e+00  1.933580e+00  1.631986e+00  
1.335530e+00  1.183240e+00  1.027680e+00  9.001700e-01  7.707100e-01  7.379300e-01  
7.115500e-01  7.081200e-01  7.055800e-01  7.052300e-01  7.050000e-01  7.048800e-01  
1.415920e+01  1.415917e+01  1.415915e+01  1.415911e+01  1.415905e+01  1.415897e+01  
1.415885e+01  1.415866e+01  1.415837e+01  1.415798e+01  1.415744e+01  1.415680e+01  
1.415621e+01  1.415602e+01  1.415674e+01  1.415826e+01  1.415763e+01  1.414733e+01  
1.411888e+01  1.406634e+01  1.397527e+01  1.381582e+01  1.355484e+01  1.315498e+01  
1.256189e+01  1.172385e+01  1.059534e+01  9.295066e+00  8.245747e+00  7.372728e+00  
6.633449e+00  5.989087e+00  5.410679e+00  4.885417e+00  4.405078e+00  3.961401e+00  
3.545479e+00  3.151054e+00  2.776033e+00  2.418278e+00  2.073996e+00  1.736135e+00  
1.399820e+00  1.226470e+00  1.043490e+00  8.875900e-01  7.230600e-01  6.801200e-01  
6.457800e-01  6.415800e-01  6.380200e-01  6.376000e-01  6.372100e-01  6.372100e-01  
1.454794e+01  1.454791e+01  1.454789e+01  1.454785e+01  1.454780e+01  1.454772e+01  
1.454761e+01  1.454743e+01  1.454720e+01  1.454691e+01  1.454664e+01  1.454656e+01  
1.454712e+01  1.454911e+01  1.455340e+01  1.455914e+01  1.456095e+01  1.455014e+01  
1.452157e+01  1.446892e+01  1.437078e+01  1.419802e+01  1.392545e+01  1.351579e+01  
1.291642e+01  1.207862e+01  1.094519e+01  9.645863e+00  8.601361e+00  7.721329e+00  
6.969961e+00  6.311879e+00  5.720744e+00  5.183723e+00  4.692094e+00  4.236899e+00  
3.808295e+00  3.399213e+00  3.007193e+00  2.629488e+00  2.261076e+00  1.892092e+00  
1.513507e+00  1.316420e+00  1.102670e+00  9.161300e-01  7.169500e-01  6.646900e-01  
6.225300e-01  6.173600e-01  6.131100e-01  6.125800e-01  6.120900e-01  6.120500e-01  
1.503330e+01  1.503326e+01  1.503324e+01  1.503321e+01  1.503316e+01  1.503309e+01  
1.503301e+01  1.503290e+01  1.503282e+01  1.503286e+01  1.503330e+01  1.503476e+01  
1.503837e+01  1.504574e+01  1.505734e+01  1.506902e+01  1.507215e+01  1.506184e+01  
1.503601e+01  1.497840e+01  1.486309e+01  1.467325e+01  1.438726e+01  1.396857e+01  
1.337045e+01  1.254277e+01  1.143705e+01  1.018150e+01  9.158489e+00  8.284405e+00  
7.528356e+00  6.859543e+00  6.254578e+00  5.702148e+00  5.194598e+00  4.723967e+00  
4.281401e+00  3.859240e+00  3.451848e+00  3.051405e+00  2.647634e+00  2.225253e+00  
1.766368e+00  1.516839e+00  1.245580e+00  1.003230e+00  7.348900e-01  6.620200e-01  
6.047900e-01  5.983100e-01  5.932900e-01  5.925400e-01  5.918700e-01  5.907800e-01  
1.518172e+01  1.518169e+01  1.518167e+01  1.518164e+01  1.518161e+01  1.518157e+01  
1.518153e+01  1.518153e+01  1.518167e+01  1.518220e+01  1.518371e+01  1.518731e+01  
1.519492e+01  1.520841e+01  1.522641e+01  1.524143e+01  1.524611e+01  1.524066e+01  
1.521761e+01  1.515350e+01  1.503093e+01  1.484074e+01  1.456207e+01  1.416565e+01  
1.360923e+01  1.282601e+01  1.181227e+01  1.062838e+01  9.621939e+00  8.736615e+00  
7.955453e+00  7.261787e+00  6.643534e+00  6.088990e+00  5.586667e+00  5.124009e+00  
4.686045e+00  4.261117e+00  3.843750e+00  3.426485e+00  2.996834e+00  2.531851e+00  
2.005020e+00  1.710098e+00  1.388550e+00  1.101320e+00  7.654000e-01  6.677300e-01  
5.969400e-01  5.898100e-01  5.838500e-01  5.827700e-01  5.819700e-01  5.796400e-01  
1.536031e+01  1.536027e+01  1.536026e+01  1.536024e+01  1.536021e+01  1.536019e+01  
1.536019e+01  1.536031e+01  1.536071e+01  1.536183e+01  1.536457e+01  1.537065e+01  
1.538257e+01  1.540168e+01  1.542383e+01  1.543987e+01  1.544652e+01  1.544434e+01  
1.541747e+01  1.534215e+01  1.521032e+01  1.501245e+01  1.472940e+01  1.433552e+01  
1.378503e+01  1.301391e+01  1.203462e+01  1.089632e+01  9.917286e+00  9.050969e+00  
8.282475e+00  7.596622e+00  6.982451e+00  6.429201e+00  5.926224e+00  5.461561e+00  
5.020684e+00  4.591804e+00  4.168642e+00  3.742193e+00  3.297052e+00  2.804086e+00  
2.227641e+00  1.895395e+00  1.523688e+00  1.191410e+00  7.970300e-01  6.804700e-01  
5.929300e-01  5.837900e-01  5.772100e-01  5.761700e-01  5.748000e-01  5.718000e-01  
1.547720e+01  1.547717e+01  1.547715e+01  1.547713e+01  1.547711e+01  1.547712e+01  
1.547719e+01  1.547744e+01  1.547815e+01  1.547997e+01  1.548416e+01  1.549306e+01  
1.550945e+01  1.553341e+01  1.555804e+01  1.557477e+01  1.558439e+01  1.558346e+01  
1.554953e+01  1.546418e+01  1.532438e+01  1.511908e+01  1.483229e+01  1.444023e+01  
1.388350e+01  1.314366e+01  1.219955e+01  1.109915e+01  1.014631e+01  9.298856e+00  
8.544090e+00  7.867817e+00  7.260068e+00  6.710807e+00  6.209989e+00  5.746186e+00  
5.305190e+00  4.875159e+00  4.449176e+00  4.017073e+00  3.561000e+00  3.046790e+00  
2.430638e+00  2.067387e+00  1.653090e+00  1.278200e+00  8.298800e-01  6.954100e-01  
5.908400e-01  5.794400e-01  5.720500e-01  5.710800e-01  5.691900e-01  5.657600e-01  
1.561046e+01  1.561043e+01  1.561042e+01  1.561041e+01  1.561042e+01  1.561049e+01  
1.561071e+01  1.561130e+01  1.561281e+01  1.561633e+01  1.562404e+01  1.563923e+01  
1.566420e+01  1.569504e+01  1.572178e+01  1.574147e+01  1.575665e+01  1.575143e+01  
1.570075e+01  1.559983e+01  1.544542e+01  1.522752e+01  1.493529e+01  1.454309e+01  
1.398353e+01  1.330543e+01  1.242683e+01  1.138711e+01  1.048041e+01  9.667866e+00  
8.939965e+00  8.284146e+00  7.691831e+00  7.154072e+00  6.661773e+00  6.204186e+00  
5.767606e+00  5.340080e+00  4.913870e+00  4.477068e+00  4.008210e+00  3.465228e+00  
2.790308e+00  2.378576e+00  1.894325e+00  1.442412e+00  8.962900e-01  7.284800e-01  
5.903800e-01  5.741000e-01  5.643900e-01  5.634900e-01  5.608700e-01  5.570200e-01  
1.567781e+01  1.567778e+01  1.567778e+01  1.567779e+01  1.567783e+01  1.567798e+01  
1.567838e+01  1.567943e+01  1.568192e+01  1.568757e+01  1.569943e+01  1.572125e+01  
1.575339e+01  1.578793e+01  1.581599e+01  1.584048e+01  1.585765e+01  1.584211e+01  
1.577690e+01  1.566357e+01  1.549632e+01  1.526930e+01  1.497373e+01  1.456262e+01  
1.403283e+01  1.339993e+01  1.257338e+01  1.158178e+01  1.071290e+01  9.930509e+00  
9.226819e+00  8.590553e+00  8.014141e+00  7.489401e+00  7.007840e+00  6.559228e+00  
6.130159e+00  5.708633e+00  5.286361e+00  4.850275e+00  4.376368e+00  3.816673e+00  
3.101851e+00  2.654324e+00  2.115344e+00  1.596821e+00  9.620100e-01  7.634800e-01  
5.930500e-01  5.716600e-01  5.588700e-01  5.579400e-01  5.549100e-01  5.509900e-01  
1.573574e+01  1.573572e+01  1.573574e+01  1.573579e+01  1.573596e+01  1.573639e+01  
1.573746e+01  1.574004e+01  1.574588e+01  1.575832e+01  1.578196e+01  1.581867e+01  
1.586127e+01  1.589931e+01  1.593489e+01  1.596808e+01  1.597360e+01  1.592956e+01  
1.583886e+01  1.569936e+01  1.550949e+01  1.526990e+01  1.495847e+01  1.453267e+01  
1.407718e+01  1.351700e+01  1.277284e+01  1.186810e+01  1.106779e+01  1.034249e+01  
9.686712e+00  9.091331e+00  8.550193e+00  8.056398e+00  7.602405e+00  7.178736e+00  
6.772382e+00  6.371215e+00  5.966367e+00  5.543160e+00  5.073855e+00  4.500986e+00  
3.733731e+00  3.230398e+00  2.596687e+00  1.953386e+00  1.120210e+00  8.530100e-01  
6.066400e-01  5.723500e-01  5.498600e-01  5.484500e-01  5.453400e-01  5.419100e-01  
1.574165e+01  1.574164e+01  1.574169e+01  1.574181e+01  1.574216e+01  1.574298e+01  
1.574501e+01  1.574967e+01  1.575991e+01  1.578052e+01  1.581581e+01  1.586260e+01  
1.590897e+01  1.595129e+01  1.599572e+01  1.602572e+01  1.601029e+01  1.594563e+01  
1.583454e+01  1.567504e+01  1.547174e+01  1.522462e+01  1.486461e+01  1.449232e+01  
1.408057e+01  1.356451e+01  1.286967e+01  1.202187e+01  1.126728e+01  1.058172e+01  
9.960552e+00  9.396057e+00  8.882925e+00  8.414964e+00  7.985274e+00  7.584788e+00  
7.200743e+00  6.820959e+00  6.436448e+00  6.031921e+00  5.577779e+00  5.011215e+00  
4.226775e+00  3.694546e+00  3.002132e+00  2.269604e+00  1.268300e+00  9.407000e-01  
6.246100e-01  5.779600e-01  5.447000e-01  5.424000e-01  5.396000e-01  5.368500e-01  
1.572436e+01  1.572441e+01  1.572454e+01  1.572488e+01  1.572570e+01  1.572770e+01  
1.573235e+01  1.574267e+01  1.576391e+01  1.580158e+01  1.585417e+01  1.590937e+01  
1.596095e+01  1.601685e+01  1.606394e+01  1.606724e+01  1.601855e+01  1.592300e+01  
1.577933e+01  1.559485e+01  1.537719e+01  1.506109e+01  1.473581e+01  1.442098e+01  
1.406013e+01  1.359618e+01  1.296065e+01  1.218155e+01  1.148392e+01  1.084943e+01  
1.027436e+01  9.752549e+00  9.279560e+00  8.850162e+00  8.458238e+00  8.095346e+00  
7.749044e+00  7.407380e+00  7.061591e+00  6.696304e+00  6.280581e+00  5.746260e+00  
4.969797e+00  4.416222e+00  3.660161e+00  2.809496e+00  1.537253e+00  1.105890e+00  
6.646200e-01  5.952400e-01  5.401200e-01  5.354200e-01  5.331000e-01  5.313700e-01  
1.569404e+01  1.569417e+01  1.569443e+01  1.569506e+01  1.569658e+01  1.570019e+01  
1.570839e+01  1.572593e+01  1.575936e+01  1.581141e+01  1.587276e+01  1.593120e+01  
1.599239e+01  1.605562e+01  1.608756e+01  1.606444e+01  1.599256e+01  1.587149e+01  
1.570633e+01  1.550889e+01  1.526317e+01  1.492514e+01  1.464455e+01  1.436433e+01  
1.403618e+01  1.360672e+01  1.301081e+01  1.227557e+01  1.161322e+01  1.100872e+01  
1.045902e+01  9.959267e+00  9.505921e+00  9.095430e+00  8.723922e+00  8.386059e+00  
8.073677e+00  7.776553e+00  7.480853e+00  7.159792e+00  6.774323e+00  6.264003e+00  
5.508182e+00  4.956559e+00  4.181151e+00  3.263847e+00  1.784450e+00  1.260690e+00  
7.048100e-01  6.137000e-01  5.392500e-01  5.336700e-01  5.299000e-01  5.284400e-01  
1.567622e+01  1.567646e+01  1.567688e+01  1.567788e+01  1.568032e+01  1.568596e+01  
1.569850e+01  1.572421e+01  1.576939e+01  1.583157e+01  1.589670e+01  1.595997e+01  
1.603069e+01  1.609110e+01  1.610259e+01  1.605972e+01  1.596764e+01  1.582642e+01  
1.564705e+01  1.544168e+01  1.512993e+01  1.483723e+01  1.458443e+01  1.432666e+01  
1.401912e+01  1.361072e+01  1.303869e+01  1.233006e+01  1.168955e+01  1.110470e+01  
1.057316e+01  1.009113e+01  9.656068e+00  9.264808e+00  8.913783e+00  8.597883e+00  
8.309035e+00  8.037379e+00  7.770127e+00  7.481683e+00  7.132997e+00  6.659719e+00  
5.933334e+00  5.388394e+00  4.604722e+00  3.648558e+00  2.018473e+00  1.401440e+00  
7.450800e-01  6.351900e-01  5.405300e-01  5.320600e-01  5.278800e-01  5.266300e-01  
1.566618e+01  1.566656e+01  1.566717e+01  1.566865e+01  1.567218e+01  1.568025e+01  
1.569777e+01  1.573203e+01  1.578749e+01  1.585607e+01  1.592344e+01  1.599364e+01  
1.607013e+01  1.612034e+01  1.611328e+01  1.605430e+01  1.594420e+01  1.578761e+01  
1.559879e+01  1.538121e+01  1.503997e+01  1.477612e+01  1.454309e+01  1.430134e+01  
1.400812e+01  1.361393e+01  1.305785e+01  1.236749e+01  1.174218e+01  1.117144e+01  
1.065323e+01  1.018449e+01  9.763220e+00  9.386678e+00  9.051473e+00  8.752702e+00  
8.482487e+00  8.231363e+00  7.987547e+00  7.726809e+00  7.410699e+00  6.972750e+00  
6.279178e+00  5.745656e+00  4.962241e+00  3.981750e+00  2.234623e+00  1.535187e+00  
7.843800e-01  6.568200e-01  5.429600e-01  5.315300e-01  5.265600e-01  5.254000e-01  
1.565941e+01  1.566015e+01  1.566126e+01  1.566394e+01  1.567020e+01  1.568416e+01  
1.571292e+01  1.576369e+01  1.583404e+01  1.590861e+01  1.598254e+01  1.606652e+01  
1.614099e+01  1.616352e+01  1.612841e+01  1.604120e+01  1.590239e+01  1.572510e+01  
1.552532e+01  1.521227e+01  1.492546e+01  1.469864e+01  1.449264e+01  1.427250e+01  
1.399795e+01  1.362168e+01  1.308533e+01  1.241812e+01  1.181249e+01  1.126044e+01  
1.076033e+01  1.030992e+01  9.907895e+00  9.551892e+00  9.239058e+00  8.964912e+00  
8.722092e+00  8.501988e+00  8.294534e+00  8.077814e+00  7.815285e+00  7.439703e+00  
6.812237e+00  6.307602e+00  5.538287e+00  4.534969e+00  2.621346e+00  1.787385e+00  
8.598500e-01  6.994800e-01  5.497100e-01  5.323700e-01  5.250100e-01  5.238400e-01  
1.566280e+01  1.566401e+01  1.566578e+01  1.566999e+01  1.567966e+01  1.570060e+01  
1.574122e+01  1.580593e+01  1.588461e+01  1.596243e+01  1.604634e+01  1.613764e+01  
1.619737e+01  1.619521e+01  1.613840e+01  1.602693e+01  1.586781e+01  1.567847e+01  
1.545766e+01  1.510728e+01  1.485729e+01  1.465455e+01  1.446647e+01  1.426023e+01  
1.399719e+01  1.363154e+01  1.310673e+01  1.245342e+01  1.185984e+01  1.131946e+01  
1.083101e+01  1.039240e+01  1.000274e+01  9.660077e+00  9.361890e+00  9.104222e+00  
8.880352e+00  8.682531e+00  8.501904e+00  8.318234e+00  8.097000e+00  7.772767e+00  
7.206530e+00  6.733032e+00  5.986580e+00  4.979796e+00  2.958657e+00  2.021400e+00  
9.315700e-01  7.409000e-01  5.577800e-01  5.346700e-01  5.241800e-01  5.228800e-01  
1.568596e+01  1.568880e+01  1.569287e+01  1.570224e+01  1.572282e+01  1.576368e+01  
1.583110e+01  1.591657e+01  1.600306e+01  1.609521e+01  1.619902e+01  1.627712e+01  
1.629109e+01  1.624644e+01  1.614430e+01  1.599022e+01  1.580275e+01  1.559542e+01  
1.523257e+01  1.497054e+01  1.477159e+01  1.460478e+01  1.444267e+01  1.425517e+01  
1.400641e+01  1.365383e+01  1.314479e+01  1.250924e+01  1.193176e+01  1.140767e+01  
1.093532e+01  1.051334e+01  1.014109e+01  9.817218e+00  9.540020e+00  9.306654e+00  
9.111849e+00  8.949595e+00  8.813080e+00  8.684642e+00  8.534060e+00  8.303814e+00  
7.862901e+00  7.461932e+00  6.782738e+00  5.803964e+00  3.650105e+00  2.534805e+00  
1.097420e+00  8.387400e-01  5.801500e-01  5.435200e-01  5.235100e-01  5.215800e-01  
1.569343e+01  1.569861e+01  1.570580e+01  1.572197e+01  1.575574e+01  1.581631e+01  
1.590194e+01  1.599504e+01  1.608940e+01  1.619866e+01  1.630173e+01  1.634798e+01  
1.632903e+01  1.625145e+01  1.611550e+01  1.593710e+01  1.573842e+01  1.541249e+01  
1.510684e+01  1.488779e+01  1.471856e+01  1.457353e+01  1.442747e+01  1.425221e+01  
1.401349e+01  1.366946e+01  1.316782e+01  1.254119e+01  1.197174e+01  1.145592e+01  
1.099187e+01  1.057857e+01  1.021555e+01  9.901761e+00  9.636057e+00  9.416316e+00  
9.238247e+00  9.097082e+00  8.987309e+00  8.892927e+00  8.787190e+00  8.620131e+00  
8.271573e+00  7.930325e+00  7.316746e+00  6.385193e+00  4.192783e+00  2.966237e+00  
1.248750e+00  9.299200e-01  6.033700e-01  5.543800e-01  5.237000e-01  5.209300e-01  
1.570032e+01  1.571214e+01  1.572781e+01  1.576102e+01  1.582227e+01  1.591222e+01  
1.601345e+01  1.611580e+01  1.623419e+01  1.635322e+01  1.641830e+01  1.641342e+01  
1.634696e+01  1.621800e+01  1.604175e+01  1.584255e+01  1.553070e+01  1.519603e+01  
1.496365e+01  1.479244e+01  1.465770e+01  1.453739e+01  1.440899e+01  1.424678e+01  
1.401850e+01  1.368342e+01  1.319010e+01  1.257334e+01  1.201272e+01  1.150528e+01  
1.104980e+01  1.064557e+01  1.029261e+01  9.990190e+00  9.737579e+00  9.533421e+00  
9.374386e+00  9.257028e+00  9.177576e+00  9.122700e+00  9.070607e+00  8.982021e+00  
8.756027e+00  8.502422e+00  8.000240e+00  7.171235e+00  5.006470e+00  3.658944e+00  
1.521592e+00  1.098010e+00  6.493100e-01  5.779700e-01  5.251500e-01  5.202700e-01  
1.570451e+01  1.572543e+01  1.575189e+01  1.580397e+01  1.588840e+01  1.599340e+01  
1.610036e+01  1.621863e+01  1.635156e+01  1.645062e+01  1.647620e+01  1.643668e+01  
1.633150e+01  1.616940e+01  1.597378e+01  1.575592e+01  1.534719e+01  1.507594e+01  
1.488248e+01  1.473900e+01  1.462397e+01  1.451730e+01  1.439821e+01  1.424245e+01  
1.401897e+01  1.368820e+01  1.319984e+01  1.258862e+01  1.203270e+01  1.152971e+01  
1.107863e+01  1.067923e+01  1.033175e+01  1.003566e+01  9.790463e+00  9.595094e+00  
9.446661e+00  9.342323e+00  9.279534e+00  9.246875e+00  9.225984e+00  9.184419e+00  
9.035988e+00  8.842812e+00  8.426532e+00  7.689754e+00  5.601897e+00  4.201611e+00  
1.764820e+00  1.251430e+00  6.934700e-01  6.019200e-01  5.276800e-01  5.199400e-01  
1.570663e+01  1.573890e+01  1.577757e+01  1.584783e+01  1.594867e+01  1.606025e+01  
1.617494e+01  1.630924e+01  1.644071e+01  1.651043e+01  1.650696e+01  1.643780e+01  
1.630258e+01  1.611950e+01  1.591585e+01  1.556888e+01  1.523002e+01  1.499637e+01  
1.482878e+01  1.470384e+01  1.460176e+01  1.450388e+01  1.439066e+01  1.423887e+01  
1.401828e+01  1.369010e+01  1.320494e+01  1.259731e+01  1.204440e+01  1.154418e+01  
1.109604e+01  1.069966e+01  1.035566e+01  1.006359e+01  9.823076e+00  9.633295e+00  
9.491561e+00  9.395424e+00  9.343196e+00  9.324859e+00  9.324534e+00  9.314511e+00  
9.219857e+00  9.070656e+00  8.720908e+00  8.062175e+00  6.064452e+00  4.645060e+00  
1.985537e+00  1.393610e+00  7.358200e-01  6.255200e-01  5.309500e-01  5.197400e-01  
1.570459e+01  1.575014e+01  1.580160e+01  1.588777e+01  1.599906e+01  1.611438e+01  
1.623996e+01  1.638474e+01  1.650302e+01  1.654581e+01  1.651913e+01  1.642369e+01  
1.626601e+01  1.606987e+01  1.585961e+01  1.543890e+01  1.514326e+01  1.493614e+01  
1.478756e+01  1.467627e+01  1.458379e+01  1.449272e+01  1.438458e+01  1.423699e+01  
1.402031e+01  1.369564e+01  1.321232e+01  1.260411e+01  1.204988e+01  1.155047e+01  
1.110484e+01  1.071216e+01  1.037202e+01  1.008385e+01  9.847250e+00  9.661389e+00  
9.523743e+00  9.432175e+00  9.385987e+00  9.377131e+00  9.392328e+00  9.407033e+00  
9.351407e+00  9.233234e+00  8.937297e+00  8.346395e+00  6.433139e+00  5.020118e+00  
2.197529e+00  1.526171e+00  7.769700e-01  6.482800e-01  5.350000e-01  5.196100e-01  
1.570499e+01  1.578175e+01  1.585792e+01  1.596717e+01  1.608826e+01  1.621373e+01  
1.636137e+01  1.650649e+01  1.658605e+01  1.658869e+01  1.652178e+01  1.638595e+01  
1.619801e+01  1.599065e+01  1.562565e+01  1.527130e+01  1.502873e+01  1.485782e+01  
1.473523e+01  1.464214e+01  1.456203e+01  1.447922e+01  1.437660e+01  1.423281e+01  
1.401897e+01  1.369677e+01  1.321614e+01  1.261109e+01  1.205977e+01  1.156314e+01  
1.112036e+01  1.073075e+01  1.039381e+01  1.010922e+01  9.876653e+00  9.695500e+00  
9.563612e+00  9.479311e+00  9.442720e+00  9.447132e+00  9.481782e+00  9.527342e+00  
9.526087e+00  9.454277e+00  9.235096e+00  8.747270e+00  7.001705e+00  5.618535e+00  
2.595694e+00  1.770391e+00  8.545400e-01  6.928200e-01  5.435900e-01  5.194400e-01  
1.570597e+01  1.581809e+01  1.590577e+01  1.603635e+01  1.616350e+01  1.630444e+01  
1.646457e+01  1.658319e+01  1.663650e+01  1.661404e+01  1.650645e+01  1.634078e+01  
1.613771e+01  1.591817e+01  1.546289e+01  1.516313e+01  1.495446e+01  1.480777e+01  
1.470238e+01  1.462108e+01  1.454884e+01  1.447115e+01  1.437182e+01  1.423013e+01  
1.401768e+01  1.369664e+01  1.321759e+01  1.261487e+01  1.206603e+01  1.157135e+01  
1.113033e+01  1.074245e+01  1.040735e+01  1.012491e+01  9.894815e+00  9.716560e+00  
9.588229e+00  9.508415e+00  9.477792e+00  9.490512e+00  9.537410e+00  9.602862e+00  
9.637417e+00  9.596801e+00  9.431098e+00  9.020361e+00  7.422047e+00  6.083361e+00  
2.942346e+00  1.991007e+00  9.274900e-01  7.353400e-01  5.528500e-01  5.193400e-01  
