5.037640e+00  5.037642e+00  5.037643e+00  5.037645e+00  5.037647e+00  5.037652e+00  
5.037658e+00  5.037669e+00  5.037686e+00  5.037712e+00  5.037755e+00  5.037822e+00  
5.037928e+00  5.038097e+00  5.038364e+00  5.038787e+00  5.039458e+00  5.040522e+00  
5.042207e+00  5.044879e+00  5.049110e+00  5.055804e+00  5.066367e+00  5.082908e+00  
5.108317e+00  5.145428e+00  5.195596e+00  5.249056e+00  5.286701e+00  5.310435e+00  
5.321398e+00  5.321538e+00  5.313584e+00  5.298565e+00  5.277528e+00  5.251810e+00  
5.222000e+00  5.188930e+00  5.153680e+00  5.118900e+00  5.087650e+00  5.062090e+00  
5.043180e+00  5.035000e+00  5.026040e+00  5.017600e+00  5.007450e+00  5.004670e+00  
5.002430e+00  5.002130e+00  5.001920e+00  5.001900e+00  5.001880e+00  5.001870e+00  
5.725497e+00  5.725499e+00  5.725500e+00  5.725502e+00  5.725505e+00  5.725510e+00  
5.725518e+00  5.725530e+00  5.725549e+00  5.725580e+00  5.725628e+00  5.725704e+00  
5.725825e+00  5.726017e+00  5.726321e+00  5.726803e+00  5.727566e+00  5.728777e+00  
5.730695e+00  5.733736e+00  5.738550e+00  5.746163e+00  5.758149e+00  5.776816e+00  
5.805053e+00  5.844525e+00  5.892812e+00  5.935159e+00  5.953704e+00  5.953158e+00  
5.936474e+00  5.907804e+00  5.872227e+00  5.829844e+00  5.778868e+00  5.720100e+00  
5.657820e+00  5.595820e+00  5.534410e+00  5.473520e+00  5.413950e+00  5.359160e+00  
5.308200e+00  5.281050e+00  5.255040e+00  5.237180e+00  5.223320e+00  5.219860e+00  
5.217120e+00  5.216780e+00  5.216520e+00  5.216470e+00  5.216460e+00  5.216410e+00  
6.215897e+00  6.215899e+00  6.215900e+00  6.215903e+00  6.215906e+00  6.215911e+00  
6.215919e+00  6.215931e+00  6.215952e+00  6.215984e+00  6.216034e+00  6.216114e+00  
6.216240e+00  6.216442e+00  6.216761e+00  6.217266e+00  6.218067e+00  6.219338e+00  
6.221351e+00  6.224540e+00  6.229591e+00  6.237572e+00  6.250109e+00  6.269514e+00  
6.298366e+00  6.336626e+00  6.377367e+00  6.401721e+00  6.396311e+00  6.369557e+00  
6.325559e+00  6.269130e+00  6.206106e+00  6.137049e+00  6.060615e+00  5.978120e+00  
5.893810e+00  5.811350e+00  5.731020e+00  5.652430e+00  5.575890e+00  5.503970e+00  
5.436230e+00  5.401970e+00  5.369560e+00  5.347020e+00  5.328200e+00  5.323660e+00  
5.320070e+00  5.319640e+00  5.319290e+00  5.319210e+00  5.319190e+00  5.319150e+00  
6.905148e+00  6.905150e+00  6.905151e+00  6.905153e+00  6.905156e+00  6.905161e+00  
6.905169e+00  6.905182e+00  6.905202e+00  6.905232e+00  6.905282e+00  6.905361e+00  
6.905486e+00  6.905684e+00  6.905998e+00  6.906496e+00  6.907284e+00  6.908535e+00  
6.910518e+00  6.913662e+00  6.918636e+00  6.926488e+00  6.938769e+00  6.957536e+00  
6.984395e+00  7.015637e+00  7.035511e+00  7.019021e+00  6.964322e+00  6.886947e+00  
6.792691e+00  6.687126e+00  6.576694e+00  6.463080e+00  6.346553e+00  6.229230e+00  
6.113700e+00  6.002050e+00  5.894760e+00  5.791790e+00  5.693410e+00  5.600570e+00  
5.515290e+00  5.476420e+00  5.439880e+00  5.412930e+00  5.386500e+00  5.380220e+00  
5.375270e+00  5.374610e+00  5.374130e+00  5.374060e+00  5.374010e+00  5.373990e+00  
7.391019e+00  7.391021e+00  7.391022e+00  7.391024e+00  7.391027e+00  7.391031e+00  
7.391038e+00  7.391050e+00  7.391068e+00  7.391097e+00  7.391142e+00  7.391213e+00  
7.391326e+00  7.391506e+00  7.391790e+00  7.392243e+00  7.392958e+00  7.394095e+00  
7.395897e+00  7.398754e+00  7.403278e+00  7.410409e+00  7.421509e+00  7.438219e+00  
7.461025e+00  7.482693e+00  7.479565e+00  7.422441e+00  7.321653e+00  7.198809e+00  
7.061134e+00  6.914668e+00  6.766262e+00  6.618081e+00  6.471090e+00  6.327760e+00  
6.189160e+00  6.056180e+00  5.929390e+00  5.808960e+00  5.695160e+00  5.588290e+00  
5.492520e+00  5.451650e+00  5.413500e+00  5.384450e+00  5.353580e+00  5.346260e+00  
5.340460e+00  5.339680e+00  5.339120e+00  5.339050e+00  5.338980e+00  5.338990e+00  
7.765324e+00  7.765326e+00  7.765327e+00  7.765328e+00  7.765331e+00  7.765334e+00  
7.765341e+00  7.765350e+00  7.765366e+00  7.765389e+00  7.765428e+00  7.765490e+00  
7.765586e+00  7.765740e+00  7.765984e+00  7.766371e+00  7.766984e+00  7.767958e+00  
7.769503e+00  7.771956e+00  7.775840e+00  7.781957e+00  7.791423e+00  7.805398e+00  
7.823225e+00  7.834427e+00  7.808399e+00  7.712991e+00  7.570425e+00  7.407387e+00  
7.232332e+00  7.051612e+00  6.872282e+00  6.696562e+00  6.525421e+00  6.361130e+00  
6.203950e+00  6.053970e+00  5.911720e+00  5.777340e+00  5.650970e+00  5.532890e+00  
5.428730e+00  5.385790e+00  5.346020e+00  5.315510e+00  5.282130e+00  5.274240e+00  
5.268000e+00  5.267160e+00  5.266550e+00  5.266470e+00  5.266390e+00  5.266410e+00  
8.069311e+00  8.069312e+00  8.069313e+00  8.069314e+00  8.069316e+00  8.069319e+00  
8.069324e+00  8.069332e+00  8.069344e+00  8.069364e+00  8.069395e+00  8.069445e+00  
8.069522e+00  8.069646e+00  8.069842e+00  8.070154e+00  8.070648e+00  8.071434e+00  
8.072683e+00  8.074668e+00  8.077816e+00  8.082765e+00  8.090364e+00  8.101265e+00  
8.113685e+00  8.114187e+00  8.066029e+00  7.934986e+00  7.754638e+00  7.555973e+00  
7.348445e+00  7.138606e+00  6.933635e+00  6.735379e+00  6.544396e+00  6.362440e+00  
6.189560e+00  6.025370e+00  5.870270e+00  5.724080e+00  5.586800e+00  5.458960e+00  
5.347170e+00  5.301620e+00  5.259780e+00  5.227990e+00  5.193300e+00  5.185140e+00  
5.178720e+00  5.177830e+00  5.177200e+00  5.177130e+00  5.177060e+00  5.177080e+00  
8.545408e+00  8.545409e+00  8.545409e+00  8.545410e+00  8.545410e+00  8.545411e+00  
8.545413e+00  8.545417e+00  8.545423e+00  8.545433e+00  8.545447e+00  8.545471e+00  
8.545508e+00  8.545566e+00  8.545661e+00  8.545809e+00  8.546048e+00  8.546428e+00  
8.547038e+00  8.548017e+00  8.549578e+00  8.552023e+00  8.555637e+00  8.560046e+00  
8.561317e+00  8.540743e+00  8.451183e+00  8.256234e+00  8.010237e+00  7.751101e+00  
7.489690e+00  7.232816e+00  6.987544e+00  6.754524e+00  6.532475e+00  6.321760e+00  
6.123110e+00  5.935820e+00  5.759880e+00  5.594120e+00  5.438020e+00  5.293250e+00  
5.166970e+00  5.114780e+00  5.067600e+00  5.033320e+00  4.998060e+00  4.989900e+00  
4.983520e+00  4.982650e+00  4.982040e+00  4.981950e+00  4.981880e+00  4.981880e+00  
8.910636e+00  8.910636e+00  8.910636e+00  8.910636e+00  8.910636e+00  8.910636e+00  
8.910635e+00  8.910635e+00  8.910635e+00  8.910633e+00  8.910631e+00  8.910628e+00  
8.910624e+00  8.910617e+00  8.910606e+00  8.910591e+00  8.910568e+00  8.910538e+00  
8.910502e+00  8.910462e+00  8.910423e+00  8.910347e+00  8.909962e+00  8.907897e+00  
8.898206e+00  8.857522e+00  8.730355e+00  8.479734e+00  8.178596e+00  7.870054e+00  
7.565696e+00  7.272324e+00  6.996648e+00  6.737576e+00  6.491926e+00  6.258530e+00  
6.039380e+00  5.833810e+00  5.641300e+00  5.459610e+00  5.287600e+00  5.128230e+00  
4.988230e+00  4.928510e+00  4.875100e+00  4.838090e+00  4.803180e+00  4.795270e+00  
4.789140e+00  4.788330e+00  4.787740e+00  4.787670e+00  4.787610e+00  4.787590e+00  
9.840987e+00  9.840979e+00  9.840974e+00  9.840967e+00  9.840955e+00  9.840936e+00  
9.840907e+00  9.840860e+00  9.840787e+00  9.840669e+00  9.840483e+00  9.840189e+00  
9.839723e+00  9.838986e+00  9.837817e+00  9.835968e+00  9.833042e+00  9.828417e+00  
9.821113e+00  9.809588e+00  9.791417e+00  9.762786e+00  9.717656e+00  9.646371e+00  
9.533371e+00  9.354036e+00  9.071207e+00  8.695279e+00  8.330258e+00  7.976865e+00  
7.634943e+00  7.304455e+00  6.985809e+00  6.677934e+00  6.384233e+00  6.104407e+00  
5.840600e+00  5.590830e+00  5.356020e+00  5.137440e+00  4.936050e+00  4.750410e+00  
4.584910e+00  4.516670e+00  4.465110e+00  4.434400e+00  4.371360e+00  4.345560e+00  
4.351300e+00  4.355620e+00  4.353850e+00  4.352520e+00  4.355110e+00  4.353350e+00  
1.026267e+01  1.026266e+01  1.026266e+01  1.026265e+01  1.026263e+01  1.026261e+01  
1.026258e+01  1.026252e+01  1.026242e+01  1.026228e+01  1.026206e+01  1.026171e+01  
1.026116e+01  1.026028e+01  1.025887e+01  1.025666e+01  1.025317e+01  1.024766e+01  
1.023895e+01  1.022525e+01  1.020366e+01  1.016972e+01  1.011624e+01  1.003166e+01  
9.897144e+00  9.683028e+00  9.345929e+00  8.901099e+00  8.472685e+00  8.060931e+00  
7.665586e+00  7.286357e+00  6.923031e+00  6.575091e+00  6.246461e+00  5.935510e+00  
5.644940e+00  5.372350e+00  5.117940e+00  4.882430e+00  4.665700e+00  4.463580e+00  
4.276740e+00  4.194580e+00  4.125750e+00  4.079280e+00  4.008630e+00  3.986070e+00  
3.994910e+00  3.999150e+00  3.996780e+00  3.995400e+00  3.997630e+00  3.996270e+00  
1.060140e+01  1.060139e+01  1.060139e+01  1.060139e+01  1.060138e+01  1.060136e+01  
1.060134e+01  1.060130e+01  1.060125e+01  1.060116e+01  1.060101e+01  1.060078e+01  
1.060042e+01  1.059985e+01  1.059895e+01  1.059753e+01  1.059530e+01  1.059181e+01  
1.058635e+01  1.057786e+01  1.056464e+01  1.054396e+01  1.051102e+01  1.045633e+01  
1.035893e+01  1.016828e+01  9.790260e+00  9.212851e+00  8.623337e+00  8.078983e+00  
7.585346e+00  7.138767e+00  6.731814e+00  6.358898e+00  6.011743e+00  5.680632e+00  
5.370260e+00  5.079800e+00  4.805020e+00  4.541100e+00  4.285270e+00  4.041370e+00  
3.805260e+00  3.686980e+00  3.580310e+00  3.512810e+00  3.467860e+00  3.458860e+00  
3.452360e+00  3.451670e+00  3.451110e+00  3.451000e+00  3.450990e+00  3.451010e+00  
1.098985e+01  1.098984e+01  1.098984e+01  1.098983e+01  1.098981e+01  1.098979e+01  
1.098975e+01  1.098970e+01  1.098963e+01  1.098950e+01  1.098930e+01  1.098897e+01  
1.098847e+01  1.098768e+01  1.098642e+01  1.098444e+01  1.098134e+01  1.097649e+01  
1.096894e+01  1.095719e+01  1.093898e+01  1.091051e+01  1.086512e+01  1.078990e+01  
1.065821e+01  1.041284e+01  9.955066e+00  9.287928e+00  8.629432e+00  8.034405e+00  
7.503267e+00  7.027021e+00  6.593121e+00  6.195430e+00  5.827726e+00  5.478121e+00  
5.149460e+00  4.841890e+00  4.549320e+00  4.267240e+00  3.992620e+00  3.727110e+00  
3.463980e+00  3.330280e+00  3.208190e+00  3.128740e+00  3.073240e+00  3.061900e+00  
3.053570e+00  3.052640e+00  3.051920e+00  3.051770e+00  3.051750e+00  3.051770e+00  
1.143576e+01  1.143574e+01  1.143574e+01  1.143572e+01  1.143570e+01  1.143566e+01  
1.143560e+01  1.143551e+01  1.143535e+01  1.143511e+01  1.143474e+01  1.143414e+01  
1.143321e+01  1.143173e+01  1.142938e+01  1.142571e+01  1.141990e+01  1.141082e+01  
1.139661e+01  1.137443e+01  1.133983e+01  1.128564e+01  1.119976e+01  1.106144e+01  
1.083674e+01  1.047850e+01  9.929634e+00  9.234457e+00  8.592488e+00  7.999669e+00  
7.452362e+00  6.947056e+00  6.479806e+00  6.049883e+00  5.658989e+00  5.295961e+00  
4.957063e+00  4.640970e+00  4.340700e+00  4.054030e+00  3.776040e+00  3.494540e+00  
3.201660e+00  3.056770e+00  2.925700e+00  2.837660e+00  2.767990e+00  2.759260e+00  
2.746930e+00  2.744900e+00  2.744360e+00  2.744230e+00  2.744400e+00  2.744220e+00  
1.161994e+01  1.161992e+01  1.161991e+01  1.161990e+01  1.161987e+01  1.161983e+01  
1.161977e+01  1.161966e+01  1.161950e+01  1.161925e+01  1.161884e+01  1.161819e+01  
1.161717e+01  1.161556e+01  1.161302e+01  1.160903e+01  1.160277e+01  1.159297e+01  
1.157770e+01  1.155395e+01  1.151698e+01  1.145904e+01  1.136678e+01  1.121681e+01  
1.097164e+01  1.058128e+01  9.987435e+00  9.241598e+00  8.558294e+00  7.932783e+00  
7.360086e+00  6.834115e+00  6.352024e+00  5.912878e+00  5.515708e+00  5.147918e+00  
4.803656e+00  4.482330e+00  4.175890e+00  3.881340e+00  3.593460e+00  3.300030e+00  
2.993290e+00  2.840850e+00  2.702160e+00  2.607320e+00  2.527820e+00  2.515610e+00  
2.501480e+00  2.499340e+00  2.498510e+00  2.498360e+00  2.498430e+00  2.498260e+00  
1.187056e+01  1.187054e+01  1.187053e+01  1.187051e+01  1.187048e+01  1.187044e+01  
1.187036e+01  1.187024e+01  1.187006e+01  1.186977e+01  1.186931e+01  1.186859e+01  
1.186743e+01  1.186563e+01  1.186279e+01  1.185834e+01  1.185139e+01  1.184059e+01  
1.182384e+01  1.179797e+01  1.175785e+01  1.169474e+01  1.159277e+01  1.142392e+01  
1.114523e+01  1.070354e+01  1.003924e+01  9.215225e+00  8.469537e+00  7.795382e+00  
7.185711e+00  6.631341e+00  6.128449e+00  5.678957e+00  5.274779e+00  4.902239e+00  
4.552217e+00  4.224360e+00  3.911150e+00  3.607400e+00  3.307640e+00  2.999900e+00  
2.676690e+00  2.514980e+00  2.365910e+00  2.260390e+00  2.164340e+00  2.145980e+00  
2.128570e+00  2.126190e+00  2.124840e+00  2.124650e+00  2.124560e+00  2.124410e+00  
1.204053e+01  1.204051e+01  1.204050e+01  1.204048e+01  1.204044e+01  1.204039e+01  
1.204031e+01  1.204018e+01  1.203998e+01  1.203966e+01  1.203915e+01  1.203834e+01  
1.203708e+01  1.203509e+01  1.203198e+01  1.202712e+01  1.201956e+01  1.200786e+01  
1.198987e+01  1.196221e+01  1.191938e+01  1.185144e+01  1.173977e+01  1.155192e+01  
1.124110e+01  1.075339e+01  1.003028e+01  9.146613e+00  8.360098e+00  7.658430e+00  
7.030587e+00  6.465714e+00  5.955828e+00  5.503294e+00  5.096019e+00  4.718951e+00  
4.360881e+00  4.020830e+00  3.695920e+00  3.381090e+00  3.073610e+00  2.763770e+00  
2.443860e+00  2.281990e+00  2.124460e+00  2.005690e+00  1.899170e+00  1.874500e+00  
1.854910e+00  1.852590e+00  1.850640e+00  1.850400e+00  1.850190e+00  1.850090e+00  
1.238145e+01  1.238142e+01  1.238141e+01  1.238138e+01  1.238134e+01  1.238128e+01  
1.238118e+01  1.238103e+01  1.238078e+01  1.238039e+01  1.237978e+01  1.237881e+01  
1.237730e+01  1.237492e+01  1.237123e+01  1.236551e+01  1.235673e+01  1.234335e+01  
1.232306e+01  1.229216e+01  1.224385e+01  1.216456e+01  1.202823e+01  1.179376e+01  
1.140976e+01  1.082230e+01  9.976449e+00  8.974056e+00  8.113154e+00  7.365806e+00  
6.708491e+00  6.126997e+00  5.610234e+00  5.150076e+00  4.734314e+00  4.348332e+00  
3.980930e+00  3.629698e+00  3.299830e+00  2.984350e+00  2.678770e+00  2.371220e+00  
2.050860e+00  1.885470e+00  1.718570e+00  1.585740e+00  1.459060e+00  1.428050e+00  
1.403180e+00  1.400210e+00  1.397710e+00  1.397390e+00  1.397130e+00  1.397070e+00  
1.262703e+01  1.262699e+01  1.262697e+01  1.262695e+01  1.262690e+01  1.262684e+01  
1.262673e+01  1.262655e+01  1.262627e+01  1.262584e+01  1.262515e+01  1.262407e+01  
1.262238e+01  1.261975e+01  1.261571e+01  1.260951e+01  1.260010e+01  1.258601e+01  
1.256492e+01  1.253282e+01  1.248142e+01  1.239286e+01  1.223483e+01  1.196219e+01  
1.152284e+01  1.086152e+01  9.926996e+00  8.841852e+00  7.927010e+00  7.147490e+00  
6.473089e+00  5.881276e+00  5.360978e+00  4.898010e+00  4.477851e+00  4.087499e+00  
3.715781e+00  3.359324e+00  3.025466e+00  2.713240e+00  2.413860e+00  2.114240e+00  
1.801330e+00  1.637560e+00  1.467720e+00  1.328000e+00  1.191230e+00  1.156770e+00  
1.128970e+00  1.125640e+00  1.122840e+00  1.122470e+00  1.122200e+00  1.122170e+00  
1.304550e+01  1.304546e+01  1.304544e+01  1.304541e+01  1.304536e+01  1.304528e+01  
1.304514e+01  1.304493e+01  1.304462e+01  1.304411e+01  1.304332e+01  1.304208e+01  
1.304016e+01  1.303722e+01  1.303277e+01  1.302612e+01  1.301637e+01  1.300221e+01  
1.298142e+01  1.294880e+01  1.289146e+01  1.278273e+01  1.258298e+01  1.224738e+01  
1.172248e+01  1.095182e+01  9.901616e+00  8.720518e+00  7.741827e+00  6.914476e+00  
6.213598e+00  5.607280e+00  5.075020e+00  4.601583e+00  4.169715e+00  3.767971e+00  
3.390056e+00  3.033161e+00  2.699269e+00  2.390970e+00  2.096610e+00  1.805750e+00  
1.507040e+00  1.349380e+00  1.183240e+00  1.042370e+00  8.948900e-01  8.568900e-01  
8.263700e-01  8.223100e-01  8.193600e-01  8.190100e-01  8.186800e-01  8.186500e-01  
1.344320e+01  1.344316e+01  1.344313e+01  1.344310e+01  1.344304e+01  1.344296e+01  
1.344281e+01  1.344258e+01  1.344223e+01  1.344168e+01  1.344082e+01  1.343949e+01  
1.343745e+01  1.343439e+01  1.342986e+01  1.342332e+01  1.341409e+01  1.340120e+01  
1.338222e+01  1.334983e+01  1.328526e+01  1.315513e+01  1.291958e+01  1.253668e+01  
1.194798e+01  1.109821e+01  9.969279e+00  8.718569e+00  7.697435e+00  6.835849e+00  
6.113181e+00  5.494891e+00  4.950712e+00  4.464202e+00  4.021106e+00  3.611075e+00  
3.227984e+00  2.868133e+00  2.531025e+00  2.218020e+00  1.925850e+00  1.639190e+00  
1.348140e+00  1.195670e+00  1.033500e+00  8.932800e-01  7.405500e-01  7.002900e-01  
6.681400e-01  6.639000e-01  6.607700e-01  6.603900e-01  6.600700e-01  6.599600e-01  
1.381460e+01  1.381456e+01  1.381454e+01  1.381449e+01  1.381443e+01  1.381434e+01  
1.381419e+01  1.381395e+01  1.381358e+01  1.381300e+01  1.381211e+01  1.381074e+01  
1.380867e+01  1.380564e+01  1.380130e+01  1.379529e+01  1.378730e+01  1.377663e+01  
1.376032e+01  1.372792e+01  1.365476e+01  1.350428e+01  1.324059e+01  1.282251e+01  
1.218576e+01  1.127896e+01  1.009338e+01  8.784168e+00  7.728360e+00  6.842231e+00  
6.101505e+00  5.470510e+00  4.914587e+00  4.415276e+00  3.960155e+00  3.540309e+00  
3.150074e+00  2.785452e+00  2.444237e+00  2.125433e+00  1.829920e+00  1.544780e+00  
1.257370e+00  1.107210e+00  9.462600e-01  8.052700e-01  6.483500e-01  6.064800e-01  
5.730200e-01  5.686200e-01  5.653700e-01  5.649600e-01  5.646400e-01  5.644600e-01  
1.413909e+01  1.413905e+01  1.413903e+01  1.413898e+01  1.413893e+01  1.413883e+01  
1.413867e+01  1.413844e+01  1.413807e+01  1.413751e+01  1.413663e+01  1.413531e+01  
1.413338e+01  1.413063e+01  1.412689e+01  1.412212e+01  1.411646e+01  1.410951e+01  
1.409748e+01  1.406639e+01  1.398700e+01  1.382369e+01  1.354647e+01  1.311333e+01  
1.245528e+01  1.151768e+01  1.027758e+01  8.885081e+00  7.769987e+00  6.860595e+00  
6.114757e+00  5.484308e+00  4.925275e+00  4.418809e+00  3.955529e+00  3.527934e+00  
3.129008e+00  2.754254e+00  2.402911e+00  2.076051e+00  1.776070e+00  1.492750e+00  
1.205880e+00  1.055640e+00  8.938000e-01  7.507800e-01  5.893800e-01  5.461100e-01  
5.113900e-01  5.071000e-01  5.035000e-01  5.030900e-01  5.026600e-01  5.025400e-01  
1.472292e+01  1.472287e+01  1.472285e+01  1.472280e+01  1.472274e+01  1.472264e+01  
1.472248e+01  1.472224e+01  1.472186e+01  1.472129e+01  1.472043e+01  1.471920e+01  
1.471749e+01  1.471529e+01  1.471278e+01  1.471058e+01  1.470957e+01  1.470929e+01  
1.470231e+01  1.466619e+01  1.456607e+01  1.437353e+01  1.406479e+01  1.359025e+01  
1.287853e+01  1.188232e+01  1.057886e+01  9.108878e+00  7.942582e+00  7.008787e+00  
6.243772e+00  5.593901e+00  5.015523e+00  4.490880e+00  4.011007e+00  3.568680e+00  
3.157081e+00  2.771297e+00  2.409143e+00  2.069399e+00  1.752605e+00  1.458890e+00  
1.167240e+00  1.013990e+00  8.470200e-01  6.973000e-01  5.252000e-01  4.786100e-01  
4.411200e-01  4.364500e-01  4.325700e-01  4.321200e-01  4.316600e-01  4.315700e-01  
1.519829e+01  1.519825e+01  1.519822e+01  1.519818e+01  1.519811e+01  1.519801e+01  
1.519785e+01  1.519761e+01  1.519723e+01  1.519668e+01  1.519588e+01  1.519481e+01  
1.519346e+01  1.519207e+01  1.519131e+01  1.519250e+01  1.519716e+01  1.520380e+01  
1.519970e+01  1.515484e+01  1.503515e+01  1.482181e+01  1.449054e+01  1.398547e+01  
1.323812e+01  1.220372e+01  1.085725e+01  9.337084e+00  8.139243e+00  7.186768e+00  
6.406457e+00  5.740954e+00  5.147658e+00  4.609896e+00  4.118749e+00  3.666318e+00  
3.245073e+00  2.849345e+00  2.476157e+00  2.122903e+00  1.788851e+00  1.476889e+00  
1.175310e+00  1.016150e+00  8.410100e-01  6.820800e-01  4.969200e-01  4.464700e-01  
4.057900e-01  4.007000e-01  3.965000e-01  3.960000e-01  3.955200e-01  3.955000e-01  
1.609093e+01  1.609088e+01  1.609084e+01  1.609081e+01  1.609074e+01  1.609063e+01  
1.609047e+01  1.609023e+01  1.608988e+01  1.608941e+01  1.608885e+01  1.608833e+01  
1.608827e+01  1.608971e+01  1.609470e+01  1.610639e+01  1.612631e+01  1.614580e+01  
1.613627e+01  1.606025e+01  1.590052e+01  1.564816e+01  1.526572e+01  1.469629e+01  
1.388128e+01  1.278306e+01  1.138797e+01  9.846137e+00  8.663327e+00  7.688429e+00  
6.866547e+00  6.154432e+00  5.523639e+00  4.957565e+00  4.443642e+00  3.971447e+00  
3.532470e+00  3.119412e+00  2.726057e+00  2.344810e+00  1.972021e+00  1.612477e+00  
1.269360e+00  1.090030e+00  8.880100e-01  7.009700e-01  4.800700e-01  4.194300e-01  
3.700900e-01  3.636600e-01  3.589600e-01  3.583700e-01  3.579300e-01  3.577700e-01  
1.662293e+01  1.662288e+01  1.662285e+01  1.662281e+01  1.662275e+01  1.662265e+01  
1.662251e+01  1.662231e+01  1.662206e+01  1.662181e+01  1.662171e+01  1.662220e+01  
1.662426e+01  1.663005e+01  1.664336e+01  1.666861e+01  1.670454e+01  1.673126e+01  
1.670949e+01  1.661149e+01  1.643646e+01  1.617009e+01  1.577173e+01  1.519620e+01  
1.438971e+01  1.330568e+01  1.188388e+01  1.029871e+01  9.088529e+00  8.093087e+00  
7.260707e+00  6.540508e+00  5.897842e+00  5.316559e+00  4.786567e+00  4.298226e+00  
3.841499e+00  3.408122e+00  2.992384e+00  2.587258e+00  2.187654e+00  1.792857e+00  
1.400113e+00  1.196700e+00  9.642800e-01  7.463600e-01  4.880900e-01  4.173200e-01  
3.596200e-01  3.522300e-01  3.463300e-01  3.456200e-01  3.449600e-01  3.446600e-01  
1.731735e+01  1.731731e+01  1.731727e+01  1.731723e+01  1.731718e+01  1.731709e+01  
1.731699e+01  1.731689e+01  1.731687e+01  1.731715e+01  1.731824e+01  1.732134e+01  
1.732900e+01  1.734599e+01  1.737900e+01  1.743105e+01  1.748648e+01  1.750393e+01  
1.744798e+01  1.731988e+01  1.711867e+01  1.681638e+01  1.638455e+01  1.578992e+01  
1.498321e+01  1.391794e+01  1.253064e+01  1.101042e+01  9.822492e+00  8.822023e+00  
7.967789e+00  7.218654e+00  6.546421e+00  5.936369e+00  5.378710e+00  4.863885e+00  
4.381780e+00  3.923775e+00  3.483558e+00  3.052830e+00  2.620859e+00  2.171902e+00  
1.685552e+00  1.419536e+00  1.124920e+00  8.500500e-01  5.263000e-01  4.335100e-01  
3.563200e-01  3.460000e-01  3.374900e-01  3.364400e-01  3.360000e-01  3.344500e-01  
1.776136e+01  1.776131e+01  1.776128e+01  1.776125e+01  1.776120e+01  1.776113e+01  
1.776109e+01  1.776111e+01  1.776141e+01  1.776242e+01  1.776513e+01  1.777181e+01  
1.778690e+01  1.781786e+01  1.787246e+01  1.794583e+01  1.800384e+01  1.799858e+01  
1.791727e+01  1.777068e+01  1.754332e+01  1.721116e+01  1.675679e+01  1.614855e+01  
1.533734e+01  1.425265e+01  1.295283e+01  1.152863e+01  1.038256e+01  9.388069e+00  
8.517219e+00  7.745731e+00  7.057885e+00  6.437620e+00  5.869460e+00  5.340604e+00  
4.841180e+00  4.363140e+00  3.901166e+00  3.448306e+00  2.993328e+00  2.515136e+00  
1.969364e+00  1.647603e+00  1.283410e+00  9.500800e-01  5.665900e-01  4.590500e-01  
3.609100e-01  3.458900e-01  3.336600e-01  3.324200e-01  3.315700e-01  3.295300e-01  
1.801209e+01  1.801204e+01  1.801201e+01  1.801198e+01  1.801195e+01  1.801192e+01  
1.801195e+01  1.801216e+01  1.801290e+01  1.801489e+01  1.801975e+01  1.803101e+01  
1.805530e+01  1.810236e+01  1.817798e+01  1.826496e+01  1.831479e+01  1.828873e+01  
1.819398e+01  1.803475e+01  1.778954e+01  1.744598e+01  1.699244e+01  1.639911e+01  
1.560790e+01  1.454213e+01  1.329689e+01  1.191972e+01  1.078546e+01  9.802894e+00  
8.943325e+00  8.176476e+00  7.481608e+00  6.846733e+00  6.263360e+00  5.722829e+00  
5.215667e+00  4.733141e+00  4.267426e+00  3.807482e+00  3.335576e+00  2.819317e+00  
2.211369e+00  1.849867e+00  1.430635e+00  1.053010e+00  6.123300e-01  4.846400e-01  
3.668100e-01  3.480400e-01  3.311500e-01  3.293300e-01  3.289700e-01  3.263300e-01  
1.820266e+01  1.820261e+01  1.820259e+01  1.820256e+01  1.820254e+01  1.820255e+01  
1.820267e+01  1.820311e+01  1.820436e+01  1.820748e+01  1.821488e+01  1.823152e+01  
1.826619e+01  1.832992e+01  1.842334e+01  1.851519e+01  1.855033e+01  1.850706e+01  
1.840114e+01  1.822558e+01  1.796125e+01  1.760448e+01  1.714486e+01  1.655366e+01  
1.574584e+01  1.473451e+01  1.354411e+01  1.221946e+01  1.111304e+01  1.014405e+01  
9.289494e+00  8.522538e+00  7.825334e+00  7.186885e+00  6.599127e+00  6.053758e+00  
5.541534e+00  5.053614e+00  4.581736e+00  4.113794e+00  3.629589e+00  3.090842e+00  
2.439828e+00  2.042987e+00  1.573508e+00  1.148400e+00  6.563800e-01  5.119900e-01  
3.739000e-01  3.508000e-01  3.293200e-01  3.270100e-01  3.268100e-01  3.240000e-01  
1.835708e+01  1.835704e+01  1.835702e+01  1.835701e+01  1.835703e+01  1.835713e+01  
1.835749e+01  1.835850e+01  1.836102e+01  1.836704e+01  1.838077e+01  1.841041e+01  
1.846849e+01  1.856440e+01  1.868140e+01  1.876486e+01  1.876927e+01  1.870395e+01  
1.857733e+01  1.837003e+01  1.807791e+01  1.770463e+01  1.724131e+01  1.665633e+01  
1.585006e+01  1.496765e+01  1.390366e+01  1.267722e+01  1.162475e+01  1.067901e+01  
9.829701e+00  9.060032e+00  8.360871e+00  7.722728e+00  7.136944e+00  6.594114e+00  
6.083289e+00  5.594082e+00  5.117182e+00  4.638480e+00  4.132944e+00  3.551181e+00  
2.823667e+00  2.374167e+00  1.839855e+00  1.343354e+00  7.478100e-01  5.620500e-01  
3.881500e-01  3.579100e-01  3.271000e-01  3.234600e-01  3.240000e-01  3.208000e-01  
1.852081e+01  1.852076e+01  1.852076e+01  1.852075e+01  1.852082e+01  1.852105e+01  
1.852171e+01  1.852344e+01  1.852758e+01  1.853724e+01  1.855880e+01  1.860373e+01  
1.868659e+01  1.880902e+01  1.893345e+01  1.899614e+01  1.897663e+01  1.889530e+01  
1.874387e+01  1.850681e+01  1.819099e+01  1.780022e+01  1.732600e+01  1.669429e+01  
1.593358e+01  1.512282e+01  1.413082e+01  1.296387e+01  1.195516e+01  1.104116e+01  
1.021475e+01  9.461133e+00  8.772835e+00  8.141624e+00  7.559855e+00  7.019064e+00  
6.509166e+00  6.020165e+00  5.542243e+00  5.060132e+00  4.546022e+00  3.943956e+00  
3.171495e+00  2.682241e+00  2.086730e+00  1.514560e+00  8.305200e-01  6.137500e-01  
4.032500e-01  3.652700e-01  3.259300e-01  3.211600e-01  3.218200e-01  3.186800e-01  
1.873792e+01  1.873788e+01  1.873790e+01  1.873797e+01  1.873821e+01  1.873888e+01  
1.874063e+01  1.874480e+01  1.875455e+01  1.877652e+01  1.882317e+01  1.891205e+01  
1.905069e+01  1.920636e+01  1.930722e+01  1.931994e+01  1.926665e+01  1.914461e+01  
1.893511e+01  1.864701e+01  1.829259e+01  1.787556e+01  1.736070e+01  1.668272e+01  
1.604336e+01  1.533717e+01  1.445303e+01  1.339133e+01  1.246062e+01  1.160894e+01  
1.083207e+01  1.011835e+01  9.462176e+00  8.857023e+00  8.296560e+00  7.773446e+00  
7.278429e+00  6.801707e+00  6.333065e+00  5.855644e+00  5.337833e+00  4.713768e+00  
3.878310e+00  3.326138e+00  2.625022e+00  1.913838e+00  1.019580e+00  7.328300e-01  
4.393700e-01  3.842400e-01  3.256500e-01  3.180400e-01  3.183800e-01  3.155200e-01  
1.884076e+01  1.884073e+01  1.884079e+01  1.884096e+01  1.884147e+01  1.884279e+01  
1.884602e+01  1.885363e+01  1.887108e+01  1.890932e+01  1.898637e+01  1.911921e+01  
1.929392e+01  1.944399e+01  1.950638e+01  1.949013e+01  1.941012e+01  1.924454e+01  
1.899263e+01  1.867188e+01  1.829362e+01  1.785946e+01  1.724095e+01  1.665834e+01  
1.608801e+01  1.544209e+01  1.461709e+01  1.362267e+01  1.274299e+01  1.193579e+01  
1.119727e+01  1.051763e+01  9.891915e+00  9.314307e+00  8.778997e+00  8.278826e+00  
7.804402e+00  7.345770e+00  6.892659e+00  6.427782e+00  5.917812e+00  5.291935e+00  
4.430538e+00  3.844403e+00  3.077695e+00  2.267607e+00  1.188610e+00  8.401800e-01  
4.728700e-01  4.028100e-01  3.274200e-01  3.170500e-01  3.163200e-01  3.137600e-01  
1.893686e+01  1.893690e+01  1.893707e+01  1.893757e+01  1.893886e+01  1.894203e+01  
1.894951e+01  1.896680e+01  1.900522e+01  1.908427e+01  1.922563e+01  1.942264e+01  
1.960934e+01  1.970857e+01  1.972047e+01  1.966685e+01  1.952594e+01  1.929226e+01  
1.898623e+01  1.862449e+01  1.821928e+01  1.764358e+01  1.708582e+01  1.660324e+01  
1.611083e+01  1.553193e+01  1.477680e+01  1.386021e+01  1.304345e+01  1.229431e+01  
1.160958e+01  1.098104e+01  1.040436e+01  9.874093e+00  9.384568e+00  8.928329e+00  
8.494924e+00  8.073673e+00  7.654720e+00  7.220888e+00  6.738034e+00  6.131243e+00  
5.263901e+00  4.649073e+00  3.810025e+00  2.869708e+00  1.484905e+00  1.030910e+00  
5.337200e-01  4.379100e-01  3.337100e-01  3.182300e-01  3.139500e-01  3.118400e-01  
1.898184e+01  1.898199e+01  1.898234e+01  1.898330e+01  1.898571e+01  1.899144e+01  
1.900486e+01  1.903529e+01  1.910040e+01  1.922532e+01  1.942104e+01  1.964277e+01  
1.979930e+01  1.985518e+01  1.983980e+01  1.974493e+01  1.955017e+01  1.927201e+01  
1.893172e+01  1.854715e+01  1.808487e+01  1.746077e+01  1.698392e+01  1.655688e+01  
1.610887e+01  1.556850e+01  1.485176e+01  1.397837e+01  1.319836e+01  1.248512e+01  
1.183547e+01  1.124227e+01  1.070115e+01  1.020693e+01  9.753843e+00  9.333990e+00  
8.935878e+00  8.548158e+00  8.161425e+00  7.759023e+00  7.307022e+00  6.729301e+00  
5.880001e+00  5.259646e+00  4.386850e+00  3.366851e+00  1.755748e+00  1.199390e+00  
5.886400e-01  4.705400e-01  3.416000e-01  3.214200e-01  3.126200e-01  3.108300e-01  
1.900845e+01  1.900874e+01  1.900934e+01  1.901092e+01  1.901474e+01  1.902378e+01  
1.904470e+01  1.909122e+01  1.918680e+01  1.935627e+01  1.958875e+01  1.980570e+01  
1.992510e+01  1.995429e+01  1.991348e+01  1.977622e+01  1.954067e+01  1.923096e+01  
1.886750e+01  1.846885e+01  1.787388e+01  1.733777e+01  1.691159e+01  1.652156e+01  
1.610269e+01  1.558701e+01  1.489468e+01  1.404891e+01  1.329303e+01  1.260426e+01  
1.197910e+01  1.141131e+01  1.089653e+01  1.042978e+01  1.000516e+01  9.614507e+00  
9.245610e+00  8.886561e+00  8.528390e+00  8.155018e+00  7.733095e+00  7.186326e+00  
6.363607e+00  5.747957e+00  4.860645e+00  3.789418e+00  2.008333e+00  1.352250e+00  
6.393300e-01  5.011300e-01  3.500000e-01  3.254600e-01  3.118700e-01  3.102100e-01  
1.903415e+01  1.903463e+01  1.903554e+01  1.903788e+01  1.904344e+01  1.905650e+01  
1.908639e+01  1.915135e+01  1.927913e+01  1.948768e+01  1.973915e+01  1.993563e+01  
2.002448e+01  2.003512e+01  1.996598e+01  1.979101e+01  1.952442e+01  1.919088e+01  
1.881190e+01  1.838995e+01  1.773564e+01  1.725561e+01  1.686600e+01  1.650325e+01  
1.610574e+01  1.560802e+01  1.493321e+01  1.410630e+01  1.336596e+01  1.269208e+01  
1.208159e+01  1.152862e+01  1.102955e+01  1.057983e+01  1.017421e+01  9.805289e+00  
9.461785e+00  9.132459e+00  8.808358e+00  8.472498e+00  8.088085e+00  7.568381e+00  
6.753773e+00  6.139495e+00  5.257551e+00  4.167721e+00  2.242049e+00  1.492062e+00  
6.872000e-01  5.309000e-01  3.585100e-01  3.295700e-01  3.114200e-01  3.097900e-01  
1.905160e+01  1.905259e+01  1.905434e+01  1.905854e+01  1.906852e+01  1.909166e+01  
1.914337e+01  1.925021e+01  1.944069e+01  1.970393e+01  1.995356e+01  2.009927e+01  
2.014938e+01  2.012547e+01  1.999794e+01  1.976509e+01  1.945373e+01  1.908746e+01  
1.869065e+01  1.807922e+01  1.753348e+01  1.712591e+01  1.678739e+01  1.646307e+01  
1.609562e+01  1.562304e+01  1.497262e+01  1.417377e+01  1.345767e+01  1.280795e+01  
1.222183e+01  1.169412e+01  1.122164e+01  1.080034e+01  1.042545e+01  1.008992e+01  
9.782686e+00  9.492813e+00  9.212065e+00  8.924095e+00  8.591893e+00  8.125248e+00  
7.359607e+00  6.767349e+00  5.901012e+00  4.786691e+00  2.662211e+00  1.763338e+00  
7.746700e-01  5.851800e-01  3.753800e-01  3.385700e-01  3.115800e-01  3.092600e-01  
1.906514e+01  1.906685e+01  1.906964e+01  1.907625e+01  1.909187e+01  1.912762e+01  
1.920522e+01  1.935681e+01  1.960033e+01  1.988723e+01  2.010751e+01  2.021321e+01  
2.023872e+01  2.017563e+01  1.999771e+01  1.972393e+01  1.938141e+01  1.899599e+01  
1.855952e+01  1.787433e+01  1.740227e+01  1.704225e+01  1.673846e+01  1.644012e+01  
1.609285e+01  1.563721e+01  1.500328e+01  1.422330e+01  1.352311e+01  1.288921e+01  
1.231845e+01  1.180658e+01  1.135088e+01  1.094761e+01  1.059252e+01  1.027912e+01  
9.996990e+00  9.735867e+00  9.488350e+00  9.238969e+00  8.951206e+00  8.533009e+00  
7.816854e+00  7.249116e+00  6.403892e+00  5.284098e+00  3.030133e+00  2.018005e+00  
8.551200e-01  6.353300e-01  3.916900e-01  3.478200e-01  3.121600e-01  3.089400e-01  
1.910139e+01  1.910564e+01  1.911200e+01  1.912701e+01  1.916169e+01  1.923794e+01  
1.939021e+01  1.964388e+01  1.995934e+01  2.022094e+01  2.036119e+01  2.041320e+01  
2.037660e+01  2.021896e+01  1.995560e+01  1.961641e+01  1.922942e+01  1.881433e+01  
1.809675e+01  1.758950e+01  1.721981e+01  1.693149e+01  1.667913e+01  1.641745e+01  
1.609727e+01  1.566500e+01  1.505739e+01  1.430591e+01  1.362917e+01  1.301749e+01  
1.246818e+01  1.197818e+01  1.154525e+01  1.116663e+01  1.083914e+01  1.055770e+01  
1.031367e+01  1.009881e+01  9.907874e+00  9.727906e+00  9.524917e+00  9.206325e+00  
8.602093e+00  8.094018e+00  7.305814e+00  6.206726e+00  3.789261e+00  2.580353e+00  
1.035670e+00  7.485900e-01  4.297400e-01  3.704100e-01  3.148200e-01  3.084900e-01  
1.907613e+01  1.908400e+01  1.909537e+01  1.912191e+01  1.918183e+01  1.930720e+01  
1.953448e+01  1.985595e+01  2.017296e+01  2.037567e+01  2.047001e+01  2.048248e+01  
2.037791e+01  2.015214e+01  1.983641e+01  1.945960e+01  1.905604e+01  1.840683e+01  
1.780540e+01  1.738530e+01  1.707640e+01  1.683346e+01  1.661594e+01  1.638289e+01  
1.608885e+01  1.568089e+01  1.509389e+01  1.436196e+01  1.369739e+01  1.309522e+01  
1.255426e+01  1.207275e+01  1.164983e+01  1.128331e+01  1.097077e+01  1.070854e+01  
1.049098e+01  1.031140e+01  1.016153e+01  1.002053e+01  9.854058e+00  9.599106e+00  
9.107984e+00  8.662711e+00  7.922056e+00  6.854577e+00  4.401553e+00  3.048923e+00  
1.195410e+00  8.511400e-01  4.645400e-01  3.916500e-01  3.184300e-01  3.082700e-01  
1.908459e+01  1.910288e+01  1.912834e+01  1.918631e+01  1.930953e+01  1.953912e+01  
1.987780e+01  2.023216e+01  2.047609e+01  2.060034e+01  2.063992e+01  2.056100e+01  
2.035101e+01  2.004169e+01  1.966414e+01  1.925577e+01  1.863096e+01  1.796657e+01  
1.751251e+01  1.718820e+01  1.694791e+01  1.675370e+01  1.657033e+01  1.636158e+01  
1.608585e+01  1.569273e+01  1.511971e+01  1.440576e+01  1.375699e+01  1.316875e+01  
1.264034e+01  1.217078e+01  1.175994e+01  1.140697e+01  1.111073e+01  1.086904e+01  
1.067726e+01  1.053026e+01  1.042242e+01  1.033679e+01  1.024400e+01  1.008726e+01  
9.734790e+00  9.380925e+00  8.739251e+00  7.751271e+00  5.303625e+00  3.816231e+00  
1.480882e+00  1.033190e+00  5.269600e-01  4.302600e-01  3.272100e-01  3.080400e-01  
1.909502e+01  1.912786e+01  1.917244e+01  1.927042e+01  1.946484e+01  1.978314e+01  
2.016884e+01  2.048300e+01  2.066124e+01  2.074565e+01  2.072538e+01  2.056558e+01  
2.028880e+01  1.992913e+01  1.952176e+01  1.908066e+01  1.826424e+01  1.772759e+01  
1.735162e+01  1.708272e+01  1.688159e+01  1.671417e+01  1.654861e+01  1.635154e+01  
1.608358e+01  1.569656e+01  1.513038e+01  1.442406e+01  1.378204e+01  1.320082e+01  
1.267982e+01  1.221800e+01  1.181511e+01  1.147097e+01  1.118469e+01  1.095459e+01  
1.077689e+01  1.064753e+01  1.056251e+01  1.050747e+01  1.045775e+01  1.036575e+01  
1.011376e+01  9.828200e+00  9.267591e+00  8.356010e+00  5.969698e+00  4.418393e+00  
1.732279e+00  1.196190e+00  5.826500e-01  4.653500e-01  3.364400e-01  3.079300e-01  
1.910153e+01  1.915292e+01  1.922089e+01  1.936451e+01  1.962824e+01  2.000770e+01  
2.039228e+01  2.065231e+01  2.079086e+01  2.083947e+01  2.075715e+01  2.053701e+01  
2.021412e+01  1.982207e+01  1.940367e+01  1.870687e+01  1.803133e+01  1.757032e+01  
1.724626e+01  1.701448e+01  1.683920e+01  1.668921e+01  1.653521e+01  1.634574e+01  
1.608297e+01  1.569996e+01  1.513762e+01  1.443429e+01  1.379487e+01  1.321731e+01  
1.270093e+01  1.224453e+01  1.184799e+01  1.151066e+01  1.123171e+01  1.100940e+01  
1.084037e+01  1.072137e+01  1.064970e+01  1.061332e+01  1.059191e+01  1.054677e+01  
1.036949e+01  1.013473e+01  9.642492e+00  8.802260e+00  6.488654e+00  4.911674e+00  
1.958719e+00  1.345640e+00  6.340800e-01  4.974200e-01  3.457500e-01  3.078600e-01  
1.910484e+01  1.917858e+01  1.927340e+01  1.946527e+01  1.979006e+01  2.020285e+01  
2.056041e+01  2.077540e+01  2.088756e+01  2.089592e+01  2.075866e+01  2.049327e+01  
2.013640e+01  1.972428e+01  1.929581e+01  1.845296e+01  1.786439e+01  1.745647e+01  
1.717019e+01  1.696520e+01  1.680827e+01  1.667053e+01  1.652452e+01  1.634026e+01  
1.608094e+01  1.570062e+01  1.514117e+01  1.444108e+01  1.380477e+01  1.323032e+01  
1.271709e+01  1.226406e+01  1.187090e+01  1.153749e+01  1.126296e+01  1.104591e+01  
1.088314e+01  1.077186e+01  1.071020e+01  1.068765e+01  1.068650e+01  1.067305e+01  
1.055024e+01  1.035840e+01  9.925370e+00  9.148037e+00  6.908527e+00  5.325854e+00  
2.184750e+00  1.484651e+00  6.820200e-01  5.273800e-01  3.550000e-01  3.078200e-01  
1.910738e+01  1.923633e+01  1.939204e+01  1.967802e+01  2.008931e+01  2.050672e+01  
2.079228e+01  2.095104e+01  2.101520e+01  2.094034e+01  2.071953e+01  2.039218e+01  
1.998838e+01  1.956108e+01  1.882676e+01  1.811829e+01  1.763657e+01  1.730135e+01  
1.706713e+01  1.689852e+01  1.676624e+01  1.664488e+01  1.650968e+01  1.633264e+01  
1.607840e+01  1.570201e+01  1.514627e+01  1.445054e+01  1.381825e+01  1.324774e+01  
1.273849e+01  1.228994e+01  1.190195e+01  1.157412e+01  1.130491e+01  1.109307e+01  
1.093721e+01  1.083615e+01  1.078876e+01  1.078495e+01  1.080975e+01  1.083932e+01  
1.079256e+01  1.066049e+01  1.031843e+01  9.655900e+00  7.573007e+00  5.983857e+00  
2.620568e+00  1.739009e+00  7.708300e-01  5.819300e-01  3.736900e-01  3.077600e-01  
1.910746e+01  1.930372e+01  1.950539e+01  1.988786e+01  2.034132e+01  2.072083e+01  
2.094834e+01  2.105727e+01  2.108530e+01  2.094994e+01  2.065790e+01  2.028482e+01  
1.985852e+01  1.941092e+01  1.849797e+01  1.789954e+01  1.748598e+01  1.719942e+01  
1.699974e+01  1.685487e+01  1.673852e+01  1.662773e+01  1.649960e+01  1.632751e+01  
1.607703e+01  1.570373e+01  1.515069e+01  1.445759e+01  1.382745e+01  1.325932e+01  
1.275237e+01  1.230628e+01  1.192100e+01  1.159621e+01  1.133041e+01  1.112251e+01  
1.097156e+01  1.087690e+01  1.083780e+01  1.084511e+01  1.088588e+01  1.094141e+01  
1.094554e+01  1.085943e+01  1.058773e+01  1.000843e+01  8.056975e+00  6.507922e+00  
3.000173e+00  1.965678e+00  8.519600e-01  6.327200e-01  3.908700e-01  3.077300e-01  
