3.644132e+00  3.644133e+00  3.644134e+00  3.644136e+00  3.644138e+00  3.644141e+00  
3.644146e+00  3.644155e+00  3.644168e+00  3.644188e+00  3.644221e+00  3.644274e+00  
3.644357e+00  3.644488e+00  3.644696e+00  3.645026e+00  3.645549e+00  3.646377e+00  
3.647691e+00  3.649773e+00  3.653072e+00  3.658296e+00  3.666554e+00  3.679557e+00  
3.699815e+00  3.730540e+00  3.775397e+00  3.829409e+00  3.875304e+00  3.913288e+00  
3.944125e+00  3.969486e+00  3.991633e+00  4.011252e+00  4.028635e+00  4.044840e+00  
4.061480e+00  4.079740e+00  4.098790e+00  4.116350e+00  4.130420e+00  4.142410e+00  
4.153720e+00  4.158660e+00  4.162560e+00  4.164650e+00  4.166730e+00  4.167140e+00  
4.167360e+00  4.167380e+00  4.167410e+00  4.167410e+00  4.167430e+00  4.167430e+00  
4.331659e+00  4.331660e+00  4.331661e+00  4.331663e+00  4.331665e+00  4.331668e+00  
4.331673e+00  4.331682e+00  4.331695e+00  4.331716e+00  4.331750e+00  4.331803e+00  
4.331887e+00  4.332021e+00  4.332232e+00  4.332568e+00  4.333100e+00  4.333943e+00  
4.335279e+00  4.337397e+00  4.340753e+00  4.346065e+00  4.354458e+00  4.367638e+00  
4.388026e+00  4.418365e+00  4.460993e+00  4.509264e+00  4.546371e+00  4.572700e+00  
4.589504e+00  4.599107e+00  4.604644e+00  4.606980e+00  4.606456e+00  4.604130e+00  
4.601550e+00  4.599870e+00  4.598460e+00  4.595590e+00  4.590000e+00  4.583540e+00  
4.578550e+00  4.576560e+00  4.574130e+00  4.571220e+00  4.566310e+00  4.564990e+00  
4.563940e+00  4.563800e+00  4.563690e+00  4.563690e+00  4.563670e+00  4.563640e+00  
4.843440e+00  4.843442e+00  4.843442e+00  4.843444e+00  4.843446e+00  4.843450e+00  
4.843455e+00  4.843464e+00  4.843479e+00  4.843501e+00  4.843537e+00  4.843594e+00  
4.843684e+00  4.843826e+00  4.844052e+00  4.844410e+00  4.844977e+00  4.845876e+00  
4.847301e+00  4.849559e+00  4.853139e+00  4.858804e+00  4.867744e+00  4.881744e+00  
4.903234e+00  4.934538e+00  4.976565e+00  5.020433e+00  5.049046e+00  5.063281e+00  
5.065026e+00  5.057797e+00  5.046136e+00  5.031321e+00  5.013741e+00  4.994680e+00  
4.975710e+00  4.958050e+00  4.941130e+00  4.923240e+00  4.903220e+00  4.883150e+00  
4.865760e+00  4.858110e+00  4.849980e+00  4.842470e+00  4.833230e+00  4.830870e+00  
4.828990e+00  4.828740e+00  4.828530e+00  4.828530e+00  4.828500e+00  4.828470e+00  
5.581902e+00  5.581904e+00  5.581905e+00  5.581907e+00  5.581910e+00  5.581915e+00  
5.581922e+00  5.581935e+00  5.581953e+00  5.581984e+00  5.582031e+00  5.582106e+00  
5.582226e+00  5.582415e+00  5.582716e+00  5.583192e+00  5.583948e+00  5.585145e+00  
5.587044e+00  5.590053e+00  5.594820e+00  5.602351e+00  5.614188e+00  5.632513e+00  
5.659770e+00  5.696012e+00  5.735229e+00  5.761269e+00  5.762709e+00  5.748509e+00  
5.721974e+00  5.686510e+00  5.646429e+00  5.603219e+00  5.557761e+00  5.511610e+00  
5.465700e+00  5.420910e+00  5.377710e+00  5.336660e+00  5.298030e+00  5.260830e+00  
5.224820e+00  5.207870e+00  5.190890e+00  5.177010e+00  5.161990e+00  5.158290e+00  
5.155300e+00  5.154910e+00  5.154620e+00  5.154580e+00  5.154540e+00  5.154520e+00  
6.115771e+00  6.115773e+00  6.115775e+00  6.115777e+00  6.115780e+00  6.115784e+00  
6.115792e+00  6.115806e+00  6.115827e+00  6.115860e+00  6.115912e+00  6.115995e+00  
6.116127e+00  6.116336e+00  6.116666e+00  6.117191e+00  6.118023e+00  6.119342e+00  
6.121432e+00  6.124747e+00  6.129998e+00  6.138292e+00  6.151300e+00  6.171323e+00  
6.200621e+00  6.237583e+00  6.271520e+00  6.281413e+00  6.259521e+00  6.218746e+00  
6.164131e+00  6.100766e+00  6.034747e+00  5.967404e+00  5.898522e+00  5.829340e+00  
5.761960e+00  5.698080e+00  5.638020e+00  5.581390e+00  5.527770e+00  5.476840e+00  
5.428450e+00  5.405240e+00  5.382120e+00  5.363740e+00  5.344880e+00  5.340230e+00  
5.336500e+00  5.336010e+00  5.335650e+00  5.335600e+00  5.335560e+00  5.335550e+00  
6.530670e+00  6.530672e+00  6.530674e+00  6.530676e+00  6.530679e+00  6.530685e+00  
6.530694e+00  6.530707e+00  6.530729e+00  6.530764e+00  6.530818e+00  6.530905e+00  
6.531041e+00  6.531259e+00  6.531604e+00  6.532149e+00  6.533016e+00  6.534390e+00  
6.536569e+00  6.540025e+00  6.545500e+00  6.554144e+00  6.567678e+00  6.588395e+00  
6.618214e+00  6.653806e+00  6.680064e+00  6.672166e+00  6.626931e+00  6.560845e+00  
6.480436e+00  6.392084e+00  6.303199e+00  6.214980e+00  6.126483e+00  6.038670e+00  
5.954180e+00  5.875140e+00  5.801660e+00  5.732650e+00  5.667210e+00  5.605550e+00  
5.547670e+00  5.519840e+00  5.492270e+00  5.470600e+00  5.448820e+00  5.443450e+00  
5.439150e+00  5.438600e+00  5.438190e+00  5.438120e+00  5.438080e+00  5.438090e+00  
6.868317e+00  6.868319e+00  6.868321e+00  6.868323e+00  6.868326e+00  6.868332e+00  
6.868340e+00  6.868354e+00  6.868376e+00  6.868411e+00  6.868465e+00  6.868552e+00  
6.868689e+00  6.868907e+00  6.869252e+00  6.869799e+00  6.870668e+00  6.872045e+00  
6.874230e+00  6.877697e+00  6.883190e+00  6.891863e+00  6.905415e+00  6.926033e+00  
6.955190e+00  6.987819e+00  7.004687e+00  6.977994e+00  6.909745e+00  6.819767e+00  
6.715781e+00  6.605054e+00  6.495887e+00  6.389419e+00  6.284186e+00  6.180890e+00  
6.082400e+00  5.990820e+00  5.906140e+00  5.826820e+00  5.751600e+00  5.681110e+00  
5.615580e+00  5.584220e+00  5.553260e+00  5.529100e+00  5.504980e+00  5.499020e+00  
5.494260e+00  5.493640e+00  5.493190e+00  5.493120e+00  5.493090e+00  5.493080e+00  
7.395314e+00  7.395316e+00  7.395317e+00  7.395320e+00  7.395323e+00  7.395328e+00  
7.395336e+00  7.395348e+00  7.395369e+00  7.395400e+00  7.395451e+00  7.395531e+00  
7.395657e+00  7.395859e+00  7.396177e+00  7.396683e+00  7.397486e+00  7.398761e+00  
7.400786e+00  7.404001e+00  7.409100e+00  7.417145e+00  7.429660e+00  7.448417e+00  
7.473758e+00  7.497175e+00  7.491898e+00  7.426150e+00  7.313637e+00  7.179999e+00  
7.034630e+00  6.885662e+00  6.742057e+00  6.604925e+00  6.472525e+00  6.344990e+00  
6.224830e+00  6.113450e+00  6.010680e+00  5.914610e+00  5.823770e+00  5.739230e+00  
5.661810e+00  5.625420e+00  5.589790e+00  5.562110e+00  5.534270e+00  5.527420e+00  
5.521970e+00  5.521270e+00  5.520740e+00  5.520660e+00  5.520610e+00  5.520590e+00  
7.796726e+00  7.796728e+00  7.796729e+00  7.796731e+00  7.796733e+00  7.796738e+00  
7.796744e+00  7.796755e+00  7.796772e+00  7.796799e+00  7.796842e+00  7.796909e+00  
7.797017e+00  7.797187e+00  7.797458e+00  7.797888e+00  7.798570e+00  7.799656e+00  
7.801383e+00  7.804130e+00  7.808494e+00  7.815373e+00  7.826001e+00  7.841582e+00  
7.861167e+00  7.872946e+00  7.843525e+00  7.739021e+00  7.585325e+00  7.413069e+00  
7.232549e+00  7.052000e+00  6.880259e+00  6.718238e+00  6.564335e+00  6.418170e+00  
6.281530e+00  6.154720e+00  6.037540e+00  5.928010e+00  5.824720e+00  5.729040e+00  
5.642430e+00  5.602380e+00  5.563450e+00  5.533300e+00  5.502720e+00  5.495210e+00  
5.489230e+00  5.488440e+00  5.487860e+00  5.487780e+00  5.487730e+00  5.487710e+00  
8.503389e+00  8.503390e+00  8.503390e+00  8.503391e+00  8.503392e+00  8.503394e+00  
8.503396e+00  8.503400e+00  8.503407e+00  8.503419e+00  8.503437e+00  8.503464e+00  
8.503508e+00  8.503579e+00  8.503691e+00  8.503873e+00  8.504162e+00  8.504630e+00  
8.505386e+00  8.506608e+00  8.508569e+00  8.511645e+00  8.516163e+00  8.521657e+00  
8.523897e+00  8.503870e+00  8.414801e+00  8.221625e+00  7.979504e+00  7.728158e+00  
7.478714e+00  7.238177e+00  7.013907e+00  6.805483e+00  6.611935e+00  6.431126e+00  
6.263710e+00  6.108140e+00  5.963900e+00  5.828720e+00  5.701280e+00  5.584070e+00  
5.479780e+00  5.432320e+00  5.386780e+00  5.352050e+00  5.317230e+00  5.308710e+00  
5.301930e+00  5.301050e+00  5.300390e+00  5.300300e+00  5.300230e+00  5.300210e+00  
9.246564e+00  9.246558e+00  9.246554e+00  9.246549e+00  9.246540e+00  9.246526e+00  
9.246504e+00  9.246468e+00  9.246412e+00  9.246324e+00  9.246183e+00  9.245961e+00  
9.245609e+00  9.245051e+00  9.244169e+00  9.242774e+00  9.240569e+00  9.237087e+00  
9.231596e+00  9.222941e+00  9.209295e+00  9.187744e+00  9.153567e+00  9.099083e+00  
9.012107e+00  8.874345e+00  8.658739e+00  8.372785e+00  8.093798e+00  7.822223e+00  
7.558493e+00  7.302943e+00  7.055880e+00  6.817403e+00  6.590042e+00  6.373533e+00  
6.169990e+00  5.979100e+00  5.802120e+00  5.640830e+00  5.496540e+00  5.367290e+00  
5.255860e+00  5.212750e+00  5.182940e+00  5.163250e+00  5.091460e+00  5.056710e+00  
5.065690e+00  5.071740e+00  5.069020e+00  5.067110e+00  5.070570e+00  5.068320e+00  
9.621957e+00  9.621954e+00  9.621953e+00  9.621949e+00  9.621945e+00  9.621939e+00  
9.621930e+00  9.621914e+00  9.621890e+00  9.621850e+00  9.621788e+00  9.621690e+00  
9.621535e+00  9.621291e+00  9.620907e+00  9.620305e+00  9.619365e+00  9.617900e+00  
9.615626e+00  9.612100e+00  9.606594e+00  9.597816e+00  9.583216e+00  9.557412e+00  
9.508038e+00  9.401523e+00  9.166939e+00  8.777470e+00  8.355670e+00  7.953365e+00  
7.580031e+00  7.237544e+00  6.925456e+00  6.641130e+00  6.378967e+00  6.133056e+00  
5.906070e+00  5.697690e+00  5.505000e+00  5.322790e+00  5.148430e+00  4.988870e+00  
4.847900e+00  4.781910e+00  4.719720e+00  4.675280e+00  4.636550e+00  4.627150e+00  
4.619790e+00  4.618880e+00  4.618180e+00  4.618060e+00  4.618010e+00  4.618040e+00  
1.004123e+01  1.004122e+01  1.004122e+01  1.004122e+01  1.004121e+01  1.004120e+01  
1.004118e+01  1.004115e+01  1.004111e+01  1.004104e+01  1.004093e+01  1.004076e+01  
1.004049e+01  1.004006e+01  1.003938e+01  1.003832e+01  1.003665e+01  1.003406e+01  
1.003003e+01  1.002375e+01  1.001391e+01  9.998191e+00  9.972279e+00  9.928003e+00  
9.849020e+00  9.695579e+00  9.387882e+00  8.907475e+00  8.408586e+00  7.944787e+00  
7.522921e+00  7.141365e+00  6.795979e+00  6.482031e+00  6.192757e+00  5.920160e+00  
5.667630e+00  5.436500e+00  5.222440e+00  5.019600e+00  4.824820e+00  4.644910e+00  
4.483570e+00  4.407900e+00  4.337700e+00  4.289060e+00  4.248600e+00  4.239070e+00  
4.231700e+00  4.230810e+00  4.230100e+00  4.229980e+00  4.229940e+00  4.229980e+00  
1.034375e+01  1.034374e+01  1.034374e+01  1.034373e+01  1.034372e+01  1.034371e+01  
1.034368e+01  1.034365e+01  1.034359e+01  1.034349e+01  1.034334e+01  1.034310e+01  
1.034273e+01  1.034212e+01  1.034119e+01  1.033972e+01  1.033741e+01  1.033383e+01  
1.032825e+01  1.031956e+01  1.030590e+01  1.028401e+01  1.024794e+01  1.018714e+01  
1.008210e+01  9.888385e+00  9.520594e+00  8.969131e+00  8.412732e+00  7.904459e+00  
7.448105e+00  7.038231e+00  6.668610e+00  6.332776e+00  6.023615e+00  5.731806e+00  
5.460226e+00  5.211440e+00  4.980190e+00  4.761040e+00  4.550760e+00  4.354030e+00  
4.174420e+00  4.090950e+00  4.014820e+00  3.963240e+00  3.920900e+00  3.911320e+00  
3.904000e+00  3.903100e+00  3.902410e+00  3.902310e+00  3.902260e+00  3.902270e+00  
1.074758e+01  1.074757e+01  1.074756e+01  1.074755e+01  1.074753e+01  1.074750e+01  
1.074745e+01  1.074737e+01  1.074725e+01  1.074705e+01  1.074674e+01  1.074625e+01  
1.074548e+01  1.074426e+01  1.074234e+01  1.073932e+01  1.073456e+01  1.072711e+01  
1.071544e+01  1.069713e+01  1.066826e+01  1.062219e+01  1.054792e+01  1.042829e+01  
1.023835e+01  9.942528e+00  9.490936e+00  8.912942e+00  8.373709e+00  7.872379e+00  
7.406976e+00  6.974739e+00  6.574537e+00  6.206279e+00  5.869923e+00  5.559124e+00  
5.271179e+00  5.006310e+00  4.761040e+00  4.534660e+00  4.324360e+00  4.119760e+00  
3.914730e+00  3.818080e+00  3.736240e+00  3.686610e+00  3.642050e+00  3.633010e+00  
3.625200e+00  3.624270e+00  3.623620e+00  3.623460e+00  3.623590e+00  3.623470e+00  
1.105920e+01  1.105918e+01  1.105918e+01  1.105916e+01  1.105914e+01  1.105910e+01  
1.105904e+01  1.105894e+01  1.105880e+01  1.105857e+01  1.105821e+01  1.105764e+01  
1.105674e+01  1.105531e+01  1.105308e+01  1.104956e+01  1.104405e+01  1.103545e+01  
1.102201e+01  1.100095e+01  1.096759e+01  1.091392e+01  1.082680e+01  1.068643e+01  
1.046413e+01  1.011890e+01  9.595664e+00  8.933781e+00  8.324408e+00  7.765083e+00  
7.252339e+00  6.781304e+00  6.349896e+00  5.959024e+00  5.604169e+00  5.277597e+00  
4.973729e+00  4.692000e+00  4.428900e+00  4.182240e+00  3.949050e+00  3.720040e+00  
3.491070e+00  3.383710e+00  3.294050e+00  3.240720e+00  3.191870e+00  3.181490e+00  
3.173600e+00  3.172760e+00  3.172060e+00  3.171910e+00  3.171940e+00  3.171820e+00  
1.126968e+01  1.126966e+01  1.126965e+01  1.126964e+01  1.126961e+01  1.126957e+01  
1.126951e+01  1.126941e+01  1.126924e+01  1.126898e+01  1.126858e+01  1.126795e+01  
1.126695e+01  1.126537e+01  1.126288e+01  1.125900e+01  1.125294e+01  1.124351e+01  
1.122881e+01  1.120574e+01  1.116899e+01  1.110935e+01  1.101203e+01  1.085544e+01  
1.060767e+01  1.022340e+01  9.644355e+00  8.918504e+00  8.256997e+00  7.654993e+00  
7.107578e+00  6.609638e+00  6.157356e+00  5.751500e+00  5.384815e+00  5.048158e+00  
4.734029e+00  4.440610e+00  4.165750e+00  3.905540e+00  3.656900e+00  3.411370e+00  
3.165920e+00  3.050570e+00  2.953670e+00  2.895060e+00  2.841190e+00  2.829820e+00  
2.821280e+00  2.820370e+00  2.819610e+00  2.819470e+00  2.819420e+00  2.819330e+00  
1.159684e+01  1.159682e+01  1.159681e+01  1.159679e+01  1.159676e+01  1.159671e+01  
1.159663e+01  1.159651e+01  1.159630e+01  1.159599e+01  1.159551e+01  1.159473e+01  
1.159353e+01  1.159162e+01  1.158866e+01  1.158406e+01  1.157693e+01  1.156590e+01  
1.154875e+01  1.152162e+01  1.147751e+01  1.140459e+01  1.128539e+01  1.109437e+01  
1.079213e+01  1.032701e+01  9.640514e+00  8.800255e+00  8.054427e+00  7.390325e+00  
6.796375e+00  6.265433e+00  5.791444e+00  5.367981e+00  4.985581e+00  4.632887e+00  
4.299207e+00  3.980219e+00  3.679460e+00  3.394900e+00  3.125420e+00  2.863960e+00  
2.606630e+00  2.482840e+00  2.368520e+00  2.289370e+00  2.225530e+00  2.211890e+00  
2.201310e+00  2.200110e+00  2.199100e+00  2.198960e+00  2.198870e+00  2.198820e+00  
1.183914e+01  1.183912e+01  1.183910e+01  1.183908e+01  1.183904e+01  1.183899e+01  
1.183890e+01  1.183876e+01  1.183852e+01  1.183816e+01  1.183760e+01  1.183671e+01  
1.183532e+01  1.183314e+01  1.182977e+01  1.182456e+01  1.181655e+01  1.180422e+01  
1.178499e+01  1.175405e+01  1.170268e+01  1.161711e+01  1.147794e+01  1.125511e+01  
1.090261e+01  1.036647e+01  9.593602e+00  8.669257e+00  7.867355e+00  7.168619e+00  
6.554566e+00  6.010036e+00  5.525941e+00  5.092048e+00  4.697918e+00  4.333441e+00  
3.988655e+00  3.659123e+00  3.349096e+00  3.058990e+00  2.784540e+00  2.517020e+00  
2.250080e+00  2.118760e+00  1.993430e+00  1.903020e+00  1.831250e+00  1.815490e+00  
1.802830e+00  1.801380e+00  1.800190e+00  1.799990e+00  1.799920e+00  1.799910e+00  
1.218826e+01  1.218823e+01  1.218822e+01  1.218819e+01  1.218815e+01  1.218808e+01  
1.218796e+01  1.218780e+01  1.218753e+01  1.218711e+01  1.218644e+01  1.218542e+01  
1.218381e+01  1.218133e+01  1.217754e+01  1.217177e+01  1.216302e+01  1.214956e+01  
1.212805e+01  1.209188e+01  1.202994e+01  1.192710e+01  1.176091e+01  1.149299e+01  
1.106955e+01  1.043760e+01  9.551602e+00  8.518069e+00  7.641807e+00  6.894938e+00  
6.255616e+00  5.696899e+00  5.199126e+00  4.751333e+00  4.342917e+00  3.964823e+00  
3.608254e+00  3.268731e+00  2.949008e+00  2.653530e+00  2.376300e+00  2.104960e+00  
1.831510e+00  1.695210e+00  1.562960e+00  1.464120e+00  1.379690e+00  1.360200e+00  
1.344580e+00  1.342750e+00  1.341230e+00  1.341000e+00  1.340890e+00  1.340900e+00  
1.247163e+01  1.247160e+01  1.247158e+01  1.247155e+01  1.247150e+01  1.247142e+01  
1.247130e+01  1.247112e+01  1.247083e+01  1.247036e+01  1.246964e+01  1.246851e+01  
1.246680e+01  1.246416e+01  1.246021e+01  1.245429e+01  1.244539e+01  1.243152e+01  
1.240840e+01  1.236771e+01  1.229747e+01  1.218222e+01  1.199523e+01  1.169190e+01  
1.121659e+01  1.052175e+01  9.570518e+00  8.478553e+00  7.565315e+00  6.786933e+00  
6.123787e+00  5.548554e+00  5.037080e+00  4.576082e+00  4.154233e+00  3.763203e+00  
3.398142e+00  3.055821e+00  2.735195e+00  2.435893e+00  2.154490e+00  1.879680e+00  
1.605350e+00  1.468300e+00  1.334180e+00  1.231290e+00  1.136940e+00  1.114930e+00  
1.097290e+00  1.094880e+00  1.093200e+00  1.093030e+00  1.092780e+00  1.092790e+00  
1.274167e+01  1.274164e+01  1.274161e+01  1.274158e+01  1.274153e+01  1.274145e+01  
1.274132e+01  1.274112e+01  1.274081e+01  1.274032e+01  1.273956e+01  1.273839e+01  
1.273662e+01  1.273396e+01  1.273002e+01  1.272425e+01  1.271558e+01  1.270171e+01  
1.267720e+01  1.263263e+01  1.255622e+01  1.243169e+01  1.222765e+01  1.189590e+01  
1.138162e+01  1.064015e+01  9.639196e+00  8.498777e+00  7.556949e+00  6.758641e+00  
6.079997e+00  5.491255e+00  4.964764e+00  4.488558e+00  4.055803e+00  3.659202e+00  
3.289879e+00  2.942121e+00  2.615202e+00  2.309594e+00  2.025100e+00  1.750180e+00  
1.474360e+00  1.335020e+00  1.197830e+00  1.091140e+00  9.895500e-01  9.649400e-01  
9.453800e-01  9.428600e-01  9.409900e-01  9.407300e-01  9.405700e-01  9.404600e-01  
1.298202e+01  1.298199e+01  1.298196e+01  1.298193e+01  1.298188e+01  1.298179e+01  
1.298166e+01  1.298146e+01  1.298113e+01  1.298063e+01  1.297986e+01  1.297868e+01  
1.297691e+01  1.297432e+01  1.297056e+01  1.296516e+01  1.295704e+01  1.294336e+01  
1.291763e+01  1.286997e+01  1.278940e+01  1.265778e+01  1.243983e+01  1.208618e+01  
1.154382e+01  1.076935e+01  9.733586e+00  8.556440e+00  7.591388e+00  6.777240e+00  
6.084415e+00  5.482453e+00  4.943612e+00  4.456172e+00  4.014382e+00  3.611159e+00  
3.236445e+00  2.883607e+00  2.551598e+00  2.240477e+00  1.950423e+00  1.673240e+00  
1.395180e+00  1.254040e+00  1.113400e+00  1.002020e+00  8.936800e-01  8.670800e-01  
8.458300e-01  8.430900e-01  8.410600e-01  8.407800e-01  8.405900e-01  8.404400e-01  
1.338496e+01  1.338492e+01  1.338490e+01  1.338487e+01  1.338482e+01  1.338472e+01  
1.338459e+01  1.338438e+01  1.338404e+01  1.338354e+01  1.338278e+01  1.338165e+01  
1.338003e+01  1.337778e+01  1.337476e+01  1.337061e+01  1.336404e+01  1.335091e+01  
1.332316e+01  1.327186e+01  1.318677e+01  1.304470e+01  1.280582e+01  1.242336e+01  
1.184623e+01  1.103031e+01  9.949000e+00  8.719454e+00  7.717728e+00  6.880601e+00  
6.167437e+00  5.545752e+00  4.988656e+00  4.484955e+00  4.028744e+00  3.612793e+00  
3.226985e+00  2.864278e+00  2.522657e+00  2.200580e+00  1.897016e+00  1.609490e+00  
1.323450e+00  1.177120e+00  1.028480e+00  9.075500e-01  7.859600e-01  7.554200e-01  
7.308700e-01  7.276800e-01  7.253200e-01  7.250000e-01  7.247800e-01  7.246400e-01  
1.370706e+01  1.370702e+01  1.370700e+01  1.370696e+01  1.370690e+01  1.370682e+01  
1.370669e+01  1.370647e+01  1.370615e+01  1.370567e+01  1.370496e+01  1.370395e+01  
1.370260e+01  1.370091e+01  1.369895e+01  1.369646e+01  1.369161e+01  1.367884e+01  
1.364974e+01  1.359737e+01  1.351007e+01  1.335983e+01  1.310660e+01  1.270823e+01  
1.211274e+01  1.127446e+01  1.016622e+01  8.903525e+00  7.877753e+00  7.023641e+00  
6.296119e+00  5.661103e+00  5.092487e+00  4.578451e+00  4.111538e+00  3.684091e+00  
3.287482e+00  2.915266e+00  2.564269e+00  2.231066e+00  1.913209e+00  1.610006e+00  
1.312270e+00  1.159190e+00  1.001350e+00  8.702200e-01  7.347400e-01  7.001300e-01  
6.722200e-01  6.685800e-01  6.658800e-01  6.655100e-01  6.652600e-01  6.651900e-01  
1.427885e+01  1.427881e+01  1.427879e+01  1.427875e+01  1.427870e+01  1.427862e+01  
1.427850e+01  1.427831e+01  1.427804e+01  1.427767e+01  1.427721e+01  1.427672e+01  
1.427645e+01  1.427685e+01  1.427843e+01  1.428064e+01  1.427938e+01  1.426700e+01  
1.423856e+01  1.418881e+01  1.409787e+01  1.393326e+01  1.366472e+01  1.325577e+01  
1.265160e+01  1.180088e+01  1.065716e+01  9.338741e+00  8.276754e+00  7.393825e+00  
6.646804e+00  5.996289e+00  5.413214e+00  4.884443e+00  4.401476e+00  3.955740e+00  
3.538101e+00  3.142080e+00  2.765272e+00  2.405249e+00  2.058314e+00  1.718300e+00  
1.380950e+00  1.206730e+00  1.021550e+00  8.621900e-01  6.912700e-01  6.463100e-01  
6.103500e-01  6.059400e-01  6.022100e-01  6.017600e-01  6.013600e-01  6.014000e-01  
1.467434e+01  1.467430e+01  1.467428e+01  1.467425e+01  1.467420e+01  1.467412e+01  
1.467401e+01  1.467384e+01  1.467364e+01  1.467341e+01  1.467327e+01  1.467346e+01  
1.467456e+01  1.467748e+01  1.468286e+01  1.468886e+01  1.468888e+01  1.467665e+01  
1.465081e+01  1.460100e+01  1.450047e+01  1.432134e+01  1.404111e+01  1.362210e+01  
1.301212e+01  1.216289e+01  1.101528e+01  9.699120e+00  8.642781e+00  7.752310e+00  
6.992028e+00  6.326542e+00  5.729740e+00  5.188511e+00  4.693723e+00  4.236111e+00  
3.805459e+00  3.394451e+00  3.000296e+00  2.619926e+00  2.248394e+00  1.876943e+00  
1.497099e+00  1.299290e+00  1.083330e+00  8.931400e-01  6.871200e-01  6.326800e-01  
5.887200e-01  5.833100e-01  5.788800e-01  5.783300e-01  5.778000e-01  5.775900e-01  
1.504085e+01  1.504081e+01  1.504080e+01  1.504077e+01  1.504073e+01  1.504067e+01  
1.504060e+01  1.504054e+01  1.504054e+01  1.504076e+01  1.504156e+01  1.504371e+01  
1.504854e+01  1.505761e+01  1.507043e+01  1.508125e+01  1.508330e+01  1.507731e+01  
1.505855e+01  1.500440e+01  1.488980e+01  1.470282e+01  1.442351e+01  1.401857e+01  
1.344465e+01  1.264923e+01  1.157101e+01  1.032090e+01  9.277538e+00  8.366524e+00  
7.568718e+00  6.864848e+00  6.241236e+00  5.684807e+00  5.183038e+00  4.722620e+00  
4.288244e+00  3.868517e+00  3.458950e+00  3.053953e+00  2.644497e+00  2.214759e+00  
1.748214e+00  1.497242e+00  1.228760e+00  9.888900e-01  7.102500e-01  6.297000e-01  
5.719200e-01  5.660300e-01  5.604500e-01  5.594100e-01  5.590500e-01  5.570300e-01  
1.534124e+01  1.534120e+01  1.534118e+01  1.534116e+01  1.534112e+01  1.534109e+01  
1.534107e+01  1.534112e+01  1.534137e+01  1.534214e+01  1.534415e+01  1.534872e+01  
1.535787e+01  1.537292e+01  1.539058e+01  1.540287e+01  1.540812e+01  1.540810e+01  
1.538772e+01  1.531947e+01  1.518998e+01  1.499087e+01  1.470099e+01  1.429191e+01  
1.372158e+01  1.292232e+01  1.189523e+01  1.069881e+01  9.683575e+00  8.790267e+00  
8.001726e+00  7.301031e+00  6.676098e+00  6.115165e+00  5.606803e+00  5.138537e+00  
4.695593e+00  4.266458e+00  3.845544e+00  3.425294e+00  2.993040e+00  2.525575e+00  
1.995852e+00  1.698921e+00  1.374590e+00  1.083720e+00  7.405800e-01  6.398900e-01  
5.656200e-01  5.578600e-01  5.515200e-01  5.504200e-01  5.493900e-01  5.461600e-01  
1.552783e+01  1.552779e+01  1.552778e+01  1.552777e+01  1.552774e+01  1.552773e+01  
1.552777e+01  1.552797e+01  1.552854e+01  1.553002e+01  1.553352e+01  1.554098e+01  
1.555483e+01  1.557513e+01  1.559554e+01  1.560937e+01  1.561997e+01  1.562373e+01  
1.559675e+01  1.551576e+01  1.537656e+01  1.516882e+01  1.487406e+01  1.446739e+01  
1.390263e+01  1.311509e+01  1.212327e+01  1.097395e+01  9.986808e+00  9.112775e+00  
8.336951e+00  7.643905e+00  7.022685e+00  6.462584e+00  5.953007e+00  5.482126e+00  
5.035650e+00  4.601950e+00  4.174661e+00  3.744677e+00  3.296464e+00  2.800746e+00  
2.221224e+00  1.886764e+00  1.511782e+00  1.175750e+00  7.739400e-01  6.542800e-01  
5.625800e-01  5.525600e-01  5.453500e-01  5.442800e-01  5.426000e-01  5.387500e-01  
1.565144e+01  1.565141e+01  1.565139e+01  1.565138e+01  1.565137e+01  1.565140e+01  
1.565152e+01  1.565188e+01  1.565283e+01  1.565516e+01  1.566041e+01  1.567109e+01  
1.568960e+01  1.571395e+01  1.573580e+01  1.575229e+01  1.576825e+01  1.577227e+01  
1.573573e+01  1.564415e+01  1.549627e+01  1.528029e+01  1.498142e+01  1.457629e+01  
1.400401e+01  1.324885e+01  1.229300e+01  1.118251e+01  1.022203e+01  9.367178e+00  
8.605190e+00  7.921693e+00  7.306742e+00  6.750360e+00  6.242623e+00  5.772200e+00  
5.325154e+00  4.889804e+00  4.459171e+00  4.023003e+00  3.563386e+00  3.046075e+00  
2.426631e+00  2.060988e+00  1.643090e+00  1.264170e+00  8.083100e-01  6.706800e-01  
5.614000e-01  5.489000e-01  5.405900e-01  5.395500e-01  5.373400e-01  5.332100e-01  
1.579577e+01  1.579574e+01  1.579572e+01  1.579572e+01  1.579575e+01  1.579586e+01  
1.579616e+01  1.579695e+01  1.579888e+01  1.580330e+01  1.581268e+01  1.583030e+01  
1.585699e+01  1.588614e+01  1.591040e+01  1.593494e+01  1.595785e+01  1.595369e+01  
1.589779e+01  1.578990e+01  1.562573e+01  1.539604e+01  1.509097e+01  1.468475e+01  
1.410779e+01  1.341662e+01  1.252789e+01  1.147893e+01  1.056527e+01  9.745810e+00  
9.011024e+00  8.348119e+00  7.748599e+00  7.203577e+00  6.704046e+00  6.239419e+00  
5.796238e+00  5.362702e+00  4.931012e+00  4.489232e+00  4.015918e+00  3.469066e+00  
2.790377e+00  2.375988e+00  1.887633e+00  1.431044e+00  8.773200e-01  7.062200e-01  
5.625500e-01  5.448000e-01  5.336000e-01  5.325400e-01  5.296200e-01  5.254200e-01  
1.587131e+01  1.587128e+01  1.587129e+01  1.587130e+01  1.587136e+01  1.587157e+01  
1.587211e+01  1.587346e+01  1.587661e+01  1.588359e+01  1.589771e+01  1.592223e+01  
1.595489e+01  1.598626e+01  1.601489e+01  1.604766e+01  1.607103e+01  1.605308e+01  
1.598190e+01  1.586045e+01  1.568219e+01  1.544265e+01  1.513360e+01  1.470618e+01  
1.415986e+01  1.351532e+01  1.267984e+01  1.167951e+01  1.080415e+01  1.001513e+01  
9.304887e+00  8.661815e+00  8.078405e+00  7.546501e+00  7.057735e+00  6.601981e+00  
6.166040e+00  5.738065e+00  5.309724e+00  4.867937e+00  4.388753e+00  3.824465e+00  
3.105325e+00  2.654925e+00  2.111485e+00  1.587679e+00  9.451300e-01  7.432000e-01  
5.665800e-01  5.434400e-01  5.286200e-01  5.274300e-01  5.241800e-01  5.201800e-01  
1.594183e+01  1.594181e+01  1.594184e+01  1.594192e+01  1.594214e+01  1.594271e+01  
1.594408e+01  1.594732e+01  1.595453e+01  1.596945e+01  1.599634e+01  1.603446e+01  
1.607403e+01  1.611157e+01  1.615611e+01  1.619800e+01  1.620290e+01  1.615343e+01  
1.605520e+01  1.590492e+01  1.570249e+01  1.544934e+01  1.512248e+01  1.467783e+01  
1.420920e+01  1.363943e+01  1.288754e+01  1.197457e+01  1.116814e+01  1.043686e+01  
9.775164e+00  9.173699e+00  8.626293e+00  8.126019e+00  7.665369e+00  7.234894e+00  
6.821687e+00  6.413718e+00  6.002039e+00  5.572051e+00  5.096086e+00  4.517119e+00  
3.744104e+00  3.237250e+00  2.598388e+00  1.948895e+00  1.107030e+00  8.362300e-01  
5.828300e-01  5.463100e-01  5.206300e-01  5.187300e-01  5.156200e-01  5.123900e-01  
1.595556e+01  1.595556e+01  1.595563e+01  1.595580e+01  1.595625e+01  1.595731e+01  
1.595986e+01  1.596565e+01  1.597811e+01  1.600215e+01  1.604040e+01  1.608583e+01  
1.612902e+01  1.617772e+01  1.623369e+01  1.626771e+01  1.624808e+01  1.617715e+01  
1.605644e+01  1.588476e+01  1.566807e+01  1.540664e+01  1.502696e+01  1.463896e+01  
1.421585e+01  1.369109e+01  1.298872e+01  1.213319e+01  1.137252e+01  1.068117e+01  
1.005446e+01  9.484463e+00  8.965704e+00  8.491987e+00  8.056320e+00  7.649655e+00  
7.259173e+00  6.872754e+00  6.481280e+00  6.069521e+00  5.607939e+00  5.034145e+00  
4.242590e+00  3.706169e+00  3.007998e+00  2.268655e+00  1.257580e+00  9.262900e-01  
6.027600e-01  5.535700e-01  5.162300e-01  5.132500e-01  5.106200e-01  5.081000e-01  
1.594785e+01  1.594793e+01  1.594810e+01  1.594854e+01  1.594960e+01  1.595211e+01  
1.595790e+01  1.597052e+01  1.599551e+01  1.603695e+01  1.608905e+01  1.614038e+01  
1.619754e+01  1.626679e+01  1.632064e+01  1.632083e+01  1.626647e+01  1.616179e+01  
1.600595e+01  1.580793e+01  1.557590e+01  1.523992e+01  1.489695e+01  1.456963e+01  
1.419940e+01  1.372783e+01  1.308499e+01  1.229800e+01  1.159426e+01  1.095402e+01  
1.037376e+01  9.847004e+00  9.369210e+00  8.935098e+00  8.538379e+00  8.170509e+00  
7.818868e+00  7.471366e+00  7.119090e+00  6.746558e+00  6.322791e+00  5.779849e+00  
4.994117e+00  4.435105e+00  3.672195e+00  2.813864e+00  1.529789e+00  1.094670e+00  
6.455300e-01  5.732000e-01  5.128300e-01  5.071300e-01  5.050700e-01  5.034900e-01  
1.594466e+01  1.594485e+01  1.594518e+01  1.594599e+01  1.594793e+01  1.595244e+01  
1.596255e+01  1.598357e+01  1.602155e+01  1.607550e+01  1.613304e+01  1.619229e+01  
1.626650e+01  1.634163e+01  1.637383e+01  1.634593e+01  1.626651e+01  1.613392e+01  
1.595526e+01  1.574321e+01  1.548044e+01  1.511981e+01  1.482323e+01  1.453043e+01  
1.419117e+01  1.375062e+01  1.314238e+01  1.239383e+01  1.172146e+01  1.110919e+01  
1.055398e+01  1.005060e+01  9.595446e+00  9.184162e+00  8.811701e+00  8.470892e+00  
8.150902e+00  7.840950e+00  7.532162e+00  7.207992e+00  6.833156e+00  6.326593e+00  
5.548011e+00  4.978428e+00  4.190358e+00  3.270179e+00  1.782675e+00  1.249660e+00  
6.875400e-01  5.939300e-01  5.131200e-01  5.057100e-01  5.021600e-01  5.010400e-01  
1.593465e+01  1.593498e+01  1.593552e+01  1.593680e+01  1.593987e+01  1.594689e+01  
1.596220e+01  1.599235e+01  1.604179e+01  1.610303e+01  1.616426e+01  1.623541e+01  
1.632163e+01  1.638923e+01  1.639766e+01  1.634924e+01  1.624752e+01  1.609346e+01  
1.589978e+01  1.567920e+01  1.534508e+01  1.503277e+01  1.476527e+01  1.449530e+01  
1.417624e+01  1.375578e+01  1.317048e+01  1.244808e+01  1.179795e+01  1.120636e+01  
1.067052e+01  1.018595e+01  9.749455e+00  9.357233e+00  9.004735e+00  8.685451e+00  
8.389219e+00  8.105885e+00  7.827134e+00  7.536770e+00  7.198924e+00  6.728590e+00  
5.977682e+00  5.414481e+00  4.619663e+00  3.659633e+00  2.016333e+00  1.392970e+00  
7.294000e-01  6.166300e-01  5.152000e-01  5.045800e-01  5.005500e-01  4.995400e-01  
1.592822e+01  1.592873e+01  1.592951e+01  1.593139e+01  1.593580e+01  1.594579e+01  
1.596692e+01  1.600626e+01  1.606471e+01  1.612985e+01  1.619655e+01  1.628005e+01  
1.637121e+01  1.642395e+01  1.641274e+01  1.634695e+01  1.622561e+01  1.605541e+01  
1.585177e+01  1.561810e+01  1.525218e+01  1.497077e+01  1.472426e+01  1.447105e+01  
1.416661e+01  1.376020e+01  1.319023e+01  1.248584e+01  1.185108e+01  1.127421e+01  
1.075231e+01  1.028152e+01  9.858948e+00  9.481164e+00  9.144127e+00  8.841734e+00  
8.564454e+00  8.302755e+00  8.048931e+00  7.787413e+00  7.482472e+00  7.046863e+00  
6.327287e+00  5.775284e+00  4.982170e+00  3.997129e+00  2.232115e+00  1.528903e+00  
7.699600e-01  6.392400e-01  5.183200e-01  5.045100e-01  4.995300e-01  4.985200e-01  
1.590335e+01  1.590432e+01  1.590574e+01  1.590911e+01  1.591691e+01  1.593397e+01  
1.596776e+01  1.602339e+01  1.609284e+01  1.616327e+01  1.624625e+01  1.634780e+01  
1.643080e+01  1.645083e+01  1.641057e+01  1.631377e+01  1.616197e+01  1.597022e+01  
1.575530e+01  1.541930e+01  1.511256e+01  1.487186e+01  1.465572e+01  1.442769e+01  
1.414622e+01  1.376293e+01  1.321856e+01  1.254266e+01  1.193010e+01  1.137215e+01  
1.086698e+01  1.041217e+01  1.000615e+01  9.646529e+00  9.330394e+00  9.053327e+00  
8.807915e+00  8.585457e+00  8.375479e+00  8.155280e+00  7.887239e+00  7.502654e+00  
6.861167e+00  6.347641e+00  5.568674e+00  4.555481e+00  2.623846e+00  1.782879e+00  
8.473200e-01  6.832400e-01  5.260200e-01  5.065900e-01  4.982900e-01  4.972300e-01  
1.590823e+01  1.590979e+01  1.591204e+01  1.591732e+01  1.592928e+01  1.595448e+01  
1.600092e+01  1.606859e+01  1.614312e+01  1.622171e+01  1.632173e+01  1.642904e+01  
1.649114e+01  1.648518e+01  1.642144e+01  1.629831e+01  1.612524e+01  1.592085e+01  
1.568345e+01  1.530732e+01  1.504026e+01  1.482544e+01  1.462853e+01  1.441532e+01  
1.414603e+01  1.377387e+01  1.324139e+01  1.257937e+01  1.197883e+01  1.143250e+01  
1.093882e+01  1.049581e+01  1.010217e+01  9.755963e+00  9.454656e+00  9.194308e+00  
8.968148e+00  8.768315e+00  8.585724e+00  8.399637e+00  8.174433e+00  7.842615e+00  
7.262554e+00  6.779542e+00  6.022248e+00  5.004544e+00  2.964294e+00  2.019068e+00  
9.203500e-01  7.259200e-01  5.351100e-01  5.096500e-01  4.976600e-01  4.964400e-01  
1.593034e+01  1.593398e+01  1.593908e+01  1.595071e+01  1.597564e+01  1.602281e+01  
1.609437e+01  1.617624e+01  1.626175e+01  1.636996e+01  1.649264e+01  1.657567e+01  
1.658654e+01  1.653580e+01  1.642237e+01  1.625424e+01  1.605148e+01  1.582821e+01  
1.543811e+01  1.515730e+01  1.494532e+01  1.476935e+01  1.460060e+01  1.440790e+01  
1.415439e+01  1.379671e+01  1.328132e+01  1.263802e+01  1.205369e+01  1.152331e+01  
1.104532e+01  1.061847e+01  1.024206e+01  9.914761e+00  9.634784e+00  9.399189e+00  
9.202555e+00  9.038731e+00  8.900846e+00  8.771115e+00  8.618727e+00  8.383930e+00  
7.932128e+00  7.521918e+00  6.829927e+00  5.837381e+00  3.662150e+00  2.537325e+00  
1.088450e+00  8.259900e-01  5.594500e-01  5.200900e-01  4.973000e-01  4.953700e-01  
1.593529e+01  1.594187e+01  1.595085e+01  1.597068e+01  1.601053e+01  1.607729e+01  
1.616245e+01  1.625071e+01  1.635562e+01  1.648650e+01  1.660142e+01  1.664642e+01  
1.662318e+01  1.653614e+01  1.638673e+01  1.619316e+01  1.597874e+01  1.562796e+01  
1.529960e+01  1.506514e+01  1.488527e+01  1.473285e+01  1.458155e+01  1.440225e+01  
1.415988e+01  1.381182e+01  1.330472e+01  1.267105e+01  1.209511e+01  1.157301e+01  
1.110312e+01  1.068474e+01  1.031746e+01  1.000032e+01  9.731999e+00  9.510269e+00  
9.330601e+00  9.188038e+00  9.077096e+00  8.981853e+00  8.875244e+00  8.705588e+00  
8.349242e+00  7.999970e+00  7.373119e+00  6.425870e+00  4.209799e+00  2.972703e+00  
1.241280e+00  9.186700e-01  5.841500e-01  5.322200e-01  4.977400e-01  4.948400e-01  
1.594068e+01  1.595557e+01  1.597486e+01  1.601434e+01  1.608267e+01  1.617347e+01  
1.626912e+01  1.638021e+01  1.652176e+01  1.665611e+01  1.672141e+01  1.671296e+01  
1.663782e+01  1.649548e+01  1.630387e+01  1.608859e+01  1.575268e+01  1.539267e+01  
1.514327e+01  1.496034e+01  1.481758e+01  1.469176e+01  1.455941e+01  1.439404e+01  
1.416278e+01  1.382421e+01  1.332598e+01  1.270274e+01  1.213608e+01  1.162293e+01  
1.116211e+01  1.075309e+01  1.039618e+01  1.009047e+01  9.835297e+00  9.629130e+00  
9.468557e+00  9.349930e+00  9.269560e+00  9.214097e+00  9.161685e+00  9.072297e+00  
8.842592e+00  8.583595e+00  8.069854e+00  7.224225e+00  5.031169e+00  3.671530e+00  
1.515997e+00  1.088760e+00  6.322400e-01  5.577400e-01  4.996800e-01  4.942900e-01  
1.594539e+01  1.597158e+01  1.600356e+01  1.606340e+01  1.615225e+01  1.625245e+01  
1.636050e+01  1.649983e+01  1.665474e+01  1.675906e+01  1.678226e+01  1.673650e+01  
1.661919e+01  1.644209e+01  1.623023e+01  1.599519e+01  1.555509e+01  1.526345e+01  
1.505596e+01  1.490286e+01  1.478127e+01  1.467001e+01  1.454749e+01  1.438879e+01  
1.416226e+01  1.382778e+01  1.333439e+01  1.271697e+01  1.215539e+01  1.164718e+01  
1.119134e+01  1.078760e+01  1.043652e+01  1.013725e+01  9.889386e+00  9.691880e+00  
9.541808e+00  9.436283e+00  9.372728e+00  9.339610e+00  9.318452e+00  9.276698e+00  
9.126742e+00  8.930196e+00  8.504868e+00  7.752380e+00  5.632673e+00  4.218968e+00  
1.760445e+00  1.243550e+00  6.779300e-01  5.831400e-01  5.027300e-01  4.940200e-01  
1.594845e+01  1.598854e+01  1.603433e+01  1.611212e+01  1.621297e+01  1.631901e+01  
1.644567e+01  1.660564e+01  1.675231e+01  1.682208e+01  1.681516e+01  1.673668e+01  
1.658746e+01  1.638843e+01  1.616826e+01  1.579439e+01  1.542963e+01  1.517851e+01  
1.499893e+01  1.486585e+01  1.475824e+01  1.465653e+01  1.454046e+01  1.438620e+01  
1.416296e+01  1.383124e+01  1.334049e+01  1.272509e+01  1.216495e+01  1.165908e+01  
1.120652e+01  1.080706e+01  1.046123e+01  1.016768e+01  9.925066e+00  9.732199e+00  
9.587507e+00  9.489492e+00  9.436326e+00  9.417482e+00  9.417221e+00  9.410031e+00  
9.315335e+00  9.158629e+00  8.798475e+00  8.135917e+00  6.121408e+00  4.662991e+00  
1.974005e+00  1.384270e+00  7.224800e-01  6.079100e-01  5.085500e-01  4.938500e-01  
1.594859e+01  1.600473e+01  1.606439e+01  1.615633e+01  1.626360e+01  1.637782e+01  
1.652398e+01  1.669376e+01  1.682025e+01  1.686138e+01  1.682944e+01  1.672231e+01  
1.654955e+01  1.633685e+01  1.610980e+01  1.565657e+01  1.533838e+01  1.511576e+01  
1.495653e+01  1.483794e+01  1.474037e+01  1.464548e+01  1.453410e+01  1.438319e+01  
1.416261e+01  1.383326e+01  1.334474e+01  1.273123e+01  1.217271e+01  1.166870e+01  
1.121840e+01  1.082128e+01  1.047759e+01  1.018645e+01  9.947358e+00  9.759399e+00  
9.620096e+00  9.527431e+00  9.480645e+00  9.471552e+00  9.486654e+00  9.501261e+00  
9.445546e+00  9.326560e+00  9.025672e+00  8.422076e+00  6.473857e+00  5.045317e+00  
2.195540e+00  1.520146e+00  7.635300e-01  6.316100e-01  5.110800e-01  4.937400e-01  
1.595162e+01  1.604458e+01  1.612889e+01  1.623811e+01  1.635343e+01  1.649220e+01  
1.666764e+01  1.682919e+01  1.690925e+01  1.690879e+01  1.683243e+01  1.668233e+01  
1.647789e+01  1.625361e+01  1.586016e+01  1.547852e+01  1.521749e+01  1.503385e+01  
1.490252e+01  1.480338e+01  1.471890e+01  1.463254e+01  1.452650e+01  1.437882e+01  
1.416012e+01  1.383232e+01  1.334663e+01  1.273797e+01  1.218435e+01  1.168417e+01  
1.123679e+01  1.084197e+01  1.050024e+01  1.021145e+01  9.975588e+00  9.792366e+00  
9.659450e+00  9.575182e+00  9.539295e+00  9.544160e+00  9.578054e+00  9.621679e+00  
9.621187e+00  9.551718e+00  9.327859e+00  8.828005e+00  7.057364e+00  5.645082e+00  
2.596834e+00  1.767405e+00  8.423300e-01  6.779000e-01  5.202900e-01  4.936100e-01  
1.595256e+01  1.608591e+01  1.617811e+01  1.630453e+01  1.643271e+01  1.659778e+01  
1.678403e+01  1.690944e+01  1.696207e+01  1.693440e+01  1.681386e+01  1.663247e+01  
1.641228e+01  1.617518e+01  1.568466e+01  1.536188e+01  1.513740e+01  1.497988e+01  
1.486713e+01  1.478076e+01  1.470483e+01  1.462415e+01  1.452191e+01  1.437685e+01  
1.416012e+01  1.383395e+01  1.334975e+01  1.274276e+01  1.219086e+01  1.169228e+01  
1.124670e+01  1.085379e+01  1.051399e+01  1.022743e+01  9.994087e+00  9.813873e+00  
9.684594e+00  9.604814e+00  9.574923e+00  9.588327e+00  9.634899e+00  9.698257e+00  
9.733147e+00  9.695512e+00  9.526487e+00  9.106065e+00  7.486239e+00  6.113956e+00  
2.946003e+00  1.989905e+00  9.165200e-01  7.214700e-01  5.303600e-01  4.935200e-01  
