6.133394e-01  6.133399e-01  6.133402e-01  6.133407e-01  6.133414e-01  6.133426e-01  
6.133445e-01  6.133475e-01  6.133523e-01  6.133598e-01  6.133717e-01  6.133906e-01  
6.134205e-01  6.134680e-01  6.135432e-01  6.136623e-01  6.138512e-01  6.141506e-01  
6.146250e-01  6.153770e-01  6.165691e-01  6.184595e-01  6.214591e-01  6.262275e-01  
6.338408e-01  6.461232e-01  6.661903e-01  6.944527e-01  7.240573e-01  7.551220e-01  
7.878158e-01  8.223767e-01  8.590988e-01  8.983185e-01  9.404334e-01  9.860800e-01  
1.036140e+00  1.090670e+00  1.146760e+00  1.196770e+00  1.232760e+00  1.256860e+00  
1.272720e+00  1.278040e+00  1.285100e+00  1.291050e+00  1.287160e+00  1.285540e+00  
1.285770e+00  1.285830e+00  1.285590e+00  1.285640e+00  1.285510e+00  1.285580e+00  
8.704211e-01  8.704218e-01  8.704222e-01  8.704228e-01  8.704239e-01  8.704255e-01  
8.704280e-01  8.704321e-01  8.704385e-01  8.704488e-01  8.704649e-01  8.704905e-01  
8.705312e-01  8.705955e-01  8.706976e-01  8.708593e-01  8.711154e-01  8.715216e-01  
8.721654e-01  8.731858e-01  8.748033e-01  8.773685e-01  8.814395e-01  8.879129e-01  
8.982560e-01  9.149711e-01  9.423561e-01  9.810413e-01  1.021649e+00  1.064246e+00  
1.108892e+00  1.155635e+00  1.204470e+00  1.255352e+00  1.308157e+00  1.362690e+00  
1.418520e+00  1.474980e+00  1.531030e+00  1.585030e+00  1.634590e+00  1.676370e+00  
1.702450e+00  1.703750e+00  1.692090e+00  1.674920e+00  1.683450e+00  1.697500e+00  
1.695690e+00  1.693100e+00  1.693130e+00  1.693710e+00  1.691910e+00  1.693170e+00  
1.115447e+00  1.115448e+00  1.115448e+00  1.115449e+00  1.115450e+00  1.115452e+00  
1.115456e+00  1.115461e+00  1.115468e+00  1.115481e+00  1.115501e+00  1.115532e+00  
1.115582e+00  1.115661e+00  1.115785e+00  1.115983e+00  1.116297e+00  1.116794e+00  
1.117582e+00  1.118831e+00  1.120811e+00  1.123952e+00  1.128934e+00  1.136855e+00  
1.149501e+00  1.169903e+00  1.203220e+00  1.250068e+00  1.298969e+00  1.349939e+00  
1.403016e+00  1.458139e+00  1.515247e+00  1.574167e+00  1.634640e+00  1.696270e+00  
1.758410e+00  1.820090e+00  1.879930e+00  1.935930e+00  1.985520e+00  2.025990e+00  
2.050350e+00  2.050840e+00  2.038780e+00  2.022530e+00  2.037050e+00  2.053830e+00  
2.049280e+00  2.045830e+00  2.046310e+00  2.047160e+00  2.045050e+00  2.046460e+00  
1.564290e+00  1.564291e+00  1.564292e+00  1.564293e+00  1.564294e+00  1.564297e+00  
1.564301e+00  1.564307e+00  1.564317e+00  1.564333e+00  1.564359e+00  1.564399e+00  
1.564463e+00  1.564564e+00  1.564724e+00  1.564976e+00  1.565378e+00  1.566015e+00  
1.567025e+00  1.568625e+00  1.571162e+00  1.575185e+00  1.581568e+00  1.591709e+00  
1.607876e+00  1.633870e+00  1.676083e+00  1.735012e+00  1.795931e+00  1.858785e+00  
1.923462e+00  1.989795e+00  2.057528e+00  2.126269e+00  2.195489e+00  2.264500e+00  
2.332240e+00  2.397290e+00  2.457810e+00  2.511470e+00  2.555870e+00  2.590440e+00  
2.611670e+00  2.613060e+00  2.605170e+00  2.596250e+00  2.623780e+00  2.643510e+00  
2.631640e+00  2.626470e+00  2.627970e+00  2.629340e+00  2.626810e+00  2.628400e+00  
1.954250e+00  1.954251e+00  1.954252e+00  1.954253e+00  1.954256e+00  1.954259e+00  
1.954264e+00  1.954272e+00  1.954285e+00  1.954305e+00  1.954337e+00  1.954388e+00  
1.954469e+00  1.954598e+00  1.954801e+00  1.955123e+00  1.955634e+00  1.956443e+00  
1.957726e+00  1.959759e+00  1.962983e+00  1.968093e+00  1.976196e+00  1.989053e+00  
2.009478e+00  2.042037e+00  2.094119e+00  2.165337e+00  2.237004e+00  2.308782e+00  
2.380210e+00  2.450849e+00  2.520188e+00  2.587733e+00  2.653080e+00  2.716160e+00  
2.777370e+00  2.836790e+00  2.893170e+00  2.944840e+00  2.989890e+00  3.027360e+00  
3.054860e+00  3.063420e+00  3.069500e+00  3.073860e+00  3.085900e+00  3.091050e+00  
3.088210e+00  3.086800e+00  3.086920e+00  3.087270e+00  3.086520e+00  3.087080e+00  
2.293377e+00  2.293379e+00  2.293380e+00  2.293382e+00  2.293384e+00  2.293388e+00  
2.293395e+00  2.293405e+00  2.293422e+00  2.293449e+00  2.293490e+00  2.293557e+00  
2.293662e+00  2.293828e+00  2.294092e+00  2.294509e+00  2.295172e+00  2.296223e+00  
2.297888e+00  2.300528e+00  2.304710e+00  2.311338e+00  2.321836e+00  2.338436e+00  
2.364594e+00  2.405460e+00  2.468515e+00  2.550587e+00  2.628340e+00  2.701621e+00  
2.770818e+00  2.837163e+00  2.902467e+00  2.966858e+00  3.029873e+00  3.091120e+00  
3.150220e+00  3.206550e+00  3.259050e+00  3.306690e+00  3.348260e+00  3.382780e+00  
3.408750e+00  3.418720e+00  3.430390e+00  3.443070e+00  3.460000e+00  3.462560e+00  
3.457660e+00  3.456380e+00  3.456910e+00  3.457290e+00  3.456910e+00  3.457160e+00  
2.618111e+00  2.618113e+00  2.618114e+00  2.618115e+00  2.618118e+00  2.618122e+00  
2.618128e+00  2.618138e+00  2.618154e+00  2.618179e+00  2.618219e+00  2.618283e+00  
2.618383e+00  2.618542e+00  2.618794e+00  2.619193e+00  2.619827e+00  2.620831e+00  
2.622423e+00  2.624947e+00  2.628946e+00  2.635287e+00  2.645336e+00  2.661257e+00  
2.686464e+00  2.726303e+00  2.789056e+00  2.872949e+00  2.954920e+00  3.034232e+00  
3.110107e+00  3.181748e+00  3.248406e+00  3.309476e+00  3.364807e+00  3.414980e+00  
3.462000e+00  3.507460e+00  3.550870e+00  3.591570e+00  3.629360e+00  3.666190e+00  
3.703290e+00  3.720230e+00  3.733470e+00  3.741870e+00  3.761150e+00  3.768290e+00  
3.761050e+00  3.759090e+00  3.760110e+00  3.760340e+00  3.760680e+00  3.760460e+00  
3.163186e+00  3.163188e+00  3.163189e+00  3.163191e+00  3.163193e+00  3.163198e+00  
3.163205e+00  3.163216e+00  3.163233e+00  3.163261e+00  3.163304e+00  3.163373e+00  
3.163483e+00  3.163656e+00  3.163931e+00  3.164367e+00  3.165056e+00  3.166150e+00  
3.167886e+00  3.170635e+00  3.174995e+00  3.181905e+00  3.192851e+00  3.210172e+00  
3.237507e+00  3.280381e+00  3.347005e+00  3.434444e+00  3.517756e+00  3.595951e+00  
3.668102e+00  3.733262e+00  3.790613e+00  3.839702e+00  3.880738e+00  3.915070e+00  
3.946170e+00  3.977000e+00  4.007790e+00  4.038800e+00  4.071060e+00  4.107870e+00  
4.151860e+00  4.174140e+00  4.190400e+00  4.198530e+00  4.219380e+00  4.228210e+00  
4.222050e+00  4.220160e+00  4.221230e+00  4.221440e+00  4.221860e+00  4.221610e+00  
3.620725e+00  3.620727e+00  3.620728e+00  3.620730e+00  3.620733e+00  3.620737e+00  
3.620744e+00  3.620755e+00  3.620773e+00  3.620801e+00  3.620845e+00  3.620916e+00  
3.621027e+00  3.621204e+00  3.621484e+00  3.621928e+00  3.622632e+00  3.623748e+00  
3.625517e+00  3.628323e+00  3.632769e+00  3.639817e+00  3.650977e+00  3.668617e+00  
3.696374e+00  3.739605e+00  3.805948e+00  3.891501e+00  3.970994e+00  4.043389e+00  
4.107653e+00  4.162839e+00  4.208231e+00  4.243546e+00  4.269433e+00  4.288020e+00  
4.304000e+00  4.321500e+00  4.341380e+00  4.364580e+00  4.392780e+00  4.429160e+00  
4.476080e+00  4.500610e+00  4.517650e+00  4.524490e+00  4.543750e+00  4.553070e+00  
4.550290e+00  4.549000e+00  4.549880e+00  4.550000e+00  4.550480e+00  4.550230e+00  
4.480253e+00  4.480256e+00  4.480257e+00  4.480259e+00  4.480263e+00  4.480269e+00  
4.480278e+00  4.480292e+00  4.480315e+00  4.480352e+00  4.480410e+00  4.480501e+00  
4.480646e+00  4.480877e+00  4.481241e+00  4.481819e+00  4.482736e+00  4.484188e+00  
4.486491e+00  4.490143e+00  4.495930e+00  4.505091e+00  4.519552e+00  4.542225e+00  
4.577179e+00  4.628825e+00  4.700304e+00  4.778864e+00  4.835706e+00  4.871894e+00  
4.890312e+00  4.896497e+00  4.897781e+00  4.896215e+00  4.892889e+00  4.889319e+00  
4.888530e+00  4.892700e+00  4.901800e+00  4.914470e+00  4.929860e+00  4.950350e+00  
4.979230e+00  4.997120e+00  5.015570e+00  5.028760e+00  5.036980e+00  5.040650e+00  
5.049700e+00  5.051000e+00  5.050870e+00  5.051000e+00  5.050800e+00  5.050970e+00  
5.137544e+00  5.137546e+00  5.137548e+00  5.137550e+00  5.137553e+00  5.137558e+00  
5.137567e+00  5.137580e+00  5.137602e+00  5.137635e+00  5.137689e+00  5.137773e+00  
5.137908e+00  5.138120e+00  5.138457e+00  5.138991e+00  5.139838e+00  5.141180e+00  
5.143310e+00  5.146688e+00  5.152041e+00  5.160512e+00  5.173858e+00  5.194682e+00  
5.226405e+00  5.271790e+00  5.330323e+00  5.386622e+00  5.416384e+00  5.421807e+00  
5.407418e+00  5.380937e+00  5.352062e+00  5.323492e+00  5.296264e+00  5.271481e+00  
5.251120e+00  5.236700e+00  5.228820e+00  5.227450e+00  5.232470e+00  5.243890e+00  
5.262010e+00  5.273830e+00  5.285960e+00  5.293150e+00  5.291070e+00  5.293050e+00  
5.308810e+00  5.312160e+00  5.311750e+00  5.311050e+00  5.311960e+00  5.311460e+00  
6.079299e+00  6.079301e+00  6.079302e+00  6.079303e+00  6.079306e+00  6.079310e+00  
6.079316e+00  6.079326e+00  6.079341e+00  6.079366e+00  6.079405e+00  6.079466e+00  
6.079564e+00  6.079720e+00  6.079967e+00  6.080357e+00  6.080978e+00  6.081964e+00  
6.083529e+00  6.086013e+00  6.089953e+00  6.096177e+00  6.105929e+00  6.120939e+00  
6.143032e+00  6.171579e+00  6.199410e+00  6.208354e+00  6.185383e+00  6.134628e+00  
6.063157e+00  5.981881e+00  5.903429e+00  5.831665e+00  5.767561e+00  5.711690e+00  
5.665120e+00  5.628150e+00  5.599950e+00  5.577130e+00  5.556820e+00  5.540750e+00  
5.532070e+00  5.531500e+00  5.532440e+00  5.529310e+00  5.506110e+00  5.505550e+00  
5.529420e+00  5.533310e+00  5.531700e+00  5.532040e+00  5.531070e+00  5.531580e+00  
6.778195e+00  6.778195e+00  6.778196e+00  6.778196e+00  6.778196e+00  6.778197e+00  
6.778199e+00  6.778201e+00  6.778204e+00  6.778209e+00  6.778217e+00  6.778230e+00  
6.778250e+00  6.778283e+00  6.778336e+00  6.778418e+00  6.778553e+00  6.778767e+00  
6.779112e+00  6.779666e+00  6.780550e+00  6.781935e+00  6.784027e+00  6.786972e+00  
6.790283e+00  6.790436e+00  6.777172e+00  6.737444e+00  6.673482e+00  6.587988e+00  
6.485486e+00  6.372834e+00  6.258078e+00  6.145542e+00  6.039289e+00  5.944626e+00  
5.870580e+00  5.822440e+00  5.792800e+00  5.761540e+00  5.713260e+00  5.665400e+00  
5.636390e+00  5.626760e+00  5.615740e+00  5.601000e+00  5.571880e+00  5.570790e+00  
5.588550e+00  5.592090e+00  5.591850e+00  5.591130e+00  5.592080e+00  5.591230e+00  
7.466881e+00  7.466878e+00  7.466877e+00  7.466874e+00  7.466871e+00  7.466865e+00  
7.466855e+00  7.466840e+00  7.466816e+00  7.466778e+00  7.466717e+00  7.466620e+00  
7.466469e+00  7.466228e+00  7.465847e+00  7.465243e+00  7.464290e+00  7.462782e+00  
7.460400e+00  7.456636e+00  7.450683e+00  7.441246e+00  7.426258e+00  7.402446e+00  
7.364644e+00  7.304706e+00  7.210067e+00  7.083383e+00  6.958521e+00  6.835680e+00  
6.715119e+00  6.597087e+00  6.481855e+00  6.370086e+00  6.262751e+00  6.159949e+00  
6.062677e+00  5.972270e+00  5.889640e+00  5.816430e+00  5.754080e+00  5.702010e+00  
5.662400e+00  5.650840e+00  5.646890e+00  5.642760e+00  5.589920e+00  5.563070e+00  
5.585060e+00  5.593430e+00  5.591230e+00  5.589050e+00  5.592860e+00  5.590340e+00  
7.902961e+00  7.902958e+00  7.902956e+00  7.902953e+00  7.902947e+00  7.902939e+00  
7.902927e+00  7.902907e+00  7.902876e+00  7.902826e+00  7.902748e+00  7.902625e+00  
7.902427e+00  7.902116e+00  7.901624e+00  7.900845e+00  7.899613e+00  7.897666e+00  
7.894589e+00  7.889727e+00  7.882034e+00  7.869833e+00  7.850452e+00  7.819676e+00  
7.770859e+00  7.693625e+00  7.572161e+00  7.410345e+00  7.251709e+00  7.096601e+00  
6.945266e+00  6.797917e+00  6.655083e+00  6.517571e+00  6.386351e+00  6.261597e+00  
6.144435e+00  6.036560e+00  5.939010e+00  5.853490e+00  5.781170e+00  5.719740e+00  
5.669290e+00  5.651420e+00  5.640330e+00  5.629900e+00  5.571280e+00  5.542600e+00  
5.558530e+00  5.565370e+00  5.562560e+00  5.560550e+00  5.563870e+00  5.561870e+00  
8.578566e+00  8.578561e+00  8.578559e+00  8.578554e+00  8.578547e+00  8.578536e+00  
8.578519e+00  8.578492e+00  8.578447e+00  8.578379e+00  8.578270e+00  8.578097e+00  
8.577822e+00  8.577388e+00  8.576701e+00  8.575615e+00  8.573897e+00  8.571184e+00  
8.566899e+00  8.560123e+00  8.549393e+00  8.532361e+00  8.505305e+00  8.462357e+00  
8.394291e+00  8.286886e+00  8.118852e+00  7.896413e+00  7.679962e+00  7.469881e+00  
7.266514e+00  7.069999e+00  6.880982e+00  6.700768e+00  6.529939e+00  6.368884e+00  
6.218795e+00  6.081730e+00  5.959030e+00  5.852320e+00  5.762320e+00  5.684240e+00  
5.615320e+00  5.587240e+00  5.565230e+00  5.545960e+00  5.480680e+00  5.449670e+00  
5.453990e+00  5.457920e+00  5.454320e+00  5.452740e+00  5.455140e+00  5.453980e+00  
8.919827e+00  8.919825e+00  8.919824e+00  8.919822e+00  8.919820e+00  8.919815e+00  
8.919809e+00  8.919798e+00  8.919780e+00  8.919753e+00  8.919710e+00  8.919641e+00  
8.919534e+00  8.919363e+00  8.919095e+00  8.918673e+00  8.918010e+00  8.916971e+00  
8.915340e+00  8.912769e+00  8.908672e+00  8.902045e+00  8.891103e+00  8.872265e+00  
8.836808e+00  8.759679e+00  8.587905e+00  8.301478e+00  7.992059e+00  7.700469e+00  
7.432508e+00  7.187119e+00  6.963179e+00  6.759798e+00  6.574044e+00  6.402784e+00  
6.243627e+00  6.095430e+00  5.958390e+00  5.831660e+00  5.714720e+00  5.606410e+00  
5.503420e+00  5.452470e+00  5.402870e+00  5.368440e+00  5.347870e+00  5.338880e+00  
5.311960e+00  5.306620e+00  5.306240e+00  5.307170e+00  5.305800e+00  5.306800e+00  
9.807650e+00  9.807644e+00  9.807641e+00  9.807636e+00  9.807627e+00  9.807613e+00  
9.807592e+00  9.807559e+00  9.807506e+00  9.807422e+00  9.807289e+00  9.807079e+00  
9.806746e+00  9.806220e+00  9.805391e+00  9.804081e+00  9.802017e+00  9.798765e+00  
9.793633e+00  9.785510e+00  9.772580e+00  9.751928e+00  9.718808e+00  9.665108e+00  
9.575876e+00  9.419950e+00  9.140598e+00  8.734144e+00  8.326593e+00  7.948963e+00  
7.605664e+00  7.297022e+00  7.022624e+00  6.775928e+00  6.545920e+00  6.325818e+00  
6.117946e+00  5.924810e+00  5.746550e+00  5.580250e+00  5.424260e+00  5.279790e+00  
5.144700e+00  5.077610e+00  5.010150e+00  4.959730e+00  4.922540e+00  4.909840e+00  
4.886960e+00  4.883760e+00  4.883410e+00  4.883460e+00  4.883520e+00  4.883300e+00  
1.043251e+01  1.043250e+01  1.043249e+01  1.043248e+01  1.043247e+01  1.043244e+01  
1.043240e+01  1.043233e+01  1.043223e+01  1.043206e+01  1.043180e+01  1.043138e+01  
1.043072e+01  1.042968e+01  1.042804e+01  1.042544e+01  1.042134e+01  1.041486e+01  
1.040462e+01  1.038839e+01  1.036259e+01  1.032157e+01  1.025644e+01  1.015317e+01  
9.990535e+00  9.738839e+00  9.357965e+00  8.873275e+00  8.423633e+00  8.007516e+00  
7.623279e+00  7.269738e+00  6.946391e+00  6.651166e+00  6.381259e+00  6.133106e+00  
5.901768e+00  5.684071e+00  5.481101e+00  5.292870e+00  5.117280e+00  4.946260e+00  
4.773950e+00  4.690620e+00  4.614570e+00  4.559720e+00  4.494670e+00  4.477180e+00  
4.473140e+00  4.473540e+00  4.471830e+00  4.471470e+00  4.471210e+00  4.470970e+00  
1.097210e+01  1.097209e+01  1.097208e+01  1.097207e+01  1.097205e+01  1.097202e+01  
1.097197e+01  1.097189e+01  1.097176e+01  1.097157e+01  1.097126e+01  1.097077e+01  
1.096999e+01  1.096875e+01  1.096681e+01  1.096376e+01  1.095895e+01  1.095135e+01  
1.093932e+01  1.092016e+01  1.088965e+01  1.084107e+01  1.076364e+01  1.064020e+01  
1.044393e+01  1.013332e+01  9.647742e+00  9.017788e+00  8.435553e+00  7.915450e+00  
7.455550e+00  7.049701e+00  6.691382e+00  6.368360e+00  6.063604e+00  5.768535e+00  
5.489215e+00  5.230129e+00  4.989698e+00  4.763450e+00  4.547060e+00  4.342190e+00  
4.149850e+00  4.057450e+00  3.967520e+00  3.896680e+00  3.818910e+00  3.801750e+00  
3.795650e+00  3.795030e+00  3.793430e+00  3.793130e+00  3.792940e+00  3.792330e+00  
1.131211e+01  1.131209e+01  1.131208e+01  1.131207e+01  1.131205e+01  1.131201e+01  
1.131195e+01  1.131185e+01  1.131170e+01  1.131147e+01  1.131109e+01  1.131049e+01  
1.130955e+01  1.130807e+01  1.130572e+01  1.130203e+01  1.129622e+01  1.128704e+01  
1.127245e+01  1.124919e+01  1.121212e+01  1.115306e+01  1.105886e+01  1.090902e+01  
1.067253e+01  1.030455e+01  9.744401e+00  9.034684e+00  8.391133e+00  7.820487e+00  
7.316935e+00  6.869910e+00  6.468760e+00  6.104716e+00  5.768109e+00  5.452271e+00  
5.155440e+00  4.876327e+00  4.613881e+00  4.365970e+00  4.130890e+00  3.908650e+00  
3.699240e+00  3.598340e+00  3.499310e+00  3.422920e+00  3.349420e+00  3.330650e+00  
3.313630e+00  3.311410e+00  3.310100e+00  3.309930e+00  3.309820e+00  3.309630e+00  
1.153925e+01  1.153923e+01  1.153922e+01  1.153920e+01  1.153917e+01  1.153913e+01  
1.153906e+01  1.153894e+01  1.153877e+01  1.153849e+01  1.153805e+01  1.153736e+01  
1.153627e+01  1.153454e+01  1.153184e+01  1.152757e+01  1.152085e+01  1.151019e+01  
1.149322e+01  1.146614e+01  1.142298e+01  1.135414e+01  1.124437e+01  1.107041e+01  
1.079833e+01  1.038447e+01  9.776418e+00  9.025976e+00  8.354308e+00  7.752580e+00  
7.214354e+00  6.731317e+00  6.295158e+00  5.900119e+00  5.540900e+00  5.211353e+00  
4.903509e+00  4.611749e+00  4.335679e+00  4.075089e+00  3.829760e+00  3.597330e+00  
3.377190e+00  3.271870e+00  3.167350e+00  3.085790e+00  3.009800e+00  2.990450e+00  
2.971600e+00  2.969140e+00  2.967700e+00  2.967490e+00  2.967410e+00  2.968150e+00  
1.166842e+01  1.166840e+01  1.166839e+01  1.166837e+01  1.166834e+01  1.166829e+01  
1.166822e+01  1.166810e+01  1.166792e+01  1.166763e+01  1.166716e+01  1.166643e+01  
1.166528e+01  1.166347e+01  1.166062e+01  1.165615e+01  1.164910e+01  1.163789e+01  
1.161997e+01  1.159138e+01  1.154575e+01  1.147281e+01  1.135635e+01  1.117188e+01  
1.088359e+01  1.044624e+01  9.806374e+00  9.018771e+00  8.316965e+00  7.690516e+00  
7.130648e+00  6.627543e+00  6.171668e+00  5.757265e+00  5.379646e+00  5.033691e+00  
4.712981e+00  4.412663e+00  4.130861e+00  3.864737e+00  3.612297e+00  3.372430e+00  
3.144610e+00  3.035290e+00  2.926840e+00  2.841640e+00  2.759920e+00  2.739850e+00  
2.722710e+00  2.720500e+00  2.718730e+00  2.718500e+00  2.718320e+00  2.719680e+00  
1.182326e+01  1.182324e+01  1.182323e+01  1.182321e+01  1.182318e+01  1.182313e+01  
1.182305e+01  1.182292e+01  1.182273e+01  1.182242e+01  1.182192e+01  1.182115e+01  
1.181993e+01  1.181803e+01  1.181504e+01  1.181037e+01  1.180296e+01  1.179112e+01  
1.177212e+01  1.174174e+01  1.169305e+01  1.161489e+01  1.148995e+01  1.129207e+01  
1.098301e+01  1.051593e+01  9.835972e+00  9.001301e+00  8.261364e+00  7.604440e+00  
7.018449e+00  6.491912e+00  6.014407e+00  5.579932e+00  5.183764e+00  4.820865e+00  
4.485196e+00  4.171975e+00  3.878810e+00  3.602173e+00  3.339145e+00  3.088410e+00  
2.848100e+00  2.731650e+00  2.616020e+00  2.524560e+00  2.434010e+00  2.411800e+00  
2.395320e+00  2.393490e+00  2.391550e+00  2.391200e+00  2.391140e+00  2.391620e+00  
1.190847e+01  1.190845e+01  1.190843e+01  1.190841e+01  1.190837e+01  1.190832e+01  
1.190824e+01  1.190811e+01  1.190791e+01  1.190759e+01  1.190708e+01  1.190628e+01  
1.190504e+01  1.190310e+01  1.190008e+01  1.189532e+01  1.188776e+01  1.187558e+01  
1.185603e+01  1.182464e+01  1.177408e+01  1.169260e+01  1.156233e+01  1.135587e+01  
1.103371e+01  1.054847e+01  9.845080e+00  8.984783e+00  8.225939e+00  7.555037e+00  
6.958078e+00  6.422268e+00  5.936411e+00  5.494258e+00  5.090797e+00  4.720596e+00  
4.377189e+00  4.055583e+00  3.753550e+00  3.467891e+00  3.195578e+00  2.933813e+00  
2.680080e+00  2.556110e+00  2.433770e+00  2.337190e+00  2.238620e+00  2.213970e+00  
2.195140e+00  2.192990e+00  2.191040e+00  2.190790e+00  2.190560e+00  2.189410e+00  
1.197185e+01  1.197183e+01  1.197182e+01  1.197179e+01  1.197176e+01  1.197171e+01  
1.197163e+01  1.197150e+01  1.197129e+01  1.197096e+01  1.197046e+01  1.196967e+01  
1.196846e+01  1.196661e+01  1.196372e+01  1.195915e+01  1.195172e+01  1.193965e+01  
1.192012e+01  1.188833e+01  1.183634e+01  1.175214e+01  1.161718e+01  1.140287e+01  
1.106972e+01  1.057032e+01  9.849565e+00  8.972043e+00  8.203612e+00  7.524724e+00  
6.921451e+00  6.380334e+00  5.889929e+00  5.443508e+00  5.035463e+00  4.659563e+00  
4.308261e+00  3.975915e+00  3.660646e+00  3.359921e+00  3.070255e+00  2.785484e+00  
2.500230e+00  2.355910e+00  2.209120e+00  2.090160e+00  1.971090e+00  1.940520e+00  
1.915680e+00  1.912820e+00  1.910520e+00  1.910160e+00  1.909960e+00  1.908540e+00  
1.195449e+01  1.195446e+01  1.195445e+01  1.195442e+01  1.195439e+01  1.195434e+01  
1.195426e+01  1.195413e+01  1.195394e+01  1.195363e+01  1.195315e+01  1.195242e+01  
1.195132e+01  1.194965e+01  1.194707e+01  1.194287e+01  1.193592e+01  1.192453e+01  
1.190581e+01  1.187468e+01  1.182321e+01  1.173956e+01  1.160475e+01  1.139104e+01  
1.106025e+01  1.056625e+01  9.852883e+00  8.985729e+00  8.226946e+00  7.553944e+00  
6.954096e+00  6.414722e+00  5.924977e+00  5.478410e+00  5.069662e+00  4.692731e+00  
4.340380e+00  4.006716e+00  3.688372e+00  3.380404e+00  3.077271e+00  2.772622e+00  
2.458580e+00  2.294190e+00  2.119170e+00  1.971200e+00  1.826680e+00  1.792330e+00  
1.764680e+00  1.761160e+00  1.757860e+00  1.757370e+00  1.757110e+00  1.759280e+00  
1.184890e+01  1.184888e+01  1.184887e+01  1.184885e+01  1.184882e+01  1.184877e+01  
1.184870e+01  1.184858e+01  1.184841e+01  1.184815e+01  1.184777e+01  1.184722e+01  
1.184645e+01  1.184532e+01  1.184348e+01  1.184025e+01  1.183473e+01  1.182531e+01  
1.180885e+01  1.178021e+01  1.173217e+01  1.165275e+01  1.152425e+01  1.132208e+01  
1.101102e+01  1.054636e+01  9.872315e+00  9.046162e+00  8.311588e+00  7.651225e+00  
7.057338e+00  6.522362e+00  6.039730e+00  5.602819e+00  5.204697e+00  4.837356e+00  
4.490634e+00  4.156832e+00  3.833289e+00  3.516245e+00  3.198668e+00  2.865635e+00  
2.498820e+00  2.296505e+00  2.075340e+00  1.880190e+00  1.675220e+00  1.628450e+00  
1.602600e+00  1.599650e+00  1.592730e+00  1.591200e+00  1.592320e+00  1.600340e+00  
1.176471e+01  1.176468e+01  1.176467e+01  1.176465e+01  1.176462e+01  1.176458e+01  
1.176452e+01  1.176441e+01  1.176426e+01  1.176405e+01  1.176377e+01  1.176342e+01  
1.176298e+01  1.176233e+01  1.176109e+01  1.175871e+01  1.175440e+01  1.174635e+01  
1.173107e+01  1.170380e+01  1.165709e+01  1.157886e+01  1.145318e+01  1.125709e+01  
1.095754e+01  1.050917e+01  9.868805e+00  9.081442e+00  8.376725e+00  7.740455e+00  
7.165761e+00  6.645939e+00  6.175121e+00  5.747286e+00  5.356091e+00  4.993957e+00  
4.651211e+00  4.320153e+00  3.997456e+00  3.678037e+00  3.352196e+00  2.999350e+00  
2.592980e+00  2.359884e+00  2.097780e+00  1.860680e+00  1.602820e+00  1.541850e+00  
1.517240e+00  1.515190e+00  1.505070e+00  1.502580e+00  1.505150e+00  1.515840e+00  
1.168955e+01  1.168953e+01  1.168952e+01  1.168951e+01  1.168948e+01  1.168944e+01  
1.168937e+01  1.168929e+01  1.168917e+01  1.168901e+01  1.168884e+01  1.168871e+01  
1.168863e+01  1.168844e+01  1.168779e+01  1.168629e+01  1.168311e+01  1.167612e+01  
1.166181e+01  1.163567e+01  1.158965e+01  1.151248e+01  1.138967e+01  1.119964e+01  
1.091041e+01  1.047865e+01  9.865666e+00  9.111745e+00  8.433403e+00  7.818644e+00  
7.261461e+00  6.755768e+00  6.296271e+00  5.877525e+00  5.493611e+00  5.137435e+00  
4.799769e+00  4.472980e+00  4.153180e+00  3.834247e+00  3.504283e+00  3.137823e+00  
2.701103e+00  2.443121e+00  2.146033e+00  1.872360e+00  1.565410e+00  1.490220e+00  
1.465480e+00  1.464220e+00  1.451440e+00  1.448140e+00  1.451990e+00  1.463060e+00  
1.162503e+01  1.162501e+01  1.162500e+01  1.162498e+01  1.162496e+01  1.162492e+01  
1.162487e+01  1.162480e+01  1.162471e+01  1.162461e+01  1.162457e+01  1.162467e+01  
1.162493e+01  1.162517e+01  1.162510e+01  1.162445e+01  1.162222e+01  1.161598e+01  
1.160245e+01  1.157688e+01  1.153092e+01  1.145441e+01  1.133377e+01  1.114877e+01  
1.086614e+01  1.045237e+01  9.863449e+00  9.137611e+00  8.482156e+00  7.886272e+00  
7.344662e+00  6.851781e+00  6.402817e+00  5.992743e+00  5.616060e+00  5.266085e+00  
4.933960e+00  4.612111e+00  4.296290e+00  3.979466e+00  3.647918e+00  3.272045e+00  
2.811492e+00  2.532891e+00  2.205819e+00  1.899310e+00  1.546830e+00  1.457750e+00  
1.431200e+00  1.430460e+00  1.415530e+00  1.411570e+00  1.416460e+00  1.426880e+00  
1.151415e+01  1.151413e+01  1.151413e+01  1.151411e+01  1.151409e+01  1.151406e+01  
1.151402e+01  1.151398e+01  1.151396e+01  1.151403e+01  1.151429e+01  1.151487e+01  
1.151577e+01  1.151679e+01  1.151793e+01  1.151881e+01  1.151797e+01  1.151278e+01  
1.150028e+01  1.147465e+01  1.142818e+01  1.135248e+01  1.123537e+01  1.105831e+01  
1.078838e+01  1.040666e+01  9.859494e+00  9.180178e+00  8.563311e+00  7.999319e+00  
7.484107e+00  7.013044e+00  6.582135e+00  6.187146e+00  5.823398e+00  5.485038e+00  
5.164145e+00  4.853560e+00  4.548159e+00  4.239285e+00  3.909374e+00  3.520095e+00  
3.018756e+00  2.704773e+00  2.328325e+00  1.970423e+00  1.553310e+00  1.438000e+00  
1.375520e+00  1.376640e+00  1.378300e+00  1.375030e+00  1.365380e+00  1.380390e+00  
1.143885e+01  1.143884e+01  1.143883e+01  1.143881e+01  1.143879e+01  1.143877e+01  
1.143875e+01  1.143875e+01  1.143882e+01  1.143906e+01  1.143964e+01  1.144070e+01  
1.144216e+01  1.144399e+01  1.144627e+01  1.144838e+01  1.144837e+01  1.144389e+01  
1.143152e+01  1.140477e+01  1.135730e+01  1.128154e+01  1.116670e+01  1.099140e+01  
1.073609e+01  1.037678e+01  9.859647e+00  9.213901e+00  8.625562e+00  8.085851e+00  
7.591337e+00  7.138009e+00  6.722406e+00  6.340823e+00  5.989089e+00  5.661874e+00  
5.351897e+00  5.052215e+00  4.757388e+00  4.457675e+00  4.133173e+00  3.739642e+00  
3.214065e+00  2.874879e+00  2.458392e+00  2.053207e+00  1.569060e+00  1.430270e+00  
1.350230e+00  1.350450e+00  1.352650e+00  1.348920e+00  1.336500e+00  1.351630e+00  
1.139527e+01  1.139526e+01  1.139525e+01  1.139523e+01  1.139523e+01  1.139523e+01  
1.139527e+01  1.139539e+01  1.139573e+01  1.139649e+01  1.139790e+01  1.139998e+01  
1.140277e+01  1.140658e+01  1.141118e+01  1.141498e+01  1.141597e+01  1.141162e+01  
1.139640e+01  1.136523e+01  1.131339e+01  1.123479e+01  1.111770e+01  1.094237e+01  
1.070649e+01  1.037007e+01  9.883694e+00  9.275961e+00  8.723002e+00  8.217172e+00  
7.755302e+00  7.333667e+00  6.948964e+00  6.597542e+00  6.275079e+00  5.975805e+00  
5.691378e+00  5.414288e+00  5.139761e+00  4.859327e+00  4.555220e+00  4.186397e+00  
3.670501e+00  3.300397e+00  2.787472e+00  2.250611e+00  1.610400e+00  1.434640e+00  
1.341750e+00  1.329690e+00  1.307250e+00  1.306090e+00  1.302410e+00  1.311350e+00  
1.133895e+01  1.133894e+01  1.133893e+01  1.133893e+01  1.133894e+01  1.133898e+01  
1.133909e+01  1.133938e+01  1.134006e+01  1.134140e+01  1.134359e+01  1.134662e+01  
1.135084e+01  1.135649e+01  1.136269e+01  1.136739e+01  1.136892e+01  1.136309e+01  
1.134456e+01  1.130992e+01  1.125523e+01  1.117578e+01  1.105160e+01  1.089065e+01  
1.067013e+01  1.035313e+01  9.892679e+00  9.316700e+00  8.791829e+00  8.311580e+00  
7.873230e+00  7.473493e+00  7.109478e+00  6.777913e+00  6.474818e+00  6.194790e+00  
5.929703e+00  5.672152e+00  5.417346e+00  5.156501e+00  4.870542e+00  4.514464e+00  
3.996616e+00  3.613127e+00  3.067623e+00  2.472318e+00  1.698560e+00  1.469020e+00  
1.330900e+00  1.314160e+00  1.289400e+00  1.287310e+00  1.283850e+00  1.290140e+00  
1.123716e+01  1.123716e+01  1.123715e+01  1.123717e+01  1.123721e+01  1.123734e+01  
1.123768e+01  1.123842e+01  1.123990e+01  1.124239e+01  1.124594e+01  1.125097e+01  
1.125793e+01  1.126630e+01  1.127410e+01  1.127993e+01  1.128022e+01  1.126963e+01  
1.124551e+01  1.120554e+01  1.114823e+01  1.105770e+01  1.094488e+01  1.080318e+01  
1.060569e+01  1.031879e+01  9.898551e+00  9.370129e+00  8.885960e+00  8.441164e+00  
8.033814e+00  7.661676e+00  7.322769e+00  7.014863e+00  6.735247e+00  6.480090e+00  
6.243393e+00  6.019204e+00  5.802433e+00  5.582504e+00  5.334794e+00  4.998431e+00  
4.465100e+00  4.061898e+00  3.492042e+00  2.848863e+00  1.909806e+00  1.589890e+00  
1.319540e+00  1.290940e+00  1.277110e+00  1.272600e+00  1.255170e+00  1.268360e+00  
1.122934e+01  1.122933e+01  1.122934e+01  1.122938e+01  1.122948e+01  1.122975e+01  
1.123035e+01  1.123163e+01  1.123394e+01  1.123741e+01  1.124233e+01  1.124932e+01  
1.125850e+01  1.126825e+01  1.127696e+01  1.128246e+01  1.127924e+01  1.126386e+01  
1.123452e+01  1.119047e+01  1.112665e+01  1.103151e+01  1.092726e+01  1.079271e+01  
1.060268e+01  1.032475e+01  9.916825e+00  9.404313e+00  8.935834e+00  8.506985e+00  
8.116000e+00  7.760837e+00  7.439644e+00  7.150352e+00  6.890370e+00  6.655911e+00  
6.440820e+00  6.239229e+00  6.046716e+00  5.853679e+00  5.636623e+00  5.335337e+00  
4.835709e+00  4.440249e+00  3.856299e+00  3.163449e+00  2.081486e+00  1.693460e+00  
1.337840e+00  1.292370e+00  1.264610e+00  1.259860e+00  1.245370e+00  1.257310e+00  
1.123035e+01  1.123036e+01  1.123038e+01  1.123045e+01  1.123062e+01  1.123105e+01  
1.123199e+01  1.123385e+01  1.123693e+01  1.124132e+01  1.124764e+01  1.125647e+01  
1.126721e+01  1.127782e+01  1.128704e+01  1.129086e+01  1.128400e+01  1.126452e+01  
1.123116e+01  1.118456e+01  1.110780e+01  1.102143e+01  1.092321e+01  1.079436e+01  
1.061052e+01  1.033986e+01  9.940695e+00  9.437786e+00  8.976953e+00  8.554838e+00  
8.170395e+00  7.822495e+00  7.510245e+00  7.232095e+00  6.985937e+00  6.768599e+00  
6.574783e+00  6.398017e+00  6.229891e+00  6.052343e+00  5.839547e+00  5.553434e+00  
5.105693e+00  4.751217e+00  4.205698e+00  3.491989e+00  2.224496e+00  1.768940e+00  
1.356030e+00  1.299980e+00  1.258760e+00  1.252710e+00  1.249360e+00  1.250690e+00  
1.122869e+01  1.122870e+01  1.122874e+01  1.122885e+01  1.122911e+01  1.122973e+01  
1.123104e+01  1.123348e+01  1.123724e+01  1.124258e+01  1.125030e+01  1.126072e+01  
1.127245e+01  1.128375e+01  1.129284e+01  1.129425e+01  1.128404e+01  1.126084e+01  
1.122451e+01  1.117471e+01  1.109197e+01  1.101104e+01  1.091682e+01  1.079156e+01  
1.061141e+01  1.034514e+01  9.951931e+00  9.456620e+00  9.003111e+00  8.588397e+00  
8.211577e+00  7.871638e+00  7.567888e+00  7.298911e+00  7.062784e+00  6.856599e+00  
6.675266e+00  6.512664e+00  6.361192e+00  6.203630e+00  6.014392e+00  5.752870e+00  
5.328552e+00  4.986134e+00  4.452789e+00  3.737176e+00  2.388561e+00  1.866192e+00  
1.373130e+00  1.305130e+00  1.256310e+00  1.248880e+00  1.245180e+00  1.246310e+00  
1.122729e+01  1.122733e+01  1.122741e+01  1.122761e+01  1.122809e+01  1.122917e+01  
1.123128e+01  1.123479e+01  1.123984e+01  1.124715e+01  1.125745e+01  1.127017e+01  
1.128319e+01  1.129532e+01  1.130232e+01  1.129865e+01  1.128262e+01  1.125353e+01  
1.121339e+01  1.114443e+01  1.107162e+01  1.099782e+01  1.090930e+01  1.078921e+01  
1.061437e+01  1.035422e+01  9.968911e+00  9.483580e+00  9.039304e+00  8.633873e+00  
8.266804e+00  7.937556e+00  7.645929e+00  7.390672e+00  7.169827e+00  6.980375e+00  
6.816825e+00  6.673247e+00  6.543630e+00  6.413665e+00  6.260510e+00  6.044224e+00  
5.674290e+00  5.361277e+00  4.852542e+00  4.133358e+00  2.673571e+00  2.060114e+00  
1.414620e+00  1.317970e+00  1.252860e+00  1.247260e+00  1.237170e+00  1.240850e+00  
1.125063e+01  1.125071e+01  1.125084e+01  1.125116e+01  1.125191e+01  1.125351e+01  
1.125642e+01  1.126086e+01  1.126723e+01  1.127647e+01  1.128893e+01  1.130296e+01  
1.131695e+01  1.132879e+01  1.133240e+01  1.132415e+01  1.130298e+01  1.126982e+01  
1.122416e+01  1.114707e+01  1.108034e+01  1.101008e+01  1.092356e+01  1.080405e+01  
1.062843e+01  1.036657e+01  9.980021e+00  9.496184e+00  9.056421e+00  8.658091e+00  
8.299821e+00  7.980054e+00  7.697557e+00  7.450981e+00  7.238588e+00  7.057486e+00  
6.902467e+00  6.769031e+00  6.655338e+00  6.555068e+00  6.447959e+00  6.273676e+00  
5.923981e+00  5.623359e+00  5.150017e+00  4.465009e+00  2.933515e+00  2.233815e+00  
1.453720e+00  1.335870e+00  1.253540e+00  1.244200e+00  1.236170e+00  1.237490e+00  
1.123987e+01  1.124008e+01  1.124039e+01  1.124113e+01  1.124272e+01  1.124569e+01  
1.125034e+01  1.125701e+01  1.126678e+01  1.128020e+01  1.129589e+01  1.131198e+01  
1.132673e+01  1.133401e+01  1.132940e+01  1.131182e+01  1.128214e+01  1.124294e+01  
1.116890e+01  1.110804e+01  1.105117e+01  1.098855e+01  1.090850e+01  1.079508e+01  
1.062608e+01  1.037247e+01  9.996901e+00  9.525730e+00  9.096608e+00  8.707538e+00  
8.357519e+00  8.045501e+00  7.770813e+00  7.533018e+00  7.331504e+00  7.165143e+00  
7.031384e+00  6.927110e+00  6.848020e+00  6.781156e+00  6.705686e+00  6.585078e+00  
6.332073e+00  6.091295e+00  5.679516e+00  5.048289e+00  3.473467e+00  2.610480e+00  
1.557080e+00  1.391280e+00  1.258620e+00  1.244390e+00  1.228170e+00  1.232930e+00  
1.123762e+01  1.123802e+01  1.123858e+01  1.123985e+01  1.124238e+01  1.124662e+01  
1.125279e+01  1.126182e+01  1.127466e+01  1.129093e+01  1.130828e+01  1.132553e+01  
1.133808e+01  1.133954e+01  1.132815e+01  1.130360e+01  1.126963e+01  1.120652e+01  
1.114265e+01  1.108975e+01  1.103870e+01  1.098073e+01  1.090466e+01  1.079502e+01  
1.063012e+01  1.038098e+01  1.000979e+01  9.542528e+00  9.116146e+00  8.729885e+00  
8.383275e+00  8.075947e+00  7.807808e+00  7.578002e+00  7.384947e+00  7.227035e+00  
7.102397e+00  7.008973e+00  6.944363e+00  6.898849e+00  6.855423e+00  6.779933e+00  
6.587575e+00  6.385313e+00  6.024146e+00  5.450126e+00  3.890866e+00  2.930763e+00  
1.658550e+00  1.447640e+00  1.267010e+00  1.246040e+00  1.226050e+00  1.230620e+00  
1.123825e+01  1.123918e+01  1.124041e+01  1.124292e+01  1.124726e+01  1.125363e+01  
1.126296e+01  1.127640e+01  1.129386e+01  1.131293e+01  1.133241e+01  1.134813e+01  
1.135296e+01  1.134460e+01  1.132256e+01  1.129061e+01  1.123254e+01  1.116632e+01  
1.111557e+01  1.107137e+01  1.102671e+01  1.097340e+01  1.090071e+01  1.079368e+01  
1.063107e+01  1.038453e+01  1.001728e+01  9.556042e+00  9.135818e+00  8.755416e+00  
8.414185e+00  8.111924e+00  7.848684e+00  7.624396e+00  7.438630e+00  7.290576e+00  
7.177876e+00  7.098550e+00  7.051379e+00  7.028686e+00  7.016851e+00  6.988396e+00  
6.880004e+00  6.745370e+00  6.466504e+00  5.973714e+00  4.483139e+00  3.453336e+00  
1.855841e+00  1.558250e+00  1.286890e+00  1.252700e+00  1.224860e+00  1.228310e+00  
1.123844e+01  1.124010e+01  1.124214e+01  1.124593e+01  1.125179e+01  1.126026e+01  
1.127272e+01  1.128980e+01  1.130968e+01  1.133055e+01  1.135013e+01  1.136097e+01  
1.135872e+01  1.134237e+01  1.131395e+01  1.127624e+01  1.119857e+01  1.114373e+01  
1.110009e+01  1.106112e+01  1.102031e+01  1.096985e+01  1.089939e+01  1.079430e+01  
1.063364e+01  1.038916e+01  1.002392e+01  9.564360e+00  9.145426e+00  8.766712e+00  
8.427749e+00  8.128267e+00  7.868336e+00  7.647787e+00  7.466240e+00  7.322944e+00  
7.215943e+00  7.143735e+00  7.105863e+00  7.095877e+00  7.103421e+00  7.109799e+00  
7.060673e+00  6.963077e+00  6.721578e+00  6.274187e+00  4.919075e+00  3.882896e+00  
2.028142e+00  1.660400e+00  1.308670e+00  1.265350e+00  1.226260e+00  1.227160e+00  
1.123814e+01  1.124069e+01  1.124360e+01  1.124855e+01  1.125580e+01  1.126646e+01  
1.128177e+01  1.130142e+01  1.132283e+01  1.134483e+01  1.136231e+01  1.136790e+01  
1.135956e+01  1.133705e+01  1.130511e+01  1.124159e+01  1.117642e+01  1.112835e+01  
1.108945e+01  1.105395e+01  1.101565e+01  1.096697e+01  1.089782e+01  1.079379e+01  
1.063414e+01  1.039078e+01  1.002682e+01  9.568616e+00  9.150911e+00  8.773657e+00  
8.436393e+00  8.138809e+00  7.880938e+00  7.662596e+00  7.483548e+00  7.343172e+00  
7.239709e+00  7.172000e+00  7.140085e+00  7.138328e+00  7.157871e+00  7.183077e+00  
7.169064e+00  7.101822e+00  6.903525e+00  6.505414e+00  5.236754e+00  4.214816e+00  
2.196263e+00  1.764090e+00  1.331180e+00  1.274870e+00  1.227150e+00  1.226490e+00  
1.123785e+01  1.124143e+01  1.124521e+01  1.125118e+01  1.125986e+01  1.127264e+01  
1.129045e+01  1.131176e+01  1.133444e+01  1.135661e+01  1.137082e+01  1.137166e+01  
1.135791e+01  1.133106e+01  1.129633e+01  1.121797e+01  1.116051e+01  1.111722e+01  
1.108181e+01  1.104884e+01  1.101232e+01  1.096491e+01  1.089668e+01  1.079341e+01  
1.063449e+01  1.039187e+01  1.002876e+01  9.571456e+00  9.154570e+00  8.778314e+00  
8.442199e+00  8.145915e+00  7.889443e+00  7.672622e+00  7.495312e+00  7.356944e+00  
7.255920e+00  7.191300e+00  7.163425e+00  7.167345e+00  7.195247e+00  7.233692e+00  
7.244499e+00  7.199590e+00  7.036080e+00  6.680061e+00  5.486440e+00  4.487889e+00  
2.356038e+00  1.864410e+00  1.353900e+00  1.284390e+00  1.228580e+00  1.226040e+00  
1.123748e+01  1.124341e+01  1.124877e+01  1.125664e+01  1.126825e+01  1.128493e+01  
1.130637e+01  1.132986e+01  1.135421e+01  1.137389e+01  1.138108e+01  1.137383e+01  
1.135141e+01  1.131967e+01  1.125368e+01  1.118682e+01  1.113889e+01  1.110220e+01  
1.107162e+01  1.104207e+01  1.100793e+01  1.096215e+01  1.089509e+01  1.079275e+01  
1.063468e+01  1.039302e+01  1.003108e+01  9.575032e+00  9.159345e+00  8.784338e+00  
8.449602e+00  8.154887e+00  7.900202e+00  7.685440e+00  7.510408e+00  7.374640e+00  
7.276774e+00  7.216102e+00  7.193454e+00  7.204652e+00  7.243410e+00  7.299222e+00  
7.342328e+00  7.327490e+00  7.216668e+00  6.929168e+00  5.857636e+00  4.913706e+00  
2.652418e+00  2.053962e+00  1.399190e+00  1.303670e+00  1.232370e+00  1.225470e+00  
1.123738e+01  1.124586e+01  1.125193e+01  1.126230e+01  1.127683e+01  1.129683e+01  
1.132037e+01  1.134467e+01  1.137018e+01  1.138621e+01  1.138617e+01  1.137163e+01  
1.134395e+01  1.130791e+01  1.122372e+01  1.116661e+01  1.112480e+01  1.109258e+01  
1.106520e+01  1.103790e+01  1.100527e+01  1.096053e+01  1.089420e+01  1.079242e+01  
1.063486e+01  1.039372e+01  1.003241e+01  9.577183e+00  9.162285e+00  8.788077e+00  
8.454161e+00  8.160334e+00  7.906709e+00  7.693185e+00  7.519583e+00  7.385463e+00  
7.289555e+00  7.231301e+00  7.211821e+00  7.227498e+00  7.272953e+00  7.339672e+00  
7.402746e+00  7.407078e+00  7.333878e+00  7.099230e+00  6.124662e+00  5.235535e+00  
2.915822e+00  2.228392e+00  1.443960e+00  1.323660e+00  1.236870e+00  1.225130e+00  
