 63000  0  0  151.96     180717  2  0.0         1.0000E+50  0.0
91912  0  0.0         0.0         0.0         0.0         0.0
 1.000000000E+00 2.000000000E+00
 3.000000000E+00 2.000000000E+00
 5.000000000E+00 2.000000000E+00
 6.000000000E+00 4.000000000E+00
 8.000000000E+00 2.000000000E+00
 1.000000000E+01 2.000000000E+00
 1.100000000E+01 4.000000000E+00
 1.300000000E+01 4.000000000E+00
 1.400000000E+01 6.000000000E+00
 1.600000000E+01 2.000000000E+00
 1.800000000E+01 2.000000000E+00
 1.900000000E+01 4.000000000E+00
 2.100000000E+01 4.000000000E+00
 2.200000000E+01 6.000000000E+00
 2.400000000E+01 3.000000000E+00
 2.500000000E+01 4.000000000E+00
 2.700000000E+01 2.000000000E+00
 2.900000000E+01 2.000000000E+00
 3.000000000E+01 4.000000000E+00
 4.100000000E+01 2.000000000E+00
                                                                       1
 63000  0  0  151.96     180717  2  0.0         1.0000E+50  0.0
91913  0  0.0         0.0         0.0         0.0         0.0
 1.000000000E+00 4.852200000E-02
 3.000000000E+00 8.056000000E-03
 5.000000000E+00 7.621000000E-03
 6.000000000E+00 6.981000000E-03
 8.000000000E+00 1.805000000E-03
 1.000000000E+01 1.618000000E-03
 1.100000000E+01 1.484000000E-03
 1.300000000E+01 1.164000000E-03
 1.400000000E+01 1.135000000E-03
 1.600000000E+01 3.640000000E-04
 1.800000000E+01 2.860000000E-04
 1.900000000E+01 2.620000000E-04
 2.100000000E+01 1.430000000E-04
 2.200000000E+01 1.370000000E-04
 2.400000000E+01 6.000000000E-06
 2.500000000E+01 6.000000000E-06
 2.700000000E+01 4.500000000E-05
 2.900000000E+01 3.000000000E-05
 3.000000000E+01 2.600000000E-05
 4.100000000E+01 5.680000000E-06
                                                                       1
 63000  0  0  151.96     180717  2  0.0         1.0000E+50  0.0
91914  0  0.0         0.0         0.0         0.0         0.0
 1.000000000E+00 6.327701190E-02
 3.000000000E+00 1.440476821E-02
 5.000000000E+00 1.433685133E-02
 6.000000000E+00 1.194487487E-02
 8.000000000E+00 4.473137205E-03
 1.000000000E+01 4.358008354E-03
 1.100000000E+01 3.789774088E-03
 1.300000000E+01 3.609576765E-03
 1.400000000E+01 3.477521093E-03
 1.600000000E+01 1.388939335E-03
 1.800000000E+01 1.259070505E-03
 1.900000000E+01 1.124395697E-03
 2.100000000E+01 9.142864104E-04
 2.200000000E+01 8.750245015E-04
 2.400000000E+01 3.268618219E-04
 2.500000000E+01 3.441938326E-04
 2.700000000E+01 2.617425320E-04
 2.900000000E+01 2.212708265E-04
 3.000000000E+01 1.886468373E-04
 4.100000000E+01 3.165829457E-05
                                                                       1
 63000  0  0  151.96     180717  2  0.0         1.0000E+50  0.0
91915  0  0.0         0.0         0.0         0.0         0.0
 1.000000000E+00 1.179300000E-10
 3.000000000E+00 4.989200000E-10
 5.000000000E+00 4.166700000E-10
 6.000000000E+00 4.521900000E-10
 8.000000000E+00 1.311400000E-09
 1.000000000E+01 1.254600000E-09
 1.100000000E+01 1.322600000E-09
 1.300000000E+01 1.172000000E-09
 1.400000000E+01 1.193200000E-09
 1.600000000E+01 2.973400000E-09
 1.800000000E+01 3.036400000E-09
 1.900000000E+01 3.189300000E-09
 2.100000000E+01 3.381600000E-09
 2.200000000E+01 3.434900000E-09
 2.400000000E+01 4.645500000E-09
 2.500000000E+01 4.711100000E-09
 2.700000000E+01 7.182600000E-09
 2.900000000E+01 8.055300000E-09
 3.000000000E+01 8.549600000E-09
 4.100000000E+01 2.250100000E-08
                                                                       1
 63000  0  0  151.96     180717  2  0.0         1.0000E+50  0.0
91921  0  0.0         0.0         0.0         0.0         0.0
 1.000000000E+00 1.906400000E-05
 3.000000000E+00 3.616900000E-07
 5.000000000E+00 6.168800000E-07
 6.000000000E+00 5.672600000E-07
 8.000000000E+00 1.104100000E-08
 1.000000000E+01 1.123400000E-08
 1.100000000E+01 1.150500000E-08
 1.300000000E+01 5.809500000E-09
 1.400000000E+01 5.455700000E-09
 1.600000000E+01 2.823600000E-10
 1.800000000E+01 5.603500000E-10
 1.900000000E+01 3.913100000E-10
 2.100000000E+01 2.601000000E-10
 2.200000000E+01 2.378100000E-10
 2.700000000E+01 1.387800000E-11
                                                                       1
 63000  0  0  151.96     180717  2  0.0         1.0000E+50  0.0
91922  0  0.0         0.0         0.0         0.0         0.0
 1.000000000E+00 1.426100000E-06
 3.000000000E+00 4.095400000E-06
 5.000000000E+00 2.994400000E-06
 6.000000000E+00 2.877000000E-06
 8.000000000E+00 1.556000000E-05
 1.000000000E+01 7.357900000E-06
 1.100000000E+01 7.747300000E-06
 1.300000000E+01 1.284400000E-06
 1.400000000E+01 8.973000000E-07
 1.600000000E+01 1.037000000E-05
 1.800000000E+01 1.257100000E-05
 1.900000000E+01 6.582400000E-06
 2.100000000E+01 2.232000000E-06
 2.200000000E+01 1.891500000E-06
 2.700000000E+01 1.033400000E-06
                                                                       1
 63000  0  0  151.96     180717  2  0.0         1.0000E+50  0.0
92935  0  0.0         0.0         0.0         0.0         0.0
 1.000000000E+00 1.311856329E-04
 3.000000000E+00 1.616042783E-04
 5.000000000E+00 1.372295743E-04
 6.000000000E+00 1.278504315E-04
 8.000000000E+00 1.200885221E-04
 1.000000000E+01 1.019390436E-04
 1.100000000E+01 9.256773136E-05
 1.300000000E+01 6.754181803E-05
 1.400000000E+01 6.188772544E-05
 1.600000000E+01 6.513747945E-05
 1.800000000E+01 5.382055577E-05
 1.900000000E+01 4.547094045E-05
 2.100000000E+01 3.344889618E-05
 2.200000000E+01 2.619783558E-05
 2.400000000E+01 6.000000000E-06
 2.500000000E+01 6.000000000E-06
 2.700000000E+01 3.034971550E-05
 2.900000000E+01 3.000000000E-05
 3.000000000E+01 2.600000000E-05
 4.100000000E+01 5.680000000E-06
                                                                       1
 63000  0  7  151.96     180717  2  0.0         1.0000E+50  0.0
92933  0  0.0         0.0         0.0         0.0         0.0
 1.000000000E+00 1.089340000E+00
 3.000000000E+00 1.798160000E-01
 5.000000000E+00 2.030280000E-01
 6.000000000E+00 1.690610000E-01
 8.000000000E+00 9.575860000E-03
 1.000000000E+01 9.899210000E-03
 1.100000000E+01 9.422350000E-03
 1.300000000E+01 8.134550000E-03
 1.400000000E+01 7.656870000E-03
 1.600000000E+01 3.206280000E-04
 1.800000000E+01 3.848170000E-04
 1.900000000E+01 1.340430000E-04
 2.100000000E+01 1.753370000E-05
 2.200000000E+01 1.740530000E-05
 2.700000000E+01 1.187200000E-07
                                                                       1
 63000  0  7  151.96     180717  2  0.0         1.0000E+50  0.0
92934  0  0.0         0.0         0.0         0.0         0.0
 1.000000000E+00 4.051129434E-02
 3.000000000E+00 1.084893957E-03
 5.000000000E+00 1.245918757E-03
 6.000000000E+00 9.388908062E-04
 8.000000000E+00 1.044734284E-05
 1.000000000E+01 1.044648990E-05
 1.100000000E+01 9.966671639E-06
 1.300000000E+01 7.883188005E-06
 1.400000000E+01 7.415286782E-06
 1.600000000E+01 5.510361644E-08
 1.800000000E+01 5.967889674E-08
 1.900000000E+01 1.874613523E-08
 2.100000000E+01 2.105117555E-09
 2.200000000E+01 2.040745998E-09
 2.700000000E+01 1.588022518E-12
                                                                       1
 63000  0  9  151.96     180717  2  0.0         1.0000E+50  0.0
92933  0  0.0         0.0         0.0         0.0         0.0
 1.000000000E+00 8.243240000E+00
 3.000000000E+00 1.024990000E+01
 5.000000000E+00 8.567940000E+00
 6.000000000E+00 8.063480000E+00
 8.000000000E+00 7.262350000E+00
 1.000000000E+01 5.977780000E+00
 1.100000000E+01 5.515280000E+00
 1.300000000E+01 3.649030000E+00
 1.400000000E+01 3.519250000E+00
 1.600000000E+01 3.057140000E+00
 1.800000000E+01 2.686920000E+00
 1.900000000E+01 2.166870000E+00
 2.100000000E+01 1.196990000E+00
 2.200000000E+01 1.136730000E+00
 2.700000000E+01 1.000000000E+00
                                                                       1
 63000  0  9  151.96     180717  2  0.0         1.0000E+50  0.0
92934  0  0.0         0.0         0.0         0.0         0.0
 1.000000000E+00 7.879559991E-03
 3.000000000E+00 6.809505783E-03
 5.000000000E+00 6.237849669E-03
 6.000000000E+00 5.914255757E-03
 8.000000000E+00 1.674467894E-03
 1.000000000E+01 1.505617594E-03
 1.100000000E+01 1.381465052E-03
 1.300000000E+01 1.088577347E-03
 1.400000000E+01 1.065700958E-03
 1.600000000E+01 2.988076712E-04
 1.800000000E+01 2.321199862E-04
 1.900000000E+01 2.165098348E-04
 2.100000000E+01 1.095494586E-04
 2.200000000E+01 1.108003370E-04
 2.700000000E+01 9.838833163E-06
                                                                       1
 63000  0  7  151.96     180717  2  0.0         1.0000E+50  0.0
92931 91  0.0         1.          0.0         0.0         0.0
  5.00000000E+00  2.67330000E-01  4.09010000E-02
  6.00000000E+00  4.82130000E-01  4.15410000E-02
  1.00000000E+01  4.86630000E-02  4.69040000E-02
  1.10000000E+01  9.41490000E-02  4.70380000E-02
  1.30000000E+01  7.14180000E-04  4.73580000E-02
  1.40000000E+01  9.45020000E-04  4.73870000E-02
  1.80000000E+01  1.06020000E-02  4.82360000E-02
  1.90000000E+01  2.05690000E-02  4.82600000E-02
  2.10000000E+01  1.58080000E-04  4.83790000E-02
  2.20000000E+01  2.08550000E-04  4.83850000E-02
  2.90000000E+01  2.18980000E-03  4.84920000E-02
  3.00000000E+01  4.47120000E-03  4.84960000E-02
                                                                       1
 63000  0  9  151.96     180717  2  0.0         1.0000E+50  0.0
92932 91  0.0         1.          0.0         0.0         0.0
  3.00000000E+00  3.00000000E+00  5.99083000E-03  3.24100000E-02
  3.00000000E+00  5.00000000E+00  7.66467000E-03  3.28450000E-02
  3.00000000E+00  6.00000000E+00  7.38773000E-03  3.34850000E-02
  3.00000000E+00  8.00000000E+00  2.25796000E-03  3.86610000E-02
  3.00000000E+00  1.00000000E+01  1.55888000E-03  3.88480000E-02
  3.00000000E+00  1.10000000E+01  1.54678000E-03  3.89820000E-02
  3.00000000E+00  1.30000000E+01  1.12405000E-04  3.93020000E-02
  3.00000000E+00  1.40000000E+01  1.09558000E-04  3.93310000E-02
  3.00000000E+00  1.60000000E+01  5.24982000E-04  4.01020000E-02
  3.00000000E+00  1.80000000E+01  3.48099000E-04  4.01800000E-02
  3.00000000E+00  1.90000000E+01  3.43047000E-04  4.02040000E-02
  3.00000000E+00  2.10000000E+01  2.44753000E-05  4.03230000E-02
  3.00000000E+00  2.20000000E+01  2.36990000E-05  4.03290000E-02
  3.00000000E+00  2.70000000E+01  8.65071000E-05  4.04210000E-02
  3.00000000E+00  2.90000000E+01  4.64902000E-05  4.04360000E-02
  3.00000000E+00  3.00000000E+01  4.39012000E-05  4.04400000E-02
  3.00000000E+00  4.10000000E+01  6.99338000E-06  4.04603200E-02
  5.00000000E+00  5.00000000E+00  7.44282000E-04  3.32800000E-02
  5.00000000E+00  6.00000000E+00  1.49258000E-02  3.39200000E-02
  5.00000000E+00  8.00000000E+00  1.21212000E-03  3.90960000E-02
  5.00000000E+00  1.00000000E+01  2.68462000E-04  3.92830000E-02
  5.00000000E+00  1.10000000E+01  2.59870000E-03  3.94170000E-02
  5.00000000E+00  1.30000000E+01  1.26780000E-04  3.97370000E-02
  5.00000000E+00  1.40000000E+01  3.99261000E-04  3.97660000E-02
  5.00000000E+00  1.60000000E+01  2.71309000E-04  4.05370000E-02
  5.00000000E+00  1.80000000E+01  5.85340000E-05  4.06150000E-02
  5.00000000E+00  1.90000000E+01  5.55169000E-04  4.06390000E-02
  5.00000000E+00  2.10000000E+01  2.70656000E-05  4.07580000E-02
  5.00000000E+00  2.20000000E+01  8.48250000E-05  4.07640000E-02
  5.00000000E+00  2.40000000E+01  3.88514000E-07  4.08950000E-02
  5.00000000E+00  2.50000000E+01  1.29501000E-07  4.08950000E-02
  5.00000000E+00  2.70000000E+01  4.42898000E-05  4.08560000E-02
  5.00000000E+00  2.90000000E+01  7.76987000E-06  4.08710000E-02
  5.00000000E+00  3.00000000E+01  7.04505000E-05  4.08750000E-02
  5.00000000E+00  4.10000000E+01  3.62613000E-06  4.08953200E-02
  6.00000000E+00  6.00000000E+00  7.11573000E-03  3.45600000E-02
  6.00000000E+00  8.00000000E+00  1.11617000E-03  3.97360000E-02
  6.00000000E+00  1.00000000E+01  2.49205000E-03  3.99230000E-02
  6.00000000E+00  1.10000000E+01  2.55193000E-03  4.00570000E-02
  6.00000000E+00  1.30000000E+01  4.65566000E-04  4.03770000E-02
  6.00000000E+00  1.40000000E+01  4.16097000E-04  4.04060000E-02
  6.00000000E+00  1.60000000E+01  2.47353000E-04  4.11770000E-02
  6.00000000E+00  1.80000000E+01  5.35379000E-04  4.12550000E-02
  6.00000000E+00  1.90000000E+01  5.49227000E-04  4.12790000E-02
  6.00000000E+00  2.10000000E+01  9.95838000E-05  4.13980000E-02
  6.00000000E+00  2.20000000E+01  8.87092000E-05  4.14040000E-02
  6.00000000E+00  2.40000000E+01  7.76997000E-07  4.15350000E-02
  6.00000000E+00  2.50000000E+01  1.29503000E-07  4.15350000E-02
  6.00000000E+00  2.70000000E+01  4.04054000E-05  4.14960000E-02
  6.00000000E+00  2.90000000E+01  7.08385000E-05  4.15110000E-02
  6.00000000E+00  3.00000000E+01  6.98067000E-05  4.15150000E-02
  6.00000000E+00  4.10000000E+01  3.23767000E-06  4.15353200E-02
  8.00000000E+00  8.00000000E+00  2.09405000E-04  4.49120000E-02
  8.00000000E+00  1.00000000E+01  2.48392000E-04  4.50990000E-02
  8.00000000E+00  1.10000000E+01  2.35959000E-04  4.52330000E-02
  8.00000000E+00  1.30000000E+01  1.64470000E-05  4.55530000E-02
  8.00000000E+00  1.40000000E+01  1.52807000E-05  4.55820000E-02
  8.00000000E+00  1.60000000E+01  9.71231000E-05  4.63530000E-02
  8.00000000E+00  1.80000000E+01  5.55546000E-05  4.64310000E-02
  8.00000000E+00  1.90000000E+01  5.24468000E-05  4.64550000E-02
  8.00000000E+00  2.10000000E+01  3.62611000E-06  4.65740000E-02
  8.00000000E+00  2.20000000E+01  3.23761000E-06  4.65800000E-02
  8.00000000E+00  2.70000000E+01  1.59282000E-05  4.66720000E-02
  8.00000000E+00  2.90000000E+01  7.38164000E-06  4.66870000E-02
  8.00000000E+00  3.00000000E+01  6.73432000E-06  4.66910000E-02
  8.00000000E+00  4.10000000E+01  1.29500000E-06  4.67113200E-02
  1.00000000E+01  1.00000000E+01  2.34397000E-05  4.52860000E-02
  1.00000000E+01  1.10000000E+01  4.42756000E-04  4.54200000E-02
  1.00000000E+01  1.30000000E+01  1.70944000E-05  4.57400000E-02
  1.00000000E+01  1.40000000E+01  5.15425000E-05  4.57690000E-02
  1.00000000E+01  1.60000000E+01  5.56879000E-05  4.65400000E-02
  1.00000000E+01  1.80000000E+01  1.01016000E-05  4.66180000E-02
  1.00000000E+01  1.90000000E+01  9.49236000E-05  4.66420000E-02
  1.00000000E+01  2.10000000E+01  3.62609000E-06  4.67610000E-02
  1.00000000E+01  2.20000000E+01  1.10075000E-05  4.67670000E-02
  1.00000000E+01  2.70000000E+01  9.06476000E-06  4.68590000E-02
  1.00000000E+01  2.90000000E+01  1.29500000E-06  4.68740000E-02
  1.00000000E+01  3.00000000E+01  1.20441000E-05  4.68780000E-02
  1.00000000E+01  4.10000000E+01  7.76979000E-07  4.68983200E-02
  1.10000000E+01  1.10000000E+01  2.30128000E-04  4.55540000E-02
  1.10000000E+01  1.30000000E+01  6.61772000E-05  4.58740000E-02
  1.10000000E+01  1.40000000E+01  5.76299000E-05  4.59030000E-02
  1.10000000E+01  1.60000000E+01  5.24470000E-05  4.66740000E-02
  1.10000000E+01  1.80000000E+01  9.54404000E-05  4.67520000E-02
  1.10000000E+01  1.90000000E+01  9.91925000E-05  4.67760000E-02
  1.10000000E+01  2.10000000E+01  1.42451000E-05  4.68950000E-02
  1.10000000E+01  2.20000000E+01  1.23026000E-05  4.69010000E-02
  1.10000000E+01  2.40000000E+01  1.29501000E-07  4.70320000E-02
  1.10000000E+01  2.70000000E+01  8.54704000E-06  4.69930000E-02
  1.10000000E+01  2.90000000E+01  1.26917000E-05  4.70080000E-02
  1.10000000E+01  3.00000000E+01  1.25620000E-05  4.70120000E-02
  1.10000000E+01  4.10000000E+01  6.47496000E-07  4.70323200E-02
  1.30000000E+01  1.30000000E+01  1.29270000E-07  4.61940000E-02
  1.30000000E+01  1.40000000E+01  8.01483000E-06  4.62230000E-02
  1.30000000E+01  1.60000000E+01  3.61967000E-06  4.69940000E-02
  1.30000000E+01  1.80000000E+01  3.49040000E-06  4.70720000E-02
  1.30000000E+01  1.90000000E+01  1.35734000E-05  4.70960000E-02
  1.30000000E+01  2.20000000E+01  1.68051000E-06  4.72210000E-02
  1.30000000E+01  2.70000000E+01  6.46343000E-07  4.73130000E-02
  1.30000000E+01  2.90000000E+01  5.17081000E-07  4.73280000E-02
  1.30000000E+01  3.00000000E+01  1.68051000E-06  4.73320000E-02
  1.40000000E+01  1.40000000E+01  1.94247000E-06  4.62520000E-02
  1.40000000E+01  1.60000000E+01  3.36705000E-06  4.70230000E-02
  1.40000000E+01  1.80000000E+01  1.04896000E-05  4.71010000E-02
  1.40000000E+01  1.90000000E+01  1.17845000E-05  4.71250000E-02
  1.40000000E+01  2.10000000E+01  1.68348000E-06  4.72440000E-02
  1.40000000E+01  2.20000000E+01  7.76969000E-07  4.72500000E-02
  1.40000000E+01  2.70000000E+01  5.17993000E-07  4.73420000E-02
  1.40000000E+01  2.90000000E+01  1.42448000E-06  4.73570000E-02
  1.40000000E+01  3.00000000E+01  1.42448000E-06  4.73610000E-02
  1.60000000E+01  1.60000000E+01  1.11995000E-05  4.77940000E-02
  1.60000000E+01  1.80000000E+01  1.23578000E-05  4.78720000E-02
  1.60000000E+01  1.90000000E+01  1.15853000E-05  4.78960000E-02
  1.60000000E+01  2.10000000E+01  7.72332000E-07  4.80150000E-02
  1.60000000E+01  2.20000000E+01  7.72332000E-07  4.80210000E-02
  1.60000000E+01  2.70000000E+01  3.73314000E-06  4.81130000E-02
  1.60000000E+01  2.90000000E+01  1.67343000E-06  4.81280000E-02
  1.60000000E+01  3.00000000E+01  1.54470000E-06  4.81320000E-02
  1.60000000E+01  4.10000000E+01  2.57451000E-07  4.81523200E-02
  1.80000000E+01  1.80000000E+01  1.01601000E-06  4.79500000E-02
  1.80000000E+01  1.90000000E+01  2.00659000E-05  4.79740000E-02
  1.80000000E+01  2.10000000E+01  7.61991000E-07  4.80930000E-02
  1.80000000E+01  2.20000000E+01  2.15903000E-06  4.80990000E-02
  1.80000000E+01  2.70000000E+01  2.03203000E-06  4.81910000E-02
  1.80000000E+01  2.90000000E+01  2.54004000E-07  4.82060000E-02
  1.80000000E+01  3.00000000E+01  2.54004000E-06  4.82100000E-02
  1.80000000E+01  4.10000000E+01  1.27002000E-07  4.82303200E-02
  1.90000000E+01  1.90000000E+01  1.06016000E-05  4.79980000E-02
  1.90000000E+01  2.10000000E+01  2.97361000E-06  4.81170000E-02
  1.90000000E+01  2.20000000E+01  2.45639000E-06  4.81230000E-02
  1.90000000E+01  2.70000000E+01  1.93924000E-06  4.82150000E-02
  1.90000000E+01  2.90000000E+01  2.71494000E-06  4.82300000E-02
  1.90000000E+01  3.00000000E+01  2.71494000E-06  4.82340000E-02
  1.90000000E+01  4.10000000E+01  1.29283000E-07  4.82543200E-02
  2.10000000E+01  2.20000000E+01  3.88503000E-07  4.82420000E-02
  2.10000000E+01  2.70000000E+01  1.29498000E-07  4.83340000E-02
  2.10000000E+01  2.90000000E+01  1.29498000E-07  4.83490000E-02
  2.10000000E+01  3.00000000E+01  3.88503000E-07  4.83530000E-02
  2.20000000E+01  2.20000000E+01  1.43645000E-07  4.82480000E-02
  2.20000000E+01  2.70000000E+01  1.43645000E-07  4.83400000E-02
  2.20000000E+01  2.90000000E+01  2.87290000E-07  4.83550000E-02
  2.20000000E+01  3.00000000E+01  2.87290000E-07  4.83590000E-02
  2.70000000E+01  2.70000000E+01  3.30410000E-07  4.84320000E-02
  2.70000000E+01  2.90000000E+01  3.30410000E-07  4.84470000E-02
  2.70000000E+01  3.00000000E+01  3.30410000E-07  4.84510000E-02
  2.90000000E+01  3.00000000E+01  3.88510000E-07  4.84660000E-02
  3.00000000E+01  3.00000000E+01  1.29500000E-07  4.84700000E-02
                                                                       1
 63000  0  7  151.96     180717  2  0.0         1.0000E+50  0.0
92931 91  0.0         3.          0.0         0.0         0.0
  5.00000000E+00  1.93261000E-05  4.35000000E-04
  6.00000000E+00  8.25292000E-04  1.07500000E-03
  1.00000000E+01  2.27671000E-02  6.43800000E-03
  1.10000000E+01  3.28561000E-02  6.57200000E-03
  1.30000000E+01  4.69841000E-04  6.89200000E-03
  1.40000000E+01  7.02982000E-04  6.92100000E-03
  1.80000000E+01  5.35512000E-03  7.77000000E-03
  1.90000000E+01  8.03462000E-03  7.79400000E-03
  2.10000000E+01  6.34252000E-05  7.91300000E-03
  2.20000000E+01  9.76163000E-05  7.91900000E-03
  2.90000000E+01  7.49482000E-04  8.02600000E-03
  3.00000000E+01  1.09390000E-03  8.03000000E-03
                                                                       1
 63000  0  9  151.96     180717  2  0.0         1.0000E+50  0.0
92932 91  0.0         3.          0.0         0.0         0.0
  5.00000000E+00  1.60000000E+01  5.10832000E-02  7.10000000E-05
  5.00000000E+00  1.80000000E+01  3.83907000E-02  1.49000000E-04
  5.00000000E+00  1.90000000E+01  4.49185000E-02  1.73000000E-04
  5.00000000E+00  2.10000000E+01  1.19896000E-02  2.92000000E-04
  5.00000000E+00  2.20000000E+01  1.85628000E-02  2.98000000E-04
  5.00000000E+00  2.40000000E+01  2.72344000E-02  4.29000000E-04
  5.00000000E+00  2.50000000E+01  4.44404000E-03  4.29000000E-04
  5.00000000E+00  2.70000000E+01  8.09859000E-03  3.90000000E-04
  5.00000000E+00  2.90000000E+01  4.82334000E-03  4.05000000E-04
  5.00000000E+00  3.00000000E+01  5.45030000E-03  4.09000000E-04
  5.00000000E+00  4.10000000E+01  6.55272000E-04  4.29320000E-04
  6.00000000E+00  1.60000000E+01  5.85679000E-02  7.11000000E-04
  6.00000000E+00  1.80000000E+01  2.49028000E-02  7.89000000E-04
  6.00000000E+00  1.90000000E+01  4.38567000E-02  8.13000000E-04
  6.00000000E+00  2.10000000E+01  6.41424000E-02  9.32000000E-04
  6.00000000E+00  2.20000000E+01  8.03969000E-02  9.38000000E-04
  6.00000000E+00  2.40000000E+01  3.84236000E-02  1.06900000E-03
  6.00000000E+00  2.50000000E+01  6.07853000E-03  1.06900000E-03
  6.00000000E+00  2.70000000E+01  9.27383000E-03  1.03000000E-03
  6.00000000E+00  2.90000000E+01  3.21409000E-03  1.04500000E-03
  6.00000000E+00  3.00000000E+01  5.49352000E-03  1.04900000E-03
  6.00000000E+00  4.10000000E+01  7.50735000E-04  1.06932000E-03
  8.00000000E+00  8.00000000E+00  1.18735000E-02  4.44600000E-03
  8.00000000E+00  1.00000000E+01  2.38306000E-02  4.63300000E-03
  8.00000000E+00  1.10000000E+01  4.24802000E-02  4.76700000E-03
  8.00000000E+00  1.30000000E+01  3.33073000E-02  5.08700000E-03
  8.00000000E+00  1.40000000E+01  4.59433000E-02  5.11600000E-03
  8.00000000E+00  1.60000000E+01  4.68977000E-03  5.88700000E-03
  8.00000000E+00  1.80000000E+01  5.21192000E-03  5.96500000E-03
  8.00000000E+00  1.90000000E+01  9.18615000E-03  5.98900000E-03
  8.00000000E+00  2.10000000E+01  6.10016000E-03  6.10800000E-03
  8.00000000E+00  2.20000000E+01  8.35411000E-03  6.11400000E-03
  8.00000000E+00  2.40000000E+01  2.51270000E-04  6.24500000E-03
  8.00000000E+00  2.50000000E+01  3.69511000E-05  6.24500000E-03
  8.00000000E+00  2.70000000E+01  7.53829000E-04  6.20600000E-03
  8.00000000E+00  2.90000000E+01  6.92242000E-04  6.22100000E-03
  8.00000000E+00  3.00000000E+01  1.16829000E-03  6.22500000E-03
  8.00000000E+00  4.10000000E+01  6.09714000E-05  6.24532000E-03
  1.00000000E+01  1.00000000E+01  9.97661000E-05  4.82000000E-03
  1.00000000E+01  1.10000000E+01  7.30431000E-04  4.95400000E-03
  1.00000000E+01  1.30000000E+01  1.16951000E-03  5.27400000E-03
  1.00000000E+01  1.40000000E+01  1.29620000E-02  5.30300000E-03
  1.00000000E+01  1.60000000E+01  3.73518000E-03  6.07400000E-03
  1.00000000E+01  1.80000000E+01  1.90924000E-05  6.15200000E-03
  1.00000000E+01  1.90000000E+01  1.46578000E-04  6.17600000E-03
  1.00000000E+01  2.10000000E+01  2.10012000E-04  6.29500000E-03
  1.00000000E+01  2.20000000E+01  1.53166000E-03  6.30100000E-03
  1.00000000E+01  2.40000000E+01  8.68374000E-05  6.43200000E-03
  1.00000000E+01  2.50000000E+01  3.81851000E-05  6.43200000E-03
  1.00000000E+01  2.70000000E+01  5.70284000E-04  6.39300000E-03
  1.00000000E+01  2.90000000E+01  1.84761000E-06  6.40800000E-03
  1.00000000E+01  3.00000000E+01  1.84761000E-05  6.41200000E-03
  1.00000000E+01  4.10000000E+01  4.61899000E-05  6.43232000E-03
  1.10000000E+01  1.10000000E+01  1.02180000E-03  5.08800000E-03
  1.10000000E+01  1.30000000E+01  7.24118000E-03  5.40800000E-03
  1.10000000E+01  1.40000000E+01  4.75879000E-03  5.43700000E-03
  1.10000000E+01  1.60000000E+01  6.64136000E-03  6.20800000E-03
  1.10000000E+01  1.80000000E+01  1.50267000E-04  6.28600000E-03
  1.10000000E+01  1.90000000E+01  3.28246000E-04  6.31000000E-03
  1.10000000E+01  2.10000000E+01  6.78057000E-04  6.42900000E-03
  1.10000000E+01  2.20000000E+01  4.56349000E-04  6.43500000E-03
  1.10000000E+01  2.40000000E+01  2.42650000E-04  6.56600000E-03
  1.10000000E+01  2.50000000E+01  2.46333000E-05  6.56600000E-03
  1.10000000E+01  2.70000000E+01  1.01372000E-03  6.52700000E-03
  1.10000000E+01  2.90000000E+01  1.97074000E-05  6.54200000E-03
  1.10000000E+01  3.00000000E+01  3.94148000E-05  6.54600000E-03
  1.10000000E+01  4.10000000E+01  8.19085000E-05  6.56632000E-03
  1.30000000E+01  1.30000000E+01  1.92526000E-03  5.72800000E-03
  1.30000000E+01  1.40000000E+01  6.52401000E-02  5.75700000E-03
  1.30000000E+01  1.60000000E+01  4.88504000E-03  6.52800000E-03
  1.30000000E+01  1.80000000E+01  3.25777000E-04  6.60600000E-03
  1.30000000E+01  1.90000000E+01  1.63947000E-03  6.63000000E-03
  1.30000000E+01  2.10000000E+01  6.94699000E-04  6.74900000E-03
  1.30000000E+01  2.20000000E+01  8.49891000E-03  6.75500000E-03
  1.30000000E+01  2.40000000E+01  2.94999000E-04  6.88600000E-03
  1.30000000E+01  2.50000000E+01  1.04087000E-04  6.88600000E-03
  1.30000000E+01  2.70000000E+01  7.37795000E-04  6.84700000E-03
  1.30000000E+01  2.90000000E+01  4.49585000E-05  6.86200000E-03
  1.30000000E+01  3.00000000E+01  2.10009000E-04  6.86600000E-03
  1.30000000E+01  4.10000000E+01  5.91219000E-05  6.88632000E-03
  1.40000000E+01  1.40000000E+01  1.83136000E-02  5.78600000E-03
  1.40000000E+01  1.60000000E+01  6.79715000E-03  6.55700000E-03
  1.40000000E+01  1.80000000E+01  2.55709000E-03  6.63500000E-03
  1.40000000E+01  1.90000000E+01  1.13258000E-03  6.65900000E-03
  1.40000000E+01  2.10000000E+01  8.36775000E-03  6.77800000E-03
  1.40000000E+01  2.20000000E+01  5.01552000E-03  6.78400000E-03
  1.40000000E+01  2.40000000E+01  9.30552000E-04  6.91500000E-03
  1.40000000E+01  2.50000000E+01  8.99169000E-05  6.91500000E-03
  1.40000000E+01  2.70000000E+01  1.02908000E-03  6.87600000E-03
  1.40000000E+01  2.90000000E+01  3.33800000E-04  6.89100000E-03
  1.40000000E+01  3.00000000E+01  1.46577000E-04  6.89500000E-03
  1.40000000E+01  4.10000000E+01  8.25254000E-05  6.91532000E-03
  1.60000000E+01  1.60000000E+01  4.37875000E-04  7.32800000E-03
  1.60000000E+01  1.80000000E+01  8.19079000E-04  7.40600000E-03
  1.60000000E+01  1.90000000E+01  1.43920000E-03  7.43000000E-03
  1.60000000E+01  2.10000000E+01  8.92992000E-04  7.54900000E-03
  1.60000000E+01  2.20000000E+01  1.22980000E-03  7.55500000E-03
  1.60000000E+01  2.40000000E+01  3.01763000E-05  7.68600000E-03
  1.60000000E+01  2.50000000E+01  4.31086000E-06  7.68600000E-03
  1.60000000E+01  2.70000000E+01  1.39179000E-04  7.64700000E-03
  1.60000000E+01  2.90000000E+01  1.09008000E-04  7.66200000E-03
  1.60000000E+01  3.00000000E+01  1.82909000E-04  7.66600000E-03
  1.60000000E+01  4.10000000E+01  1.10853000E-05  7.68632000E-03
  1.80000000E+01  1.80000000E+01  6.15860000E-07  7.48400000E-03
  1.80000000E+01  1.90000000E+01  3.01766000E-05  7.50800000E-03
  1.80000000E+01  2.10000000E+01  4.98850000E-05  7.62700000E-03
  1.80000000E+01  2.20000000E+01  3.12853000E-04  7.63300000E-03
  1.80000000E+01  2.40000000E+01  1.17018000E-05  7.76400000E-03
  1.80000000E+01  2.50000000E+01  5.54273000E-06  7.76400000E-03
  1.80000000E+01  2.70000000E+01  1.25018000E-04  7.72500000E-03
  1.80000000E+01  3.00000000E+01  3.69506000E-06  7.74400000E-03
  1.80000000E+01  4.10000000E+01  9.85405000E-06  7.76432000E-03
  1.90000000E+01  1.90000000E+01  2.58653000E-05  7.53200000E-03
  1.90000000E+01  2.10000000E+01  1.67508000E-04  7.65100000E-03
  1.90000000E+01  2.20000000E+01  1.18250000E-04  7.65700000E-03
  1.90000000E+01  2.40000000E+01  4.12624000E-05  7.78800000E-03
  1.90000000E+01  2.50000000E+01  4.31095000E-06  7.78800000E-03
  1.90000000E+01  2.70000000E+01  2.19865000E-04  7.74900000E-03
  1.90000000E+01  2.90000000E+01  4.31095000E-06  7.76400000E-03
  1.90000000E+01  3.00000000E+01  6.15866000E-06  7.76800000E-03
  1.90000000E+01  4.10000000E+01  1.78596000E-05  7.78832000E-03
  2.10000000E+01  2.10000000E+01  5.85037000E-05  7.77000000E-03
  2.10000000E+01  2.20000000E+01  1.17810000E-03  7.77600000E-03
  2.10000000E+01  2.40000000E+01  3.69490000E-05  7.90700000E-03
  2.10000000E+01  2.50000000E+01  1.04687000E-05  7.90700000E-03
  2.10000000E+01  2.70000000E+01  1.34868000E-04  7.86800000E-03
  2.10000000E+01  2.90000000E+01  6.77416000E-06  7.88300000E-03
  2.10000000E+01  3.00000000E+01  2.15536000E-05  7.88700000E-03
  2.10000000E+01  4.10000000E+01  1.10850000E-05  7.90732000E-03
  2.20000000E+01  2.20000000E+01  3.65206000E-04  7.78200000E-03
  2.20000000E+01  2.40000000E+01  9.48418000E-05  7.91300000E-03
  2.20000000E+01  2.50000000E+01  1.04691000E-05  7.91300000E-03
  2.20000000E+01  2.70000000E+01  1.85987000E-04  7.87400000E-03
  2.20000000E+01  2.90000000E+01  4.12618000E-05  7.88900000E-03
  2.20000000E+01  3.00000000E+01  1.53959000E-05  7.89300000E-03
  2.20000000E+01  4.10000000E+01  1.47805000E-05  7.91332000E-03
  2.40000000E+01  2.40000000E+01  5.49789000E-07  8.04400000E-03
  2.40000000E+01  2.50000000E+01  2.19907000E-06  8.04400000E-03
  2.40000000E+01  2.70000000E+01  3.84842000E-06  8.00500000E-03
  2.40000000E+01  2.90000000E+01  1.09958000E-06  8.02000000E-03
  2.40000000E+01  3.00000000E+01  4.39839000E-06  8.02400000E-03
  2.40000000E+01  4.10000000E+01  5.49789000E-07  8.04432000E-03
  2.50000000E+01  2.50000000E+01  6.15877000E-07  8.04400000E-03
  2.50000000E+01  2.70000000E+01  6.15877000E-07  8.00500000E-03
  2.50000000E+01  2.90000000E+01  6.15877000E-07  8.02000000E-03
  2.50000000E+01  3.00000000E+01  6.15877000E-07  8.02400000E-03
  2.70000000E+01  2.70000000E+01  1.79550000E-05  7.96600000E-03
  2.70000000E+01  2.90000000E+01  2.69316000E-05  7.98100000E-03
  2.70000000E+01  3.00000000E+01  4.48882000E-05  7.98500000E-03
  2.70000000E+01  4.10000000E+01  2.99248000E-06  8.00532000E-03
  2.90000000E+01  3.00000000E+01  1.85337000E-06  8.00000000E-03
  2.90000000E+01  4.10000000E+01  3.70674000E-06  8.02032000E-03
  3.00000000E+01  3.00000000E+01  4.82617000E-07  8.00400000E-03
  3.00000000E+01  4.10000000E+01  1.93039000E-06  8.02432000E-03
                                                                       1
 63000  0  7  151.96     180717  2  0.0         1.0000E+50  0.0
92931 91  0.0         5.          0.0         0.0         0.0
  6.00000000E+00  4.49028000E-07  6.40000000E-04
  8.00000000E+00  5.04328000E-03  5.81600000E-03
  1.10000000E+01  9.77456000E-05  6.13700000E-03
  1.30000000E+01  1.34449000E-01  6.45700000E-03
  1.60000000E+01  9.54556000E-04  7.25700000E-03
  1.90000000E+01  2.02149000E-05  7.35900000E-03
  2.10000000E+01  2.32319000E-02  7.47800000E-03
  2.40000000E+01  1.38669000E-05  7.61500000E-03
  2.70000000E+01  1.59169000E-04  7.57600000E-03
  3.00000000E+01  4.45118000E-06  7.59500000E-03
                                                                       1
 63000  0  9  151.96     180717  2  0.0         1.0000E+50  0.0
92932 91  0.0         5.          0.0         0.0         0.0
  6.00000000E+00  1.60000000E+01  9.13440000E-03  2.76000000E-04
  6.00000000E+00  1.80000000E+01  4.81080000E-02  3.54000000E-04
  6.00000000E+00  1.90000000E+01  1.58398000E-02  3.78000000E-04
  6.00000000E+00  2.10000000E+01  5.97259000E-02  4.97000000E-04
  6.00000000E+00  2.20000000E+01  2.15988000E-02  5.03000000E-04
  6.00000000E+00  2.40000000E+01  1.23661000E-03  6.34000000E-04
  6.00000000E+00  2.50000000E+01  2.36220000E-04  6.34000000E-04
  6.00000000E+00  2.70000000E+01  1.36422000E-03  5.95000000E-04
  6.00000000E+00  2.90000000E+01  6.01362000E-03  6.10000000E-04
  6.00000000E+00  3.00000000E+01  1.99234000E-03  6.14000000E-04
  6.00000000E+00  4.10000000E+01  1.09385000E-04  6.34320000E-04
  8.00000000E+00  8.00000000E+00  8.81050000E-04  4.01100000E-03
  8.00000000E+00  1.00000000E+01  2.36582000E-02  4.19800000E-03
  8.00000000E+00  1.10000000E+01  2.29536000E-03  4.33200000E-03
  8.00000000E+00  1.30000000E+01  2.28477000E-03  4.65200000E-03
  8.00000000E+00  1.40000000E+01  2.95460000E-03  4.68100000E-03
  8.00000000E+00  1.60000000E+01  3.20529000E-04  5.45200000E-03
  8.00000000E+00  1.80000000E+01  3.48643000E-03  5.53000000E-03
  8.00000000E+00  1.90000000E+01  4.40535000E-04  5.55400000E-03
  8.00000000E+00  2.10000000E+01  3.00017000E-04  5.67300000E-03
  8.00000000E+00  2.20000000E+01  3.30408000E-04  5.67900000E-03
  8.00000000E+00  2.40000000E+01  6.60787000E-05  5.81000000E-03
  8.00000000E+00  2.50000000E+01  5.31660000E-06  5.81000000E-03
  8.00000000E+00  2.70000000E+01  5.08889000E-05  5.77100000E-03
  8.00000000E+00  2.90000000E+01  4.32179000E-04  5.78600000E-03
  8.00000000E+00  3.00000000E+01  5.46871000E-05  5.79000000E-03
  8.00000000E+00  4.10000000E+01  3.79762000E-06  5.81032000E-03
  1.00000000E+01  1.00000000E+01  2.37407000E-02  4.38500000E-03
  1.00000000E+01  1.10000000E+01  7.04501000E-02  4.51900000E-03
  1.00000000E+01  1.30000000E+01  3.76681000E-02  4.83900000E-03
  1.00000000E+01  1.40000000E+01  6.15066000E-02  4.86800000E-03
  1.00000000E+01  1.60000000E+01  5.61325000E-03  5.63900000E-03
  1.00000000E+01  1.80000000E+01  8.83250000E-03  5.71700000E-03
  1.00000000E+01  1.90000000E+01  1.49678000E-02  5.74100000E-03
  1.00000000E+01  2.10000000E+01  6.89148000E-03  5.86000000E-03
  1.00000000E+01  2.20000000E+01  1.12278000E-02  5.86600000E-03
  1.00000000E+01  2.40000000E+01  2.80290000E-04  5.99700000E-03
  1.00000000E+01  2.50000000E+01  3.34221000E-05  5.99700000E-03
  1.00000000E+01  2.70000000E+01  9.28219000E-04  5.95800000E-03
  1.00000000E+01  2.90000000E+01  1.14545000E-03  5.97300000E-03
  1.00000000E+01  3.00000000E+01  1.89817000E-03  5.97700000E-03
  1.00000000E+01  4.10000000E+01  7.51990000E-05  5.99732000E-03
  1.10000000E+01  1.10000000E+01  1.79552000E-03  4.65300000E-03
  1.10000000E+01  1.30000000E+01  4.20633000E-02  4.97300000E-03
  1.10000000E+01  1.40000000E+01  5.75214000E-03  5.00200000E-03
  1.10000000E+01  1.60000000E+01  4.64089000E-04  5.77300000E-03
  1.10000000E+01  1.80000000E+01  1.07375000E-02  5.85100000E-03
  1.10000000E+01  1.90000000E+01  6.46372000E-04  5.87500000E-03
  1.10000000E+01  2.10000000E+01  6.52763000E-03  5.99400000E-03
  1.10000000E+01  2.20000000E+01  8.41609000E-04  6.00000000E-03
  1.10000000E+01  2.40000000E+01  1.67102000E-04  6.13100000E-03
  1.10000000E+01  2.50000000E+01  1.21529000E-05  6.13100000E-03
  1.10000000E+01  2.70000000E+01  7.44353000E-05  6.09200000E-03
  1.10000000E+01  2.90000000E+01  1.33909000E-03  6.10700000E-03
  1.10000000E+01  3.00000000E+01  7.97526000E-05  6.11100000E-03
  1.10000000E+01  4.10000000E+01  6.07654000E-06  6.13132000E-03
  1.30000000E+01  1.30000000E+01  3.89268000E-02  5.29300000E-03
  1.30000000E+01  1.40000000E+01  1.63375000E-01  5.32200000E-03
  1.30000000E+01  1.60000000E+01  5.48398000E-04  6.09300000E-03
  1.30000000E+01  1.80000000E+01  5.69535000E-03  6.17100000E-03
  1.30000000E+01  1.90000000E+01  8.38443000E-03  6.19500000E-03
  1.30000000E+01  2.10000000E+01  1.20362000E-02  6.31400000E-03
  1.30000000E+01  2.20000000E+01  2.71153000E-02  6.32000000E-03
  1.30000000E+01  2.40000000E+01  1.12336000E-03  6.45100000E-03
  1.30000000E+01  2.50000000E+01  2.89390000E-04  6.45100000E-03
  1.30000000E+01  2.70000000E+01  9.11495000E-05  6.41200000E-03
  1.30000000E+01  2.90000000E+01  7.13978000E-04  6.42700000E-03
  1.30000000E+01  3.00000000E+01  1.05200000E-03  6.43100000E-03
  1.30000000E+01  4.10000000E+01  7.59572000E-06  6.45132000E-03
  1.40000000E+01  1.40000000E+01  7.82786000E-03  5.35100000E-03
  1.40000000E+01  1.60000000E+01  5.80300000E-04  6.12200000E-03
  1.40000000E+01  1.80000000E+01  8.24893000E-03  6.20000000E-03
  1.40000000E+01  1.90000000E+01  1.04978000E-03  6.22400000E-03
  1.40000000E+01  2.10000000E+01  2.11054000E-02  6.34300000E-03
  1.40000000E+01  2.20000000E+01  2.35993000E-03  6.34900000E-03
  1.40000000E+01  2.40000000E+01  4.57259000E-04  6.48000000E-03
  1.40000000E+01  2.50000000E+01  2.20267000E-05  6.48000000E-03
  1.40000000E+01  2.70000000E+01  9.26624000E-05  6.44100000E-03
  1.40000000E+01  2.90000000E+01  1.00419000E-03  6.45600000E-03
  1.40000000E+01  3.00000000E+01  1.29888000E-04  6.46000000E-03
  1.40000000E+01  4.10000000E+01  7.59571000E-06  6.48032000E-03
  1.60000000E+01  1.60000000E+01  2.81016000E-05  6.89300000E-03
  1.60000000E+01  1.80000000E+01  8.31681000E-04  6.97100000E-03
  1.60000000E+01  1.90000000E+01  8.96233000E-05  6.99500000E-03
  1.60000000E+01  2.10000000E+01  6.91167000E-05  7.11400000E-03
  1.60000000E+01  2.20000000E+01  6.60766000E-05  7.12000000E-03
  1.60000000E+01  2.40000000E+01  1.36715000E-05  7.25100000E-03
  1.60000000E+01  2.50000000E+01  7.59528000E-07  7.25100000E-03
  1.60000000E+01  2.70000000E+01  9.11443000E-06  7.21200000E-03
  1.60000000E+01  2.90000000E+01  1.03298000E-04  7.22700000E-03
  1.60000000E+01  3.00000000E+01  1.13933000E-05  7.23100000E-03
  1.60000000E+01  4.10000000E+01  7.59528000E-07  7.25132000E-03
  1.80000000E+01  1.80000000E+01  7.75045000E-04  7.04900000E-03
  1.80000000E+01  1.90000000E+01  2.25974000E-03  7.07300000E-03
  1.80000000E+01  2.10000000E+01  1.01413000E-03  7.19200000E-03
  1.80000000E+01  2.20000000E+01  1.50201000E-03  7.19800000E-03
  1.80000000E+01  2.40000000E+01  3.38291000E-05  7.32900000E-03
  1.80000000E+01  2.50000000E+01  3.75865000E-06  7.32900000E-03
  1.80000000E+01  2.70000000E+01  1.36064000E-04  7.29000000E-03
  1.80000000E+01  2.90000000E+01  1.99206000E-04  7.30500000E-03
  1.80000000E+01  3.00000000E+01  2.86413000E-04  7.30900000E-03
  1.80000000E+01  4.10000000E+01  1.12767000E-05  7.32932000E-03
  1.90000000E+01  1.90000000E+01  5.91618000E-05  7.09700000E-03
  1.90000000E+01  2.10000000E+01  1.32778000E-03  7.21600000E-03
  1.90000000E+01  2.20000000E+01  1.59056000E-04  7.22200000E-03
  1.90000000E+01  2.40000000E+01  2.68919000E-05  7.35300000E-03
  1.90000000E+01  2.50000000E+01  1.53662000E-06  7.35300000E-03
  1.90000000E+01  2.70000000E+01  1.45994000E-05  7.31400000E-03
  1.90000000E+01  2.90000000E+01  2.88130000E-04  7.32900000E-03
  1.90000000E+01  3.00000000E+01  1.45994000E-05  7.33300000E-03
  1.90000000E+01  4.10000000E+01  1.53662000E-06  7.35332000E-03
  2.10000000E+01  2.10000000E+01  9.19088000E-04  7.33500000E-03
  2.10000000E+01  2.20000000E+01  3.62903000E-03  7.34100000E-03
  2.10000000E+01  2.40000000E+01  1.20773000E-04  7.47200000E-03
  2.10000000E+01  2.50000000E+01  3.19003000E-05  7.47200000E-03
  2.10000000E+01  2.70000000E+01  1.13938000E-05  7.43300000E-03
  2.10000000E+01  2.90000000E+01  1.27608000E-04  7.44800000E-03
  2.10000000E+01  3.00000000E+01  1.64825000E-04  7.45200000E-03
  2.10000000E+01  4.10000000E+01  7.59564000E-07  7.47232000E-03
  2.20000000E+01  2.20000000E+01  2.42115000E-04  7.34700000E-03
  2.20000000E+01  2.40000000E+01  7.07840000E-05  7.47800000E-03
  2.20000000E+01  2.50000000E+01  3.07764000E-06  7.47800000E-03
  2.20000000E+01  2.70000000E+01  1.43623000E-05  7.43900000E-03
  2.20000000E+01  2.90000000E+01  2.50309000E-04  7.45400000E-03
  2.20000000E+01  3.00000000E+01  2.66730000E-05  7.45800000E-03
  2.20000000E+01  4.10000000E+01  1.02590000E-06  7.47832000E-03
  2.40000000E+01  2.40000000E+01  1.63817000E-06  7.60900000E-03
  2.40000000E+01  2.50000000E+01  2.45739000E-06  7.60900000E-03
  2.40000000E+01  2.70000000E+01  2.45739000E-06  7.57000000E-03
  2.40000000E+01  2.90000000E+01  4.09556000E-06  7.58500000E-03
  2.40000000E+01  3.00000000E+01  3.27643000E-06  7.58900000E-03
  2.50000000E+01  2.90000000E+01  7.59557000E-07  7.58500000E-03
  2.70000000E+01  2.70000000E+01  1.28753000E-06  7.53100000E-03
  2.70000000E+01  2.90000000E+01  2.83255000E-05  7.54600000E-03
  2.70000000E+01  3.00000000E+01  2.57488000E-06  7.55000000E-03
  2.90000000E+01  2.90000000E+01  2.30871000E-05  7.56100000E-03
  2.90000000E+01  3.00000000E+01  6.51895000E-05  7.56500000E-03
  2.90000000E+01  4.10000000E+01  2.71606000E-06  7.58532000E-03
                                                                       1
 63000  0  7  151.96     180717  2  0.0         1.0000E+50  0.0
92931 91  0.0         6.          0.0         0.0         0.0
  8.00000000E+00  9.31463000E-03  5.17600000E-03
  1.00000000E+01  6.17092000E-05  5.36300000E-03
  1.10000000E+01  5.64192000E-05  5.49700000E-03
  1.30000000E+01  1.26100000E-02  5.81700000E-03
  1.40000000E+01  1.11530000E-01  5.84600000E-03
  1.60000000E+01  1.19770000E-03  6.61700000E-03
  1.80000000E+01  9.15923000E-06  6.69500000E-03
  1.90000000E+01  8.85513000E-06  6.71900000E-03
  2.10000000E+01  2.09041000E-03  6.83800000E-03
  2.20000000E+01  1.86861000E-02  6.84400000E-03
  2.40000000E+01  2.02191000E-06  6.97500000E-03
  2.50000000E+01  1.15640000E-05  6.97500000E-03
  2.70000000E+01  2.18121000E-04  6.93600000E-03
  2.90000000E+01  2.04401000E-06  6.95100000E-03
  3.00000000E+01  1.76171000E-06  6.95500000E-03
                                                                       1
 63000  0  9  151.96     180717  2  0.0         1.0000E+50  0.0
92932 91  0.0         6.          0.0         0.0         0.0
  8.00000000E+00  8.00000000E+00  1.17206000E-03  3.37100000E-03
  8.00000000E+00  1.00000000E+01  7.52962000E-04  3.55800000E-03
  8.00000000E+00  1.10000000E+01  2.65491000E-02  3.69200000E-03
  8.00000000E+00  1.30000000E+01  2.71796000E-03  4.01200000E-03
  8.00000000E+00  1.40000000E+01  3.35276000E-03  4.04100000E-03
  8.00000000E+00  1.60000000E+01  4.27975000E-04  4.81200000E-03
  8.00000000E+00  1.80000000E+01  1.32538000E-04  4.89000000E-03
  8.00000000E+00  1.90000000E+01  3.88448000E-03  4.91400000E-03
  8.00000000E+00  2.10000000E+01  2.51513000E-04  5.03300000E-03
  8.00000000E+00  2.20000000E+01  2.79457000E-04  5.03900000E-03
  8.00000000E+00  2.40000000E+01  8.86247000E-05  5.17000000E-03
  8.00000000E+00  2.50000000E+01  1.99615000E-05  5.17000000E-03
  8.00000000E+00  2.70000000E+01  6.70704000E-05  5.13100000E-03
  8.00000000E+00  2.90000000E+01  1.67679000E-05  5.14600000E-03
  8.00000000E+00  3.00000000E+01  4.62305000E-04  5.15000000E-03
  8.00000000E+00  4.10000000E+01  5.58905000E-06  5.17032000E-03
  1.00000000E+01  1.00000000E+01  2.11592000E-04  3.74500000E-03
  1.00000000E+01  1.10000000E+01  4.43992000E-02  3.87900000E-03
  1.00000000E+01  1.30000000E+01  2.67885000E-03  4.19900000E-03
  1.00000000E+01  1.40000000E+01  2.39789000E-02  4.22800000E-03
  1.00000000E+01  1.60000000E+01  1.48516000E-04  4.99900000E-03
  1.00000000E+01  1.80000000E+01  7.66502000E-05  5.07700000E-03
  1.00000000E+01  1.90000000E+01  6.74229000E-03  5.10100000E-03
  1.00000000E+01  2.10000000E+01  4.51127000E-04  5.22000000E-03
  1.00000000E+01  2.20000000E+01  3.43906000E-03  5.22600000E-03
  1.00000000E+01  2.40000000E+01  9.82066000E-05  5.35700000E-03
  1.00000000E+01  2.50000000E+01  3.27362000E-05  5.35700000E-03
  1.00000000E+01  2.70000000E+01  2.39536000E-05  5.31800000E-03
  1.00000000E+01  2.90000000E+01  1.03794000E-05  5.33300000E-03
  1.00000000E+01  3.00000000E+01  8.07242000E-04  5.33700000E-03
  1.00000000E+01  4.10000000E+01  1.59693000E-06  5.35732000E-03
  1.10000000E+01  1.10000000E+01  6.05932000E-02  4.01300000E-03
  1.10000000E+01  1.30000000E+01  6.23244000E-02  4.33300000E-03
  1.10000000E+01  1.40000000E+01  9.13673000E-02  4.36200000E-03
  1.10000000E+01  1.60000000E+01  6.22304000E-03  5.13300000E-03
  1.10000000E+01  1.80000000E+01  9.26255000E-03  5.21100000E-03
  1.10000000E+01  1.90000000E+01  2.19947000E-02  5.23500000E-03
  1.10000000E+01  2.10000000E+01  1.09199000E-02  5.35400000E-03
  1.10000000E+01  2.20000000E+01  1.57670000E-02  5.36000000E-03
  1.10000000E+01  2.40000000E+01  4.47917000E-04  5.49100000E-03
  1.10000000E+01  2.50000000E+01  7.26593000E-05  5.49100000E-03
  1.10000000E+01  2.70000000E+01  1.02681000E-03  5.45200000E-03
  1.10000000E+01  2.90000000E+01  1.22166000E-03  5.46700000E-03
  1.10000000E+01  3.00000000E+01  2.72591000E-03  5.47100000E-03
  1.10000000E+01  4.10000000E+01  8.38359000E-05  5.49132000E-03
  1.30000000E+01  1.30000000E+01  9.02389000E-03  4.65300000E-03
  1.30000000E+01  1.40000000E+01  1.71663000E-01  4.68200000E-03
  1.30000000E+01  1.60000000E+01  6.04453000E-04  5.45300000E-03
  1.30000000E+01  1.80000000E+01  5.60529000E-04  5.53100000E-03
  1.30000000E+01  1.90000000E+01  8.77990000E-03  5.55500000E-03
  1.30000000E+01  2.10000000E+01  2.76590000E-03  5.67400000E-03
  1.30000000E+01  2.20000000E+01  2.23197000E-02  5.68000000E-03
  1.30000000E+01  2.40000000E+01  2.54710000E-04  5.81100000E-03
  1.30000000E+01  2.50000000E+01  1.09395000E-04  5.81100000E-03
  1.30000000E+01  2.70000000E+01  9.90094000E-05  5.77200000E-03
  1.30000000E+01  2.90000000E+01  7.42571000E-05  5.78700000E-03
  1.30000000E+01  3.00000000E+01  1.03795000E-03  5.79100000E-03
  1.30000000E+01  4.10000000E+01  7.98482000E-06  5.81132000E-03
  1.40000000E+01  1.40000000E+01  1.15868000E-01  4.71100000E-03
  1.40000000E+01  1.60000000E+01  7.86464000E-04  5.48200000E-03
  1.40000000E+01  1.80000000E+01  4.62767000E-03  5.56000000E-03
  1.40000000E+01  1.90000000E+01  1.44773000E-02  5.58400000E-03
  1.40000000E+01  2.10000000E+01  2.66050000E-02  5.70300000E-03
  1.40000000E+01  2.20000000E+01  3.39349000E-02  5.70900000E-03
  1.40000000E+01  2.40000000E+01  2.71152000E-03  5.84000000E-03
  1.40000000E+01  2.50000000E+01  3.11386000E-04  5.84000000E-03
  1.40000000E+01  2.70000000E+01  1.30139000E-04  5.80100000E-03
  1.40000000E+01  2.90000000E+01  6.02023000E-04  5.81600000E-03
  1.40000000E+01  3.00000000E+01  1.75577000E-03  5.82000000E-03
  1.40000000E+01  4.10000000E+01  1.03791000E-05  5.84032000E-03
  1.60000000E+01  1.60000000E+01  3.91229000E-05  6.25300000E-03
  1.60000000E+01  1.80000000E+01  2.63485000E-05  6.33100000E-03
  1.60000000E+01  1.90000000E+01  9.12659000E-04  6.35500000E-03
  1.60000000E+01  2.10000000E+01  6.06809000E-05  6.47400000E-03
  1.60000000E+01  2.20000000E+01  7.10622000E-05  6.48000000E-03
  1.60000000E+01  2.40000000E+01  1.27755000E-05  6.61100000E-03
  1.60000000E+01  2.50000000E+01  3.19363000E-06  6.61100000E-03
  1.60000000E+01  2.70000000E+01  1.19760000E-05  6.57200000E-03
  1.60000000E+01  2.90000000E+01  3.19363000E-06  6.58700000E-03
  1.60000000E+01  3.00000000E+01  1.08593000E-04  6.59100000E-03
  1.60000000E+01  4.10000000E+01  7.98457000E-07  6.61132000E-03
  1.80000000E+01  1.80000000E+01  6.34614000E-06  6.40900000E-03
  1.80000000E+01  1.90000000E+01  1.39456000E-03  6.43300000E-03
  1.80000000E+01  2.10000000E+01  9.12261000E-05  6.55200000E-03
  1.80000000E+01  2.20000000E+01  6.83794000E-04  6.55800000E-03
  1.80000000E+01  2.40000000E+01  1.34857000E-05  6.68900000E-03
  1.80000000E+01  2.50000000E+01  4.75940000E-06  6.68900000E-03
  1.80000000E+01  2.70000000E+01  3.96619000E-06  6.65000000E-03
  1.80000000E+01  2.90000000E+01  1.58653000E-06  6.66500000E-03
  1.80000000E+01  3.00000000E+01  1.66586000E-04  6.66900000E-03
  1.90000000E+01  1.90000000E+01  1.80164000E-03  6.45700000E-03
  1.90000000E+01  2.10000000E+01  1.44197000E-03  6.57600000E-03
  1.90000000E+01  2.20000000E+01  2.30551000E-03  6.58200000E-03
  1.90000000E+01  2.40000000E+01  4.85911000E-05  6.71300000E-03
  1.90000000E+01  2.50000000E+01  8.22327000E-06  6.71300000E-03
  1.90000000E+01  2.70000000E+01  1.41292000E-04  6.67400000E-03
  1.90000000E+01  2.90000000E+01  1.73436000E-04  6.68900000E-03
  1.90000000E+01  3.00000000E+01  4.44041000E-04  6.69300000E-03
  1.90000000E+01  4.10000000E+01  1.12128000E-05  6.71332000E-03
  2.10000000E+01  2.10000000E+01  2.05202000E-04  6.69500000E-03
  2.10000000E+01  2.20000000E+01  3.57780000E-03  6.70100000E-03
  2.10000000E+01  2.40000000E+01  2.71470000E-05  6.83200000E-03
  2.10000000E+01  2.50000000E+01  1.11777000E-05  6.83200000E-03
  2.10000000E+01  2.70000000E+01  1.03793000E-05  6.79300000E-03
  2.10000000E+01  2.90000000E+01  1.19761000E-05  6.80800000E-03
  2.10000000E+01  3.00000000E+01  1.82038000E-04  6.81200000E-03
  2.10000000E+01  4.10000000E+01  7.98462000E-07  6.83232000E-03
  2.20000000E+01  2.20000000E+01  2.77019000E-03  6.70700000E-03
  2.20000000E+01  2.40000000E+01  3.13708000E-04  6.83800000E-03
  2.20000000E+01  2.50000000E+01  3.54447000E-05  6.83800000E-03
  2.20000000E+01  2.70000000E+01  1.32917000E-05  6.79900000E-03
  2.20000000E+01  2.90000000E+01  1.00139000E-04  6.81400000E-03
  2.20000000E+01  3.00000000E+01  3.30556000E-04  6.81800000E-03
  2.20000000E+01  4.10000000E+01  8.86174000E-07  6.83832000E-03
  2.40000000E+01  2.40000000E+01  7.74468000E-07  6.96900000E-03
  2.40000000E+01  2.50000000E+01  3.09768000E-06  6.96900000E-03
  2.40000000E+01  2.70000000E+01  1.54893000E-06  6.93000000E-03
  2.40000000E+01  2.90000000E+01  1.54893000E-06  6.94500000E-03
  2.40000000E+01  3.00000000E+01  5.42103000E-06  6.94900000E-03
  2.50000000E+01  2.50000000E+01  7.98478000E-07  6.96900000E-03
  2.50000000E+01  2.70000000E+01  7.98478000E-07  6.93000000E-03
  2.50000000E+01  2.90000000E+01  7.98478000E-07  6.94500000E-03
  2.50000000E+01  3.00000000E+01  7.98478000E-07  6.94900000E-03
  2.70000000E+01  2.70000000E+01  1.27513000E-06  6.89100000E-03
  2.70000000E+01  2.90000000E+01  1.27513000E-06  6.90600000E-03
  2.70000000E+01  3.00000000E+01  2.80528000E-05  6.91000000E-03
  2.90000000E+01  3.00000000E+01  4.63622000E-05  6.92500000E-03
  3.00000000E+01  3.00000000E+01  8.48266000E-05  6.92900000E-03
  3.00000000E+01  4.10000000E+01  4.71271000E-06  6.94932000E-03
                                                                       1
 63000  0  7  151.96     180717  2  0.0         1.0000E+50  0.0
92931 91  0.0         8.          0.0         0.0         0.0
  1.00000000E+01  1.01554000E-05  1.87000000E-04
  1.10000000E+01  1.15748000E-04  3.21000000E-04
  1.80000000E+01  4.15297000E-04  1.51900000E-03
  1.90000000E+01  4.94167000E-04  1.54300000E-03
  2.90000000E+01  9.37866000E-05  1.77500000E-03
  3.00000000E+01  1.03809000E-04  1.77900000E-03
                                                                       1
 63000  0  9  151.96     180717  2  0.0         1.0000E+50  0.0
92932 91  0.0         8.          0.0         0.0         0.0
  1.00000000E+01  2.10000000E+01  7.60819000E-02  4.40000000E-05
  1.00000000E+01  2.20000000E+01  1.06929000E-01  5.00000000E-05
  1.00000000E+01  2.40000000E+01  2.20537000E-02  1.81000000E-04
  1.00000000E+01  2.50000000E+01  2.94902000E-02  1.81000000E-04
  1.00000000E+01  2.70000000E+01  8.72760000E-03  1.42000000E-04
  1.00000000E+01  2.90000000E+01  7.27569000E-03  1.57000000E-04
  1.00000000E+01  3.00000000E+01  1.13052000E-02  1.61000000E-04
  1.00000000E+01  4.10000000E+01  6.90150000E-04  1.81320000E-04
  1.10000000E+01  1.80000000E+01  7.47270000E-02  3.50000000E-05
  1.10000000E+01  1.90000000E+01  1.04346000E-01  5.90000000E-05
  1.10000000E+01  2.10000000E+01  4.66442000E-02  1.78000000E-04
  1.10000000E+01  2.20000000E+01  6.69589000E-02  1.84000000E-04
  1.10000000E+01  2.40000000E+01  5.91453000E-02  3.15000000E-04
  1.10000000E+01  2.50000000E+01  7.43222000E-02  3.15000000E-04
  1.10000000E+01  2.70000000E+01  1.08765000E-02  2.76000000E-04
  1.10000000E+01  2.90000000E+01  9.17444000E-03  2.91000000E-04
  1.10000000E+01  3.00000000E+01  1.27326000E-02  2.95000000E-04
  1.10000000E+01  4.10000000E+01  8.61888000E-04  3.15320000E-04
  1.30000000E+01  1.60000000E+01  2.73260000E-02  2.77000000E-04
  1.30000000E+01  1.80000000E+01  6.02603000E-03  3.55000000E-04
  1.30000000E+01  1.90000000E+01  5.19160000E-03  3.79000000E-04
  1.30000000E+01  2.10000000E+01  8.70028000E-03  4.98000000E-04
  1.30000000E+01  2.20000000E+01  1.09255000E-02  5.04000000E-04
  1.30000000E+01  2.40000000E+01  2.96063000E-03  6.35000000E-04
  1.30000000E+01  2.50000000E+01  2.84846000E-03  6.35000000E-04
  1.30000000E+01  2.70000000E+01  3.03047000E-03  5.96000000E-04
  1.30000000E+01  2.90000000E+01  6.26869000E-04  6.11000000E-04
  1.30000000E+01  3.00000000E+01  5.10314000E-04  6.15000000E-04
  1.30000000E+01  4.10000000E+01  2.34203000E-04  6.35320000E-04
  1.40000000E+01  1.60000000E+01  3.95235000E-02  3.06000000E-04
  1.40000000E+01  1.80000000E+01  1.30310000E-03  3.84000000E-04
  1.40000000E+01  1.90000000E+01  1.15934000E-02  4.08000000E-04
  1.40000000E+01  2.10000000E+01  1.17212000E-02  5.27000000E-04
  1.40000000E+01  2.20000000E+01  1.77546000E-02  5.33000000E-04
  1.40000000E+01  2.40000000E+01  3.44617000E-03  6.64000000E-04
  1.40000000E+01  2.50000000E+01  5.31222000E-03  6.64000000E-04
  1.40000000E+01  2.70000000E+01  4.34062000E-03  6.25000000E-04
  1.40000000E+01  2.90000000E+01  1.33532000E-04  6.40000000E-04
  1.40000000E+01  3.00000000E+01  1.13897000E-03  6.44000000E-04
  1.40000000E+01  4.10000000E+01  3.35364000E-04  6.64320000E-04
  1.60000000E+01  1.60000000E+01  5.35338000E-03  1.07700000E-03
  1.60000000E+01  1.80000000E+01  8.95412000E-03  1.15500000E-03
  1.60000000E+01  1.90000000E+01  1.60294000E-02  1.17900000E-03
  1.60000000E+01  2.10000000E+01  1.72152000E-02  1.29800000E-03
  1.60000000E+01  2.20000000E+01  2.48570000E-02  1.30400000E-03
  1.60000000E+01  2.40000000E+01  3.65263000E-03  1.43500000E-03
  1.60000000E+01  2.50000000E+01  4.63563000E-03  1.43500000E-03
  1.60000000E+01  2.70000000E+01  1.46369000E-03  1.39600000E-03
  1.60000000E+01  2.90000000E+01  1.18444000E-03  1.41100000E-03
  1.60000000E+01  3.00000000E+01  2.03069000E-03  1.41500000E-03
  1.60000000E+01  4.10000000E+01  1.16830000E-04  1.43532000E-03
  1.80000000E+01  1.80000000E+01  4.49645000E-04  1.23300000E-03
  1.80000000E+01  1.90000000E+01  1.14304000E-03  1.25700000E-03
  1.80000000E+01  2.10000000E+01  6.75845000E-04  1.37600000E-03
  1.80000000E+01  2.20000000E+01  3.37696000E-04  1.38200000E-03
  1.80000000E+01  2.40000000E+01  6.15226000E-05  1.51300000E-03
  1.80000000E+01  2.50000000E+01  2.47488000E-04  1.51300000E-03
  1.80000000E+01  2.70000000E+01  9.43657000E-04  1.47400000E-03
  1.80000000E+01  2.90000000E+01  9.48291000E-05  1.48900000E-03
  1.80000000E+01  3.00000000E+01  1.13796000E-04  1.49300000E-03
  1.80000000E+01  4.10000000E+01  7.30881000E-05  1.51332000E-03
  1.90000000E+01  1.90000000E+01  1.49489000E-03  1.28100000E-03
  1.90000000E+01  2.10000000E+01  8.92705000E-04  1.40000000E-03
  1.90000000E+01  2.20000000E+01  2.23864000E-03  1.40600000E-03
  1.90000000E+01  2.40000000E+01  2.53889000E-04  1.53700000E-03
  1.90000000E+01  2.50000000E+01  4.70637000E-04  1.53700000E-03
  1.90000000E+01  2.70000000E+01  1.68004000E-03  1.49800000E-03
  1.90000000E+01  2.90000000E+01  1.26025000E-04  1.51300000E-03
  1.90000000E+01  3.00000000E+01  3.18948000E-04  1.51700000E-03
  1.90000000E+01  4.10000000E+01  1.30151000E-04  1.53732000E-03
  2.10000000E+01  2.10000000E+01  1.99869000E-04  1.51900000E-03
  2.10000000E+01  2.20000000E+01  9.28940000E-04  1.52500000E-03
  2.10000000E+01  2.40000000E+01  2.38105000E-04  1.65600000E-03
  2.10000000E+01  2.50000000E+01  1.79105000E-03  1.65600000E-03
  2.10000000E+01  2.70000000E+01  1.78137000E-03  1.61700000E-03
  2.10000000E+01  2.90000000E+01  6.49365000E-05  1.63200000E-03
  2.10000000E+01  3.00000000E+01  9.02664000E-05  1.63600000E-03
  2.10000000E+01  4.10000000E+01  1.37245000E-04  1.65632000E-03
  2.20000000E+01  2.20000000E+01  5.26735000E-04  1.53100000E-03
  2.20000000E+01  2.40000000E+01  1.78881000E-03  1.66200000E-03
  2.20000000E+01  2.50000000E+01  1.01262000E-03  1.66200000E-03
  2.20000000E+01  2.70000000E+01  2.55653000E-03  1.62300000E-03
  2.20000000E+01  2.90000000E+01  3.34655000E-05  1.63800000E-03
  2.20000000E+01  3.00000000E+01  2.24165000E-04  1.64200000E-03
  2.20000000E+01  4.10000000E+01  1.97127000E-04  1.66232000E-03
  2.40000000E+01  2.40000000E+01  7.85422000E-05  1.79300000E-03
  2.40000000E+01  2.50000000E+01  7.73322000E-04  1.79300000E-03
  2.40000000E+01  2.70000000E+01  3.52272000E-04  1.75400000E-03
  2.40000000E+01  2.90000000E+01  6.04177000E-06  1.76900000E-03
  2.40000000E+01  3.00000000E+01  2.32360000E-05  1.77300000E-03
  2.40000000E+01  4.10000000E+01  2.69564000E-05  1.79332000E-03
  2.50000000E+01  2.50000000E+01  2.12782000E-04  1.79300000E-03
  2.50000000E+01  2.70000000E+01  4.51408000E-04  1.75400000E-03
  2.50000000E+01  2.90000000E+01  3.00632000E-05  1.76900000E-03
  2.50000000E+01  3.00000000E+01  4.22779000E-05  1.77300000E-03
  2.50000000E+01  4.10000000E+01  3.42916000E-05  1.79332000E-03
  2.70000000E+01  2.70000000E+01  1.06468000E-04  1.71500000E-03
  2.70000000E+01  2.90000000E+01  1.45722000E-04  1.73000000E-03
  2.70000000E+01  3.00000000E+01  2.50039000E-04  1.73400000E-03
  2.70000000E+01  4.10000000E+01  1.66693000E-05  1.75432000E-03
  2.90000000E+01  2.90000000E+01  6.00298000E-06  1.74500000E-03
  2.90000000E+01  3.00000000E+01  1.47349000E-05  1.74900000E-03
  2.90000000E+01  4.10000000E+01  1.14604000E-05  1.76932000E-03
  3.00000000E+01  3.00000000E+01  2.38364000E-05  1.75300000E-03
  3.00000000E+01  4.10000000E+01  2.38364000E-05  1.77332000E-03
                                                                       1
 63000  0  7  151.96     180717  2  0.0         1.0000E+50  0.0
92931 91  0.0         10.         0.0         0.0         0.0
  1.30000000E+01  4.88161000E-04  4.54000000E-04
  1.60000000E+01  4.09941000E-04  1.25400000E-03
  2.10000000E+01  1.98570000E-03  1.47500000E-03
  2.70000000E+01  7.32241000E-05  1.57300000E-03
                                                                       1
 63000  0  9  151.96     180717  2  0.0         1.0000E+50  0.0
92932 91  0.0         10.         0.0         0.0         0.0
  1.10000000E+01  2.40000000E+01  1.69550000E-02  1.28000000E-04
  1.10000000E+01  2.50000000E+01  1.92240000E-02  1.28000000E-04
  1.10000000E+01  2.70000000E+01  5.75818000E-03  8.90000000E-05
  1.10000000E+01  2.90000000E+01  5.80975000E-03  1.04000000E-04
  1.10000000E+01  3.00000000E+01  6.13099000E-03  1.08000000E-04
  1.10000000E+01  4.10000000E+01  4.41995000E-04  1.28320000E-04
  1.30000000E+01  1.60000000E+01  8.90104000E-02  9.00000000E-05
  1.30000000E+01  1.80000000E+01  8.90572000E-02  1.68000000E-04
  1.30000000E+01  1.90000000E+01  1.18213000E-01  1.92000000E-04
  1.30000000E+01  2.10000000E+01  3.89565000E-02  3.11000000E-04
  1.30000000E+01  2.20000000E+01  4.42758000E-02  3.17000000E-04
  1.30000000E+01  2.40000000E+01  8.10625000E-02  4.48000000E-04
  1.30000000E+01  2.50000000E+01  1.21926000E-01  4.48000000E-04
  1.30000000E+01  2.70000000E+01  1.46207000E-02  4.09000000E-04
  1.30000000E+01  2.90000000E+01  1.02207000E-02  4.24000000E-04
  1.30000000E+01  3.00000000E+01  1.43247000E-02  4.28000000E-04
  1.30000000E+01  4.10000000E+01  1.19803000E-03  4.48320000E-04
  1.40000000E+01  1.60000000E+01  1.49994000E-02  1.19000000E-04
  1.40000000E+01  1.80000000E+01  1.03424000E-01  1.97000000E-04
  1.40000000E+01  1.90000000E+01  1.01411000E-02  2.21000000E-04
  1.40000000E+01  2.10000000E+01  1.72225000E-03  3.40000000E-04
  1.40000000E+01  2.20000000E+01  5.09906000E-03  3.46000000E-04
  1.40000000E+01  2.40000000E+01  2.43249000E-03  4.77000000E-04
  1.40000000E+01  2.50000000E+01  1.98437000E-03  4.77000000E-04
  1.40000000E+01  2.70000000E+01  1.63876000E-03  4.38000000E-04
  1.40000000E+01  2.90000000E+01  9.65199000E-03  4.53000000E-04
  1.40000000E+01  3.00000000E+01  1.12333000E-03  4.57000000E-04
  1.40000000E+01  4.10000000E+01  1.27311000E-04  4.77320000E-04
  1.60000000E+01  1.60000000E+01  8.28089000E-04  8.90000000E-04
  1.60000000E+01  1.80000000E+01  1.14662000E-02  9.68000000E-04
  1.60000000E+01  1.90000000E+01  1.82780000E-03  9.92000000E-04
  1.60000000E+01  2.10000000E+01  3.81365000E-04  1.11100000E-03
  1.60000000E+01  2.20000000E+01  1.31461000E-03  1.11700000E-03
  1.60000000E+01  2.40000000E+01  4.47951000E-05  1.24800000E-03
  1.60000000E+01  2.50000000E+01  3.02999000E-04  1.24800000E-03
  1.60000000E+01  2.70000000E+01  2.14035000E-04  1.20900000E-03
  1.60000000E+01  2.90000000E+01  1.02657000E-03  1.22400000E-03
  1.60000000E+01  3.00000000E+01  2.09047000E-04  1.22800000E-03
  1.60000000E+01  4.10000000E+01  1.67984000E-05  1.24832000E-03
  1.80000000E+01  1.80000000E+01  8.72663000E-03  1.04600000E-03
  1.80000000E+01  1.90000000E+01  2.64688000E-02  1.07000000E-03
  1.80000000E+01  2.10000000E+01  2.46578000E-02  1.18900000E-03
  1.80000000E+01  2.20000000E+01  4.06088000E-02  1.19500000E-03
  1.80000000E+01  2.40000000E+01  4.36306000E-03  1.32600000E-03
  1.80000000E+01  2.50000000E+01  7.56002000E-03  1.32600000E-03
  1.80000000E+01  2.70000000E+01  1.93555000E-03  1.28700000E-03
  1.80000000E+01  2.90000000E+01  1.96058000E-03  1.30200000E-03
  1.80000000E+01  3.00000000E+01  3.32673000E-03  1.30600000E-03
  1.80000000E+01  4.10000000E+01  1.57380000E-04  1.32632000E-03
  1.90000000E+01  1.90000000E+01  7.74504000E-04  1.09400000E-03
  1.90000000E+01  2.10000000E+01  2.25836000E-03  1.21300000E-03
  1.90000000E+01  2.20000000E+01  1.75651000E-03  1.21900000E-03
  1.90000000E+01  2.40000000E+01  3.34952000E-03  1.35000000E-03
  1.90000000E+01  2.50000000E+01  9.69118000E-04  1.35000000E-03
  1.90000000E+01  2.70000000E+01  2.18380000E-04  1.31100000E-03
  1.90000000E+01  2.90000000E+01  2.55737000E-03  1.32600000E-03
  1.90000000E+01  3.00000000E+01  1.64800000E-04  1.33000000E-03
  1.90000000E+01  4.10000000E+01  1.69548000E-05  1.35032000E-03
  2.10000000E+01  2.10000000E+01  8.33949000E-04  1.33200000E-03
  2.10000000E+01  2.20000000E+01  2.41618000E-03  1.33800000E-03
  2.10000000E+01  2.40000000E+01  4.05438000E-04  1.46900000E-03
  2.10000000E+01  2.50000000E+01  7.41718000E-04  1.46900000E-03
  2.10000000E+01  2.70000000E+01  5.76475000E-05  1.43000000E-03
  2.10000000E+01  2.90000000E+01  2.20543000E-03  1.44500000E-03
  2.10000000E+01  3.00000000E+01  2.27376000E-04  1.44900000E-03
  2.10000000E+01  4.10000000E+01  4.48353000E-06  1.46932000E-03
  2.20000000E+01  2.20000000E+01  5.58356000E-04  1.34400000E-03
  2.20000000E+01  2.40000000E+01  1.39716000E-03  1.47500000E-03
  2.20000000E+01  2.50000000E+01  2.93117000E-04  1.47500000E-03
  2.20000000E+01  2.70000000E+01  1.70926000E-04  1.43600000E-03
  2.20000000E+01  2.90000000E+01  3.64334000E-03  1.45100000E-03
  2.20000000E+01  3.00000000E+01  1.62062000E-04  1.45500000E-03
  2.20000000E+01  4.10000000E+01  1.32941000E-05  1.47532000E-03
  2.40000000E+01  2.40000000E+01  2.63900000E-04  1.60600000E-03
  2.40000000E+01  2.50000000E+01  2.16256000E-03  1.60600000E-03
  2.40000000E+01  2.70000000E+01  2.53122000E-06  1.56700000E-03
  2.40000000E+01  2.90000000E+01  3.53142000E-04  1.58200000E-03
  2.40000000E+01  3.00000000E+01  3.67042000E-04  1.58600000E-03
  2.50000000E+01  2.50000000E+01  9.53514000E-05  1.60600000E-03
  2.50000000E+01  2.70000000E+01  4.27223000E-05  1.56700000E-03
  2.50000000E+01  2.90000000E+01  6.00572000E-04  1.58200000E-03
  2.50000000E+01  3.00000000E+01  9.34953000E-05  1.58600000E-03
  2.50000000E+01  4.10000000E+01  3.09577000E-06  1.60632000E-03
  2.70000000E+01  2.70000000E+01  1.46210000E-05  1.52800000E-03
  2.70000000E+01  2.90000000E+01  1.80107000E-04  1.54300000E-03
  2.70000000E+01  3.00000000E+01  2.45892000E-05  1.54700000E-03
  2.70000000E+01  4.10000000E+01  1.99365000E-06  1.56732000E-03
  2.90000000E+01  2.90000000E+01  1.67258000E-04  1.55800000E-03
  2.90000000E+01  3.00000000E+01  4.85439000E-04  1.56200000E-03
  2.90000000E+01  4.10000000E+01  2.24369000E-05  1.58232000E-03
  3.00000000E+01  3.00000000E+01  3.20360000E-05  1.56600000E-03
  3.00000000E+01  4.10000000E+01  7.39248000E-06  1.58632000E-03
                                                                       1
 63000  0  7  151.96     180717  2  0.0         1.0000E+50  0.0
92931 91  0.0         11.         0.0         0.0         0.0
  1.30000000E+01  1.79421000E-05  3.20000000E-04
  1.40000000E+01  2.20428000E-04  3.49000000E-04
  1.60000000E+01  5.72596000E-04  1.12000000E-03
  2.10000000E+01  2.63278000E-04  1.34100000E-03
  2.20000000E+01  2.13420000E-03  1.34700000E-03
  2.70000000E+01  1.03231000E-04  1.43900000E-03
                                                                       1
 63000  0  9  151.96     180717  2  0.0         1.0000E+50  0.0
92932 91  0.0         11.         0.0         0.0         0.0
  1.30000000E+01  1.80000000E+01  1.47268000E-02  3.40000000E-05
  1.30000000E+01  1.90000000E+01  7.55414000E-02  5.80000000E-05
  1.30000000E+01  2.10000000E+01  1.19258000E-02  1.77000000E-04
  1.30000000E+01  2.20000000E+01  1.02495000E-02  1.83000000E-04
  1.30000000E+01  2.40000000E+01  8.52200000E-03  3.14000000E-04
  1.30000000E+01  2.50000000E+01  1.25784000E-02  3.14000000E-04
  1.30000000E+01  2.70000000E+01  2.56604000E-03  2.75000000E-04
  1.30000000E+01  2.90000000E+01  1.77193000E-03  2.90000000E-04
  1.30000000E+01  3.00000000E+01  7.33895000E-03  2.94000000E-04
  1.30000000E+01  4.10000000E+01  2.02005000E-04  3.14320000E-04
  1.40000000E+01  1.80000000E+01  9.88491000E-02  6.30000000E-05
  1.40000000E+01  1.90000000E+01  1.70093000E-01  8.70000000E-05
  1.40000000E+01  2.10000000E+01  5.18807000E-02  2.06000000E-04
  1.40000000E+01  2.20000000E+01  7.83235000E-02  2.12000000E-04
  1.40000000E+01  2.40000000E+01  8.21466000E-02  3.43000000E-04
  1.40000000E+01  2.50000000E+01  9.79207000E-02  3.43000000E-04
  1.40000000E+01  2.70000000E+01  1.49598000E-02  3.04000000E-04
  1.40000000E+01  2.90000000E+01  1.21382000E-02  3.19000000E-04
  1.40000000E+01  3.00000000E+01  1.90236000E-02  3.23000000E-04
  1.40000000E+01  4.10000000E+01  1.18330000E-03  3.43320000E-04
  1.60000000E+01  1.60000000E+01  7.42469000E-04  7.56000000E-04
  1.60000000E+01  1.80000000E+01  1.11090000E-03  8.34000000E-04
  1.60000000E+01  1.90000000E+01  1.64257000E-02  8.58000000E-04
  1.60000000E+01  2.10000000E+01  9.86004000E-04  9.77000000E-04
  1.60000000E+01  2.20000000E+01  1.07057000E-03  9.83000000E-04
  1.60000000E+01  2.40000000E+01  4.59385000E-04  1.11400000E-03
  1.60000000E+01  2.50000000E+01  6.95799000E-04  1.11400000E-03
  1.60000000E+01  2.70000000E+01  1.91343000E-04  1.07500000E-03
  1.60000000E+01  2.90000000E+01  1.20973000E-04  1.09000000E-03
  1.60000000E+01  3.00000000E+01  1.44063000E-03  1.09400000E-03
  1.60000000E+01  4.10000000E+01  1.50229000E-05  1.11432000E-03
  1.80000000E+01  1.80000000E+01  1.52426000E-04  9.12000000E-04
  1.80000000E+01  1.90000000E+01  1.95761000E-02  9.36000000E-04
  1.80000000E+01  2.10000000E+01  4.92764000E-04  1.05500000E-03
  1.80000000E+01  2.20000000E+01  3.50832000E-03  1.06100000E-03
  1.80000000E+01  2.40000000E+01  5.17762000E-04  1.19200000E-03
  1.80000000E+01  2.50000000E+01  3.06886000E-03  1.19200000E-03
  1.80000000E+01  2.70000000E+01  1.29037000E-04  1.15300000E-03
  1.80000000E+01  2.90000000E+01  3.06472000E-05  1.16800000E-03
  1.80000000E+01  3.00000000E+01  1.73800000E-03  1.17200000E-03
  1.80000000E+01  4.10000000E+01  9.67798000E-06  1.19232000E-03
  1.90000000E+01  1.90000000E+01  2.69077000E-02  9.60000000E-04
  1.90000000E+01  2.10000000E+01  3.67425000E-02  1.07900000E-03
  1.90000000E+01  2.20000000E+01  4.93319000E-02  1.08500000E-03
  1.90000000E+01  2.40000000E+01  9.18096000E-03  1.21600000E-03
  1.90000000E+01  2.50000000E+01  1.04525000E-02  1.21600000E-03
  1.90000000E+01  2.70000000E+01  2.58262000E-03  1.17700000E-03
  1.90000000E+01  2.90000000E+01  2.45587000E-03  1.19200000E-03
  1.90000000E+01  3.00000000E+01  5.75890000E-03  1.19600000E-03
  1.90000000E+01  4.10000000E+01  2.09842000E-04  1.21632000E-03
  2.10000000E+01  2.10000000E+01  2.45058000E-04  1.19800000E-03
  2.10000000E+01  2.20000000E+01  4.32070000E-03  1.20400000E-03
  2.10000000E+01  2.40000000E+01  2.00650000E-04  1.33500000E-03
  2.10000000E+01  2.50000000E+01  2.51891000E-03  1.33500000E-03
  2.10000000E+01  2.70000000E+01  1.02621000E-04  1.29600000E-03
  2.10000000E+01  2.90000000E+01  3.75248000E-05  1.31100000E-03
  2.10000000E+01  3.00000000E+01  3.18735000E-03  1.31500000E-03
  2.10000000E+01  4.10000000E+01  7.65850000E-06  1.33532000E-03
  2.20000000E+01  2.20000000E+01  2.15069000E-03  1.21000000E-03
  2.20000000E+01  2.40000000E+01  1.95166000E-03  1.34100000E-03
  2.20000000E+01  2.50000000E+01  1.72315000E-03  1.34100000E-03
  2.20000000E+01  2.70000000E+01  1.12757000E-04  1.30200000E-03
  2.20000000E+01  2.90000000E+01  2.77733000E-04  1.31700000E-03
  2.20000000E+01  3.00000000E+01  4.18941000E-03  1.32100000E-03
  2.20000000E+01  4.10000000E+01  9.08116000E-06  1.34132000E-03
  2.40000000E+01  2.40000000E+01  8.08874000E-05  1.47200000E-03
  2.40000000E+01  2.50000000E+01  2.81649000E-03  1.47200000E-03
  2.40000000E+01  2.70000000E+01  4.69940000E-05  1.43300000E-03
  2.40000000E+01  2.90000000E+01  5.39219000E-05  1.44800000E-03
  2.40000000E+01  3.00000000E+01  7.61866000E-04  1.45200000E-03
  2.40000000E+01  4.10000000E+01  3.85172000E-06  1.47232000E-03
  2.50000000E+01  2.50000000E+01  9.34520000E-04  1.47200000E-03
  2.50000000E+01  2.70000000E+01  5.72456000E-05  1.43300000E-03
  2.50000000E+01  2.90000000E+01  3.25691000E-04  1.44800000E-03
  2.50000000E+01  3.00000000E+01  8.93491000E-04  1.45200000E-03
  2.50000000E+01  4.10000000E+01  4.64150000E-06  1.47232000E-03
  2.70000000E+01  2.70000000E+01  1.58944000E-05  1.39400000E-03
  2.70000000E+01  2.90000000E+01  1.78815000E-05  1.40900000E-03
  2.70000000E+01  3.00000000E+01  2.90088000E-04  1.41300000E-03
  2.70000000E+01  4.10000000E+01  2.98020000E-06  1.43332000E-03
  2.90000000E+01  2.90000000E+01  2.49712000E-06  1.42400000E-03
  2.90000000E+01  3.00000000E+01  3.52097000E-04  1.42800000E-03
  2.90000000E+01  4.10000000E+01  1.24860000E-06  1.44832000E-03
  3.00000000E+01  3.00000000E+01  8.88638000E-04  1.43200000E-03
  3.00000000E+01  4.10000000E+01  5.56848000E-05  1.45232000E-03
                                                                       1
 63000  0  7  151.96     180717  2  0.0         1.0000E+50  0.0
92931 91  0.0         13.         0.0         0.0         0.0
  1.80000000E+01  3.96122000E-03  8.78000000E-04
  1.90000000E+01  5.31961000E-04  9.02000000E-04
  2.40000000E+01  2.00222000E-03  1.15800000E-03
  2.90000000E+01  7.04201000E-04  1.13400000E-03
  3.00000000E+01  9.66963000E-05  1.13800000E-03
                                                                       1
 63000  0  9  151.96     180717  2  0.0         1.0000E+50  0.0
92932 91  0.0         13.         0.0         0.0         0.0
  1.40000000E+01  2.40000000E+01  7.89171000E-02  2.30000000E-05
  1.40000000E+01  2.50000000E+01  1.20333000E-02  2.30000000E-05
  1.40000000E+01  2.90000000E+01  7.50952000E-04  0.00000000E+00
  1.40000000E+01  3.00000000E+01  2.57498000E-03  3.00000000E-06
  1.40000000E+01  4.10000000E+01  2.13206000E-04  2.33200000E-05
  1.60000000E+01  1.60000000E+01  2.49962000E-05  4.36000000E-04
  1.60000000E+01  1.80000000E+01  3.19942000E-03  5.14000000E-04
  1.60000000E+01  1.90000000E+01  2.21622000E-03  5.38000000E-04
  1.60000000E+01  2.10000000E+01  7.45091000E-02  6.57000000E-04
  1.60000000E+01  2.20000000E+01  9.35397000E-03  6.63000000E-04
  1.60000000E+01  2.40000000E+01  9.05122000E-03  7.94000000E-04
  1.60000000E+01  2.50000000E+01  3.06340000E-03  7.94000000E-04
  1.60000000E+01  2.70000000E+01  2.77735000E-05  7.55000000E-04
  1.60000000E+01  2.90000000E+01  3.33283000E-04  7.70000000E-04
  1.60000000E+01  3.00000000E+01  1.80522000E-04  7.74000000E-04
  1.60000000E+01  4.10000000E+01  2.77735000E-06  7.94320000E-04
  1.80000000E+01  1.80000000E+01  1.66631000E-03  5.92000000E-04
  1.80000000E+01  1.90000000E+01  1.14051000E-02  6.16000000E-04
  1.80000000E+01  2.10000000E+01  6.31786000E-02  7.35000000E-04
  1.80000000E+01  2.20000000E+01  5.40978000E-03  7.41000000E-04
  1.80000000E+01  2.40000000E+01  5.79310000E-03  8.72000000E-04
  1.80000000E+01  2.50000000E+01  3.18540000E-03  8.72000000E-04
  1.80000000E+01  2.70000000E+01  3.36041000E-04  8.33000000E-04
  1.80000000E+01  2.90000000E+01  3.58256000E-04  8.48000000E-04
  1.80000000E+01  3.00000000E+01  1.08582000E-03  8.52000000E-04
  1.80000000E+01  4.10000000E+01  2.49947000E-05  8.72320000E-04
  1.90000000E+01  1.90000000E+01  4.19911000E-03  6.40000000E-04
  1.90000000E+01  2.10000000E+01  1.36398000E-01  7.59000000E-04
  1.90000000E+01  2.20000000E+01  5.10719000E-03  7.65000000E-04
  1.90000000E+01  2.40000000E+01  3.92970000E-03  8.96000000E-04
  1.90000000E+01  2.50000000E+01  1.85793000E-03  8.96000000E-04
  1.90000000E+01  2.70000000E+01  2.63827000E-04  8.57000000E-04
  1.90000000E+01  2.90000000E+01  1.04695000E-03  8.72000000E-04
  1.90000000E+01  3.00000000E+01  7.72045000E-04  8.76000000E-04
  1.90000000E+01  4.10000000E+01  1.94391000E-05  8.96320000E-04
  2.10000000E+01  2.10000000E+01  1.13634000E-01  8.78000000E-04
  2.10000000E+01  2.20000000E+01  2.31575000E-01  8.84000000E-04
  2.10000000E+01  2.40000000E+01  3.42544000E-02  1.01500000E-03
  2.10000000E+01  2.50000000E+01  4.44411000E-02  1.01500000E-03
  2.10000000E+01  2.70000000E+01  1.10194000E-02  9.76000000E-04
  2.10000000E+01  2.90000000E+01  8.25631000E-03  9.91000000E-04
  2.10000000E+01  3.00000000E+01  1.67132000E-02  9.95000000E-04
  2.10000000E+01  4.10000000E+01  8.88682000E-04  1.01532000E-03
  2.20000000E+01  2.20000000E+01  3.79924000E-03  8.90000000E-04
  2.20000000E+01  2.40000000E+01  3.37982000E-02  1.02100000E-03
  2.20000000E+01  2.50000000E+01  2.01899000E-03  1.02100000E-03
  2.20000000E+01  2.70000000E+01  7.88711000E-04  9.82000000E-04
  2.20000000E+01  2.90000000E+01  4.74893000E-04  9.97000000E-04
  2.20000000E+01  3.00000000E+01  5.13779000E-04  1.00100000E-03
  2.20000000E+01  4.10000000E+01  5.83204000E-05  1.02132000E-03
  2.40000000E+01  2.40000000E+01  9.18197000E-03  1.15200000E-03
  2.40000000E+01  2.50000000E+01  3.36333000E-02  1.15200000E-03
  2.40000000E+01  2.70000000E+01  1.38616000E-03  1.11300000E-03
  2.40000000E+01  2.90000000E+01  6.23322000E-04  1.12800000E-03
  2.40000000E+01  3.00000000E+01  4.72479000E-04  1.13200000E-03
  2.40000000E+01  4.10000000E+01  1.11002000E-04  1.15232000E-03
  2.50000000E+01  2.50000000E+01  6.13024000E-04  1.15200000E-03
  2.50000000E+01  2.70000000E+01  3.33370000E-04  1.11300000E-03
  2.50000000E+01  2.90000000E+01  2.03395000E-04  1.12800000E-03
  2.50000000E+01  3.00000000E+01  2.06222000E-04  1.13200000E-03
  2.50000000E+01  4.10000000E+01  2.54257000E-05  1.15232000E-03
  2.70000000E+01  2.70000000E+01  1.03790000E-05  1.07400000E-03
  2.70000000E+01  2.90000000E+01  1.45305000E-04  1.08900000E-03
  2.70000000E+01  3.00000000E+01  8.30318000E-05  1.09300000E-03
  2.90000000E+01  2.90000000E+01  7.26636000E-05  1.10400000E-03
  2.90000000E+01  3.00000000E+01  3.94478000E-04  1.10800000E-03
  2.90000000E+01  4.10000000E+01  1.03812000E-05  1.12832000E-03
  3.00000000E+01  3.00000000E+01  4.40135000E-04  1.11200000E-03
  3.00000000E+01  4.10000000E+01  3.38578000E-05  1.13232000E-03
                                                                       1
 63000  0  7  151.96     180717  2  0.0         1.0000E+50  0.0
92931 91  0.0         14.         0.0         0.0         0.0
  1.90000000E+01  4.25772000E-03  8.73000000E-04
  2.40000000E+01  1.17240000E-04  1.12900000E-03
  2.50000000E+01  2.27321000E-03  1.12900000E-03
  3.00000000E+01  8.82164000E-04  1.10900000E-03
                                                                       1
 63000  0  9  151.96     180717  2  0.0         1.0000E+50  0.0
92932 91  0.0         14.         0.0         0.0         0.0
  1.60000000E+01  1.80000000E+01  9.21746000E-04  4.85000000E-04
  1.60000000E+01  1.90000000E+01  5.34440000E-03  5.09000000E-04
  1.60000000E+01  2.10000000E+01  7.83635000E-03  6.28000000E-04
  1.60000000E+01  2.20000000E+01  8.60466000E-02  6.34000000E-04
  1.60000000E+01  2.40000000E+01  3.17359000E-03  7.65000000E-04
  1.60000000E+01  2.50000000E+01  1.04034000E-02  7.65000000E-04
  1.60000000E+01  2.70000000E+01  2.10168000E-05  7.26000000E-04
  1.60000000E+01  2.90000000E+01  5.10404000E-05  7.41000000E-04
  1.60000000E+01  3.00000000E+01  4.89387000E-04  7.45000000E-04
  1.60000000E+01  4.10000000E+01  3.00246000E-06  7.65320000E-04
  1.80000000E+01  1.80000000E+01  1.20095000E-05  5.63000000E-04
  1.80000000E+01  1.90000000E+01  1.26668000E-02  5.87000000E-04
  1.80000000E+01  2.10000000E+01  7.74590000E-04  7.06000000E-04
  1.80000000E+01  2.20000000E+01  8.52830000E-02  7.12000000E-04
  1.80000000E+01  2.40000000E+01  1.41111000E-03  8.43000000E-04
  1.80000000E+01  2.50000000E+01  5.06791000E-03  8.43000000E-04
  1.80000000E+01  2.70000000E+01  9.30700000E-05  8.04000000E-04
  1.80000000E+01  2.90000000E+01  6.00449000E-06  8.19000000E-04
  1.80000000E+01  3.00000000E+01  1.14994000E-03  8.23000000E-04
  1.80000000E+01  4.10000000E+01  6.00449000E-06  8.43320000E-04
  1.90000000E+01  1.90000000E+01  9.76438000E-03  6.11000000E-04
  1.90000000E+01  2.10000000E+01  7.97489000E-03  7.30000000E-04
  1.90000000E+01  2.20000000E+01  1.37499000E-01  7.36000000E-04
  1.90000000E+01  2.40000000E+01  2.35699000E-03  8.67000000E-04
  1.90000000E+01  2.50000000E+01  5.59977000E-03  8.67000000E-04
  1.90000000E+01  2.70000000E+01  6.27537000E-04  8.28000000E-04
  1.90000000E+01  2.90000000E+01  1.12595000E-03  8.43000000E-04
  1.90000000E+01  3.00000000E+01  1.83461000E-03  8.47000000E-04
  1.90000000E+01  4.10000000E+01  4.80414000E-05  8.67320000E-04
  2.10000000E+01  2.10000000E+01  1.71133000E-03  8.49000000E-04
  2.10000000E+01  2.20000000E+01  1.76691000E-01  8.55000000E-04
  2.10000000E+01  2.40000000E+01  1.71422000E-03  9.86000000E-04
  2.10000000E+01  2.50000000E+01  2.25349000E-02  9.86000000E-04
  2.10000000E+01  2.70000000E+01  6.45496000E-04  9.47000000E-04
  2.10000000E+01  2.90000000E+01  1.02077000E-04  9.62000000E-04
  2.10000000E+01  3.00000000E+01  7.23557000E-04  9.66000000E-04
  2.10000000E+01  4.10000000E+01  4.80369000E-05  9.86320000E-04
  2.20000000E+01  2.20000000E+01  2.02534000E-01  8.61000000E-04
  2.20000000E+01  2.40000000E+01  4.12310000E-02  9.92000000E-04
  2.20000000E+01  2.50000000E+01  6.12753000E-02  9.92000000E-04
  2.20000000E+01  2.70000000E+01  1.23496000E-02  9.53000000E-04
  2.20000000E+01  2.90000000E+01  1.07279000E-02  9.68000000E-04
  2.20000000E+01  3.00000000E+01  1.69594000E-02  9.72000000E-04
  2.20000000E+01  4.10000000E+01  9.93826000E-04  9.92320000E-04
  2.40000000E+01  2.40000000E+01  7.65619000E-04  1.12300000E-03
  2.40000000E+01  2.50000000E+01  3.07955000E-02  1.12300000E-03
  2.40000000E+01  2.70000000E+01  3.68967000E-04  1.08400000E-03
  2.40000000E+01  2.90000000E+01  1.69111000E-04  1.09900000E-03
  2.40000000E+01  3.00000000E+01  2.15229000E-04  1.10300000E-03
  2.40000000E+01  4.10000000E+01  2.76731000E-05  1.12332000E-03
  2.50000000E+01  2.50000000E+01  1.79667000E-02  1.12300000E-03
  2.50000000E+01  2.70000000E+01  1.53814000E-03  1.08400000E-03
  2.50000000E+01  2.90000000E+01  6.39903000E-04  1.09900000E-03
  2.50000000E+01  3.00000000E+01  6.15283000E-04  1.10300000E-03
  2.50000000E+01  4.10000000E+01  1.23062000E-04  1.12332000E-03
  2.70000000E+01  2.90000000E+01  3.88320000E-05  1.06000000E-03
  2.70000000E+01  3.00000000E+01  3.88320000E-04  1.06400000E-03
  2.90000000E+01  3.00000000E+01  4.36272000E-04  1.07900000E-03
  3.00000000E+01  3.00000000E+01  5.12899000E-04  1.08300000E-03
  3.00000000E+01  4.10000000E+01  3.41931000E-05  1.10332000E-03
                                                                       1
 63000  0  7  151.96     180717  2  0.0         1.0000E+50  0.0
92931 91  0.0         16.         0.0         0.0         0.0
  1.80000000E+01  1.45883000E-05  7.80000000E-05
  1.90000000E+01  8.87784000E-05  1.02000000E-04
  2.90000000E+01  3.74187000E-05  3.34000000E-04
  3.00000000E+01  2.97116000E-05  3.38000000E-04
                                                                       1
 63000  0  9  151.96     180717  2  0.0         1.0000E+50  0.0
92932 91  0.0         16.         0.0         0.0         0.0
  1.80000000E+01  2.40000000E+01  2.66378000E-02  7.20000000E-05
  1.80000000E+01  2.50000000E+01  3.99021000E-02  7.20000000E-05
  1.80000000E+01  2.70000000E+01  4.77890000E-02  3.30000000E-05
  1.80000000E+01  2.90000000E+01  3.76344000E-02  4.80000000E-05
  1.80000000E+01  3.00000000E+01  7.66748000E-02  5.20000000E-05
  1.80000000E+01  4.10000000E+01  3.71859000E-03  7.23200000E-05
  1.90000000E+01  2.40000000E+01  1.00552000E-01  9.60000000E-05
  1.90000000E+01  2.50000000E+01  1.20557000E-01  9.60000000E-05
  1.90000000E+01  2.70000000E+01  5.97973000E-02  5.70000000E-05
  1.90000000E+01  2.90000000E+01  6.07680000E-02  7.20000000E-05
  1.90000000E+01  3.00000000E+01  7.95751000E-02  7.60000000E-05
  1.90000000E+01  4.10000000E+01  4.75259000E-03  9.63200000E-05
  2.10000000E+01  2.10000000E+01  4.61408000E-03  7.80000000E-05
  2.10000000E+01  2.20000000E+01  2.36019000E-02  8.40000000E-05
  2.10000000E+01  2.40000000E+01  3.63932000E-03  2.15000000E-04
  2.10000000E+01  2.50000000E+01  8.80155000E-03  2.15000000E-04
  2.10000000E+01  2.70000000E+01  2.01750000E-02  1.76000000E-04
  2.10000000E+01  2.90000000E+01  4.06496000E-03  1.91000000E-04
  2.10000000E+01  3.00000000E+01  1.22006000E-02  1.95000000E-04
  2.10000000E+01  4.10000000E+01  1.33781000E-03  2.15320000E-04
  2.20000000E+01  2.20000000E+01  1.22201000E-02  9.00000000E-05
  2.20000000E+01  2.40000000E+01  1.00487000E-02  2.21000000E-04
  2.20000000E+01  2.50000000E+01  8.77427000E-03  2.21000000E-04
  2.20000000E+01  2.70000000E+01  2.92510000E-02  1.82000000E-04
  2.20000000E+01  2.90000000E+01  1.14553000E-02  1.97000000E-04
  2.20000000E+01  3.00000000E+01  1.15890000E-02  2.01000000E-04
  2.20000000E+01  4.10000000E+01  1.93502000E-03  2.21320000E-04
  2.40000000E+01  2.40000000E+01  1.28924000E-03  3.52000000E-04
  2.40000000E+01  2.50000000E+01  3.92620000E-03  3.52000000E-04
  2.40000000E+01  2.70000000E+01  8.52360000E-03  3.13000000E-04
  2.40000000E+01  2.90000000E+01  1.04497000E-03  3.28000000E-04
  2.40000000E+01  3.00000000E+01  2.57345000E-03  3.32000000E-04
  2.40000000E+01  4.10000000E+01  5.15035000E-04  3.52320000E-04
  2.50000000E+01  2.50000000E+01  2.30977000E-03  3.52000000E-04
  2.50000000E+01  2.70000000E+01  1.09559000E-02  3.13000000E-04
  2.50000000E+01  2.90000000E+01  7.40567000E-04  3.28000000E-04
  2.50000000E+01  3.00000000E+01  3.22388000E-03  3.32000000E-04
  2.50000000E+01  4.10000000E+01  6.61429000E-04  3.52320000E-04
  2.70000000E+01  2.70000000E+01  1.75933000E-02  2.74000000E-04
  2.70000000E+01  2.90000000E+01  2.14226000E-02  2.89000000E-04
  2.70000000E+01  3.00000000E+01  3.69963000E-02  2.93000000E-04
  2.70000000E+01  4.10000000E+01  2.50406000E-03  3.13320000E-04
  2.90000000E+01  2.90000000E+01  5.80754000E-03  3.04000000E-04
  2.90000000E+01  3.00000000E+01  2.45896000E-02  3.08000000E-04
  2.90000000E+01  4.10000000E+01  4.57481000E-03  3.28320000E-04
  3.00000000E+01  3.00000000E+01  2.03434000E-02  3.12000000E-04
  3.00000000E+01  4.10000000E+01  8.16644000E-03  3.32320000E-04
                                                                       1
 63000  0  7  151.96     180717  2  0.0         1.0000E+50  0.0
92931 91  0.0         18.         0.0         0.0         0.0
  2.10000000E+01  2.86511000E-04  1.43000000E-04
  2.70000000E+01  6.30528000E-05  2.41000000E-04
                                                                       1
 63000  0  9  151.96     180717  2  0.0         1.0000E+50  0.0
92932 91  0.0         18.         0.0         0.0         0.0
  1.90000000E+01  2.40000000E+01  4.63220000E-02  1.80000000E-05
  1.90000000E+01  2.50000000E+01  3.54084000E-02  1.80000000E-05
  1.90000000E+01  2.90000000E+01  1.20459000E-02  0.00000000E+00
  1.90000000E+01  3.00000000E+01  1.20447000E-02  0.00000000E+00
  1.90000000E+01  4.10000000E+01  1.37913000E-03  1.83200000E-05
  2.10000000E+01  2.10000000E+01  2.37467000E-02  0.00000000E+00
  2.10000000E+01  2.20000000E+01  3.20923000E-01  6.00000000E-06
  2.10000000E+01  2.40000000E+01  9.12399000E-02  1.37000000E-04
  2.10000000E+01  2.50000000E+01  1.88985000E-01  1.37000000E-04
  2.10000000E+01  2.70000000E+01  3.79629000E-02  9.80000000E-05
  2.10000000E+01  2.90000000E+01  2.67329000E-02  1.13000000E-04
  2.10000000E+01  3.00000000E+01  4.91334000E-02  1.17000000E-04
  2.10000000E+01  4.10000000E+01  3.00653000E-03  1.37320000E-04
  2.20000000E+01  2.20000000E+01  1.84586000E-02  1.20000000E-05
  2.20000000E+01  2.40000000E+01  2.38885000E-02  1.43000000E-04
  2.20000000E+01  2.50000000E+01  6.34651000E-03  1.43000000E-04
  2.20000000E+01  2.70000000E+01  6.40363000E-03  1.04000000E-04
  2.20000000E+01  2.90000000E+01  2.71910000E-02  1.19000000E-04
  2.20000000E+01  3.00000000E+01  5.98259000E-03  1.23000000E-04
  2.20000000E+01  4.10000000E+01  4.49145000E-04  1.43320000E-04
  2.40000000E+01  2.40000000E+01  7.32192000E-04  2.74000000E-04
  2.40000000E+01  2.50000000E+01  6.20881000E-03  2.74000000E-04
  2.40000000E+01  2.70000000E+01  2.04064000E-03  2.35000000E-04
  2.40000000E+01  2.90000000E+01  7.30687000E-03  2.50000000E-04
  2.40000000E+01  3.00000000E+01  2.61536000E-03  2.54000000E-04
  2.40000000E+01  4.10000000E+01  1.59133000E-04  2.74320000E-04
  2.50000000E+01  2.50000000E+01  2.24494000E-04  2.74000000E-04
  2.50000000E+01  2.70000000E+01  1.07572000E-03  2.35000000E-04
  2.50000000E+01  2.90000000E+01  1.23072000E-02  2.50000000E-04
  2.50000000E+01  3.00000000E+01  9.60870000E-04  2.54000000E-04
  2.50000000E+01  4.10000000E+01  7.06712000E-05  2.74320000E-04
  2.70000000E+01  2.70000000E+01  1.93236000E-04  1.96000000E-04
  2.70000000E+01  2.90000000E+01  3.26340000E-03  2.11000000E-04
  2.70000000E+01  3.00000000E+01  5.14656000E-04  2.15000000E-04
  2.70000000E+01  4.10000000E+01  2.60115000E-05  2.35320000E-04
  2.90000000E+01  2.90000000E+01  5.87019000E-03  2.26000000E-04
  2.90000000E+01  3.00000000E+01  1.66943000E-02  2.30000000E-04
  2.90000000E+01  4.10000000E+01  8.57504000E-04  2.50320000E-04
  3.00000000E+01  3.00000000E+01  7.50483000E-04  2.34000000E-04
  3.00000000E+01  4.10000000E+01  1.28597000E-04  2.54320000E-04
                                                                       1
 63000  0  7  151.96     180717  2  0.0         1.0000E+50  0.0
92931 91  0.0         19.         0.0         0.0         0.0
  2.10000000E+01  7.49954000E-06  1.19000000E-04
  2.20000000E+01  8.05574000E-05  1.25000000E-04
  2.70000000E+01  3.00042000E-05  2.17000000E-04
                                                                       1
 63000  0  9  151.96     180717  2  0.0         1.0000E+50  0.0
92932 91  0.0         19.         0.0         0.0         0.0
  2.10000000E+01  2.40000000E+01  1.75083000E-02  1.13000000E-04
  2.10000000E+01  2.50000000E+01  5.20007000E-02  1.13000000E-04
  2.10000000E+01  2.70000000E+01  1.66545000E-02  7.40000000E-05
  2.10000000E+01  2.90000000E+01  1.24120000E-02  8.90000000E-05
  2.10000000E+01  3.00000000E+01  4.83323000E-02  9.30000000E-05
  2.10000000E+01  4.10000000E+01  1.31294000E-03  1.13320000E-04
  2.20000000E+01  2.40000000E+01  2.29890000E-01  1.19000000E-04
  2.20000000E+01  2.50000000E+01  2.35642000E-01  1.19000000E-04
  2.20000000E+01  2.70000000E+01  8.61819000E-02  8.00000000E-05
  2.20000000E+01  2.90000000E+01  8.32778000E-02  9.50000000E-05
  2.20000000E+01  3.00000000E+01  1.25920000E-01  9.90000000E-05
  2.20000000E+01  4.10000000E+01  7.08235000E-03  1.19320000E-04
  2.40000000E+01  2.40000000E+01  2.68272000E-04  2.50000000E-04
  2.40000000E+01  2.50000000E+01  9.25397000E-03  2.50000000E-04
  2.40000000E+01  2.70000000E+01  3.02452000E-03  2.11000000E-04
  2.40000000E+01  2.90000000E+01  1.31410000E-03  2.26000000E-04
  2.40000000E+01  3.00000000E+01  1.92701000E-02  2.30000000E-04
  2.40000000E+01  4.10000000E+01  1.85181000E-04  2.50320000E-04
  2.50000000E+01  2.50000000E+01  3.23801000E-03  2.50000000E-04
  2.50000000E+01  2.70000000E+01  6.44508000E-03  2.11000000E-04
  2.50000000E+01  2.90000000E+01  5.35732000E-03  2.26000000E-04
  2.50000000E+01  3.00000000E+01  2.33853000E-02  2.30000000E-04
  2.50000000E+01  4.10000000E+01  4.39452000E-04  2.50320000E-04
  2.70000000E+01  2.70000000E+01  2.13484000E-05  1.72000000E-04
  2.70000000E+01  2.90000000E+01  2.02554000E-04  1.87000000E-04
  2.70000000E+01  3.00000000E+01  3.89074000E-03  1.91000000E-04
  2.70000000E+01  4.10000000E+01  3.47507000E-06  2.11320000E-04
  2.90000000E+01  2.90000000E+01  1.89101000E-05  2.02000000E-04
  2.90000000E+01  3.00000000E+01  1.97644000E-03  2.06000000E-04
  2.90000000E+01  4.10000000E+01  7.56428000E-06  2.26320000E-04
  3.00000000E+01  3.00000000E+01  5.04013000E-03  2.10000000E-04
  3.00000000E+01  4.10000000E+01  3.24498000E-04  2.30320000E-04
                                                                       1
 63000  0  7  151.96     180717  2  0.0         1.0000E+50  0.0
92931 91  0.0         21.         0.0         0.0         0.0
  2.40000000E+01  5.35870000E-06  1.37000000E-04
  2.90000000E+01  9.62489000E-06  1.13000000E-04
  3.00000000E+01  1.55605000E-06  1.17000000E-04
                                                                       1
 63000  0  9  151.96     180717  2  0.0         1.0000E+50  0.0
92932 91  0.0         21.         0.0         0.0         0.0
  2.20000000E+01  2.40000000E+01  4.97867000E-02  0.00000000E+00
  2.20000000E+01  2.50000000E+01  6.09235000E-03  0.00000000E+00
  2.20000000E+01  4.10000000E+01  3.25740000E-04  3.20000000E-07
  2.40000000E+01  2.40000000E+01  9.06733000E-02  1.31000000E-04
  2.40000000E+01  2.50000000E+01  3.46996000E-01  1.31000000E-04
  2.40000000E+01  2.70000000E+01  6.76267000E-02  9.20000000E-05
  2.40000000E+01  2.90000000E+01  5.70390000E-02  1.07000000E-04
  2.40000000E+01  3.00000000E+01  9.14799000E-02  1.11000000E-04
  2.40000000E+01  4.10000000E+01  5.49312000E-03  1.31320000E-04
  2.50000000E+01  2.50000000E+01  1.98534000E-03  1.31000000E-04
  2.50000000E+01  2.70000000E+01  4.16183000E-03  9.20000000E-05
  2.50000000E+01  2.90000000E+01  1.18515000E-02  1.07000000E-04
  2.50000000E+01  3.00000000E+01  3.93152000E-03  1.11000000E-04
  2.50000000E+01  4.10000000E+01  2.85736000E-04  1.31320000E-04
  2.70000000E+01  2.70000000E+01  1.55319000E-02  5.30000000E-05
  2.70000000E+01  2.90000000E+01  1.30736000E-02  6.80000000E-05
  2.70000000E+01  3.00000000E+01  1.58034000E-02  7.20000000E-05
  2.70000000E+01  4.10000000E+01  1.38393000E-03  9.23200000E-05
  2.90000000E+01  2.90000000E+01  3.75465000E-02  8.30000000E-05
  2.90000000E+01  3.00000000E+01  1.19312000E-01  8.70000000E-05
  2.90000000E+01  4.10000000E+01  4.70119000E-03  1.07320000E-04
  3.00000000E+01  3.00000000E+01  5.08067000E-02  9.10000000E-05
  3.00000000E+01  4.10000000E+01  4.09615000E-03  1.11320000E-04
                                                                       1
 63000  0  7  151.96     180717  2  0.0         1.0000E+50  0.0
92931 91  0.0         22.         0.0         0.0         0.0
  2.40000000E+01  2.86760000E-07  1.31000000E-04
  2.50000000E+01  5.81030000E-06  1.31000000E-04
  3.00000000E+01  1.12920000E-05  1.11000000E-04
                                                                       1
 63000  0  9  151.96     180717  2  0.0         1.0000E+50  0.0
92932 91  0.0         22.         0.0         0.0         0.0
  2.40000000E+01  2.40000000E+01  7.87621000E-03  1.25000000E-04
  2.40000000E+01  2.50000000E+01  3.66913000E-01  1.25000000E-04
  2.40000000E+01  2.70000000E+01  1.26975000E-02  8.60000000E-05
  2.40000000E+01  2.90000000E+01  7.13073000E-03  1.01000000E-04
  2.40000000E+01  3.00000000E+01  2.69421000E-02  1.05000000E-04
  2.40000000E+01  4.10000000E+01  9.40828000E-04  1.25320000E-04
  2.50000000E+01  2.50000000E+01  2.24120000E-01  1.25000000E-04
  2.50000000E+01  2.70000000E+01  9.36559000E-02  8.60000000E-05
  2.50000000E+01  2.90000000E+01  9.15946000E-02  1.01000000E-04
  2.50000000E+01  3.00000000E+01  1.24727000E-01  1.05000000E-04
  2.50000000E+01  4.10000000E+01  7.68226000E-03  1.25320000E-04
  2.70000000E+01  2.70000000E+01  7.95965000E-03  4.70000000E-05
  2.70000000E+01  2.90000000E+01  3.78626000E-03  6.20000000E-05
  2.70000000E+01  3.00000000E+01  9.98350000E-03  6.60000000E-05
  2.70000000E+01  4.10000000E+01  7.00605000E-04  8.63200000E-05
  2.90000000E+01  2.90000000E+01  7.56691000E-04  7.70000000E-05
  2.90000000E+01  3.00000000E+01  7.38399000E-03  8.10000000E-05
  2.90000000E+01  4.10000000E+01  1.61119000E-04  1.01320000E-04
  3.00000000E+01  3.00000000E+01  4.54304000E-03  8.50000000E-05
  3.00000000E+01  4.10000000E+01  4.27260000E-04  1.05320000E-04
                                                                       1
 63000  0  7  151.96     180717  2  0.0         1.0000E+50  0.0
92931 91  0.0         27.         0.0         0.0         0.0
  2.90000000E+01  2.54791000E-08  1.50000000E-05
  3.00000000E+01  9.32413000E-08  1.90000000E-05
                                                                       1
 63000  0  9  151.96     180717  2  0.0         1.0000E+50  0.0
92932 91  0.0         27.         0.0         0.0         0.0
  2.90000000E+01  4.10000000E+01  4.04261000E-01  9.32000000E-06
  3.00000000E+01  4.10000000E+01  5.87882000E-01  1.33200000E-05
  4.10000000E+01  4.10000000E+01  7.85712000E-03  3.36400000E-05
                                                                       1
