1.000E-03 7.236E-01 3.539E-02 1.403E+03 0.000E+00 0.000E+00 
1.010E-03 7.220E-01 3.599E-02 1.367E+03 0.000E+00 0.000E+00 
1.020E-03 7.205E-01 3.660E-02 1.331E+03 0.000E+00 0.000E+00 
1.031E-03 7.188E-01 3.732E-02 1.292E+03 0.000E+00 0.000E+00 
1.043E-03 7.170E-01 3.804E-02 1.254E+03 0.000E+00 0.000E+00 
1.057E-03 7.148E-01 3.896E-02 1.208E+03 0.000E+00 0.000E+00 
1.072E-03 7.127E-01 3.990E-02 1.165E+03 0.000E+00 0.000E+00 
1.131E-03 7.041E-01 4.375E-02 1.009E+03 0.000E+00 0.000E+00 
1.194E-03 6.953E-01 4.793E-02 8.728E+02 0.000E+00 0.000E+00 
1.248E-03 6.876E-01 5.167E-02 7.736E+02 0.000E+00 0.000E+00 
1.305E-03 6.795E-01 5.565E-02 6.856E+02 0.000E+00 0.000E+00 
1.500E-03 6.507E-01 6.961E-02 4.681E+02 0.000E+00 0.000E+00 
2.000E-03 5.714E-01 1.051E-01 2.083E+02 0.000E+00 0.000E+00 
2.145E-03 5.485E-01 1.149E-01 1.710E+02 0.000E+00 0.000E+00 
2.303E-03 5.244E-01 1.251E-01 1.395E+02 0.000E+00 0.000E+00 
2.472E-03 4.993E-01 1.356E-01 1.144E+02 0.000E+00 0.000E+00 
2.641E-03 4.753E-01 1.455E-01 9.437E+01 0.000E+00 0.000E+00 
2.822E-03 4.508E-01 1.554E-01 7.779E+01 0.000E+00 0.000E+00 
3.000E-03 4.279E-01 1.644E-01 6.536E+01 0.000E+00 0.000E+00 
3.607E-03 3.590E-01 1.905E-01 3.823E+01 0.000E+00 0.000E+00 
4.000E-03 3.217E-01 2.040E-01 2.810E+01 0.000E+00 0.000E+00 
4.038E-03 3.184E-01 2.052E-01 2.731E+01 0.000E+00 0.000E+00 
5.000E-03 2.481E-01 2.292E-01 1.437E+01 0.000E+00 0.000E+00 
6.000E-03 1.972E-01 2.456E-01 8.247E+00 0.000E+00 0.000E+00 
7.112E-03 1.576E-01 2.577E-01 4.890E+00 0.000E+00 0.000E+00 
8.000E-03 1.346E-01 2.645E-01 3.398E+00 0.000E+00 0.000E+00 
9.659E-03 1.041E-01 2.730E-01 1.889E+00 0.000E+00 0.000E+00 
1.000E-02 9.929E-02 2.743E-01 1.694E+00 0.000E+00 0.000E+00 
1.500E-02 5.637E-02 2.840E-01 4.693E-01 0.000E+00 0.000E+00 
2.000E-02 3.681E-02 2.861E-01 1.865E-01 0.000E+00 0.000E+00 
3.000E-02 1.912E-02 2.832E-01 5.003E-02 0.000E+00 0.000E+00 
4.000E-02 1.161E-02 2.773E-01 1.952E-02 0.000E+00 0.000E+00 
5.000E-02 7.781E-03 2.705E-01 9.372E-03 0.000E+00 0.000E+00 
6.000E-02 5.573E-03 2.637E-01 5.138E-03 0.000E+00 0.000E+00 
8.000E-02 3.254E-03 2.509E-01 1.989E-03 0.000E+00 0.000E+00 
1.000E-01 2.126E-03 2.395E-01 9.530E-04 0.000E+00 0.000E+00 
1.500E-01 9.672E-04 2.160E-01 2.526E-04 0.000E+00 0.000E+00 
2.000E-01 5.489E-04 1.981E-01 9.992E-05 0.000E+00 0.000E+00 
3.000E-01 2.456E-04 1.724E-01 2.827E-05 0.000E+00 0.000E+00 
4.000E-01 1.385E-04 1.545E-01 1.211E-05 0.000E+00 0.000E+00 
5.000E-01 8.874E-05 1.411E-01 6.533E-06 0.000E+00 0.000E+00 
6.000E-01 6.167E-05 1.305E-01 4.070E-06 0.000E+00 0.000E+00 
8.000E-01 3.471E-05 1.147E-01 2.055E-06 0.000E+00 0.000E+00 
1.000E+00 2.222E-05 1.031E-01 1.277E-06 0.000E+00 0.000E+00 
1.022E+00 2.128E-05 1.021E-01 1.190E-06 0.000E+00 0.000E+00 
1.250E+00 1.423E-05 9.221E-02 8.078E-07 9.528E-06 0.000E+00 
1.500E+00 9.878E-06 8.382E-02 5.860E-07 5.296E-05 0.000E+00 
2.000E+00 5.557E-06 7.153E-02 3.684E-07 2.113E-04 0.000E+00 
2.044E+00 5.320E-06 7.064E-02 3.564E-07 2.277E-04 0.000E+00 
3.000E+00 2.470E-06 5.626E-02 2.057E-07 6.049E-04 1.969E-05 
4.000E+00 1.390E-06 4.694E-02 1.411E-07 9.817E-04 8.036E-05 
5.000E+00 8.891E-07 4.054E-02 1.070E-07 1.318E-03 1.602E-04 
6.000E+00 6.175E-07 3.583E-02 8.596E-08 1.620E-03 2.460E-04 
7.000E+00 4.536E-07 3.220E-02 7.180E-08 1.888E-03 3.317E-04 
8.000E+00 3.474E-07 2.931E-02 6.160E-08 2.131E-03 4.149E-04 
9.000E+00 2.745E-07 2.694E-02 5.393E-08 2.352E-03 4.947E-04 
1.000E+01 2.223E-07 2.496E-02 4.795E-08 2.551E-03 5.708E-04 
1.100E+01 1.837E-07 2.328E-02 4.315E-08 2.734E-03 6.430E-04 
1.200E+01 1.544E-07 2.183E-02 3.922E-08 2.901E-03 7.113E-04 
1.300E+01 1.315E-07 2.057E-02 3.595E-08 3.057E-03 7.758E-04 
1.400E+01 1.134E-07 1.946E-02 3.317E-08 3.202E-03 8.373E-04 
1.500E+01 9.880E-08 1.847E-02 3.080E-08 3.338E-03 8.958E-04 
1.600E+01 8.683E-08 1.759E-02 2.874E-08 3.466E-03 9.518E-04 
1.800E+01 6.861E-08 1.608E-02 2.535E-08 3.700E-03 1.056E-03 
2.000E+01 5.557E-08 1.483E-02 2.267E-08 3.911E-03 1.151E-03 
2.200E+01 4.593E-08 1.377E-02 2.050E-08 4.103E-03 1.239E-03 
2.400E+01 3.859E-08 1.287E-02 1.871E-08 4.277E-03 1.320E-03 
2.600E+01 3.289E-08 1.208E-02 1.721E-08 4.438E-03 1.396E-03 
2.800E+01 2.835E-08 1.140E-02 1.593E-08 4.587E-03 1.466E-03 
3.000E+01 2.470E-08 1.079E-02 1.483E-08 4.725E-03 1.533E-03 
4.000E+01 1.390E-08 8.577E-03 1.101E-08 5.293E-03 1.812E-03 
5.000E+01 8.891E-09 7.162E-03 8.761E-09 5.729E-03 2.032E-03 
6.000E+01 6.174E-09 6.167E-03 7.273E-09 6.077E-03 2.213E-03 
8.000E+01 3.473E-09 4.865E-03 5.429E-09 6.611E-03 2.497E-03 
1.000E+02 2.223E-09 4.038E-03 4.330E-09 7.008E-03 2.715E-03 
1.500E+02 9.878E-10 2.876E-03 2.875E-09 7.677E-03 3.104E-03 
2.000E+02 5.556E-10 2.255E-03 2.153E-09 8.099E-03 3.369E-03 
3.000E+02 2.470E-10 1.598E-03 1.432E-09 8.615E-03 3.720E-03 
4.000E+02 1.389E-10 1.251E-03 1.073E-09 8.920E-03 3.947E-03 
5.000E+02 8.889E-11 1.036E-03 8.579E-10 9.126E-03 4.109E-03 
6.000E+02 6.173E-11 8.871E-04 7.146E-10 9.275E-03 4.230E-03 
8.000E+02 3.473E-11 6.928E-04 5.357E-10 9.475E-03 4.404E-03 
1.000E+03 2.223E-11 5.699E-04 4.284E-10 9.607E-03 4.523E-03 
1.500E+03 9.878E-12 3.981E-04 2.855E-10 9.800E-03 4.705E-03 
2.000E+03 5.556E-12 3.081E-04 2.141E-10 9.907E-03 4.809E-03 
3.000E+03 2.470E-12 2.142E-04 1.427E-10 1.002E-02 4.926E-03 
4.000E+03 1.389E-12 1.653E-04 1.070E-10 1.009E-02 4.993E-03 
5.000E+03 8.889E-13 1.352E-04 8.560E-11 1.013E-02 5.038E-03 
6.000E+03 6.173E-13 1.147E-04 7.133E-11 1.015E-02 5.069E-03 
8.000E+03 3.473E-13 8.831E-05 5.350E-11 1.019E-02 5.109E-03 
1.000E+04 2.223E-13 7.211E-05 4.280E-11 1.021E-02 5.136E-03 
1.500E+04 9.878E-14 4.982E-05 2.853E-11 1.024E-02 5.171E-03 
2.000E+04 5.556E-14 3.832E-05 2.140E-11 1.026E-02 5.190E-03 
3.000E+04 2.470E-14 2.643E-05 1.427E-11 1.028E-02 5.212E-03 
4.000E+04 1.389E-14 2.029E-05 1.070E-11 1.029E-02 5.225E-03 
5.000E+04 8.889E-15 1.652E-05 8.559E-12 1.030E-02 5.230E-03 
6.000E+04 6.173E-15 1.396E-05 7.132E-12 1.030E-02 5.238E-03 
8.000E+04 3.473E-15 1.071E-05 5.350E-12 1.030E-02 5.243E-03 
1.000E+05 2.223E-15 8.709E-06 4.280E-12 1.031E-02 5.247E-03 

