2.502880e+00  2.563040e+00  2.619020e+00  2.671300e+00  2.719690e+00  2.764180e+00  
2.805120e+00  2.843310e+00  2.879980e+00  2.915560e+00  2.950410e+00  2.985210e+00  
3.021510e+00  3.060540e+00  3.101960e+00  3.144430e+00  3.186010e+00  3.224670e+00  
3.257580e+00  3.271910e+00  3.287600e+00  3.302530e+00  3.320970e+00  3.326040e+00  
3.330130e+00  3.330630e+00  3.331070e+00  3.331120e+00  3.331180e+00  3.331170e+00  
3.123730e+00  3.173020e+00  3.219570e+00  3.264300e+00  3.306930e+00  3.347180e+00  
3.384760e+00  3.419440e+00  3.451050e+00  3.479680e+00  3.505780e+00  3.530200e+00  
3.554970e+00  3.581980e+00  3.611730e+00  3.644620e+00  3.680940e+00  3.720390e+00  
3.761270e+00  3.780310e+00  3.795030e+00  3.802520e+00  3.812640e+00  3.816430e+00  
3.817860e+00  3.817870e+00  3.818110e+00  3.818100e+00  3.818300e+00  3.818190e+00  
3.600850e+00  3.658310e+00  3.708300e+00  3.752110e+00  3.789600e+00  3.820890e+00  
3.846540e+00  3.867710e+00  3.886070e+00  3.902300e+00  3.917190e+00  3.931930e+00  
3.948830e+00  3.969840e+00  3.994740e+00  4.021920e+00  4.049900e+00  4.079410e+00  
4.110820e+00  4.126360e+00  4.139960e+00  4.147970e+00  4.153130e+00  4.154220e+00  
4.155050e+00  4.155130e+00  4.155190e+00  4.155210e+00  4.155210e+00  4.155210e+00  
4.327800e+00  4.399490e+00  4.455660e+00  4.498220e+00  4.527300e+00  4.543740e+00  
4.549440e+00  4.547850e+00  4.543400e+00  4.537530e+00  4.531150e+00  4.525490e+00  
4.522630e+00  4.524350e+00  4.530480e+00  4.539390e+00  4.549840e+00  4.563370e+00  
4.581350e+00  4.590850e+00  4.597220e+00  4.598640e+00  4.599450e+00  4.599460e+00  
4.599230e+00  4.599190e+00  4.599170e+00  4.599160e+00  4.599180e+00  4.599180e+00  
4.867430e+00  4.963830e+00  5.026000e+00  5.060200e+00  5.072700e+00  5.071010e+00  
5.058500e+00  5.039020e+00  5.017370e+00  4.994850e+00  4.971920e+00  4.949390e+00  
4.928540e+00  4.910830e+00  4.896870e+00  4.887070e+00  4.882040e+00  4.882550e+00  
4.886140e+00  4.886420e+00  4.885300e+00  4.883230e+00  4.880640e+00  4.879780e+00  
4.879050e+00  4.878960e+00  4.878890e+00  4.878870e+00  4.878870e+00  4.878880e+00  
5.293230e+00  5.412990e+00  5.479730e+00  5.504190e+00  5.499250e+00  5.479470e+00  
5.449820e+00  5.414730e+00  5.379340e+00  5.343570e+00  5.305290e+00  5.264610e+00  
5.225780e+00  5.192740e+00  5.165420e+00  5.141940e+00  5.121210e+00  5.106270e+00  
5.096270e+00  5.089790e+00  5.082450e+00  5.076350e+00  5.071000e+00  5.069520e+00  
5.068310e+00  5.068170e+00  5.068060e+00  5.068030e+00  5.068020e+00  5.068030e+00  
5.646220e+00  5.782410e+00  5.850180e+00  5.864170e+00  5.842700e+00  5.806130e+00  
5.760720e+00  5.711300e+00  5.663260e+00  5.615510e+00  5.564030e+00  5.508290e+00  
5.454600e+00  5.408480e+00  5.369330e+00  5.333680e+00  5.299240e+00  5.270450e+00  
5.247880e+00  5.235500e+00  5.222820e+00  5.213210e+00  5.205090e+00  5.203000e+00  
5.201330e+00  5.201120e+00  5.200970e+00  5.200920e+00  5.200920e+00  5.200930e+00  
6.209680e+00  6.359410e+00  6.419930e+00  6.411800e+00  6.360730e+00  6.294560e+00  
6.221240e+00  6.146210e+00  6.075140e+00  6.006050e+00  5.933090e+00  5.854970e+00  
5.779270e+00  5.712390e+00  5.653220e+00  5.596920e+00  5.540220e+00  5.488410e+00  
5.444040e+00  5.422160e+00  5.400970e+00  5.385460e+00  5.371560e+00  5.368170e+00  
5.365510e+00  5.365180e+00  5.364930e+00  5.364880e+00  5.364850e+00  5.364880e+00  
6.649100e+00  6.795000e+00  6.840190e+00  6.809330e+00  6.732160e+00  6.640380e+00  
6.542800e+00  6.445120e+00  6.353320e+00  6.265320e+00  6.175270e+00  6.081430e+00  
5.990520e+00  5.907980e+00  5.832620e+00  5.759750e+00  5.686080e+00  5.616370e+00  
5.554330e+00  5.525090e+00  5.497280e+00  5.476840e+00  5.457340e+00  5.452660e+00  
5.448970e+00  5.448500e+00  5.448150e+00  5.448090e+00  5.448060e+00  5.448070e+00  
7.440550e+00  7.546620e+00  7.540180e+00  7.452840e+00  7.318480e+00  7.172140e+00  
7.023200e+00  6.877410e+00  6.740920e+00  6.612570e+00  6.489260e+00  6.368710e+00  
6.253240e+00  6.144100e+00  6.040370e+00  5.938900e+00  5.837330e+00  5.738070e+00  
5.645310e+00  5.602620e+00  5.562010e+00  5.531450e+00  5.500760e+00  5.493370e+00  
5.487550e+00  5.486780e+00  5.486210e+00  5.486140e+00  5.486090e+00  5.486080e+00  
8.015440e+00  8.005650e+00  7.937050e+00  7.825300e+00  7.675350e+00  7.495070e+00  
7.295760e+00  7.093210e+00  6.904750e+00  6.733880e+00  6.580740e+00  6.442800e+00  
6.316770e+00  6.197850e+00  6.083240e+00  5.966670e+00  5.844120e+00  5.723200e+00  
5.613760e+00  5.563810e+00  5.513370e+00  5.472850e+00  5.435400e+00  5.426260e+00  
5.418730e+00  5.417830e+00  5.417090e+00  5.416990e+00  5.416920e+00  5.416920e+00  
8.929290e+00  8.681510e+00  8.423160e+00  8.172120e+00  7.928090e+00  7.690890e+00  
7.460670e+00  7.237830e+00  7.021790e+00  6.814150e+00  6.616120e+00  6.427440e+00  
6.249990e+00  6.083740e+00  5.929730e+00  5.789190e+00  5.662140e+00  5.543470e+00  
5.429730e+00  5.377020e+00  5.328410e+00  5.286550e+00  5.201580e+00  5.169650e+00  
5.179310e+00  5.184600e+00  5.180960e+00  5.179040e+00  5.181790e+00  5.180160e+00  
9.236460e+00  9.032830e+00  8.773680e+00  8.486170e+00  8.176780e+00  7.854230e+00  
7.530000e+00  7.219030e+00  6.935620e+00  6.683320e+00  6.461000e+00  6.263960e+00  
6.087840e+00  5.926890e+00  5.776810e+00  5.629540e+00  5.479010e+00  5.330120e+00  
5.189140e+00  5.121070e+00  5.050140e+00  4.992490e+00  4.942880e+00  4.930690e+00  
4.920320e+00  4.919100e+00  4.918130e+00  4.917960e+00  4.917910e+00  4.917880e+00  
9.593950e+00  9.308340e+00  8.972980e+00  8.618630e+00  8.251460e+00  7.879880e+00  
7.514460e+00  7.168540e+00  6.855450e+00  6.577520e+00  6.333060e+00  6.116120e+00  
5.921070e+00  5.742380e+00  5.575770e+00  5.414700e+00  5.254150e+00  5.097080e+00  
4.947950e+00  4.876300e+00  4.803220e+00  4.744870e+00  4.692750e+00  4.679970e+00  
4.669330e+00  4.668080e+00  4.667060e+00  4.666890e+00  4.666820e+00  4.666800e+00  
9.871460e+00  9.512470e+00  9.110700e+00  8.699520e+00  8.284360e+00  7.873050e+00  
7.475070e+00  7.101790e+00  6.765560e+00  6.467890e+00  6.205880e+00  5.972540e+00  
5.760810e+00  5.565510e+00  5.382650e+00  5.207900e+00  5.037820e+00  4.873580e+00  
4.718080e+00  4.644390e+00  4.571500e+00  4.514710e+00  4.461000e+00  4.447840e+00  
4.437270e+00  4.436000e+00  4.434930e+00  4.434810e+00  4.434700e+00  4.434690e+00  
1.021802e+01  9.851800e+00  9.352200e+00  8.801580e+00  8.256360e+00  7.764040e+00  
7.326810e+00  6.937950e+00  6.591840e+00  6.281680e+00  5.994470e+00  5.722070e+00  
5.468830e+00  5.239490e+00  5.030450e+00  4.836570e+00  4.652940e+00  4.475600e+00  
4.306960e+00  4.230600e+00  4.158830e+00  4.104880e+00  4.049120e+00  4.035970e+00  
4.025640e+00  4.024260e+00  4.023250e+00  4.023120e+00  4.023010e+00  4.023000e+00  
1.065983e+01  9.991200e+00  9.345940e+00  8.753800e+00  8.209100e+00  7.708090e+00  
7.247700e+00  6.825070e+00  6.438330e+00  6.087910e+00  5.769520e+00  5.478030e+00  
5.209110e+00  4.961690e+00  4.734660e+00  4.526610e+00  4.335090e+00  4.149960e+00  
3.964670e+00  3.877080e+00  3.801830e+00  3.753310e+00  3.698780e+00  3.683170e+00  
3.673450e+00  3.672640e+00  3.671430e+00  3.671220e+00  3.671170e+00  3.671130e+00  
1.097736e+01  1.029310e+01  9.529540e+00  8.770990e+00  8.068180e+00  7.457560e+00  
6.930040e+00  6.471310e+00  6.067360e+00  5.703390e+00  5.360930e+00  5.030730e+00  
4.720630e+00  4.437460e+00  4.180140e+00  3.940770e+00  3.714900e+00  3.502690e+00  
3.305710e+00  3.214330e+00  3.129630e+00  3.069120e+00  3.013080e+00  3.000240e+00  
2.990270e+00  2.988980e+00  2.988030e+00  2.987900e+00  2.987810e+00  2.987780e+00  
1.136100e+01  1.036243e+01  9.455900e+00  8.654370e+00  7.941900e+00  7.307290e+00  
6.740650e+00  6.234640e+00  5.784640e+00  5.382760e+00  5.020070e+00  4.687300e+00  
4.373990e+00  4.074700e+00  3.793160e+00  3.531980e+00  3.291310e+00  3.066040e+00  
2.853300e+00  2.753050e+00  2.657610e+00  2.588610e+00  2.533080e+00  2.520510e+00  
2.510300e+00  2.509130e+00  2.508180e+00  2.508020e+00  2.507960e+00  2.507920e+00  
1.177098e+01  1.051909e+01  9.445780e+00  8.527710e+00  7.733150e+00  7.042470e+00  
6.440620e+00  5.909430e+00  5.434870e+00  5.008050e+00  4.620240e+00  4.263250e+00  
3.928210e+00  3.610070e+00  3.310630e+00  3.033000e+00  2.774620e+00  2.529640e+00  
2.295790e+00  2.185020e+00  2.081200e+00  2.007450e+00  1.947450e+00  1.933990e+00  
1.923250e+00  1.922010e+00  1.921010e+00  1.920850e+00  1.920760e+00  1.920740e+00  
1.206485e+01  1.064347e+01  9.468190e+00  8.477710e+00  7.633220e+00  6.907420e+00  
6.282520e+00  5.735210e+00  5.244970e+00  4.801860e+00  4.398170e+00  4.026410e+00  
3.678630e+00  3.349960e+00  3.040860e+00  2.753100e+00  2.485510e+00  2.229870e+00  
1.983730e+00  1.866900e+00  1.758840e+00  1.682450e+00  1.616620e+00  1.601780e+00  
1.590250e+00  1.588910e+00  1.587770e+00  1.587630e+00  1.587500e+00  1.587490e+00  
1.230378e+01  1.076198e+01  9.520050e+00  8.479550e+00  7.600740e+00  6.850780e+00  
6.208340e+00  5.647530e+00  5.144620e+00  4.688700e+00  4.272690e+00  3.889690e+00  
3.532320e+00  3.195860e+00  2.880010e+00  2.585470e+00  2.311780e+00  2.050130e+00  
1.796080e+00  1.674370e+00  1.560910e+00  1.479520e+00  1.408440e+00  1.392350e+00  
1.379830e+00  1.378370e+00  1.377120e+00  1.376960e+00  1.376830e+00  1.376810e+00  
1.250821e+01  1.087665e+01  9.588900e+00  8.511930e+00  7.607500e+00  6.840320e+00  
6.184330e+00  5.611950e+00  5.098280e+00  4.631980e+00  4.206150e+00  3.814210e+00  
3.449090e+00  3.106100e+00  2.784540e+00  2.484500e+00  2.205280e+00  1.939000e+00  
1.678510e+00  1.552440e+00  1.433380e+00  1.346440e+00  1.270330e+00  1.252960e+00  
1.239330e+00  1.237730e+00  1.236370e+00  1.236190e+00  1.236070e+00  1.236030e+00  
1.284720e+01  1.109342e+01  9.749320e+00  8.625340e+00  7.686290e+00  6.895960e+00  
6.220770e+00  5.630780e+00  5.100670e+00  4.619190e+00  4.179370e+00  3.774480e+00  
3.397360e+00  3.043190e+00  2.710960e+00  2.400320e+00  2.109580e+00  1.832270e+00  
1.558980e+00  1.424650e+00  1.295210e+00  1.197960e+00  1.111210e+00  1.090910e+00  
1.074800e+00  1.072900e+00  1.071290e+00  1.071080e+00  1.070940e+00  1.070870e+00  
1.312223e+01  1.129141e+01  9.916580e+00  8.766380e+00  7.807830e+00  7.002780e+00  
6.314690e+00  5.712440e+00  5.171030e+00  4.679360e+00  4.230190e+00  3.816300e+00  
3.429900e+00  3.065810e+00  2.723120e+00  2.401450e+00  2.098490e+00  1.807290e+00  
1.519960e+00  1.377170e+00  1.237640e+00  1.130510e+00  1.032070e+00  1.008440e+00  
9.896100e-01  9.873800e-01  9.855100e-01  9.852600e-01  9.850800e-01  9.850000e-01  
1.363732e+01  1.169485e+01  1.028636e+01  9.110200e+00  8.138580e+00  7.317130e+00  
6.612280e+00  5.993040e+00  5.435350e+00  4.928020e+00  4.463340e+00  4.033310e+00  
3.629050e+00  3.244710e+00  2.879530e+00  2.533250e+00  2.202510e+00  1.877050e+00  
1.550380e+00  1.384740e+00  1.217330e+00  1.083050e+00  9.535700e-01  9.214500e-01  
8.956700e-01  8.925700e-01  8.900000e-01  8.896900e-01  8.893800e-01  8.893800e-01  
1.399843e+01  1.199201e+01  1.057637e+01  9.400490e+00  8.434600e+00  7.612930e+00  
6.904780e+00  6.279980e+00  5.714840e+00  5.198370e+00  4.723090e+00  4.281140e+00  
3.863600e+00  3.464520e+00  3.082940e+00  2.718190e+00  2.365540e+00  2.011260e+00  
1.644380e+00  1.454700e+00  1.256370e+00  1.091880e+00  9.307300e-01  8.903900e-01  
8.580300e-01  8.541300e-01  8.508000e-01  8.503500e-01  8.500900e-01  8.500800e-01  
1.449293e+01  1.234678e+01  1.094373e+01  9.827920e+00  8.915530e+00  8.122380e+00  
7.420880e+00  6.787070e+00  6.202720e+00  5.663850e+00  5.171120e+00  4.718980e+00  
4.292790e+00  3.881630e+00  3.481860e+00  3.089130e+00  2.699570e+00  2.309700e+00  
1.882640e+00  1.634900e+00  1.371240e+00  1.148400e+00  9.240400e-01  8.681900e-01  
8.245400e-01  8.189200e-01  8.140300e-01  8.131700e-01  8.137600e-01  8.127700e-01  
1.478651e+01  1.255866e+01  1.118437e+01  1.012695e+01  9.262600e+00  8.500570e+00  
7.813490e+00  7.179900e+00  6.584400e+00  6.030970e+00  5.530570e+00  5.079840e+00  
4.654560e+00  4.237290e+00  3.825010e+00  3.414910e+00  3.004630e+00  2.591480e+00  
2.116160e+00  1.819710e+00  1.495040e+00  1.217250e+00  9.331200e-01  8.620100e-01  
8.071200e-01  8.002300e-01  7.938800e-01  7.926100e-01  7.941600e-01  7.919300e-01  
1.464183e+01  1.273142e+01  1.151862e+01  1.049272e+01  9.593530e+00  8.789830e+00  
8.070270e+00  7.423260e+00  6.839770e+00  6.310860e+00  5.827420e+00  5.379090e+00  
4.953120e+00  4.539200e+00  4.131760e+00  3.722740e+00  3.297920e+00  2.829950e+00  
2.285530e+00  1.972950e+00  1.623720e+00  1.312070e+00  9.539600e-01  8.545600e-01  
7.938100e-01  7.883900e-01  7.801300e-01  7.785700e-01  7.811100e-01  7.773800e-01  
1.472842e+01  1.282148e+01  1.165612e+01  1.066505e+01  9.790970e+00  9.005760e+00  
8.299720e+00  7.662230e+00  7.085150e+00  6.560270e+00  6.079160e+00  5.632020e+00  
5.206690e+00  4.792880e+00  4.384420e+00  3.972020e+00  3.539020e+00  3.052790e+00  
2.471860e+00  2.130140e+00  1.740510e+00  1.387410e+00  9.751600e-01  8.582900e-01  
7.852000e-01  7.786000e-01  7.696100e-01  7.680100e-01  7.708600e-01  7.663600e-01  
1.482148e+01  1.292555e+01  1.184180e+01  1.090619e+01  1.007541e+01  9.323630e+00  
8.643570e+00  8.025940e+00  7.463970e+00  6.950510e+00  6.478060e+00  6.037730e+00  
5.618090e+00  5.209010e+00  4.803460e+00  4.390350e+00  3.949240e+00  3.439070e+00  
2.804170e+00  2.416520e+00  1.960000e+00  1.532890e+00  1.022930e+00  8.737700e-01  
7.744600e-01  7.648700e-01  7.546600e-01  7.531000e-01  7.560500e-01  7.506800e-01  
1.486156e+01  1.297981e+01  1.195857e+01  1.106614e+01  1.027026e+01  9.546820e+00  
8.889850e+00  8.291110e+00  7.744640e+00  7.244060e+00  6.782470e+00  6.351600e+00  
5.940490e+00  5.539130e+00  5.139930e+00  4.730620e+00  4.288090e+00  3.764930e+00  
3.093580e+00  2.671880e+00  2.162620e+00  1.671950e+00  1.074310e+00  8.955300e-01  
7.690300e-01  7.559100e-01  7.444600e-01  7.430400e-01  7.456600e-01  7.400300e-01  
1.488042e+01  1.303485e+01  1.211185e+01  1.129478e+01  1.056073e+01  9.890120e+00  
9.278480e+00  8.719190e+00  8.207400e+00  7.737710e+00  7.304170e+00  6.899240e+00  
6.512500e+00  6.134000e+00  5.755640e+00  5.363650e+00  4.931100e+00  4.400740e+00  
3.683150e+00  3.208830e+00  2.608480e+00  1.997870e+00  1.208130e+00  9.628300e-01  
7.672800e-01  7.442200e-01  7.291500e-01  7.281200e-01  7.291600e-01  7.242100e-01  
1.486844e+01  1.304767e+01  1.218228e+01  1.141320e+01  1.071944e+01  1.008492e+01  
9.505790e+00  8.976320e+00  8.492200e+00  8.048550e+00  7.639900e+00  7.258970e+00  
6.895480e+00  6.539410e+00  6.182650e+00  5.810960e+00  5.395790e+00  4.874870e+00  
4.144380e+00  3.643680e+00  2.987480e+00  2.291220e+00  1.340250e+00  1.036030e+00  
7.739700e-01  7.406700e-01  7.207600e-01  7.199000e-01  7.192900e-01  7.155400e-01  
1.484079e+01  1.304417e+01  1.224565e+01  1.153273e+01  1.088816e+01  1.029934e+01  
9.763050e+00  9.274530e+00  8.830090e+00  8.425440e+00  8.055500e+00  7.713270e+00  
7.388310e+00  7.070520e+00  6.752180e+00  6.419320e+00  6.042660e+00  5.555960e+00  
4.838660e+00  4.320550e+00  3.605590e+00  2.796740e+00  1.588130e+00  1.182120e+00  
7.979000e-01  7.448100e-01  7.122900e-01  7.109600e-01  7.080100e-01  7.062300e-01  
1.481931e+01  1.303777e+01  1.227617e+01  1.159443e+01  1.097806e+01  1.041646e+01  
9.906650e+00  9.444390e+00  9.026370e+00  8.648650e+00  8.306390e+00  7.992750e+00  
7.697100e+00  7.409370e+00  7.122460e+00  6.823050e+00  6.482490e+00  6.033630e+00  
5.347550e+00  4.832560e+00  4.094320e+00  3.218520e+00  1.818930e+00  1.322270e+00  
8.277200e-01  7.559100e-01  7.086500e-01  7.061300e-01  7.018600e-01  7.013000e-01  
1.478983e+01  1.303203e+01  1.229952e+01  1.164141e+01  1.104517e+01  1.050159e+01  
1.000774e+01  9.559720e+00  9.154540e+00  8.789440e+00  8.461370e+00  8.166030e+00  
7.896510e+00  7.644190e+00  7.397580e+00  7.133240e+00  6.816100e+00  6.389680e+00  
5.733680e+00  5.232430e+00  4.495480e+00  3.587030e+00  2.040370e+00  1.454550e+00  
8.565000e-01  7.685000e-01  7.079000e-01  7.036000e-01  7.000400e-01  6.982500e-01  
1.475984e+01  1.302788e+01  1.231645e+01  1.167425e+01  1.109083e+01  1.055845e+01  
1.007506e+01  9.637990e+00  9.245270e+00  8.894370e+00  8.582320e+00  8.304670e+00  
8.054140e+00  7.822090e+00  7.597780e+00  7.358720e+00  7.070360e+00  6.674830e+00  
6.049120e+00  5.560990e+00  4.830430e+00  3.904090e+00  2.244580e+00  1.580740e+00  
8.881900e-01  7.835800e-01  7.078100e-01  7.022200e-01  6.976100e-01  6.961900e-01  
1.474432e+01  1.303674e+01  1.233984e+01  1.171168e+01  1.114298e+01  1.062689e+01  
1.016123e+01  9.743270e+00  9.370830e+00  9.041340e+00  8.751630e+00  8.496840e+00  
8.268880e+00  8.060030e+00  7.865120e+00  7.672180e+00  7.450880e+00  7.121620e+00  
6.539750e+00  6.070380e+00  5.365190e+00  4.432480e+00  2.605720e+00  1.820770e+00  
9.523100e-01  8.160700e-01  7.098400e-01  7.008500e-01  6.944000e-01  6.935700e-01  
1.472009e+01  1.304102e+01  1.235828e+01  1.174197e+01  1.118400e+01  1.067845e+01  
1.022320e+01  9.815940e+00  9.454720e+00  9.137340e+00  8.861020e+00  8.621490e+00  
8.411280e+00  8.223470e+00  8.053940e+00  7.892080e+00  7.709120e+00  7.426120e+00  
6.898440e+00  6.458790e+00  5.781580e+00  4.853260e+00  2.924780e+00  2.042490e+00  
1.014960e+00  8.496200e-01  7.135800e-01  7.006400e-01  6.926800e-01  6.919700e-01  
1.465580e+01  1.304652e+01  1.239360e+01  1.179928e+01  1.125769e+01  1.076544e+01  
1.032163e+01  9.925410e+00  9.576530e+00  9.273900e+00  9.015860e+00  8.799800e+00  
8.620560e+00  8.472460e+00  8.349230e+00  8.234310e+00  8.099600e+00  7.892130e+00  
7.492890e+00  7.130330e+00  6.515820e+00  5.618640e+00  3.590770e+00  2.526480e+00  
1.164280e+00  9.328000e-01  7.261000e-01  7.038700e-01  6.908200e-01  6.898100e-01  
1.460259e+01  1.305694e+01  1.241271e+01  1.182621e+01  1.129204e+01  1.080753e+01  
1.037201e+01  9.984330e+00  9.644320e+00  9.351200e+00  9.103730e+00  8.899880e+00  
8.735270e+00  8.605300e+00  8.505260e+00  8.420920e+00  8.327540e+00  8.177330e+00  
7.861030e+00  7.555280e+00  7.011350e+00  6.173470e+00  4.104730e+00  2.920480e+00  
1.305740e+00  1.019120e+00  7.424500e-01  7.057500e-01  6.903500e-01  6.887300e-01  
1.445373e+01  1.306602e+01  1.243157e+01  1.185351e+01  1.132722e+01  1.085066e+01  
1.042313e+01  1.004389e+01  9.712880e+00  9.429730e+00  9.193810e+00  9.003540e+00  
8.855550e+00  8.746490e+00  8.673760e+00  8.626300e+00  8.584450e+00  8.508990e+00  
8.305670e+00  8.078150e+00  7.632090e+00  6.893930e+00  4.881260e+00  3.576000e+00  
1.561670e+00  1.173410e+00  7.762500e-01  7.188700e-01  6.917600e-01  6.876400e-01  
1.432438e+01  1.306912e+01  1.244010e+01  1.186646e+01  1.134429e+01  1.087187e+01  
1.044828e+01  1.007312e+01  9.746430e+00  9.468130e+00  9.238030e+00  9.055050e+00  
8.916660e+00  8.820470e+00  8.764490e+00  8.738330e+00  8.725180e+00  8.694950e+00  
8.568140e+00  8.395670e+00  8.017650e+00  7.347170e+00  5.432490e+00  4.110980e+00  
1.796400e+00  1.311290e+00  8.091200e-01  7.382100e-01  6.918500e-01  6.870800e-01  
1.422952e+01  1.307169e+01  1.244583e+01  1.187360e+01  1.135251e+01  1.088169e+01  
1.046050e+01  1.008887e+01  9.766860e+00  9.493860e+00  9.268710e+00  9.090010e+00  
8.956390e+00  8.866630e+00  8.819580e+00  8.806120e+00  8.812330e+00  8.814860e+00  
8.737430e+00  8.598100e+00  8.278450e+00  7.697080e+00  5.889620e+00  4.513960e+00  
2.000700e+00  1.448310e+00  8.455700e-01  7.514800e-01  6.978000e-01  6.867500e-01  
1.416386e+01  1.307067e+01  1.244742e+01  1.187841e+01  1.136042e+01  1.089207e+01  
1.047266e+01  1.010216e+01  9.780840e+00  9.508810e+00  9.286010e+00  9.111630e+00  
8.983400e+00  8.899640e+00  8.859490e+00  8.854780e+00  8.872840e+00  8.892720e+00  
8.854420e+00  8.754210e+00  8.483770e+00  7.941950e+00  6.207800e+00  4.882230e+00  
2.212450e+00  1.572490e+00  8.778900e-01  7.718400e-01  6.956000e-01  6.865300e-01  
1.408148e+01  1.307196e+01  1.245158e+01  1.188481e+01  1.136908e+01  1.090296e+01  
1.048593e+01  1.011800e+01  9.799590e+00  9.530770e+00  9.311620e+00  9.141550e+00  
9.018490e+00  8.941250e+00  8.909580e+00  8.916520e+00  8.951730e+00  8.999060e+00  
9.010730e+00  8.954360e+00  8.755540e+00  8.308120e+00  6.732580e+00  5.440980e+00  
2.588160e+00  1.807350e+00  9.450100e-01  8.064000e-01  7.002300e-01  6.862500e-01  
1.402959e+01  1.307291e+01  1.245430e+01  1.188896e+01  1.137454e+01  1.090982e+01  
1.049438e+01  1.012809e+01  9.811450e+00  9.544570e+00  9.327560e+00  9.160050e+00  
9.040100e+00  8.966850e+00  8.940430e+00  8.954740e+00  9.000860e+00  9.065440e+00  
9.109030e+00  9.082070e+00  8.934310e+00  8.558750e+00  7.118160e+00  5.871970e+00  
2.916620e+00  2.020830e+00  1.009780e+00  8.408900e-01  7.056100e-01  6.860800e-01  
1.395024e+01  1.307404e+01  1.245777e+01  1.189449e+01  1.138208e+01  1.091945e+01  
1.050611e+01  1.014206e+01  9.827760e+00  9.563450e+00  9.349320e+00  9.185240e+00  
9.069540e+00  9.001630e+00  8.982460e+00  9.007070e+00  9.068690e+00  9.157380e+00  
9.246010e+00  9.262460e+00  9.194380e+00  8.939770e+00  7.759430e+00  6.630980e+00  
3.591750e+00  2.495990e+00  1.162490e+00  9.254800e-01  7.211500e-01  6.858600e-01  
1.390411e+01  1.307398e+01  1.245921e+01  1.189716e+01  1.138582e+01  1.092423e+01  
1.051191e+01  1.014897e+01  9.835850e+00  9.572850e+00  9.360270e+00  9.198030e+00  
9.084600e+00  9.019460e+00  9.004090e+00  9.034170e+00  9.104070e+00  9.205520e+00  
9.318090e+00  9.358110e+00  9.334900e+00  9.154540e+00  8.161140e+00  7.135680e+00  
4.118330e+00  2.910880e+00  1.304650e+00  1.007260e+00  7.382000e-01  6.857500e-01  
1.385492e+01  1.307510e+01  1.246145e+01  1.189924e+01  1.138767e+01  1.092643e+01  
1.051523e+01  1.015421e+01  9.843720e+00  9.583500e+00  9.372880e+00  9.211630e+00  
9.099720e+00  9.037710e+00  9.026800e+00  9.061360e+00  9.136330e+00  9.251680e+00  
9.400030e+00  9.469050e+00  9.481030e+00  9.348010e+00  8.633460e+00  7.897280e+00  
4.881480e+00  3.517430e+00  1.562560e+00  1.178290e+00  7.735100e-01  6.856300e-01  
1.382887e+01  1.307519e+01  1.246251e+01  1.190083e+01  1.138944e+01  1.092847e+01  
1.051758e+01  1.015682e+01  9.846620e+00  9.586980e+00  9.377810e+00  9.218760e+00  
9.108600e+00  9.047190e+00  9.036700e+00  9.074130e+00  9.156300e+00  9.281330e+00  
9.434330e+00  9.507520e+00  9.556820e+00  9.511390e+00  8.921340e+00  8.198520e+00  
5.484880e+00  4.087330e+00  1.792300e+00  1.308420e+00  8.096300e-01  6.855800e-01  
1.381340e+01  1.307596e+01  1.246335e+01  1.190135e+01  1.138991e+01  1.092919e+01  
1.051872e+01  1.015855e+01  9.848910e+00  9.589830e+00  9.381190e+00  9.222670e+00  
9.113180e+00  9.052700e+00  9.043480e+00  9.082720e+00  9.167510e+00  9.296640e+00  
9.458210e+00  9.539860e+00  9.603470e+00  9.586750e+00  9.111510e+00  8.476360e+00  
5.920910e+00  4.509880e+00  2.025630e+00  1.444630e+00  8.444200e-01  6.855500e-01  
1.380265e+01  1.307647e+01  1.246397e+01  1.190182e+01  1.139033e+01  1.092964e+01  
1.051955e+01  1.015977e+01  9.850510e+00  9.591760e+00  9.383450e+00  9.225320e+00  
9.116270e+00  9.056370e+00  9.048000e+00  9.088480e+00  9.175060e+00  9.306970e+00  
9.474340e+00  9.561850e+00  9.635140e+00  9.638000e+00  9.246810e+00  8.680330e+00  
6.268730e+00  4.865080e+00  2.248640e+00  1.573210e+00  8.786000e-01  6.855300e-01  
1.378808e+01  1.307685e+01  1.246461e+01  1.190272e+01  1.139148e+01  1.093113e+01  
1.052131e+01  1.016179e+01  9.852700e+00  9.594130e+00  9.386130e+00  9.228550e+00  
9.120180e+00  9.061070e+00  9.053670e+00  9.095580e+00  9.184410e+00  9.319860e+00  
9.494490e+00  9.589280e+00  9.675730e+00  9.704630e+00  9.425390e+00  8.959900e+00  
6.794700e+00  5.434390e+00  2.640280e+00  1.849680e+00  9.452700e-01  6.855000e-01  
1.377850e+01  1.307397e+01  1.246273e+01  1.190338e+01  1.139456e+01  1.093534e+01  
1.052552e+01  1.016515e+01  9.854890e+00  9.595170e+00  9.386410e+00  9.228750e+00  
9.120990e+00  9.063080e+00  9.057470e+00  9.101430e+00  9.191830e+00  9.326630e+00  
9.503570e+00  9.606090e+00  9.702720e+00  9.747330e+00  9.540380e+00  9.137870e+00  
7.168950e+00  5.883850e+00  2.980430e+00  2.085190e+00  1.010330e+00  6.854800e-01  
