2.114060e+00  2.171650e+00  2.226560e+00  2.279040e+00  2.328880e+00  2.375950e+00  
2.420300e+00  2.462350e+00  2.502780e+00  2.541820e+00  2.579620e+00  2.616720e+00  
2.654440e+00  2.693910e+00  2.735140e+00  2.777760e+00  2.820780e+00  2.861700e+00  
2.897360e+00  2.913790e+00  2.933140e+00  2.952520e+00  2.975400e+00  2.981660e+00  
2.986820e+00  2.987460e+00  2.988000e+00  2.988060e+00  2.988100e+00  2.988130e+00  
2.669690e+00  2.723720e+00  2.775590e+00  2.826010e+00  2.874670e+00  2.921250e+00  
2.965410e+00  3.006840e+00  3.045330e+00  3.080860e+00  3.113740e+00  3.144710e+00  
3.175650e+00  3.208310e+00  3.243090e+00  3.280420e+00  3.320890e+00  3.365490e+00  
3.414150e+00  3.438000e+00  3.457260e+00  3.468100e+00  3.483380e+00  3.489130e+00  
3.491630e+00  3.491690e+00  3.492100e+00  3.492130e+00  3.492300e+00  3.492210e+00  
3.118690e+00  3.179460e+00  3.234540e+00  3.284880e+00  3.330310e+00  3.370780e+00  
3.406640e+00  3.438690e+00  3.468150e+00  3.495420e+00  3.520980e+00  3.545540e+00  
3.570800e+00  3.598370e+00  3.628770e+00  3.662480e+00  3.699840e+00  3.740330e+00  
3.782460e+00  3.803070e+00  3.821580e+00  3.833640e+00  3.844570e+00  3.847390e+00  
3.849470e+00  3.849680e+00  3.849870e+00  3.849900e+00  3.849890e+00  3.849920e+00  
3.821130e+00  3.895350e+00  3.957210e+00  4.008140e+00  4.048070e+00  4.077490e+00  
4.097710e+00  4.111330e+00  4.121810e+00  4.130320e+00  4.137630e+00  4.144940e+00  
4.154430e+00  4.168000e+00  4.185690e+00  4.206460e+00  4.229550e+00  4.256290e+00  
4.287700e+00  4.303910e+00  4.317070e+00  4.324000e+00  4.330860e+00  4.332460e+00  
4.333460e+00  4.333560e+00  4.333670e+00  4.333680e+00  4.333710e+00  4.333710e+00  
4.357240e+00  4.453490e+00  4.521670e+00  4.566630e+00  4.593200e+00  4.607340e+00  
4.611720e+00  4.609570e+00  4.605000e+00  4.599120e+00  4.592430e+00  4.585650e+00  
4.580070e+00  4.577130e+00  4.577500e+00  4.581860e+00  4.591040e+00  4.605870e+00  
4.624270e+00  4.632380e+00  4.639230e+00  4.643380e+00  4.646770e+00  4.647440e+00  
4.647940e+00  4.648000e+00  4.648050e+00  4.648050e+00  4.648060e+00  4.648070e+00  
4.782710e+00  4.908120e+00  4.982630e+00  5.016970e+00  5.025170e+00  5.022710e+00  
5.013470e+00  4.999640e+00  4.983920e+00  4.966190e+00  4.945350e+00  4.922040e+00  
4.900210e+00  4.883470e+00  4.871820e+00  4.863660e+00  4.858090e+00  4.857940e+00  
4.863110e+00  4.865080e+00  4.866330e+00  4.866780e+00  4.867270e+00  4.867290e+00  
4.867290e+00  4.867290e+00  4.867300e+00  4.867300e+00  4.867300e+00  4.867310e+00  
5.160260e+00  5.262260e+00  5.333530e+00  5.377220e+00  5.394070e+00  5.386640e+00  
5.359960e+00  5.322250e+00  5.283670e+00  5.246890e+00  5.212410e+00  5.180820e+00  
5.152160e+00  5.126690e+00  5.104120e+00  5.083200e+00  5.063370e+00  5.047530e+00  
5.039270e+00  5.037580e+00  5.034210e+00  5.029790e+00  5.027710e+00  5.027290e+00  
5.026690e+00  5.026610e+00  5.026570e+00  5.026560e+00  5.026590e+00  5.026580e+00  
5.741190e+00  5.846010e+00  5.912290e+00  5.944500e+00  5.943990e+00  5.914400e+00  
5.862370e+00  5.798480e+00  5.735450e+00  5.676430e+00  5.621660e+00  5.571220e+00  
5.523990e+00  5.479210e+00  5.436330e+00  5.393760e+00  5.350950e+00  5.311830e+00  
5.281610e+00  5.269930e+00  5.257540e+00  5.246910e+00  5.238780e+00  5.236930e+00  
5.235260e+00  5.235050e+00  5.234900e+00  5.234870e+00  5.234880e+00  5.234880e+00  
6.192140e+00  6.291390e+00  6.346850e+00  6.364430e+00  6.346000e+00  6.296030e+00  
6.222280e+00  6.136790e+00  6.053780e+00  5.976640e+00  5.905470e+00  5.839820e+00  
5.777800e+00  5.717800e+00  5.658950e+00  5.599210e+00  5.537850e+00  5.479820e+00  
5.431730e+00  5.411820e+00  5.391770e+00  5.375510e+00  5.361480e+00  5.358190e+00  
5.355420e+00  5.355080e+00  5.354810e+00  5.354780e+00  5.354770e+00  5.354770e+00  
6.974720e+00  7.103030e+00  7.127120e+00  7.074670e+00  6.976910e+00  6.866560e+00  
6.752160e+00  6.638770e+00  6.531830e+00  6.430060e+00  6.330150e+00  6.230060e+00  
6.132530e+00  6.039490e+00  5.950150e+00  5.861780e+00  5.772600e+00  5.685770e+00  
5.605050e+00  5.567360e+00  5.531480e+00  5.504700e+00  5.478220e+00  5.471800e+00  
5.466750e+00  5.466100e+00  5.465610e+00  5.465530e+00  5.465490e+00  5.465490e+00  
7.543410e+00  7.619500e+00  7.596120e+00  7.502220e+00  7.365510e+00  7.214910e+00  
7.059610e+00  6.906540e+00  6.763200e+00  6.630010e+00  6.505340e+00  6.386630e+00  
6.273150e+00  6.163220e+00  6.056170e+00  5.950150e+00  5.843950e+00  5.739420e+00  
5.638380e+00  5.589120e+00  5.541080e+00  5.504700e+00  5.470020e+00  5.461460e+00  
5.454650e+00  5.453780e+00  5.453130e+00  5.453030e+00  5.452980e+00  5.452950e+00  
8.330590e+00  8.269010e+00  8.150650e+00  7.994350e+00  7.805440e+00  7.591690e+00  
7.364150e+00  7.137850e+00  6.928230e+00  6.739570e+00  6.571450e+00  6.421250e+00  
6.286340e+00  6.161760e+00  6.043660e+00  5.923530e+00  5.795130e+00  5.665250e+00  
5.542020e+00  5.482080e+00  5.418540e+00  5.366200e+00  5.322570e+00  5.311870e+00  
5.302620e+00  5.301520e+00  5.300680e+00  5.300520e+00  5.300500e+00  5.300420e+00  
8.851000e+00  8.705920e+00  8.505870e+00  8.274350e+00  8.017320e+00  7.742940e+00  
7.462240e+00  7.189800e+00  6.940130e+00  6.717010e+00  6.519840e+00  6.344990e+00  
6.189130e+00  6.047160e+00  5.914640e+00  5.782500e+00  5.643700e+00  5.503320e+00  
5.367480e+00  5.300280e+00  5.229130e+00  5.170720e+00  5.121590e+00  5.109520e+00  
5.099130e+00  5.097900e+00  5.096940e+00  5.096760e+00  5.096740e+00  5.096650e+00  
9.239780e+00  9.018300e+00  8.745710e+00  8.449150e+00  8.134640e+00  7.810420e+00  
7.487100e+00  7.178160e+00  6.897510e+00  6.647900e+00  6.428230e+00  6.233700e+00  
6.059700e+00  5.901140e+00  5.753590e+00  5.609250e+00  5.461810e+00  5.314250e+00  
5.170620e+00  5.099800e+00  5.026340e+00  4.966890e+00  4.914160e+00  4.901180e+00  
4.890300e+00  4.889010e+00  4.887970e+00  4.887800e+00  4.887750e+00  4.887680e+00  
9.546980e+00  9.255830e+00  8.918680e+00  8.565410e+00  8.201800e+00  7.835930e+00  
7.477680e+00  7.139210e+00  6.833700e+00  6.563180e+00  6.325350e+00  6.114420e+00  
5.924190e+00  5.749650e+00  5.586780e+00  5.429980e+00  5.274510e+00  5.121230e+00  
4.972310e+00  4.899810e+00  4.826870e+00  4.769010e+00  4.713790e+00  4.700160e+00  
4.689160e+00  4.687840e+00  4.686730e+00  4.686590e+00  4.686490e+00  4.686470e+00  
9.944160e+00  9.651000e+00  9.217190e+00  8.721720e+00  8.223110e+00  7.771280e+00  
7.369520e+00  7.011840e+00  6.693080e+00  6.407120e+00  6.142570e+00  5.892410e+00  
5.660740e+00  5.451940e+00  5.262740e+00  5.087880e+00  4.921670e+00  4.758070e+00  
4.598050e+00  4.524490e+00  4.453950e+00  4.399210e+00  4.340800e+00  4.326860e+00  
4.315840e+00  4.314350e+00  4.313270e+00  4.313130e+00  4.313020e+00  4.313030e+00  
1.043194e+01  9.829730e+00  9.244540e+00  8.704130e+00  8.204350e+00  7.742460e+00  
7.316220e+00  6.923470e+00  6.562910e+00  6.235110e+00  5.936770e+00  5.663930e+00  
5.413160e+00  5.183780e+00  4.975100e+00  4.786060e+00  4.613810e+00  4.446000e+00  
4.272960e+00  4.188890e+00  4.115140e+00  4.065930e+00  4.008940e+00  3.992180e+00  
3.981650e+00  3.980770e+00  3.979430e+00  3.979170e+00  3.979170e+00  3.979150e+00  
1.092842e+01  1.014408e+01  9.404280e+00  8.733710e+00  8.124940e+00  7.571720e+00  
7.068840e+00  6.613640e+00  6.203830e+00  5.835650e+00  5.503770e+00  5.201720e+00  
4.922770e+00  4.663400e+00  4.424590e+00  4.203960e+00  3.999280e+00  3.802720e+00  
3.610010e+00  3.519490e+00  3.439660e+00  3.385720e+00  3.327170e+00  3.311530e+00  
3.300930e+00  3.299890e+00  3.298700e+00  3.298540e+00  3.298350e+00  3.298390e+00  
1.119707e+01  1.028264e+01  9.439360e+00  8.684470e+00  8.006560e+00  7.397690e+00  
6.850910e+00  6.361380e+00  5.926270e+00  5.538520e+00  5.189800e+00  4.871070e+00  
4.571660e+00  4.285770e+00  4.017050e+00  3.768660e+00  3.541740e+00  3.331450e+00  
3.134760e+00  3.042130e+00  2.951830e+00  2.884000e+00  2.826920e+00  2.813440e+00  
2.802360e+00  2.801080e+00  2.800040e+00  2.799860e+00  2.799790e+00  2.799720e+00  
1.160858e+01  1.044983e+01  9.439880e+00  8.566590e+00  7.804290e+00  7.136830e+00  
6.551600e+00  6.033300e+00  5.569840e+00  5.153160e+00  4.775080e+00  4.427650e+00  
4.101930e+00  3.792690e+00  3.501650e+00  3.231980e+00  2.982240e+00  2.748330e+00  
2.529220e+00  2.426660e+00  2.329510e+00  2.258980e+00  2.199350e+00  2.185500e+00  
2.174360e+00  2.173080e+00  2.172030e+00  2.171870e+00  2.171770e+00  2.171700e+00  
1.189042e+01  1.056969e+01  9.458020e+00  8.511900e+00  7.698820e+00  6.995390e+00  
6.385810e+00  5.849580e+00  5.368440e+00  4.933320e+00  4.537000e+00  4.172300e+00  
3.831400e+00  3.509340e+00  3.206470e+00  2.924270e+00  2.662230e+00  2.414660e+00  
2.181070e+00  2.071970e+00  1.971270e+00  1.899780e+00  1.835950e+00  1.821260e+00  
1.809880e+00  1.808550e+00  1.807420e+00  1.807290e+00  1.807140e+00  1.807130e+00  
1.211446e+01  1.067969e+01  9.501390e+00  8.505390e+00  7.657570e+00  6.929490e+00  
6.301720e+00  5.751030e+00  5.256080e+00  4.806890e+00  4.396920e+00  4.019590e+00  
3.667770e+00  3.336780e+00  3.026110e+00  2.736090e+00  2.466500e+00  2.211110e+00  
1.967750e+00  1.853030e+00  1.746880e+00  1.671170e+00  1.603650e+00  1.588240e+00  
1.576330e+00  1.574940e+00  1.573730e+00  1.573590e+00  1.573450e+00  1.573490e+00  
1.230385e+01  1.078491e+01  9.560810e+00  8.528760e+00  7.655290e+00  6.909500e+00  
6.267750e+00  5.705020e+00  5.198670e+00  4.738360e+00  4.317780e+00  3.930710e+00  
3.570430e+00  3.232320e+00  2.915490e+00  2.619540e+00  2.343900e+00  2.082830e+00  
1.831640e+00  1.711880e+00  1.599900e+00  1.519080e+00  1.447850e+00  1.431620e+00  
1.418980e+00  1.417490e+00  1.416210e+00  1.416050e+00  1.415930e+00  1.415970e+00  
1.261384e+01  1.098300e+01  9.703450e+00  8.625530e+00  7.717800e+00  6.948280e+00  
6.286740e+00  5.705970e+00  5.182710e+00  4.706660e+00  4.271430e+00  3.870740e+00  
3.497840e+00  3.148050e+00  2.820190e+00  2.513540e+00  2.226450e+00  1.953670e+00  
1.687980e+00  1.559100e+00  1.436530e+00  1.346080e+00  1.266230e+00  1.247750e+00  
1.233180e+00  1.231460e+00  1.230000e+00  1.229810e+00  1.229680e+00  1.229640e+00  
1.286127e+01  1.116346e+01  9.855200e+00  8.752460e+00  7.825630e+00  7.041120e+00  
6.366370e+00  5.773180e+00  5.238600e+00  4.752380e+00  4.307790e+00  3.898040e+00  
3.515730e+00  3.155850e+00  2.817430e+00  2.499960e+00  2.201220e+00  1.914840e+00  
1.634280e+00  1.496480e+00  1.363880e+00  1.264210e+00  1.174160e+00  1.152850e+00  
1.135960e+00  1.133970e+00  1.132290e+00  1.132070e+00  1.131910e+00  1.131760e+00  
1.330377e+01  1.152250e+01  1.019051e+01  9.067190e+00  8.128110e+00  7.327350e+00  
6.635470e+00  6.025170e+00  5.474870e+00  4.974070e+00  4.515270e+00  4.090590e+00  
3.691150e+00  3.311190e+00  2.950310e+00  2.608760e+00  2.283500e+00  1.964110e+00  
1.644020e+00  1.482930e+00  1.322470e+00  1.196380e+00  1.077980e+00  1.049050e+00  
1.025810e+00  1.023060e+00  1.020790e+00  1.020490e+00  1.020220e+00  1.020170e+00  
1.359135e+01  1.177558e+01  1.044940e+01  9.332850e+00  8.401330e+00  7.600790e+00  
6.905330e+00  6.289310e+00  5.732320e+00  5.223960e+00  4.756570e+00  4.321920e+00  
3.910580e+00  3.516450e+00  3.139240e+00  2.779340e+00  2.432720e+00  2.085370e+00  
1.726090e+00  1.540940e+00  1.349310e+00  1.192890e+00  1.044510e+00  1.008160e+00  
9.790000e-01  9.754700e-01  9.724500e-01  9.720600e-01  9.718400e-01  9.720400e-01  
1.393199e+01  1.209042e+01  1.080155e+01  9.728440e+00  8.827980e+00  8.048310e+00  
7.364660e+00  6.752080e+00  6.190250e+00  5.670710e+00  5.188400e+00  4.737940e+00  
4.313170e+00  3.908520e+00  3.519370e+00  3.139040e+00  2.758150e+00  2.361650e+00  
1.932940e+00  1.701660e+00  1.453880e+00  1.239840e+00  1.022150e+00  9.711300e-01  
9.349200e-01  9.304400e-01  9.249600e-01  9.242200e-01  9.252500e-01  9.248100e-01  
1.410564e+01  1.227047e+01  1.103169e+01  1.000637e+01  9.136910e+00  8.379560e+00  
7.710960e+00  7.107320e+00  6.548890e+00  6.028270e+00  5.541600e+00  5.084760e+00  
4.653040e+00  4.241470e+00  3.844520e+00  3.453810e+00  3.056450e+00  2.629810e+00  
2.146080e+00  1.872350e+00  1.568620e+00  1.300360e+00  1.021480e+00  9.552000e-01  
9.112300e-01  9.059400e-01  8.985200e-01  8.975500e-01  8.999800e-01  8.981900e-01  
1.419660e+01  1.237715e+01  1.119008e+01  1.020725e+01  9.366520e+00  8.630070e+00  
7.976410e+00  7.382930e+00  6.830700e+00  6.313070e+00  5.826970e+00  5.369080e+00  
4.935630e+00  4.521990e+00  4.121950e+00  3.725770e+00  3.317700e+00  2.869210e+00  
2.342680e+00  2.034320e+00  1.681530e+00  1.365770e+00  1.030190e+00  9.484300e-01  
8.953000e-01  8.891400e-01  8.804000e-01  8.793200e-01  8.827500e-01  8.795700e-01  
1.408117e+01  1.241311e+01  1.134968e+01  1.043171e+01  9.613330e+00  8.871800e+00  
8.199420e+00  7.587500e+00  7.029290e+00  6.517920e+00  6.046200e+00  5.605770e+00  
5.186070e+00  4.778070e+00  4.375960e+00  3.970880e+00  3.546810e+00  3.072060e+00  
2.506110e+00  2.173330e+00  1.793350e+00  1.448320e+00  1.049580e+00  9.403700e-01  
8.825000e-01  8.778400e-01  8.671500e-01  8.652900e-01  8.705800e-01  8.654800e-01  
1.412832e+01  1.248335e+01  1.149939e+01  1.063813e+01  9.864720e+00  9.158740e+00  
8.514420e+00  7.924340e+00  7.383010e+00  6.884520e+00  6.422640e+00  5.989920e+00  
5.576690e+00  5.174170e+00  4.775710e+00  4.370720e+00  3.939440e+00  3.441940e+00  
2.823770e+00  2.446320e+00  2.001130e+00  1.583700e+00  1.088010e+00  9.472300e-01  
8.672200e-01  8.603600e-01  8.482400e-01  8.463300e-01  8.523300e-01  8.454300e-01  
1.412888e+01  1.251116e+01  1.159163e+01  1.077641e+01  1.004028e+01  9.364150e+00  
8.743720e+00  8.172640e+00  7.646400e+00  7.160060e+00  6.708310e+00  6.284740e+00  
5.880900e+00  5.488450e+00  5.099910e+00  4.702720e+00  4.272800e+00  3.760250e+00  
3.096610e+00  2.679570e+00  2.179050e+00  1.704300e+00  1.144170e+00  9.768100e-01  
8.508200e-01  8.410700e-01  8.401100e-01  8.392500e-01  8.322700e-01  8.318300e-01  
1.420528e+01  1.259404e+01  1.173917e+01  1.097615e+01  1.028618e+01  9.653280e+00  
9.073580e+00  8.541380e+00  8.052380e+00  7.601740e+00  7.183960e+00  6.792020e+00  
6.416120e+00  6.047040e+00  5.677760e+00  5.296440e+00  4.879870e+00  4.378100e+00  
3.698970e+00  3.234800e+00  2.622890e+00  2.000810e+00  1.247250e+00  1.024280e+00  
8.526400e-01  8.323500e-01  8.165000e-01  8.151100e-01  8.177700e-01  8.117100e-01  
1.419605e+01  1.260687e+01  1.180164e+01  1.108066e+01  1.042693e+01  9.827060e+00  
9.277710e+00  8.773920e+00  8.311880e+00  7.887200e+00  7.494770e+00  7.127870e+00  
6.776780e+00  6.432210e+00  6.086790e+00  5.727730e+00  5.329150e+00  4.834030e+00  
4.137290e+00  3.647890e+00  2.988530e+00  2.289680e+00  1.373640e+00  1.089090e+00  
8.538400e-01  8.250600e-01  8.062800e-01  8.048000e-01  8.060900e-01  8.007000e-01  
1.414631e+01  1.258972e+01  1.185040e+01  1.118512e+01  1.057992e+01  1.002455e+01  
9.516390e+00  9.051530e+00  8.626900e+00  8.238980e+00  7.883480e+00  7.554530e+00  
7.243280e+00  6.940840e+00  6.639640e+00  6.325450e+00  5.968000e+00  5.497580e+00  
4.789480e+00  4.272750e+00  3.559550e+00  2.766060e+00  1.619720e+00  1.237510e+00  
8.760600e-01  8.252100e-01  7.922800e-01  7.904800e-01  7.880400e-01  7.889300e-01  
1.415563e+01  1.259978e+01  1.188262e+01  1.123805e+01  1.065372e+01  1.012089e+01  
9.636770e+00  9.197630e+00  8.800370e+00  8.441340e+00  8.115980e+00  7.817710e+00  
7.536300e+00  7.261970e+00  6.987890e+00  6.701210e+00  6.374120e+00  5.941370e+00  
5.277180e+00  4.777090e+00  4.058540e+00  3.204830e+00  1.841220e+00  1.359750e+00  
8.944200e-01  8.295700e-01  7.904300e-01  7.887700e-01  7.838700e-01  7.827000e-01  
1.413531e+01  1.259988e+01  1.190729e+01  1.128255e+01  1.071508e+01  1.019733e+01  
9.726570e+00  9.299470e+00  8.913320e+00  8.565690e+00  8.253900e+00  7.974050e+00  
7.719800e+00  7.482810e+00  7.251070e+00  6.999990e+00  6.694350e+00  6.281680e+00  
5.647980e+00  5.163960e+00  4.451120e+00  3.567680e+00  2.055020e+00  1.485940e+00  
9.191000e-01  8.395900e-01  7.889600e-01  7.848000e-01  7.812400e-01  7.788500e-01  
1.412139e+01  1.259876e+01  1.192031e+01  1.130896e+01  1.075404e+01  1.024734e+01  
9.786690e+00  9.369450e+00  8.993760e+00  8.658310e+00  8.361890e+00  8.100930e+00  
7.867250e+00  7.650580e+00  7.438540e+00  7.211120e+00  6.937080e+00  6.558100e+00  
5.954140e+00  5.483770e+00  4.779690e+00  3.874700e+00  2.251960e+00  1.606360e+00  
9.479500e-01  8.540100e-01  7.877500e-01  7.828500e-01  7.764200e-01  7.762300e-01  
1.411061e+01  1.261230e+01  1.194642e+01  1.134485e+01  1.079997e+01  1.030571e+01  
9.860090e+00  9.460610e+00  9.105250e+00  8.791650e+00  8.516850e+00  8.276250e+00  
8.062070e+00  7.866990e+00  7.686040e+00  7.507680e+00  7.302060e+00  6.990180e+00  
6.430110e+00  5.976570e+00  5.295430e+00  4.390550e+00  2.605510e+00  1.841570e+00  
1.005790e+00  8.793800e-01  7.883900e-01  7.813000e-01  7.740200e-01  7.729200e-01  
1.409114e+01  1.261667e+01  1.196300e+01  1.137179e+01  1.083638e+01  1.035133e+01  
9.914940e+00  9.525010e+00  9.179760e+00  8.877200e+00  8.614790e+00  8.388510e+00  
8.191320e+00  8.016690e+00  7.860830e+00  7.713550e+00  7.546620e+00  7.281680e+00  
6.776530e+00  6.352850e+00  5.699570e+00  4.799480e+00  2.916330e+00  2.057200e+00  
1.063900e+00  9.092100e-01  7.908200e-01  7.806500e-01  7.718500e-01  7.709000e-01  
1.403144e+01  1.261959e+01  1.199420e+01  1.142358e+01  1.090296e+01  1.042938e+01  
1.000247e+01  9.621710e+00  9.287130e+00  8.997830e+00  8.752290e+00  8.547990e+00  
8.380040e+00  8.243100e+00  8.131610e+00  8.030220e+00  7.911940e+00  7.723890e+00  
7.348400e+00  7.001540e+00  6.409150e+00  5.540510e+00  3.567560e+00  2.528000e+00  
1.204360e+00  9.855300e-01  8.005300e-01  7.826400e-01  7.695900e-01  7.681700e-01  
1.400887e+01  1.263629e+01  1.200982e+01  1.144144e+01  1.092587e+01  1.046009e+01  
1.004288e+01  9.672580e+00  9.348110e+00  9.068480e+00  8.832330e+00  8.637240e+00  
8.478370e+00  8.352060e+00  8.258170e+00  8.192120e+00  8.133970e+00  8.016150e+00  
7.708880e+00  7.405280e+00  6.879650e+00  6.068420e+00  4.061310e+00  2.929590e+00  
1.338570e+00  1.062320e+00  8.137500e-01  7.855700e-01  7.687200e-01  7.668100e-01  
1.386653e+01  1.263569e+01  1.202610e+01  1.146980e+01  1.096286e+01  1.050347e+01  
1.009136e+01  9.725940e+00  9.407380e+00  9.135400e+00  8.909500e+00  8.728370e+00  
8.588840e+00  8.487930e+00  8.423450e+00  8.385160e+00  8.354730e+00  8.295000e+00  
8.115840e+00  7.906250e+00  7.485570e+00  6.779170e+00  4.826100e+00  3.548020e+00  
1.587600e+00  1.215540e+00  8.435500e-01  7.921600e-01  7.698900e-01  7.654300e-01  
1.376445e+01  1.263963e+01  1.203326e+01  1.148000e+01  1.097638e+01  1.052076e+01  
1.011248e+01  9.751090e+00  9.436670e+00  9.169100e+00  8.948350e+00  8.773630e+00  
8.642550e+00  8.553070e+00  8.503500e+00  8.484120e+00  8.479540e+00  8.462980e+00  
8.360360e+00  8.206380e+00  7.853350e+00  7.213290e+00  5.363560e+00  4.075270e+00  
1.815480e+00  1.346410e+00  8.721200e-01  8.097400e-01  7.696900e-01  7.647500e-01  
1.369012e+01  1.264190e+01  1.203703e+01  1.148502e+01  1.098272e+01  1.052881e+01  
1.012269e+01  9.764430e+00  9.454290e+00  9.191620e+00  8.975410e+00  8.804460e+00  
8.677420e+00  8.593300e+00  8.551350e+00  8.543400e+00  8.556960e+00  8.571170e+00  
8.514550e+00  8.392460e+00  8.099790e+00  7.554990e+00  5.811610e+00  4.458650e+00  
2.015600e+00  1.482850e+00  9.055800e-01  8.180500e-01  7.762000e-01  7.643400e-01  
1.363569e+01  1.264314e+01  1.204062e+01  1.148951e+01  1.098803e+01  1.053521e+01  
1.013068e+01  9.774180e+00  9.465800e+00  9.205240e+00  8.991970e+00  8.824960e+00  
8.702190e+00  8.622300e+00  8.585350e+00  8.584720e+00  8.609710e+00  8.640460e+00  
8.620750e+00  8.536960e+00  8.294350e+00  7.786940e+00  6.113490e+00  4.828970e+00  
2.220300e+00  1.600620e+00  9.359600e-01  8.366400e-01  7.732900e-01  7.640600e-01  
1.356610e+01  1.264393e+01  1.204434e+01  1.149514e+01  1.099501e+01  1.054403e+01  
1.014169e+01  9.787620e+00  9.481980e+00  9.224380e+00  9.014320e+00  8.850980e+00  
8.732600e+00  8.658340e+00  8.628910e+00  8.638740e+00  8.679220e+00  8.734970e+00  
8.760800e+00  8.718030e+00  8.547040e+00  8.135270e+00  6.616800e+00  5.375230e+00  
2.586870e+00  1.828450e+00  9.978900e-01  8.670700e-01  7.775600e-01  7.637000e-01  
1.352152e+01  1.264394e+01  1.204657e+01  1.149872e+01  1.099985e+01  1.055011e+01  
1.014906e+01  9.796370e+00  9.492110e+00  9.236080e+00  9.027870e+00  8.866830e+00  
8.751330e+00  8.680640e+00  8.655900e+00  8.672170e+00  8.722200e+00  8.793730e+00  
8.848270e+00  8.831920e+00  8.710670e+00  8.370960e+00  6.985220e+00  5.795870e+00  
2.908550e+00  2.036040e+00  1.058250e+00  8.982300e-01  7.823900e-01  7.634800e-01  
1.345464e+01  1.264377e+01  1.204925e+01  1.150374e+01  1.100689e+01  1.055894e+01  
1.015961e+01  9.808560e+00  9.505930e+00  9.251750e+00  9.046000e+00  8.888240e+00  
8.776820e+00  8.711130e+00  8.692770e+00  8.717770e+00  8.780900e+00  8.874450e+00  
8.969530e+00  8.990920e+00  8.944310e+00  8.723310e+00  7.597000e+00  6.535320e+00  
3.571280e+00  2.497100e+00  1.202220e+00  9.767600e-01  7.959500e-01  7.631900e-01  
1.341828e+01  1.264406e+01  1.205053e+01  1.150609e+01  1.101027e+01  1.056333e+01  
1.016477e+01  9.814520e+00  9.512790e+00  9.259670e+00  9.055240e+00  8.899150e+00  
8.789860e+00  8.726770e+00  8.711710e+00  8.741250e+00  8.811160e+00  8.916250e+00  
9.033310e+00  9.075180e+00  9.068380e+00  8.917710e+00  7.980940e+00  7.026140e+00  
4.088930e+00  2.897820e+00  1.337750e+00  1.054350e+00  8.105700e-01  7.630500e-01  
1.338151e+01  1.264483e+01  1.205142e+01  1.150756e+01  1.101266e+01  1.056672e+01  
1.016922e+01  9.820270e+00  9.520170e+00  9.268640e+00  9.065110e+00  8.909330e+00  
8.801370e+00  8.741860e+00  8.731910e+00  8.766230e+00  8.839940e+00  8.954260e+00  
9.103790e+00  9.176060e+00  9.196450e+00  9.082580e+00  8.441490e+00  7.758790e+00  
4.826670e+00  3.489610e+00  1.588640e+00  1.219030e+00  8.403800e-01  7.629200e-01  
1.336076e+01  1.264526e+01  1.205235e+01  1.150880e+01  1.101406e+01  1.056827e+01  
1.017114e+01  9.822460e+00  9.522560e+00  9.271500e+00  9.069240e+00  8.915530e+00  
8.809130e+00  8.749910e+00  8.740110e+00  8.776900e+00  8.857430e+00  8.980330e+00  
9.132570e+00  9.207710e+00  9.262900e+00  9.233460e+00  8.709720e+00  8.034780e+00  
5.418710e+00  4.048990e+00  1.811930e+00  1.342320e+00  8.723600e-01  7.628500e-01  
1.334714e+01  1.264535e+01  1.205288e+01  1.150918e+01  1.101438e+01  1.056882e+01  
1.017202e+01  9.823830e+00  9.524460e+00  9.273910e+00  9.072100e+00  8.918800e+00  
8.812900e+00  8.754440e+00  8.745730e+00  8.784180e+00  8.867090e+00  8.993630e+00  
9.152990e+00  9.235320e+00  9.304030e+00  9.301070e+00  8.882540e+00  8.296230e+00  
5.841920e+00  4.459630e+00  2.038780e+00  1.474630e+00  9.035600e-01  7.628100e-01  
1.333738e+01  1.264537e+01  1.205319e+01  1.150963e+01  1.101476e+01  1.056933e+01  
1.017274e+01  9.824880e+00  9.525820e+00  9.275550e+00  9.074010e+00  8.921000e+00  
8.815460e+00  8.757490e+00  8.749520e+00  8.789050e+00  8.873590e+00  9.002550e+00  
9.166730e+00  9.254000e+00  9.331950e+00  9.346930e+00  9.003750e+00  8.486200e+00  
6.178310e+00  4.804470e+00  2.253050e+00  1.600070e+00  9.346300e-01  7.627800e-01  
1.332523e+01  1.264527e+01  1.205351e+01  1.151031e+01  1.101587e+01  1.057077e+01  
1.017438e+01  9.826660e+00  9.527680e+00  9.277550e+00  9.076280e+00  8.923730e+00  
8.818800e+00  8.761540e+00  8.754440e+00  8.795170e+00  8.881530e+00  9.013510e+00  
9.184100e+00  9.277720e+00  9.366900e+00  9.404410e+00  9.164420e+00  8.745540e+00  
6.685880e+00  5.357120e+00  2.631040e+00  1.867500e+00  9.963900e-01  7.627500e-01  
1.331967e+01  1.264371e+01  1.205212e+01  1.151094e+01  1.101873e+01  1.057464e+01  
1.017830e+01  9.829840e+00  9.529770e+00  9.278530e+00  9.076520e+00  8.923910e+00  
8.819580e+00  8.763540e+00  8.758100e+00  8.800530e+00  8.887840e+00  9.018810e+00  
9.192180e+00  9.293120e+00  9.388800e+00  9.438150e+00  9.272490e+00  8.910530e+00  
7.045510e+00  5.795350e+00  2.961880e+00  2.094160e+00  1.057870e+00  7.627300e-01  
