4.821500e-01  5.041500e-01  5.278100e-01  5.531500e-01  5.799500e-01  6.079200e-01  
6.369800e-01  6.671200e-01  6.982900e-01  7.305500e-01  7.640800e-01  7.989600e-01  
8.349400e-01  8.716600e-01  9.086400e-01  9.452400e-01  9.805400e-01  1.013490e+00  
1.040660e+00  1.050380e+00  1.059550e+00  1.067420e+00  1.077530e+00  1.080240e+00  
1.082490e+00  1.082800e+00  1.083010e+00  1.083000e+00  1.082970e+00  1.083060e+00  
6.951000e-01  7.280700e-01  7.622000e-01  7.976500e-01  8.344000e-01  8.724000e-01  
9.115500e-01  9.517400e-01  9.928200e-01  1.034680e+00  1.077260e+00  1.120650e+00  
1.165210e+00  1.211100e+00  1.257600e+00  1.303280e+00  1.346330e+00  1.385620e+00  
1.418980e+00  1.432550e+00  1.445330e+00  1.455580e+00  1.468230e+00  1.472070e+00  
1.476100e+00  1.476850e+00  1.476680e+00  1.475910e+00  1.474750e+00  1.479030e+00  
9.017300e-01  9.440600e-01  9.872900e-01  1.031610e+00  1.076930e+00  1.123150e+00  
1.170150e+00  1.217860e+00  1.266210e+00  1.315140e+00  1.364500e+00  1.414400e+00  
1.465280e+00  1.517320e+00  1.569650e+00  1.620530e+00  1.668000e+00  1.711490e+00  
1.749630e+00  1.765960e+00  1.781900e+00  1.794800e+00  1.809350e+00  1.813630e+00  
1.818100e+00  1.818900e+00  1.818730e+00  1.817950e+00  1.816730e+00  1.821290e+00  
1.289040e+00  1.347390e+00  1.405580e+00  1.463880e+00  1.522070e+00  1.579970e+00  
1.637540e+00  1.694980e+00  1.752610e+00  1.810440e+00  1.868240e+00  1.925980e+00  
1.983970e+00  2.042270e+00  2.099890e+00  2.155190e+00  2.206560e+00  2.254340e+00  
2.298520e+00  2.318930e+00  2.339810e+00  2.357020e+00  2.374230e+00  2.378660e+00  
2.382500e+00  2.383010e+00  2.383260e+00  2.383140e+00  2.382910e+00  2.383990e+00  
1.640870e+00  1.712150e+00  1.781800e+00  1.850160e+00  1.916890e+00  1.981850e+00  
2.045100e+00  2.107220e+00  2.169120e+00  2.230830e+00  2.292170e+00  2.352900e+00  
2.413190e+00  2.472960e+00  2.531270e+00  2.586870e+00  2.638710e+00  2.687800e+00  
2.735150e+00  2.758160e+00  2.782280e+00  2.802360e+00  2.821230e+00  2.825550e+00  
2.828340e+00  2.828470e+00  2.829190e+00  2.829850e+00  2.830810e+00  2.827700e+00  
1.960900e+00  2.042950e+00  2.121030e+00  2.195790e+00  2.267230e+00  2.335670e+00  
2.401390e+00  2.465230e+00  2.528500e+00  2.591340e+00  2.653630e+00  2.714930e+00  
2.774710e+00  2.832450e+00  2.887810e+00  2.941250e+00  2.993070e+00  3.042350e+00  
3.090230e+00  3.115410e+00  3.141660e+00  3.162930e+00  3.183140e+00  3.187250e+00  
3.188920e+00  3.188990e+00  3.190080e+00  3.191150e+00  3.193350e+00  3.186710e+00  
2.251270e+00  2.342690e+00  2.427440e+00  2.506550e+00  2.580460e+00  2.650100e+00  
2.716010e+00  2.779290e+00  2.841610e+00  2.903170e+00  2.963810e+00  3.023040e+00  
3.080300e+00  3.135120e+00  3.187400e+00  3.238140e+00  3.288180e+00  3.336570e+00  
3.384610e+00  3.410530e+00  3.437770e+00  3.459950e+00  3.480720e+00  3.484690e+00  
3.485730e+00  3.485650e+00  3.486980e+00  3.488390e+00  3.491290e+00  3.482420e+00  
2.757620e+00  2.863660e+00  2.957200e+00  3.040090e+00  3.114050e+00  3.181500e+00  
3.243460e+00  3.301410e+00  3.357560e+00  3.412260e+00  3.465570e+00  3.517110e+00  
3.566520e+00  3.613550e+00  3.658470e+00  3.702860e+00  3.748120e+00  3.793440e+00  
3.840050e+00  3.865740e+00  3.892900e+00  3.915110e+00  3.936050e+00  3.940000e+00  
3.940830e+00  3.940710e+00  3.942120e+00  3.943650e+00  3.946810e+00  3.937170e+00  
3.185470e+00  3.302090e+00  3.400130e+00  3.482490e+00  3.552340e+00  3.613890e+00  
3.668560e+00  3.718110e+00  3.765020e+00  3.809920e+00  3.853220e+00  3.894940e+00  
3.934990e+00  3.973460e+00  4.010810e+00  4.048690e+00  4.088580e+00  4.130010e+00  
4.173850e+00  4.198010e+00  4.223500e+00  4.244410e+00  4.264700e+00  4.268820e+00  
4.270270e+00  4.270280e+00  4.271480e+00  4.272690e+00  4.275170e+00  4.267780e+00  
4.026320e+00  4.158370e+00  4.257150e+00  4.328540e+00  4.379640e+00  4.419060e+00  
4.449430e+00  4.473250e+00  4.493890e+00  4.512290e+00  4.529250e+00  4.545540e+00  
4.562120e+00  4.580160e+00  4.600160e+00  4.622790e+00  4.648850e+00  4.679070e+00  
4.713440e+00  4.731730e+00  4.750830e+00  4.766740e+00  4.783760e+00  4.788080e+00  
4.791450e+00  4.791910e+00  4.792310e+00  4.792380e+00  4.792540e+00  4.793180e+00  
4.669080e+00  4.783580e+00  4.871960e+00  4.936790e+00  4.978250e+00  4.998100e+00  
5.000330e+00  4.991850e+00  4.981480e+00  4.971730e+00  4.963550e+00  4.958070e+00  
4.956720e+00  4.960660e+00  4.969240e+00  4.979820e+00  4.990610e+00  5.005360e+00  
5.028640e+00  5.043080e+00  5.056270e+00  5.065490e+00  5.078740e+00  5.082800e+00  
5.086680e+00  5.087410e+00  5.087310e+00  5.086570e+00  5.085520e+00  5.091520e+00  
5.601320e+00  5.697400e+00  5.758020e+00  5.787810e+00  5.788060e+00  5.762080e+00  
5.716020e+00  5.659660e+00  5.604560e+00  5.554340e+00  5.509880e+00  5.471980e+00  
5.441670e+00  5.419230e+00  5.403560e+00  5.390680e+00  5.377730e+00  5.369200e+00  
5.370780e+00  5.374940e+00  5.377360e+00  5.377610e+00  5.382410e+00  5.384590e+00  
5.387440e+00  5.388200e+00  5.387710e+00  5.386520e+00  5.384870e+00  5.394500e+00  
6.267720e+00  6.383380e+00  6.415980e+00  6.386740e+00  6.320510e+00  6.243430e+00  
6.162030e+00  6.079900e+00  6.000850e+00  5.926340e+00  5.856700e+00  5.792400e+00  
5.735790e+00  5.687960e+00  5.648380e+00  5.614040e+00  5.583170e+00  5.560260e+00  
5.544540e+00  5.535400e+00  5.527570e+00  5.523350e+00  5.519910e+00  5.520010e+00  
5.522100e+00  5.522480e+00  5.521810e+00  5.520650e+00  5.518450e+00  5.528650e+00  
6.817070e+00  6.909500e+00  6.907720e+00  6.837990e+00  6.730120e+00  6.614750e+00  
6.499110e+00  6.386630e+00  6.281040e+00  6.183030e+00  6.091900e+00  6.007180e+00  
5.931330e+00  5.865440e+00  5.808600e+00  5.757240e+00  5.709320e+00  5.670620e+00  
5.639770e+00  5.621960e+00  5.605650e+00  5.595240e+00  5.585560e+00  5.584390e+00  
5.586010e+00  5.586300e+00  5.585310e+00  5.583870e+00  5.581020e+00  5.591110e+00  
7.281240e+00  7.346640e+00  7.309720e+00  7.201260e+00  7.055230e+00  6.905730e+00  
6.760340e+00  6.622010e+00  6.494050e+00  6.376430e+00  6.267230e+00  6.165170e+00  
6.072740e+00  5.991150e+00  5.919150e+00  5.852640e+00  5.789660e+00  5.737720e+00  
5.694350e+00  5.668520e+00  5.644480e+00  5.628700e+00  5.613740e+00  5.611660e+00  
5.613290e+00  5.613570e+00  5.612210e+00  5.610370e+00  5.606630e+00  5.616490e+00  
8.214060e+00  8.031530e+00  7.843950e+00  7.660880e+00  7.482170e+00  7.307990e+00  
7.138570e+00  6.973970e+00  6.814790e+00  6.662120e+00  6.516380e+00  6.377950e+00  
6.248060e+00  6.128320e+00  6.019810e+00  5.924270e+00  5.842750e+00  5.772310e+00  
5.712410e+00  5.689700e+00  5.673920e+00  5.660310e+00  5.601190e+00  5.574080e+00  
5.592870e+00  5.600260e+00  5.595700e+00  5.591570e+00  5.589760e+00  5.595950e+00  
8.604730e+00  8.545700e+00  8.373530e+00  8.130990e+00  7.861220e+00  7.604790e+00  
7.368590e+00  7.153230e+00  6.959060e+00  6.783710e+00  6.621230e+00  6.468010e+00  
6.325820e+00  6.196410e+00  6.077820e+00  5.965510e+00  5.857940e+00  5.765050e+00  
5.682420e+00  5.634650e+00  5.589230e+00  5.557740e+00  5.527320e+00  5.521730e+00  
5.521230e+00  5.521130e+00  5.519200e+00  5.517100e+00  5.512610e+00  5.516720e+00  
9.585170e+00  9.367400e+00  9.050370e+00  8.680960e+00  8.303130e+00  7.955590e+00  
7.642620e+00  7.362480e+00  7.112890e+00  6.888810e+00  6.682400e+00  6.488180e+00  
6.306150e+00  6.136880e+00  5.980040e+00  5.832610e+00  5.692860e+00  5.561920e+00  
5.440620e+00  5.383090e+00  5.326950e+00  5.283760e+00  5.241070e+00  5.230110e+00  
5.220580e+00  5.219160e+00  5.218540e+00  5.219100e+00  5.220090e+00  5.209350e+00  
1.030498e+01  9.801040e+00  9.322470e+00  8.877740e+00  8.464600e+00  8.081590e+00  
7.727410e+00  7.401240e+00  7.102770e+00  6.830470e+00  6.582150e+00  6.355080e+00  
6.145250e+00  5.950140e+00  5.771040e+00  5.607460e+00  5.456750e+00  5.307370e+00  
5.150410e+00  5.074390e+00  5.010880e+00  4.971850e+00  4.921130e+00  4.902370e+00  
4.885510e+00  4.882720e+00  4.883640e+00  4.887180e+00  4.893570e+00  4.871810e+00  
1.095775e+01  1.028471e+01  9.662610e+00  9.093280e+00  8.571550e+00  8.094730e+00  
7.660840e+00  7.267020e+00  6.910980e+00  6.589860e+00  6.299910e+00  6.036620e+00  
5.793600e+00  5.566450e+00  5.355660e+00  5.161660e+00  4.980830e+00  4.801900e+00  
4.617160e+00  4.528440e+00  4.453430e+00  4.405840e+00  4.344390e+00  4.322280e+00  
4.303360e+00  4.300460e+00  4.301200e+00  4.304660e+00  4.311050e+00  4.296560e+00  
1.128476e+01  1.050016e+01  9.789720e+00  9.146310e+00  8.562620e+00  8.033490e+00  
7.555490e+00  7.123500e+00  6.732520e+00  6.378850e+00  6.058670e+00  5.767420e+00  
5.498970e+00  5.248610e+00  5.015070e+00  4.795850e+00  4.588110e+00  4.390480e+00  
4.204160e+00  4.116150e+00  4.029730e+00  3.962160e+00  3.893910e+00  3.875640e+00  
3.859180e+00  3.856990e+00  3.856450e+00  3.857420e+00  3.860180e+00  3.859280e+00  
1.149653e+01  1.062079e+01  9.842790e+00  9.145040e+00  8.518560e+00  7.955460e+00  
7.449790e+00  6.994030e+00  6.580730e+00  6.205410e+00  5.864380e+00  5.553290e+00  
5.266490e+00  4.999600e+00  4.751150e+00  4.518260e+00  4.298580e+00  4.089590e+00  
3.890980e+00  3.795660e+00  3.700140e+00  3.624090e+00  3.550390e+00  3.532680e+00  
3.518590e+00  3.517020e+00  3.515550e+00  3.515140e+00  3.514790e+00  3.520840e+00  
1.162628e+01  1.068642e+01  9.862290e+00  9.126870e+00  8.470610e+00  7.883910e+00  
7.358700e+00  6.885930e+00  6.456820e+00  6.066490e+00  5.711160e+00  5.386540e+00  
5.087190e+00  4.808800e+00  4.549630e+00  4.306590e+00  4.077140e+00  3.858650e+00  
3.649540e+00  3.548090e+00  3.445400e+00  3.362920e+00  3.284220e+00  3.266220e+00  
3.252900e+00  3.251600e+00  3.249660e+00  3.248560e+00  3.246570e+00  3.254750e+00  
1.175982e+01  1.073895e+01  9.858840e+00  9.077050e+00  8.383480e+00  7.767190e+00  
7.217100e+00  6.722580e+00  6.273800e+00  5.865440e+00  5.493430e+00  5.153230e+00  
4.839210e+00  4.546880e+00  4.274020e+00  4.016930e+00  3.772320e+00  3.538020e+00  
3.310980e+00  3.199400e+00  3.086200e+00  2.994930e+00  2.906600e+00  2.885840e+00  
2.870720e+00  2.869320e+00  2.867130e+00  2.865820e+00  2.863240e+00  2.869480e+00  
1.181009e+01  1.074403e+01  9.834760e+00  9.028330e+00  8.314640e+00  7.681760e+00  
7.117530e+00  6.610680e+00  6.151260e+00  5.733740e+00  5.353680e+00  5.006130e+00  
4.685070e+00  4.385510e+00  4.104820e+00  3.838670e+00  3.583060e+00  3.335510e+00  
3.092940e+00  2.972620e+00  2.850920e+00  2.752860e+00  2.655080e+00  2.630510e+00  
2.611850e+00  2.609980e+00  2.607840e+00  2.606920e+00  2.605260e+00  2.607330e+00  
1.180370e+01  1.069515e+01  9.764150e+00  8.938770e+00  8.210080e+00  7.562210e+00  
6.983980e+00  6.464590e+00  5.994850e+00  5.568970e+00  5.182010e+00  4.828540e+00  
4.501860e+00  4.196330e+00  3.908270e+00  3.631780e+00  3.360840e+00  3.090230e+00  
2.814850e+00  2.673320e+00  2.527270e+00  2.407280e+00  2.286910e+00  2.256350e+00  
2.231670e+00  2.228710e+00  2.226150e+00  2.225800e+00  2.225510e+00  2.223110e+00  
1.173870e+01  1.062821e+01  9.705560e+00  8.886590e+00  8.162780e+00  7.516230e+00  
6.937340e+00  6.416460e+00  5.945390e+00  5.518570e+00  5.131020e+00  4.777330e+00  
4.450900e+00  4.145850e+00  3.857670e+00  3.578930e+00  3.301410e+00  3.016120e+00  
2.712640e+00  2.550430e+00  2.377080e+00  2.230570e+00  2.088470e+00  2.055390e+00  
2.028450e+00  2.024830e+00  2.021310e+00  2.020810e+00  2.020320e+00  2.020730e+00  
1.158295e+01  1.050204e+01  9.617810e+00  8.830690e+00  8.128780e+00  7.497040e+00  
6.928640e+00  6.416760e+00  5.955540e+00  5.539150e+00  5.161490e+00  4.815510e+00  
4.492320e+00  4.185020e+00  3.890940e+00  3.606040e+00  3.322070e+00  3.020290e+00  
2.677820e+00  2.484240e+00  2.269200e+00  2.077760e+00  1.880810e+00  1.838310e+00  
1.814880e+00  1.812210e+00  1.805900e+00  1.804320e+00  1.804320e+00  1.816530e+00  
1.146272e+01  1.040986e+01  9.563550e+00  8.810080e+00  8.133290e+00  7.520780e+00  
6.966370e+00  6.463930e+00  6.008270e+00  5.594940e+00  5.219690e+00  4.877820e+00  
4.563590e+00  4.270990e+00  3.993450e+00  3.719380e+00  3.433440e+00  3.113220e+00  
2.729580e+00  2.503460e+00  2.246030e+00  2.014120e+00  1.780530e+00  1.733070e+00  
1.705370e+00  1.702100e+00  1.695460e+00  1.693870e+00  1.694500e+00  1.715620e+00  
1.136307e+01  1.033749e+01  9.525890e+00  8.801130e+00  8.146130e+00  7.550840e+00  
7.010300e+00  6.519540e+00  6.074360e+00  5.670620e+00  5.304210e+00  4.970420e+00  
4.663430e+00  4.377080e+00  4.104350e+00  3.832850e+00  3.545430e+00  3.215750e+00  
2.807840e+00  2.559950e+00  2.269670e+00  2.002570e+00  1.726370e+00  1.669170e+00  
1.640180e+00  1.637510e+00  1.630510e+00  1.628960e+00  1.631110e+00  1.655310e+00  
1.128367e+01  1.028102e+01  9.499820e+00  8.799190e+00  8.163340e+00  7.583580e+00  
7.055960e+00  6.576410e+00  6.141530e+00  5.747430e+00  5.389960e+00  5.064340e+00  
4.764480e+00  4.483950e+00  4.215610e+00  3.946580e+00  3.658480e+00  3.322250e+00  
2.896120e+00  2.630730e+00  2.312470e+00  2.013620e+00  1.696770e+00  1.629250e+00  
1.597920e+00  1.595740e+00  1.588620e+00  1.587270e+00  1.591020e+00  1.615420e+00  
1.116486e+01  1.019905e+01  9.467250e+00  8.805110e+00  8.200960e+00  7.647610e+00  
7.142530e+00  6.683000e+00  6.266860e+00  5.890490e+00  5.549660e+00  5.239320e+00  
4.952740e+00  4.682970e+00  4.422760e+00  4.158830e+00  3.871410e+00  3.527810e+00  
3.076900e+00  2.785020e+00  2.421320e+00  2.067480e+00  1.675790e+00  1.587150e+00  
1.548040e+00  1.546300e+00  1.539110e+00  1.538180e+00  1.544550e+00  1.566430e+00  
1.108059e+01  1.014365e+01  9.449180e+00  8.816540e+00  8.237300e+00  7.705190e+00  
7.218650e+00  6.775890e+00  6.375630e+00  6.014400e+00  5.687930e+00  5.390910e+00  
5.116060e+00  4.855940e+00  4.603350e+00  4.344900e+00  4.060120e+00  3.714160e+00  
3.248640e+00  2.938210e+00  2.539590e+00  2.140030e+00  1.680890e+00  1.571150e+00  
1.521020e+00  1.519020e+00  1.511710e+00  1.511080e+00  1.519170e+00  1.537680e+00  
1.095241e+01  1.006604e+01  9.432240e+00  8.850100e+00  8.314090e+00  7.819780e+00  
7.366860e+00  6.954870e+00  6.583750e+00  6.250490e+00  5.950780e+00  5.679020e+00  
5.427130e+00  5.187060e+00  4.951820e+00  4.708210e+00  4.435280e+00  4.095690e+00  
3.618330e+00  3.281570e+00  2.823770e+00  2.339350e+00  1.742260e+00  1.584220e+00  
1.487290e+00  1.482020e+00  1.480140e+00  1.481070e+00  1.488110e+00  1.499530e+00  
1.088370e+01  1.002841e+01  9.431250e+00  8.880980e+00  8.372830e+00  7.903580e+00  
7.473380e+00  7.082460e+00  6.731330e+00  6.417270e+00  6.136140e+00  5.882330e+00  
5.647420e+00  5.423140e+00  5.202800e+00  4.973460e+00  4.714410e+00  4.388230e+00  
3.916900e+00  3.570810e+00  3.080040e+00  2.536510e+00  1.821390e+00  1.619340e+00  
1.480090e+00  1.469740e+00  1.466550e+00  1.467340e+00  1.471760e+00  1.480570e+00  
1.081854e+01  9.996500e+00  9.441410e+00  8.928640e+00  8.454530e+00  8.016880e+00  
7.616020e+00  7.252620e+00  6.927570e+00  6.638600e+00  6.381970e+00  6.152400e+00  
5.941590e+00  5.741480e+00  5.545820e+00  5.342190e+00  5.110700e+00  4.815260e+00  
4.371380e+00  4.026190e+00  3.506210e+00  2.888840e+00  1.989480e+00  1.710920e+00  
1.487990e+00  1.465240e+00  1.455770e+00  1.455690e+00  1.454900e+00  1.462000e+00  
1.079934e+01  9.989430e+00  9.453780e+00  8.960060e+00  8.505040e+00  8.086460e+00  
7.704240e+00  7.358470e+00  7.049570e+00  6.775780e+00  6.534310e+00  6.321130e+00  
6.129610e+00  5.952270e+00  5.780630e+00  5.597060e+00  5.378890e+00  5.098370e+00  
4.682640e+00  4.359810e+00  3.863320e+00  3.221340e+00  2.140910e+00  1.793030e+00  
1.510250e+00  1.474950e+00  1.449840e+00  1.448370e+00  1.447320e+00  1.452710e+00  
1.078714e+01  9.987380e+00  9.464800e+00  8.983930e+00  8.541780e+00  8.136140e+00  
7.766590e+00  7.432890e+00  7.135110e+00  6.871730e+00  6.640480e+00  6.437910e+00  
6.258270e+00  6.094930e+00  5.940190e+00  5.777280e+00  5.583500e+00  5.327970e+00  
4.934660e+00  4.622250e+00  4.134150e+00  3.481980e+00  2.302900e+00  1.885900e+00  
1.527110e+00  1.481380e+00  1.448830e+00  1.444550e+00  1.443130e+00  1.447150e+00  
1.078032e+01  9.988440e+00  9.474410e+00  9.002220e+00  8.568960e+00  8.172410e+00  
7.811890e+00  7.486940e+00  7.197280e+00  6.941600e+00  6.717970e+00  6.523500e+00  
6.353130e+00  6.200960e+00  6.060060e+00  5.914630e+00  5.742150e+00  5.509220e+00  
5.137560e+00  4.836410e+00  4.359970e+00  3.706760e+00  2.454410e+00  1.976620e+00  
1.545070e+00  1.488610e+00  1.448670e+00  1.442220e+00  1.440200e+00  1.443490e+00  
1.077029e+01  9.996280e+00  9.493090e+00  9.029180e+00  8.604200e+00  8.218050e+00  
7.869600e+00  7.557450e+00  7.280150e+00  7.036320e+00  6.824200e+00  6.641540e+00  
6.484760e+00  6.349400e+00  6.229120e+00  6.108700e+00  5.966910e+00  5.774230e+00  
5.455160e+00  5.181510e+00  4.722100e+00  4.057980e+00  2.711920e+00  2.158860e+00  
1.590270e+00  1.506320e+00  1.446100e+00  1.439750e+00  1.429250e+00  1.438950e+00  
1.078354e+01  1.000457e+01  9.501410e+00  9.042690e+00  8.625200e+00  8.246560e+00  
7.905440e+00  7.600630e+00  7.330840e+00  7.094890e+00  6.891160e+00  6.717060e+00  
6.567830e+00  6.439450e+00  6.330620e+00  6.236160e+00  6.138610e+00  5.984540e+00  
5.677280e+00  5.411620e+00  4.988740e+00  4.368430e+00  2.960440e+00  2.317400e+00  
1.619530e+00  1.517040e+00  1.448700e+00  1.440300e+00  1.433290e+00  1.436200e+00  
1.076211e+01  1.000720e+01  9.517600e+00  9.070120e+00  8.662140e+00  8.291940e+00  
7.958560e+00  7.661210e+00  7.399300e+00  7.172270e+00  6.979500e+00  6.819640e+00  
6.689880e+00  6.587310e+00  6.509040e+00  6.445350e+00  6.378260e+00  6.270270e+00  
6.043070e+00  5.829370e+00  5.459210e+00  4.891130e+00  3.463190e+00  2.671570e+00  
1.706720e+00  1.557970e+00  1.453220e+00  1.440120e+00  1.429520e+00  1.432540e+00  
1.074930e+01  1.001263e+01  9.527240e+00  9.083440e+00  8.678980e+00  8.312400e+00  
7.982880e+00  7.689850e+00  7.433000e+00  7.211960e+00  7.026310e+00  6.874900e+00  
6.755230e+00  6.664920e+00  6.602070e+00  6.558470e+00  6.518360e+00  6.447510e+00  
6.273020e+00  6.094260e+00  5.767260e+00  5.246680e+00  3.844280e+00  2.975010e+00  
1.794730e+00  1.601650e+00  1.458600e+00  1.442830e+00  1.427390e+00  1.430730e+00  
1.072627e+01  1.002309e+01  9.536840e+00  9.093800e+00  8.691760e+00  8.329160e+00  
8.004910e+00  7.718220e+00  7.468480e+00  7.255270e+00  7.077990e+00  6.935230e+00  
6.824010e+00  6.742690e+00  6.693390e+00  6.675950e+00  6.680400e+00  6.663410e+00  
6.547500e+00  6.411820e+00  6.158580e+00  5.716690e+00  4.375840e+00  3.468850e+00  
1.969100e+00  1.695710e+00  1.472790e+00  1.449800e+00  1.424890e+00  1.428920e+00  
1.067855e+01  1.001947e+01  9.541860e+00  9.104080e+00  8.704840e+00  8.343500e+00  
8.019870e+00  7.734120e+00  7.486710e+00  7.277030e+00  7.104000e+00  6.966470e+00  
6.863100e+00  6.793030e+00  6.756550e+00  6.748720e+00  6.758950e+00  6.760950e+00  
6.693990e+00  6.595610e+00  6.401390e+00  6.050660e+00  4.784910e+00  3.767710e+00  
2.143930e+00  1.819520e+00  1.487180e+00  1.442060e+00  1.427350e+00  1.428010e+00  
1.065437e+01  1.001975e+01  9.544070e+00  9.108150e+00  8.710590e+00  8.350670e+00  
8.028350e+00  7.744040e+00  7.498400e+00  7.290950e+00  7.120570e+00  6.986210e+00  
6.886510e+00  6.820720e+00  6.789640e+00  6.789230e+00  6.810720e+00  6.832080e+00  
6.798920e+00  6.725150e+00  6.563470e+00  6.257600e+00  5.086060e+00  4.064660e+00  
2.292990e+00  1.913860e+00  1.506860e+00  1.448810e+00  1.431010e+00  1.427480e+00  
1.063631e+01  1.001914e+01  9.545260e+00  9.111090e+00  8.715270e+00  8.357030e+00  
8.036120e+00  7.752650e+00  7.507070e+00  7.299480e+00  7.129900e+00  6.997970e+00  
6.902090e+00  6.841080e+00  6.814840e+00  6.817400e+00  6.840740e+00  6.874430e+00  
6.883550e+00  6.839990e+00  6.685280e+00  6.358800e+00  5.294820e+00  4.394490e+00  
2.429100e+00  1.977130e+00  1.527350e+00  1.474190e+00  1.425990e+00  1.427120e+00  
1.061590e+01  1.001978e+01  9.547210e+00  9.114410e+00  8.720030e+00  8.363370e+00  
8.044100e+00  7.762320e+00  7.518420e+00  7.312610e+00  7.144970e+00  7.015320e+00  
6.922310e+00  6.865070e+00  6.843830e+00  6.853320e+00  6.886850e+00  6.937510e+00  
6.978700e+00  6.963600e+00  6.854870e+00  6.585850e+00  5.630140e+00  4.777100e+00  
2.701310e+00  2.152590e+00  1.565970e+00  1.491050e+00  1.427840e+00  1.426670e+00  
1.060315e+01  1.002184e+01  9.549740e+00  9.116470e+00  8.721640e+00  8.365290e+00  
8.047150e+00  7.767210e+00  7.525700e+00  7.322300e+00  7.156280e+00  7.027210e+00  
6.934660e+00  6.878700e+00  6.860020e+00  6.874210e+00  6.915880e+00  6.980050e+00  
7.038930e+00  7.035670e+00  6.957890e+00  6.754790e+00  5.905700e+00  5.030680e+00  
2.930330e+00  2.328250e+00  1.610030e+00  1.493570e+00  1.442370e+00  1.426400e+00  
1.058334e+01  1.002303e+01  9.551930e+00  9.119280e+00  8.725220e+00  8.370170e+00  
8.053690e+00  7.775470e+00  7.535440e+00  7.333310e+00  7.168610e+00  7.041160e+00  
6.950920e+00  6.898370e+00  6.884270e+00  6.904210e+00  6.953640e+00  7.031230e+00  
7.121710e+00  7.150130e+00  7.121000e+00  6.975820e+00  6.292190e+00  5.568660e+00  
3.418710e+00  2.668820e+00  1.708060e+00  1.543010e+00  1.454180e+00  1.426040e+00  
1.057216e+01  1.002341e+01  9.552890e+00  9.120730e+00  8.727180e+00  8.372620e+00  
8.056630e+00  7.778980e+00  7.539590e+00  7.338230e+00  7.174410e+00  7.048050e+00  
6.959240e+00  6.908540e+00  6.896860e+00  6.919820e+00  6.973310e+00  7.057520e+00  
7.163950e+00  7.209350e+00  7.207570e+00  7.097410e+00  6.529890e+00  5.928630e+00  
3.802270e+00  2.953390e+00  1.801880e+00  1.595470e+00  1.463880e+00  1.425860e+00  
1.056004e+01  1.002354e+01  9.553850e+00  9.122500e+00  8.729550e+00  8.375280e+00  
8.059360e+00  7.781680e+00  7.542430e+00  7.341670e+00  7.179420e+00  7.055480e+00  
6.968800e+00  6.919250e+00  6.908610e+00  6.934670e+00  6.995070e+00  7.088320e+00  
7.202140e+00  7.256930e+00  7.297710e+00  7.262720e+00  6.803870e+00  6.305260e+00  
4.415220e+00  3.446980e+00  1.973160e+00  1.688460e+00  1.474480e+00  1.425680e+00  
1.055438e+01  1.002353e+01  9.553810e+00  9.122740e+00  8.730170e+00  8.376210e+00  
8.060630e+00  7.783450e+00  7.544910e+00  7.344820e+00  7.182660e+00  7.058320e+00  
6.971920e+00  6.924080e+00  6.915960e+00  6.943570e+00  7.003540e+00  7.098100e+00  
7.228050e+00  7.298650e+00  7.340630e+00  7.296540e+00  6.983570e+00  6.664380e+00  
4.785230e+00  3.758430e+00  2.140930e+00  1.804350e+00  1.497260e+00  1.425580e+00  
1.056853e+01  1.002950e+01  9.552990e+00  9.119020e+00  8.726080e+00  8.373020e+00  
8.059000e+00  7.783450e+00  7.546130e+00  7.346910e+00  7.185690e+00  7.061800e+00  
6.973140e+00  6.919730e+00  6.906920e+00  6.940510e+00  7.021860e+00  7.131070e+00  
7.243280e+00  7.300810e+00  7.359470e+00  7.376180e+00  7.108960e+00  6.734400e+00  
5.125760e+00  4.117180e+00  2.297120e+00  1.875770e+00  1.515290e+00  1.425530e+00  
1.056555e+01  1.002949e+01  9.553210e+00  9.119420e+00  8.726630e+00  8.373710e+00  
8.059800e+00  7.784370e+00  7.547150e+00  7.348060e+00  7.186970e+00  7.063280e+00  
6.974860e+00  6.921790e+00  6.909460e+00  6.943750e+00  7.026100e+00  7.136860e+00  
7.252050e+00  7.312780e+00  7.378220e+00  7.407960e+00  7.189510e+00  6.862000e+00  
5.363140e+00  4.361950e+00  2.445710e+00  1.969980e+00  1.535110e+00  1.425480e+00  
1.054372e+01  1.002398e+01  9.554810e+00  9.124040e+00  8.731760e+00  8.378270e+00  
8.063240e+00  7.786510e+00  7.548220e+00  7.348450e+00  7.187250e+00  7.064530e+00  
6.979440e+00  6.932050e+00  6.924330e+00  6.954330e+00  7.020430e+00  7.123600e+00  
7.259140e+00  7.334140e+00  7.407130e+00  7.445610e+00  7.298580e+00  7.028100e+00  
5.703790e+00  4.742780e+00  2.714440e+00  2.155330e+00  1.573850e+00  1.425430e+00  
1.054115e+01  1.002423e+01  9.555390e+00  9.124620e+00  8.732230e+00  8.378610e+00  
8.063460e+00  7.786650e+00  7.548360e+00  7.348710e+00  7.187780e+00  7.065480e+00  
6.980800e+00  6.933750e+00  6.926390e+00  6.956890e+00  7.023800e+00  7.128080e+00  
7.265080e+00  7.342260e+00  7.422540e+00  7.471800e+00  7.356630e+00  7.131220e+00  
5.933070e+00  5.023220e+00  2.952800e+00  2.330100e+00  1.609250e+00  1.425390e+00  
