7.930000e-01  8.265400e-01  8.606800e-01  8.956000e-01  9.313700e-01  9.680900e-01  
1.005960e+00  1.045350e+00  1.086780e+00  1.130610e+00  1.177200e+00  1.227110e+00  
1.281200e+00  1.339340e+00  1.398140e+00  1.449150e+00  1.484020e+00  1.506160e+00  
1.521220e+00  1.527270e+00  1.536730e+00  1.545910e+00  1.544200e+00  1.543100e+00  
1.543790e+00  1.543890e+00  1.543670e+00  1.543730e+00  1.543600e+00  1.543680e+00  
1.105080e+00  1.145680e+00  1.187710e+00  1.231530e+00  1.277220e+00  1.324800e+00  
1.374300e+00  1.425690e+00  1.478920e+00  1.533860e+00  1.590270e+00  1.647780e+00  
1.705830e+00  1.763570e+00  1.819770e+00  1.872650e+00  1.919850e+00  1.958730e+00  
1.982610e+00  1.983640e+00  1.972920e+00  1.958220e+00  1.972690e+00  1.988720e+00  
1.984520e+00  1.981220e+00  1.981600e+00  1.982390e+00  1.980380e+00  1.981740e+00  
1.390330e+00  1.438300e+00  1.487580e+00  1.538730e+00  1.591740e+00  1.646630e+00  
1.703340e+00  1.761790e+00  1.821810e+00  1.883200e+00  1.945580e+00  2.008390e+00  
2.070860e+00  2.131900e+00  2.189980e+00  2.243090e+00  2.288770e+00  2.325150e+00  
2.346700e+00  2.346960e+00  2.336220e+00  2.322770e+00  2.341830e+00  2.359530e+00  
2.352710e+00  2.348730e+00  2.349530e+00  2.350540e+00  2.348320e+00  2.349770e+00  
1.889310e+00  1.953420e+00  2.017480e+00  2.082120e+00  2.147150e+00  2.212350e+00  
2.277440e+00  2.342200e+00  2.406420e+00  2.469900e+00  2.532540e+00  2.594360e+00  
2.656030e+00  2.717580e+00  2.776820e+00  2.829480e+00  2.870710e+00  2.898470e+00  
2.914050e+00  2.919790e+00  2.926230e+00  2.932370e+00  2.938260e+00  2.938860e+00  
2.937850e+00  2.937660e+00  2.937810e+00  2.937890e+00  2.937840e+00  2.937830e+00  
2.309320e+00  2.392080e+00  2.471260e+00  2.547490e+00  2.620430e+00  2.689900e+00  
2.756110e+00  2.819870e+00  2.882410e+00  2.943820e+00  3.003910e+00  3.062420e+00  
3.119500e+00  3.174870e+00  3.226860e+00  3.272700e+00  3.309610e+00  3.337510e+00  
3.356370e+00  3.363030e+00  3.372220e+00  3.382410e+00  3.390560e+00  3.391230e+00  
3.388420e+00  3.387960e+00  3.388350e+00  3.388360e+00  3.388460e+00  3.388390e+00  
2.674960e+00  2.774280e+00  2.866080e+00  2.950960e+00  3.028450e+00  3.098550e+00  
3.162110e+00  3.221150e+00  3.278610e+00  3.334920e+00  3.389820e+00  3.442720e+00  
3.493200e+00  3.540700e+00  3.584370e+00  3.623490e+00  3.657220e+00  3.684690e+00  
3.704960e+00  3.713250e+00  3.724680e+00  3.737370e+00  3.748350e+00  3.748500e+00  
3.744820e+00  3.744130e+00  3.744520e+00  3.744750e+00  3.744610e+00  3.744700e+00  
2.998540e+00  3.111450e+00  3.213070e+00  3.303960e+00  3.383560e+00  3.452080e+00  
3.510940e+00  3.563340e+00  3.613690e+00  3.662840e+00  3.710580e+00  3.756340e+00  
3.799640e+00  3.839950e+00  3.876700e+00  3.909690e+00  3.938790e+00  3.964040e+00  
3.985770e+00  3.996260e+00  4.009880e+00  4.023990e+00  4.036150e+00  4.036440e+00  
4.032380e+00  4.031590e+00  4.032040e+00  4.032290e+00  4.032110e+00  4.032250e+00  
3.548560e+00  3.681790e+00  3.796370e+00  3.892930e+00  3.970890e+00  4.031060e+00  
4.076200e+00  4.111860e+00  4.145430e+00  4.178560e+00  4.211040e+00  4.242290e+00  
4.271380e+00  4.297670e+00  4.321160e+00  4.342800e+00  4.363780e+00  4.385180e+00  
4.408590e+00  4.421790e+00  4.437260e+00  4.451450e+00  4.464170e+00  4.465470e+00  
4.461920e+00  4.461330e+00  4.461850e+00  4.461860e+00  4.462040e+00  4.462020e+00  
4.007640e+00  4.149950e+00  4.268190e+00  4.363310e+00  4.434840e+00  4.484060e+00  
4.514630e+00  4.533630e+00  4.550190e+00  4.566530e+00  4.582720e+00  4.598620e+00  
4.613770e+00  4.628000e+00  4.641420e+00  4.654580e+00  4.668520e+00  4.685480e+00  
4.708310e+00  4.722240e+00  4.736970e+00  4.749050e+00  4.761320e+00  4.763320e+00  
4.761900e+00  4.761610e+00  4.762020e+00  4.762030e+00  4.762170e+00  4.762170e+00  
4.898200e+00  5.038070e+00  5.144930e+00  5.221130e+00  5.266790e+00  5.284210e+00  
5.278610e+00  5.259110e+00  5.237270e+00  5.216080e+00  5.196460e+00  5.179260e+00  
5.165440e+00  5.155870e+00  5.150190e+00  5.146640e+00  5.144610e+00  5.148930e+00  
5.165200e+00  5.176730e+00  5.184880e+00  5.187760e+00  5.195280e+00  5.198730e+00  
5.204120e+00  5.204840e+00  5.204810e+00  5.204830e+00  5.204790e+00  5.204860e+00  
5.560730e+00  5.679670e+00  5.760910e+00  5.808540e+00  5.823430e+00  5.808690e+00  
5.770450e+00  5.718800e+00  5.666080e+00  5.615740e+00  5.569090e+00  5.527350e+00  
5.492210e+00  5.464700e+00  5.443880e+00  5.426070e+00  5.409260e+00  5.400050e+00  
5.405750e+00  5.411900e+00  5.411120e+00  5.403730e+00  5.404260e+00  5.408310e+00  
5.420020e+00  5.421720e+00  5.421210e+00  5.421230e+00  5.421020e+00  5.421160e+00  
6.494560e+00  6.596300e+00  6.620960e+00  6.588050e+00  6.518370e+00  6.434310e+00  
6.343520e+00  6.252430e+00  6.167470e+00  6.087430e+00  6.006780e+00  5.924570e+00  
5.851040e+00  5.793350e+00  5.748690e+00  5.707330e+00  5.663240e+00  5.630150e+00  
5.614880e+00  5.605150e+00  5.586690e+00  5.564950e+00  5.552140e+00  5.554870e+00  
5.573330e+00  5.576200e+00  5.575210e+00  5.574750e+00  5.574770e+00  5.574820e+00  
7.177930e+00  7.212180e+00  7.175260e+00  7.087940e+00  6.968610e+00  6.836780e+00  
6.700490e+00  6.567360e+00  6.445050e+00  6.333140e+00  6.226910e+00  6.124270e+00  
6.031440e+00  5.952260e+00  5.884570e+00  5.821350e+00  5.758240e+00  5.704730e+00  
5.665390e+00  5.644310e+00  5.615070e+00  5.585120e+00  5.563360e+00  5.563680e+00  
5.580210e+00  5.582850e+00  5.581710e+00  5.581230e+00  5.581230e+00  5.581290e+00  
7.700860e+00  7.681930e+00  7.591960e+00  7.454590e+00  7.289090e+00  7.115430e+00  
6.941470e+00  6.774320e+00  6.621430e+00  6.482890e+00  6.355390e+00  6.236180e+00  
6.127340e+00  6.029700e+00  5.942080e+00  5.860740e+00  5.783130e+00  5.713060e+00  
5.652210e+00  5.621890e+00  5.586630e+00  5.554520e+00  5.527720e+00  5.524910e+00  
5.533700e+00  5.535160e+00  5.534170e+00  5.533840e+00  5.533820e+00  5.533870e+00  
8.119350e+00  8.060690e+00  7.925570e+00  7.742150e+00  7.533370e+00  7.322270e+00  
7.116240e+00  6.920760e+00  6.741950e+00  6.580390e+00  6.434040e+00  6.299900e+00  
6.176530e+00  6.062530e+00  5.957620e+00  5.861090e+00  5.771890e+00  5.688110e+00  
5.608590e+00  5.570740e+00  5.532450e+00  5.501680e+00  5.472370e+00  5.466200e+00  
5.464470e+00  5.464330e+00  5.463650e+00  5.463490e+00  5.463460e+00  5.463510e+00  
8.758300e+00  8.634800e+00  8.421850e+00  8.157300e+00  7.872770e+00  7.598230e+00  
7.339990e+00  7.100000e+00  6.880900e+00  6.682880e+00  6.503520e+00  6.339660e+00  
6.188400e+00  6.048110e+00  5.918110e+00  5.797810e+00  5.685820e+00  5.578100e+00  
5.472410e+00  5.422970e+00  5.379570e+00  5.351140e+00  5.320020e+00  5.307100e+00  
5.288220e+00  5.285400e+00  5.285040e+00  5.285370e+00  5.284930e+00  5.285210e+00  
9.225890e+00  9.046340e+00  8.766480e+00  8.432600e+00  8.084350e+00  7.757600e+00  
7.457390e+00  7.182940e+00  6.933520e+00  6.708130e+00  6.503090e+00  6.314550e+00  
6.139400e+00  5.976280e+00  5.824810e+00  5.684670e+00  5.554450e+00  5.428260e+00  
5.303140e+00  5.245140e+00  5.196060e+00  5.165950e+00  5.131550e+00  5.114720e+00  
5.087370e+00  5.083220e+00  5.082930e+00  5.083500e+00  5.082810e+00  5.083220e+00  
1.013130e+01  9.636870e+00  9.160320e+00  8.715230e+00  8.299650e+00  7.911870e+00  
7.550550e+00  7.215320e+00  6.905930e+00  6.621410e+00  6.359980e+00  6.119220e+00  
5.896290e+00  5.689830e+00  5.501000e+00  5.328900e+00  5.171070e+00  5.015960e+00  
4.854330e+00  4.775440e+00  4.706820e+00  4.662360e+00  4.612470e+00  4.595860e+00  
4.574870e+00  4.572010e+00  4.571370e+00  4.571350e+00  4.571450e+00  4.571220e+00  
1.059295e+01  9.971780e+00  9.386870e+00  8.848620e+00  8.352980e+00  7.897180e+00  
7.478700e+00  7.095730e+00  6.747240e+00  6.430490e+00  6.141920e+00  5.877320e+00  
5.631110e+00  5.399710e+00  5.184260e+00  4.984160e+00  4.797390e+00  4.616040e+00  
4.434220e+00  4.345680e+00  4.262650e+00  4.201230e+00  4.135220e+00  4.120180e+00  
4.116110e+00  4.116190e+00  4.114530e+00  4.114210e+00  4.113920e+00  4.113780e+00  
1.105868e+01  1.034871e+01  9.626790e+00  8.930790e+00  8.290910e+00  7.731320e+00  
7.246050e+00  6.822090e+00  6.446610e+00  6.105790e+00  5.782490e+00  5.469190e+00  
5.174070e+00  4.902700e+00  4.652080e+00  4.415120e+00  4.186260e+00  3.972640e+00  
3.777250e+00  3.682020e+00  3.585440e+00  3.508020e+00  3.434250e+00  3.417990e+00  
3.410840e+00  3.410100e+00  3.408480e+00  3.408150e+00  3.408040e+00  3.407590e+00  
1.143534e+01  1.049300e+01  9.655250e+00  8.908600e+00  8.241020e+00  7.643810e+00  
7.111010e+00  6.634380e+00  6.206030e+00  5.819820e+00  5.469360e+00  5.147210e+00  
4.843750e+00  4.552720e+00  4.275280e+00  4.014430e+00  3.771290e+00  3.541900e+00  
3.325310e+00  3.222910e+00  3.123710e+00  3.047580e+00  2.972150e+00  2.952660e+00  
2.935150e+00  2.933000e+00  2.931620e+00  2.931430e+00  2.931310e+00  2.931190e+00  
1.164401e+01  1.061146e+01  9.708140e+00  8.907220e+00  8.195690e+00  7.562160e+00  
6.998590e+00  6.494960e+00  6.041470e+00  5.631400e+00  5.258720e+00  4.916630e+00  
4.596610e+00  4.292850e+00  4.005320e+00  3.734710e+00  3.481440e+00  3.241980e+00  
3.015720e+00  2.908700e+00  2.805520e+00  2.726770e+00  2.648900e+00  2.628740e+00  
2.610030e+00  2.607660e+00  2.606210e+00  2.606030e+00  2.605910e+00  2.606410e+00  
1.179220e+01  1.069527e+01  9.747500e+00  8.909250e+00  8.167420e+00  7.509150e+00  
6.924040e+00  6.400780e+00  5.928520e+00  5.500430e+00  5.110860e+00  4.753670e+00  
4.421440e+00  4.108790e+00  3.814620e+00  3.537700e+00  3.277350e+00  3.031400e+00  
2.799070e+00  2.688690e+00  2.581270e+00  2.498420e+00  2.417580e+00  2.397460e+00  
2.380500e+00  2.378370e+00  2.376740e+00  2.376570e+00  2.376390e+00  2.377260e+00  
1.198685e+01  1.080392e+01  9.801780e+00  8.919100e+00  8.142290e+00  7.456770e+00  
6.848050e+00  6.302580e+00  5.808180e+00  5.358200e+00  4.947620e+00  4.571170e+00  
4.222780e+00  3.897690e+00  3.593550e+00  3.307130e+00  3.036030e+00  2.779530e+00  
2.535930e+00  2.418960e+00  2.304010e+00  2.214340e+00  2.127330e+00  2.106310e+00  
2.090690e+00  2.088940e+00  2.087120e+00  2.086790e+00  2.086720e+00  2.086950e+00  
1.211830e+01  1.087658e+01  9.841230e+00  8.933610e+00  8.139270e+00  7.441460e+00  
6.823350e+00  6.269700e+00  5.767330e+00  5.309430e+00  4.890810e+00  4.505950e+00  
4.148500e+00  3.813680e+00  3.499470e+00  3.203350e+00  2.922860e+00  2.655520e+00  
2.398710e+00  2.274190e+00  2.152250e+00  2.057260e+00  1.963240e+00  1.940120e+00  
1.922480e+00  1.920440e+00  1.918560e+00  1.918330e+00  1.918100e+00  1.917220e+00  
1.228110e+01  1.097991e+01  9.920290e+00  8.996140e+00  8.193490e+00  7.488740e+00  
6.865220e+00  6.306940e+00  5.800450e+00  5.338290e+00  4.914480e+00  4.522410e+00  
4.154220e+00  3.804490e+00  3.472450e+00  3.157610e+00  2.857670e+00  2.565340e+00  
2.274850e+00  2.129200e+00  1.982950e+00  1.866180e+00  1.750710e+00  1.721390e+00  
1.697600e+00  1.694820e+00  1.692580e+00  1.692260e+00  1.692050e+00  1.691160e+00  
1.232762e+01  1.104417e+01  9.999930e+00  9.080070e+00  8.278470e+00  7.573840e+00  
6.951570e+00  6.396280e+00  5.894580e+00  5.436880e+00  5.014110e+00  4.618750e+00  
4.245230e+00  3.889380e+00  3.549310e+00  3.222610e+00  2.905790e+00  2.592810e+00  
2.271860e+00  2.102800e+00  1.926450e+00  1.781020e+00  1.639550e+00  1.605690e+00  
1.578610e+00  1.574810e+00  1.571900e+00  1.571550e+00  1.571230e+00  1.573130e+00  
1.235041e+01  1.110341e+01  1.010672e+01  9.224470e+00  8.446660e+00  7.756740e+00  
7.143620e+00  6.595220e+00  6.100820e+00  5.650910e+00  5.235650e+00  4.846020e+00  
4.474000e+00  4.113790e+00  3.763970e+00  3.422820e+00  3.085940e+00  2.742030e+00  
2.366770e+00  2.154750e+00  1.920860e+00  1.717000e+00  1.519340e+00  1.479000e+00  
1.452200e+00  1.447050e+00  1.441560e+00  1.440920e+00  1.440550e+00  1.447480e+00  
1.234425e+01  1.111039e+01  1.015889e+01  9.325190e+00  8.585530e+00  7.921660e+00  
7.324070e+00  6.783240e+00  6.290900e+00  5.840760e+00  5.426740e+00  5.041780e+00  
4.676940e+00  4.324780e+00  3.981020e+00  3.639150e+00  3.289260e+00  2.914330e+00  
2.489130e+00  2.244840e+00  1.966000e+00  1.714150e+00  1.460830e+00  1.409620e+00  
1.382890e+00  1.379600e+00  1.371310e+00  1.369480e+00  1.370920e+00  1.378980e+00  
1.231324e+01  1.111266e+01  1.020445e+01  9.405230e+00  8.690010e+00  8.044100e+00  
7.459860e+00  6.929430e+00  6.446040e+00  6.003860e+00  5.596950e+00  5.218320e+00  
4.858940e+00  4.511040e+00  4.169770e+00  3.827450e+00  3.472030e+00  3.081780e+00  
2.623010e+00  2.349830e+00  2.028150e+00  1.732470e+00  1.430340e+00  1.368740e+00  
1.340080e+00  1.336840e+00  1.326570e+00  1.324210e+00  1.326370e+00  1.334220e+00  
1.228024e+01  1.110699e+01  1.023647e+01  9.465980e+00  8.772420e+00  8.143020e+00  
7.571570e+00  7.051470e+00  6.576990e+00  6.142740e+00  5.743000e+00  5.370890e+00  
5.017380e+00  4.674550e+00  4.337070e+00  3.996390e+00  3.638600e+00  3.238020e+00  
2.753400e+00  2.456470e+00  2.098320e+00  1.763570e+00  1.415950e+00  1.343290e+00  
1.310760e+00  1.307340e+00  1.295460e+00  1.292700e+00  1.295390e+00  1.302270e+00  
1.221873e+01  1.108797e+01  1.027817e+01  9.553050e+00  8.895360e+00  8.294350e+00  
7.745740e+00  7.244610e+00  6.786810e+00  6.367600e+00  5.981630e+00  5.622330e+00  
5.280840e+00  4.949060e+00  4.621020e+00  4.286770e+00  3.929550e+00  3.517540e+00  
2.996530e+00  2.662970e+00  2.245600e+00  1.843890e+00  1.413650e+00  1.318170e+00  
1.273560e+00  1.269170e+00  1.254880e+00  1.251560e+00  1.254880e+00  1.259360e+00  
1.221602e+01  1.109052e+01  1.030719e+01  9.604740e+00  8.969240e+00  8.389900e+00  
7.862290e+00  7.381240e+00  6.942290e+00  6.540560e+00  6.170500e+00  5.825040e+00  
5.494350e+00  5.170020e+00  4.847300e+00  4.518400e+00  4.168150e+00  3.763090e+00  
3.234000e+00  2.872960e+00  2.390840e+00  1.917100e+00  1.429380e+00  1.314150e+00  
1.253500e+00  1.245140e+00  1.229120e+00  1.228080e+00  1.225450e+00  1.231690e+00  
1.212899e+01  1.105308e+01  1.033759e+01  9.691430e+00  9.104350e+00  8.567470e+00  
8.077390e+00  7.629850e+00  7.221200e+00  6.847320e+00  6.503400e+00  6.182990e+00  
5.876860e+00  5.576770e+00  5.277590e+00  4.970480e+00  4.637480e+00  4.237760e+00  
3.684370e+00  3.286390e+00  2.732770e+00  2.161500e+00  1.508540e+00  1.332250e+00  
1.225850e+00  1.212820e+00  1.193180e+00  1.191310e+00  1.188580e+00  1.192000e+00  
1.207376e+01  1.102859e+01  1.035348e+01  9.742140e+00  9.185500e+00  8.676140e+00  
8.211030e+00  7.786570e+00  7.399560e+00  7.046370e+00  6.722630e+00  6.422420e+00  
6.136920e+00  5.858080e+00  5.580680e+00  5.295320e+00  4.982110e+00  4.594890e+00  
4.036270e+00  3.622440e+00  3.033680e+00  2.400270e+00  1.605510e+00  1.372130e+00  
1.215580e+00  1.196780e+00  1.174230e+00  1.171610e+00  1.168920e+00  1.170750e+00  
1.196415e+01  1.098509e+01  1.037705e+01  9.817210e+00  9.299990e+00  8.821540e+00  
8.381610e+00  7.979970e+00  7.616620e+00  7.289070e+00  6.993550e+00  6.724790e+00  
6.474640e+00  6.234760e+00  5.997880e+00  5.749730e+00  5.466690e+00  5.104320e+00  
4.561580e+00  4.144680e+00  3.528290e+00  2.813890e+00  1.802100e+00  1.488370e+00  
1.213590e+00  1.178400e+00  1.155380e+00  1.152630e+00  1.147040e+00  1.148500e+00  
1.194296e+01  1.097718e+01  1.039091e+01  9.851000e+00  9.352950e+00  8.893500e+00  
8.472510e+00  8.089900e+00  7.745820e+00  7.438090e+00  7.163300e+00  6.916520e+00  
6.689860e+00  6.475220e+00  6.265410e+00  6.045820e+00  5.792750e+00  5.462800e+00  
4.952600e+00  4.546600e+00  3.924360e+00  3.163870e+00  1.989560e+00  1.596990e+00  
1.228680e+00  1.177860e+00  1.144800e+00  1.141460e+00  1.133790e+00  1.136950e+00  
1.194062e+01  1.097807e+01  1.040081e+01  9.871260e+00  9.385070e+00  8.938790e+00  
8.531680e+00  8.162940e+00  7.832050e+00  7.537300e+00  7.276220e+00  7.045180e+00  
6.838100e+00  6.647710e+00  6.464810e+00  6.269890e+00  6.035450e+00  5.721370e+00  
5.233270e+00  4.848360e+00  4.258770e+00  3.498880e+00  2.172060e+00  1.689750e+00  
1.243940e+00  1.183280e+00  1.140130e+00  1.133750e+00  1.130480e+00  1.129930e+00  
1.193450e+01  1.097910e+01  1.040974e+01  9.888060e+00  9.410160e+00  8.972780e+00  
8.575070e+00  8.216040e+00  7.895110e+00  7.610670e+00  7.360550e+00  7.141390e+00  
6.947550e+00  6.772230e+00  6.607210e+00  6.434260e+00  6.225950e+00  5.938320e+00  
5.473880e+00  5.101540e+00  4.526300e+00  3.764230e+00  2.345060e+00  1.792210e+00  
1.262560e+00  1.189040e+00  1.137250e+00  1.129710e+00  1.125810e+00  1.125230e+00  
1.192434e+01  1.098281e+01  1.042405e+01  9.912830e+00  9.445530e+00  9.019520e+00  
8.634000e+00  8.288070e+00  7.981200e+00  7.711960e+00  7.478310e+00  7.276990e+00  
7.102220e+00  6.947700e+00  6.806790e+00  6.663980e+00  6.494440e+00  6.254560e+00  
5.847160e+00  5.506450e+00  4.959400e+00  4.193050e+00  2.645510e+00  1.994690e+00  
1.307200e+00  1.203970e+00  1.133530e+00  1.127600e+00  1.117070e+00  1.119310e+00  
1.191882e+01  1.098784e+01  1.043548e+01  9.930940e+00  9.470500e+00  9.051850e+00  
8.674110e+00  8.336240e+00  8.037670e+00  7.777230e+00  7.553270e+00  7.363060e+00  
7.201590e+00  7.063350e+00  6.942450e+00  6.824170e+00  6.684450e+00  6.480170e+00  
6.116360e+00  5.803090e+00  5.288620e+00  4.540450e+00  2.916360e+00  2.177500e+00  
1.351570e+00  1.224060e+00  1.133650e+00  1.125750e+00  1.112760e+00  1.115710e+00  
1.190621e+01  1.099804e+01  1.045666e+01  9.962280e+00  9.511760e+00  9.103130e+00  
8.735440e+00  8.407800e+00  8.119770e+00  7.870690e+00  7.659540e+00  7.484640e+00  
7.342440e+00  7.229170e+00  7.140910e+00  7.065680e+00  6.981910e+00  6.846330e+00  
6.565550e+00  6.302380e+00  5.847610e+00  5.159750e+00  3.492180e+00  2.584820e+00  
1.456690e+00  1.278060e+00  1.140460e+00  1.124400e+00  1.111450e+00  1.110850e+00  
1.188587e+01  1.100533e+01  1.047028e+01  9.980670e+00  9.534400e+00  9.130220e+00  
8.767340e+00  8.445120e+00  8.163280e+00  7.921260e+00  7.718050e+00  7.552240e+00  
7.421050e+00  7.321530e+00  7.250580e+00  7.197230e+00  7.143480e+00  7.056480e+00  
6.848830e+00  6.627570e+00  6.218000e+00  5.578320e+00  3.936960e+00  2.926750e+00  
1.562820e+00  1.338600e+00  1.149050e+00  1.128260e+00  1.107770e+00  1.108410e+00  
1.184951e+01  1.101763e+01  1.048228e+01  9.995060e+00  9.553060e+00  9.154500e+00  
8.798170e+00  8.483170e+00  8.208900e+00  7.974790e+00  7.780030e+00  7.623090e+00  
7.500530e+00  7.410440e+00  7.354930e+00  7.333620e+00  7.335350e+00  7.312320e+00  
7.173950e+00  7.008420e+00  6.691210e+00  6.144820e+00  4.553520e+00  3.494300e+00  
1.772750e+00  1.454610e+00  1.170070e+00  1.136320e+00  1.106750e+00  1.105930e+00  
1.180530e+01  1.102088e+01  1.048812e+01  1.000316e+01  9.563530e+00  9.167520e+00  
8.813990e+00  8.502100e+00  8.231290e+00  8.001100e+00  7.810880e+00  7.659270e+00  
7.543030e+00  7.460820e+00  7.415520e+00  7.408440e+00  7.431470e+00  7.442960e+00  
7.362200e+00  7.238180e+00  6.974950e+00  6.497300e+00  5.016440e+00  3.924350e+00  
1.963730e+00  1.570760e+00  1.193610e+00  1.145770e+00  1.106720e+00  1.104670e+00  
1.175029e+01  1.101648e+01  1.049391e+01  1.001350e+01  9.575200e+00  9.179610e+00  
8.826160e+00  8.514460e+00  8.244350e+00  8.015590e+00  7.827950e+00  7.680710e+00  
7.571940e+00  7.500360e+00  7.465720e+00  7.462060e+00  7.479700e+00  7.501280e+00  
7.477240e+00  7.398800e+00  7.179040e+00  6.743290e+00  5.364650e+00  4.274050e+00  
2.140960e+00  1.682190e+00  1.217860e+00  1.156260e+00  1.107080e+00  1.103920e+00  
1.172734e+01  1.101697e+01  1.049566e+01  1.001651e+01  9.579470e+00  9.184980e+00  
8.832640e+00  8.522150e+00  8.253510e+00  8.026540e+00  7.840930e+00  7.695980e+00  
7.589900e+00  7.521650e+00  7.491440e+00  7.494000e+00  7.520990e+00  7.557310e+00  
7.560090e+00  7.505410e+00  7.323820e+00  6.934700e+00  5.633620e+00  4.564840e+00  
2.310710e+00  1.788210e+00  1.242140e+00  1.166460e+00  1.108720e+00  1.103410e+00  
1.169834e+01  1.101739e+01  1.049743e+01  1.001996e+01  9.584690e+00  9.191880e+00  
8.841180e+00  8.532400e+00  8.265710e+00  8.040940e+00  7.857840e+00  7.715800e+00  
7.613190e+00  7.549250e+00  7.524740e+00  7.535370e+00  7.574430e+00  7.630010e+00  
7.668050e+00  7.645820e+00  7.521060e+00  7.206270e+00  6.035200e+00  5.020610e+00  
2.624650e+00  1.987580e+00  1.290500e+00  1.187350e+00  1.112930e+00  1.102770e+00  
1.167995e+01  1.101741e+01  1.049827e+01  1.002185e+01  9.587740e+00  9.196090e+00  
8.846510e+00  8.538890e+00  8.273380e+00  8.049900e+00  7.868270e+00  7.727980e+00  
7.627540e+00  7.566280e+00  7.545330e+00  7.560900e+00  7.607380e+00  7.674950e+00  
7.735120e+00  7.733910e+00  7.649180e+00  7.390770e+00  6.325210e+00  5.366720e+00  
2.902950e+00  2.170580e+00  1.338250e+00  1.209110e+00  1.117790e+00  1.102390e+00  
1.165185e+01  1.101765e+01  1.049962e+01  1.002444e+01  9.591810e+00  9.201760e+00  
8.853830e+00  8.547830e+00  8.283870e+00  8.062010e+00  7.882290e+00  7.744400e+00  
7.646950e+00  7.589420e+00  7.573400e+00  7.595760e+00  7.652270e+00  7.736600e+00  
7.827720e+00  7.856150e+00  7.832200e+00  7.667740e+00  6.800590e+00  5.966240e+00  
3.479460e+00  2.574380e+00  1.454320e+00  1.266280e+00  1.130920e+00  1.101890e+00  
1.163600e+01  1.101801e+01  1.050044e+01  1.002585e+01  9.593820e+00  9.204440e+00  
8.857310e+00  8.552320e+00  8.289610e+00  8.068930e+00  7.889770e+00  7.751940e+00  
7.655450e+00  7.600790e+00  7.588850e+00  7.614680e+00  7.673500e+00  7.765380e+00  
7.881680e+00  7.930780e+00  7.923580e+00  7.788330e+00  7.120700e+00  6.421710e+00  
3.894310e+00  2.889760e+00  1.568860e+00  1.332280e+00  1.151030e+00  1.101640e+00  
1.161790e+01  1.101876e+01  1.050246e+01  1.002839e+01  9.596660e+00  9.207620e+00  
8.860890e+00  8.556230e+00  8.293770e+00  8.073620e+00  7.895960e+00  7.760660e+00  
7.666420e+00  7.612970e+00  7.602240e+00  7.631730e+00  7.698710e+00  7.801600e+00  
7.926940e+00  7.986410e+00  8.027180e+00  7.982410e+00  7.452680e+00  6.853320e+00  
4.600320e+00  3.470060e+00  1.773450e+00  1.443000e+00  1.170410e+00  1.101410e+00  
1.162970e+01  1.102528e+01  1.050128e+01  1.002423e+01  9.592360e+00  9.204440e+00  
8.859490e+00  8.556910e+00  8.296410e+00  8.077880e+00  7.901150e+00  7.765480e+00  
7.668510e+00  7.610180e+00  7.596330e+00  7.633180e+00  7.722020e+00  7.840580e+00  
7.959610e+00  8.016980e+00  8.067840e+00  8.060740e+00  7.671670e+00  7.150430e+00  
5.068310e+00  3.902190e+00  1.966560e+00  1.559160e+00  1.194480e+00  1.101300e+00  
1.162374e+01  1.102513e+01  1.050148e+01  1.002465e+01  9.593020e+00  9.205290e+00  
8.860540e+00  8.558180e+00  8.297900e+00  8.079620e+00  7.903170e+00  7.767870e+00  
7.671380e+00  7.613690e+00  7.600720e+00  7.638780e+00  7.729350e+00  7.850500e+00  
7.974470e+00  8.037230e+00  8.099650e+00  8.114360e+00  7.803560e+00  7.356430e+00  
5.422400e+00  4.245510e+00  2.155540e+00  1.671730e+00  1.218570e+00  1.101230e+00  
1.161954e+01  1.102500e+01  1.050159e+01  1.002492e+01  9.593440e+00  9.205850e+00  
8.861250e+00  8.559030e+00  8.298910e+00  8.080800e+00  7.904560e+00  7.769520e+00  
7.673340e+00  7.616070e+00  7.603670e+00  7.642520e+00  7.734230e+00  7.857180e+00  
7.984600e+00  8.051010e+00  8.121020e+00  8.150530e+00  7.896780e+00  7.504750e+00  
5.699040e+00  4.531400e+00  2.331220e+00  1.783230e+00  1.242250e+00  1.101190e+00  
1.159444e+01  1.101895e+01  1.050339e+01  1.003019e+01  9.599300e+00  9.210970e+00  
8.864930e+00  8.561170e+00  8.299950e+00  8.081280e+00  7.905070e+00  7.771110e+00  
7.678530e+00  7.627450e+00  7.620110e+00  7.654410e+00  7.728540e+00  7.842890e+00  
7.992080e+00  8.074770e+00  8.155130e+00  8.195340e+00  8.020370e+00  7.703960e+00  
6.109710e+00  4.985820e+00  2.646310e+00  2.001550e+00  1.289630e+00  1.101130e+00  
1.159283e+01  1.101993e+01  1.050389e+01  1.003034e+01  9.599370e+00  9.211270e+00  
8.865670e+00  8.562410e+00  8.301650e+00  8.083150e+00  7.906530e+00  7.771680e+00  
7.678770e+00  7.628640e+00  7.623020e+00  7.658460e+00  7.732060e+00  7.845600e+00  
7.999900e+00  8.090270e+00  8.176760e+00  8.210650e+00  8.072570e+00  7.882820e+00  
6.408630e+00  5.296220e+00  2.918440e+00  2.218960e+00  1.329310e+00  1.101090e+00  
