2.257120e+00  2.315840e+00  2.371230e+00  2.423660e+00  2.472930e+00  2.518940e+00  
2.561900e+00  2.602410e+00  2.641420e+00  2.679240e+00  2.716110e+00  2.752620e+00  
2.790150e+00  2.829850e+00  2.871580e+00  2.914560e+00  2.957420e+00  2.997810e+00  
3.032740e+00  3.048540e+00  3.066740e+00  3.084650e+00  3.105920e+00  3.111740e+00  
3.116510e+00  3.117100e+00  3.117600e+00  3.117650e+00  3.117710e+00  3.117720e+00  
2.833880e+00  2.886820e+00  2.937360e+00  2.986260e+00  3.033210e+00  3.077910e+00  
3.120020e+00  3.159270e+00  3.195460e+00  3.228600e+00  3.259090e+00  3.287730e+00  
3.316510e+00  3.347310e+00  3.380580e+00  3.416740e+00  3.456280e+00  3.499620e+00  
3.545950e+00  3.568260e+00  3.586120e+00  3.595960e+00  3.609430e+00  3.614400e+00  
3.616510e+00  3.616550e+00  3.616880e+00  3.616910e+00  3.617110e+00  3.617000e+00  
3.294450e+00  3.354470e+00  3.408070e+00  3.456350e+00  3.499130e+00  3.536470e+00  
3.568800e+00  3.597130e+00  3.622890e+00  3.646560e+00  3.668710e+00  3.690090e+00  
3.712410e+00  3.737340e+00  3.765340e+00  3.796710e+00  3.831560e+00  3.869170e+00  
3.907900e+00  3.926720e+00  3.943650e+00  3.954590e+00  3.963520e+00  3.965570e+00  
3.967180e+00  3.967360e+00  3.967500e+00  3.967530e+00  3.967540e+00  3.967540e+00  
4.010270e+00  4.083110e+00  4.142610e+00  4.190330e+00  4.226290e+00  4.251060e+00  
4.266120e+00  4.274310e+00  4.279380e+00  4.282550e+00  4.284700e+00  4.287120e+00  
4.292070e+00  4.301520e+00  4.315380e+00  4.332280e+00  4.351100e+00  4.373310e+00  
4.400080e+00  4.414040e+00  4.425110e+00  4.430400e+00  4.434960e+00  4.435920e+00  
4.436440e+00  4.436490e+00  4.436550e+00  4.436550e+00  4.436590e+00  4.436570e+00  
4.551670e+00  4.647060e+00  4.712270e+00  4.752640e+00  4.773570e+00  4.781580e+00  
4.779560e+00  4.770920e+00  4.759980e+00  4.747880e+00  4.735100e+00  4.722390e+00  
4.711160e+00  4.702960e+00  4.698360e+00  4.697840e+00  4.701990e+00  4.711600e+00  
4.724710e+00  4.730260e+00  4.734510e+00  4.736560e+00  4.737670e+00  4.737740e+00  
4.737750e+00  4.737750e+00  4.737750e+00  4.737740e+00  4.737740e+00  4.737750e+00  
4.979000e+00  5.103480e+00  5.174330e+00  5.203060e+00  5.204420e+00  5.194710e+00  
5.178000e+00  5.156770e+00  5.133860e+00  5.109190e+00  5.081590e+00  5.051710e+00  
5.023610e+00  5.000960e+00  4.983710e+00  4.970040e+00  4.958900e+00  4.953220e+00  
4.952910e+00  4.951990e+00  4.950290e+00  4.948410e+00  4.946670e+00  4.946090e+00  
4.945610e+00  4.945550e+00  4.945500e+00  4.945480e+00  4.945490e+00  4.945490e+00  
5.357330e+00  5.456460e+00  5.523170e+00  5.561000e+00  5.570840e+00  5.555530e+00  
5.520400e+00  5.474120e+00  5.427320e+00  5.382760e+00  5.340960e+00  5.302530e+00  
5.267410e+00  5.235790e+00  5.207330e+00  5.180600e+00  5.154890e+00  5.133200e+00  
5.119260e+00  5.114720e+00  5.108280e+00  5.101280e+00  5.097010e+00  5.096040e+00  
5.094950e+00  5.094810e+00  5.094730e+00  5.094700e+00  5.094740e+00  5.094730e+00  
5.935740e+00  6.036280e+00  6.096440e+00  6.121190e+00  6.112100e+00  6.073100e+00  
6.011240e+00  5.937580e+00  5.865290e+00  5.797690e+00  5.734990e+00  5.677250e+00  
5.623250e+00  5.572110e+00  5.523180e+00  5.474650e+00  5.425790e+00  5.380700e+00  
5.344750e+00  5.330230e+00  5.314760e+00  5.301530e+00  5.291280e+00  5.288910e+00  
5.286770e+00  5.286520e+00  5.286320e+00  5.286270e+00  5.286300e+00  5.286290e+00  
6.382700e+00  6.476140e+00  6.523920e+00  6.532540e+00  6.504160e+00  6.443570e+00  
6.358910e+00  6.262750e+00  6.169820e+00  6.083540e+00  6.004050e+00  5.930900e+00  
5.862050e+00  5.795760e+00  5.731020e+00  5.665500e+00  5.598210e+00  5.534270e+00  
5.480570e+00  5.457920e+00  5.434970e+00  5.416320e+00  5.400260e+00  5.396480e+00  
5.393280e+00  5.392890e+00  5.392580e+00  5.392540e+00  5.392530e+00  5.392520e+00  
7.154020e+00  7.273920e+00  7.286830e+00  7.221780e+00  7.110850e+00  6.987430e+00  
6.860380e+00  6.735030e+00  6.617120e+00  6.505430e+00  6.396810e+00  6.289100e+00  
6.184880e+00  6.085800e+00  5.990950e+00  5.897360e+00  5.802990e+00  5.710870e+00  
5.624980e+00  5.584970e+00  5.546870e+00  5.518370e+00  5.490080e+00  5.483260e+00  
5.477880e+00  5.477170e+00  5.476660e+00  5.476580e+00  5.476530e+00  5.476530e+00  
7.712830e+00  7.777870e+00  7.740560e+00  7.631480e+00  7.479380e+00  7.314060e+00  
7.144950e+00  6.979110e+00  6.824200e+00  6.680610e+00  6.546860e+00  6.420280e+00  
6.300040e+00  6.184180e+00  6.071960e+00  5.961250e+00  5.850480e+00  5.741230e+00  
5.635580e+00  5.584500e+00  5.534820e+00  5.497160e+00  5.461010e+00  5.452140e+00  
5.445080e+00  5.444180e+00  5.443510e+00  5.443400e+00  5.443340e+00  5.443320e+00  
8.485520e+00  8.406730e+00  8.270200e+00  8.096030e+00  7.889810e+00  7.659630e+00  
7.416800e+00  7.176600e+00  6.954620e+00  6.755080e+00  6.577530e+00  6.419170e+00  
6.277160e+00  6.146380e+00  6.022930e+00  5.898150e+00  5.765730e+00  5.632210e+00  
5.505620e+00  5.444270e+00  5.379700e+00  5.326840e+00  5.282340e+00  5.271450e+00  
5.262100e+00  5.261000e+00  5.260150e+00  5.259980e+00  5.259940e+00  5.259890e+00  
8.993980e+00  8.828190e+00  8.607170e+00  8.355750e+00  8.080100e+00  7.788540e+00  
7.492260e+00  7.205890e+00  6.943890e+00  6.709970e+00  6.503390e+00  6.320230e+00  
6.156920e+00  6.008220e+00  5.869690e+00  5.732480e+00  5.589690e+00  5.446060e+00  
5.307410e+00  5.239140e+00  5.167330e+00  5.108760e+00  5.059240e+00  5.047100e+00  
5.036700e+00  5.035480e+00  5.034520e+00  5.034340e+00  5.034310e+00  5.034240e+00  
9.372710e+00  9.127780e+00  8.832240e+00  8.514570e+00  8.180870e+00  7.839430e+00  
7.500790e+00  7.178350e+00  6.885760e+00  6.625650e+00  6.396740e+00  6.193880e+00  
6.012170e+00  5.846420e+00  5.692260e+00  5.542280e+00  5.390500e+00  5.239600e+00  
5.093370e+00  5.021660e+00  4.947730e+00  4.888250e+00  4.835520e+00  4.822560e+00  
4.811740e+00  4.810450e+00  4.809420e+00  4.809260e+00  4.809190e+00  4.809150e+00  
9.671110e+00  9.354310e+00  8.992760e+00  8.617740e+00  8.234840e+00  7.852060e+00  
7.479080e+00  7.127750e+00  6.810860e+00  6.530280e+00  6.283490e+00  6.064280e+00  
5.866170e+00  5.684120e+00  5.514140e+00  5.351160e+00  5.190870e+00  5.033910e+00  
4.882370e+00  4.809080e+00  4.735700e+00  4.677840e+00  4.622900e+00  4.609380e+00  
4.598480e+00  4.597180e+00  4.596080e+00  4.595930e+00  4.595830e+00  4.595820e+00  
1.005264e+01  9.732170e+00  9.272350e+00  8.754300e+00  8.236680e+00  7.769110e+00  
7.354190e+00  6.985100e+00  6.656050e+00  6.360810e+00  6.087760e+00  5.829600e+00  
5.590170e+00  5.373720e+00  5.177050e+00  4.995270e+00  4.823210e+00  4.655280e+00  
4.492480e+00  4.417840e+00  4.346700e+00  4.292020e+00  4.234250e+00  4.220500e+00  
4.209660e+00  4.208190e+00  4.207130e+00  4.207000e+00  4.206900e+00  4.206890e+00  
1.052669e+01  9.897170e+00  9.287320e+00  8.725740e+00  8.207700e+00  7.730050e+00  
7.290230e+00  6.885780e+00  6.515160e+00  6.178820e+00  5.873080e+00  5.593490e+00  
5.336200e+00  5.100310e+00  4.884970e+00  4.689040e+00  4.509840e+00  4.335980e+00  
4.159040e+00  4.074040e+00  3.999920e+00  3.950890e+00  3.894510e+00  3.878040e+00  
3.867740e+00  3.866890e+00  3.865580e+00  3.865330e+00  3.865310e+00  3.865300e+00  
1.085537e+01  1.024837e+01  9.525200e+00  8.783460e+00  8.090250e+00  7.494170e+00  
6.984960e+00  6.544240e+00  6.154250e+00  5.800870e+00  5.467930e+00  5.147540e+00  
4.847490e+00  4.574400e+00  4.327220e+00  4.098300e+00  3.883130e+00  3.681570e+00  
3.494780e+00  3.407950e+00  3.326370e+00  3.266500e+00  3.208830e+00  3.195310e+00  
3.184740e+00  3.183350e+00  3.182330e+00  3.182210e+00  3.182110e+00  3.182080e+00  
1.126106e+01  1.031499e+01  9.447220e+00  8.673860e+00  7.981940e+00  7.362410e+00  
6.807330e+00  6.310950e+00  5.869870e+00  5.476660e+00  5.122710e+00  4.798800e+00  
4.494220e+00  4.203240e+00  3.929550e+00  3.676220e+00  3.444120e+00  3.228480e+00  
3.026550e+00  2.931640e+00  2.839990e+00  2.772150e+00  2.716060e+00  2.703010e+00  
2.692330e+00  2.691100e+00  2.690100e+00  2.689930e+00  2.689860e+00  2.689800e+00  
1.165830e+01  1.046994e+01  9.439040e+00  8.550320e+00  7.776270e+00  7.099810e+00  
6.507710e+00  5.983850e+00  5.515720e+00  5.094910e+00  4.713030e+00  4.361980e+00  
4.032810e+00  3.720320e+00  3.426180e+00  3.153470e+00  2.900340e+00  2.662270e+00  
2.438000e+00  2.332740e+00  2.233650e+00  2.162540e+00  2.103470e+00  2.089960e+00  
2.079120e+00  2.077880e+00  2.076870e+00  2.076710e+00  2.076610e+00  2.076560e+00  
1.193406e+01  1.058540e+01  9.455600e+00  8.496000e+00  7.672510e+00  6.960890e+00  
6.345050e+00  5.803900e+00  5.318750e+00  4.880230e+00  4.480950e+00  4.113550e+00  
3.770120e+00  3.445730e+00  3.140670e+00  2.856420e+00  2.592180e+00  2.341510e+00  
2.103370e+00  1.991590e+00  1.888600e+00  1.815880e+00  1.752030e+00  1.737490e+00  
1.726230e+00  1.724920e+00  1.723800e+00  1.723670e+00  1.723530e+00  1.723530e+00  
1.215642e+01  1.069464e+01  9.500240e+00  8.491920e+00  7.634490e+00  6.898670e+00  
6.264930e+00  5.709620e+00  5.211040e+00  4.758940e+00  4.346510e+00  3.967030e+00  
3.613220e+00  3.280320e+00  2.967860e+00  2.676210e+00  2.405030e+00  2.147220e+00  
1.899910e+00  1.782710e+00  1.674180e+00  1.596870e+00  1.528690e+00  1.513210e+00  
1.501240e+00  1.499840e+00  1.498630e+00  1.498490e+00  1.498360e+00  1.498380e+00  
1.234799e+01  1.080168e+01  9.562370e+00  8.518400e+00  7.635640e+00  6.882390e+00  
6.234840e+00  5.667670e+00  5.157930e+00  4.695020e+00  4.272320e+00  3.883440e+00  
3.521440e+00  3.181630e+00  2.863160e+00  2.565750e+00  2.288750e+00  2.025680e+00  
1.771000e+00  1.648960e+00  1.534620e+00  1.451940e+00  1.379480e+00  1.363000e+00  
1.350140e+00  1.348630e+00  1.347330e+00  1.347170e+00  1.347060e+00  1.347070e+00  
1.267235e+01  1.100869e+01  9.712450e+00  8.621560e+00  7.704110e+00  6.927310e+00  
6.260310e+00  5.675450e+00  5.149160e+00  4.670840e+00  4.233810e+00  3.831590e+00  
3.457190e+00  3.105810e+00  2.776380e+00  2.468300e+00  2.179890e+00  1.905400e+00  
1.636760e+00  1.505830e+00  1.380830e+00  1.288140e+00  1.206240e+00  1.187250e+00  
1.172240e+00  1.170470e+00  1.168970e+00  1.168770e+00  1.168650e+00  1.168590e+00  
1.294251e+01  1.120215e+01  9.872730e+00  8.754340e+00  7.816660e+00  7.024750e+00  
6.344870e+00  5.748030e+00  5.210720e+00  4.722390e+00  4.276090e+00  3.864820e+00  
3.480980e+00  3.119520e+00  2.779470e+00  2.460470e+00  2.160260e+00  1.872070e+00  
1.588780e+00  1.449020e+00  1.313870e+00  1.211630e+00  1.118980e+00  1.096980e+00  
1.079510e+00  1.077450e+00  1.075710e+00  1.075490e+00  1.075320e+00  1.075180e+00  
1.344846e+01  1.159659e+01  1.022859e+01  9.081310e+00  8.128100e+00  7.319200e+00  
6.623020e+00  6.010250e+00  5.457840e+00  4.954980e+00  4.494160e+00  4.067470e+00  
3.666100e+00  3.284320e+00  2.921670e+00  2.578300e+00  2.251060e+00  1.929380e+00  
1.606580e+00  1.443680e+00  1.280670e+00  1.151750e+00  1.029710e+00  9.997500e-01  
9.756900e-01  9.728300e-01  9.704700e-01  9.701700e-01  9.698700e-01  9.698500e-01  
1.379209e+01  1.188074e+01  1.050467e+01  9.356580e+00  8.407900e+00  7.598650e+00  
6.899670e+00  6.282270e+00  5.723660e+00  5.213060e+00  4.743020e+00  4.305600e+00  
3.891740e+00  3.495520e+00  3.116420e+00  2.754550e+00  2.405610e+00  2.055580e+00  
1.693350e+00  1.506540e+00  1.312650e+00  1.153570e+00  1.000770e+00  9.630400e-01  
9.327900e-01  9.291300e-01  9.259800e-01  9.255600e-01  9.253700e-01  9.255300e-01  
1.423057e+01  1.221161e+01  1.085229e+01  9.757900e+00  8.857180e+00  8.076880e+00  
7.388910e+00  6.767520e+00  6.192690e+00  5.661180e+00  5.175160e+00  4.729540e+00  
4.308590e+00  3.900890e+00  3.503450e+00  3.112950e+00  2.726640e+00  2.342260e+00  
1.922300e+00  1.677910e+00  1.418790e+00  1.201320e+00  9.855400e-01  9.335000e-01  
8.936800e-01  8.882300e-01  8.830200e-01  8.822600e-01  8.834700e-01  8.828400e-01  
1.422107e+01  1.242152e+01  1.120138e+01  1.016259e+01  9.257530e+00  8.452140e+00  
7.734050e+00  7.091090e+00  6.513570e+00  5.991910e+00  5.516420e+00  5.076140e+00  
4.657750e+00  4.250970e+00  3.851290e+00  3.452560e+00  3.044150e+00  2.605970e+00  
2.114620e+00  1.841510e+00  1.544460e+00  1.282440e+00  9.916500e-01  9.150700e-01  
8.716600e-01  8.675700e-01  8.593400e-01  8.579600e-01  8.615000e-01  8.588500e-01  
1.432815e+01  1.253831e+01  1.136958e+01  1.037362e+01  9.497510e+00  8.712900e+00  
8.009260e+00  7.375710e+00  6.803630e+00  6.284460e+00  5.809300e+00  5.367980e+00  
4.947890e+00  4.538850e+00  4.135550e+00  3.730340e+00  3.309680e+00  2.847400e+00  
2.311380e+00  2.004110e+00  1.660840e+00  1.354380e+00  1.004780e+00  9.099400e-01  
8.572700e-01  8.525500e-01  8.428300e-01  8.412500e-01  8.461600e-01  8.419600e-01  
1.439088e+01  1.261156e+01  1.149088e+01  1.053094e+01  9.681200e+00  8.916330e+00  
8.227340e+00  7.604270e+00  7.039440e+00  6.524960e+00  6.052650e+00  5.612970e+00  
5.193860e+00  4.785230e+00  4.381200e+00  3.972880e+00  3.544320e+00  3.064210e+00  
2.492390e+00  2.156530e+00  1.773480e+00  1.425920e+00  1.022190e+00  9.101100e-01  
8.468400e-01  8.411900e-01  8.304200e-01  8.287600e-01  8.345500e-01  8.291000e-01  
1.445093e+01  1.269215e+01  1.165289e+01  1.075000e+01  9.945070e+00  9.215220e+00  
8.553580e+00  7.951640e+00  7.402970e+00  6.900780e+00  6.437840e+00  6.005520e+00  
5.592610e+00  5.189220e+00  4.788570e+00  4.380010e+00  3.943850e+00  3.440510e+00  
2.815800e+00  2.434810e+00  1.985880e+00  1.565220e+00  1.064050e+00  9.201400e-01  
8.332900e-01  8.251100e-01  8.128500e-01  8.112000e-01  8.177800e-01  8.106900e-01  
1.445355e+01  1.272288e+01  1.175143e+01  1.089634e+01  1.012962e+01  9.429990e+00  
8.792210e+00  8.208990e+00  7.674950e+00  7.184340e+00  6.730950e+00  6.307230e+00  
5.903240e+00  5.509590e+00  5.118600e+00  4.717650e+00  4.282690e+00  3.764120e+00  
3.093620e+00  2.672670e+00  2.167690e+00  1.688670e+00  1.121970e+00  9.513100e-01  
8.189300e-01  8.074600e-01  8.051700e-01  8.045500e-01  7.987500e-01  7.981400e-01  
1.451712e+01  1.279976e+01  1.190197e+01  1.110536e+01  1.038904e+01  9.735330e+00  
9.139710e+00  8.595760e+00  8.098610e+00  7.642740e+00  7.221990e+00  6.828450e+00  
6.451110e+00  6.079790e+00  5.707310e+00  5.321630e+00  4.899370e+00  4.390500e+00  
3.702940e+00  3.234370e+00  2.618300e+00  1.992130e+00  1.230270e+00  1.002600e+00  
8.216000e-01  8.000200e-01  7.834100e-01  7.814300e-01  7.861500e-01  7.794900e-01  
1.448813e+01  1.280130e+01  1.196187e+01  1.121364e+01  1.053796e+01  9.920280e+00  
9.356740e+00  8.841880e+00  8.371460e+00  7.940680e+00  7.543960e+00  7.173900e+00  
6.819980e+00  6.472140e+00  6.122910e+00  5.759260e+00  5.355090e+00  4.853060e+00  
4.147790e+00  3.653510e+00  2.988910e+00  2.284640e+00  1.359230e+00  1.069860e+00  
8.243200e-01  7.938500e-01  7.740100e-01  7.721300e-01  7.749800e-01  7.692600e-01  
1.441087e+01  1.276745e+01  1.200509e+01  1.132101e+01  1.069993e+01  1.013108e+01  
9.611450e+00  9.136880e+00  8.704090e+00  8.309310e+00  7.948030e+00  7.614030e+00  
7.298020e+00  6.990740e+00  6.684490e+00  6.364970e+00  6.001760e+00  5.525090e+00  
4.809770e+00  4.288430e+00  3.568890e+00  2.767450e+00  1.607060e+00  1.219820e+00  
8.496700e-01  7.964100e-01  7.606300e-01  7.587900e-01  7.577600e-01  7.582900e-01  
1.440522e+01  1.276859e+01  1.203458e+01  1.137584e+01  1.077921e+01  1.023541e+01  
9.741480e+00  9.293500e+00  8.888320e+00  8.522140e+00  8.190300e+00  7.886050e+00  
7.599000e+00  7.319190e+00  7.039710e+00  6.747570e+00  6.414690e+00  5.975370e+00  
5.302940e+00  4.797460e+00  4.071830e+00  3.209990e+00  1.832670e+00  1.345380e+00  
8.690600e-01  8.016800e-01  7.598000e-01  7.579200e-01  7.534100e-01  7.524600e-01  
1.437908e+01  1.276516e+01  1.205816e+01  1.142140e+01  1.084346e+01  1.031612e+01  
9.836730e+00  9.401710e+00  9.008200e+00  8.653680e+00  8.335360e+00  8.049210e+00  
7.788760e+00  7.545540e+00  7.307680e+00  7.050790e+00  6.739740e+00  6.321210e+00  
5.679520e+00  5.189480e+00  4.467780e+00  3.574890e+00  2.049400e+00  1.473850e+00  
8.950800e-01  8.125900e-01  7.587000e-01  7.545200e-01  7.510000e-01  7.488600e-01  
1.435898e+01  1.276281e+01  1.207289e+01  1.145078e+01  1.088569e+01  1.036958e+01  
9.900200e+00  9.475120e+00  9.092450e+00  8.750650e+00  8.448080e+00  8.180900e+00  
7.941020e+00  7.718310e+00  7.500200e+00  7.266690e+00  6.986590e+00  6.601520e+00  
5.989520e+00  5.512590e+00  4.799500e+00  3.885840e+00  2.248730e+00  1.595050e+00  
9.251300e-01  8.282700e-01  7.579300e-01  7.525000e-01  7.465100e-01  7.464200e-01  
1.434814e+01  1.277620e+01  1.209928e+01  1.148811e+01  1.093449e+01  1.043216e+01  
9.978920e+00  9.572320e+00  9.210230e+00  8.890240e+00  8.609340e+00  8.362850e+00  
8.142930e+00  7.942080e+00  7.755310e+00  7.570910e+00  7.358850e+00  7.039910e+00  
6.471220e+00  6.011610e+00  5.321370e+00  4.406100e+00  2.605490e+00  1.833490e+00  
9.850200e-01  8.551100e-01  7.590500e-01  7.514300e-01  7.441900e-01  7.433300e-01  
1.432973e+01  1.278242e+01  1.211791e+01  1.151706e+01  1.097311e+01  1.048012e+01  
1.003638e+01  9.639660e+00  9.288090e+00  8.979620e+00  8.711610e+00  8.479950e+00  
8.277440e+00  8.097440e+00  7.935990e+00  7.782760e+00  7.609250e+00  7.336890e+00  
6.822520e+00  6.392520e+00  5.730090e+00  4.819440e+00  2.919350e+00  2.051340e+00  
1.044800e+00  8.862900e-01  7.618700e-01  7.508600e-01  7.422100e-01  7.414300e-01  
1.427484e+01  1.279004e+01  1.215237e+01  1.157146e+01  1.104202e+01  1.056085e+01  
1.012743e+01  9.740770e+00  9.400760e+00  9.106330e+00  8.855960e+00  8.647100e+00  
8.474720e+00  8.333360e+00  8.217170e+00  8.110320e+00  7.985330e+00  7.789070e+00  
7.403300e+00  7.049920e+00  6.449100e+00  5.569780e+00  3.575710e+00  2.527030e+00  
1.188650e+00  9.651300e-01  7.723400e-01  7.530500e-01  7.402100e-01  7.388800e-01  
1.422952e+01  1.280028e+01  1.216988e+01  1.159584e+01  1.107324e+01  1.059944e+01  
1.017381e+01  9.795260e+00  9.463600e+00  9.178100e+00  8.937670e+00  8.740380e+00  
8.582090e+00  8.458410e+00  8.364870e+00  8.287650e+00  8.202570e+00  8.062550e+00  
7.760240e+00  7.464530e+00  6.935080e+00  6.115410e+00  4.080860e+00  2.913160e+00  
1.326890e+00  1.048960e+00  7.868700e-01  7.535400e-01  7.394000e-01  7.376100e-01  
1.409688e+01  1.280719e+01  1.218614e+01  1.162015e+01  1.110499e+01  1.063878e+01  
1.022073e+01  9.850180e+00  9.527000e+00  9.250840e+00  9.021200e+00  8.836620e+00  
8.693880e+00  8.589880e+00  8.522210e+00  8.480280e+00  8.445180e+00  8.378800e+00  
8.189330e+00  7.972200e+00  7.541200e+00  6.822360e+00  4.846590e+00  3.558200e+00  
1.577340e+00  1.199130e+00  8.177100e-01  7.642200e-01  7.407400e-01  7.363100e-01  
1.398062e+01  1.280837e+01  1.219269e+01  1.163122e+01  1.112025e+01  1.065799e+01  
1.024377e+01  9.877070e+00  9.557950e+00  9.286240e+00  9.061940e+00  8.884070e+00  
8.750230e+00  8.658200e+00  8.606180e+00  8.584190e+00  8.576200e+00  8.554090e+00  
8.441500e+00  8.279770e+00  7.916170e+00  7.263720e+00  5.389640e+00  4.088670e+00  
1.807930e+00  1.332630e+00  8.478400e-01  7.824100e-01  7.405000e-01  7.356600e-01  
1.389535e+01  1.280950e+01  1.219711e+01  1.163714e+01  1.112725e+01  1.066664e+01  
1.025471e+01  9.891340e+00  9.576700e+00  9.310040e+00  9.090410e+00  8.916460e+00  
8.786830e+00  8.700510e+00  8.656580e+00  8.646570e+00  8.657390e+00  8.667080e+00  
8.601990e+00  8.472620e+00  8.168460e+00  7.608730e+00  5.841360e+00  4.479670e+00  
2.009610e+00  1.469270e+00  8.824100e-01  7.925500e-01  7.467300e-01  7.352700e-01  
1.383469e+01  1.281042e+01  1.220103e+01  1.164220e+01  1.113295e+01  1.067347e+01  
1.026322e+01  9.901770e+00  9.589060e+00  9.324630e+00  9.108020e+00  8.938060e+00  
8.812810e+00  8.730950e+00  8.692370e+00  8.690120e+00  8.712930e+00  8.740090e+00  
8.712820e+00  8.621760e+00  8.367640e+00  7.846310e+00  6.148220e+00  4.850080e+00  
2.216730e+00  1.589530e+00  9.138600e-01  8.113700e-01  7.441900e-01  7.350100e-01  
1.376072e+01  1.281138e+01  1.220490e+01  1.164802e+01  1.114046e+01  1.068294e+01  
1.027501e+01  9.916140e+00  9.606230e+00  9.344920e+00  9.131660e+00  8.965540e+00  
8.844930e+00  8.769040e+00  8.738370e+00  8.747090e+00  8.786100e+00  8.839310e+00  
8.859350e+00  8.810520e+00  8.628490e+00  8.202160e+00  6.657970e+00  5.402070e+00  
2.587160e+00  1.819590e+00  9.776000e-01  8.433300e-01  7.486500e-01  7.346700e-01  
1.371552e+01  1.281206e+01  1.220696e+01  1.165156e+01  1.114557e+01  1.068950e+01  
1.028295e+01  9.925430e+00  9.616960e+00  9.357290e+00  9.145970e+00  8.982370e+00  
8.864830e+00  8.792700e+00  8.766900e+00  8.782340e+00  8.831400e+00  8.901090e+00  
8.951200e+00  8.929830e+00  8.798480e+00  8.444280e+00  7.031540e+00  5.827310e+00  
2.911800e+00  2.028970e+00  1.039460e+00  8.757900e-01  7.537400e-01  7.344700e-01  
1.364764e+01  1.281275e+01  1.220936e+01  1.165635e+01  1.115301e+01  1.069917e+01  
1.029432e+01  9.938410e+00  9.631570e+00  9.373860e+00  9.165170e+00  9.005130e+00  
8.891970e+00  8.825090e+00  8.805960e+00  8.830540e+00  8.893370e+00  8.986170e+00  
9.078790e+00  9.096990e+00  9.043100e+00  8.809470e+00  7.653190e+00  6.575320e+00  
3.580170e+00  2.494350e+00  1.186350e+00  9.568100e-01  7.680500e-01  7.342100e-01  
1.360874e+01  1.281293e+01  1.221026e+01  1.165834e+01  1.115614e+01  1.070342e+01  
1.029965e+01  9.944980e+00  9.639670e+00  9.383410e+00  9.175610e+00  9.015940e+00  
8.904300e+00  8.841120e+00  8.827200e+00  8.856600e+00  8.923380e+00  9.026040e+00  
9.151230e+00  9.198490e+00  9.170680e+00  8.973360e+00  8.058560e+00  7.157980e+00  
4.067930e+00  2.861430e+00  1.326330e+00  1.047190e+00  7.850000e-01  7.340800e-01  
1.356583e+01  1.281308e+01  1.221176e+01  1.166064e+01  1.115918e+01  1.070728e+01  
1.030445e+01  9.950850e+00  9.646720e+00  9.391800e+00  9.185490e+00  9.027550e+00  
8.918020e+00  8.857550e+00  8.847290e+00  8.881820e+00  8.956120e+00  9.070830e+00  
9.219850e+00  9.291110e+00  9.309110e+00  9.188450e+00  8.516280e+00  7.811860e+00  
4.847170e+00  3.499580e+00  1.578280e+00  1.203190e+00  8.147300e-01  7.339400e-01  
1.354282e+01  1.281349e+01  1.221291e+01  1.166210e+01  1.116071e+01  1.070896e+01  
1.030647e+01  9.953170e+00  9.649300e+00  9.394900e+00  9.189920e+00  9.034100e+00  
8.926230e+00  8.866170e+00  8.856090e+00  8.893200e+00  8.974460e+00  9.098320e+00  
9.250840e+00  9.325190e+00  9.378520e+00  9.343580e+00  8.792690e+00  8.097290e+00  
5.443590e+00  4.063230e+00  1.804160e+00  1.329050e+00  8.480900e-01  7.338800e-01  
1.352917e+01  1.281387e+01  1.221344e+01  1.166249e+01  1.116104e+01  1.070953e+01  
1.030749e+01  9.954680e+00  9.651340e+00  9.397450e+00  9.192950e+00  9.037630e+00  
8.930350e+00  8.871080e+00  8.862170e+00  8.900950e+00  8.984660e+00  9.112260e+00  
9.272630e+00  9.354850e+00  9.421230e+00  9.412330e+00  8.971700e+00  8.365540e+00  
5.871610e+00  4.478380e+00  2.033540e+00  1.462840e+00  8.804800e-01  7.338400e-01  
1.351967e+01  1.281419e+01  1.221375e+01  1.166285e+01  1.116144e+01  1.071016e+01  
1.030831e+01  9.955820e+00  9.652770e+00  9.399160e+00  9.194990e+00  9.040010e+00  
8.933120e+00  8.874410e+00  8.866270e+00  8.906160e+00  8.991530e+00  9.121630e+00  
9.287330e+00  9.374990e+00  9.450290e+00  9.459070e+00  9.097920e+00  8.561470e+00  
6.212360e+00  4.827170e+00  2.251090e+00  1.589450e+00  9.126400e-01  7.338200e-01  
1.350676e+01  1.281408e+01  1.221408e+01  1.166363e+01  1.116276e+01  1.071171e+01  
1.031007e+01  9.957710e+00  9.654750e+00  9.401310e+00  9.197420e+00  9.042940e+00  
8.936710e+00  8.878750e+00  8.871540e+00  8.912720e+00  8.999970e+00  9.133270e+00  
9.305730e+00  9.400050e+00  9.487530e+00  9.520560e+00  9.266080e+00  8.829070e+00  
6.726760e+00  5.385990e+00  2.634170e+00  1.860350e+00  9.763100e-01  7.337900e-01  
1.349804e+01  1.281162e+01  1.221269e+01  1.166458e+01  1.116582e+01  1.071590e+01  
1.031419e+01  9.961000e+00  9.656910e+00  9.402320e+00  9.197670e+00  9.043110e+00  
8.937460e+00  8.880710e+00  8.875220e+00  8.918310e+00  9.006920e+00  9.139300e+00  
9.313780e+00  9.415480e+00  9.512680e+00  9.561900e+00  9.379600e+00  8.999620e+00  
7.091670e+00  5.828230e+00  2.968590e+00  2.090520e+00  1.039480e+00  7.337700e-01  
