1.866180e+00  1.919430e+00  1.971910e+00  2.023840e+00  2.074930e+00  2.124850e+00  
2.173220e+00  2.219700e+00  2.263990e+00  2.305930e+00  2.345500e+00  2.383170e+00  
2.420250e+00  2.457910e+00  2.496130e+00  2.534770e+00  2.573830e+00  2.614010e+00  
2.655600e+00  2.676310e+00  2.696320e+00  2.712630e+00  2.737400e+00  2.746440e+00  
2.751240e+00  2.751550e+00  2.752280e+00  2.752340e+00  2.752580e+00  2.752470e+00  
2.392060e+00  2.447220e+00  2.500630e+00  2.552840e+00  2.603530e+00  2.652360e+00  
2.698980e+00  2.743050e+00  2.784310e+00  2.822710e+00  2.858480e+00  2.892290e+00  
2.925940e+00  2.961080e+00  2.998030e+00  3.037140e+00  3.078970e+00  3.124740e+00  
3.174710e+00  3.199400e+00  3.219920e+00  3.232280e+00  3.249930e+00  3.256510e+00  
3.259530e+00  3.259640e+00  3.260120e+00  3.260170e+00  3.260360e+00  3.260270e+00  
2.814420e+00  2.880360e+00  2.940390e+00  2.995260e+00  3.044740e+00  3.088850e+00  
3.128000e+00  3.163290e+00  3.196250e+00  3.227400e+00  3.257260e+00  3.286550e+00  
3.317070e+00  3.350320e+00  3.386350e+00  3.424510e+00  3.464310e+00  3.506590e+00  
3.551650e+00  3.574120e+00  3.594370e+00  3.607990e+00  3.622190e+00  3.625750e+00  
3.628380e+00  3.628680e+00  3.628970e+00  3.628990e+00  3.629050e+00  3.629040e+00  
3.484810e+00  3.565150e+00  3.633620e+00  3.691340e+00  3.738180e+00  3.774610e+00  
3.802010e+00  3.823140e+00  3.841660e+00  3.858680e+00  3.874840e+00  3.891000e+00  
3.908880e+00  3.929960e+00  3.954280e+00  3.981070e+00  4.009850e+00  4.042140e+00  
4.079120e+00  4.098190e+00  4.114440e+00  4.124140e+00  4.134340e+00  4.136840e+00  
4.138560e+00  4.138750e+00  4.138940e+00  4.138950e+00  4.139010e+00  4.139000e+00  
4.002340e+00  4.104090e+00  4.179310e+00  4.232540e+00  4.268670e+00  4.293710e+00  
4.309990e+00  4.320120e+00  4.327550e+00  4.333170e+00  4.337440e+00  4.340970e+00  
4.345110e+00  4.351270e+00  4.360180e+00  4.372730e+00  4.389870e+00  4.411850e+00  
4.436900e+00  4.448910e+00  4.460030e+00  4.467780e+00  4.474670e+00  4.476310e+00  
4.477570e+00  4.477730e+00  4.477850e+00  4.477870e+00  4.477880e+00  4.477890e+00  
4.419360e+00  4.546300e+00  4.627410e+00  4.672350e+00  4.693970e+00  4.706590e+00  
4.713190e+00  4.714910e+00  4.713240e+00  4.708190e+00  4.699520e+00  4.688230e+00  
4.677770e+00  4.671350e+00  4.669170e+00  4.670350e+00  4.674370e+00  4.682610e+00  
4.695140e+00  4.701740e+00  4.708040e+00  4.712560e+00  4.716710e+00  4.717730e+00  
4.718530e+00  4.718640e+00  4.718720e+00  4.718730e+00  4.718720e+00  4.718740e+00  
4.771710e+00  4.917490e+00  5.001540e+00  5.037860e+00  5.045830e+00  5.046520e+00  
5.043420e+00  5.036540e+00  5.025880e+00  5.010770e+00  4.990450e+00  4.966160e+00  
4.942890e+00  4.925040e+00  4.912400e+00  4.902760e+00  4.894480e+00  4.889850e+00  
4.890400e+00  4.891730e+00  4.893330e+00  4.894690e+00  4.896040e+00  4.896430e+00  
4.896750e+00  4.896800e+00  4.896830e+00  4.896820e+00  4.896820e+00  4.896850e+00  
5.345670e+00  5.510690e+00  5.593080e+00  5.612740e+00  5.597340e+00  5.576170e+00  
5.553590e+00  5.528640e+00  5.500020e+00  5.466450e+00  5.426550e+00  5.381660e+00  
5.337960e+00  5.300730e+00  5.269250e+00  5.239930e+00  5.210140e+00  5.183320e+00  
5.162820e+00  5.154510e+00  5.147270e+00  5.142430e+00  5.137860e+00  5.136860e+00  
5.136130e+00  5.136030e+00  5.135950e+00  5.135940e+00  5.135920e+00  5.135950e+00  
5.802470e+00  5.969380e+00  6.043180e+00  6.047130e+00  6.012320e+00  5.971420e+00  
5.929490e+00  5.885890e+00  5.839660e+00  5.789410e+00  5.733630e+00  5.673360e+00  
5.614420e+00  5.561640e+00  5.514100e+00  5.468000e+00  5.420640e+00  5.376030e+00  
5.338160e+00  5.321450e+00  5.306230e+00  5.295510e+00  5.285070e+00  5.282660e+00  
5.280810e+00  5.280560e+00  5.280380e+00  5.280360e+00  5.280320e+00  5.280350e+00  
6.644680e+00  6.782800e+00  6.821580e+00  6.787440e+00  6.711440e+00  6.625980e+00  
6.537680e+00  6.448700e+00  6.361440e+00  6.275140e+00  6.188680e+00  6.101670e+00  
6.016960e+00  5.936500e+00  5.859420e+00  5.782760e+00  5.704720e+00  5.629370e+00  
5.559880e+00  5.526520e+00  5.494670e+00  5.471220e+00  5.448700e+00  5.443230e+00  
5.438940e+00  5.438390e+00  5.437970e+00  5.437900e+00  5.437870e+00  5.437880e+00  
7.239830e+00  7.332660e+00  7.329660e+00  7.257890e+00  7.144660e+00  7.018450e+00  
6.887420e+00  6.757090e+00  6.633500e+00  6.517120e+00  6.407030e+00  6.301470e+00  
6.200190e+00  6.102060e+00  6.006360e+00  5.911040e+00  5.815030e+00  5.721520e+00  
5.631350e+00  5.585730e+00  5.540930e+00  5.507320e+00  5.476430e+00  5.468730e+00  
5.462600e+00  5.461840e+00  5.461260e+00  5.461160e+00  5.461110e+00  5.461090e+00  
8.064350e+00  8.032630e+00  7.944320e+00  7.816200e+00  7.653370e+00  7.463580e+00  
7.257920e+00  7.051700e+00  6.860980e+00  6.689970e+00  6.538140e+00  6.402780e+00  
6.280710e+00  6.166870e+00  6.057890e+00  5.946350e+00  5.826880e+00  5.705930e+00  
5.590980e+00  5.534610e+00  5.473800e+00  5.423220e+00  5.382890e+00  5.373020e+00  
5.364290e+00  5.363270e+00  5.362500e+00  5.362330e+00  5.362340e+00  5.362220e+00  
8.608350e+00  8.502320e+00  8.339080e+00  8.139940e+00  7.911050e+00  7.660970e+00  
7.401410e+00  7.148020e+00  6.916680e+00  6.711250e+00  6.530800e+00  6.371510e+00  
6.229140e+00  6.098100e+00  5.974440e+00  5.850180e+00  5.719150e+00  5.586280e+00  
5.457290e+00  5.393020e+00  5.324190e+00  5.267320e+00  5.220850e+00  5.209450e+00  
5.199480e+00  5.198310e+00  5.197430e+00  5.197240e+00  5.197230e+00  5.197100e+00  
9.013100e+00  8.835900e+00  8.604200e+00  8.342810e+00  8.058240e+00  7.759330e+00  
7.457550e+00  7.167750e+00  6.905330e+00  6.673260e+00  6.470180e+00  6.291200e+00  
6.131010e+00  5.983930e+00  5.845950e+00  5.709890e+00  5.569910e+00  5.429090e+00  
5.291350e+00  5.222980e+00  5.151540e+00  5.093480e+00  5.042770e+00  5.030300e+00  
5.019760e+00  5.018510e+00  5.017520e+00  5.017350e+00  5.017300e+00  5.017220e+00  
9.331520e+00  9.087050e+00  8.792970e+00  8.476780e+00  8.144780e+00  7.805630e+00  
7.470110e+00  7.151570e+00  6.864500e+00  6.611270e+00  6.389530e+00  6.193680e+00  
6.017290e+00  5.854930e+00  5.702770e+00  5.555200e+00  5.407430e+00  5.260570e+00  
5.116920e+00  5.046540e+00  4.975390e+00  4.918790e+00  4.864990e+00  4.851720e+00  
4.840990e+00  4.839700e+00  4.838620e+00  4.838480e+00  4.838390e+00  4.838370e+00  
9.748410e+00  9.496710e+00  9.107160e+00  8.653010e+00  8.190590e+00  7.768670e+00  
7.391580e+00  7.054770e+00  6.754310e+00  6.484600e+00  6.235010e+00  5.999120e+00  
5.781170e+00  5.585440e+00  5.408520e+00  5.244490e+00  5.086890e+00  4.929720e+00  
4.774400e+00  4.702850e+00  4.634020e+00  4.580220e+00  4.522250e+00  4.508430e+00  
4.497520e+00  4.496030e+00  4.494950e+00  4.494830e+00  4.494710e+00  4.494760e+00  
1.007087e+01  9.747440e+00  9.270850e+00  8.730020e+00  8.194630e+00  7.721600e+00  
7.310390e+00  6.949310e+00  6.626710e+00  6.334610e+00  6.060260e+00  5.797600e+00  
5.554220e+00  5.336900e+00  5.142330e+00  4.962950e+00  4.791650e+00  4.623040e+00  
4.460440e+00  4.387610e+00  4.318560e+00  4.264780e+00  4.205020e+00  4.190960e+00  
4.179900e+00  4.178370e+00  4.177270e+00  4.177150e+00  4.177020e+00  4.177100e+00  
1.076461e+01  1.003368e+01  9.341090e+00  8.710310e+00  8.135270e+00  7.610750e+00  
7.132400e+00  6.697990e+00  6.305640e+00  5.952130e+00  5.632810e+00  5.342010e+00  
5.073580e+00  4.824310e+00  4.595260e+00  4.384350e+00  4.189370e+00  4.001760e+00  
3.816110e+00  3.728040e+00  3.649550e+00  3.595570e+00  3.535960e+00  3.519740e+00  
3.508750e+00  3.507670e+00  3.506420e+00  3.506250e+00  3.506070e+00  3.506130e+00  
1.106930e+01  1.020356e+01  9.402530e+00  8.683240e+00  8.035580e+00  7.452500e+00  
6.927670e+00  6.456540e+00  6.036300e+00  5.660620e+00  5.322000e+00  5.012180e+00  
4.721170e+00  4.443520e+00  4.182810e+00  3.942540e+00  3.724160e+00  3.522340e+00  
3.333290e+00  3.243760e+00  3.155150e+00  3.087120e+00  3.028380e+00  3.014190e+00  
3.002480e+00  3.001120e+00  3.000020e+00  2.999830e+00  2.999750e+00  2.999640e+00  
1.151677e+01  1.041107e+01  9.440890e+00  8.597620e+00  7.858590e+00  7.209350e+00  
6.638300e+00  6.131460e+00  5.677620e+00  5.269140e+00  4.898370e+00  4.557570e+00  
4.237930e+00  3.934230e+00  3.648380e+00  3.383910e+00  3.140110e+00  2.913140e+00  
2.701940e+00  2.603300e+00  2.508800e+00  2.438760e+00  2.377600e+00  2.363010e+00  
2.351230e+00  2.349870e+00  2.348750e+00  2.348580e+00  2.348480e+00  2.348340e+00  
1.181113e+01  1.054945e+01  9.476810e+00  8.557770e+00  7.763590e+00  7.073430e+00  
6.472870e+00  5.943230e+00  5.467840e+00  5.038080e+00  4.646990e+00  4.287450e+00  
3.951550e+00  3.634260e+00  3.335820e+00  3.057620e+00  2.799440e+00  2.556960e+00  
2.330620e+00  2.225710e+00  2.128450e+00  2.058490e+00  1.993760e+00  1.978530e+00  
1.966720e+00  1.965340e+00  1.964150e+00  1.964020e+00  1.963860e+00  1.963840e+00  
1.203274e+01  1.066392e+01  9.525590e+00  8.555830e+00  7.724640e+00  7.006850e+00  
6.384900e+00  5.837870e+00  5.346370e+00  4.900970e+00  4.495120e+00  4.122190e+00  
3.774820e+00  3.448090e+00  3.141340e+00  2.854590e+00  2.587750e+00  2.336320e+00  
2.099530e+00  1.988920e+00  1.886490e+00  1.812950e+00  1.745430e+00  1.729750e+00  
1.717670e+00  1.716240e+00  1.715000e+00  1.714860e+00  1.714710e+00  1.714810e+00  
1.221241e+01  1.076567e+01  9.582880e+00  8.577310e+00  7.719650e+00  6.982670e+00  
6.345140e+00  5.784610e+00  5.280610e+00  4.823340e+00  4.406340e+00  4.023260e+00  
3.667030e+00  3.332790e+00  3.019450e+00  2.726340e+00  2.452960e+00  2.195210e+00  
1.950060e+00  1.834240e+00  1.726080e+00  1.647850e+00  1.577490e+00  1.561280e+00  
1.548690e+00  1.547210e+00  1.545910e+00  1.545760e+00  1.545620e+00  1.545770e+00  
1.249798e+01  1.094573e+01  9.708500e+00  8.658440e+00  7.767520e+00  7.007210e+00  
6.350270e+00  5.772010e+00  5.251200e+00  4.778000e+00  4.345950e+00  3.948680e+00  
3.579190e+00  3.232610e+00  2.907690e+00  2.603560e+00  2.318730e+00  2.049010e+00  
1.788620e+00  1.663320e+00  1.544660e+00  1.457490e+00  1.380020e+00  1.362060e+00  
1.347940e+00  1.346270e+00  1.344840e+00  1.344660e+00  1.344520e+00  1.344540e+00  
1.272120e+01  1.110284e+01  9.836570e+00  8.763220e+00  7.855570e+00  7.083000e+00  
6.415630e+00  5.827380e+00  5.296770e+00  4.814010e+00  4.372600e+00  3.965820e+00  
3.586350e+00  3.229210e+00  2.893450e+00  2.578590e+00  2.282600e+00  1.999620e+00  
1.723920e+00  1.589450e+00  1.460880e+00  1.365060e+00  1.278600e+00  1.258200e+00  
1.242070e+00  1.240180e+00  1.238570e+00  1.238370e+00  1.238200e+00  1.237990e+00  
1.310767e+01  1.141383e+01  1.012670e+01  9.036770e+00  8.120680e+00  7.336460e+00  
6.656560e+00  6.055210e+00  5.511710e+00  5.016160e+00  4.561470e+00  4.140110e+00  
3.743580e+00  3.366390e+00  3.008290e+00  2.669740e+00  2.347980e+00  2.032790e+00  
1.717680e+00  1.559830e+00  1.403710e+00  1.282220e+00  1.169210e+00  1.141740e+00  
1.119680e+00  1.117090e+00  1.114960e+00  1.114670e+00  1.114440e+00  1.114280e+00  
1.334861e+01  1.163848e+01  1.036483e+01  9.285060e+00  8.376910e+00  7.592450e+00  
6.908070e+00  6.300400e+00  5.750600e+00  5.248710e+00  4.787160e+00  4.357700e+00  
3.950830e+00  3.560430e+00  3.186410e+00  2.829500e+00  2.486200e+00  2.143290e+00  
1.790010e+00  1.608520e+00  1.421520e+00  1.269830e+00  1.127620e+00  1.093130e+00  
1.065450e+00  1.062080e+00  1.059190e+00  1.058830e+00  1.058580e+00  1.059100e+00  
1.362978e+01  1.192626e+01  1.070263e+01  9.669550e+00  8.790970e+00  8.023070e+00  
7.345310e+00  6.736980e+00  6.181120e+00  5.669420e+00  5.195990e+00  4.754370e+00  
4.337040e+00  3.937710e+00  3.552160e+00  3.174500e+00  2.796380e+00  2.404450e+00  
1.983330e+00  1.756820e+00  1.514290e+00  1.305130e+00  1.094110e+00  1.045940e+00  
1.012720e+00  1.008540e+00  1.002810e+00  1.001860e+00  1.002660e+00  1.004160e+00  
1.368008e+01  1.208437e+01  1.096099e+01  9.991200e+00  9.136840e+00  8.370430e+00  
7.681750e+00  7.060610e+00  6.498800e+00  5.988100e+00  5.520020e+00  5.084950e+00  
4.671090e+00  4.269230e+00  3.875200e+00  3.483180e+00  3.083030e+00  2.655360e+00  
2.177220e+00  1.911610e+00  1.622340e+00  1.367480e+00  1.088860e+00  1.018430e+00  
9.833100e-01  9.803000e-01  9.714200e-01  9.694800e-01  9.721900e-01  9.732400e-01  
1.376301e+01  1.218343e+01  1.110891e+01  1.018019e+01  9.354570e+00  8.609360e+00  
7.935890e+00  7.325120e+00  6.769790e+00  6.262540e+00  5.795680e+00  5.360350e+00  
4.945400e+00  4.541810e+00  4.144590e+00  3.746490e+00  3.334560e+00  2.883490e+00  
2.361840e+00  2.063050e+00  1.728860e+00  1.430150e+00  1.093430e+00  1.005330e+00  
9.639500e-01  9.608800e-01  9.500700e-01  9.476300e-01  9.514200e-01  9.515300e-01  
1.381187e+01  1.224601e+01  1.121540e+01  1.032026e+01  9.519930e+00  8.794180e+00  
8.135520e+00  7.535780e+00  6.988410e+00  6.486710e+00  6.023590e+00  5.590690e+00  
5.177490e+00  4.774970e+00  4.377570e+00  3.976870e+00  3.557540e+00  3.089200e+00  
2.532680e+00  2.206050e+00  1.833200e+00  1.494280e+00  1.104190e+00  9.993900e-01  
9.500200e-01  9.465200e-01  9.343300e-01  9.315600e-01  9.360500e-01  9.350400e-01  
1.384308e+01  1.230706e+01  1.135372e+01  1.051418e+01  9.758020e+00  9.066900e+00  
8.435420e+00  7.856650e+00  7.325360e+00  6.835940e+00  6.382410e+00  5.957560e+00  
5.552060e+00  5.157290e+00  4.766530e+00  4.368940e+00  3.944150e+00  3.450720e+00  
2.834450e+00  2.459220e+00  2.020500e+00  1.615340e+00  1.147940e+00  1.013460e+00  
9.221600e-01  9.176400e-01  9.180000e-01  9.160600e-01  9.075800e-01  9.115300e-01  
1.385348e+01  1.233789e+01  1.143903e+01  1.063937e+01  9.916230e+00  9.252630e+00  
8.644170e+00  8.084740e+00  7.569810e+00  7.094370e+00  6.653060e+00  6.239230e+00  
5.844110e+00  5.459240e+00  5.077280e+00  4.686050e+00  4.262110e+00  3.756820e+00  
3.103500e+00  2.693620e+00  2.202340e+00  1.736780e+00  1.188990e+00  1.027230e+00  
9.114800e-01  9.040600e-01  9.034300e-01  9.013800e-01  8.916500e-01  8.955500e-01  
1.390445e+01  1.239879e+01  1.156090e+01  1.081135e+01  1.013332e+01  9.512250e+00  
8.944230e+00  8.423690e+00  7.946370e+00  7.507320e+00  7.100990e+00  6.720100e+00  
6.354560e+00  5.994890e+00  5.634220e+00  5.260900e+00  4.852060e+00  4.358500e+00  
3.690010e+00  3.233740e+00  2.633190e+00  2.022680e+00  1.282590e+00  1.066540e+00  
9.117200e-01  8.934900e-01  8.760000e-01  8.741900e-01  8.743600e-01  8.719000e-01  
1.386600e+01  1.238753e+01  1.159987e+01  1.089326e+01  1.025238e+01  9.665010e+00  
9.127850e+00  8.636100e+00  8.185970e+00  7.773090e+00  7.392320e+00  7.036820e+00  
6.696710e+00  6.362550e+00  6.027090e+00  5.677630e+00  5.288480e+00  4.802890e+00  
4.117470e+00  3.636290e+00  2.989250e+00  2.303690e+00  1.403780e+00  1.126840e+00  
9.101100e-01  8.839900e-01  8.643100e-01  8.623300e-01  8.617800e-01  8.589700e-01  
1.377039e+01  1.233327e+01  1.161425e+01  1.096616e+01  1.037601e+01  9.834960e+00  
9.340260e+00  8.888220e+00  8.475880e+00  8.099820e+00  7.755850e+00  7.438200e+00  
7.138080e+00  6.846730e+00  6.556670e+00  6.253850e+00  5.908030e+00  5.449460e+00  
4.754230e+00  4.245720e+00  3.544280e+00  2.765870e+00  1.645760e+00  1.272690e+00  
9.260600e-01  8.789800e-01  8.496500e-01  8.474500e-01  8.421300e-01  8.451400e-01  
1.374622e+01  1.231866e+01  1.162645e+01  1.100225e+01  1.043517e+01  9.917450e+00  
9.446580e+00  9.019170e+00  8.632460e+00  8.283200e+00  7.967360e+00  7.679090e+00  
7.409270e+00  7.148970e+00  6.891460e+00  6.623610e+00  6.316200e+00  5.899410e+00  
5.240700e+00  4.737090e+00  4.011590e+00  3.163660e+00  1.855940e+00  1.398880e+00  
9.534700e-01  8.873100e-01  8.404400e-01  8.374800e-01  8.362700e-01  8.378100e-01  
1.372864e+01  1.230139e+01  1.162822e+01  1.102812e+01  1.048507e+01  9.986940e+00  
9.530430e+00  9.112620e+00  8.731670e+00  8.388990e+00  8.087920e+00  7.826000e+00  
7.589970e+00  7.365900e+00  7.142250e+00  6.899620e+00  6.607410e+00  6.209610e+00  
5.592540e+00  5.121610e+00  4.425760e+00  3.550380e+00  2.064170e+00  1.511800e+00  
9.659200e-01  8.911400e-01  8.431400e-01  8.401100e-01  8.341800e-01  8.332800e-01  
1.369280e+01  1.229948e+01  1.164495e+01  1.105277e+01  1.051380e+01  1.002143e+01  
9.573770e+00  9.168910e+00  8.805440e+00  8.481950e+00  8.196840e+00  7.946490e+00  
7.723350e+00  7.517830e+00  7.317780e+00  7.103330e+00  6.843130e+00  6.478300e+00  
5.891060e+00  5.432680e+00  4.744390e+00  3.854900e+00  2.259460e+00  1.629350e+00  
9.918000e-01  9.024200e-01  8.418200e-01  8.375400e-01  8.306900e-01  8.302100e-01  
1.367879e+01  1.230396e+01  1.165983e+01  1.107721e+01  1.054901e+01  1.007012e+01  
9.638460e+00  9.251730e+00  8.908080e+00  8.605310e+00  8.340680e+00  8.109840e+00  
7.905440e+00  7.720490e+00  7.550360e+00  7.383930e+00  7.191850e+00  6.895770e+00  
6.355180e+00  5.914160e+00  5.249450e+00  4.362550e+00  2.606810e+00  1.858280e+00  
1.045960e+00  9.252300e-01  8.416700e-01  8.351800e-01  8.281000e-01  8.263200e-01  
1.364415e+01  1.229855e+01  1.167159e+01  1.110258e+01  1.058569e+01  1.011636e+01  
9.693070e+00  9.314020e+00  8.977840e+00  8.683180e+00  8.428440e+00  8.211040e+00  
8.026170e+00  7.867860e+00  7.728200e+00  7.587870e+00  7.415730e+00  7.156830e+00  
6.687010e+00  6.284080e+00  5.645600e+00  4.765190e+00  2.922800e+00  2.056920e+00  
1.100930e+00  9.574800e-01  8.437100e-01  8.329100e-01  8.238000e-01  8.239500e-01  
1.361452e+01  1.231338e+01  1.170412e+01  1.114868e+01  1.064273e+01  1.018323e+01  
9.769520e+00  9.400930e+00  9.077040e+00  8.797000e+00  8.559540e+00  8.362450e+00  
8.201250e+00  8.071180e+00  7.967250e+00  7.875080e+00  7.768960e+00  7.597010e+00  
7.243560e+00  6.911160e+00  6.337000e+00  5.489300e+00  3.553800e+00  2.531150e+00  
1.235290e+00  1.024550e+00  8.518700e-01  8.356300e-01  8.223300e-01  8.207400e-01  
1.357814e+01  1.232413e+01  1.172219e+01  1.117324e+01  1.067308e+01  1.021954e+01  
9.811880e+00  9.449630e+00  9.132500e+00  8.859960e+00  8.631160e+00  8.444430e+00  
8.296080e+00  8.182320e+00  8.099290e+00  8.034340e+00  7.964990e+00  7.846730e+00  
7.576840e+00  7.303940e+00  6.804580e+00  6.019030e+00  4.043700e+00  2.905160e+00  
1.367840e+00  1.103750e+00  8.641500e-01  8.352500e-01  8.200900e-01  8.191400e-01  
1.347243e+01  1.233189e+01  1.173814e+01  1.119601e+01  1.070205e+01  1.025466e+01  
9.853240e+00  9.497580e+00  9.187670e+00  8.923280e+00  8.703940e+00  8.528580e+00  
8.394120e+00  8.297890e+00  8.237960e+00  8.204860e+00  8.181440e+00  8.132660e+00  
7.972680e+00  7.778490e+00  7.380350e+00  6.700610e+00  4.789670e+00  3.530820e+00  
1.608250e+00  1.247080e+00  8.912500e-01  8.430700e-01  8.213100e-01  8.175200e-01  
1.337891e+01  1.233273e+01  1.174299e+01  1.120438e+01  1.071373e+01  1.026981e+01  
9.871940e+00  9.520070e+00  9.214450e+00  8.954900e+00  8.741150e+00  8.572270e+00  
8.445400e+00  8.358360e+00  8.310390e+00  8.293980e+00  8.295570e+00  8.287230e+00  
8.196790e+00  8.056250e+00  7.732720e+00  7.139960e+00  5.330940e+00  4.024630e+00  
1.827760e+00  1.381660e+00  9.201300e-01  8.538500e-01  8.234800e-01  8.167000e-01  
1.331268e+01  1.233466e+01  1.174660e+01  1.120887e+01  1.071906e+01  1.027659e+01  
9.880820e+00  9.531800e+00  9.229780e+00  8.974150e+00  8.763830e+00  8.597940e+00  
8.475090e+00  8.394390e+00  8.355380e+00  8.350420e+00  8.367910e+00  8.388590e+00  
8.345270e+00  8.236060e+00  7.966040e+00  7.452360e+00  5.757710e+00  4.421010e+00  
2.027750e+00  1.509350e+00  9.493000e-01  8.653400e-01  8.281900e-01  8.162100e-01  
1.326338e+01  1.233605e+01  1.175034e+01  1.121276e+01  1.072293e+01  1.028148e+01  
9.887620e+00  9.540680e+00  9.240360e+00  8.986450e+00  8.778700e+00  8.616560e+00  
8.497810e+00  8.421070e+00  8.386610e+00  8.388350e+00  8.416310e+00  8.452040e+00  
8.443800e+00  8.372060e+00  8.150540e+00  7.671630e+00  6.051070e+00  4.791410e+00  
2.227660e+00  1.622380e+00  9.779800e-01  8.839300e-01  8.248400e-01  8.158800e-01  
1.320368e+01  1.233731e+01  1.175391e+01  1.121757e+01  1.072895e+01  1.028915e+01  
9.897400e+00  9.552920e+00  9.255160e+00  9.003940e+00  8.799140e+00  8.640320e+00  
8.525640e+00  8.454100e+00  8.426620e+00  8.438020e+00  8.480290e+00  8.539190e+00  
8.573200e+00  8.539940e+00  8.387460e+00  8.003390e+00  6.541990e+00  5.327910e+00  
2.587310e+00  1.846140e+00  1.036770e+00  9.117500e-01  8.292300e-01  8.154700e-01  
1.316740e+01  1.233786e+01  1.175571e+01  1.122088e+01  1.073359e+01  1.029496e+01  
9.904270e+00  9.560840e+00  9.264330e+00  9.014620e+00  8.811610e+00  8.654880e+00  
8.542790e+00  8.474530e+00  8.451420e+00  8.468760e+00  8.519810e+00  8.593330e+00  
8.653880e+00  8.645010e+00  8.539610e+00  8.225970e+00  6.900250e+00  5.740560e+00  
2.903610e+00  2.050330e+00  1.094390e+00  9.406300e-01  8.340500e-01  8.152200e-01  
1.311340e+01  1.233845e+01  1.175784e+01  1.122549e+01  1.074079e+01  1.030396e+01  
9.914410e+00  9.571990e+00  9.276830e+00  9.028960e+00  8.828340e+00  8.674580e+00  
8.566170e+00  8.502510e+00  8.485270e+00  8.510660e+00  8.573680e+00  8.667590e+00  
8.765480e+00  8.791200e+00  8.755360e+00  8.555920e+00  7.491550e+00  6.463520e+00  
3.556100e+00  2.503430e+00  1.232940e+00  1.014610e+00  8.470000e-01  8.148900e-01  
1.308230e+01  1.233718e+01  1.175750e+01  1.122740e+01  1.074520e+01  1.030989e+01  
9.921100e+00  9.578870e+00  9.283660e+00  9.035800e+00  8.835570e+00  8.682960e+00  
8.576590e+00  8.516060e+00  8.503050e+00  8.533740e+00  8.603020e+00  8.704520e+00  
8.821870e+00  8.870770e+00  8.869970e+00  8.733830e+00  7.871060e+00  6.926550e+00  
4.061270e+00  2.903630e+00  1.365370e+00  1.088130e+00  8.593300e-01  8.147200e-01  
1.304850e+01  1.233739e+01  1.175836e+01  1.122892e+01  1.074751e+01  1.031314e+01  
9.925320e+00  9.584050e+00  9.289740e+00  9.042790e+00  8.843630e+00  8.692530e+00  
8.588440e+00  8.531150e+00  8.521780e+00  8.555250e+00  8.627190e+00  8.739810e+00  
8.889070e+00  8.962580e+00  8.987360e+00  8.885540e+00  8.296720e+00  7.653940e+00  
4.789340e+00  3.473560e+00  1.609340e+00  1.249360e+00  8.881400e-01  8.145600e-01  
1.305141e+01  1.234613e+01  1.175919e+01  1.122503e+01  1.074158e+01  1.030737e+01  
9.921460e+00  9.583140e+00  9.292050e+00  9.048070e+00  8.851010e+00  8.700080e+00  
8.592590e+00  8.528450e+00  8.514070e+00  8.556260e+00  8.656310e+00  8.789410e+00  
8.922150e+00  8.985070e+00  9.038590e+00  9.024660e+00  8.555910e+00  7.908040e+00  
5.368450e+00  4.027770e+00  1.828000e+00  1.368660e+00  9.172400e-01  8.144800e-01  
1.303928e+01  1.234554e+01  1.175900e+01  1.122510e+01  1.074187e+01  1.030803e+01  
9.922430e+00  9.584400e+00  9.293650e+00  9.050040e+00  8.853430e+00  8.702980e+00  
8.596100e+00  8.532740e+00  8.519370e+00  8.562970e+00  8.665110e+00  8.801510e+00  
8.940730e+00  9.010050e+00  9.076210e+00  9.087150e+00  8.716290e+00  8.158090e+00  
5.784120e+00  4.429620e+00  2.050440e+00  1.498220e+00  9.465700e-01  8.144300e-01  
1.300730e+01  1.233887e+01  1.176142e+01  1.123074e+01  1.074754e+01  1.031276e+01  
9.925940e+00  9.586700e+00  9.294930e+00  9.050650e+00  8.853870e+00  8.704420e+00  
8.601320e+00  8.544680e+00  8.536890e+00  8.575480e+00  8.658130e+00  8.784480e+00  
8.946080e+00  9.032670e+00  9.111640e+00  9.131700e+00  8.821570e+00  8.342910e+00  
6.116790e+00  4.764590e+00  2.258440e+00  1.621770e+00  9.764800e-01  8.144000e-01  
1.299749e+01  1.233838e+01  1.176113e+01  1.123120e+01  1.074883e+01  1.031448e+01  
9.927700e+00  9.588350e+00  9.296590e+00  9.052460e+00  8.855980e+00  8.706940e+00  
8.604370e+00  8.548380e+00  8.541370e+00  8.581080e+00  8.665380e+00  8.794470e+00  
8.961870e+00  9.054200e+00  9.143580e+00  9.184440e+00  8.969590e+00  8.585840e+00  
6.611640e+00  5.305950e+00  2.627290e+00  1.882230e+00  1.034600e+00  8.143600e-01  
1.299275e+01  1.233702e+01  1.176014e+01  1.123223e+01  1.075198e+01  1.031859e+01  
9.931760e+00  9.591590e+00  9.298620e+00  9.053270e+00  8.855970e+00  8.706890e+00  
8.604930e+00  8.550120e+00  8.544730e+00  8.586060e+00  8.671250e+00  8.799160e+00  
8.969010e+00  9.068460e+00  9.163870e+00  9.215720e+00  9.069150e+00  8.735540e+00  
6.960210e+00  5.737010e+00  2.952070e+00  2.102800e+00  1.092310e+00  8.143300e-01  
