4.083700e-01  4.309400e-01  4.545300e-01  4.791800e-01  5.048600e-01  5.314600e-01  
5.588300e-01  5.867500e-01  6.148900e-01  6.428900e-01  6.703300e-01  6.967300e-01  
7.215500e-01  7.447200e-01  7.676200e-01  7.943700e-01  8.287500e-01  8.679000e-01  
9.031000e-01  9.156600e-01  9.267300e-01  9.367900e-01  9.571900e-01  9.644000e-01  
9.692700e-01  9.697800e-01  9.702800e-01  9.703600e-01  9.703400e-01  9.715500e-01  
6.134600e-01  6.428600e-01  6.731800e-01  7.045300e-01  7.368600e-01  7.701100e-01  
8.041600e-01  8.389100e-01  8.742100e-01  9.099200e-01  9.458800e-01  9.820300e-01  
1.018490e+00  1.055320e+00  1.092290e+00  1.129330e+00  1.167100e+00  1.209000e+00  
1.258800e+00  1.285630e+00  1.310010e+00  1.326410e+00  1.345740e+00  1.351380e+00  
1.354380e+00  1.354630e+00  1.355410e+00  1.355710e+00  1.355800e+00  1.336730e+00  
8.074000e-01  8.431600e-01  8.798900e-01  9.177700e-01  9.567600e-01  9.967600e-01  
1.037660e+00  1.079330e+00  1.121600e+00  1.164310e+00  1.207270e+00  1.250390e+00  
1.293760e+00  1.337420e+00  1.381090e+00  1.424640e+00  1.468860e+00  1.517760e+00  
1.576110e+00  1.608260e+00  1.639170e+00  1.661340e+00  1.682740e+00  1.686980e+00  
1.690180e+00  1.690650e+00  1.691390e+00  1.691660e+00  1.691750e+00  1.671570e+00  
1.160510e+00  1.209510e+00  1.259240e+00  1.310010e+00  1.361650e+00  1.413950e+00  
1.466650e+00  1.519490e+00  1.572150e+00  1.624410e+00  1.676010e+00  1.726920e+00  
1.777590e+00  1.828360e+00  1.878970e+00  1.929410e+00  1.980780e+00  2.038110e+00  
2.107330e+00  2.145590e+00  2.181990e+00  2.207770e+00  2.233770e+00  2.239630e+00  
2.244240e+00  2.244880e+00  2.245560e+00  2.245670e+00  2.245720e+00  2.241240e+00  
1.475790e+00  1.536920e+00  1.598290e+00  1.660240e+00  1.722460e+00  1.784560e+00  
1.846150e+00  1.906740e+00  1.965900e+00  2.023260e+00  2.078640e+00  2.132180e+00  
2.184890e+00  2.237700e+00  2.290490e+00  2.343390e+00  2.397780e+00  2.459140e+00  
2.533540e+00  2.574130e+00  2.611000e+00  2.635800e+00  2.665320e+00  2.674330e+00  
2.680340e+00  2.680920e+00  2.681570e+00  2.681530e+00  2.681570e+00  2.693960e+00  
1.761050e+00  1.832540e+00  1.903590e+00  1.974600e+00  2.045120e+00  2.114580e+00  
2.182420e+00  2.247980e+00  2.310720e+00  2.370170e+00  2.426270e+00  2.479400e+00  
2.531230e+00  2.583340e+00  2.635770e+00  2.688820e+00  2.744060e+00  2.806940e+00  
2.883040e+00  2.923810e+00  2.958970e+00  2.981180e+00  3.012900e+00  3.024880e+00  
3.031880e+00  3.032330e+00  3.032950e+00  3.032830e+00  3.032860e+00  3.057300e+00  
2.014240e+00  2.103140e+00  2.187650e+00  2.268050e+00  2.343750e+00  2.414470e+00  
2.480460e+00  2.542800e+00  2.603230e+00  2.661960e+00  2.718850e+00  2.773820e+00  
2.827450e+00  2.880410e+00  2.933130e+00  2.987110e+00  3.044220e+00  3.105910e+00  
3.173170e+00  3.208120e+00  3.242140e+00  3.268140e+00  3.299790e+00  3.311430e+00  
3.320210e+00  3.321090e+00  3.321230e+00  3.320700e+00  3.320940e+00  3.351450e+00  
2.468910e+00  2.577970e+00  2.677990e+00  2.769190e+00  2.850790e+00  2.922780e+00  
2.986170e+00  3.043610e+00  3.098940e+00  3.152940e+00  3.205640e+00  3.256890e+00  
3.307130e+00  3.356850e+00  3.406360e+00  3.456810e+00  3.509600e+00  3.565790e+00  
3.625930e+00  3.656720e+00  3.686570e+00  3.709680e+00  3.740060e+00  3.752050e+00  
3.760930e+00  3.761680e+00  3.761750e+00  3.761320e+00  3.761510e+00  3.787200e+00  
2.863860e+00  2.986660e+00  3.095920e+00  3.191840e+00  3.273700e+00  3.341800e+00  
3.398080e+00  3.446720e+00  3.493570e+00  3.539990e+00  3.586110e+00  3.631770e+00  
3.677160e+00  3.722470e+00  3.767800e+00  3.813700e+00  3.860850e+00  3.910030e+00  
3.961640e+00  3.987940e+00  4.014100e+00  4.035170e+00  4.062300e+00  4.072550e+00  
4.080160e+00  4.080710e+00  4.080860e+00  4.080780e+00  4.080830e+00  4.089680e+00  
3.672550e+00  3.811390e+00  3.926870e+00  4.019780e+00  4.089750e+00  4.138290e+00  
4.169380e+00  4.190550e+00  4.211580e+00  4.234980e+00  4.261220e+00  4.290380e+00  
4.322290e+00  4.356500e+00  4.391580e+00  4.424120e+00  4.451860e+00  4.479870e+00  
4.514350e+00  4.533840e+00  4.552890e+00  4.567850e+00  4.586610e+00  4.590960e+00  
4.594690e+00  4.595030e+00  4.595310e+00  4.595620e+00  4.595760e+00  4.563480e+00  
4.315990e+00  4.451040e+00  4.556670e+00  4.634700e+00  4.685370e+00  4.711110e+00  
4.717230e+00  4.712960e+00  4.709900e+00  4.711180e+00  4.717440e+00  4.729020e+00  
4.745740e+00  4.766920e+00  4.790090e+00  4.809190e+00  4.820030e+00  4.830610e+00  
4.851110e+00  4.865210e+00  4.879120e+00  4.890090e+00  4.902720e+00  4.902140e+00  
4.903940e+00  4.904440e+00  4.904580e+00  4.904910e+00  4.905110e+00  4.857220e+00  
5.304510e+00  5.407400e+00  5.475470e+00  5.512860e+00  5.520950e+00  5.503250e+00  
5.466270e+00  5.420350e+00  5.377800e+00  5.342230e+00  5.314280e+00  5.294220e+00  
5.281930e+00  5.276280e+00  5.274210e+00  5.268030e+00  5.252600e+00  5.238360e+00  
5.238720e+00  5.244760e+00  5.250690e+00  5.255040e+00  5.260440e+00  5.257500e+00  
5.257650e+00  5.258130e+00  5.258200e+00  5.258330e+00  5.258510e+00  5.226360e+00  
6.048150e+00  6.110630e+00  6.136820e+00  6.132860e+00  6.100880e+00  6.045040e+00  
5.972180e+00  5.892790e+00  5.818920e+00  5.754130e+00  5.698950e+00  5.653200e+00  
5.616590e+00  5.587460e+00  5.562850e+00  5.535270e+00  5.499970e+00  5.467590e+00  
5.451950e+00  5.450970e+00  5.450080e+00  5.448960e+00  5.449360e+00  5.446620e+00  
5.446040e+00  5.446360e+00  5.446410e+00  5.446370e+00  5.446480e+00  5.438130e+00  
6.638460e+00  6.662480e+00  6.649870e+00  6.608420e+00  6.540770e+00  6.451540e+00  
6.347820e+00  6.240000e+00  6.140080e+00  6.051320e+00  5.974110e+00  5.907670e+00  
5.851190e+00  5.802460e+00  5.758770e+00  5.713310e+00  5.661930e+00  5.614640e+00  
5.584540e+00  5.576740e+00  5.569490e+00  5.563640e+00  5.559590e+00  5.556970e+00  
5.555770e+00  5.555960e+00  5.555980e+00  5.555810e+00  5.555870e+00  5.562890e+00  
7.248610e+00  7.145240e+00  7.035800e+00  6.927780e+00  6.821110e+00  6.715930e+00  
6.612360e+00  6.510480e+00  6.410640e+00  6.313450e+00  6.219460e+00  6.128740e+00  
6.042360e+00  5.960970e+00  5.885540e+00  5.817460e+00  5.758100e+00  5.707440e+00  
5.668400e+00  5.657090e+00  5.654500e+00  5.656050e+00  5.629030e+00  5.612120e+00  
5.618690e+00  5.622490e+00  5.621380e+00  5.620100e+00  5.622160e+00  5.634080e+00  
7.880770e+00  7.810050e+00  7.702780e+00  7.570200e+00  7.416020e+00  7.245960e+00  
7.067930e+00  6.892630e+00  6.732320e+00  6.590000e+00  6.464670e+00  6.354100e+00  
6.254810e+00  6.163490e+00  6.077800e+00  5.993170e+00  5.906890e+00  5.825700e+00  
5.759250e+00  5.733040e+00  5.709200e+00  5.691970e+00  5.675760e+00  5.670930e+00  
5.667730e+00  5.667570e+00  5.667360e+00  5.667190e+00  5.667150e+00  5.680170e+00  
8.417780e+00  8.360400e+00  8.207180e+00  7.994280e+00  7.757480e+00  7.530780e+00  
7.320200e+00  7.126480e+00  6.950300e+00  6.790390e+00  6.642780e+00  6.504680e+00  
6.376550e+00  6.259150e+00  6.151140e+00  6.049450e+00  5.951400e+00  5.857580e+00  
5.772050e+00  5.735360e+00  5.702950e+00  5.680770e+00  5.657500e+00  5.650640e+00  
5.645940e+00  5.645670e+00  5.645360e+00  5.645110e+00  5.645210e+00  5.653260e+00  
9.375710e+00  9.203010e+00  8.934820e+00  8.612080e+00  8.273550e+00  7.954720e+00  
7.662760e+00  7.400600e+00  7.170310e+00  6.965070e+00  6.772230e+00  6.585640e+00  
6.412600e+00  6.259130e+00  6.123040e+00  5.996250e+00  5.872090e+00  5.751750e+00  
5.641000e+00  5.592260e+00  5.546020e+00  5.511450e+00  5.476270e+00  5.463920e+00  
5.456360e+00  5.455960e+00  5.455330e+00  5.455090e+00  5.455150e+00  5.454440e+00  
9.980770e+00  9.697310e+00  9.328110e+00  8.916110e+00  8.501320e+00  8.119030e+00  
7.773280e+00  7.462710e+00  7.185830e+00  6.937130e+00  6.708370e+00  6.494930e+00  
6.299050e+00  6.122600e+00  5.964630e+00  5.819270e+00  5.681500e+00  5.550600e+00  
5.427870e+00  5.370940e+00  5.316160e+00  5.274770e+00  5.231140e+00  5.215390e+00  
5.205750e+00  5.205240e+00  5.204440e+00  5.204140e+00  5.204220e+00  5.201700e+00  
1.079827e+01  1.019980e+01  9.640060e+00  9.121910e+00  8.641780e+00  8.198100e+00  
7.789990e+00  7.415680e+00  7.074020e+00  6.763440e+00  6.481820e+00  6.226860e+00  
5.995260e+00  5.785150e+00  5.597790e+00  5.433990e+00  5.289810e+00  5.149790e+00  
4.999680e+00  4.924200e+00  4.856450e+00  4.810010e+00  4.756550e+00  4.740890e+00  
4.729800e+00  4.728840e+00  4.727800e+00  4.727530e+00  4.727660e+00  4.724430e+00  
1.116591e+01  1.045779e+01  9.807430e+00  9.210860e+00  8.663250e+00  8.161600e+00  
7.704470e+00  7.289020e+00  6.912550e+00  6.572410e+00  6.265690e+00  5.988870e+00  
5.737230e+00  5.507680e+00  5.300980e+00  5.117750e+00  4.954560e+00  4.796260e+00  
4.629580e+00  4.545930e+00  4.468620e+00  4.413620e+00  4.355960e+00  4.341860e+00  
4.331750e+00  4.330500e+00  4.329120e+00  4.329010e+00  4.328870e+00  4.326520e+00  
1.137578e+01  1.059007e+01  9.878580e+00  9.229410e+00  8.637490e+00  8.098530e+00  
7.610080e+00  7.168510e+00  6.770040e+00  6.411130e+00  6.088090e+00  5.796490e+00  
5.530440e+00  5.285850e+00  5.063110e+00  4.862400e+00  4.681180e+00  4.505600e+00  
4.323930e+00  4.232920e+00  4.146440e+00  4.082940e+00  4.022440e+00  4.010660e+00  
4.001210e+00  3.999580e+00  3.997970e+00  3.998000e+00  3.997630e+00  3.997470e+00  
1.150195e+01  1.065861e+01  9.903520e+00  9.217000e+00  8.594140e+00  8.029750e+00  
7.520050e+00  7.060700e+00  6.647270e+00  6.275550e+00  5.941210e+00  5.639160e+00  
5.362500e+00  5.106490e+00  4.871180e+00  4.656440e+00  4.459910e+00  4.269350e+00  
4.073930e+00  3.976040e+00  3.881580e+00  3.810960e+00  3.746450e+00  3.735310e+00  
3.725310e+00  3.723360e+00  3.721640e+00  3.721720e+00  3.721220e+00  3.722830e+00  
1.163671e+01  1.069369e+01  9.872120e+00  9.136440e+00  8.479070e+00  7.891500e+00  
7.365090e+00  6.891500e+00  6.463010e+00  6.074850e+00  5.722980e+00  5.402850e+00  
5.108490e+00  4.835250e+00  4.581480e+00  4.344130e+00  4.120150e+00  3.906560e+00  
3.699090e+00  3.596070e+00  3.488980e+00  3.401460e+00  3.323870e+00  3.308350e+00  
3.294120e+00  3.291850e+00  3.289880e+00  3.289680e+00  3.289370e+00  3.291360e+00  
1.167741e+01  1.068612e+01  9.831210e+00  9.066920e+00  8.385690e+00  7.778200e+00  
7.234830e+00  6.746810e+00  6.306360e+00  5.908430e+00  5.548560e+00  5.221690e+00  
4.921340e+00  4.642280e+00  4.381890e+00  4.135640e+00  3.898990e+00  3.668420e+00  
3.439840e+00  3.325380e+00  3.208870e+00  3.114910e+00  3.022260e+00  2.997920e+00  
2.977300e+00  2.974870e+00  2.973110e+00  2.972860e+00  2.972610e+00  2.972790e+00  
1.163280e+01  1.059351e+01  9.709690e+00  8.919400e+00  8.216290e+00  7.587680e+00  
7.024990e+00  6.520110e+00  6.066140e+00  5.657800e+00  5.290120e+00  4.957580e+00  
4.653310e+00  4.371210e+00  4.106850e+00  3.852500e+00  3.600280e+00  3.343850e+00  
3.077330e+00  2.939030e+00  2.797340e+00  2.681510e+00  2.560170e+00  2.526380e+00  
2.499420e+00  2.496600e+00  2.494500e+00  2.494150e+00  2.493950e+00  2.492450e+00  
1.153832e+01  1.049028e+01  9.607200e+00  8.816710e+00  8.112800e+00  7.481100e+00  
6.914620e+00  6.406520e+00  5.951040e+00  5.542570e+00  5.175440e+00  4.843200e+00  
4.537840e+00  4.253140e+00  3.986680e+00  3.734460e+00  3.487440e+00  3.223250e+00  
2.920270e+00  2.754460e+00  2.584690e+00  2.446750e+00  2.306940e+00  2.275730e+00  
2.250700e+00  2.247300e+00  2.244260e+00  2.244010e+00  2.243580e+00  2.247410e+00  
1.129687e+01  1.026871e+01  9.420720e+00  8.664460e+00  7.989020e+00  7.380810e+00  
6.833450e+00  6.340650e+00  5.897010e+00  5.497120e+00  5.135350e+00  4.805210e+00  
4.498390e+00  4.208470e+00  3.932990e+00  3.668080e+00  3.405450e+00  3.125310e+00  
2.803200e+00  2.618720e+00  2.411410e+00  2.226080e+00  2.042050e+00  2.008160e+00  
1.999650e+00  1.999050e+00  1.991630e+00  1.989450e+00  1.991210e+00  2.019510e+00  
1.109484e+01  1.010430e+01  9.300880e+00  8.583660e+00  7.938310e+00  7.353830e+00  
6.824730e+00  6.345670e+00  5.911950e+00  5.518890e+00  5.161590e+00  4.834300e+00  
4.529760e+00  4.242020e+00  3.968180e+00  3.703380e+00  3.437330e+00  3.145730e+00  
2.797250e+00  2.590760e+00  2.352990e+00  2.136080e+00  1.916080e+00  1.875660e+00  
1.878010e+00  1.879880e+00  1.869480e+00  1.865900e+00  1.869460e+00  1.916920e+00  
1.093747e+01  9.981530e+00  9.218820e+00  8.536060e+00  7.917900e+00  7.355240e+00  
6.843420e+00  6.377740e+00  5.954150e+00  5.568550e+00  5.216590e+00  4.893190e+00  
4.591830e+00  4.306960e+00  4.035390e+00  3.771570e+00  3.503720e+00  3.204140e+00  
2.835930e+00  2.612230e+00  2.349070e+00  2.105130e+00  1.850040e+00  1.801110e+00  
1.810760e+00  1.814700e+00  1.802000e+00  1.797430e+00  1.802440e+00  1.856350e+00  
1.081385e+01  9.887730e+00  9.160660e+00  8.507100e+00  7.912690e+00  7.369320e+00  
6.873070e+00  6.419750e+00  6.005810e+00  5.627600e+00  5.281260e+00  4.962190e+00  
4.664450e+00  4.382840e+00  4.113920e+00  3.851670e+00  3.583130e+00  3.277920e+00  
2.894380e+00  2.656600e+00  2.371900e+00  2.103640e+00  1.814650e+00  1.756230e+00  
1.770160e+00  1.775750e+00  1.761260e+00  1.755970e+00  1.762130e+00  1.816030e+00  
1.062979e+01  9.753170e+00  9.085040e+00  8.478810e+00  7.923700e+00  7.412700e+00  
6.942900e+00  6.510970e+00  6.114110e+00  5.749420e+00  5.413790e+00  5.103470e+00  
4.813500e+00  4.539200e+00  4.276780e+00  4.019200e+00  3.751210e+00  3.436910e+00  
3.026330e+00  2.764840e+00  2.446460e+00  2.142020e+00  1.803890e+00  1.723880e+00  
1.710000e+00  1.720110e+00  1.725480e+00  1.721250e+00  1.713870e+00  1.766190e+00  
1.051065e+01  9.669490e+00  9.043500e+00  8.471470e+00  7.945310e+00  7.458740e+00  
7.009440e+00  6.594640e+00  6.212020e+00  5.859180e+00  5.533500e+00  5.231770e+00  
4.949690e+00  4.682990e+00  4.427670e+00  4.176190e+00  3.911940e+00  3.595350e+00  
3.169290e+00  2.890520e+00  2.542960e+00  2.202400e+00  1.810710e+00  1.711390e+00  
1.686370e+00  1.697480e+00  1.705510e+00  1.700900e+00  1.689600e+00  1.736730e+00  
1.039657e+01  9.627540e+00  9.045520e+00  8.489680e+00  7.974460e+00  7.510900e+00  
7.096960e+00  6.727040e+00  6.394940e+00  6.090540e+00  5.800170e+00  5.515260e+00  
5.236460e+00  4.965230e+00  4.703700e+00  4.455430e+00  4.215980e+00  3.954130e+00  
3.569770e+00  3.259500e+00  2.815710e+00  2.345640e+00  1.826470e+00  1.727680e+00  
1.686190e+00  1.681150e+00  1.670340e+00  1.668000e+00  1.672610e+00  1.697420e+00  
1.033219e+01  9.588140e+00  9.046810e+00  8.529760e+00  8.043030e+00  7.593310e+00  
7.186430e+00  6.828660e+00  6.523720e+00  6.252780e+00  5.984190e+00  5.704680e+00  
5.434320e+00  5.186280e+00  4.952490e+00  4.714870e+00  4.463110e+00  4.212790e+00  
3.858060e+00  3.535360e+00  3.073120e+00  2.549680e+00  1.876960e+00  1.762900e+00  
1.688460e+00  1.672260e+00  1.659130e+00  1.660070e+00  1.655050e+00  1.677760e+00  
1.029819e+01  9.581010e+00  9.074690e+00  8.589080e+00  8.131580e+00  7.709920e+00  
7.328470e+00  6.991500e+00  6.701740e+00  6.445830e+00  6.201040e+00  5.956150e+00  
5.721520e+00  5.503800e+00  5.297190e+00  5.088220e+00  4.864940e+00  4.623930e+00  
4.275850e+00  3.969880e+00  3.493210e+00  2.904440e+00  2.046100e+00  1.835570e+00  
1.687730e+00  1.667180e+00  1.650790e+00  1.649750e+00  1.646050e+00  1.658350e+00  
1.031400e+01  9.595340e+00  9.100620e+00  8.630700e+00  8.190960e+00  7.786950e+00  
7.421240e+00  7.096280e+00  6.813620e+00  6.564450e+00  6.333760e+00  6.113010e+00  
5.906130e+00  5.714930e+00  5.534160e+00  5.351590e+00  5.152950e+00  4.922860e+00  
4.580690e+00  4.288170e+00  3.818580e+00  3.206360e+00  2.211920e+00  1.916640e+00  
1.693250e+00  1.666060e+00  1.646100e+00  1.643590e+00  1.640810e+00  1.648550e+00  
1.033836e+01  9.612410e+00  9.121310e+00  8.660420e+00  8.232530e+00  7.840590e+00  
7.485670e+00  7.168740e+00  6.890350e+00  6.645050e+00  6.423770e+00  6.220460e+00  
6.034820e+00  5.865390e+00  5.706870e+00  5.547080e+00  5.369590e+00  5.151380e+00  
4.815750e+00  4.533910e+00  4.079000e+00  3.463540e+00  2.367940e+00  1.998470e+00  
1.701960e+00  1.666920e+00  1.642850e+00  1.639240e+00  1.636970e+00  1.642640e+00  
1.035923e+01  9.627860e+00  9.137500e+00  8.681700e+00  8.261740e+00  7.878980e+00  
7.532840e+00  7.222390e+00  6.946670e+00  6.703300e+00  6.488870e+00  6.299610e+00  
6.131160e+00  5.978690e+00  5.836950e+00  5.693870e+00  5.533050e+00  5.331610e+00  
5.016820e+00  4.746120e+00  4.289790e+00  3.657070e+00  2.509130e+00  2.094760e+00  
1.713920e+00  1.665920e+00  1.640570e+00  1.638150e+00  1.628440e+00  1.638720e+00  
1.038267e+01  9.645920e+00  9.158380e+00  8.711730e+00  8.303190e+00  7.930760e+00  
7.593440e+00  7.290570e+00  7.021460e+00  6.785220e+00  6.580660e+00  6.405910e+00  
6.257420e+00  6.130760e+00  6.019960e+00  5.910170e+00  5.779880e+00  5.596760e+00  
5.289850e+00  5.036120e+00  4.628990e+00  4.040320e+00  2.772440e+00  2.235520e+00  
1.738180e+00  1.676340e+00  1.638420e+00  1.631450e+00  1.629790e+00  1.633830e+00  
1.037774e+01  9.653740e+00  9.173740e+00  8.732610e+00  8.328260e+00  7.959460e+00  
7.626050e+00  7.328320e+00  7.066530e+00  6.839750e+00  6.646310e+00  6.483520e+00  
6.346370e+00  6.229780e+00  6.129280e+00  6.033440e+00  5.925400e+00  5.778850e+00  
5.523840e+00  5.292060e+00  4.883870e+00  4.271320e+00  2.969960e+00  2.402550e+00  
1.780760e+00  1.688090e+00  1.632690e+00  1.629270e+00  1.616860e+00  1.630880e+00  
1.036827e+01  9.655610e+00  9.182140e+00  8.749120e+00  8.354220e+00  7.995810e+00  
7.673060e+00  7.385370e+00  7.132260e+00  6.913420e+00  6.728520e+00  6.576780e+00  
6.456200e+00  6.364100e+00  6.296200e+00  6.239430e+00  6.173140e+00  6.062640e+00  
5.838690e+00  5.638100e+00  5.304350e+00  4.791550e+00  3.457180e+00  2.716720e+00  
1.842260e+00  1.715720e+00  1.637810e+00  1.627460e+00  1.622840e+00  1.626930e+00  
1.035881e+01  9.657240e+00  9.184560e+00  8.753780e+00  8.362550e+00  8.009180e+00  
7.692600e+00  7.411890e+00  7.166390e+00  6.955470e+00  6.778380e+00  6.633510e+00  
6.517580e+00  6.428360e+00  6.366550e+00  6.329750e+00  6.304070e+00  6.239500e+00  
6.052980e+00  5.876870e+00  5.589770e+00  5.120940e+00  3.785910e+00  3.010640e+00  
1.923380e+00  1.749400e+00  1.639180e+00  1.630400e+00  1.619650e+00  1.624980e+00  
1.032095e+01  9.657800e+00  9.190640e+00  8.764830e+00  8.378260e+00  8.029500e+00  
7.717540e+00  7.441600e+00  7.201150e+00  6.995760e+00  6.824930e+00  6.687360e+00  
6.580240e+00  6.502040e+00  6.454760e+00  6.438190e+00  6.442440e+00  6.424990e+00  
6.311740e+00  6.182540e+00  5.947100e+00  5.540380e+00  4.303500e+00  3.465560e+00  
2.075240e+00  1.829450e+00  1.649650e+00  1.635020e+00  1.616640e+00  1.622990e+00  
1.029526e+01  9.661740e+00  9.196340e+00  8.772230e+00  8.387420e+00  8.040550e+00  
7.730660e+00  7.457050e+00  7.219220e+00  7.016800e+00  6.849360e+00  6.715740e+00  
6.613290e+00  6.540830e+00  6.501180e+00  6.495650e+00  6.517360e+00  6.530120e+00  
6.467400e+00  6.370970e+00  6.170430e+00  5.808900e+00  4.674350e+00  3.815710e+00  
2.219340e+00  1.913160e+00  1.663090e+00  1.640420e+00  1.615250e+00  1.621990e+00  
1.027785e+01  9.665110e+00  9.200430e+00  8.777090e+00  8.393180e+00  8.047350e+00  
7.738690e+00  7.466520e+00  7.230370e+00  7.029900e+00  6.864690e+00  6.733690e+00  
6.634250e+00  6.565410e+00  6.530540e+00  6.532000e+00  6.565030e+00  6.598100e+00  
6.570800e+00  6.498410e+00  6.325090e+00  5.999950e+00  4.953910e+00  4.094090e+00  
2.356220e+00  1.997500e+00  1.678030e+00  1.645840e+00  1.614710e+00  1.621400e+00  
1.024756e+01  9.659660e+00  9.202610e+00  8.784040e+00  8.402600e+00  8.057490e+00  
7.748380e+00  7.475270e+00  7.238480e+00  7.038020e+00  6.873860e+00  6.745530e+00  
6.651310e+00  6.590100e+00  6.562320e+00  6.563680e+00  6.587720e+00  6.624120e+00  
6.638330e+00  6.598440e+00  6.449350e+00  6.139910e+00  5.163410e+00  4.329400e+00  
2.489950e+00  2.077870e+00  1.691660e+00  1.653740e+00  1.615040e+00  1.621000e+00  
1.023009e+01  9.660980e+00  9.205010e+00  8.787550e+00  8.407270e+00  8.063430e+00  
7.755690e+00  7.484030e+00  7.248760e+00  7.050030e+00  6.887880e+00  6.762070e+00  
6.671180e+00  6.614410e+00  6.592230e+00  6.600340e+00  6.633140e+00  6.684440e+00  
6.728700e+00  6.716210e+00  6.611290e+00  6.353770e+00  5.468870e+00  4.681160e+00  
2.741440e+00  2.238970e+00  1.722780e+00  1.666040e+00  1.615270e+00  1.620490e+00  
1.021786e+01  9.662670e+00  9.207560e+00  8.789830e+00  8.409100e+00  8.065380e+00  
7.758370e+00  7.488020e+00  7.254550e+00  7.057860e+00  6.897710e+00  6.773660e+00  
6.684640e+00  6.630140e+00  6.611000e+00  6.623390e+00  6.662470e+00  6.723070e+00  
6.783310e+00  6.787440e+00  6.718330e+00  6.505730e+00  5.682370e+00  4.943860e+00  
2.964060e+00  2.392270e+00  1.758990e+00  1.674140e+00  1.617140e+00  1.620190e+00  
1.019952e+01  9.660900e+00  9.207010e+00  8.791480e+00  8.413170e+00  8.071370e+00  
7.765710e+00  7.496230e+00  7.263280e+00  7.067120e+00  6.908060e+00  6.786170e+00  
6.700570e+00  6.650930e+00  6.637880e+00  6.657040e+00  6.703450e+00  6.774320e+00  
6.858000e+00  6.888990e+00  6.870540e+00  6.730190e+00  6.047360e+00  5.394080e+00  
3.436130e+00  2.723010e+00  1.837570e+00  1.712390e+00  1.622480e+00  1.619810e+00  
1.018907e+01  9.660850e+00  9.207610e+00  8.792640e+00  8.414830e+00  8.073540e+00  
7.768400e+00  7.499490e+00  7.267210e+00  7.071820e+00  6.913660e+00  6.792790e+00  
6.708330e+00  6.660030e+00  6.648960e+00  6.671500e+00  6.723420e+00  6.801550e+00  
6.897040e+00  6.941050e+00  6.951180e+00  6.859130e+00  6.281670e+00  5.694400e+00  
3.803110e+00  3.004810e+00  1.919720e+00  1.748000e+00  1.630540e+00  1.619620e+00  
1.017787e+01  9.663180e+00  9.210490e+00  8.794560e+00  8.415580e+00  8.073880e+00  
7.769180e+00  7.501350e+00  7.270560e+00  7.076840e+00  6.920190e+00  6.800430e+00  
6.716470e+00  6.668180e+00  6.657450e+00  6.682550e+00  6.741210e+00  6.830730e+00  
6.939530e+00  6.992930e+00  7.032500e+00  6.999680e+00  6.564160e+00  6.092760e+00  
4.345730e+00  3.447500e+00  2.078600e+00  1.821010e+00  1.651570e+00  1.619450e+00  
1.017339e+01  9.663710e+00  9.211040e+00  8.795410e+00  8.416730e+00  8.075220e+00  
7.770630e+00  7.502960e+00  7.272490e+00  7.079230e+00  6.923070e+00  6.803720e+00  
6.720180e+00  6.672380e+00  6.662470e+00  6.689190e+00  6.750860e+00  6.844920e+00  
6.961220e+00  7.021200e+00  7.072910e+00  7.068400e+00  6.736670e+00  6.334520e+00  
4.727780e+00  3.789620e+00  2.226710e+00  1.902230e+00  1.669310e+00  1.619370e+00  
1.017077e+01  9.664250e+00  9.211500e+00  8.795950e+00  8.417480e+00  8.076190e+00  
7.771800e+00  7.504280e+00  7.273900e+00  7.080720e+00  6.924770e+00  6.805830e+00  
6.722850e+00  6.675770e+00  6.666730e+00  6.694460e+00  6.757360e+00  6.853530e+00  
6.974510e+00  7.038810e+00  7.097450e+00  7.108740e+00  6.847450e+00  6.498770e+00  
5.008870e+00  4.063030e+00  2.371180e+00  1.984300e+00  1.686240e+00  1.619330e+00  
1.018590e+01  9.670090e+00  9.210720e+00  8.792290e+00  8.413380e+00  8.072890e+00  
7.770000e+00  7.504180e+00  7.275190e+00  7.082940e+00  6.927340e+00  6.807800e+00  
6.722330e+00  6.670980e+00  6.659000e+00  6.692000e+00  6.771390e+00  6.878000e+00  
6.988370e+00  7.046200e+00  7.108080e+00  7.135250e+00  6.925580e+00  6.617220e+00  
5.223160e+00  4.290200e+00  2.507120e+00  2.070260e+00  1.701210e+00  1.619290e+00  
1.016497e+01  9.664120e+00  9.211500e+00  8.796130e+00  8.417930e+00  8.077020e+00  
7.773140e+00  7.506240e+00  7.276550e+00  7.083870e+00  6.927860e+00  6.808420e+00  
6.725720e+00  6.680430e+00  6.673950e+00  6.703020e+00  6.764890e+00  6.861420e+00  
6.993790e+00  7.070890e+00  7.140750e+00  7.157470e+00  7.007520e+00  6.838870e+00  
5.537720e+00  4.590510e+00  2.749870e+00  2.266640e+00  1.725380e+00  1.619230e+00  
1.015964e+01  9.662970e+00  9.211410e+00  8.796230e+00  8.417840e+00  8.076810e+00  
7.772880e+00  7.505940e+00  7.276180e+00  7.083600e+00  6.928090e+00  6.809520e+00  
6.727260e+00  6.681450e+00  6.673790e+00  6.701840e+00  6.764130e+00  6.864200e+00  
6.998470e+00  7.073260e+00  7.151440e+00  7.203610e+00  7.101450e+00  6.874050e+00  
5.753490e+00  4.906040e+00  2.975940e+00  2.399440e+00  1.762170e+00  1.619180e+00  
