4.354100e-01  4.579800e-01  4.815900e-01  5.063200e-01  5.321600e-01  5.590700e-01  
5.869500e-01  6.156400e-01  6.449400e-01  6.745900e-01  7.042900e-01  7.337000e-01  
7.624300e-01  7.903800e-01  8.183500e-01  8.489600e-01  8.842800e-01  9.207200e-01  
9.520900e-01  9.644700e-01  9.751000e-01  9.838300e-01  1.000800e+00  1.006110e+00  
1.010390e+00  1.010530e+00  1.010430e+00  1.010640e+00  1.010510e+00  1.011930e+00  
6.428400e-01  6.733300e-01  7.048500e-01  7.375500e-01  7.714000e-01  8.063500e-01  
8.423100e-01  8.792100e-01  9.169100e-01  9.552900e-01  9.941900e-01  1.033500e+00  
1.073280e+00  1.113470e+00  1.153660e+00  1.193430e+00  1.232740e+00  1.273430e+00  
1.317240e+00  1.339410e+00  1.360050e+00  1.375130e+00  1.393460e+00  1.396460e+00  
1.391350e+00  1.395380e+00  1.405070e+00  1.404180e+00  1.406410e+00  1.382500e+00  
8.409100e-01  8.786900e-01  9.175300e-01  9.576400e-01  9.989600e-01  1.041400e+00  
1.084850e+00  1.129170e+00  1.174170e+00  1.219700e+00  1.265540e+00  1.311570e+00  
1.357890e+00  1.404460e+00  1.450800e+00  1.496450e+00  1.541490e+00  1.588320e+00  
1.639540e+00  1.666190e+00  1.692030e+00  1.711590e+00  1.732370e+00  1.734720e+00  
1.729440e+00  1.733940e+00  1.744300e+00  1.743330e+00  1.745720e+00  1.719940e+00  
1.206180e+00  1.257790e+00  1.310170e+00  1.363620e+00  1.417960e+00  1.472960e+00  
1.528330e+00  1.583790e+00  1.639000e+00  1.693690e+00  1.747600e+00  1.800700e+00  
1.853450e+00  1.906230e+00  1.958590e+00  2.010180e+00  2.061430e+00  2.115800e+00  
2.177030e+00  2.209290e+00  2.239830e+00  2.261910e+00  2.285880e+00  2.291400e+00  
2.293790e+00  2.295400e+00  2.298530e+00  2.298340e+00  2.299000e+00  2.292130e+00  
1.535220e+00  1.598640e+00  1.662260e+00  1.726450e+00  1.790870e+00  1.855120e+00  
1.918770e+00  1.981330e+00  2.042320e+00  2.101380e+00  2.158300e+00  2.213250e+00  
2.267260e+00  2.321290e+00  2.375060e+00  2.428410e+00  2.482130e+00  2.540220e+00  
2.606790e+00  2.641700e+00  2.673130e+00  2.694200e+00  2.719820e+00  2.729360e+00  
2.739810e+00  2.738020e+00  2.733110e+00  2.733780e+00  2.732550e+00  2.746920e+00  
1.833850e+00  1.906900e+00  1.979410e+00  2.051830e+00  2.123680e+00  2.194410e+00  
2.263410e+00  2.330070e+00  2.393780e+00  2.454100e+00  2.510970e+00  2.564790e+00  
2.617240e+00  2.669880e+00  2.722670e+00  2.775650e+00  2.829850e+00  2.889430e+00  
2.958330e+00  2.994100e+00  3.024690e+00  3.043620e+00  3.069920e+00  3.082740e+00  
3.098970e+00  3.094570e+00  3.083710e+00  3.085030e+00  3.082410e+00  3.112610e+00  
2.106740e+00  2.187290e+00  2.266500e+00  2.344900e+00  2.421890e+00  2.496770e+00  
2.568820e+00  2.637300e+00  2.701540e+00  2.761080e+00  2.816000e+00  2.866950e+00  
2.916270e+00  2.966130e+00  3.016670e+00  3.068150e+00  3.121740e+00  3.181440e+00  
3.250640e+00  3.286140e+00  3.315170e+00  3.331810e+00  3.358160e+00  3.373060e+00  
3.392250e+00  3.386360e+00  3.372270e+00  3.373930e+00  3.370610e+00  3.409420e+00  
2.589330e+00  2.679140e+00  2.766030e+00  2.850710e+00  2.932360e+00  3.010140e+00  
3.083140e+00  3.150500e+00  3.211500e+00  3.265760e+00  3.313640e+00  3.356370e+00  
3.397380e+00  3.439860e+00  3.484320e+00  3.531350e+00  3.582160e+00  3.639700e+00  
3.705740e+00  3.738810e+00  3.764300e+00  3.777480e+00  3.802730e+00  3.818150e+00  
3.835460e+00  3.829840e+00  3.816980e+00  3.818490e+00  3.815590e+00  3.851190e+00  
2.977030e+00  3.099630e+00  3.207790e+00  3.301880e+00  3.381260e+00  3.446420e+00  
3.499530e+00  3.545160e+00  3.589530e+00  3.634060e+00  3.678790e+00  3.723340e+00  
3.767370e+00  3.810660e+00  3.853410e+00  3.896550e+00  3.941220e+00  3.988260e+00  
4.038120e+00  4.063570e+00  4.088470e+00  4.107770e+00  4.130670e+00  4.139840e+00  
4.151570e+00  4.148050e+00  4.141690e+00  4.144310e+00  4.141400e+00  4.159230e+00  
3.800920e+00  3.935540e+00  4.046690e+00  4.135410e+00  4.201480e+00  4.246450e+00  
4.274320e+00  4.292480e+00  4.310550e+00  4.330900e+00  4.353980e+00  4.379760e+00  
4.407910e+00  4.437950e+00  4.468790e+00  4.497920e+00  4.523870e+00  4.551380e+00  
4.586140e+00  4.605870e+00  4.624760e+00  4.639860e+00  4.659710e+00  4.658760e+00  
4.649540e+00  4.657090e+00  4.669530e+00  4.665000e+00  4.670390e+00  4.639190e+00  
4.443480e+00  4.573470e+00  4.674150e+00  4.747600e+00  4.794180e+00  4.816280e+00  
4.819130e+00  4.811740e+00  4.805340e+00  4.802980e+00  4.805250e+00  4.812430e+00  
4.824320e+00  4.840320e+00  4.858480e+00  4.873830e+00  4.883200e+00  4.894080e+00  
4.915820e+00  4.930570e+00  4.944360e+00  4.955490e+00  4.971510e+00  4.965500e+00  
4.946660e+00  4.959050e+00  4.979760e+00  4.972040e+00  4.981090e+00  4.928270e+00  
5.414390e+00  5.513390e+00  5.577620e+00  5.611440e+00  5.616190e+00  5.595360e+00  
5.555290e+00  5.506090e+00  5.459710e+00  5.419770e+00  5.386910e+00  5.361500e+00  
5.343680e+00  5.332610e+00  5.325740e+00  5.316300e+00  5.299930e+00  5.286160e+00  
5.287120e+00  5.293200e+00  5.298410e+00  5.302160e+00  5.309990e+00  5.304220e+00  
5.288580e+00  5.298280e+00  5.314530e+00  5.308450e+00  5.315570e+00  5.273760e+00  
6.138640e+00  6.199400e+00  6.223430e+00  6.217060e+00  6.182370e+00  6.123490e+00  
6.047240e+00  5.963990e+00  5.885720e+00  5.815990e+00  5.755480e+00  5.704170e+00  
5.662170e+00  5.628210e+00  5.599650e+00  5.569580e+00  5.533540e+00  5.501170e+00  
5.484930e+00  5.483200e+00  5.481030e+00  5.478560e+00  5.479080e+00  5.475970e+00  
5.468590e+00  5.472830e+00  5.479980e+00  5.477280e+00  5.480440e+00  5.461840e+00  
6.714660e+00  6.738760e+00  6.725100e+00  6.681720e+00  6.611250e+00  6.518380e+00  
6.410340e+00  6.297680e+00  6.192560e+00  6.098390e+00  6.015650e+00  5.943770e+00  
5.882350e+00  5.829540e+00  5.782760e+00  5.735410e+00  5.683270e+00  5.635440e+00  
5.603890e+00  5.594860e+00  5.586010e+00  5.578360e+00  5.572690e+00  5.571110e+00  
5.569150e+00  5.569520e+00  5.570260e+00  5.569930e+00  5.570310e+00  5.568070e+00  
7.179830e+00  7.201020e+00  7.154960e+00  7.061920e+00  6.940610e+00  6.810550e+00  
6.678250e+00  6.548810e+00  6.428200e+00  6.318280e+00  6.219370e+00  6.130510e+00  
6.050420e+00  5.977260e+00  5.910090e+00  5.846360e+00  5.784400e+00  5.727390e+00  
5.680700e+00  5.662760e+00  5.647460e+00  5.636940e+00  5.625770e+00  5.624010e+00  
5.623760e+00  5.622830e+00  5.620460e+00  5.620050e+00  5.620530e+00  5.625620e+00  
7.941890e+00  7.871980e+00  7.762820e+00  7.626130e+00  7.465920e+00  7.288360e+00  
7.101960e+00  6.918260e+00  6.750350e+00  6.601440e+00  6.470520e+00  6.355340e+00  
6.252420e+00  6.158430e+00  6.070890e+00  5.984750e+00  5.896890e+00  5.813870e+00  
5.745100e+00  5.717420e+00  5.691710e+00  5.672150e+00  5.652830e+00  5.649660e+00  
5.648930e+00  5.646390e+00  5.642630e+00  5.643830e+00  5.642330e+00  5.651330e+00  
8.511710e+00  8.384440e+00  8.219230e+00  8.029290e+00  7.819260e+00  7.595800e+00  
7.367820e+00  7.147320e+00  6.947340e+00  6.770820e+00  6.615840e+00  6.479150e+00  
6.355560e+00  6.240970e+00  6.133180e+00  6.028260e+00  5.923780e+00  5.824560e+00  
5.738040e+00  5.701070e+00  5.666530e+00  5.640600e+00  5.614760e+00  5.609490e+00  
5.606360e+00  5.604220e+00  5.601280e+00  5.602090e+00  5.601000e+00  5.607600e+00  
9.483530e+00  9.218850e+00  8.927130e+00  8.622900e+00  8.311030e+00  7.997760e+00  
7.691260e+00  7.402650e+00  7.143490e+00  6.914820e+00  6.713540e+00  6.534890e+00  
6.371350e+00  6.217480e+00  6.072830e+00  5.935520e+00  5.804630e+00  5.681090e+00  
5.567650e+00  5.515790e+00  5.465370e+00  5.426550e+00  5.389580e+00  5.380830e+00  
5.373330e+00  5.372570e+00  5.372140e+00  5.371970e+00  5.372020e+00  5.371300e+00  
1.017470e+01  9.715860e+00  9.275880e+00  8.863340e+00  8.476600e+00  8.114760e+00  
7.777050e+00  7.463160e+00  7.173280e+00  6.906570e+00  6.661850e+00  6.437650e+00  
6.231950e+00  6.043880e+00  5.875170e+00  5.725790e+00  5.593260e+00  5.464700e+00  
5.328100e+00  5.259540e+00  5.197250e+00  5.154470e+00  5.110430e+00  5.099510e+00  
5.090870e+00  5.090540e+00  5.090860e+00  5.090600e+00  5.090930e+00  5.087390e+00  
1.086374e+01  1.023766e+01  9.654590e+00  9.117060e+00  8.620960e+00  8.164340e+00  
7.745890e+00  7.363500e+00  7.015570e+00  6.700060e+00  6.414280e+00  6.155040e+00  
5.917930e+00  5.700140e+00  5.502730e+00  5.326530e+00  5.168220e+00  5.015190e+00  
4.856230e+00  4.777300e+00  4.704530e+00  4.652690e+00  4.597430e+00  4.583670e+00  
4.574910e+00  4.574320e+00  4.573740e+00  4.573600e+00  4.573570e+00  4.571660e+00  
1.122882e+01  1.048947e+01  9.813460e+00  9.195870e+00  8.631230e+00  8.115990e+00  
7.648250e+00  7.224700e+00  6.842080e+00  6.497240e+00  6.186570e+00  5.905750e+00  
5.648830e+00  5.411830e+00  5.195260e+00  4.999680e+00  4.822130e+00  4.649810e+00  
4.472350e+00  4.384760e+00  4.303980e+00  4.246020e+00  4.182830e+00  4.166910e+00  
4.157740e+00  4.156280e+00  4.153820e+00  4.153800e+00  4.153310e+00  4.156300e+00  
1.143393e+01  1.060761e+01  9.867050e+00  9.197670e+00  8.592520e+00  8.045440e+00  
7.552140e+00  7.106920e+00  6.704020e+00  6.339570e+00  6.010010e+00  5.711230e+00  
5.437690e+00  5.185160e+00  4.952290e+00  4.736220e+00  4.534470e+00  4.344030e+00  
4.163820e+00  4.077010e+00  3.988190e+00  3.915790e+00  3.846840e+00  3.831600e+00  
3.820700e+00  3.818390e+00  3.814020e+00  3.813260e+00  3.813830e+00  3.821260e+00  
1.157087e+01  1.067545e+01  9.885140e+00  9.176350e+00  8.540990e+00  7.971010e+00  
7.459630e+00  6.999240e+00  6.582400e+00  6.204630e+00  5.862230e+00  5.551010e+00  
5.265430e+00  5.001160e+00  4.756640e+00  4.528810e+00  4.315020e+00  4.112260e+00  
3.918460e+00  3.824330e+00  3.728210e+00  3.650290e+00  3.576310e+00  3.559540e+00  
3.546890e+00  3.544000e+00  3.538610e+00  3.537670e+00  3.538400e+00  3.548280e+00  
1.170358e+01  1.072201e+01  9.871840e+00  9.114440e+00  8.440890e+00  7.841360e+00  
7.305930e+00  6.824980e+00  6.389640e+00  5.994890e+00  5.636680e+00  5.310470e+00  
5.010460e+00  4.731980e+00  4.472910e+00  4.229360e+00  3.997730e+00  3.775250e+00  
3.558550e+00  3.451860e+00  3.343840e+00  3.257210e+00  3.173310e+00  3.152490e+00  
3.135170e+00  3.132070e+00  3.127610e+00  3.126860e+00  3.127240e+00  3.133900e+00  
1.174141e+01  1.071514e+01  9.835030e+00  9.052000e+00  8.357090e+00  7.739650e+00  
7.188750e+00  6.694320e+00  6.247460e+00  5.842870e+00  5.476170e+00  5.142440e+00  
4.835470e+00  4.550150e+00  4.283640e+00  4.030980e+00  3.787470e+00  3.549820e+00  
3.314420e+00  3.197110e+00  3.079050e+00  2.984870e+00  2.890930e+00  2.865830e+00  
2.843950e+00  2.841250e+00  2.839320e+00  2.839070e+00  2.838780e+00  2.837930e+00  
1.168803e+01  1.062651e+01  9.727570e+00  8.925950e+00  8.214470e+00  7.579400e+00  
7.011360e+00  6.501300e+00  6.041580e+00  5.626770e+00  5.251940e+00  4.911590e+00  
4.598980e+00  4.308170e+00  4.035050e+00  3.772540e+00  3.513470e+00  3.251820e+00  
2.981820e+00  2.842010e+00  2.698130e+00  2.580410e+00  2.461580e+00  2.430510e+00  
2.404060e+00  2.401710e+00  2.401730e+00  2.401860e+00  2.401010e+00  2.394710e+00  
1.157582e+01  1.051892e+01  9.631720e+00  8.838350e+00  8.132350e+00  7.498460e+00  
6.929090e+00  6.416710e+00  5.954930e+00  5.538540e+00  5.162490e+00  4.821280e+00  
4.508140e+00  4.216940e+00  3.942830e+00  3.677490e+00  3.411880e+00  3.136750e+00  
2.841280e+00  2.682310e+00  2.511920e+00  2.367070e+00  2.224360e+00  2.191710e+00  
2.167270e+00  2.164080e+00  2.160260e+00  2.159640e+00  2.159660e+00  2.164090e+00  
1.136286e+01  1.032832e+01  9.476950e+00  8.716840e+00  8.037080e+00  7.423910e+00  
6.871010e+00  6.372170e+00  5.922000e+00  5.515190e+00  5.146100e+00  4.808330e+00  
4.493700e+00  4.195890e+00  3.912420e+00  3.639450e+00  3.368950e+00  3.081990e+00  
2.755030e+00  2.568810e+00  2.359650e+00  2.170900e+00  1.973920e+00  1.934130e+00  
1.924870e+00  1.920660e+00  1.901780e+00  1.897620e+00  1.902850e+00  1.942640e+00  
1.117994e+01  1.018161e+01  9.374130e+00  8.652720e+00  8.002730e+00  7.413090e+00  
6.878360e+00  6.393240e+00  5.953080e+00  5.553260e+00  5.188890e+00  4.854330e+00  
4.542380e+00  4.247170e+00  3.965710e+00  3.693060e+00  3.418860e+00  3.119050e+00  
2.763110e+00  2.553870e+00  2.314790e+00  2.096230e+00  1.862850e+00  1.811010e+00  
1.792150e+00  1.789990e+00  1.775140e+00  1.769250e+00  1.770190e+00  1.839510e+00  
1.104328e+01  1.007610e+01  9.306920e+00  8.618020e+00  7.993670e+00  7.424640e+00  
6.906290e+00  6.433950e+00  6.003600e+00  5.611130e+00  5.252280e+00  4.922010e+00  
4.613870e+00  4.322390e+00  4.044200e+00  3.773580e+00  3.498370e+00  3.190410e+00  
2.812920e+00  2.584910e+00  2.318620e+00  2.071600e+00  1.802020e+00  1.739800e+00  
1.719010e+00  1.717380e+00  1.700230e+00  1.692660e+00  1.692050e+00  1.778410e+00  
1.093860e+01  9.997380e+00  9.261120e+00  8.599160e+00  7.996720e+00  7.445570e+00  
6.941720e+00  6.481020e+00  6.059890e+00  5.674690e+00  5.321580e+00  4.996030e+00  
4.692180e+00  4.404850e+00  4.130390e+00  3.862470e+00  3.587520e+00  3.273950e+00  
2.879450e+00  2.635860e+00  2.346200e+00  2.073530e+00  1.769820e+00  1.696840e+00  
1.672270e+00  1.671220e+00  1.653380e+00  1.644740e+00  1.642300e+00  1.737900e+00  
1.079023e+01  9.889530e+00  9.205490e+00  8.585400e+00  8.017990e+00  7.495960e+00  
7.016300e+00  6.575560e+00  6.170850e+00  5.799140e+00  5.457270e+00  5.141410e+00  
4.846530e+00  4.567870e+00  4.301510e+00  4.040140e+00  3.768070e+00  3.448320e+00  
3.029100e+00  2.760890e+00  2.432470e+00  2.114890e+00  1.748380e+00  1.654050e+00  
1.618630e+00  1.618420e+00  1.601310e+00  1.591510e+00  1.585460e+00  1.688030e+00  
1.069296e+01  9.822230e+00  9.176280e+00  8.587010e+00  8.045900e+00  7.546300e+00  
7.085740e+00  6.661260e+00  6.270410e+00  5.910610e+00  5.579120e+00  5.272590e+00  
4.986540e+00  4.716530e+00  4.458420e+00  4.204380e+00  3.937160e+00  3.615720e+00  
3.180380e+00  2.893850e+00  2.534460e+00  2.178540e+00  1.755000e+00  1.640050e+00  
1.591230e+00  1.591360e+00  1.576150e+00  1.565930e+00  1.556660e+00  1.658710e+00  
1.056544e+01  9.741750e+00  9.153350e+00  8.612930e+00  8.114300e+00  7.652140e+00  
7.224640e+00  6.829490e+00  6.464870e+00  6.128800e+00  5.819120e+00  5.533130e+00  
5.267050e+00  5.016890e+00  4.778450e+00  4.543270e+00  4.291960e+00  3.977170e+00  
3.524460e+00  3.209780e+00  2.795720e+00  2.365480e+00  1.816660e+00  1.653750e+00  
1.566360e+00  1.565460e+00  1.555940e+00  1.546150e+00  1.530680e+00  1.619780e+00  
1.056515e+01  9.739930e+00  9.163890e+00  8.638960e+00  8.158440e+00  7.716810e+00  
7.311400e+00  6.938930e+00  6.596560e+00  6.281940e+00  5.992590e+00  5.725220e+00  
5.474980e+00  5.237460e+00  5.009670e+00  4.785630e+00  4.550540e+00  4.265980e+00  
3.850470e+00  3.533620e+00  3.065280e+00  2.537660e+00  1.862050e+00  1.685150e+00  
1.582220e+00  1.570140e+00  1.543370e+00  1.536720e+00  1.543460e+00  1.600420e+00  
1.052015e+01  9.727640e+00  9.190180e+00  8.697860e+00  8.245710e+00  7.829890e+00  
7.448700e+00  7.100180e+00  6.782690e+00  6.494110e+00  6.231900e+00  5.992450e+00  
5.770130e+00  5.559890e+00  5.358610e+00  5.159840e+00  4.949170e+00  4.690820e+00  
4.298760e+00  3.981530e+00  3.483640e+00  2.883900e+00  2.030730e+00  1.778620e+00  
1.593700e+00  1.573470e+00  1.552690e+00  1.548030e+00  1.547680e+00  1.581440e+00  
1.051034e+01  9.734520e+00  9.216900e+00  8.741400e+00  8.304220e+00  7.902520e+00  
7.535170e+00  7.201040e+00  6.899240e+00  6.627930e+00  6.384570e+00  6.165450e+00  
5.964630e+00  5.776610e+00  5.597900e+00  5.420860e+00  5.230690e+00  4.994000e+00  
4.624950e+00  4.315860e+00  3.813600e+00  3.178090e+00  2.193940e+00  1.875740e+00  
1.611020e+00  1.580030e+00  1.559230e+00  1.555720e+00  1.550460e+00  1.571910e+00  
1.051025e+01  9.745050e+00  9.238950e+00  8.773410e+00  8.345380e+00  7.952560e+00  
7.594240e+00  7.269830e+00  6.978950e+00  6.719920e+00  6.490320e+00  6.286490e+00  
6.102430e+00  5.932390e+00  5.772470e+00  5.613900e+00  5.441200e+00  5.222840e+00  
4.874840e+00  4.576900e+00  4.081790e+00  3.430190e+00  2.346510e+00  1.969570e+00  
1.629870e+00  1.587280e+00  1.562840e+00  1.559860e+00  1.551330e+00  1.566180e+00  
1.051206e+01  9.754940e+00  9.256280e+00  8.797320e+00  8.375490e+00  7.988860e+00  
7.636970e+00  7.319650e+00  7.036780e+00  6.786900e+00  6.567690e+00  6.375640e+00  
6.204790e+00  6.049320e+00  5.905040e+00  5.762160e+00  5.604680e+00  5.402380e+00  
5.073750e+00  4.787940e+00  4.305360e+00  3.648940e+00  2.487830e+00  2.058850e+00  
1.649200e+00  1.594860e+00  1.564620e+00  1.561770e+00  1.551110e+00  1.562390e+00  
1.052111e+01  9.770580e+00  9.277900e+00  8.826220e+00  8.412810e+00  8.035680e+00  
7.694010e+00  7.387210e+00  7.114750e+00  6.875690e+00  6.668680e+00  6.491650e+00  
6.340650e+00  6.211050e+00  6.096970e+00  5.983990e+00  5.850530e+00  5.662550e+00  
5.345660e+00  5.082800e+00  4.660860e+00  4.053760e+00  2.757040e+00  2.205640e+00  
1.678550e+00  1.610960e+00  1.568050e+00  1.559660e+00  1.557750e+00  1.557680e+00  
1.051910e+01  9.777080e+00  9.290090e+00  8.844060e+00  8.436320e+00  8.065060e+00  
7.729530e+00  7.429230e+00  7.163630e+00  6.932040e+00  6.733470e+00  6.566250e+00  
6.427050e+00  6.311870e+00  6.215270e+00  6.123030e+00  6.013270e+00  5.850110e+00  
5.559320e+00  5.313830e+00  4.918110e+00  4.334510e+00  2.989930e+00  2.360970e+00  
1.709840e+00  1.622400e+00  1.568110e+00  1.558300e+00  1.555900e+00  1.554830e+00  
1.050704e+01  9.781590e+00  9.303400e+00  8.865650e+00  8.466060e+00  8.103170e+00  
7.776300e+00  7.485080e+00  7.229240e+00  7.008390e+00  6.821930e+00  6.668650e+00  
6.545890e+00  6.450570e+00  6.378850e+00  6.318870e+00  6.250870e+00  6.138860e+00  
5.910460e+00  5.703990e+00  5.357950e+00  4.827820e+00  3.462220e+00  2.702260e+00  
1.789670e+00  1.654500e+00  1.566710e+00  1.555060e+00  1.549000e+00  1.551040e+00  
1.048983e+01  9.782310e+00  9.309050e+00  8.875780e+00  8.480480e+00  8.121930e+00  
7.799530e+00  7.512970e+00  7.262240e+00  7.047020e+00  6.866950e+00  6.720970e+00  
6.606670e+00  6.521520e+00  6.463020e+00  6.421570e+00  6.380220e+00  6.305710e+00  
6.129430e+00  5.955460e+00  5.646350e+00  5.158570e+00  3.824830e+00  2.990790e+00  
1.870550e+00  1.692140e+00  1.568210e+00  1.554730e+00  1.544080e+00  1.549160e+00  
1.046786e+01  9.790350e+00  9.316010e+00  8.883760e+00  8.491460e+00  8.137600e+00  
7.821170e+00  7.541330e+00  7.297580e+00  7.089440e+00  6.916370e+00  6.777030e+00  
6.668520e+00  6.589230e+00  6.541180e+00  6.524150e+00  6.528140e+00  6.510180e+00  
6.394940e+00  6.262930e+00  6.021070e+00  5.602120e+00  4.327990e+00  3.464970e+00  
2.033720e+00  1.776650e+00  1.578810e+00  1.560890e+00  1.539970e+00  1.547270e+00  
1.043988e+01  9.793450e+00  9.321130e+00  8.890780e+00  8.500360e+00  8.148490e+00  
7.834180e+00  7.556690e+00  7.315540e+00  7.110370e+00  6.940660e+00  6.805310e+00  
6.701560e+00  6.628230e+00  6.588150e+00  6.582670e+00  6.604770e+00  6.617730e+00  
6.553740e+00  6.455160e+00  6.249470e+00  5.877330e+00  4.706520e+00  3.822790e+00  
2.185290e+00  1.866640e+00  1.595360e+00  1.568130e+00  1.539870e+00  1.546330e+00  
1.042020e+01  9.795810e+00  9.324540e+00  8.895190e+00  8.505860e+00  8.155180e+00  
7.842200e+00  7.566230e+00  7.326800e+00  7.123590e+00  6.956130e+00  6.823380e+00  
6.722680e+00  6.653060e+00  6.617960e+00  6.619710e+00  6.653470e+00  6.687090e+00  
6.658920e+00  6.584760e+00  6.407210e+00  6.072830e+00  4.992740e+00  4.108450e+00  
2.328470e+00  1.956090e+00  1.613090e+00  1.575370e+00  1.540560e+00  1.545770e+00  
1.038812e+01  9.789630e+00  9.326310e+00  8.902040e+00  8.515400e+00  8.165600e+00  
7.852240e+00  7.575320e+00  7.335120e+00  7.131710e+00  6.965080e+00  6.834910e+00  
6.739640e+00  6.678240e+00  6.650970e+00  6.652920e+00  6.677120e+00  6.713240e+00  
6.726530e+00  6.685740e+00  6.534550e+00  6.217530e+00  5.206840e+00  4.351190e+00  
2.467630e+00  2.040310e+00  1.628860e+00  1.584760e+00  1.541650e+00  1.545390e+00  
1.036949e+01  9.790680e+00  9.328610e+00  8.905550e+00  8.520180e+00  8.171730e+00  
7.859820e+00  7.584460e+00  7.345940e+00  7.144420e+00  6.980000e+00  6.852480e+00  
6.760530e+00  6.703400e+00  6.681490e+00  6.690110e+00  6.723300e+00  6.774740e+00  
6.818610e+00  6.805490e+00  6.699080e+00  6.436550e+00  5.525140e+00  4.714910e+00  
2.726750e+00  2.206960e+00  1.663150e+00  1.598990e+00  1.542760e+00  1.544920e+00  
1.035759e+01  9.792470e+00  9.330950e+00  8.907600e+00  8.521860e+00  8.173640e+00  
7.862650e+00  7.588920e+00  7.352760e+00  7.153790e+00  6.991350e+00  6.864950e+00  
6.774160e+00  6.719000e+00  6.700160e+00  6.713270e+00  6.753390e+00  6.816760e+00  
6.876150e+00  6.873300e+00  6.797720e+00  6.602090e+00  5.788540e+00  4.947300e+00  
2.946160e+00  2.378200e+00  1.703090e+00  1.596080e+00  1.556920e+00  1.544640e+00  
1.033851e+01  9.793010e+00  9.332590e+00  8.910010e+00  8.525150e+00  8.178190e+00  
7.868750e+00  7.596620e+00  7.361860e+00  7.164300e+00  7.003630e+00  6.879680e+00  
6.792180e+00  6.741320e+00  6.727670e+00  6.746530e+00  6.793220e+00  6.867200e+00  
6.954680e+00  6.982630e+00  6.954970e+00  6.815300e+00  6.155480e+00  5.458160e+00  
3.412880e+00  2.703420e+00  1.792070e+00  1.638020e+00  1.567370e+00  1.544260e+00  
1.032794e+01  9.793270e+00  9.333410e+00  8.911250e+00  8.526810e+00  8.180360e+00  
7.871480e+00  7.599980e+00  7.365900e+00  7.169070e+00  7.009190e+00  6.886170e+00  
6.799920e+00  6.750780e+00  6.739500e+00  6.761550e+00  6.812630e+00  6.893200e+00  
6.995950e+00  7.040440e+00  7.039380e+00  6.933100e+00  6.382510e+00  5.802530e+00  
3.780660e+00  2.975410e+00  1.878610e+00  1.684690e+00  1.575910e+00  1.544070e+00  
1.031670e+01  9.793630e+00  9.334530e+00  8.912980e+00  8.529000e+00  8.182800e+00  
7.874050e+00  7.602670e+00  7.368810e+00  7.172530e+00  7.013850e+00  6.892530e+00  
6.807540e+00  6.758780e+00  6.748120e+00  6.773700e+00  6.833170e+00  6.923850e+00  
7.034250e+00  7.088450e+00  7.128330e+00  7.093080e+00  6.646020e+00  6.167310e+00  
4.370280e+00  3.446440e+00  2.038120e+00  1.769880e+00  1.582870e+00  1.543880e+00  
1.031159e+01  9.793850e+00  9.334750e+00  8.913410e+00  8.529720e+00  8.183800e+00  
7.875400e+00  7.604500e+00  7.371330e+00  7.175630e+00  7.016860e+00  6.894870e+00  
6.809920e+00  6.762730e+00  6.754550e+00  6.781750e+00  6.841140e+00  6.934070e+00  
7.060540e+00  7.129090e+00  7.169830e+00  7.126790e+00  6.821930e+00  6.514640e+00  
4.723160e+00  3.742880e+00  2.196630e+00  1.878140e+00  1.604420e+00  1.543780e+00  
1.032523e+01  9.799650e+00  9.334180e+00  8.910180e+00  8.526190e+00  8.181120e+00  
7.874120e+00  7.604670e+00  7.372510e+00  7.177560e+00  7.019710e+00  6.898380e+00  
6.811520e+00  6.759230e+00  6.746740e+00  6.779710e+00  6.859410e+00  6.966100e+00  
7.075180e+00  7.130950e+00  7.187930e+00  7.203980e+00  6.944030e+00  6.583780e+00  
5.049430e+00  4.085070e+00  2.343810e+00  1.943820e+00  1.619170e+00  1.543730e+00  
1.032265e+01  9.799750e+00  9.334400e+00  8.910540e+00  8.526680e+00  8.181740e+00  
7.874890e+00  7.605590e+00  7.373610e+00  7.178860e+00  7.021240e+00  6.900190e+00  
6.813680e+00  6.761790e+00  6.749830e+00  6.783470e+00  6.864030e+00  6.971910e+00  
7.083290e+00  7.141910e+00  7.205660e+00  7.235140e+00  7.023310e+00  6.707720e+00  
5.274880e+00  4.317090e+00  2.484470e+00  2.032500e+00  1.636850e+00  1.543680e+00  
1.030209e+01  9.794100e+00  9.335370e+00  8.914450e+00  8.531250e+00  8.185850e+00  
7.877990e+00  7.607620e+00  7.374980e+00  7.179880e+00  7.021960e+00  6.901080e+00  
6.817370e+00  6.771470e+00  6.764880e+00  6.794430e+00  6.857410e+00  6.955500e+00  
7.089450e+00  7.167280e+00  7.238240e+00  7.256490e+00  7.106190e+00  6.931360e+00  
5.597110e+00  4.626900e+00  2.734810e+00  2.234420e+00  1.663970e+00  1.543630e+00  
1.029898e+01  9.793820e+00  9.335550e+00  8.914740e+00  8.531440e+00  8.185890e+00  
7.877820e+00  7.607260e+00  7.374500e+00  7.179470e+00  7.021990e+00  6.901870e+00  
6.818590e+00  6.772360e+00  6.764860e+00  6.793560e+00  6.856910e+00  6.958400e+00  
7.094370e+00  7.170310e+00  7.250090e+00  7.299790e+00  7.184570e+00  6.962730e+00  
5.814580e+00  4.944400e+00  2.965410e+00  2.372430e+00  1.703340e+00  1.543590e+00  
