1.473560e+00  1.524460e+00  1.575310e+00  1.626210e+00  1.676910e+00  1.727090e+00  
1.776410e+00  1.824470e+00  1.870950e+00  1.915570e+00  1.958120e+00  1.998810e+00  
2.038440e+00  2.077690e+00  2.116190e+00  2.153460e+00  2.189240e+00  2.224600e+00  
2.260780e+00  2.279310e+00  2.299000e+00  2.316660e+00  2.340160e+00  2.347530e+00  
2.352250e+00  2.352700e+00  2.353300e+00  2.353340e+00  2.353520e+00  2.353910e+00  
1.935660e+00  1.990560e+00  2.044790e+00  2.098700e+00  2.152040e+00  2.204480e+00  
2.255670e+00  2.305280e+00  2.352970e+00  2.398530e+00  2.441880e+00  2.483300e+00  
2.523800e+00  2.564260e+00  2.604520e+00  2.644370e+00  2.684070e+00  2.725450e+00  
2.769940e+00  2.792050e+00  2.811410e+00  2.824430e+00  2.842650e+00  2.849130e+00  
2.852470e+00  2.852690e+00  2.853210e+00  2.853210e+00  2.853340e+00  2.857230e+00  
2.318680e+00  2.381790e+00  2.442120e+00  2.500190e+00  2.555710e+00  2.608370e+00  
2.658090e+00  2.704970e+00  2.749350e+00  2.791360e+00  2.831240e+00  2.869660e+00  
2.908320e+00  2.948620e+00  2.990140e+00  3.031550e+00  3.071940e+00  3.113150e+00  
3.155790e+00  3.176150e+00  3.195320e+00  3.209590e+00  3.225460e+00  3.229750e+00  
3.232900e+00  3.233330e+00  3.233650e+00  3.233630e+00  3.233680e+00  3.236960e+00  
2.937000e+00  3.017330e+00  3.089550e+00  3.154440e+00  3.211690e+00  3.261430e+00  
3.304450e+00  3.342540e+00  3.378220e+00  3.412130e+00  3.444510e+00  3.475770e+00  
3.506980e+00  3.539100e+00  3.572060e+00  3.605600e+00  3.639690e+00  3.675620e+00  
3.714320e+00  3.733850e+00  3.751640e+00  3.763880e+00  3.777140e+00  3.780530e+00  
3.783050e+00  3.783340e+00  3.783620e+00  3.783650e+00  3.783700e+00  3.783060e+00  
3.428360e+00  3.527560e+00  3.608560e+00  3.674130e+00  3.727090e+00  3.771050e+00  
3.807380e+00  3.837800e+00  3.864790e+00  3.889250e+00  3.912080e+00  3.933910e+00  
3.955130e+00  3.976270e+00  3.997880e+00  4.021130e+00  4.047170e+00  4.075810e+00  
4.106340e+00  4.121960e+00  4.137400e+00  4.149090e+00  4.159840e+00  4.162490e+00  
4.164660e+00  4.164900e+00  4.165110e+00  4.165220e+00  4.165210e+00  4.161270e+00  
3.830960e+00  3.953970e+00  4.043110e+00  4.105040e+00  4.148760e+00  4.184490e+00  
4.214090e+00  4.237960e+00  4.256950e+00  4.271720e+00  4.283600e+00  4.293920e+00  
4.303870e+00  4.314710e+00  4.326890e+00  4.341030e+00  4.357660e+00  4.376510e+00  
4.397750e+00  4.409730e+00  4.422410e+00  4.432530e+00  4.441100e+00  4.443100e+00  
4.444910e+00  4.445090e+00  4.445260e+00  4.445410e+00  4.445390e+00  4.439350e+00  
4.190740e+00  4.301460e+00  4.391510e+00  4.462420e+00  4.514020e+00  4.547360e+00  
4.565200e+00  4.572730e+00  4.576700e+00  4.578920e+00  4.580000e+00  4.580770e+00  
4.582490e+00  4.586280e+00  4.591760e+00  4.597490e+00  4.602620e+00  4.609800e+00  
4.622590e+00  4.631490e+00  4.641180e+00  4.648820e+00  4.654990e+00  4.656610e+00  
4.658020e+00  4.658140e+00  4.658230e+00  4.658340e+00  4.658340e+00  4.651410e+00  
4.768330e+00  4.885560e+00  4.975980e+00  5.041920e+00  5.083440e+00  5.102200e+00  
5.102020e+00  5.089750e+00  5.074010e+00  5.057160e+00  5.039820e+00  5.022950e+00  
5.007580e+00  4.994640e+00  4.983520e+00  4.972280e+00  4.959770e+00  4.949370e+00  
4.945790e+00  4.947240e+00  4.949870e+00  4.952320e+00  4.953610e+00  4.954030e+00  
4.954490e+00  4.954500e+00  4.954500e+00  4.954580e+00  4.954580e+00  4.948570e+00  
5.232000e+00  5.348530e+00  5.433530e+00  5.490210e+00  5.518970e+00  5.522060e+00  
5.504200e+00  5.473450e+00  5.439890e+00  5.406150e+00  5.372910e+00  5.341020e+00  
5.311160e+00  5.283920e+00  5.258510e+00  5.232650e+00  5.205030e+00  5.179670e+00  
5.162080e+00  5.156780e+00  5.152200e+00  5.148670e+00  5.145180e+00  5.144430e+00  
5.143850e+00  5.143740e+00  5.143660e+00  5.143690e+00  5.143690e+00  5.140520e+00  
6.072470e+00  6.221030e+00  6.285740e+00  6.287290e+00  6.251100e+00  6.204140e+00  
6.151390e+00  6.093830e+00  6.032850e+00  5.969310e+00  5.905240e+00  5.842010e+00  
5.780460e+00  5.721250e+00  5.664510e+00  5.609860e+00  5.557240e+00  5.507890e+00  
5.462520e+00  5.440870e+00  5.419820e+00  5.404060e+00  5.389840e+00  5.386440e+00  
5.383650e+00  5.383350e+00  5.383060e+00  5.382900e+00  5.382930e+00  5.388090e+00  
6.694890e+00  6.808850e+00  6.838390e+00  6.805400e+00  6.733370e+00  6.647300e+00  
6.554110e+00  6.458330e+00  6.365120e+00  6.275190e+00  6.188220e+00  6.103600e+00  
6.022070e+00  5.943740e+00  5.868300e+00  5.794510e+00  5.722130e+00  5.655170e+00  
5.592150e+00  5.557900e+00  5.523390e+00  5.497610e+00  5.476020e+00  5.470400e+00  
5.465870e+00  5.465450e+00  5.465090e+00  5.464840e+00  5.464840e+00  5.476520e+00  
7.575010e+00  7.577930e+00  7.530280e+00  7.444880e+00  7.325740e+00  7.179410e+00  
7.015630e+00  6.848220e+00  6.692070e+00  6.551120e+00  6.424950e+00  6.311320e+00  
6.207400e+00  6.109120e+00  6.014660e+00  5.919790e+00  5.821760e+00  5.725180e+00  
5.635090e+00  5.590670e+00  5.540380e+00  5.497130e+00  5.466320e+00  5.458810e+00  
5.451650e+00  5.450930e+00  5.450430e+00  5.450090e+00  5.450140e+00  5.467370e+00  
8.329850e+00  8.142900e+00  7.946890e+00  7.755130e+00  7.567530e+00  7.384030e+00  
7.204810e+00  7.030180e+00  6.860000e+00  6.695360e+00  6.537330e+00  6.385650e+00  
6.241830e+00  6.106250e+00  5.979770e+00  5.863480e+00  5.757510e+00  5.657790e+00  
5.561560e+00  5.516600e+00  5.474720e+00  5.438200e+00  5.363970e+00  5.336030e+00  
5.344370e+00  5.349160e+00  5.345970e+00  5.343970e+00  5.346580e+00  5.360230e+00  
8.610870e+00  8.482660e+00  8.303820e+00  8.094030e+00  7.859010e+00  7.606860e+00  
7.348450e+00  7.098060e+00  6.870820e+00  6.669700e+00  6.493390e+00  6.337330e+00  
6.196090e+00  6.064090e+00  5.938750e+00  5.815490e+00  5.690800e+00  5.567330e+00  
5.448390e+00  5.389760e+00  5.327550e+00  5.276370e+00  5.233360e+00  5.222780e+00  
5.213630e+00  5.212600e+00  5.211810e+00  5.211580e+00  5.211550e+00  5.219950e+00  
8.961110e+00  8.773140e+00  8.537570e+00  8.276400e+00  7.995490e+00  7.703160e+00  
7.409970e+00  7.129440e+00  6.876230e+00  6.652900e+00  6.457360e+00  6.284500e+00  
6.127940e+00  5.982200e+00  5.844330e+00  5.710010e+00  5.575710e+00  5.443130e+00  
5.315250e+00  5.253270e+00  5.190450e+00  5.140240e+00  5.092880e+00  5.081210e+00  
5.071730e+00  5.070600e+00  5.069650e+00  5.069520e+00  5.069440e+00  5.069410e+00  
9.432540e+00  9.241880e+00  8.918880e+00  8.527190e+00  8.120340e+00  7.745730e+00  
7.408470e+00  7.105210e+00  6.833080e+00  6.588230e+00  6.362920e+00  6.151890e+00  
5.956950e+00  5.780420e+00  5.619480e+00  5.469290e+00  5.324130e+00  5.177640e+00  
5.032730e+00  4.967700e+00  4.905610e+00  4.856880e+00  4.802990e+00  4.790260e+00  
4.780260e+00  4.778760e+00  4.777690e+00  4.777760e+00  4.777620e+00  4.764750e+00  
9.795980e+00  9.535750e+00  9.130940e+00  8.658120e+00  8.182170e+00  7.757390e+00  
7.384130e+00  7.051720e+00  6.749870e+00  6.475260e+00  6.222980e+00  5.989280e+00  
5.773840e+00  5.577340e+00  5.397400e+00  5.229190e+00  5.068300e+00  4.911910e+00  
4.760480e+00  4.689630e+00  4.623580e+00  4.574460e+00  4.519150e+00  4.504080e+00  
4.493630e+00  4.492160e+00  4.491080e+00  4.491280e+00  4.491150e+00  4.473590e+00  
1.055172e+01  9.902070e+00  9.284090e+00  8.716210e+00  8.194080e+00  7.713970e+00  
7.272800e+00  6.869190e+00  6.501910e+00  6.168740e+00  5.866250e+00  5.590150e+00  
5.335760e+00  5.100730e+00  4.886100e+00  4.690110e+00  4.510060e+00  4.334900e+00  
4.156170e+00  4.069430e+00  3.991890e+00  3.938570e+00  3.878660e+00  3.861930e+00  
3.850620e+00  3.849490e+00  3.848150e+00  3.848000e+00  3.847900e+00  3.842440e+00  
1.090395e+01  1.012437e+01  9.398640e+00  8.739840e+00  8.140570e+00  7.595780e+00  
7.100860e+00  6.652570e+00  6.249020e+00  5.885800e+00  5.557620e+00  5.258750e+00  
4.982450e+00  4.724540e+00  4.486140e+00  4.266180e+00  4.062010e+00  3.866030e+00  
3.673190e+00  3.580640e+00  3.494410e+00  3.431620e+00  3.367890e+00  3.352970e+00  
3.340310e+00  3.338830e+00  3.337750e+00  3.337470e+00  3.337280e+00  3.347680e+00  
1.136314e+01  1.035867e+01  9.467650e+00  8.682980e+00  7.987500e+00  7.370280e+00  
6.822500e+00  6.333290e+00  5.893820e+00  5.497550e+00  5.137700e+00  4.807190e+00  
4.497620e+00  4.203870e+00  3.927600e+00  3.671960e+00  3.436550e+00  3.217820e+00  
3.014420e+00  2.918830e+00  2.825050e+00  2.753080e+00  2.688160e+00  2.672240e+00  
2.659240e+00  2.657770e+00  2.656560e+00  2.656300e+00  2.656190e+00  2.662970e+00  
1.166346e+01  1.050769e+01  9.511730e+00  8.646700e+00  7.890450e+00  7.226670e+00  
6.644000e+00  6.127550e+00  5.663820e+00  5.245040e+00  4.864510e+00  4.515080e+00  
4.188490e+00  3.879380e+00  3.588110e+00  3.316140e+00  3.063760e+00  2.827790e+00  
2.609240e+00  2.508150e+00  2.412860e+00  2.342150e+00  2.273760e+00  2.257200e+00  
2.244300e+00  2.242760e+00  2.241430e+00  2.241310e+00  2.241140e+00  2.238530e+00  
1.187936e+01  1.062038e+01  9.556700e+00  8.638370e+00  7.841870e+00  7.147170e+00  
6.540170e+00  6.003930e+00  5.522600e+00  5.087440e+00  4.691790e+00  4.328640e+00  
3.989880e+00  3.670100e+00  3.368950e+00  3.086930e+00  2.824530e+00  2.578680e+00  
2.349690e+00  2.243290e+00  2.143530e+00  2.070080e+00  1.999660e+00  1.982880e+00  
1.969890e+00  1.968320e+00  1.966950e+00  1.966850e+00  1.966680e+00  1.962920e+00  
1.204801e+01  1.071447e+01  9.605190e+00  8.649970e+00  7.825590e+00  7.110030e+00  
6.486000e+00  5.935130e+00  5.440410e+00  4.992730e+00  4.585400e+00  4.211500e+00  
3.863130e+00  3.534900e+00  3.226220e+00  2.937060e+00  2.667640e+00  2.415100e+00  
2.177800e+00  2.066400e+00  1.961340e+00  1.883840e+00  1.811540e+00  1.794490e+00  
1.781200e+00  1.779600e+00  1.778210e+00  1.778080e+00  1.777920e+00  1.775900e+00  
1.230431e+01  1.087250e+01  9.708950e+00  8.709930e+00  7.852590e+00  7.113300e+00  
6.469400e+00  5.900200e+00  5.387620e+00  4.922520e+00  4.498380e+00  4.108510e+00  
3.745390e+00  3.403880e+00  3.083120e+00  2.782770e+00  2.502010e+00  2.237610e+00  
1.985190e+00  1.864580e+00  1.749810e+00  1.664650e+00  1.587000e+00  1.568710e+00  
1.554310e+00  1.552600e+00  1.551130e+00  1.550950e+00  1.550790e+00  1.551530e+00  
1.249587e+01  1.100541e+01  9.814900e+00  8.794950e+00  7.922800e+00  7.172640e+00  
6.519280e+00  5.940370e+00  5.417300e+00  4.941170e+00  4.505720e+00  4.104480e+00  
3.730170e+00  3.377880e+00  3.046740e+00  2.736360e+00  2.445090e+00  2.167990e+00  
1.900350e+00  1.770750e+00  1.646850e+00  1.554280e+00  1.469140e+00  1.448830e+00  
1.432810e+00  1.430930e+00  1.429330e+00  1.429110e+00  1.428940e+00  1.430200e+00  
1.280961e+01  1.126100e+01  1.005548e+01  9.023490e+00  8.145280e+00  7.385940e+00  
6.722020e+00  6.131330e+00  5.595810e+00  5.106640e+00  4.657320e+00  4.240930e+00  
3.849570e+00  3.478020e+00  3.125860e+00  2.793270e+00  2.477670e+00  2.169790e+00  
1.863500e+00  1.710760e+00  1.560180e+00  1.443440e+00  1.334480e+00  1.307900e+00  
1.286600e+00  1.284110e+00  1.282060e+00  1.281770e+00  1.281570e+00  1.281850e+00  
1.299288e+01  1.144100e+01  1.025182e+01  9.230690e+00  8.359590e+00  7.599720e+00  
6.931580e+00  6.335800e+00  5.796510e+00  5.304510e+00  4.852280e+00  4.431520e+00  
4.032480e+00  3.648970e+00  3.281270e+00  2.930660e+00  2.594360e+00  2.259860e+00  
1.916490e+00  1.740220e+00  1.558760e+00  1.411970e+00  1.275700e+00  1.242940e+00  
1.216570e+00  1.213340e+00  1.210590e+00  1.210250e+00  1.209990e+00  1.209820e+00  
1.320091e+01  1.166202e+01  1.051944e+01  9.541120e+00  8.698440e+00  7.956060e+00  
7.297210e+00  6.705020e+00  6.165430e+00  5.670410e+00  5.213390e+00  4.787120e+00  
4.382840e+00  3.993670e+00  3.616190e+00  3.245650e+00  2.875010e+00  2.492170e+00  
2.082450e+00  1.862090e+00  1.625580e+00  1.421690e+00  1.218640e+00  1.174180e+00  
1.144450e+00  1.140640e+00  1.134880e+00  1.133810e+00  1.134320e+00  1.136820e+00  
1.324432e+01  1.178263e+01  1.071678e+01  9.790480e+00  8.971570e+00  8.236620e+00  
7.576060e+00  6.980450e+00  6.441870e+00  5.952350e+00  5.503570e+00  5.085860e+00  
4.687220e+00  4.298330e+00  3.915370e+00  3.532990e+00  3.141860e+00  2.723910e+00  
2.257220e+00  1.997990e+00  1.715330e+00  1.466590e+00  1.198360e+00  1.133100e+00  
1.104000e+00  1.101770e+00  1.092620e+00  1.090310e+00  1.092480e+00  1.096900e+00  
1.329803e+01  1.185222e+01  1.082862e+01  9.938510e+00  9.146250e+00  8.432160e+00  
7.787810e+00  7.204620e+00  6.675420e+00  6.192830e+00  5.749040e+00  5.334830e+00  
4.938460e+00  4.550470e+00  4.166240e+00  3.779050e+00  3.376860e+00  2.936030e+00  
2.426620e+00  2.134960e+00  1.808700e+00  1.517080e+00  1.192560e+00  1.110630e+00  
1.077910e+00  1.076080e+00  1.064650e+00  1.061600e+00  1.064750e+00  1.069090e+00  
1.332565e+01  1.189397e+01  1.090836e+01  1.004810e+01  9.279210e+00  8.583830e+00  
7.954600e+00  7.383540e+00  6.864060e+00  6.389260e+00  5.951790e+00  5.542740e+00  
5.150610e+00  4.765820e+00  4.383160e+00  3.994700e+00  3.586040e+00  3.128640e+00  
2.585130e+00  2.266290e+00  1.902510e+00  1.571860e+00  1.195660e+00  1.097850e+00  
1.059510e+00  1.057680e+00  1.044550e+00  1.040980e+00  1.044790e+00  1.048030e+00  
1.332904e+01  1.192827e+01  1.101048e+01  1.020046e+01  9.472300e+00  8.809840e+00  
8.207380e+00  7.658090e+00  7.156390e+00  6.696380e+00  6.271530e+00  5.873830e+00  
5.492670e+00  5.118550e+00  4.745040e+00  4.361800e+00  3.949420e+00  3.468450e+00  
2.867060e+00  2.501170e+00  2.074080e+00  1.680080e+00  1.229460e+00  1.102970e+00  
1.024500e+00  1.022690e+00  1.023740e+00  1.020860e+00  1.010410e+00  1.018160e+00  
1.332119e+01  1.194299e+01  1.107390e+01  1.030038e+01  9.602890e+00  8.966310e+00  
8.385890e+00  7.855520e+00  7.370310e+00  6.924870e+00  6.513260e+00  6.127990e+00  
5.758860e+00  5.396470e+00  5.033700e+00  4.658780e+00  4.249090e+00  3.757780e+00  
3.120700e+00  2.721120e+00  2.243210e+00  1.791340e+00  1.263550e+00  1.110830e+00  
1.009910e+00  1.005780e+00  1.006310e+00  1.003190e+00  9.908800e-01  9.980300e-01  
1.335196e+01  1.198730e+01  1.117202e+01  1.044346e+01  9.786970e+00  9.189450e+00  
8.646570e+00  8.152730e+00  7.703270e+00  7.292950e+00  6.915660e+00  6.563340e+00  
6.224500e+00  5.888720e+00  5.549300e+00  5.194970e+00  4.803760e+00  4.328440e+00  
3.681120e+00  3.237240e+00  2.651070e+00  2.056040e+00  1.343040e+00  1.139900e+00  
1.007820e+00  9.924100e-01  9.730600e-01  9.706700e-01  9.689300e-01  9.687000e-01  
1.330382e+01  1.197165e+01  1.120511e+01  1.051803e+01  9.896890e+00  9.330930e+00  
8.816430e+00  8.348620e+00  7.923440e+00  7.536300e+00  7.181700e+00  6.852220e+00  
6.536960e+00  6.225720e+00  5.911550e+00  5.582180e+00  5.212820e+00  4.748720e+00  
4.088680e+00  3.622180e+00  2.991800e+00  2.324410e+00  1.456320e+00  1.193520e+00  
1.002900e+00  9.803200e-01  9.589300e-01  9.561800e-01  9.543400e-01  9.529800e-01  
1.319412e+01  1.191605e+01  1.122094e+01  1.059369e+01  1.002316e+01  9.501540e+00  
9.026130e+00  8.593420e+00  8.200430e+00  7.843800e+00  7.519400e+00  7.221450e+00  
6.941110e+00  6.669640e+00  6.399880e+00  6.118120e+00  5.794600e+00  5.359950e+00  
4.691930e+00  4.200300e+00  3.521230e+00  2.769360e+00  1.692930e+00  1.334460e+00  
1.010080e+00  9.683700e-01  9.435700e-01  9.405900e-01  9.311700e-01  9.363800e-01  
1.316780e+01  1.190580e+01  1.123875e+01  1.063608e+01  1.008845e+01  9.588990e+00  
9.135330e+00  8.724350e+00  8.353420e+00  8.019460e+00  7.718690e+00  7.445590e+00  
7.191430e+00  6.947800e+00  6.708360e+00  6.460510e+00  6.175620e+00  5.784340e+00  
5.155790e+00  4.671040e+00  3.970220e+00  3.151800e+00  1.894950e+00  1.455200e+00  
1.034130e+00  9.737000e-01  9.324400e-01  9.290600e-01  9.238900e-01  9.276000e-01  
1.315098e+01  1.190171e+01  1.125184e+01  1.066444e+01  1.013113e+01  9.646070e+00  
9.206900e+00  8.810770e+00  8.455250e+00  8.137500e+00  7.853940e+00  7.599240e+00  
7.364750e+00  7.142300e+00  6.926380e+00  6.705630e+00  6.453100e+00  6.101300e+00  
5.515980e+00  5.046930e+00  4.342640e+00  3.482750e+00  2.083640e+00  1.570790e+00  
1.061220e+00  9.832400e-01  9.254900e-01  9.213500e-01  9.201300e-01  9.221700e-01  
1.311911e+01  1.189793e+01  1.126983e+01  1.069807e+01  1.017598e+01  9.699080e+00  
9.265910e+00  8.874890e+00  8.524890e+00  8.214010e+00  7.939710e+00  7.698250e+00  
7.483260e+00  7.287190e+00  7.100700e+00  6.903610e+00  6.663900e+00  6.326340e+00  
5.775590e+00  5.338770e+00  4.678400e+00  3.827990e+00  2.280470e+00  1.670380e+00  
1.068340e+00  9.851800e-01  9.312200e-01  9.249200e-01  9.210400e-01  9.184800e-01  
1.309282e+01  1.189736e+01  1.128704e+01  1.073053e+01  1.022225e+01  9.758830e+00  
9.338920e+00  8.961440e+00  8.625710e+00  8.330190e+00  8.072820e+00  7.850380e+00  
7.657180e+00  7.486630e+00  7.330970e+00  7.172160e+00  6.979880e+00  6.697830e+00  
6.208360e+00  5.802790e+00  5.168000e+00  4.312400e+00  2.621250e+00  1.887780e+00  
1.116870e+00  1.005920e+00  9.301100e-01  9.220900e-01  9.161500e-01  9.138000e-01  
1.308448e+01  1.190235e+01  1.129974e+01  1.075118e+01  1.025165e+01  9.797700e+00  
9.387640e+00  9.019950e+00  8.693470e+00  8.407080e+00  8.159430e+00  7.948350e+00  
7.769700e+00  7.618190e+00  7.486290e+00  7.355350e+00  7.196010e+00  6.957990e+00  
6.524770e+00  6.149160e+00  5.546160e+00  4.702280e+00  2.918090e+00  2.083970e+00  
1.168830e+00  1.033670e+00  9.306700e-01  9.211200e-01  9.104100e-01  9.109400e-01  
1.306535e+01  1.191798e+01  1.132932e+01  1.079203e+01  1.030216e+01  9.857500e+00  
9.456900e+00  9.099930e+00  8.786150e+00  8.514740e+00  8.284540e+00  8.093500e+00  
7.937470e+00  7.812030e+00  7.712540e+00  7.625380e+00  7.526600e+00  7.368830e+00  
7.044780e+00  6.737590e+00  6.201070e+00  5.398150e+00  3.532030e+00  2.540240e+00  
1.293500e+00  1.094830e+00  9.380700e-01  9.227700e-01  9.088800e-01  9.070900e-01  
1.305800e+01  1.193632e+01  1.134585e+01  1.080933e+01  1.032283e+01  9.883580e+00  
9.490200e+00  9.141640e+00  8.836760e+00  8.574540e+00  8.353750e+00  8.172120e+00  
8.025070e+00  7.909240e+00  7.824980e+00  7.768830e+00  7.723450e+00  7.627930e+00  
7.365240e+00  7.100120e+00  6.633250e+00  5.892300e+00  3.998850e+00  2.923410e+00  
1.416810e+00  1.162660e+00  9.483600e-01  9.256800e-01  9.066700e-01  9.051700e-01  
1.297524e+01  1.194392e+01  1.136017e+01  1.082965e+01  1.034886e+01  9.915550e+00  
9.528360e+00  9.186400e+00  8.888790e+00  8.634770e+00  8.423430e+00  8.253010e+00  
8.119540e+00  8.020560e+00  7.958140e+00  7.931640e+00  7.928780e+00  7.897870e+00  
7.737220e+00  7.544570e+00  7.171110e+00  6.532100e+00  4.716710e+00  3.532820e+00  
1.647290e+00  1.297530e+00  9.725700e-01  9.336000e-01  9.057700e-01  9.032300e-01  
1.290034e+01  1.194484e+01  1.136517e+01  1.083825e+01  1.036087e+01  9.930940e+00  
9.547310e+00  9.209020e+00  8.915370e+00  8.665780e+00  8.459480e+00  8.294980e+00  
8.168660e+00  8.078580e+00  8.027790e+00  8.017430e+00  8.038420e+00  8.045390e+00  
7.948490e+00  7.804330e+00  7.498750e+00  6.943440e+00  5.236470e+00  4.009330e+00  
1.859680e+00  1.426470e+00  9.987300e-01  9.433200e-01  9.065000e-01  9.022600e-01  
1.282311e+01  1.193709e+01  1.136865e+01  1.084783e+01  1.037344e+01  9.944970e+00  
9.562020e+00  9.224360e+00  8.932050e+00  8.684470e+00  8.480590e+00  8.319580e+00  
8.200320e+00  8.121900e+00  8.083920e+00  8.079200e+00  8.096580e+00  8.116950e+00  
8.075650e+00  7.973220e+00  7.725330e+00  7.255990e+00  5.658590e+00  4.358900e+00  
2.053560e+00  1.559040e+00  1.026350e+00  9.470900e-01  9.134700e-01  9.016700e-01  
1.278387e+01  1.193727e+01  1.137117e+01  1.085175e+01  1.037840e+01  9.951390e+00  
9.569960e+00  9.233690e+00  8.942470e+00  8.696160e+00  8.494610e+00  8.337290e+00  
8.222170e+00  8.147780e+00  8.114280e+00  8.115810e+00  8.142610e+00  8.177220e+00  
8.170450e+00  8.103630e+00  7.897730e+00  7.454060e+00  5.937050e+00  4.726290e+00  
2.244480e+00  1.664310e+00  1.052820e+00  9.661400e-01  9.096400e-01  9.012800e-01  
1.273659e+01  1.193784e+01  1.137401e+01  1.085647e+01  1.038489e+01  9.959580e+00  
9.579940e+00  9.245640e+00  8.956660e+00  8.712920e+00  8.514300e+00  8.360290e+00  
8.249110e+00  8.179690e+00  8.152780e+00  8.163590e+00  8.204160e+00  8.260900e+00  
8.294110e+00  8.263100e+00  8.120370e+00  7.763450e+00  6.401650e+00  5.242420e+00  
2.591590e+00  1.880950e+00  1.107250e+00  9.906000e-01  9.142200e-01  9.007800e-01  
1.270754e+01  1.193867e+01  1.137589e+01  1.085952e+01  1.038905e+01  9.964770e+00  
9.586150e+00  9.252970e+00  8.965340e+00  8.723220e+00  8.526460e+00  8.374540e+00  
8.265820e+00  8.199480e+00  8.176640e+00  8.193120e+00  8.242160e+00  8.312930e+00  
8.371620e+00  8.363750e+00  8.264350e+00  7.971350e+00  6.738490e+00  5.637870e+00  
2.897890e+00  2.079170e+00  1.160960e+00  1.016350e+00  9.192100e-01  9.004800e-01  
1.266445e+01  1.193997e+01  1.137850e+01  1.086366e+01  1.039485e+01  9.971940e+00  
9.594630e+00  9.262910e+00  8.977070e+00  8.737110e+00  8.542870e+00  8.393840e+00  
8.288570e+00  8.226530e+00  8.209320e+00  8.233470e+00  8.294040e+00  8.384460e+00  
8.479270e+00  8.504650e+00  8.470190e+00  8.281130e+00  7.290950e+00  6.326630e+00  
3.530940e+00  2.518610e+00  1.291250e+00  1.083670e+00  9.321500e-01  9.000900e-01  
1.263953e+01  1.194045e+01  1.137975e+01  1.086563e+01  1.039770e+01  9.975500e+00  
9.598900e+00  9.267920e+00  8.982960e+00  8.744050e+00  8.551020e+00  8.403460e+00  
8.300010e+00  8.240290e+00  8.226090e+00  8.254260e+00  8.320790e+00  8.421430e+00  
8.535660e+00  8.579100e+00  8.579910e+00  8.452670e+00  7.632810e+00  6.777220e+00  
4.025710e+00  2.897200e+00  1.415950e+00  1.152440e+00  9.451600e-01  8.998900e-01  
1.261205e+01  1.194062e+01  1.138081e+01  1.086751e+01  1.040015e+01  9.978780e+00  
9.603040e+00  9.272950e+00  8.988890e+00  8.750940e+00  8.559050e+00  8.412920e+00  
8.311310e+00  8.253980e+00  8.242920e+00  8.275270e+00  8.347990e+00  8.459060e+00  
8.593650e+00  8.656310e+00  8.693900e+00  8.636220e+00  8.039550e+00  7.342380e+00  
4.762100e+00  3.506770e+00  1.647690e+00  1.287340e+00  9.715400e-01  8.997000e-01  
1.261935e+01  1.194800e+01  1.138003e+01  1.086310e+01  1.039529e+01  9.975060e+00  
9.601530e+00  9.273980e+00  8.992120e+00  8.755800e+00  8.564850e+00  8.418460e+00  
8.314070e+00  8.251580e+00  8.237240e+00  8.277660e+00  8.374180e+00  8.502760e+00  
8.630950e+00  8.691410e+00  8.742120e+00  8.727810e+00  8.285030e+00  7.681490e+00  
5.284650e+00  3.988110e+00  1.860170e+00  1.417630e+00  9.973000e-01  8.996000e-01  
1.261004e+01  1.194782e+01  1.138034e+01  1.086365e+01  1.039607e+01  9.976070e+00  
9.602760e+00  9.275470e+00  8.993890e+00  8.757880e+00  8.567290e+00  8.421350e+00  
8.317500e+00  8.255730e+00  8.242350e+00  8.284150e+00  8.382680e+00  8.514400e+00  
8.648740e+00  8.715540e+00  8.779020e+00  8.788670e+00  8.434680e+00  7.915540e+00  
5.684130e+00  4.374460e+00  2.073400e+00  1.542210e+00  1.023890e+00  8.995500e-01  
1.260359e+01  1.194787e+01  1.138046e+01  1.086399e+01  1.039652e+01  9.976710e+00  
9.603580e+00  9.276470e+00  8.995060e+00  8.759260e+00  8.568930e+00  8.423300e+00  
8.319820e+00  8.258530e+00  8.245790e+00  8.288500e+00  8.388390e+00  8.522280e+00  
8.660860e+00  8.731880e+00  8.803830e+00  8.829780e+00  8.540030e+00  8.084500e+00  
5.999740e+00  4.698260e+00  2.271370e+00  1.663480e+00  1.050540e+00  8.995100e-01  
1.257302e+01  1.194140e+01  1.138276e+01  1.086964e+01  1.040249e+01  9.981970e+00  
9.607580e+00  9.279070e+00  8.996510e+00  8.759970e+00  8.569550e+00  8.425140e+00  
8.325620e+00  8.271060e+00  8.263840e+00  8.301800e+00  8.382950e+00  8.507560e+00  
8.669080e+00  8.758000e+00  8.844320e+00  8.883690e+00  8.674570e+00  8.316260e+00  
6.474100e+00  5.214830e+00  2.623890e+00  1.909460e+00  1.104400e+00  8.994500e-01  
1.256947e+01  1.194086e+01  1.138207e+01  1.086976e+01  1.040353e+01  9.983210e+00  
9.608550e+00  9.279670e+00  8.997030e+00  8.760700e+00  8.570590e+00  8.426530e+00  
8.327430e+00  8.273380e+00  8.266730e+00  8.305200e+00  8.386920e+00  8.512990e+00  
8.678310e+00  8.770650e+00  8.862610e+00  8.914860e+00  8.765970e+00  8.462540e+00  
6.814190e+00  5.616960e+00  2.930560e+00  2.125890e+00  1.157570e+00  8.994100e-01  
