2.596220e+00  2.656650e+00  2.712610e+00  2.764600e+00  2.812480e+00  2.856260e+00  
2.896330e+00  2.933600e+00  2.969370e+00  3.004160e+00  3.038300e+00  3.072500e+00  
3.108280e+00  3.146840e+00  3.187760e+00  3.229500e+00  3.269990e+00  3.307330e+00  
3.338920e+00  3.352540e+00  3.367340e+00  3.381310e+00  3.398390e+00  3.403080e+00  
3.406850e+00  3.407320e+00  3.407720e+00  3.407760e+00  3.407810e+00  3.407820e+00  
3.227090e+00  3.276130e+00  3.322220e+00  3.366320e+00  3.408140e+00  3.447390e+00  
3.483780e+00  3.517070e+00  3.547110e+00  3.573980e+00  3.598190e+00  3.620630e+00  
3.643440e+00  3.668590e+00  3.696580e+00  3.727820e+00  3.762520e+00  3.799990e+00  
3.838170e+00  3.855670e+00  3.869040e+00  3.875730e+00  3.884950e+00  3.888460e+00  
3.889680e+00  3.889670e+00  3.889880e+00  3.889870e+00  3.890090e+00  3.889950e+00  
3.708470e+00  3.766740e+00  3.816830e+00  3.860090e+00  3.896390e+00  3.925940e+00  
3.949350e+00  3.968000e+00  3.983770e+00  3.997410e+00  4.009790e+00  4.022100e+00  
4.036750e+00  4.055680e+00  4.078560e+00  4.103510e+00  4.128750e+00  4.155030e+00  
4.182870e+00  4.196660e+00  4.208820e+00  4.216020e+00  4.220170e+00  4.221020e+00  
4.221680e+00  4.221740e+00  4.221790e+00  4.221810e+00  4.221810e+00  4.221800e+00  
4.440690e+00  4.512810e+00  4.568560e+00  4.609930e+00  4.637090e+00  4.650950e+00  
4.653560e+00  4.648560e+00  4.640700e+00  4.631450e+00  4.621730e+00  4.612850e+00  
4.606860e+00  4.605560e+00  4.608700e+00  4.614540e+00  4.621670e+00  4.631490e+00  
4.645290e+00  4.652650e+00  4.657180e+00  4.657460e+00  4.657140e+00  4.656890e+00  
4.656470e+00  4.656410e+00  4.656360e+00  4.656340e+00  4.656380e+00  4.656360e+00  
4.982140e+00  5.078800e+00  5.139860e+00  5.171810e+00  5.181240e+00  5.176010e+00  
5.159660e+00  5.136280e+00  5.110940e+00  5.084850e+00  5.058270e+00  5.031920e+00  
5.007240e+00  4.985850e+00  4.968380e+00  4.955210e+00  4.946790e+00  4.943530e+00  
4.942790e+00  4.940930e+00  4.937800e+00  4.934290e+00  4.930440e+00  4.929290e+00  
4.928330e+00  4.928220e+00  4.928120e+00  4.928090e+00  4.928090e+00  4.928100e+00  
5.408610e+00  5.527660e+00  5.592350e+00  5.613770e+00  5.605040e+00  5.581030e+00  
5.546930e+00  5.507400e+00  5.467850e+00  5.428140e+00  5.385920e+00  5.341180e+00  
5.298310e+00  5.261320e+00  5.230200e+00  5.203140e+00  5.179030e+00  5.160520e+00  
5.146420e+00  5.137790e+00  5.128340e+00  5.120690e+00  5.113990e+00  5.112180e+00  
5.110730e+00  5.110560e+00  5.110420e+00  5.110380e+00  5.110380e+00  5.110380e+00  
5.761490e+00  5.895940e+00  5.960730e+00  5.970890e+00  5.945000e+00  5.903600e+00  
5.853180e+00  5.798840e+00  5.746200e+00  5.694170e+00  5.638490e+00  5.578580e+00  
5.520750e+00  5.470570e+00  5.427500e+00  5.388210e+00  5.350470e+00  5.318390e+00  
5.292030e+00  5.277560e+00  5.262770e+00  5.251580e+00  5.242060e+00  5.239630e+00  
5.237700e+00  5.237470e+00  5.237290e+00  5.237250e+00  5.237250e+00  5.237260e+00  
6.323660e+00  6.469630e+00  6.525460e+00  6.512100e+00  6.455400e+00  6.383360e+00  
6.304090e+00  6.223240e+00  6.146780e+00  6.072730e+00  5.995180e+00  5.912770e+00  
5.832950e+00  5.762010e+00  5.698930e+00  5.639100e+00  5.579390e+00  5.524830e+00  
5.477390e+00  5.453650e+00  5.430530e+00  5.413520e+00  5.398290e+00  5.394590e+00  
5.391660e+00  5.391300e+00  5.391020e+00  5.390970e+00  5.390950e+00  5.390960e+00  
6.761080e+00  6.901530e+00  6.940530e+00  6.903210e+00  6.819410e+00  6.720860e+00  
6.616510e+00  6.512290e+00  6.414410e+00  6.320850e+00  6.225870e+00  6.127670e+00  
6.032720e+00  5.946230e+00  5.867120e+00  5.790930e+00  5.714580e+00  5.642580e+00  
5.578100e+00  5.547330e+00  5.517860e+00  5.496090e+00  5.475420e+00  5.470450e+00  
5.466540e+00  5.466050e+00  5.465680e+00  5.465620e+00  5.465580e+00  5.465600e+00  
7.546790e+00  7.644330e+00  7.628920e+00  7.532760e+00  7.389800e+00  7.235040e+00  
7.077880e+00  6.924300e+00  6.780580e+00  6.645700e+00  6.516820e+00  6.391640e+00  
6.272130e+00  6.159240e+00  6.052110e+00  5.947760e+00  5.844000e+00  5.743300e+00  
5.649360e+00  5.605820e+00  5.564200e+00  5.532800e+00  5.501410e+00  5.493860e+00  
5.487880e+00  5.487110e+00  5.486540e+00  5.486450e+00  5.486400e+00  5.486400e+00  
8.115870e+00  8.095920e+00  8.016670e+00  7.894410e+00  7.734310e+00  7.544370e+00  
7.336070e+00  7.125260e+00  6.929310e+00  6.751710e+00  6.592600e+00  6.449370e+00  
6.318760e+00  6.195900e+00  6.078020e+00  5.958810e+00  5.834310e+00  5.712150e+00  
5.602170e+00  5.552090e+00  5.501230e+00  5.460080e+00  5.422320e+00  5.413110e+00  
5.405530e+00  5.404610e+00  5.403870e+00  5.403770e+00  5.403720e+00  5.403710e+00  
9.020280e+00  8.759790e+00  8.488940e+00  8.226150e+00  7.971110e+00  7.723550e+00  
7.483690e+00  7.251870e+00  7.027520e+00  6.812260e+00  6.607380e+00  6.412590e+00  
6.229820e+00  6.059080e+00  5.901420e+00  5.758150e+00  5.629340e+00  5.509720e+00  
5.395900e+00  5.343640e+00  5.295920e+00  5.254820e+00  5.168420e+00  5.135420e+00  
5.145930e+00  5.151540e+00  5.147790e+00  5.145780e+00  5.148670e+00  5.146980e+00  
9.320300e+00  9.102060e+00  8.828690e+00  8.528140e+00  8.206940e+00  7.873770e+00  
7.540100e+00  7.220710e+00  6.929730e+00  6.670550e+00  6.442020e+00  6.239230e+00  
6.057700e+00  5.891650e+00  5.736900e+00  5.585770e+00  5.432570e+00  5.282230e+00  
5.141040e+00  5.073290e+00  5.002650e+00  4.945170e+00  4.895960e+00  4.883930e+00  
4.873670e+00  4.872460e+00  4.871500e+00  4.871330e+00  4.871270e+00  4.871270e+00  
9.671720e+00  9.370380e+00  9.020080e+00  8.652340e+00  8.273300e+00  7.891260e+00  
7.516700e+00  7.162690e+00  6.842340e+00  6.557830e+00  6.307380e+00  6.084760e+00  
5.884260e+00  5.700270e+00  5.528610e+00  5.363220e+00  5.199470e+00  5.040360e+00  
4.890430e+00  4.818870e+00  4.746010e+00  4.687920e+00  4.636450e+00  4.623870e+00  
4.613410e+00  4.612170e+00  4.611170e+00  4.611010e+00  4.610930e+00  4.610930e+00  
9.944070e+00  9.568630e+00  9.151520e+00  8.726880e+00  8.299960e+00  7.878470e+00  
7.471690e+00  7.090690e+00  6.747570e+00  6.443680e+00  6.175950e+00  5.937150e+00  
5.720060e+00  5.519470e+00  5.331440e+00  5.152070e+00  4.978310e+00  4.811370e+00  
4.654360e+00  4.580400e+00  4.507500e+00  4.450980e+00  4.398100e+00  4.385220e+00  
4.374870e+00  4.373630e+00  4.372590e+00  4.372470e+00  4.372370e+00  4.372350e+00  
1.028204e+01  9.899400e+00  9.384120e+00  8.819850e+00  8.263100e+00  7.761250e+00  
7.316080e+00  6.920320e+00  6.568040e+00  6.252280e+00  5.959880e+00  5.682510e+00  
5.424330e+00  5.190050e+00  4.976040e+00  4.777300e+00  4.589270e+00  4.408320e+00  
4.236980e+00  4.159540e+00  4.087190e+00  4.033430e+00  3.978690e+00  3.965880e+00  
3.955840e+00  3.954490e+00  3.953520e+00  3.953400e+00  3.953290e+00  3.953250e+00  
1.071760e+01  1.003228e+01  9.371980e+00  8.767090e+00  8.211420e+00  7.700990e+00  
7.232540e+00  6.802940e+00  6.410230e+00  6.054730e+00  5.731920e+00  5.436360e+00  
5.163430e+00  4.911930e+00  4.680640e+00  4.468020e+00  4.271680e+00  4.081850e+00  
3.892610e+00  3.803580e+00  3.727520e+00  3.679060e+00  3.625370e+00  3.610240e+00  
3.600790e+00  3.600010e+00  3.598840e+00  3.598630e+00  3.598580e+00  3.598520e+00  
1.102909e+01  1.032386e+01  9.543860e+00  8.772980e+00  8.060990e+00  7.443310e+00  
6.910070e+00  6.446360e+00  6.037760e+00  5.669530e+00  5.323420e+00  4.990100e+00  
4.676850e+00  4.390090e+00  4.128940e+00  3.885610e+00  3.655790e+00  3.439480e+00  
3.237960e+00  3.144250e+00  3.057840e+00  2.996830e+00  2.941470e+00  2.928930e+00  
2.919250e+00  2.918000e+00  2.917080e+00  2.916950e+00  2.916870e+00  2.916820e+00  
1.141018e+01  1.038885e+01  9.465490e+00  8.651740e+00  7.930400e+00  7.289380e+00  
6.718020e+00  6.208290e+00  5.755110e+00  5.350300e+00  4.984790e+00  4.649170e+00  
4.332950e+00  4.030730e+00  3.746340e+00  3.482340e+00  3.238660e+00  3.009770e+00  
2.792490e+00  2.689790e+00  2.592360e+00  2.522490e+00  2.467170e+00  2.454820e+00  
2.444810e+00  2.443660e+00  2.442740e+00  2.442580e+00  2.442520e+00  2.442510e+00  
1.182060e+01  1.054213e+01  9.451290e+00  8.521400e+00  7.718910e+00  7.023040e+00  
6.417910e+00  5.884390e+00  5.407760e+00  4.978960e+00  4.589120e+00  4.230010e+00  
3.892850e+00  3.572660e+00  3.271340e+00  2.992130e+00  2.732150e+00  2.484830e+00  
2.247230e+00  2.134100e+00  2.028000e+00  1.952740e+00  1.892230e+00  1.878790e+00  
1.868050e+00  1.866820e+00  1.865810e+00  1.865660e+00  1.865570e+00  1.865580e+00  
1.211766e+01  1.066662e+01  9.473460e+00  8.471270e+00  7.619330e+00  6.888890e+00  
6.261420e+00  5.712540e+00  5.220850e+00  4.776210e+00  4.370900e+00  3.997410e+00  
3.647910e+00  3.317620e+00  3.007100e+00  2.718300e+00  2.449890e+00  2.192700e+00  
1.943540e+00  1.824590e+00  1.714210e+00  1.635970e+00  1.569100e+00  1.554100e+00  
1.542400e+00  1.541040e+00  1.539900e+00  1.539750e+00  1.539620e+00  1.539620e+00  
1.236039e+01  1.078682e+01  9.526720e+00  8.474470e+00  7.588380e+00  6.834100e+00  
6.189390e+00  5.627350e+00  5.123330e+00  4.666160e+00  4.248790e+00  3.864310e+00  
3.505440e+00  3.167550e+00  2.850460e+00  2.555080e+00  2.280890e+00  2.018120e+00  
1.761520e+00  1.637940e+00  1.522300e+00  1.438980e+00  1.366430e+00  1.350000e+00  
1.337180e+00  1.335690e+00  1.334410e+00  1.334250e+00  1.334120e+00  1.334070e+00  
1.256865e+01  1.090368e+01  9.597570e+00  8.508700e+00  7.597040e+00  6.825690e+00  
6.167590e+00  5.594130e+00  5.079480e+00  4.612090e+00  4.185030e+00  3.791770e+00  
3.425260e+00  3.080950e+00  2.758230e+00  2.457430e+00  2.177780e+00  1.910600e+00  
1.647880e+00  1.520130e+00  1.399050e+00  1.310220e+00  1.232280e+00  1.214440e+00  
1.200420e+00  1.198780e+00  1.197380e+00  1.197190e+00  1.197070e+00  1.196980e+00  
1.291413e+01  1.112452e+01  9.762190e+00  8.626080e+00  7.679680e+00  6.885260e+00  
6.207990e+00  5.616870e+00  5.085780e+00  4.603260e+00  4.162280e+00  3.756180e+00  
3.377830e+00  3.022470e+00  2.689190e+00  2.377770e+00  2.086470e+00  1.808340e+00  
1.533240e+00  1.397540e+00  1.266330e+00  1.167230e+00  1.078200e+00  1.057250e+00  
1.040620e+00  1.038660e+00  1.037000e+00  1.036780e+00  1.036630e+00  1.036550e+00  
1.319413e+01  1.132631e+01  9.933390e+00  8.771000e+00  7.804990e+00  6.995660e+00  
6.305270e+00  5.701630e+00  5.159020e+00  4.666160e+00  4.215790e+00  3.800700e+00  
3.413150e+00  3.048020e+00  2.704360e+00  2.381830e+00  2.078060e+00  1.785900e+00  
1.497060e+00  1.353120e+00  1.211960e+00  1.102970e+00  1.001950e+00  9.775700e-01  
9.581200e-01  9.558200e-01  9.538900e-01  9.536300e-01  9.534400e-01  9.534100e-01  
1.371799e+01  1.173838e+01  1.031304e+01  9.124790e+00  8.145420e+00  7.318730e+00  
6.610260e+00  5.988370e+00  5.428540e+00  4.919450e+00  4.453310e+00  4.022060e+00  
3.616780e+00  3.231570e+00  2.865520e+00  2.518190e+00  2.186120e+00  1.859390e+00  
1.531620e+00  1.365150e+00  1.196200e+00  1.059840e+00  9.271200e-01  8.940100e-01  
8.674500e-01  8.642500e-01  8.615900e-01  8.612600e-01  8.609400e-01  8.609900e-01  
1.408506e+01  1.204348e+01  1.061279e+01  9.425300e+00  8.451210e+00  7.622860e+00  
6.909350e+00  6.280270e+00  5.711920e+00  5.193090e+00  4.716140e+00  4.272980e+00  
3.854510e+00  3.454590e+00  3.072060e+00  2.706070e+00  2.351870e+00  1.996220e+00  
1.628380e+00  1.438010e+00  1.238030e+00  1.071160e+00  9.061200e-01  8.645600e-01  
8.312000e-01  8.271700e-01  8.237500e-01  8.233000e-01  8.230200e-01  8.228300e-01  
1.455520e+01  1.244671e+01  1.103605e+01  9.883070e+00  8.932720e+00  8.119500e+00  
7.413350e+00  6.784120e+00  6.207740e+00  5.674830e+00  5.180300e+00  4.718880e+00  
4.284700e+00  3.872230e+00  3.476300e+00  3.089510e+00  2.701610e+00  2.296360e+00  
1.856090e+00  1.617650e+00  1.361050e+00  1.136980e+00  9.015800e-01  8.425600e-01  
7.985900e-01  7.934700e-01  7.883500e-01  7.876100e-01  7.879900e-01  7.861600e-01  
1.486687e+01  1.264664e+01  1.126656e+01  1.018753e+01  9.300160e+00  8.523950e+00  
7.830060e+00  7.193330e+00  6.595140e+00  6.038860e+00  5.535520e+00  5.081970e+00  
4.654340e+00  4.235380e+00  3.821810e+00  3.410440e+00  2.998790e+00  2.584500e+00  
2.107870e+00  1.810070e+00  1.483050e+00  1.202170e+00  9.126900e-01  8.395900e-01  
7.821200e-01  7.750100e-01  7.689700e-01  7.677700e-01  7.691100e-01  7.656700e-01  
1.476493e+01  1.280947e+01  1.158127e+01  1.054463e+01  9.637040e+00  8.825890e+00  
8.099740e+00  7.446790e+00  6.857950e+00  6.324240e+00  5.836540e+00  5.384540e+00  
4.955660e+00  4.539610e+00  4.130750e+00  3.720830e+00  3.295330e+00  2.826300e+00  
2.279670e+00  1.965230e+00  1.613330e+00  1.298700e+00  9.352500e-01  8.333900e-01  
7.693900e-01  7.636400e-01  7.558600e-01  7.544500e-01  7.565800e-01  7.516200e-01  
1.485563e+01  1.290220e+01  1.172227e+01  1.072096e+01  9.838580e+00  9.045960e+00  
8.333290e+00  7.689740e+00  7.107150e+00  6.577270e+00  6.091660e+00  5.640650e+00  
5.212180e+00  4.796080e+00  4.386060e+00  3.972660e+00  3.538910e+00  3.051500e+00  
2.468100e+00  2.124290e+00  1.731660e+00  1.375360e+00  9.576600e-01  8.382700e-01  
7.613300e-01  7.543000e-01  7.458900e-01  7.444600e-01  7.468100e-01  7.411800e-01  
1.495316e+01  1.300866e+01  1.191179e+01  1.096668e+01  1.012804e+01  9.369120e+00  
8.682570e+00  8.058960e+00  7.491470e+00  6.972920e+00  6.495880e+00  6.051530e+00  
5.628580e+00  5.216990e+00  4.809640e+00  4.395280e+00  3.953160e+00  3.441510e+00  
2.803650e+00  2.413580e+00  1.953600e+00  1.522860e+00  1.007360e+00  8.556000e-01  
7.515600e-01  7.413700e-01  7.317900e-01  7.304500e-01  7.327700e-01  7.265700e-01  
1.499543e+01  1.306375e+01  1.203056e+01  1.112910e+01  1.032580e+01  9.595540e+00  
8.932310e+00  8.327800e+00  7.775960e+00  7.270410e+00  6.804310e+00  6.369430e+00  
5.954980e+00  5.550990e+00  5.149820e+00  4.739030e+00  4.295200e+00  3.770220e+00  
3.095530e+00  2.671150e+00  2.158130e+00  1.663480e+00  1.060240e+00  8.788000e-01  
7.469900e-01  7.331200e-01  7.222400e-01  7.210500e-01  7.230000e-01  7.168000e-01  
1.501675e+01  1.311947e+01  1.218610e+01  1.136100e+01  1.062019e+01  9.943380e+00  
9.326070e+00  8.761480e+00  8.244760e+00  7.770500e+00  7.332770e+00  6.924050e+00  
6.534050e+00  6.152840e+00  5.772260e+00  5.378390e+00  4.944000e+00  4.411180e+00  
3.689500e+00  3.212090e+00  2.607540e+00  1.992430e+00  1.196660e+00  9.485900e-01  
7.470500e-01  7.229600e-01  7.079700e-01  7.071100e-01  7.076000e-01  7.024500e-01  
1.500614e+01  1.313268e+01  1.225782e+01  1.148111e+01  1.078110e+01  1.014074e+01  
9.556310e+00  9.021900e+00  8.533210e+00  8.085340e+00  7.672790e+00  7.288320e+00  
6.921690e+00  6.562920e+00  6.203830e+00  5.830020e+00  5.412660e+00  4.888840e+00  
4.153800e+00  3.649770e+00  2.989140e+00  2.288080e+00  1.330560e+00  1.023480e+00  
7.551500e-01  7.206300e-01  7.002100e-01  6.994300e-01  6.984600e-01  6.946300e-01  
1.498013e+01  1.312971e+01  1.232260e+01  1.160294e+01  1.095240e+01  1.035827e+01  
9.817130e+00  9.324150e+00  8.875600e+00  8.467180e+00  8.093760e+00  7.748330e+00  
7.420450e+00  7.100010e+00  6.779260e+00  6.444040e+00  6.064840e+00  5.574780e+00  
4.852430e+00  4.330760e+00  3.611110e+00  2.797130e+00  1.580920e+00  1.171850e+00  
7.811500e-01  7.265500e-01  6.925200e-01  6.910800e-01  6.881200e-01  6.863000e-01  
1.495979e+01  1.312403e+01  1.235444e+01  1.166621e+01  1.104429e+01  1.047760e+01  
9.963180e+00  9.496700e+00  9.074810e+00  8.693540e+00  8.348030e+00  8.031360e+00  
7.732950e+00  7.442650e+00  7.153300e+00  6.851450e+00  6.508210e+00  6.055860e+00  
5.364570e+00  4.845910e+00  4.102850e+00  3.221700e+00  1.813660e+00  1.313560e+00  
8.124300e-01  7.389100e-01  6.893700e-01  6.865600e-01  6.825300e-01  6.819000e-01  
1.493058e+01  1.311900e+01  1.237923e+01  1.171491e+01  1.111321e+01  1.056463e+01  
1.006612e+01  9.613890e+00  9.204880e+00  8.836320e+00  8.505110e+00  8.206890e+00  
7.934700e+00  7.679850e+00  7.430880e+00  7.164420e+00  6.845190e+00  6.415590e+00  
5.753760e+00  5.248230e+00  4.505840e+00  3.591860e+00  2.036890e+00  1.447320e+00  
8.424300e-01  7.523100e-01  6.888900e-01  6.844800e-01  6.809200e-01  6.792000e-01  
1.490115e+01  1.311545e+01  1.239670e+01  1.174852e+01  1.115972e+01  1.062258e+01  
1.013484e+01  9.693800e+00  9.297460e+00  8.943260e+00  8.628170e+00  8.347670e+00  
8.094480e+00  7.859870e+00  7.633110e+00  7.391820e+00  7.101230e+00  6.702620e+00  
6.071560e+00  5.579310e+00  4.843140e+00  3.910790e+00  2.242420e+00  1.574500e+00  
8.750900e-01  7.682000e-01  6.891000e-01  6.832600e-01  6.787300e-01  6.773700e-01  
1.488514e+01  1.312500e+01  1.242131e+01  1.178726e+01  1.121357e+01  1.069291e+01  
1.022309e+01  9.801370e+00  9.425470e+00  9.092840e+00  8.800240e+00  8.542800e+00  
8.312360e+00  8.101130e+00  7.903880e+00  7.708560e+00  7.484670e+00  7.152260e+00  
6.565770e+00  6.092700e+00  5.381760e+00  4.442390e+00  2.605870e+00  1.816230e+00  
9.406500e-01  8.019900e-01  6.917000e-01  6.820800e-01  6.758800e-01  6.750600e-01  
1.486020e+01  1.312947e+01  1.244036e+01  1.181849e+01  1.125569e+01  1.074563e+01  
1.028648e+01  9.875610e+00  9.511120e+00  9.190750e+00  8.911730e+00  8.669680e+00  
8.457090e+00  8.266960e+00  8.095120e+00  7.930860e+00  7.745300e+00  7.459250e+00  
6.927260e+00  6.484100e+00  5.801170e+00  4.865910e+00  2.926830e+00  2.039440e+00  
1.004430e+00  8.365000e-01  6.958900e-01  6.821200e-01  6.743900e-01  6.736400e-01  
1.479358e+01  1.313502e+01  1.247629e+01  1.187697e+01  1.133096e+01  1.083462e+01  
1.038726e+01  9.987750e+00  9.635920e+00  9.330560e+00  9.070050e+00  8.851700e+00  
8.670340e+00  8.520160e+00  8.394830e+00  8.277570e+00  8.140100e+00  7.929530e+00  
7.526470e+00  7.160920e+00  6.541260e+00  5.636890e+00  3.596140e+00  2.526560e+00  
1.155830e+00  9.213700e-01  7.093400e-01  6.859100e-01  6.728100e-01  6.717400e-01  
1.473687e+01  1.314531e+01  1.249587e+01  1.190467e+01  1.136634e+01  1.087801e+01  
1.043896e+01  1.004810e+01  9.705270e+00  9.409630e+00  9.159920e+00  8.954030e+00  
8.787480e+00  8.655560e+00  8.553540e+00  8.467040e+00  8.371250e+00  8.218240e+00  
7.898140e+00  7.589340e+00  7.040250e+00  6.195170e+00  4.113330e+00  2.923450e+00  
1.298500e+00  1.008590e+00  7.264600e-01  6.885000e-01  6.725300e-01  6.707800e-01  
1.458061e+01  1.315443e+01  1.251518e+01  1.193276e+01  1.140250e+01  1.092228e+01  
1.049147e+01  1.010921e+01  9.775560e+00  9.490120e+00  9.252170e+00  9.060110e+00  
8.910470e+00  8.799840e+00  8.725500e+00  8.676260e+00  8.632330e+00  8.554270e+00  
8.347230e+00  8.116770e+00  7.666020e+00  6.920990e+00  4.894130e+00  3.582770e+00  
1.556360e+00  1.164440e+00  7.615200e-01  7.026600e-01  6.739100e-01  6.698200e-01  
1.444537e+01  1.315770e+01  1.252400e+01  1.194605e+01  1.142008e+01  1.094402e+01  
1.051731e+01  1.013930e+01  9.810070e+00  9.529590e+00  9.297550e+00  9.112880e+00  
8.973030e+00  8.875530e+00  8.818310e+00  8.790800e+00  8.775900e+00  8.743170e+00  
8.612400e+00  8.437030e+00  8.054950e+00  7.378740e+00  5.448870e+00  4.119380e+00  
1.792460e+00  1.303950e+00  7.955100e-01  7.225000e-01  6.740600e-01  6.693300e-01  
1.434623e+01  1.316046e+01  1.252986e+01  1.195339e+01  1.142843e+01  1.095419e+01  
1.052995e+01  1.015555e+01  9.831090e+00  9.556010e+00  9.329010e+00  9.148740e+00  
9.013760e+00  8.922840e+00  8.874730e+00  8.860140e+00  8.864860e+00  8.865150e+00  
8.784150e+00  8.642170e+00  8.318330e+00  7.730410e+00  5.908230e+00  4.526680e+00  
1.997700e+00  1.441170e+00  8.327100e-01  7.369500e-01  6.798700e-01  6.690400e-01  
1.427758e+01  1.315942e+01  1.253158e+01  1.195836e+01  1.143663e+01  1.096487e+01  
1.054242e+01  1.016921e+01  9.845510e+00  9.571430e+00  9.346860e+00  9.170970e+00  
9.041460e+00  8.956590e+00  8.915470e+00  8.909850e+00  8.926850e+00  8.944880e+00  
8.902960e+00  8.799870e+00  8.525450e+00  7.978390e+00  6.229700e+00  4.895010e+00  
2.210580e+00  1.566900e+00  8.658400e-01  7.574800e-01  6.780400e-01  6.688400e-01  
1.419126e+01  1.316079e+01  1.253578e+01  1.196504e+01  1.144549e+01  1.097610e+01  
1.055609e+01  1.018555e+01  9.864810e+00  9.594030e+00  9.373180e+00  9.201690e+00  
9.077440e+00  8.999270e+00  8.966810e+00  8.973110e+00  9.007640e+00  9.053610e+00  
9.062230e+00  9.003220e+00  8.800480e+00  8.347880e+00  6.758610e+00  5.457640e+00  
2.588630e+00  1.803010e+00  9.341300e-01  7.931100e-01  6.830100e-01  6.685900e-01  
1.413688e+01  1.316182e+01  1.253852e+01  1.196923e+01  1.145121e+01  1.098324e+01  
1.056483e+01  1.019595e+01  9.877040e+00  9.608220e+00  9.389560e+00  9.220700e+00  
9.099640e+00  9.025560e+00  8.998510e+00  9.012330e+00  9.057990e+00  9.121600e+00  
9.162710e+00  9.133400e+00  8.981780e+00  8.600990e+00  7.147420e+00  5.891910e+00  
2.918890e+00  2.017420e+00  9.998300e-01  8.284900e-01  6.887400e-01  6.684400e-01  
1.405363e+01  1.316283e+01  1.254214e+01  1.197492e+01  1.145894e+01  1.099307e+01  
1.057686e+01  1.021032e+01  9.893820e+00  9.627630e+00  9.411950e+00  9.246610e+00  
9.129940e+00  9.061350e+00  9.041720e+00  9.066090e+00  9.127560e+00  9.215850e+00  
9.303100e+00  9.317830e+00  9.246260e+00  8.986460e+00  7.794210e+00  6.656820e+00  
3.597490e+00  2.494950e+00  1.154290e+00  9.146900e-01  7.049800e-01  6.682500e-01  
1.400535e+01  1.316276e+01  1.254369e+01  1.197762e+01  1.146272e+01  1.099801e+01  
1.058284e+01  1.021741e+01  9.902130e+00  9.637330e+00  9.423230e+00  9.259780e+00  
9.145440e+00  9.079680e+00  9.063950e+00  9.093920e+00  9.163890e+00  9.265280e+00  
9.377090e+00  9.415810e+00  9.389600e+00  9.204390e+00  8.199470e+00  7.165230e+00  
4.126560e+00  2.912520e+00  1.297680e+00  9.975800e-01  7.225500e-01  6.681500e-01  
1.395386e+01  1.316396e+01  1.254603e+01  1.197982e+01  1.146461e+01  1.100026e+01  
1.058634e+01  1.022286e+01  9.910300e+00  9.648300e+00  9.436220e+00  9.273800e+00  
9.161040e+00  9.098460e+00  9.087290e+00  9.121910e+00  9.197190e+00  9.312850e+00  
9.460920e+00  9.529080e+00  9.539170e+00  9.402890e+00  8.676370e+00  7.928970e+00  
4.894390e+00  3.524580e+00  1.557330e+00  1.169620e+00  7.587900e-01  6.680500e-01  
1.392660e+01  1.316424e+01  1.254721e+01  1.198133e+01  1.146641e+01  1.100224e+01  
1.058870e+01  1.022557e+01  9.913320e+00  9.651940e+00  9.441320e+00  9.281160e+00  
9.170190e+00  9.108270e+00  9.097600e+00  9.135130e+00  9.217700e+00  9.343150e+00  
9.496290e+00  9.569150e+00  9.617080e+00  9.568380e+00  8.967270e+00  8.235600e+00  
5.500240e+00  4.096630e+00  1.788400e+00  1.301290e+00  7.959500e-01  6.680100e-01  
1.391037e+01  1.316501e+01  1.254805e+01  1.198206e+01  1.146689e+01  1.100297e+01  
1.058978e+01  1.022731e+01  9.915670e+00  9.654870e+00  9.444820e+00  9.285190e+00  
9.174910e+00  9.113970e+00  9.104660e+00  9.144080e+00  9.229250e+00  9.358890e+00  
9.520850e+00  9.602360e+00  9.665050e+00  9.645600e+00  9.159630e+00  8.516050e+00  
5.939320e+00  4.521900e+00  2.023260e+00  1.438390e+00  8.318200e-01  6.679800e-01  
1.389909e+01  1.316561e+01  1.254868e+01  1.198254e+01  1.146731e+01  1.100353e+01  
1.059068e+01  1.022857e+01  9.917300e+00  9.656860e+00  9.447130e+00  9.287910e+00  
9.178110e+00  9.117830e+00  9.109390e+00  9.150080e+00  9.237050e+00  9.369520e+00  
9.537440e+00  9.624940e+00  9.697640e+00  9.698250e+00  9.296910e+00  8.722370e+00  
6.289880e+00  4.879440e+00  2.248350e+00  1.567730e+00  8.669400e-01  6.679600e-01  
1.388382e+01  1.316578e+01  1.254932e+01  1.198345e+01  1.146857e+01  1.100513e+01  
1.059262e+01  1.023071e+01  9.919590e+00  9.659300e+00  9.449900e+00  9.291260e+00  
9.182170e+00  9.122700e+00  9.115270e+00  9.157430e+00  9.246670e+00  9.382800e+00  
9.558180e+00  9.653140e+00  9.739340e+00  9.766600e+00  9.478760e+00  9.005740e+00  
6.820290e+00  5.452610e+00  2.643060e+00  1.846520e+00  9.348900e-01  6.679400e-01  
1.387372e+01  1.316261e+01  1.254724e+01  1.198411e+01  1.147176e+01  1.100955e+01  
1.059696e+01  1.023417e+01  9.921850e+00  9.660400e+00  9.450220e+00  9.291510e+00  
9.183020e+00  9.124730e+00  9.119100e+00  9.163330e+00  9.254250e+00  9.389820e+00  
9.567630e+00  9.670440e+00  9.766880e+00  9.810200e+00  9.596530e+00  9.186770e+00  
7.197910e+00  5.904960e+00  2.985530e+00  2.084080e+00  1.000420e+00  6.679200e-01  
