9.454300e-01  9.844700e-01  1.024020e+00  1.064260e+00  1.105140e+00  1.146650e+00  
1.188850e+00  1.231910e+00  1.276110e+00  1.321620e+00  1.368590e+00  1.417430e+00  
1.468930e+00  1.523060e+00  1.577080e+00  1.624550e+00  1.659200e+00  1.683500e+00  
1.701780e+00  1.710150e+00  1.722910e+00  1.736190e+00  1.741240e+00  1.742030e+00  
1.744080e+00  1.743970e+00  1.743610e+00  1.744060e+00  1.744110e+00  1.744250e+00  
1.300990e+00  1.344740e+00  1.389710e+00  1.436330e+00  1.484600e+00  1.534530e+00  
1.586050e+00  1.639090e+00  1.693510e+00  1.749120e+00  1.805560e+00  1.862360e+00  
1.918820e+00  1.974010e+00  2.026640e+00  2.075040e+00  2.117310e+00  2.152520e+00  
2.177010e+00  2.181490e+00  2.177840e+00  2.171920e+00  2.194580e+00  2.211310e+00  
2.206540e+00  2.202840e+00  2.202950e+00  2.204070e+00  2.203570e+00  2.204560e+00  
1.616200e+00  1.666110e+00  1.717020e+00  1.769540e+00  1.823640e+00  1.879290e+00  
1.936370e+00  1.994740e+00  2.054200e+00  2.114480e+00  2.175130e+00  2.235520e+00  
2.294830e+00  2.351940e+00  2.405390e+00  2.453360e+00  2.494030e+00  2.527140e+00  
2.550170e+00  2.554540e+00  2.551600e+00  2.547240e+00  2.572460e+00  2.589510e+00  
2.582610e+00  2.578660e+00  2.579390e+00  2.580560e+00  2.579510e+00  2.580570e+00  
2.148150e+00  2.215640e+00  2.281940e+00  2.347760e+00  2.412790e+00  2.476740e+00  
2.539380e+00  2.600550e+00  2.660190e+00  2.718130e+00  2.774360e+00  2.829040e+00  
2.883130e+00  2.937050e+00  2.989160e+00  3.036150e+00  3.074580e+00  3.104030e+00  
3.126470e+00  3.136690e+00  3.147120e+00  3.155630e+00  3.163500e+00  3.164780e+00  
3.164980e+00  3.165360e+00  3.166110e+00  3.165990e+00  3.165090e+00  3.165200e+00  
2.584710e+00  2.673460e+00  2.756170e+00  2.833500e+00  2.905000e+00  2.970630e+00  
3.030880e+00  3.087150e+00  3.141520e+00  3.194360e+00  3.245670e+00  3.295420e+00  
3.344180e+00  3.392010e+00  3.437410e+00  3.477550e+00  3.510070e+00  3.536890e+00  
3.560460e+00  3.571370e+00  3.583650e+00  3.594440e+00  3.602790e+00  3.603980e+00  
3.601260e+00  3.602620e+00  3.604560e+00  3.602760e+00  3.602200e+00  3.601730e+00  
2.958520e+00  3.065740e+00  3.162060e+00  3.248060e+00  3.323210e+00  3.387700e+00  
3.442840e+00  3.491640e+00  3.538180e+00  3.583420e+00  3.627400e+00  3.670080e+00  
3.711800e+00  3.752520e+00  3.790880e+00  3.824350e+00  3.851120e+00  3.874110e+00  
3.897130e+00  3.909210e+00  3.922970e+00  3.934830e+00  3.943680e+00  3.944630e+00  
3.940210e+00  3.942030e+00  3.944700e+00  3.942160e+00  3.941380e+00  3.940740e+00  
3.286230e+00  3.408120e+00  3.514680e+00  3.606440e+00  3.682800e+00  3.744250e+00  
3.792900e+00  3.833120e+00  3.870870e+00  3.907550e+00  3.943300e+00  3.978090e+00  
4.012160e+00  4.045470e+00  4.076770e+00  4.103780e+00  4.125050e+00  4.144220e+00  
4.166090e+00  4.178730e+00  4.193150e+00  4.205380e+00  4.214420e+00  4.215250e+00  
4.210040e+00  4.212060e+00  4.215040e+00  4.212170e+00  4.211300e+00  4.210600e+00  
3.841680e+00  3.981410e+00  4.098710e+00  4.194300e+00  4.267610e+00  4.319690e+00  
4.353860e+00  4.376610e+00  4.396490e+00  4.415640e+00  4.434340e+00  4.452810e+00  
4.471340e+00  4.490070e+00  4.508090e+00  4.523460e+00  4.535200e+00  4.547500e+00  
4.565880e+00  4.577970e+00  4.591400e+00  4.602330e+00  4.611000e+00  4.611930e+00  
4.607400e+00  4.609200e+00  4.611860e+00  4.609320e+00  4.608550e+00  4.607940e+00  
4.301950e+00  4.447780e+00  4.566140e+00  4.658240e+00  4.723700e+00  4.764040e+00  
4.783400e+00  4.789600e+00  4.792670e+00  4.795210e+00  4.797660e+00  4.800570e+00  
4.804460e+00  4.809800e+00  4.815980e+00  4.821320e+00  4.825110e+00  4.831360e+00  
4.845250e+00  4.855340e+00  4.865790e+00  4.873690e+00  4.881310e+00  4.882570e+00  
4.880400e+00  4.881500e+00  4.883100e+00  4.881630e+00  4.881210e+00  4.880870e+00  
5.179490e+00  5.343460e+00  5.446910e+00  5.500730e+00  5.518760e+00  5.517430e+00  
5.502720e+00  5.480450e+00  5.457520e+00  5.433480e+00  5.405190e+00  5.372140e+00  
5.339940e+00  5.313640e+00  5.293470e+00  5.277940e+00  5.266450e+00  5.262490e+00  
5.264480e+00  5.263700e+00  5.262960e+00  5.263460e+00  5.266350e+00  5.268060e+00  
5.273230e+00  5.272450e+00  5.270800e+00  5.271940e+00  5.273260e+00  5.273560e+00  
5.853930e+00  5.959530e+00  6.027040e+00  6.061450e+00  6.063860e+00  6.037480e+00  
5.988430e+00  5.926520e+00  5.863760e+00  5.803320e+00  5.746220e+00  5.693200e+00  
5.645190e+00  5.602850e+00  5.566290e+00  5.534470e+00  5.506890e+00  5.485580e+00  
5.472420e+00  5.467130e+00  5.456740e+00  5.444990e+00  5.443400e+00  5.445730e+00  
5.457210e+00  5.454030e+00  5.449230e+00  5.454170e+00  5.455760e+00  5.456980e+00  
6.804610e+00  6.840930e+00  6.837300e+00  6.802390e+00  6.738600e+00  6.650250e+00  
6.544290e+00  6.431070e+00  6.322220e+00  6.221200e+00  6.128450e+00  6.043640e+00  
5.966440e+00  5.895900e+00  5.832020e+00  5.773760e+00  5.720500e+00  5.673910e+00  
5.634980e+00  5.615720e+00  5.588800e+00  5.562540e+00  5.550990e+00  5.552440e+00  
5.569460e+00  5.564080e+00  5.556100e+00  5.564130e+00  5.566690e+00  5.568660e+00  
7.611800e+00  7.484340e+00  7.349070e+00  7.215760e+00  7.084390e+00  6.954950e+00  
6.827620e+00  6.702650e+00  6.579960e+00  6.460400e+00  6.344790e+00  6.233080e+00  
6.126430e+00  6.025250e+00  5.930540e+00  5.843610e+00  5.765580e+00  5.695690e+00  
5.635800e+00  5.613050e+00  5.597630e+00  5.586140e+00  5.538310e+00  5.518160e+00  
5.539860e+00  5.543580e+00  5.534960e+00  5.534770e+00  5.548420e+00  5.544600e+00  
8.103790e+00  7.927610e+00  7.744220e+00  7.565050e+00  7.389950e+00  7.219040e+00  
7.052470e+00  6.890480e+00  6.733330e+00  6.581920e+00  6.437270e+00  6.299350e+00  
6.169610e+00  6.048970e+00  5.938490e+00  5.839690e+00  5.753300e+00  5.676080e+00  
5.606760e+00  5.577770e+00  5.554190e+00  5.533580e+00  5.471580e+00  5.446680e+00  
5.467320e+00  5.472320e+00  5.465120e+00  5.464100e+00  5.473920e+00  5.470880e+00  
8.495130e+00  8.275680e+00  8.049960e+00  7.830700e+00  7.617640e+00  7.410950e+00  
7.210750e+00  7.017130e+00  6.830680e+00  6.652400e+00  6.483230e+00  6.323230e+00  
6.173890e+00  6.036650e+00  5.912530e+00  5.803170e+00  5.709030e+00  5.625180e+00  
5.548350e+00  5.514940e+00  5.486070e+00  5.459840e+00  5.388040e+00  5.358620e+00  
5.374630e+00  5.380690e+00  5.376220e+00  5.374340e+00  5.378700e+00  5.376730e+00  
8.939600e+00  8.816130e+00  8.576570e+00  8.271230e+00  7.945430e+00  7.640660e+00  
7.362630e+00  7.109840e+00  6.881170e+00  6.674570e+00  6.485150e+00  6.308970e+00  
6.145700e+00  5.995810e+00  5.857710e+00  5.728880e+00  5.605610e+00  5.482150e+00  
5.363980e+00  5.315240e+00  5.269980e+00  5.234580e+00  5.194020e+00  5.181530e+00  
5.161330e+00  5.162650e+00  5.166550e+00  5.163320e+00  5.159690e+00  5.158970e+00  
9.372920e+00  9.186510e+00  8.880440e+00  8.510460e+00  8.125410e+00  7.768860e+00  
7.446010e+00  7.154790e+00  6.893030e+00  6.657710e+00  6.442220e+00  6.241640e+00  
6.055500e+00  5.884430e+00  5.727030e+00  5.580500e+00  5.440440e+00  5.298250e+00  
5.161780e+00  5.107870e+00  5.058720e+00  5.020050e+00  4.973380e+00  4.958050e+00  
4.930320e+00  4.932700e+00  4.938870e+00  4.934040e+00  4.928570e+00  4.927440e+00  
1.009402e+01  9.744810e+00  9.295570e+00  8.803420e+00  8.314860e+00  7.868940e+00  
7.468320e+00  7.110010e+00  6.790450e+00  6.502990e+00  6.237890e+00  5.988820e+00  
5.756740e+00  5.542960e+00  5.347050e+00  5.164310e+00  4.990790e+00  4.822120e+00  
4.661500e+00  4.589520e+00  4.520640e+00  4.467070e+00  4.410200e+00  4.394460e+00  
4.375040e+00  4.375170e+00  4.377230e+00  4.374990e+00  4.372500e+00  4.371910e+00  
1.065301e+01  1.000878e+01  9.400890e+00  8.840850e+00  8.324230e+00  7.848090e+00  
7.409750e+00  7.007420e+00  6.640150e+00  6.305110e+00  5.998780e+00  5.717170e+00  
5.455260e+00  5.210040e+00  4.982940e+00  4.773630e+00  4.580820e+00  4.398500e+00  
4.221750e+00  4.135640e+00  4.049250e+00  3.980410e+00  3.916060e+00  3.905650e+00  
3.898920e+00  3.896380e+00  3.892170e+00  3.892790e+00  3.897860e+00  3.896750e+00  
1.111626e+01  1.035172e+01  9.599520e+00  8.887950e+00  8.236330e+00  7.660590e+00  
7.154250e+00  6.704830e+00  6.301030e+00  5.933990e+00  5.594130e+00  5.275390e+00  
4.977150e+00  4.698940e+00  4.439670e+00  4.196790e+00  3.967570e+00  3.755540e+00  
3.557500e+00  3.458490e+00  3.360840e+00  3.286110e+00  3.215480e+00  3.199410e+00  
3.192150e+00  3.189080e+00  3.185270e+00  3.186780e+00  3.188600e+00  3.188720e+00  
1.149059e+01  1.049162e+01  9.611230e+00  8.832460e+00  8.140630e+00  7.524990e+00  
6.977940e+00  6.489320e+00  6.049550e+00  5.652210e+00  5.291130e+00  4.959340e+00  
4.648170e+00  4.351890e+00  4.071050e+00  3.807370e+00  3.561320e+00  3.329950e+00  
3.113510e+00  3.011900e+00  2.913610e+00  2.838110e+00  2.763540e+00  2.744590e+00  
2.727320e+00  2.726290e+00  2.725870e+00  2.724600e+00  2.724090e+00  2.723780e+00  
1.171519e+01  1.060248e+01  9.643670e+00  8.804790e+00  8.068550e+00  7.419940e+00  
6.847900e+00  6.339160e+00  5.881030e+00  5.466080e+00  5.088230e+00  4.740690e+00  
4.415150e+00  4.106080e+00  3.813610e+00  3.538850e+00  3.282650e+00  3.041720e+00  
2.815800e+00  2.709610e+00  2.607550e+00  2.529740e+00  2.452840e+00  2.433370e+00  
2.415090e+00  2.414200e+00  2.414020e+00  2.412420e+00  2.411770e+00  2.411740e+00  
1.187601e+01  1.068543e+01  9.675130e+00  8.795770e+00  8.029100e+00  7.357790e+00  
6.767600e+00  6.243330e+00  5.770730e+00  5.341910e+00  4.950840e+00  4.590950e+00  
4.254330e+00  3.935670e+00  3.634940e+00  3.352890e+00  3.090120e+00  2.843280e+00  
2.610470e+00  2.500180e+00  2.393640e+00  2.312240e+00  2.233430e+00  2.214070e+00  
2.197690e+00  2.196200e+00  2.195110e+00  2.194380e+00  2.193990e+00  2.194360e+00  
1.209154e+01  1.081097e+01  9.745120e+00  8.820430e+00  8.018350e+00  7.319880e+00  
6.706540e+00  6.161060e+00  5.668060e+00  5.219620e+00  4.809820e+00  4.432420e+00  
4.080070e+00  3.747820e+00  3.435260e+00  3.142600e+00  2.869380e+00  2.612120e+00  
2.366620e+00  2.248750e+00  2.134310e+00  2.046630e+00  1.962730e+00  1.942620e+00  
1.927780e+00  1.925520e+00  1.923340e+00  1.923660e+00  1.923610e+00  1.923850e+00  
1.222963e+01  1.090750e+01  9.820100e+00  8.876420e+00  8.058520e+00  7.346360e+00  
6.720120e+00  6.161830e+00  5.656130e+00  5.195270e+00  4.773510e+00  4.384700e+00  
4.021750e+00  3.679790e+00  3.358090e+00  3.056350e+00  2.773230e+00  2.504310e+00  
2.245330e+00  2.119810e+00  1.997960e+00  1.904390e+00  1.813450e+00  1.791230e+00  
1.774460e+00  1.772130e+00  1.770000e+00  1.770180e+00  1.770110e+00  1.769590e+00  
1.242899e+01  1.107183e+01  9.976290e+00  9.023420e+00  8.198360e+00  7.475440e+00  
6.836800e+00  6.265460e+00  5.747200e+00  5.274260e+00  4.840520e+00  4.439220e+00  
4.062500e+00  3.704990e+00  3.365920e+00  3.044920e+00  2.739670e+00  2.442860e+00  
2.149000e+00  2.002300e+00  1.855880e+00  1.739910e+00  1.626660e+00  1.598190e+00  
1.575080e+00  1.572520e+00  1.570470e+00  1.570030e+00  1.569770e+00  1.569250e+00  
1.253633e+01  1.117040e+01  1.008392e+01  9.138840e+00  8.320780e+00  7.600580e+00  
6.962720e+00  6.391740e+00  5.874640e+00  5.403240e+00  4.970440e+00  4.568330e+00  
4.187300e+00  3.821080e+00  3.469580e+00  3.133560e+00  2.810630e+00  2.490610e+00  
2.163250e+00  1.994070e+00  1.817150e+00  1.671210e+00  1.532840e+00  1.499240e+00  
1.472230e+00  1.468770e+00  1.465750e+00  1.465490e+00  1.465190e+00  1.466590e+00  
1.264476e+01  1.126894e+01  1.020877e+01  9.296210e+00  8.506580e+00  7.810870e+00  
7.193280e+00  6.637910e+00  6.131080e+00  5.665400e+00  5.234990e+00  4.833150e+00  
4.451620e+00  4.083910e+00  3.727020e+00  3.376690e+00  3.026430e+00  2.664570e+00  
2.275600e+00  2.064140e+00  1.833610e+00  1.632370e+00  1.432590e+00  1.390750e+00  
1.364050e+00  1.360090e+00  1.353370e+00  1.352490e+00  1.354520e+00  1.358310e+00  
1.268041e+01  1.131295e+01  1.028582e+01  9.407120e+00  8.644440e+00  7.972150e+00  
7.374730e+00  6.836420e+00  6.343430e+00  5.888620e+00  5.466380e+00  5.070140e+00  
4.691570e+00  4.323960e+00  3.964010e+00  3.606900e+00  3.243810e+00  2.856870e+00  
2.420630e+00  2.171710e+00  1.889710e+00  1.636960e+00  1.383930e+00  1.332630e+00  
1.305970e+00  1.301860e+00  1.292110e+00  1.290750e+00  1.294620e+00  1.298880e+00  
1.268294e+01  1.133074e+01  1.033811e+01  9.490160e+00  8.751890e+00  8.100310e+00  
7.520560e+00  6.997220e+00  6.516640e+00  6.071970e+00  5.657940e+00  5.268160e+00  
4.894400e+00  4.529860e+00  4.170880e+00  3.811890e+00  3.442010e+00  3.038060e+00  
2.565630e+00  2.286240e+00  1.959950e+00  1.662590e+00  1.359900e+00  1.297720e+00  
1.268730e+00  1.264550e+00  1.252660e+00  1.250830e+00  1.255690e+00  1.259160e+00  
1.267013e+01  1.133576e+01  1.037664e+01  9.555550e+00  8.838930e+00  8.205340e+00  
7.640780e+00  7.130320e+00  6.660650e+00  6.225250e+00  5.819080e+00  5.436030e+00  
5.067980e+00  4.708070e+00  4.352240e+00  3.994170e+00  3.621130e+00  3.205470e+00  
2.704720e+00  2.400120e+00  2.036030e+00  1.698870e+00  1.349880e+00  1.276110e+00  
1.242700e+00  1.238300e+00  1.224860e+00  1.222620e+00  1.227950e+00  1.230220e+00  
1.262821e+01  1.133006e+01  1.043029e+01  9.653590e+00  8.973040e+00  8.369030e+00  
7.829180e+00  7.339760e+00  6.888410e+00  6.469170e+00  6.077470e+00  5.707630e+00  
5.351900e+00  5.003370e+00  4.657240e+00  4.305700e+00  3.932770e+00  3.503230e+00  
2.960630e+00  2.616020e+00  2.190120e+00  1.785960e+00  1.357250e+00  1.258670e+00  
1.204620e+00  1.199490e+00  1.188960e+00  1.187330e+00  1.192460e+00  1.190550e+00  
1.247429e+01  1.129022e+01  1.048546e+01  9.765910e+00  9.116250e+00  8.524630e+00  
7.986530e+00  7.496470e+00  7.049820e+00  6.641490e+00  6.265780e+00  5.915350e+00  
5.580110e+00  5.250780e+00  4.920870e+00  4.579430e+00  4.205020e+00  3.752420e+00  
3.158810e+00  2.783070e+00  2.330460e+00  1.900120e+00  1.399660e+00  1.257900e+00  
1.171950e+00  1.170670e+00  1.172900e+00  1.170030e+00  1.158810e+00  1.164520e+00  
1.247478e+01  1.130879e+01  1.055058e+01  9.871260e+00  9.258880e+00  8.703060e+00  
8.199560e+00  7.743280e+00  7.329770e+00  6.954000e+00  6.610010e+00  6.289820e+00  
5.981860e+00  5.675940e+00  5.366360e+00  5.043680e+00  4.689260e+00  4.262300e+00  
3.677340e+00  3.264280e+00  2.700040e+00  2.122720e+00  1.457680e+00  1.276090e+00  
1.164450e+00  1.150320e+00  1.130100e+00  1.128610e+00  1.126520e+00  1.126840e+00  
1.241906e+01  1.128906e+01  1.057645e+01  9.935560e+00  9.355910e+00  8.828790e+00  
8.350640e+00  7.917140e+00  7.524480e+00  7.168310e+00  6.843360e+00  6.542410e+00  
6.254680e+00  5.970450e+00  5.683850e+00  5.384670e+00  5.051980e+00  4.638530e+00  
4.046970e+00  3.616100e+00  3.013520e+00  2.370320e+00  1.558890e+00  1.319140e+00  
1.154650e+00  1.134510e+00  1.111760e+00  1.109390e+00  1.107080e+00  1.106570e+00  
1.230501e+01  1.123766e+01  1.059563e+01  1.001278e+01  9.481250e+00  8.994690e+00  
8.550770e+00  8.146530e+00  7.779450e+00  7.446640e+00  7.144550e+00  6.868220e+00  
6.609990e+00  6.362220e+00  6.118660e+00  5.866910e+00  5.579290e+00  5.189570e+00  
4.581030e+00  4.127830e+00  3.496470e+00  2.794080e+00  1.785980e+00  1.447480e+00  
1.150260e+00  1.114790e+00  1.094920e+00  1.091100e+00  1.077590e+00  1.085230e+00  
1.229143e+01  1.123934e+01  1.062087e+01  1.005903e+01  9.547060e+00  9.079490e+00  
8.654200e+00  8.268590e+00  7.920400e+00  7.607020e+00  7.325200e+00  7.070240e+00  
6.834620e+00  6.611070e+00  6.394180e+00  6.172690e+00  5.920200e+00  5.571120e+00  
5.001600e+00  4.557060e+00  3.908540e+00  3.147420e+00  1.974450e+00  1.559900e+00  
1.170390e+00  1.116890e+00  1.081500e+00  1.077230e+00  1.067080e+00  1.074090e+00  
1.228718e+01  1.124525e+01  1.064034e+01  1.009080e+01  9.590710e+00  9.135230e+00  
8.722280e+00  8.349460e+00  8.014660e+00  7.715440e+00  7.448720e+00  7.209900e+00  
6.991490e+00  6.786440e+00  6.590100e+00  6.392390e+00  6.168750e+00  5.855780e+00  
5.327460e+00  4.899010e+00  4.249730e+00  3.452840e+00  2.150520e+00  1.668520e+00  
1.194610e+00  1.124040e+00  1.072920e+00  1.067990e+00  1.061420e+00  1.067270e+00  
1.227342e+01  1.125161e+01  1.066241e+01  1.012434e+01  9.632610e+00  9.183480e+00  
8.775670e+00  8.407720e+00  8.078560e+00  7.786470e+00  7.529120e+00  7.303020e+00  
7.102270e+00  6.919940e+00  6.747630e+00  6.567010e+00  6.349820e+00  6.049020e+00  
5.561790e+00  5.171590e+00  4.571140e+00  3.781690e+00  2.323040e+00  1.753350e+00  
1.203880e+00  1.127830e+00  1.075400e+00  1.067960e+00  1.063860e+00  1.062680e+00  
1.225803e+01  1.125970e+01  1.068569e+01  1.015949e+01  9.678100e+00  9.239630e+00  
8.843110e+00  8.487390e+00  8.171650e+00  7.894090e+00  7.652210e+00  7.442860e+00  
7.261540e+00  7.102620e+00  6.958460e+00  6.811110e+00  6.633210e+00  6.380130e+00  
5.951330e+00  5.593490e+00  5.020880e+00  4.226430e+00  2.637910e+00  1.959860e+00  
1.247450e+00  1.145310e+00  1.072390e+00  1.065450e+00  1.055570e+00  1.056900e+00  
1.224784e+01  1.126285e+01  1.069823e+01  1.018148e+01  9.708910e+00  9.278370e+00  
8.889130e+00  8.540540e+00  8.232400e+00  7.963540e+00  7.732200e+00  7.535510e+00  
7.368290e+00  7.224700e+00  7.098610e+00  6.974710e+00  6.828040e+00  6.613860e+00  
6.233220e+00  5.905530e+00  5.367700e+00  4.589090e+00  2.910920e+00  2.148370e+00  
1.296280e+00  1.165330e+00  1.072230e+00  1.064140e+00  1.050870e+00  1.053370e+00  
1.223480e+01  1.127382e+01  1.072004e+01  1.021369e+01  9.751360e+00  9.331290e+00  
8.952710e+00  8.615060e+00  8.318280e+00  8.061600e+00  7.843990e+00  7.663650e+00  
7.516850e+00  7.399520e+00  7.307410e+00  7.227740e+00  7.138110e+00  6.994760e+00  
6.701480e+00  6.426600e+00  5.950240e+00  5.230790e+00  3.502830e+00  2.568750e+00  
1.405450e+00  1.221560e+00  1.079350e+00  1.063360e+00  1.049660e+00  1.048610e+00  
1.221382e+01  1.127953e+01  1.073072e+01  1.022928e+01  9.772110e+00  9.357620e+00  
8.985050e+00  8.653900e+00  8.364200e+00  8.115350e+00  7.906520e+00  7.736270e+00  
7.601260e+00  7.498070e+00  7.423520e+00  7.366400e+00  7.307220e+00  7.208170e+00  
6.984300e+00  6.760170e+00  6.350300e+00  5.688550e+00  3.939770e+00  2.912230e+00  
1.523120e+00  1.287420e+00  1.088070e+00  1.065330e+00  1.044100e+00  1.046240e+00  
1.215404e+01  1.128694e+01  1.074458e+01  1.024790e+01  9.795140e+00  9.385310e+00  
9.017900e+00  8.692790e+00  8.410210e+00  8.169500e+00  7.969660e+00  7.809420e+00  
7.686620e+00  7.599210e+00  7.545320e+00  7.515900e+00  7.496420e+00  7.461130e+00  
7.335120e+00  7.170340e+00  6.826270e+00  6.244360e+00  4.619620e+00  3.496420e+00  
1.729160e+00  1.407190e+00  1.110400e+00  1.075390e+00  1.044570e+00  1.043820e+00  
1.210116e+01  1.128943e+01  1.075066e+01  1.025671e+01  9.806440e+00  9.399430e+00  
9.035220e+00  8.713520e+00  8.434390e+00  8.197460e+00  8.002170e+00  7.847580e+00  
7.731600e+00  7.652610e+00  7.609650e+00  7.595340e+00  7.597820e+00  7.595770e+00  
7.527230e+00  7.409120e+00  7.129150e+00  6.617210e+00  5.087060e+00  3.946280e+00  
1.927840e+00  1.525850e+00  1.134330e+00  1.084900e+00  1.044880e+00  1.042600e+00  
1.206259e+01  1.129070e+01  1.075426e+01  1.026192e+01  9.813190e+00  9.407960e+00  
9.045700e+00  8.726090e+00  8.449080e+00  8.214490e+00  8.022030e+00  7.870960e+00  
7.759220e+00  7.685440e+00  7.649270e+00  7.644540e+00  7.661160e+00  7.680820e+00  
7.651230e+00  7.566720e+00  7.336500e+00  6.882130e+00  5.441700e+00  4.310480e+00  
2.112570e+00  1.639410e+00  1.159050e+00  1.095050e+00  1.046130e+00  1.041870e+00  
1.203621e+01  1.129157e+01  1.075652e+01  1.026542e+01  9.817770e+00  9.413740e+00  
9.052800e+00  8.734610e+00  8.459110e+00  8.226180e+00  8.035680e+00  7.887000e+00  
7.778160e+00  7.707920e+00  7.676450e+00  7.678310e+00  7.704780e+00  7.739730e+00  
7.738030e+00  7.678420e+00  7.487710e+00  7.081670e+00  5.721990e+00  4.612030e+00  
2.287760e+00  1.748380e+00  1.184020e+00  1.105500e+00  1.047910e+00  1.041380e+00  
1.200297e+01  1.129256e+01  1.075930e+01  1.026969e+01  9.823550e+00  9.421140e+00  
9.061940e+00  8.745620e+00  8.472130e+00  8.241440e+00  8.053510e+00  7.907860e+00  
7.802700e+00  7.737060e+00  7.711670e+00  7.722080e+00  7.761240e+00  7.816330e+00  
7.851630e+00  7.825870e+00  7.693660e+00  7.364450e+00  6.141240e+00  5.085860e+00  
2.611700e+00  1.952990e+00  1.233910e+00  1.127150e+00  1.052330e+00  1.040760e+00  
1.198222e+01  1.129306e+01  1.076085e+01  1.027225e+01  9.827050e+00  9.425640e+00  
9.067500e+00  8.752340e+00  8.480140e+00  8.250900e+00  8.064590e+00  7.920760e+00  
7.817830e+00  7.755040e+00  7.733440e+00  7.749110e+00  7.796030e+00  7.863770e+00  
7.922490e+00  7.918600e+00  7.827460e+00  7.556410e+00  6.444320e+00  5.446430e+00  
2.898570e+00  2.140680e+00  1.283200e+00  1.149840e+00  1.057310e+00  1.040380e+00  
1.195082e+01  1.129386e+01  1.076291e+01  1.027557e+01  9.831750e+00  9.431700e+00  
9.074960e+00  8.761340e+00  8.490910e+00  8.263660e+00  8.079540e+00  7.938210e+00  
7.838340e+00  7.779490e+00  7.763190e+00  7.786010e+00  7.843420e+00  7.928940e+00  
8.020530e+00  8.047620e+00  8.019020e+00  7.844790e+00  6.941050e+00  6.071360e+00  
3.492630e+00  2.555440e+00  1.403060e+00  1.209530e+00  1.070520e+00  1.039890e+00  
1.193283e+01  1.129431e+01  1.076404e+01  1.027738e+01  9.834190e+00  9.434780e+00  
9.078690e+00  8.765800e+00  8.496210e+00  8.269930e+00  8.086960e+00  7.946970e+00  
7.848750e+00  7.792010e+00  7.778430e+00  7.804980e+00  7.867850e+00  7.962910e+00  
8.072070e+00  8.115370e+00  8.120550e+00  8.004660e+00  7.249480e+00  6.480100e+00  
3.957630e+00  2.909740e+00  1.518040e+00  1.271080e+00  1.083800e+00  1.039640e+00  
1.191345e+01  1.129474e+01  1.076527e+01  1.027929e+01  9.836680e+00  9.437870e+00  
9.082420e+00  8.770210e+00  8.501370e+00  8.276010e+00  8.094160e+00  7.955590e+00  
7.859110e+00  7.804510e+00  7.793680e+00  7.823990e+00  7.892550e+00  7.997630e+00  
8.125300e+00  8.185350e+00  8.224790e+00  8.174750e+00  7.619760e+00  6.993390e+00  
4.647910e+00  3.478630e+00  1.732520e+00  1.393550e+00  1.109960e+00  1.039410e+00  
1.192461e+01  1.130155e+01  1.076429e+01  1.027515e+01  9.832380e+00  9.434730e+00  
9.081180e+00  8.771110e+00  8.504230e+00  8.280390e+00  8.099420e+00  7.960590e+00  
7.861420e+00  7.801860e+00  7.787830e+00  7.825720e+00  7.916770e+00  8.038190e+00  
8.159670e+00  8.217710e+00  8.268030e+00  8.257450e+00  7.847500e+00  7.301900e+00  
5.132400e+00  3.925740e+00  1.931310e+00  1.513840e+00  1.134340e+00  1.039290e+00  
1.191792e+01  1.130150e+01  1.076459e+01  1.027578e+01  9.833260e+00  9.435820e+00  
9.082480e+00  8.772620e+00  8.505930e+00  8.282320e+00  8.101620e+00  7.963150e+00  
7.864440e+00  7.805520e+00  7.792410e+00  7.831580e+00  7.924510e+00  8.048710e+00  
8.175480e+00  8.239240e+00  8.301680e+00  8.313770e+00  7.985050e+00  7.516390e+00  
5.500400e+00  4.282180e+00  2.127220e+00  1.629980e+00  1.159000e+00  1.039230e+00  
1.191322e+01  1.130146e+01  1.076470e+01  1.027611e+01  9.833780e+00  9.436490e+00  
9.083300e+00  8.773570e+00  8.507040e+00  8.283590e+00  8.103090e+00  7.964830e+00  
7.866450e+00  7.807970e+00  7.795460e+00  7.835470e+00  7.929660e+00  8.055780e+00  
8.186250e+00  8.253840e+00  8.324240e+00  8.351800e+00  8.082510e+00  7.671260e+00  
5.788600e+00  4.579550e+00  2.309320e+00  1.744380e+00  1.183360e+00  1.039190e+00  
1.188646e+01  1.129461e+01  1.076600e+01  1.028104e+01  9.839520e+00  9.441670e+00  
9.087160e+00  8.775920e+00  8.508210e+00  8.284080e+00  8.103570e+00  7.966510e+00  
7.871870e+00  7.819740e+00  7.812380e+00  7.847740e+00  7.924000e+00  8.041460e+00  
8.194250e+00  8.278610e+00  8.360230e+00  8.399580e+00  8.211630e+00  7.880020e+00  
6.217340e+00  5.052600e+00  2.635480e+00  1.970290e+00  1.232200e+00  1.039130e+00  
1.188234e+01  1.129408e+01  1.076581e+01  1.028105e+01  9.839750e+00  9.442000e+00  
9.087520e+00  8.776300e+00  8.508690e+00  8.284780e+00  8.104570e+00  7.967890e+00  
7.873680e+00  7.821970e+00  7.815040e+00  7.850830e+00  7.927690e+00  8.046710e+00  
8.202530e+00  8.289570e+00  8.378570e+00  8.430750e+00  8.290510e+00  8.014760e+00  
6.523520e+00  5.418560e+00  2.920870e+00  2.172480e+00  1.279790e+00  1.039100e+00  
