6.396100e-01  6.652200e-01  6.925500e-01  7.216500e-01  7.523200e-01  7.843000e-01  
8.176800e-01  8.526700e-01  8.896300e-01  9.290800e-01  9.718500e-01  1.018840e+00  
1.070660e+00  1.127030e+00  1.184950e+00  1.236580e+00  1.273030e+00  1.293440e+00  
1.306420e+00  1.315730e+00  1.324080e+00  1.327260e+00  1.323410e+00  1.322150e+00  
1.322070e+00  1.322040e+00  1.321860e+00  1.321830e+00  1.321800e+00  1.321830e+00  
8.954400e-01  9.345400e-01  9.742200e-01  1.014740e+00  1.056190e+00  1.098730e+00  
1.142680e+00  1.188590e+00  1.237230e+00  1.288890e+00  1.343560e+00  1.401100e+00  
1.461100e+00  1.522570e+00  1.583580e+00  1.640230e+00  1.687170e+00  1.718970e+00  
1.729220e+00  1.727180e+00  1.729300e+00  1.735580e+00  1.734090e+00  1.731530e+00  
1.732860e+00  1.733510e+00  1.733320e+00  1.733120e+00  1.733500e+00  1.733190e+00  
1.141430e+00  1.189960e+00  1.239150e+00  1.289330e+00  1.340460e+00  1.392530e+00  
1.445610e+00  1.499890e+00  1.555700e+00  1.613260e+00  1.672740e+00  1.734590e+00  
1.799700e+00  1.867980e+00  1.936060e+00  1.995990e+00  2.039480e+00  2.066920e+00  
2.079480e+00  2.080730e+00  2.084390e+00  2.089410e+00  2.087790e+00  2.087430e+00  
2.088660e+00  2.088820e+00  2.088690e+00  2.088750e+00  2.088640e+00  2.088610e+00  
1.591920e+00  1.658440e+00  1.724100e+00  1.789290e+00  1.853820e+00  1.917620e+00  
1.980820e+00  2.043920e+00  2.107720e+00  2.172370e+00  2.237810e+00  2.304050e+00  
2.371430e+00  2.439460e+00  2.505210e+00  2.562670e+00  2.605810e+00  2.635350e+00  
2.652240e+00  2.656020e+00  2.661020e+00  2.667150e+00  2.672870e+00  2.673750e+00  
2.672320e+00  2.672040e+00  2.672260e+00  2.672260e+00  2.672330e+00  2.672230e+00  
1.993120e+00  2.074120e+00  2.152080e+00  2.227500e+00  2.300070e+00  2.369740e+00  
2.436910e+00  2.502650e+00  2.568570e+00  2.634810e+00  2.701010e+00  2.766470e+00  
2.830480e+00  2.892000e+00  2.949490e+00  3.000990e+00  3.044260e+00  3.077920e+00  
3.099720e+00  3.105840e+00  3.112420e+00  3.120020e+00  3.132260e+00  3.134940e+00  
3.131470e+00  3.130410e+00  3.130740e+00  3.131040e+00  3.130610e+00  3.130900e+00  
2.352740e+00  2.444260e+00  2.530780e+00  2.612860e+00  2.690090e+00  2.762400e+00  
2.830300e+00  2.895200e+00  2.959220e+00  3.022530e+00  3.084860e+00  3.145500e+00  
3.203950e+00  3.259480e+00  3.311040e+00  3.357560e+00  3.397860e+00  3.430960e+00  
3.455390e+00  3.464520e+00  3.475260e+00  3.487060e+00  3.502830e+00  3.505210e+00  
3.500620e+00  3.499440e+00  3.499930e+00  3.500290e+00  3.499940e+00  3.500180e+00  
2.675730e+00  2.775360e+00  2.867910e+00  2.954050e+00  3.033290e+00  3.105580e+00  
3.171620e+00  3.233230e+00  3.293080e+00  3.351510e+00  3.408260e+00  3.462730e+00  
3.514610e+00  3.563480e+00  3.608620e+00  3.649700e+00  3.686460e+00  3.718970e+00  
3.747000e+00  3.759410e+00  3.772990e+00  3.786380e+00  3.804670e+00  3.807770e+00  
3.802770e+00  3.801410e+00  3.801990e+00  3.802410e+00  3.801970e+00  3.802290e+00  
3.230560e+00  3.340750e+00  3.439790e+00  3.528550e+00  3.606510e+00  3.673770e+00  
3.731490e+00  3.782370e+00  3.830200e+00  3.875680e+00  3.918770e+00  3.959240e+00  
3.997250e+00  4.033030e+00  4.066490e+00  4.098160e+00  4.128840e+00  4.159710e+00  
4.191940e+00  4.208550e+00  4.225770e+00  4.240890e+00  4.260760e+00  4.264690e+00  
4.260960e+00  4.259790e+00  4.260380e+00  4.260780e+00  4.260360e+00  4.260710e+00  
3.684900e+00  3.813580e+00  3.916290e+00  3.997440e+00  4.062210e+00  4.117090e+00  
4.164000e+00  4.204860e+00  4.242280e+00  4.276290e+00  4.306220e+00  4.331980e+00  
4.355150e+00  4.377500e+00  4.399640e+00  4.422930e+00  4.449060e+00  4.479390e+00  
4.513730e+00  4.531170e+00  4.548750e+00  4.563800e+00  4.583460e+00  4.587150e+00  
4.585980e+00  4.585770e+00  4.586260e+00  4.586360e+00  4.586430e+00  4.586470e+00  
4.565590e+00  4.702570e+00  4.798660e+00  4.861520e+00  4.900080e+00  4.925000e+00  
4.939710e+00  4.947440e+00  4.952170e+00  4.953760e+00  4.950780e+00  4.943710e+00  
4.937330e+00  4.936200e+00  4.940940e+00  4.951150e+00  4.966420e+00  4.986890e+00  
5.013280e+00  5.029200e+00  5.046310e+00  5.059260e+00  5.067220e+00  5.071060e+00  
5.079200e+00  5.080300e+00  5.080330e+00  5.080300e+00  5.080250e+00  5.080360e+00  
5.223040e+00  5.329810e+00  5.406620e+00  5.457080e+00  5.481700e+00  5.482670e+00  
5.464470e+00  5.434710e+00  5.402880e+00  5.371630e+00  5.342020e+00  5.315180e+00  
5.292620e+00  5.275830e+00  5.265490e+00  5.261620e+00  5.264240e+00  5.273360e+00  
5.289350e+00  5.300090e+00  5.310990e+00  5.317250e+00  5.315300e+00  5.317280e+00  
5.332060e+00  5.335190e+00  5.334810e+00  5.334160e+00  5.334990e+00  5.334510e+00  
6.138180e+00  6.216960e+00  6.256270e+00  6.262410e+00  6.237180e+00  6.184540e+00  
6.111340e+00  6.028170e+00  5.947340e+00  5.872740e+00  5.805420e+00  5.746250e+00  
5.696620e+00  5.656950e+00  5.626440e+00  5.601410e+00  5.578710e+00  5.560120e+00  
5.548870e+00  5.546970e+00  5.546540e+00  5.542400e+00  5.518790e+00  5.518080e+00  
5.541500e+00  5.545330e+00  5.543730e+00  5.544060e+00  5.543100e+00  5.543560e+00  
6.797870e+00  6.840540e+00  6.838310e+00  6.799970e+00  6.728580e+00  6.629520e+00  
6.511290e+00  6.386440e+00  6.268990e+00  6.163080e+00  6.069380e+00  5.987600e+00  
5.917690e+00  5.858480e+00  5.808580e+00  5.763440e+00  5.719290e+00  5.678600e+00  
5.645410e+00  5.632410e+00  5.620040e+00  5.606100e+00  5.574470e+00  5.571450e+00  
5.592290e+00  5.595810e+00  5.594090e+00  5.594390e+00  5.593450e+00  5.593890e+00  
7.322710e+00  7.326110e+00  7.281960e+00  7.201280e+00  7.088040e+00  6.948680e+00  
6.792720e+00  6.633640e+00  6.486480e+00  6.355190e+00  6.239910e+00  6.139360e+00  
6.052010e+00  5.975500e+00  5.908090e+00  5.845100e+00  5.782750e+00  5.724060e+00  
5.673570e+00  5.651780e+00  5.629510e+00  5.608360e+00  5.576920e+00  5.572360e+00  
5.584340e+00  5.586480e+00  5.585130e+00  5.585290e+00  5.584640e+00  5.584980e+00  
7.933020e+00  7.771620e+00  7.603660e+00  7.439310e+00  7.278470e+00  7.121350e+00  
6.968090e+00  6.818830e+00  6.674070e+00  6.534640e+00  6.401360e+00  6.274350e+00  
6.154990e+00  6.044420e+00  5.943790e+00  5.854820e+00  5.778740e+00  5.713520e+00  
5.659750e+00  5.640600e+00  5.628740e+00  5.618190e+00  5.559490e+00  5.530650e+00  
5.546050e+00  5.552840e+00  5.550140e+00  5.548160e+00  5.551500e+00  5.549470e+00  
8.615140e+00  8.385350e+00  8.150660e+00  7.922910e+00  7.701860e+00  7.487660e+00  
7.280520e+00  7.080470e+00  6.888190e+00  6.704950e+00  6.531190e+00  6.367280e+00  
6.214520e+00  6.074910e+00  5.949440e+00  5.839950e+00  5.747140e+00  5.666260e+00  
5.594690e+00  5.565440e+00  5.542460e+00  5.522640e+00  5.456950e+00  5.425840e+00  
5.429840e+00  5.433720e+00  5.430140e+00  5.428570e+00  5.430960e+00  5.429880e+00  
8.968370e+00  8.850920e+00  8.621340e+00  8.326600e+00  8.010400e+00  7.712770e+00  
7.439340e+00  7.189000e+00  6.960690e+00  6.753540e+00  6.564360e+00  6.390020e+00  
6.228130e+00  6.077740e+00  5.938380e+00  5.809350e+00  5.690010e+00  5.579140e+00  
5.473520e+00  5.421370e+00  5.370800e+00  5.335880e+00  5.314970e+00  5.305820e+00  
5.278550e+00  5.273150e+00  5.272770e+00  5.273710e+00  5.272340e+00  5.273420e+00  
9.857200e+00  9.576190e+00  9.193810e+00  8.763470e+00  8.332410e+00  7.940950e+00  
7.591810e+00  7.281180e+00  7.004490e+00  6.754500e+00  6.520700e+00  6.296840e+00  
6.085690e+00  5.890110e+00  5.709930e+00  5.541650e+00  5.383390e+00  5.236280e+00  
5.098620e+00  5.030660e+00  4.962480e+00  4.911550e+00  4.873760e+00  4.860900e+00  
4.837780e+00  4.834550e+00  4.834190e+00  4.834240e+00  4.834310e+00  4.834050e+00  
1.050551e+01  9.932240e+00  9.390260e+00  8.889540e+00  8.426880e+00  8.000060e+00  
7.607080e+00  7.246500e+00  6.917570e+00  6.617970e+00  6.344620e+00  6.093740e+00  
5.860120e+00  5.640340e+00  5.435630e+00  5.245410e+00  5.067730e+00  4.894300e+00  
4.719190e+00  4.634550e+00  4.557790e+00  4.502890e+00  4.436920e+00  4.418860e+00  
4.414970e+00  4.415440e+00  4.413670e+00  4.413310e+00  4.413030e+00  4.412650e+00  
1.100994e+01  1.035491e+01  9.682530e+00  9.028830e+00  8.422690e+00  7.888040e+00  
7.421490e+00  7.013350e+00  6.653660e+00  6.329000e+00  6.021620e+00  5.722950e+00  
5.440140e+00  5.178360e+00  4.935860e+00  4.707670e+00  4.488760e+00  4.281430e+00  
4.087300e+00  3.994380e+00  3.903960e+00  3.832590e+00  3.753930e+00  3.736520e+00  
3.730310e+00  3.729690e+00  3.728060e+00  3.727760e+00  3.727570e+00  3.726720e+00  
1.138764e+01  1.051029e+01  9.723280e+00  9.016810e+00  8.381220e+00  7.809560e+00  
7.297150e+00  6.837300e+00  6.423560e+00  6.050450e+00  5.712050e+00  5.401290e+00  
5.108700e+00  4.827970e+00  4.559950e+00  4.307000e+00  4.070030e+00  3.846120e+00  
3.634810e+00  3.534330e+00  3.435140e+00  3.357830e+00  3.284060e+00  3.265200e+00  
3.247890e+00  3.245750e+00  3.244380e+00  3.244160e+00  3.244090e+00  3.243860e+00  
1.159000e+01  1.062235e+01  9.769000e+00  9.008310e+00  8.329190e+00  7.721940e+00  
7.179540e+00  6.693200e+00  6.254200e+00  5.856610e+00  5.495020e+00  5.163150e+00  
4.852990e+00  4.558890e+00  4.280440e+00  4.017510e+00  3.770110e+00  3.535840e+00  
3.314590e+00  3.208970e+00  3.104260e+00  3.022600e+00  2.946540e+00  2.927160e+00  
2.908220e+00  2.905750e+00  2.904310e+00  2.904090e+00  2.904010e+00  2.905050e+00  
1.172289e+01  1.069168e+01  9.794190e+00  8.997310e+00  8.289350e+00  7.658810e+00  
7.096120e+00  6.590760e+00  6.132620e+00  5.715820e+00  5.335680e+00  4.987120e+00  
4.663860e+00  4.361090e+00  4.076960e+00  3.808730e+00  3.554580e+00  3.313180e+00  
3.084310e+00  2.974690e+00  2.866180e+00  2.781130e+00  2.699600e+00  2.679590e+00  
2.662490e+00  2.660300e+00  2.658530e+00  2.658290e+00  2.658120e+00  2.659950e+00  
1.188997e+01  1.077647e+01  9.824320e+00  8.981720e+00  8.236800e+00  7.576720e+00  
6.988630e+00  6.460320e+00  5.980710e+00  5.543810e+00  5.144940e+00  4.779220e+00  
4.440800e+00  4.125060e+00  3.829640e+00  3.551010e+00  3.286360e+00  3.034480e+00  
2.793370e+00  2.676740e+00  2.561180e+00  2.469990e+00  2.379930e+00  2.357880e+00  
2.341590e+00  2.339780e+00  2.337850e+00  2.337500e+00  2.337450e+00  2.338090e+00  
1.199000e+01  1.082396e+01  9.840410e+00  8.972980e+00  8.209330e+00  7.535080e+00  
6.935560e+00  6.397420e+00  5.909020e+00  5.464040e+00  5.057600e+00  4.684400e+00  
4.338220e+00  4.014190e+00  3.709980e+00  3.422330e+00  3.148190e+00  2.885180e+00  
2.630790e+00  2.506760e+00  2.384530e+00  2.288210e+00  2.190190e+00  2.165740e+00  
2.147090e+00  2.144960e+00  2.143030e+00  2.142790e+00  2.142560e+00  2.140940e+00  
1.209229e+01  1.087332e+01  9.865980e+00  8.980720e+00  8.205980e+00  7.521770e+00  
6.913950e+00  6.368960e+00  5.875230e+00  5.425890e+00  5.015160e+00  4.636610e+00  
4.282480e+00  3.947060e+00  3.628660e+00  3.325190e+00  3.033410e+00  2.747160e+00  
2.461180e+00  2.316720e+00  2.170030e+00  2.051370e+00  1.932770e+00  1.902330e+00  
1.877590e+00  1.874730e+00  1.872450e+00  1.872100e+00  1.871900e+00  1.870070e+00  
1.211274e+01  1.088763e+01  9.888030e+00  9.009520e+00  8.240860e+00  7.559380e+00  
6.952780e+00  6.408730e+00  5.916730e+00  5.469610e+00  5.060940e+00  4.683420e+00  
4.328050e+00  3.988400e+00  3.663090e+00  3.350610e+00  3.047170e+00  2.743050e+00  
2.427430e+00  2.261630e+00  2.085420e+00  1.937480e+00  1.795100e+00  1.760520e+00  
1.732570e+00  1.728950e+00  1.725740e+00  1.725460e+00  1.725050e+00  1.728320e+00  
1.208630e+01  1.087748e+01  9.913960e+00  9.069800e+00  8.327510e+00  7.665990e+00  
7.074130e+00  6.540750e+00  6.056220e+00  5.614190e+00  5.209070e+00  4.834460e+00  
4.482470e+00  4.146430e+00  3.822320e+00  3.503880e+00  3.182750e+00  2.846150e+00  
2.477030e+00  2.273050e+00  2.048250e+00  1.849640e+00  1.648730e+00  1.605870e+00  
1.577780e+00  1.573930e+00  1.567390e+00  1.566050e+00  1.566870e+00  1.578810e+00  
1.200834e+01  1.085146e+01  9.940840e+00  9.136210e+00  8.417970e+00  7.771220e+00  
7.188650e+00  6.663090e+00  6.188230e+00  5.757690e+00  5.364640e+00  5.001010e+00  
4.656390e+00  4.322620e+00  3.996330e+00  3.672530e+00  3.341760e+00  2.984110e+00  
2.573920e+00  2.339480e+00  2.076660e+00  1.839260e+00  1.580830e+00  1.519640e+00  
1.495430e+00  1.493570e+00  1.483410e+00  1.480760e+00  1.483410e+00  1.499090e+00  
1.195561e+01  1.082241e+01  9.948070e+00  9.174940e+00  8.481570e+00  7.855270e+00  
7.289490e+00  6.777710e+00  6.314150e+00  5.892870e+00  5.507470e+00  5.150230e+00  
4.811030e+00  4.481660e+00  4.158190e+00  3.834560e+00  3.499110e+00  3.127160e+00  
2.685790e+00  2.426030e+00  2.127690e+00  1.853400e+00  1.545310e+00  1.469740e+00  
1.445570e+00  1.444550e+00  1.431730e+00  1.428240e+00  1.432170e+00  1.448450e+00  
1.190622e+01  1.079449e+01  9.952960e+00  9.206640e+00  8.535190e+00  7.927030e+00  
7.376380e+00  6.877180e+00  6.424120e+00  6.011670e+00  5.633770e+00  5.283040e+00  
4.949640e+00  4.625370e+00  4.305850e+00  3.984170e+00  3.646780e+00  3.264880e+00  
2.799040e+00  2.518270e+00  2.189530e+00  1.882020e+00  1.527860e+00  1.438290e+00  
1.412390e+00  1.411940e+00  1.396960e+00  1.392810e+00  1.397750e+00  1.413160e+00  
1.181174e+01  1.074098e+01  9.957300e+00  9.256460e+00  8.622700e+00  8.045770e+00  
7.521030e+00  7.043350e+00  6.608270e+00  6.211020e+00  5.846340e+00  5.507600e+00  
5.185840e+00  4.873090e+00  4.564170e+00  4.250400e+00  3.914350e+00  3.518400e+00  
3.010660e+00  2.693710e+00  2.314620e+00  1.954920e+00  1.535740e+00  1.419910e+00  
1.357810e+00  1.359220e+00  1.360950e+00  1.357440e+00  1.347420e+00  1.366920e+00  
1.174288e+01  1.070257e+01  9.961180e+00  9.293840e+00  8.688510e+00  8.135700e+00  
7.631600e+00  7.171620e+00  6.751860e+00  6.368130e+00  6.015610e+00  5.688260e+00  
5.377650e+00  5.076020e+00  4.777800e+00  4.473220e+00  4.142450e+00  3.741860e+00  
3.209200e+00  2.866570e+00  2.446770e+00  2.039110e+00  1.552290e+00  1.412810e+00  
1.332960e+00  1.333420e+00  1.335710e+00  1.331750e+00  1.318920e+00  1.337680e+00  
1.169921e+01  1.068221e+01  9.985210e+00  9.357000e+00  8.788050e+00  8.270030e+00  
7.799390e+00  7.371890e+00  6.983780e+00  6.630930e+00  6.308390e+00  6.009570e+00  
5.724860e+00  5.445820e+00  5.167530e+00  4.881490e+00  4.570160e+00  4.193530e+00  
3.670400e+00  3.297000e+00  2.781010e+00  2.241190e+00  1.595110e+00  1.417360e+00  
1.324650e+00  1.312790e+00  1.290230e+00  1.288990e+00  1.285070e+00  1.295920e+00  
1.163116e+01  1.064679e+01  9.989940e+00  9.396380e+00  8.857640e+00  8.366730e+00  
7.920550e+00  7.515480e+00  7.148240e+00  6.815160e+00  6.511790e+00  6.231950e+00  
5.966490e+00  5.707140e+00  5.448960e+00  5.183020e+00  4.890360e+00  4.526600e+00  
4.000890e+00  3.613510e+00  3.064250e+00  2.465240e+00  1.684540e+00  1.452680e+00  
1.313580e+00  1.296820e+00  1.271990e+00  1.269830e+00  1.266160e+00  1.273500e+00  
1.150596e+01  1.057982e+01  9.986380e+00  9.445750e+00  8.951650e+00  8.498910e+00  
8.085450e+00  7.708810e+00  7.366790e+00  7.056950e+00  6.776270e+00  6.520470e+00  
6.282940e+00  6.057130e+00  5.837800e+00  5.614210e+00  5.361500e+00  5.018740e+00  
4.477280e+00  4.069040e+00  3.493150e+00  2.844030e+00  1.897320e+00  1.575230e+00  
1.302230e+00  1.273050e+00  1.258650e+00  1.254100e+00  1.236780e+00  1.250090e+00  
1.148271e+01  1.057669e+01  1.000656e+01  9.484570e+00  9.006160e+00  8.567520e+00  
8.167580e+00  7.805210e+00  7.479490e+00  7.188170e+00  6.928180e+00  6.694970e+00  
6.481250e+00  6.279530e+00  6.083210e+00  5.878810e+00  5.644280e+00  5.339130e+00  
4.865650e+00  4.486040e+00  3.898990e+00  3.174780e+00  2.046540e+00  1.669540e+00  
1.322030e+00  1.275150e+00  1.244660e+00  1.241250e+00  1.233540e+00  1.238120e+00  
1.146799e+01  1.057174e+01  1.001472e+01  9.505210e+00  9.039150e+00  8.612890e+00  
8.225210e+00  7.874730e+00  7.560350e+00  7.280390e+00  7.032610e+00  6.813750e+00  
6.618260e+00  6.439470e+00  6.268950e+00  6.088570e+00  5.872330e+00  5.581390e+00  
5.126260e+00  4.766650e+00  4.214620e+00  3.494170e+00  2.216270e+00  1.756110e+00  
1.337860e+00  1.281030e+00  1.239390e+00  1.233280e+00  1.229920e+00  1.230930e+00  
1.145334e+01  1.056904e+01  1.002274e+01  9.522700e+00  9.065210e+00  8.647090e+00  
8.267420e+00  7.925020e+00  7.619060e+00  7.348100e+00  7.110170e+00  6.902300e+00  
6.719340e+00  6.555080e+00  6.401780e+00  6.242020e+00  6.049810e+00  5.783880e+00  
5.352460e+00  5.004840e+00  4.464610e+00  3.741680e+00  2.381750e+00  1.854190e+00  
1.354950e+00  1.285980e+00  1.236560e+00  1.229090e+00  1.225390e+00  1.226160e+00  
1.143370e+01  1.056864e+01  1.003630e+01  9.548210e+00  9.101280e+00  8.693260e+00  
8.323760e+00  7.992170e+00  7.698370e+00  7.441060e+00  7.218370e+00  7.027210e+00  
6.862150e+00  6.717240e+00  6.586350e+00  6.454890e+00  6.299560e+00  6.079640e+00  
5.703210e+00  5.385170e+00  4.869460e+00  4.142210e+00  2.668850e+00  2.049450e+00  
1.396660e+00  1.298760e+00  1.232620e+00  1.226960e+00  1.216820e+00  1.220170e+00  
1.144723e+01  1.057996e+01  1.004619e+01  9.560200e+00  9.118310e+00  8.717810e+00  
8.357460e+00  8.035640e+00  7.751110e+00  7.502590e+00  7.288350e+00  7.105500e+00  
6.948930e+00  6.814130e+00  6.699240e+00  6.597790e+00  6.489190e+00  6.312180e+00  
5.956900e+00  5.651510e+00  5.170950e+00  4.476940e+00  2.930590e+00  2.224640e+00  
1.435990e+00  1.316630e+00  1.233000e+00  1.223610e+00  1.215520e+00  1.216500e+00  
1.141921e+01  1.058428e+01  1.006752e+01  9.593840e+00  9.160900e+00  8.767430e+00  
8.413170e+00  8.098060e+00  7.822310e+00  7.584930e+00  7.384030e+00  7.217470e+00  
7.082430e+00  6.975720e+00  6.893540e+00  6.824220e+00  6.748230e+00  6.629330e+00  
6.376290e+00  6.129310e+00  5.701350e+00  5.057480e+00  3.485460e+00  2.606710e+00  
1.536660e+00  1.370270e+00  1.238120e+00  1.223750e+00  1.209540e+00  1.211470e+00  
1.140486e+01  1.059045e+01  1.007804e+01  9.609020e+00  9.181100e+00  8.792870e+00  
8.443760e+00  8.133520e+00  7.862180e+00  7.629510e+00  7.434700e+00  7.276510e+00  
7.151960e+00  7.058210e+00  6.992880e+00  6.946680e+00  6.902330e+00  6.823950e+00  
6.631150e+00  6.430330e+00  6.056950e+00  5.460440e+00  3.893550e+00  2.944370e+00  
1.640570e+00  1.422110e+00  1.246320e+00  1.226030e+00  1.208310e+00  1.208930e+00  
1.136197e+01  1.059623e+01  1.008799e+01  9.623210e+00  9.199860e+00  8.816680e+00  
8.473020e+00  8.168630e+00  7.903590e+00  7.677790e+00  7.490790e+00  7.341750e+00  
7.228260e+00  7.148300e+00  7.100650e+00  7.077570e+00  7.065350e+00  7.036270e+00  
6.926180e+00  6.789400e+00  6.505900e+00  6.005330e+00  4.495550e+00  3.454600e+00  
1.841900e+00  1.541490e+00  1.266210e+00  1.231300e+00  1.203410e+00  1.206380e+00  
1.132177e+01  1.060034e+01  1.009516e+01  9.631800e+00  9.209480e+00  8.827970e+00  
8.486700e+00  8.185230e+00  7.923450e+00  7.701250e+00  7.518450e+00  7.374320e+00  
7.266690e+00  7.193920e+00  7.155560e+00  7.145280e+00  7.152750e+00  7.158960e+00  
7.108810e+00  7.009700e+00  6.764640e+00  6.310950e+00  4.937740e+00  3.889010e+00  
2.016270e+00  1.644780e+00  1.288220e+00  1.244030e+00  1.204600e+00  1.205110e+00  
1.131209e+01  1.060748e+01  1.009657e+01  9.631460e+00  9.209990e+00  8.830630e+00  
8.492330e+00  8.194340e+00  7.936140e+00  7.717350e+00  7.537470e+00  7.395310e+00  
7.287920e+00  7.214210e+00  7.177830e+00  7.181200e+00  7.219010e+00  7.256140e+00  
7.224340e+00  7.140900e+00  6.939420e+00  6.550430e+00  5.261720e+00  4.222860e+00  
2.187040e+00  1.749190e+00  1.310950e+00  1.253090e+00  1.206150e+00  1.204360e+00  
1.127145e+01  1.060149e+01  1.009957e+01  9.638810e+00  9.218870e+00  8.839870e+00  
8.501320e+00  8.202940e+00  7.944720e+00  7.726450e+00  7.547880e+00  7.408420e+00  
7.306600e+00  7.241550e+00  7.213600e+00  7.217590e+00  7.245590e+00  7.284070e+00  
7.294580e+00  7.248880e+00  7.083110e+00  6.722870e+00  5.513490e+00  4.500780e+00  
2.347560e+00  1.850820e+00  1.334000e+00  1.263270e+00  1.206920e+00  1.203850e+00  
1.124531e+01  1.060184e+01  1.010156e+01  9.642260e+00  9.223690e+00  8.846060e+00  
8.508940e+00  8.212110e+00  7.955670e+00  7.739440e+00  7.563160e+00  7.426340e+00  
7.327700e+00  7.266660e+00  7.244000e+00  7.255370e+00  7.294320e+00  7.350320e+00  
7.393390e+00  7.378120e+00  7.265880e+00  6.974920e+00  5.888060e+00  4.931460e+00  
2.646990e+00  2.042050e+00  1.379830e+00  1.282840e+00  1.210750e+00  1.203220e+00  
1.122891e+01  1.060199e+01  1.010265e+01  9.644290e+00  9.226640e+00  8.849880e+00  
8.513630e+00  8.217740e+00  7.962340e+00  7.747330e+00  7.572480e+00  7.437380e+00  
7.340740e+00  7.282140e+00  7.262630e+00  7.278490e+00  7.324240e+00  7.391260e+00  
7.454430e+00  7.458540e+00  7.384490e+00  7.146660e+00  6.156880e+00  5.257030e+00  
2.913090e+00  2.217980e+00  1.425120e+00  1.303150e+00  1.215290e+00  1.202840e+00  
1.120434e+01  1.060236e+01  1.010422e+01  9.647090e+00  9.230640e+00  8.855060e+00  
8.520000e+00  8.225340e+00  7.971310e+00  7.757870e+00  7.584960e+00  7.452200e+00  
7.358380e+00  7.303090e+00  7.287880e+00  7.309810e+00  7.364840e+00  7.447390e+00  
7.538380e+00  7.569400e+00  7.553290e+00  7.404940e+00  6.598120e+00  5.819230e+00  
3.464480e+00  2.605800e+00  1.535380e+00  1.356380e+00  1.227890e+00  1.202330e+00  
1.119082e+01  1.060284e+01  1.010531e+01  9.648650e+00  9.232730e+00  8.857710e+00  
8.523240e+00  8.229220e+00  7.975850e+00  7.763180e+00  7.591200e+00  7.459650e+00  
7.367250e+00  7.313740e+00  7.300820e+00  7.325910e+00  7.385740e+00  7.476660e+00  
7.582660e+00  7.627410e+00  7.641480e+00  7.547150e+00  6.876010e+00  6.187540e+00  
3.895570e+00  2.935030e+00  1.641210e+00  1.411310e+00  1.240920e+00  1.202070e+00  
1.117659e+01  1.060361e+01  1.010658e+01  9.650310e+00  9.234820e+00  8.860320e+00  
8.526460e+00  8.233120e+00  7.980450e+00  7.768550e+00  7.597460e+00  7.466990e+00  
7.376020e+00  7.324320e+00  7.313810e+00  7.342140e+00  7.406850e+00  7.506530e+00  
7.628600e+00  7.687430e+00  7.730740e+00  7.696350e+00  7.211740e+00  6.651330e+00  
4.533220e+00  3.461030e+00  1.838660e+00  1.521670e+00  1.266440e+00  1.201800e+00  
1.116905e+01  1.060394e+01  1.010714e+01  9.651100e+00  9.235830e+00  8.861620e+00  
8.528100e+00  8.235100e+00  7.982780e+00  7.771250e+00  7.600580e+00  7.470660e+00  
7.380350e+00  7.329560e+00  7.320270e+00  7.350270e+00  7.417450e+00  7.521400e+00  
7.651980e+00  7.718620e+00  7.775810e+00  7.771680e+00  7.405100e+00  6.934620e+00  
4.983220e+00  3.867560e+00  2.022600e+00  1.630780e+00  1.290630e+00  1.201680e+00  
1.118377e+01  1.061019e+01  1.010604e+01  9.646990e+00  9.231420e+00  8.858120e+00  
8.526180e+00  8.235020e+00  7.984350e+00  7.774070e+00  7.604040e+00  7.473600e+00  
7.380460e+00  7.324630e+00  7.311800e+00  7.348130e+00  7.435120e+00  7.551940e+00  
7.672250e+00  7.733660e+00  7.795420e+00  7.813530e+00  7.534420e+00  7.123020e+00  
5.312360e+00  4.196110e+00  2.201860e+00  1.738410e+00  1.312690e+00  1.201600e+00  
1.118013e+01  1.061006e+01  1.010613e+01  9.647220e+00  9.231800e+00  8.858620e+00  
8.526800e+00  8.235780e+00  7.985270e+00  7.775150e+00  7.605330e+00  7.475110e+00  
7.382240e+00  7.326750e+00  7.314410e+00  7.351410e+00  7.439450e+00  7.558010e+00  
7.681720e+00  7.746360e+00  7.814270e+00  7.844820e+00  7.619070e+00  7.260730e+00  
5.573360e+00  4.466030e+00  2.368140e+00  1.845270e+00  1.335270e+00  1.201560e+00  
1.115585e+01  1.060352e+01  1.010722e+01  9.651840e+00  9.237240e+00  8.863560e+00  
8.530470e+00  8.237920e+00  7.986190e+00  7.775330e+00  7.605430e+00  7.476340e+00  
7.387050e+00  7.337570e+00  7.330070e+00  7.362670e+00  7.433690e+00  7.543560e+00  
7.687470e+00  7.767750e+00  7.846490e+00  7.886750e+00  7.729740e+00  7.446140e+00  
5.959390e+00  4.893860e+00  2.667030e+00  2.052430e+00  1.380280e+00  1.201520e+00  
1.115276e+01  1.060300e+01  1.010701e+01  9.651960e+00  9.237600e+00  8.863960e+00  
8.530790e+00  8.238210e+00  7.986590e+00  7.775990e+00  7.606340e+00  7.477420e+00  
7.388340e+00  7.339210e+00  7.332150e+00  7.365220e+00  7.436890e+00  7.548370e+00  
7.694790e+00  7.776810e+00  7.861400e+00  7.915820e+00  7.806440e+00  7.560460e+00  
6.232960e+00  5.225410e+00  2.930310e+00  2.240230e+00  1.423480e+00  1.201520e+00  
