5.348900e-01  5.579400e-01  5.825400e-01  6.087700e-01  6.365000e-01  6.655400e-01  
6.959200e-01  7.277100e-01  7.610200e-01  7.961400e-01  8.335900e-01  8.738800e-01  
9.172600e-01  9.634700e-01  1.010790e+00  1.054930e+00  1.090980e+00  1.118040e+00  
1.138300e+00  1.147480e+00  1.155660e+00  1.160720e+00  1.164010e+00  1.164620e+00  
1.165040e+00  1.165080e+00  1.165120e+00  1.165120e+00  1.165130e+00  1.165140e+00  
7.625100e-01  7.972900e-01  8.330800e-01  8.701000e-01  9.083600e-01  9.479000e-01  
9.887700e-01  1.031090e+00  1.075030e+00  1.120750e+00  1.168390e+00  1.218320e+00  
1.271200e+00  1.327040e+00  1.383630e+00  1.435610e+00  1.477310e+00  1.509040e+00  
1.531400e+00  1.538940e+00  1.547260e+00  1.554780e+00  1.559440e+00  1.560360e+00  
1.561310e+00  1.561430e+00  1.561500e+00  1.561530e+00  1.561510e+00  1.561470e+00  
9.827300e-01  1.027410e+00  1.072820e+00  1.119190e+00  1.166490e+00  1.214680e+00  
1.263800e+00  1.314020e+00  1.365600e+00  1.418690e+00  1.473320e+00  1.529770e+00  
1.588650e+00  1.649870e+00  1.711090e+00  1.767000e+00  1.812030e+00  1.846580e+00  
1.871240e+00  1.879790e+00  1.889290e+00  1.898060e+00  1.904510e+00  1.905930e+00  
1.907310e+00  1.907470e+00  1.907590e+00  1.907620e+00  1.907610e+00  1.907550e+00  
1.394040e+00  1.455310e+00  1.516260e+00  1.577200e+00  1.637930e+00  1.698370e+00  
1.758540e+00  1.818800e+00  1.879710e+00  1.941360e+00  2.003620e+00  2.066500e+00  
2.130340e+00  2.194890e+00  2.258040e+00  2.315610e+00  2.363400e+00  2.401920e+00  
2.431690e+00  2.443200e+00  2.455620e+00  2.466770e+00  2.476540e+00  2.478900e+00  
2.480970e+00  2.481220e+00  2.481420e+00  2.481460e+00  2.481460e+00  2.481420e+00  
1.766410e+00  1.840760e+00  1.913130e+00  1.983990e+00  2.053160e+00  2.120640e+00  
2.186560e+00  2.251470e+00  2.316250e+00  2.381040e+00  2.445800e+00  2.510230e+00  
2.573940e+00  2.636230e+00  2.695800e+00  2.750930e+00  2.799600e+00  2.840530e+00  
2.874120e+00  2.889410e+00  2.904790e+00  2.917230e+00  2.929980e+00  2.933180e+00  
2.935710e+00  2.936050e+00  2.936300e+00  2.936330e+00  2.936370e+00  2.936360e+00  
2.102110e+00  2.188280e+00  2.269520e+00  2.346760e+00  2.420390e+00  2.491110e+00  
2.559240e+00  2.625480e+00  2.690920e+00  2.755600e+00  2.819230e+00  2.881350e+00  
2.941650e+00  2.999720e+00  3.054780e+00  3.106370e+00  3.153830e+00  3.196110e+00  
3.233250e+00  3.250770e+00  3.268440e+00  3.282730e+00  3.297470e+00  3.301210e+00  
3.304170e+00  3.304570e+00  3.304860e+00  3.304890e+00  3.304930e+00  3.304970e+00  
2.406100e+00  2.502070e+00  2.589950e+00  2.671130e+00  2.746670e+00  2.818100e+00  
2.885940e+00  2.951050e+00  3.014730e+00  3.076940e+00  3.137360e+00  3.195410e+00  
3.250970e+00  3.303880e+00  3.353880e+00  3.401440e+00  3.446960e+00  3.489650e+00  
3.529270e+00  3.548490e+00  3.567930e+00  3.583600e+00  3.599810e+00  3.603950e+00  
3.607220e+00  3.607650e+00  3.607970e+00  3.608010e+00  3.608060e+00  3.608120e+00  
2.933190e+00  3.044060e+00  3.140270e+00  3.224280e+00  3.298590e+00  3.366490e+00  
3.428950e+00  3.487130e+00  3.542720e+00  3.595850e+00  3.646320e+00  3.693790e+00  
3.738480e+00  3.780710e+00  3.820840e+00  3.860470e+00  3.901160e+00  3.942590e+00  
3.984330e+00  4.005440e+00  4.026900e+00  4.044200e+00  4.062060e+00  4.066650e+00  
4.070260e+00  4.070730e+00  4.071080e+00  4.071130e+00  4.071180e+00  4.071270e+00  
3.375400e+00  3.496520e+00  3.596510e+00  3.678960e+00  3.747870e+00  3.808350e+00  
3.861820e+00  3.909740e+00  3.954200e+00  3.995620e+00  4.034230e+00  4.070210e+00  
4.103970e+00  4.136200e+00  4.167580e+00  4.200010e+00  4.235420e+00  4.273860e+00  
4.314970e+00  4.336400e+00  4.358350e+00  4.376090e+00  4.394400e+00  4.399080e+00  
4.402790e+00  4.403280e+00  4.403640e+00  4.403690e+00  4.403730e+00  4.403820e+00  
4.235440e+00  4.370050e+00  4.468570e+00  4.537540e+00  4.584700e+00  4.619400e+00  
4.644460e+00  4.662500e+00  4.677000e+00  4.688820e+00  4.698680e+00  4.707440e+00  
4.716560e+00  4.727630e+00  4.741340e+00  4.758550e+00  4.780330e+00  4.807930e+00  
4.841550e+00  4.859940e+00  4.879190e+00  4.895080e+00  4.911500e+00  4.915670e+00  
4.919010e+00  4.919450e+00  4.919770e+00  4.919810e+00  4.919840e+00  4.919880e+00  
4.883930e+00  4.998100e+00  5.083960e+00  5.144460e+00  5.179960e+00  5.192460e+00  
5.186310e+00  5.168970e+00  5.149880e+00  5.131710e+00  5.115520e+00  5.102500e+00  
5.094190e+00  5.091810e+00  5.094790e+00  5.100480e+00  5.107210e+00  5.119070e+00  
5.141350e+00  5.156300e+00  5.170660e+00  5.181060e+00  5.193880e+00  5.197220e+00  
5.199650e+00  5.199940e+00  5.200220e+00  5.200240e+00  5.200310e+00  5.200240e+00  
5.810250e+00  5.902570e+00  5.956850e+00  5.978370e+00  5.968730e+00  5.931680e+00  
5.873910e+00  5.806010e+00  5.740300e+00  5.680630e+00  5.627910e+00  5.582910e+00  
5.546590e+00  5.519100e+00  5.499210e+00  5.482600e+00  5.466030e+00  5.453910e+00  
5.452090e+00  5.455000e+00  5.457130e+00  5.457810e+00  5.461340e+00  5.462320e+00  
5.462880e+00  5.462950e+00  5.463060e+00  5.463050e+00  5.463090e+00  5.462940e+00  
6.464910e+00  6.574660e+00  6.597510e+00  6.556290e+00  6.477000e+00  6.386880e+00  
6.292730e+00  6.198260e+00  6.107520e+00  6.022570e+00  5.944810e+00  5.874790e+00  
5.813300e+00  5.760250e+00  5.715630e+00  5.678000e+00  5.645770e+00  5.618390e+00  
5.594990e+00  5.584710e+00  5.575490e+00  5.569300e+00  5.563890e+00  5.562580e+00  
5.561600e+00  5.561490e+00  5.561410e+00  5.561390e+00  5.561390e+00  5.561260e+00  
7.002290e+00  7.087010e+00  7.072890e+00  6.988470e+00  6.865370e+00  6.735750e+00  
6.606850e+00  6.481800e+00  6.364000e+00  6.254840e+00  6.154990e+00  6.064260e+00  
5.983380e+00  5.912160e+00  5.850350e+00  5.796020e+00  5.747180e+00  5.703220e+00  
5.662940e+00  5.643840e+00  5.625640e+00  5.612290e+00  5.599810e+00  5.596850e+00  
5.594500e+00  5.594190e+00  5.593970e+00  5.593940e+00  5.593930e+00  5.593870e+00  
7.455760e+00  7.512220e+00  7.460840e+00  7.335330e+00  7.172220e+00  7.007710e+00  
6.849080e+00  6.698270e+00  6.557590e+00  6.427850e+00  6.308940e+00  6.200160e+00  
6.102100e+00  6.014660e+00  5.937340e+00  5.867970e+00  5.804460e+00  5.746450e+00  
5.692500e+00  5.666240e+00  5.640680e+00  5.621420e+00  5.603070e+00  5.598730e+00  
5.595270e+00  5.594810e+00  5.594460e+00  5.594410e+00  5.594390e+00  5.594460e+00  
8.375390e+00  8.174510e+00  7.968400e+00  7.767740e+00  7.572310e+00  7.382330e+00  
7.198000e+00  7.019400e+00  6.847150e+00  6.682420e+00  6.525660e+00  6.377250e+00  
6.238490e+00  6.111160e+00  5.996320e+00  5.895800e+00  5.810590e+00  5.737100e+00  
5.674050e+00  5.649630e+00  5.631740e+00  5.615380e+00  5.548880e+00  5.517750e+00  
5.532130e+00  5.538680e+00  5.535300e+00  5.533230e+00  5.536510e+00  5.534810e+00  
8.745280e+00  8.672910e+00  8.480190e+00  8.214670e+00  7.923760e+00  7.651100e+00  
7.402340e+00  7.175540e+00  6.968540e+00  6.779560e+00  6.604650e+00  6.441080e+00  
6.289510e+00  6.151090e+00  6.024770e+00  5.908030e+00  5.799000e+00  5.698730e+00  
5.605440e+00  5.559090e+00  5.513010e+00  5.477200e+00  5.442380e+00  5.434080e+00  
5.427430e+00  5.426520e+00  5.425850e+00  5.425760e+00  5.425700e+00  5.425990e+00  
9.695210e+00  9.454490e+00  9.112330e+00  8.718910e+00  8.320100e+00  7.955760e+00  
7.629610e+00  7.339070e+00  7.080740e+00  6.847950e+00  6.630510e+00  6.422370e+00  
6.226200e+00  6.044770e+00  5.877780e+00  5.721750e+00  5.574790e+00  5.438570e+00  
5.311860e+00  5.249610e+00  5.187930e+00  5.139990e+00  5.092850e+00  5.081220e+00  
5.071980e+00  5.070780e+00  5.069900e+00  5.069780e+00  5.069700e+00  5.069630e+00  
1.038558e+01  9.855400e+00  9.352570e+00  8.886540e+00  8.454690e+00  8.055310e+00  
7.686770e+00  7.348000e+00  7.038480e+00  6.756290e+00  6.498830e+00  6.262820e+00  
6.043510e+00  5.837860e+00  5.647110e+00  5.470840e+00  5.307050e+00  5.146630e+00  
4.982650e+00  4.903050e+00  4.831850e+00  4.782920e+00  4.727650e+00  4.712030e+00  
4.701340e+00  4.700330e+00  4.699190e+00  4.699010e+00  4.698860e+00  4.698330e+00  
1.100723e+01  1.030363e+01  9.654790e+00  9.062850e+00  8.522010e+00  8.029070e+00  
7.581710e+00  7.176550e+00  6.810850e+00  6.481250e+00  6.183380e+00  5.911950e+00  
5.659610e+00  5.421190e+00  5.197050e+00  4.987690e+00  4.790040e+00  4.595570e+00  
4.398930e+00  4.304330e+00  4.220250e+00  4.162620e+00  4.096490e+00  4.077380e+00  
4.064590e+00  4.063440e+00  4.062110e+00  4.061930e+00  4.061660e+00  4.060760e+00  
1.132606e+01  1.050614e+01  9.765560e+00  9.096900e+00  8.492210e+00  7.945820e+00  
7.453990e+00  7.011180e+00  6.612060e+00  6.251950e+00  5.925760e+00  5.627300e+00  
5.348110e+00  5.082380e+00  4.830540e+00  4.593910e+00  4.372320e+00  4.162090e+00  
3.961860e+00  3.866080e+00  3.771420e+00  3.697310e+00  3.624930e+00  3.606840e+00  
3.592380e+00  3.590690e+00  3.589250e+00  3.589070e+00  3.588920e+00  3.588700e+00  
1.153721e+01  1.062396e+01  9.814800e+00  9.091350e+00  8.443670e+00  7.863030e+00  
7.342930e+00  6.875230e+00  6.451800e+00  6.067530e+00  5.717830e+00  5.397420e+00  
5.099340e+00  4.818610e+00  4.554660e+00  4.306780e+00  4.074020e+00  3.852460e+00  
3.640410e+00  3.538270e+00  3.436850e+00  3.356900e+00  3.279100e+00  3.260710e+00  
3.245810e+00  3.243900e+00  3.242260e+00  3.242120e+00  3.241900e+00  3.243110e+00  
1.166959e+01  1.069065e+01  9.835420e+00  9.074870e+00  8.398220e+00  7.794700e+00  
7.255250e+00  6.769760e+00  6.328520e+00  5.926250e+00  5.559010e+00  5.222430e+00  
4.911010e+00  4.620460e+00  4.348960e+00  4.093480e+00  3.851660e+00  3.621250e+00  
3.401040e+00  3.294560e+00  3.187750e+00  3.102640e+00  3.020510e+00  3.001210e+00  
2.986020e+00  2.984130e+00  2.982260e+00  2.981950e+00  2.981860e+00  2.983830e+00  
1.181833e+01  1.075695e+01  9.845550e+00  9.038430e+00  8.324250e+00  7.690920e+00  
7.126210e+00  6.618280e+00  6.156390e+00  5.734990e+00  5.350000e+00  4.996980e+00  
4.670630e+00  4.366580e+00  4.082540e+00  3.814770e+00  3.560080e+00  3.316530e+00  
3.081470e+00  2.966760e+00  2.851830e+00  2.760210e+00  2.670100e+00  2.648060e+00  
2.630680e+00  2.628610e+00  2.626670e+00  2.626370e+00  2.626250e+00  2.627070e+00  
1.188507e+01  1.077786e+01  9.837730e+00  9.006540e+00  8.272990e+00  7.623880e+00  
7.045810e+00  6.526280e+00  6.054380e+00  5.624340e+00  5.231710e+00  4.871640e+00  
4.538320e+00  4.226980e+00  3.934980e+00  3.658190e+00  3.392940e+00  3.137130e+00  
2.888320e+00  2.766030e+00  2.643860e+00  2.546530e+00  2.448380e+00  2.422910e+00  
2.402600e+00  2.400310e+00  2.398450e+00  2.398190e+00  2.398000e+00  2.396290e+00  
1.191275e+01  1.076374e+01  9.804290e+00  8.956480e+00  8.210380e+00  7.548580e+00  
6.958690e+00  6.428740e+00  5.948550e+00  5.512020e+00  5.114060e+00  4.749040e+00  
4.410160e+00  4.091800e+00  3.790680e+00  3.501750e+00  3.219940e+00  2.940980e+00  
2.660840e+00  2.518380e+00  2.372250e+00  2.252640e+00  2.132130e+00  2.101140e+00  
2.075920e+00  2.072980e+00  2.070700e+00  2.070410e+00  2.070110e+00  2.068100e+00  
1.187141e+01  1.072280e+01  9.774310e+00  8.935280e+00  8.196130e+00  7.537310e+00  
6.948120e+00  6.417890e+00  5.937490e+00  5.500970e+00  5.103120e+00  4.738190e+00  
4.399220e+00  4.080260e+00  3.777410e+00  3.484450e+00  3.194580e+00  2.900140e+00  
2.591830e+00  2.428490e+00  2.253610e+00  2.105160e+00  1.960520e+00  1.926980e+00  
1.899980e+00  1.896460e+00  1.893060e+00  1.892550e+00  1.892300e+00  1.895400e+00  
1.173654e+01  1.063045e+01  9.730250e+00  8.929140e+00  8.214730e+00  7.571280e+00  
6.991710e+00  6.469090e+00  5.997350e+00  5.570530e+00  5.182300e+00  4.825390e+00  
4.490670e+00  4.171090e+00  3.863920e+00  3.565160e+00  3.266900e+00  2.951650e+00  
2.597980e+00  2.399640e+00  2.179950e+00  1.984210e+00  1.779860e+00  1.734830e+00  
1.713000e+00  1.710690e+00  1.703490e+00  1.701750e+00  1.703070e+00  1.714840e+00  
1.162599e+01  1.054946e+01  9.690480e+00  8.926740e+00  8.241250e+00  7.621150e+00  
7.060230e+00  6.552320e+00  6.092130e+00  5.674250e+00  5.292970e+00  4.941650e+00  
4.611760e+00  4.296420e+00  3.992290e+00  3.694070e+00  3.391180e+00  3.060190e+00  
2.670990e+00  2.443690e+00  2.184610e+00  1.947800e+00  1.691740e+00  1.633520e+00  
1.616120e+00  1.615410e+00  1.605050e+00  1.602200e+00  1.605130e+00  1.621190e+00  
1.156085e+01  1.049832e+01  9.668410e+00  8.932280e+00  8.270340e+00  7.670710e+00  
7.126850e+00  6.632040e+00  6.180520e+00  5.767970e+00  5.390410e+00  5.043280e+00  
4.720860e+00  4.417300e+00  4.126540e+00  3.838010e+00  3.536080e+00  3.194500e+00  
2.775570e+00  2.519800e+00  2.215770e+00  1.932490e+00  1.638820e+00  1.581090e+00  
1.560170e+00  1.557790e+00  1.546020e+00  1.543120e+00  1.546260e+00  1.564100e+00  
1.149057e+01  1.044996e+01  9.651370e+00  8.940830e+00  8.299830e+00  7.717650e+00  
7.188470e+00  6.706170e+00  6.265460e+00  5.862360e+00  5.493060e+00  5.153140e+00  
4.837000e+00  4.538780e+00  4.252250e+00  3.966430e+00  3.664390e+00  3.316500e+00  
2.878130e+00  2.602970e+00  2.267420e+00  1.948430e+00  1.610850e+00  1.543400e+00  
1.523260e+00  1.521490e+00  1.507650e+00  1.504140e+00  1.508260e+00  1.525800e+00  
1.138400e+01  1.037806e+01  9.629880e+00  8.959660e+00  8.352930e+00  7.799950e+00  
7.295990e+00  6.835660e+00  6.414420e+00  6.028600e+00  5.674700e+00  5.348510e+00  
5.044440e+00  4.756620e+00  4.478730e+00  4.199330e+00  3.899670e+00  3.544920e+00  
3.078720e+00  2.773180e+00  2.386100e+00  2.007330e+00  1.595400e+00  1.506640e+00  
1.474160e+00  1.473270e+00  1.462580e+00  1.459590e+00  1.464600e+00  1.477780e+00  
1.130727e+01  1.032883e+01  9.618740e+00  8.979070e+00  8.398660e+00  7.868540e+00  
7.384650e+00  6.942280e+00  6.537350e+00  6.166510e+00  5.826330e+00  5.512640e+00  
5.219670e+00  4.941440e+00  4.671700e+00  4.398880e+00  4.103350e+00  3.747340e+00  
3.265510e+00  2.938880e+00  2.511760e+00  2.082000e+00  1.601180e+00  1.493150e+00  
1.449130e+00  1.447640e+00  1.436380e+00  1.433130e+00  1.437690e+00  1.448750e+00  
1.118607e+01  1.026113e+01  9.614450e+00  9.026290e+00  8.489080e+00  7.996320e+00  
7.545680e+00  7.134290e+00  6.759790e+00  6.418990e+00  6.108010e+00  5.821770e+00  
5.552860e+00  5.293970e+00  5.038800e+00  4.775740e+00  4.486900e+00  4.141140e+00  
3.665040e+00  3.319120e+00  2.825650e+00  2.288870e+00  1.645980e+00  1.501880e+00  
1.429640e+00  1.421530e+00  1.400070e+00  1.395330e+00  1.398510e+00  1.408570e+00  
1.112452e+01  1.023013e+01  9.619950e+00  9.063170e+00  8.553230e+00  8.084930e+00  
7.656530e+00  7.265960e+00  6.911540e+00  6.590360e+00  6.298740e+00  6.031630e+00  
5.781470e+00  5.540740e+00  5.303030e+00  5.056260e+00  4.781790e+00  4.447230e+00  
3.972820e+00  3.616940e+00  3.093880e+00  2.500430e+00  1.731040e+00  1.537600e+00  
1.419560e+00  1.406180e+00  1.383350e+00  1.378580e+00  1.380990e+00  1.387530e+00  
1.106790e+01  1.020605e+01  9.637620e+00  9.117320e+00  8.639970e+00  8.201570e+00  
7.800890e+00  7.436450e+00  7.107120e+00  6.810610e+00  6.543800e+00  6.302290e+00  
6.079190e+00  5.867590e+00  5.661590e+00  5.449300e+00  5.210340e+00  4.904780e+00  
4.439780e+00  4.073920e+00  3.519600e+00  2.864040e+00  1.926400e+00  1.641960e+00  
1.413580e+00  1.387560e+00  1.369330e+00  1.366170e+00  1.361300e+00  1.366090e+00  
1.104423e+01  1.020130e+01  9.655910e+00  9.155310e+00  8.695530e+00  8.273500e+00  
7.888380e+00  7.539390e+00  7.225980e+00  6.946150e+00  6.696960e+00  6.474200e+00  
6.270980e+00  6.080420e+00  5.896700e+00  5.707760e+00  5.493430e+00  5.215500e+00  
4.780260e+00  4.425770e+00  3.869210e+00  3.177020e+00  2.100300e+00  1.744620e+00  
1.427330e+00  1.386540e+00  1.360510e+00  1.357180e+00  1.349560e+00  1.355350e+00  
1.104003e+01  1.020494e+01  9.670480e+00  9.180600e+00  8.731660e+00  8.320670e+00  
7.946660e+00  7.608630e+00  7.305850e+00  7.036760e+00  6.799170e+00  6.589890e+00  
6.403430e+00  6.233430e+00  6.072340e+00  5.903650e+00  5.703710e+00  5.437130e+00  
5.020170e+00  4.687460e+00  4.169570e+00  3.484380e+00  2.261630e+00  1.828070e+00  
1.444720e+00  1.393570e+00  1.355300e+00  1.349680e+00  1.346220e+00  1.348980e+00  
1.103355e+01  1.020809e+01  9.682710e+00  9.201050e+00  8.759820e+00  8.356380e+00  
7.989850e+00  7.659400e+00  7.364390e+00  7.103500e+00  6.874800e+00  6.675400e+00  
6.500240e+00  6.343420e+00  6.197890e+00  6.047640e+00  5.868930e+00  5.624450e+00  
5.229120e+00  4.908330e+00  4.403850e+00  3.720150e+00  2.422850e+00  1.923190e+00  
1.460630e+00  1.398000e+00  1.353030e+00  1.346000e+00  1.342410e+00  1.344800e+00  
1.102348e+01  1.021420e+01  9.700770e+00  9.229650e+00  8.798070e+00  8.404040e+00  
8.047080e+00  7.726820e+00  7.443080e+00  7.194710e+00  6.979810e+00  6.795480e+00  
6.636460e+00  6.497100e+00  6.371840e+00  6.247250e+00  6.102070e+00  5.899330e+00  
5.554210e+00  5.261240e+00  4.781800e+00  4.098510e+00  2.700340e+00  2.112610e+00  
1.499350e+00  1.408740e+00  1.349560e+00  1.344600e+00  1.334980e+00  1.339600e+00  
1.103963e+01  1.022728e+01  9.711830e+00  9.242290e+00  8.815280e+00  8.428250e+00  
8.079920e+00  7.768870e+00  7.493870e+00  7.253660e+00  7.046600e+00  6.869960e+00  
6.718770e+00  6.588800e+00  6.478490e+00  6.382020e+00  6.280450e+00  6.116660e+00  
5.788580e+00  5.506800e+00  5.062800e+00  4.415840e+00  2.950680e+00  2.278660e+00  
1.536090e+00  1.425310e+00  1.350050e+00  1.341310e+00  1.334100e+00  1.336410e+00  
1.101560e+01  1.022871e+01  9.727530e+00  9.269850e+00  8.852870e+00  8.474730e+00  
8.134370e+00  7.830790e+00  7.563310e+00  7.331500e+00  7.134900e+00  6.972490e+00  
6.841920e+00  6.740340e+00  6.663580e+00  6.599060e+00  6.526670e+00  6.411790e+00  
6.173160e+00  5.947770e+00  5.562680e+00  4.967730e+00  3.464760e+00  2.639490e+00  
1.633290e+00  1.476140e+00  1.354210e+00  1.341680e+00  1.325940e+00  1.332040e+00  
1.099771e+01  1.023304e+01  9.737760e+00  9.284590e+00  8.871290e+00  8.496470e+00  
8.159460e+00  7.859870e+00  7.597600e+00  7.372360e+00  7.183610e+00  7.030200e+00  
6.909530e+00  6.819010e+00  6.756410e+00  6.712640e+00  6.671080e+00  6.597390e+00  
6.416600e+00  6.230190e+00  5.886310e+00  5.335220e+00  3.861110e+00  2.959270e+00  
1.726600e+00  1.521870e+00  1.362160e+00  1.343480e+00  1.327810e+00  1.329820e+00  
1.095704e+01  1.023800e+01  9.747360e+00  9.297810e+00  8.887980e+00  8.517190e+00  
8.184850e+00  7.890640e+00  7.634510e+00  7.416250e+00  7.235600e+00  7.091590e+00  
6.981920e+00  6.904540e+00  6.858370e+00  6.836000e+00  6.825340e+00  6.803820e+00  
6.706900e+00  6.573760e+00  6.293700e+00  5.815580e+00  4.439830e+00  3.460290e+00  
1.907710e+00  1.627180e+00  1.379760e+00  1.352290e+00  1.324090e+00  1.327600e+00  
1.092207e+01  1.023915e+01  9.751150e+00  9.304300e+00  8.897020e+00  8.528430e+00  
8.198270e+00  7.906780e+00  7.654320e+00  7.440390e+00  7.263870e+00  7.123660e+00  
7.018440e+00  6.947370e+00  6.910810e+00  6.903790e+00  6.915770e+00  6.920750e+00  
6.856040e+00  6.755500e+00  6.551640e+00  6.179020e+00  4.846090e+00  3.786600e+00  
2.093250e+00  1.751930e+00  1.396400e+00  1.346430e+00  1.328510e+00  1.326500e+00  
1.089571e+01  1.024002e+01  9.753970e+00  9.308570e+00  8.902540e+00  8.535260e+00  
8.206610e+00  7.916800e+00  7.666350e+00  7.454700e+00  7.280780e+00  7.143560e+00  
7.041800e+00  6.974910e+00  6.943770e+00  6.944330e+00  6.967960e+00  6.992910e+00  
6.963220e+00  6.888600e+00  6.719980e+00  6.396340e+00  5.163580e+00  4.098970e+00  
2.249060e+00  1.850530e+00  1.418090e+00  1.354650e+00  1.332100e+00  1.325860e+00  
1.087738e+01  1.024085e+01  9.756100e+00  9.311490e+00  8.906140e+00  8.539840e+00  
8.212370e+00  7.923910e+00  7.674830e+00  7.464570e+00  7.292200e+00  7.156800e+00  
7.057560e+00  6.994130e+00  6.967030e+00  6.971400e+00  7.000070e+00  7.041030e+00  
7.046640e+00  6.992460e+00  6.838090e+00  6.535030e+00  5.415670e+00  4.378900e+00  
2.392950e+00  1.940740e+00  1.442100e+00  1.366430e+00  1.331850e+00  1.325430e+00  
1.085453e+01  1.024183e+01  9.758620e+00  9.315090e+00  8.910810e+00  8.545840e+00  
8.219910e+00  7.933120e+00  7.685690e+00  7.477180e+00  7.306760e+00  7.173780e+00  
7.077650e+00  7.018320e+00  6.996480e+00  7.007570e+00  7.045610e+00  7.102940e+00  
7.143230e+00  7.120140e+00  7.010320e+00  6.762610e+00  5.775190e+00  4.795250e+00  
2.670160e+00  2.119730e+00  1.485330e+00  1.384500e+00  1.337960e+00  1.324890e+00  
1.083977e+01  1.024249e+01  9.760430e+00  9.317590e+00  8.913940e+00  8.549760e+00  
8.224740e+00  7.938720e+00  7.691850e+00  7.484010e+00  7.314980e+00  7.184300e+00  
7.090730e+00  7.033800e+00  7.014610e+00  7.029610e+00  7.073600e+00  7.138430e+00  
7.200340e+00  7.205030e+00  7.133600e+00  6.908920e+00  5.991230e+00  5.145930e+00  
2.928560e+00  2.273920e+00  1.526380e+00  1.413450e+00  1.333200e+00  1.324570e+00  
1.081848e+01  1.024339e+01  9.762340e+00  9.320310e+00  8.917590e+00  8.554680e+00  
8.231120e+00  7.946550e+00  7.700900e+00  7.494230e+00  7.326670e+00  7.198040e+00  
7.107080e+00  7.053410e+00  7.038460e+00  7.059400e+00  7.112300e+00  7.191900e+00  
7.280360e+00  7.310920e+00  7.295450e+00  7.156080e+00  6.404530e+00  5.670110e+00  
3.452180e+00  2.643910e+00  1.629400e+00  1.461470e+00  1.344730e+00  1.324130e+00  
1.080654e+01  1.024378e+01  9.763220e+00  9.321720e+00  8.919550e+00  8.557180e+00  
8.234150e+00  7.950180e+00  7.705190e+00  7.499280e+00  7.332610e+00  7.205060e+00  
7.115430e+00  7.063430e+00  7.050720e+00  7.074730e+00  7.132290e+00  7.219930e+00  
7.322490e+00  7.366130e+00  7.380230e+00  7.291610e+00  6.660690e+00  6.013560e+00  
3.860460e+00  2.955470e+00  1.728560e+00  1.512050e+00  1.356690e+00  1.323910e+00  
1.079381e+01  1.024397e+01  9.763970e+00  9.323150e+00  8.921620e+00  8.559690e+00  
8.237030e+00  7.953470e+00  7.709160e+00  7.504160e+00  7.338540e+00  7.212120e+00  
7.123840e+00  7.073540e+00  7.063080e+00  7.090200e+00  7.152500e+00  7.248600e+00  
7.366180e+00  7.423080e+00  7.465930e+00  7.433160e+00  6.969080e+00  6.447210e+00  
4.463400e+00  3.451560e+00  1.913910e+00  1.614470e+00  1.380400e+00  1.323680e+00  
1.078761e+01  1.024391e+01  9.764000e+00  9.323450e+00  8.922280e+00  8.560690e+00  
8.238420e+00  7.955380e+00  7.711800e+00  7.507450e+00  7.341900e+00  7.214990e+00  
7.126890e+00  7.078290e+00  7.070370e+00  7.099030e+00  7.160850e+00  7.258400e+00  
7.392600e+00  7.465490e+00  7.509200e+00  7.465460e+00  7.149720e+00  6.819700e+00  
4.849450e+00  3.775920e+00  2.090400e+00  1.738050e+00  1.403720e+00  1.323570e+00  
1.080202e+01  1.025007e+01  9.763110e+00  9.319660e+00  8.918170e+00  8.557440e+00  
8.236640e+00  7.955180e+00  7.712800e+00  7.509390e+00  7.344840e+00  7.218460e+00  
7.128110e+00  7.073780e+00  7.061010e+00  7.095720e+00  7.179400e+00  7.291910e+00  
7.407920e+00  7.467300e+00  7.527240e+00  7.544940e+00  7.277940e+00  6.891520e+00  
5.201370e+00  4.148050e+00  2.255180e+00  1.815470e+00  1.423950e+00  1.323500e+00  
1.079901e+01  1.025014e+01  9.763300e+00  9.319970e+00  8.918610e+00  8.558000e+00  
8.237300e+00  7.955980e+00  7.713710e+00  7.510450e+00  7.346060e+00  7.219900e+00  
7.129810e+00  7.075850e+00  7.063540e+00  7.098900e+00  7.183550e+00  7.297570e+00  
7.416550e+00  7.479070e+00  7.545630e+00  7.576290e+00  7.359760e+00  7.022820e+00  
5.448790e+00  4.403620e+00  2.411300e+00  1.915230e+00  1.445160e+00  1.323460e+00  
1.077597e+01  1.024420e+01  9.764860e+00  9.324740e+00  8.923930e+00  8.562730e+00  
8.240800e+00  7.958010e+00  7.714570e+00  7.510560e+00  7.346110e+00  7.221090e+00  
7.134520e+00  7.086380e+00  7.078740e+00  7.109760e+00  7.177830e+00  7.283520e+00  
7.422380e+00  7.499880e+00  7.575660e+00  7.615640e+00  7.468510e+00  7.196000e+00  
5.809700e+00  4.805640e+00  2.693000e+00  2.109680e+00  1.487060e+00  1.323430e+00  
1.077302e+01  1.024428e+01  9.765160e+00  9.325000e+00  8.924050e+00  8.562800e+00  
8.240910e+00  7.958280e+00  7.715100e+00  7.511400e+00  7.347170e+00  7.222260e+00  
7.135820e+00  7.087980e+00  7.080770e+00  7.112300e+00  7.181070e+00  7.288290e+00  
7.429260e+00  7.508360e+00  7.590560e+00  7.642790e+00  7.533290e+00  7.301920e+00  
6.059220e+00  5.109870e+00  2.942530e+00  2.290000e+00  1.526210e+00  1.323420e+00  
