1.318180e+00  1.365790e+00  1.413720e+00  1.462110e+00  1.510750e+00  1.559400e+00  
1.607770e+00  1.655540e+00  1.702410e+00  1.748100e+00  1.792380e+00  1.835260e+00  
1.877240e+00  1.918660e+00  1.958940e+00  1.997350e+00  2.033280e+00  2.067270e+00  
2.099780e+00  2.115530e+00  2.132320e+00  2.147810e+00  2.169540e+00  2.176780e+00  
2.181220e+00  2.181350e+00  2.181410e+00  2.181430e+00  2.181270e+00  2.182010e+00  
1.742900e+00  1.797980e+00  1.852770e+00  1.907580e+00  1.962120e+00  2.016100e+00  
2.069180e+00  2.120970e+00  2.171130e+00  2.219410e+00  2.265640e+00  2.309980e+00  
2.353290e+00  2.396230e+00  2.438430e+00  2.479400e+00  2.518940e+00  2.558260e+00  
2.598120e+00  2.617240e+00  2.634510e+00  2.646810e+00  2.663200e+00  2.669580e+00  
2.676390e+00  2.676270e+00  2.673430e+00  2.672600e+00  2.673060e+00  2.677200e+00  
2.107060e+00  2.168210e+00  2.228260e+00  2.287700e+00  2.346200e+00  2.403340e+00  
2.458700e+00  2.511860e+00  2.562430e+00  2.610130e+00  2.654950e+00  2.697240e+00  
2.738320e+00  2.779330e+00  2.820100e+00  2.860390e+00  2.900300e+00  2.941380e+00  
2.984390e+00  3.004920e+00  3.021730e+00  3.031670e+00  3.046160e+00  3.052420e+00  
3.057990e+00  3.057790e+00  3.055500e+00  3.054820e+00  3.055250e+00  3.058640e+00  
2.700320e+00  2.781990e+00  2.856810e+00  2.925400e+00  2.987430e+00  3.042890e+00  
3.092360e+00  3.137340e+00  3.179980e+00  3.220760e+00  3.259830e+00  3.297450e+00  
3.334570e+00  3.371940e+00  3.409210e+00  3.445650e+00  3.480830e+00  3.516070e+00  
3.552530e+00  3.570580e+00  3.587560e+00  3.599890e+00  3.612910e+00  3.616120e+00  
3.617900e+00  3.618270e+00  3.619180e+00  3.619360e+00  3.619360e+00  3.618550e+00  
3.184260e+00  3.278200e+00  3.361320e+00  3.434450e+00  3.497200e+00  3.549810e+00  
3.593420e+00  3.630570e+00  3.664760e+00  3.696850e+00  3.727150e+00  3.756050e+00  
3.784660e+00  3.813860e+00  3.843260e+00  3.871920e+00  3.899300e+00  3.927240e+00  
3.957860e+00  3.973990e+00  3.989940e+00  4.001950e+00  4.013300e+00  4.015560e+00  
4.013680e+00  4.014330e+00  4.018080e+00  4.018920e+00  4.018740e+00  4.014240e+00  
3.591100e+00  3.694200e+00  3.782780e+00  3.857890e+00  3.919190e+00  3.967130e+00  
4.003440e+00  4.031620e+00  4.056400e+00  4.079000e+00  4.099830e+00  4.119440e+00  
4.139000e+00  4.159490e+00  4.180490e+00  4.200830e+00  4.219830e+00  4.239720e+00  
4.263350e+00  4.276820e+00  4.291030e+00  4.302280e+00  4.311910e+00  4.313410e+00  
4.309110e+00  4.309940e+00  4.315470e+00  4.316730e+00  4.316410e+00  4.309600e+00  
3.941360e+00  4.050970e+00  4.142690e+00  4.217820e+00  4.276110e+00  4.318260e+00  
4.346530e+00  4.365310e+00  4.380470e+00  4.393490e+00  4.404870e+00  4.415300e+00  
4.425950e+00  4.437840e+00  4.450520e+00  4.462620e+00  4.473380e+00  4.485280e+00  
4.501770e+00  4.512310e+00  4.524190e+00  4.534070e+00  4.541870e+00  4.542770e+00  
4.537210e+00  4.538080e+00  4.544380e+00  4.545810e+00  4.545440e+00  4.537600e+00  
4.528160e+00  4.633230e+00  4.719780e+00  4.789720e+00  4.842350e+00  4.877740e+00  
4.897060e+00  4.903080e+00  4.899840e+00  4.889240e+00  4.873630e+00  4.857150e+00  
4.846700e+00  4.847220e+00  4.855030e+00  4.859240e+00  4.851630e+00  4.842870e+00  
4.845790e+00  4.851560e+00  4.858220e+00  4.863490e+00  4.867370e+00  4.866300e+00  
4.861900e+00  4.862730e+00  4.867720e+00  4.869150e+00  4.868350e+00  4.861910e+00  
4.995230e+00  5.098720e+00  5.180030e+00  5.241790e+00  5.283440e+00  5.305310e+00  
5.309020e+00  5.298030e+00  5.277220e+00  5.248920e+00  5.215860e+00  5.182790e+00  
5.157260e+00  5.144590e+00  5.140460e+00  5.132290e+00  5.110780e+00  5.088650e+00  
5.080050e+00  5.079940e+00  5.080240e+00  5.080140e+00  5.079510e+00  5.078350e+00  
5.075870e+00  5.076260e+00  5.078640e+00  5.079320e+00  5.078990e+00  5.075640e+00  
5.853820e+00  5.958000e+00  6.024970e+00  6.059700e+00  6.063260e+00  6.038810e+00  
5.992260e+00  5.933220e+00  5.873400e+00  5.815610e+00  5.760690e+00  5.708940e+00  
5.660400e+00  5.614960e+00  5.571940e+00  5.529290e+00  5.485950e+00  5.445710e+00  
5.413330e+00  5.399730e+00  5.384330e+00  5.370660e+00  5.361130e+00  5.359720e+00  
5.363020e+00  5.362240e+00  5.357490e+00  5.356410e+00  5.356710e+00  5.362530e+00  
6.477090e+00  6.557460e+00  6.594790e+00  6.596320e+00  6.564070e+00  6.502340e+00  
6.418520e+00  6.323880e+00  6.231710e+00  6.145310e+00  6.065240e+00  5.991180e+00  
5.922350e+00  5.857530e+00  5.795840e+00  5.734830e+00  5.673120e+00  5.614760e+00  
5.564440e+00  5.541080e+00  5.513580e+00  5.488900e+00  5.472250e+00  5.470090e+00  
5.478310e+00  5.476730e+00  5.466220e+00  5.463810e+00  5.464470e+00  5.477450e+00  
7.352310e+00  7.369780e+00  7.339250e+00  7.272220e+00  7.172150e+00  7.044860e+00  
6.899240e+00  6.748130e+00  6.605500e+00  6.475230e+00  6.357210e+00  6.249870e+00  
6.151300e+00  6.058730e+00  5.971510e+00  5.887720e+00  5.805410e+00  5.724130e+00  
5.643650e+00  5.603350e+00  5.561060e+00  5.525970e+00  5.496030e+00  5.495210e+00  
5.503770e+00  5.501320e+00  5.487200e+00  5.483230e+00  5.485430e+00  5.503250e+00  
7.955680e+00  7.913900e+00  7.820800e+00  7.691550e+00  7.530950e+00  7.346240e+00  
7.147730e+00  6.949670e+00  6.767140e+00  6.603890e+00  6.459260e+00  6.330200e+00  
6.213010e+00  6.103210e+00  5.998910e+00  5.896220e+00  5.792410e+00  5.691350e+00  
5.597250e+00  5.550970e+00  5.498750e+00  5.453680e+00  5.420040e+00  5.414110e+00  
5.421900e+00  5.419570e+00  5.405980e+00  5.402900e+00  5.403710e+00  5.420150e+00  
8.416710e+00  8.313430e+00  8.159750e+00  7.973790e+00  7.760970e+00  7.529140e+00  
7.288900e+00  7.054380e+00  6.840660e+00  6.650930e+00  6.484040e+00  6.335960e+00  
6.201820e+00  6.076510e+00  5.957750e+00  5.841350e+00  5.724260e+00  5.609820e+00  
5.502140e+00  5.449890e+00  5.393900e+00  5.347230e+00  5.308340e+00  5.300090e+00  
5.300510e+00  5.298710e+00  5.290630e+00  5.288820e+00  5.289250e+00  5.298540e+00  
8.785890e+00  8.623790e+00  8.414040e+00  8.177060e+00  7.918510e+00  7.646510e+00  
7.371450e+00  7.106800e+00  6.867290e+00  6.655600e+00  6.469880e+00  6.305490e+00  
6.156470e+00  6.017630e+00  5.886260e+00  5.758180e+00  5.630210e+00  5.505030e+00  
5.386660e+00  5.330270e+00  5.273110e+00  5.227280e+00  5.184250e+00  5.173690e+00  
5.165330e+00  5.164270e+00  5.163160e+00  5.163000e+00  5.162940e+00  5.163220e+00  
9.298790e+00  9.124300e+00  8.825700e+00  8.461180e+00  8.079830e+00  7.725750e+00  
7.404690e+00  7.114910e+00  6.855000e+00  6.621570e+00  6.407140e+00  6.206440e+00  
6.020580e+00  5.851290e+00  5.696200e+00  5.551280e+00  5.411420e+00  5.270110e+00  
5.131310e+00  5.070590e+00  5.013050e+00  4.968050e+00  4.918690e+00  4.904980e+00  
4.883360e+00  4.883280e+00  4.892760e+00  4.895480e+00  4.894220e+00  4.880910e+00  
9.852560e+00  9.399790e+00  8.955580e+00  8.538820e+00  8.147660e+00  7.781030e+00  
7.438090e+00  7.118070e+00  6.820730e+00  6.546920e+00  6.295220e+00  6.063690e+00  
5.850800e+00  5.656810e+00  5.481520e+00  5.324480e+00  5.182330e+00  5.040220e+00  
4.885270e+00  4.807880e+00  4.742130e+00  4.701430e+00  4.652090e+00  4.632370e+00  
4.606560e+00  4.607390e+00  4.620440e+00  4.623970e+00  4.622700e+00  4.604150e+00  
1.048855e+01  9.864970e+00  9.271050e+00  8.724230e+00  8.220650e+00  7.756950e+00  
7.330360e+00  6.939660e+00  6.583720e+00  6.260510e+00  5.966860e+00  5.698730e+00  
5.451590e+00  5.223050e+00  5.014140e+00  4.823260e+00  4.647620e+00  4.475760e+00  
4.298750e+00  4.212520e+00  4.136040e+00  4.084350e+00  4.026190e+00  4.008430e+00  
3.991840e+00  3.991300e+00  3.994830e+00  3.995890e+00  3.995340e+00  3.989130e+00  
1.085961e+01  1.010936e+01  9.409120e+00  8.771820e+00  8.190850e+00  7.661600e+00  
7.179930e+00  6.742850e+00  6.348690e+00  5.993330e+00  5.671930e+00  5.379100e+00  
5.108340e+00  4.855650e+00  4.622080e+00  4.406670e+00  4.206700e+00  4.013990e+00  
3.822690e+00  3.730230e+00  3.643870e+00  3.580620e+00  3.515790e+00  3.502670e+00  
3.499330e+00  3.496920e+00  3.487610e+00  3.485290e+00  3.485890e+00  3.496400e+00  
1.131386e+01  1.035134e+01  9.491890e+00  8.730990e+00  8.053470e+00  7.449700e+00  
6.911970e+00  6.430630e+00  5.997810e+00  5.607400e+00  5.252880e+00  4.927390e+00  
4.622560e+00  4.333250e+00  4.060990e+00  3.808710e+00  3.576040e+00  3.359550e+00  
3.157760e+00  3.062450e+00  2.967990e+00  2.894530e+00  2.827570e+00  2.812050e+00  
2.805100e+00  2.802920e+00  2.796150e+00  2.794720e+00  2.794930e+00  2.802010e+00  
1.160031e+01  1.049350e+01  9.532150e+00  8.692080e+00  7.953760e+00  7.302760e+00  
6.728990e+00  6.219200e+00  5.761220e+00  5.347680e+00  4.972060e+00  4.627220e+00  
4.304840e+00  3.999420e+00  3.711310e+00  3.441880e+00  3.191480e+00  2.957320e+00  
2.740500e+00  2.639990e+00  2.544370e+00  2.472460e+00  2.402240e+00  2.384680e+00  
2.368580e+00  2.367240e+00  2.368110e+00  2.368470e+00  2.368160e+00  2.365360e+00  
1.180601e+01  1.060019e+01  9.572450e+00  8.679540e+00  7.900660e+00  7.218030e+00  
6.619090e+00  6.088640e+00  5.612290e+00  5.181770e+00  4.790510e+00  4.431480e+00  
4.096400e+00  3.779750e+00  3.481240e+00  3.201340e+00  2.940630e+00  2.696450e+00  
2.469380e+00  2.363840e+00  2.264230e+00  2.190030e+00  2.117820e+00  2.099900e+00  
2.082950e+00  2.081660e+00  2.083120e+00  2.083630e+00  2.083270e+00  2.079490e+00  
1.196812e+01  1.069009e+01  9.616950e+00  8.687060e+00  7.879880e+00  7.175740e+00  
6.559100e+00  6.013360e+00  5.523050e+00  5.079450e+00  4.675990e+00  4.305720e+00  
3.960580e+00  3.635130e+00  3.328780e+00  3.041570e+00  2.773800e+00  2.522950e+00  
2.287790e+00  2.177500e+00  2.072980e+00  1.995130e+00  1.921060e+00  1.903160e+00  
1.887920e+00  1.886400e+00  1.886150e+00  1.886270e+00  1.886020e+00  1.884240e+00  
1.221773e+01  1.084261e+01  9.713840e+00  8.739170e+00  7.898120e+00  7.169240e+00  
6.531900e+00  5.967140e+00  5.458300e+00  4.996620e+00  4.575680e+00  4.188820e+00  
3.828440e+00  3.489370e+00  3.170800e+00  2.872360e+00  2.593340e+00  2.330860e+00  
2.081040e+00  1.961900e+00  1.848230e+00  1.763290e+00  1.684150e+00  1.665450e+00  
1.651710e+00  1.649840e+00  1.647380e+00  1.646990e+00  1.646870e+00  1.647820e+00  
1.240565e+01  1.097113e+01  9.813220e+00  8.816330e+00  7.959570e+00  7.219280e+00  
6.572180e+00  5.997590e+00  5.478110e+00  5.005210e+00  4.572740e+00  4.174300e+00  
3.802640e+00  3.452830e+00  3.123960e+00  2.815590e+00  2.526190e+00  2.251290e+00  
1.986680e+00  1.858830e+00  1.736380e+00  1.644390e+00  1.558210e+00  1.537600e+00  
1.522250e+00  1.520220e+00  1.517730e+00  1.517340e+00  1.517200e+00  1.518260e+00  
1.270168e+01  1.120804e+01  1.003266e+01  9.022370e+00  8.158670e+00  7.409320e+00  
6.752300e+00  6.166780e+00  5.635700e+00  5.150450e+00  4.704720e+00  4.291690e+00  
3.903490e+00  3.534940e+00  3.185550e+00  2.855440e+00  2.542210e+00  2.237330e+00  
1.935030e+00  1.784490e+00  1.635800e+00  1.520080e+00  1.410960e+00  1.384140e+00  
1.362380e+00  1.359890e+00  1.358060e+00  1.357830e+00  1.357600e+00  1.357580e+00  
1.285626e+01  1.136265e+01  1.020442e+01  9.205890e+00  8.350110e+00  7.601420e+00  
6.941550e+00  6.352350e+00  5.818820e+00  5.332030e+00  4.884550e+00  4.468160e+00  
4.073120e+00  3.693240e+00  3.328820e+00  2.981230e+00  2.647970e+00  2.317280e+00  
1.978720e+00  1.804930e+00  1.625640e+00  1.480080e+00  1.344120e+00  1.311360e+00  
1.285050e+00  1.281810e+00  1.278950e+00  1.278580e+00  1.278320e+00  1.278710e+00  
1.295442e+01  1.153881e+01  1.046004e+01  9.515660e+00  8.685620e+00  7.943240e+00  
7.278400e+00  6.681000e+00  6.142680e+00  5.655100e+00  5.209620e+00  4.796510e+00  
4.403850e+00  4.022810e+00  3.650610e+00  3.283630e+00  2.915770e+00  2.535390e+00  
2.128980e+00  1.911870e+00  1.681340e+00  1.482980e+00  1.278010e+00  1.231540e+00  
1.207440e+00  1.204190e+00  1.195090e+00  1.192900e+00  1.194130e+00  1.198020e+00  
1.301739e+01  1.162614e+01  1.059709e+01  9.698380e+00  8.900980e+00  8.183440e+00  
7.536880e+00  6.952550e+00  6.423030e+00  5.940830e+00  5.498040e+00  5.085520e+00  
4.691780e+00  4.307900e+00  3.930170e+00  3.553410e+00  3.168440e+00  2.757380e+00  
2.298160e+00  2.042550e+00  1.762910e+00  1.516050e+00  1.250350e+00  1.187760e+00  
1.165810e+00  1.163190e+00  1.148480e+00  1.144540e+00  1.147440e+00  1.153700e+00  
1.304115e+01  1.167237e+01  1.068834e+01  9.828090e+00  9.059300e+00  8.364130e+00  
7.734910e+00  7.163780e+00  6.644080e+00  6.169000e+00  5.731250e+00  5.322190e+00  
4.930800e+00  4.548140e+00  4.169730e+00  3.788990e+00  3.394030e+00  2.961320e+00  
2.460700e+00  2.173310e+00  1.850730e+00  1.561310e+00  1.240110e+00  1.161560e+00  
1.137950e+00  1.135780e+00  1.117770e+00  1.112770e+00  1.116760e+00  1.122950e+00  
1.304714e+01  1.169745e+01  1.075324e+01  9.924380e+00  9.180290e+00  8.504880e+00  
7.891470e+00  7.332890e+00  6.823090e+00  6.355780e+00  5.924180e+00  5.520100e+00  
5.132890e+00  4.753640e+00  4.377260e+00  3.995960e+00  3.595480e+00  3.147260e+00  
2.613630e+00  2.299620e+00  1.940050e+00  1.612020e+00  1.239860e+00  1.145860e+00  
1.117640e+00  1.115620e+00  1.095730e+00  1.090110e+00  1.094750e+00  1.099780e+00  
1.302316e+01  1.171094e+01  1.083612e+01  1.005949e+01  9.357630e+00  8.716210e+00  
8.130240e+00  7.593660e+00  7.101550e+00  6.648630e+00  6.229090e+00  5.835800e+00  
5.459270e+00  5.090850e+00  4.724300e+00  4.349370e+00  3.946670e+00  3.476400e+00  
2.886190e+00  2.525840e+00  2.103980e+00  1.714110e+00  1.270480e+00  1.148030e+00  
1.076700e+00  1.075550e+00  1.073810e+00  1.069250e+00  1.056490e+00  1.067010e+00  
1.300245e+01  1.171567e+01  1.088934e+01  1.014938e+01  9.478380e+00  8.862980e+00  
8.299060e+00  7.781280e+00  7.305370e+00  6.866660e+00  6.459910e+00  6.078590e+00  
5.713840e+00  5.357180e+00  5.001710e+00  4.635790e+00  4.236790e+00  3.757390e+00  
3.132720e+00  2.739400e+00  2.267600e+00  1.820900e+00  1.301210e+00  1.152770e+00  
1.059330e+00  1.056130e+00  1.054540e+00  1.049910e+00  1.035380e+00  1.044960e+00  
1.303160e+01  1.175709e+01  1.098047e+01  1.028266e+01  9.650530e+00  9.072500e+00  
8.544800e+00  8.062490e+00  7.621500e+00  7.217140e+00  6.844040e+00  6.495050e+00  
6.160030e+00  5.829620e+00  5.497440e+00  5.152640e+00  4.773680e+00  4.313670e+00  
3.683760e+00  3.247550e+00  2.665940e+00  2.074140e+00  1.372630e+00  1.176260e+00  
1.055200e+00  1.040440e+00  1.017110e+00  1.013270e+00  1.011840e+00  1.012730e+00  
1.299576e+01  1.174915e+01  1.101600e+01  1.035556e+01  9.755740e+00  9.206990e+00  
8.706050e+00  8.248660e+00  7.831230e+00  7.449690e+00  7.099110e+00  6.772900e+00  
6.461330e+00  6.155250e+00  5.848050e+00  5.527980e+00  5.170950e+00  4.722950e+00  
4.082040e+00  3.624230e+00  2.999190e+00  2.336100e+00  1.482270e+00  1.226710e+00  
1.047290e+00  1.025630e+00  1.001410e+00  9.976100e-01  9.958800e-01  9.953700e-01  
1.290958e+01  1.170995e+01  1.104051e+01  1.043366e+01  9.879850e+00  9.371830e+00  
8.907300e+00  8.483110e+00  8.096620e+00  7.744850e+00  7.424150e+00  7.129430e+00  
6.852900e+00  6.586630e+00  6.323820e+00  6.051060e+00  5.738890e+00  5.317840e+00  
4.665810e+00  4.183550e+00  3.515430e+00  2.775160e+00  1.716890e+00  1.364390e+00  
1.048850e+00  1.009060e+00  9.853300e-01  9.818000e-01  9.705700e-01  9.769900e-01  
1.290256e+01  1.171316e+01  1.106580e+01  1.047907e+01  9.944550e+00  9.456080e+00  
9.011440e+00  8.607790e+00  8.242680e+00  7.913370e+00  7.616350e+00  7.346630e+00  
7.096270e+00  6.857480e+00  6.624230e+00  6.384250e+00  6.109370e+00  5.730540e+00  
5.117780e+00  4.642970e+00  3.954500e+00  3.149810e+00  1.915060e+00  1.482490e+00  
1.071060e+00  1.012730e+00  9.731200e-01  9.693500e-01  9.624300e-01  9.673000e-01  
1.289946e+01  1.171843e+01  1.108410e+01  1.050950e+01  9.987000e+00  9.511160e+00  
9.079770e+00  8.690180e+00  8.340080e+00  8.026880e+00  7.747180e+00  7.496010e+00  
7.265280e+00  7.047300e+00  6.836860e+00  6.622880e+00  6.379000e+00  6.038350e+00  
5.468260e+00  5.009440e+00  4.318510e+00  3.474060e+00  2.100260e+00  1.595990e+00  
1.096920e+00  1.021180e+00  9.654500e-01  9.610400e-01  9.581100e-01  9.613100e-01  
1.287878e+01  1.172191e+01  1.110608e+01  1.054451e+01  1.003113e+01  9.561890e+00  
9.135490e+00  8.750560e+00  8.406120e+00  8.100340e+00  7.830700e+00  7.593450e+00  
7.382270e+00  7.189690e+00  7.006800e+00  6.814150e+00  6.581000e+00  6.254140e+00  
5.721100e+00  5.296520e+00  4.650900e+00  3.815180e+00  2.290520e+00  1.691130e+00  
1.104210e+00  1.023360e+00  9.702000e-01  9.634600e-01  9.594800e-01  9.572600e-01  
1.288448e+01  1.173512e+01  1.112528e+01  1.057174e+01  1.006889e+01  9.612830e+00  
9.201420e+00  8.832670e+00  8.504890e+00  8.216120e+00  7.963920e+00  7.744380e+00  
7.550800e+00  7.377010e+00  7.219200e+00  7.067690e+00  6.896110e+00  6.632260e+00  
6.145210e+00  5.742970e+00  5.128550e+00  4.294640e+00  2.618080e+00  1.907630e+00  
1.152110e+00  1.041910e+00  9.678900e-01  9.610000e-01  9.538300e-01  9.521200e-01  
1.287294e+01  1.174037e+01  1.114019e+01  1.059510e+01  1.010005e+01  9.651820e+00  
9.248320e+00  8.887800e+00  8.568820e+00  8.289690e+00  8.048300e+00  7.841240e+00  
7.662380e+00  7.506280e+00  7.370130e+00  7.245580e+00  7.107940e+00  6.886270e+00  
6.451210e+00  6.079690e+00  5.497600e+00  4.674930e+00  2.908570e+00  2.108220e+00  
1.201010e+00  1.064560e+00  9.686800e-01  9.598300e-01  9.504600e-01  9.489800e-01  
1.283535e+01  1.174441e+01  1.116452e+01  1.063532e+01  1.015291e+01  9.715160e+00  
9.320930e+00  8.969570e+00  8.660720e+00  8.393520e+00  8.166850e+00  7.978820e+00  
7.825440e+00  7.702400e+00  7.605080e+00  7.519920e+00  7.423240e+00  7.269100e+00  
6.953760e+00  6.655870e+00  6.136280e+00  5.355560e+00  3.523210e+00  2.546190e+00  
1.321760e+00  1.127600e+00  9.758800e-01  9.605100e-01  9.463600e-01  9.447400e-01  
1.282529e+01  1.175922e+01  1.117875e+01  1.065118e+01  1.017260e+01  9.740450e+00  
9.353360e+00  9.010200e+00  8.710050e+00  8.451870e+00  8.234450e+00  8.055610e+00  
7.910880e+00  7.797050e+00  7.714490e+00  7.659870e+00  7.616120e+00  7.523190e+00  
7.266930e+00  7.009360e+00  6.557590e+00  5.837850e+00  3.981320e+00  2.924160e+00  
1.442290e+00  1.193150e+00  9.856000e-01  9.635900e-01  9.439100e-01  9.426200e-01  
1.272918e+01  1.175681e+01  1.119085e+01  1.067395e+01  1.020318e+01  9.777010e+00  
9.394790e+00  9.056240e+00  8.761360e+00  8.509830e+00  8.301130e+00  8.134220e+00  
8.006340e+00  7.914830e+00  7.857970e+00  7.826880e+00  7.805620e+00  7.761870e+00  
7.618390e+00  7.445330e+00  7.091050e+00  6.477980e+00  4.695200e+00  3.496610e+00  
1.670320e+00  1.332460e+00  1.009760e+00  9.672000e-01  9.426900e-01  9.404700e-01  
1.266129e+01  1.175837e+01  1.119660e+01  1.068314e+01  1.021557e+01  9.792530e+00  
9.413440e+00  9.078220e+00  8.787030e+00  8.539710e+00  8.335940e+00  8.174840e+00  
8.054030e+00  7.971270e+00  7.925900e+00  7.910750e+00  7.912920e+00  7.905950e+00  
7.824110e+00  7.698280e+00  7.410530e+00  6.879790e+00  5.206930e+00  3.964440e+00  
1.877080e+00  1.459180e+00  1.035460e+00  9.757300e-01  9.448800e-01  9.394000e-01  
1.261211e+01  1.176166e+01  1.120234e+01  1.068955e+01  1.022217e+01  9.800140e+00  
9.422880e+00  9.089980e+00  8.801390e+00  8.556940e+00  8.356400e+00  8.199040e+00  
8.082810e+00  8.005910e+00  7.968090e+00  7.962810e+00  7.979410e+00  7.998400e+00  
7.963970e+00  7.872640e+00  7.627830e+00  7.141080e+00  5.581250e+00  4.376880e+00  
2.069740e+00  1.570950e+00  1.060550e+00  9.917800e-01  9.443900e-01  9.387500e-01  
1.257748e+01  1.176267e+01  1.120514e+01  1.069323e+01  1.022661e+01  9.805780e+00  
9.430070e+00  9.098910e+00  8.812070e+00  8.569450e+00  8.371010e+00  8.216130e+00  
8.102920e+00  8.029760e+00  7.996900e+00  7.998670e+00  8.025690e+00  8.060900e+00  
8.055810e+00  7.990640e+00  7.788480e+00  7.355670e+00  5.883200e+00  4.696780e+00  
2.254120e+00  1.685020e+00  1.086990e+00  1.002870e+00  9.463800e-01  9.383200e-01  
1.253473e+01  1.176377e+01  1.120836e+01  1.069789e+01  1.023267e+01  9.813430e+00  
9.439530e+00  9.110400e+00  8.825780e+00  8.585650e+00  8.390010e+00  8.238390e+00  
8.129000e+00  8.060690e+00  8.034280e+00  8.045150e+00  8.085610e+00  8.142270e+00  
8.176370e+00  8.146820e+00  8.006780e+00  7.657710e+00  6.335250e+00  5.202330e+00  
2.595270e+00  1.898450e+00  1.139900e+00  1.026290e+00  9.509900e-01  9.377800e-01  
1.250833e+01  1.176442e+01  1.121002e+01  1.070071e+01  1.023664e+01  9.818410e+00  
9.445490e+00  9.117450e+00  8.834180e+00  8.595630e+00  8.401750e+00  8.252140e+00  
8.145090e+00  8.079790e+00  8.057390e+00  8.073840e+00  8.122570e+00  8.192770e+00  
8.251790e+00  8.245340e+00  8.148290e+00  7.861240e+00  6.662220e+00  5.588920e+00  
2.896760e+00  2.093940e+00  1.192190e+00  1.050980e+00  9.560300e-01  9.374500e-01  
1.246882e+01  1.176505e+01  1.121211e+01  1.070450e+01  1.024220e+01  9.825390e+00  
9.453690e+00  9.126990e+00  8.845440e+00  8.609030e+00  8.417580e+00  8.270700e+00  
8.166940e+00  8.105850e+00  8.089000e+00  8.112980e+00  8.172910e+00  8.262110e+00  
8.356430e+00  8.382920e+00  8.350500e+00  8.165120e+00  7.198240e+00  6.260950e+00  
3.520150e+00  2.527020e+00  1.319330e+00  1.115870e+00  9.690400e-01  9.370100e-01  
1.244608e+01  1.176535e+01  1.121315e+01  1.070644e+01  1.024502e+01  9.828930e+00  
9.457860e+00  9.131810e+00  8.851100e+00  8.615680e+00  8.425460e+00  8.280020e+00  
8.178030e+00  8.119180e+00  8.105240e+00  8.133090e+00  8.198830e+00  8.298080e+00  
8.411320e+00  8.455310e+00  8.457740e+00  8.333300e+00  7.530950e+00  6.700230e+00  
4.007530e+00  2.899210e+00  1.441240e+00  1.182500e+00  9.820300e-01  9.367900e-01  
1.242133e+01  1.176574e+01  1.121430e+01  1.070830e+01  1.024753e+01  9.832170e+00  
9.461890e+00  9.136660e+00  8.856760e+00  8.622250e+00  8.433150e+00  8.289160e+00  
8.188990e+00  8.132430e+00  8.121460e+00  8.153340e+00  8.225130e+00  8.334780e+00  
8.467800e+00  8.530090e+00  8.568480e+00  8.513010e+00  7.928190e+00  7.250910e+00  
4.732480e+00  3.498280e+00  1.668240e+00  1.313880e+00  1.008090e+00  9.365800e-01  
1.243026e+01  1.177273e+01  1.121311e+01  1.070377e+01  1.024272e+01  9.828650e+00  
9.460540e+00  9.137740e+00  8.859940e+00  8.627000e+00  8.438780e+00  8.294450e+00  
8.191490e+00  8.129830e+00  8.115630e+00  8.155450e+00  8.250640e+00  8.377480e+00  
8.504160e+00  8.564190e+00  8.615180e+00  8.602260e+00  8.168720e+00  7.581450e+00  
5.245650e+00  3.971010e+00  1.876840e+00  1.441420e+00  1.033220e+00  9.364700e-01  
1.242149e+01  1.177246e+01  1.121323e+01  1.070422e+01  1.024343e+01  9.829620e+00  
9.461740e+00  9.139210e+00  8.861660e+00  8.629010e+00  8.441100e+00  8.297180e+00  
8.194730e+00  8.133760e+00  8.120490e+00  8.161670e+00  8.258830e+00  8.388710e+00  
8.521320e+00  8.587560e+00  8.651210e+00  8.661910e+00  8.314730e+00  7.809920e+00  
5.637450e+00  4.349920e+00  2.085620e+00  1.563750e+00  1.059040e+00  9.364100e-01  
1.241543e+01  1.177231e+01  1.121333e+01  1.070445e+01  1.024389e+01  9.830240e+00  
9.462550e+00  9.140180e+00  8.862820e+00  8.630370e+00  8.442700e+00  8.299040e+00  
8.196960e+00  8.136420e+00  8.123790e+00  8.165830e+00  8.264290e+00  8.396270e+00  
8.532980e+00  8.603380e+00  8.675370e+00  8.702140e+00  8.417820e+00  7.975060e+00  
5.946350e+00  4.667220e+00  2.279300e+00  1.683340e+00  1.084860e+00  9.363700e-01  
1.238602e+01  1.176554e+01  1.121514e+01  1.070989e+01  1.024988e+01  9.835570e+00  
9.466530e+00  9.142640e+00  8.864090e+00  8.630950e+00  8.443220e+00  8.300770e+00  
8.202580e+00  8.148720e+00  8.141540e+00  8.178880e+00  8.258750e+00  8.381550e+00  
8.540920e+00  8.628730e+00  8.714370e+00  8.754390e+00  8.550690e+00  8.200780e+00  
6.409090e+00  5.172870e+00  2.624840e+00  1.923670e+00  1.137090e+00  9.363100e-01  
1.238263e+01  1.176520e+01  1.121475e+01  1.071011e+01  1.025082e+01  9.836650e+00  
9.467390e+00  9.143210e+00  8.864590e+00  8.631640e+00  8.444270e+00  8.302250e+00  
8.204530e+00  8.151140e+00  8.144420e+00  8.182180e+00  8.262640e+00  8.386800e+00  
8.549680e+00  8.640750e+00  8.731700e+00  8.784280e+00  8.640700e+00  8.343780e+00  
6.739650e+00  5.565930e+00  2.926140e+00  2.136160e+00  1.188580e+00  9.362700e-01  
