4.600800e-01  4.834800e-01  5.078300e-01  5.332100e-01  5.596300e-01  5.870700e-01  
6.155000e-01  6.448500e-01  6.750800e-01  7.060900e-01  7.377900e-01  7.701500e-01  
8.032400e-01  8.370300e-01  8.711500e-01  9.050600e-01  9.381900e-01  9.705100e-01  
1.001000e+00  1.014170e+00  1.024760e+00  1.031450e+00  1.043510e+00  1.048770e+00  
1.051170e+00  1.051240e+00  1.051690e+00  1.051760e+00  1.051830e+00  1.052350e+00  
6.758300e-01  7.071700e-01  7.396000e-01  7.733000e-01  8.082600e-01  8.444700e-01  
8.818500e-01  9.203500e-01  9.598800e-01  1.000340e+00  1.041590e+00  1.083570e+00  
1.126330e+00  1.169780e+00  1.213390e+00  1.256390e+00  1.297900e+00  1.337570e+00  
1.374180e+00  1.390400e+00  1.405540e+00  1.417430e+00  1.434400e+00  1.440820e+00  
1.446350e+00  1.446530e+00  1.446510e+00  1.446910e+00  1.446620e+00  1.428360e+00  
8.809800e-01  9.199700e-01  9.600600e-01  1.001500e+00  1.044230e+00  1.088190e+00  
1.133270e+00  1.179340e+00  1.226250e+00  1.273870e+00  1.322010e+00  1.370580e+00  
1.419700e+00  1.469330e+00  1.518860e+00  1.567460e+00  1.614240e+00  1.659180e+00  
1.701550e+00  1.720970e+00  1.739700e+00  1.754740e+00  1.774470e+00  1.781210e+00  
1.787100e+00  1.787350e+00  1.787370e+00  1.787780e+00  1.787490e+00  1.768390e+00  
1.259240e+00  1.311990e+00  1.365560e+00  1.420310e+00  1.476060e+00  1.532610e+00  
1.589710e+00  1.647060e+00  1.704340e+00  1.761280e+00  1.817610e+00  1.873250e+00  
1.928550e+00  1.983710e+00  2.038110e+00  2.091000e+00  2.142090e+00  2.193270e+00  
2.246140e+00  2.272190e+00  2.296600e+00  2.314520e+00  2.335340e+00  2.341370e+00  
2.346020e+00  2.346450e+00  2.346790e+00  2.346900e+00  2.346870e+00  2.343010e+00  
1.596140e+00  1.664640e+00  1.731870e+00  1.798140e+00  1.863200e+00  1.926830e+00  
1.989070e+00  2.050320e+00  2.111270e+00  2.171910e+00  2.231940e+00  2.291100e+00  
2.349420e+00  2.406890e+00  2.463100e+00  2.518050e+00  2.572000e+00  2.625930e+00  
2.680660e+00  2.708110e+00  2.736150e+00  2.758440e+00  2.778120e+00  2.781780e+00  
2.785790e+00  2.786660e+00  2.787100e+00  2.786820e+00  2.787060e+00  2.799840e+00  
1.898160e+00  1.981890e+00  2.061640e+00  2.137690e+00  2.209600e+00  2.277300e+00  
2.341230e+00  2.402730e+00  2.463850e+00  2.524860e+00  2.585530e+00  2.645420e+00  
2.704290e+00  2.761820e+00  2.817560e+00  2.871520e+00  2.924180e+00  2.977620e+00  
3.034110e+00  3.063500e+00  3.093760e+00  3.117430e+00  3.135770e+00  3.137970e+00  
3.141270e+00  3.142370e+00  3.142890e+00  3.142340e+00  3.142800e+00  3.167840e+00  
2.190420e+00  2.270660e+00  2.349520e+00  2.427650e+00  2.504470e+00  2.579330e+00  
2.651570e+00  2.720480e+00  2.785420e+00  2.845980e+00  2.902240e+00  2.954790e+00  
3.005860e+00  3.057420e+00  3.109400e+00  3.161640e+00  3.214290e+00  3.269040e+00  
3.327680e+00  3.358340e+00  3.389510e+00  3.413380e+00  3.430080e+00  3.430390e+00  
3.433930e+00  3.435410e+00  3.435820e+00  3.435050e+00  3.435690e+00  3.467330e+00  
2.656440e+00  2.772460e+00  2.876710e+00  2.969380e+00  3.049820e+00  3.118340e+00  
3.176750e+00  3.228930e+00  3.280330e+00  3.332230e+00  3.384660e+00  3.437310e+00  
3.490000e+00  3.542140e+00  3.592310e+00  3.637990e+00  3.678580e+00  3.722410e+00  
3.779420e+00  3.811950e+00  3.841750e+00  3.861480e+00  3.880150e+00  3.882440e+00  
3.884520e+00  3.885390e+00  3.886200e+00  3.885800e+00  3.886050e+00  3.915170e+00  
3.072170e+00  3.199460e+00  3.310780e+00  3.406470e+00  3.485900e+00  3.549700e+00  
3.600400e+00  3.643170e+00  3.684980e+00  3.727520e+00  3.770960e+00  3.815040e+00  
3.859550e+00  3.903990e+00  3.947280e+00  3.987370e+00  4.023770e+00  4.062990e+00  
4.112830e+00  4.141050e+00  4.167490e+00  4.186550e+00  4.207780e+00  4.210330e+00  
4.212690e+00  4.213470e+00  4.214150e+00  4.213920e+00  4.214180e+00  4.228840e+00  
3.910470e+00  4.044960e+00  4.155960e+00  4.244620e+00  4.310630e+00  4.355460e+00  
4.382870e+00  4.399950e+00  4.415920e+00  4.433050e+00  4.451810e+00  4.472320e+00  
4.494560e+00  4.518600e+00  4.544250e+00  4.570760e+00  4.597540e+00  4.625300e+00  
4.654930e+00  4.670650e+00  4.687600e+00  4.704530e+00  4.730380e+00  4.734080e+00  
4.737520e+00  4.738020e+00  4.738320e+00  4.738520e+00  4.738700e+00  4.715040e+00  
4.560170e+00  4.685640e+00  4.783040e+00  4.854620e+00  4.900610e+00  4.923060e+00  
4.926580e+00  4.919160e+00  4.910920e+00  4.904570e+00  4.900730e+00  4.899830e+00  
4.902200e+00  4.908270e+00  4.918210e+00  4.931620e+00  4.947480e+00  4.963510e+00  
4.977250e+00  4.984040e+00  4.993680e+00  5.007290e+00  5.032260e+00  5.036260e+00  
5.039990e+00  5.040280e+00  5.040320e+00  5.040740e+00  5.040850e+00  4.999290e+00  
5.536020e+00  5.623580e+00  5.679120e+00  5.707240e+00  5.709060e+00  5.687480e+00  
5.647890e+00  5.598920e+00  5.550760e+00  5.506570e+00  5.466990e+00  5.432520e+00  
5.403730e+00  5.380930e+00  5.364250e+00  5.352750e+00  5.345030e+00  5.339270e+00  
5.333950e+00  5.332260e+00  5.332870e+00  5.337150e+00  5.349730e+00  5.354630e+00  
5.356500e+00  5.355990e+00  5.356480e+00  5.357470e+00  5.356740e+00  5.320740e+00  
6.255710e+00  6.303450e+00  6.317020e+00  6.303000e+00  6.263280e+00  6.201490e+00  
6.123650e+00  6.038910e+00  5.957770e+00  5.883410e+00  5.816470e+00  5.756900e+00  
5.704980e+00  5.660280e+00  5.622820e+00  5.591310e+00  5.564210e+00  5.540340e+00  
5.519150e+00  5.510380e+00  5.503500e+00  5.500620e+00  5.502530e+00  5.504290e+00  
5.505150e+00  5.504890e+00  5.505050e+00  5.505570e+00  5.505240e+00  5.485030e+00  
6.813710e+00  6.851140e+00  6.829830e+00  6.765990e+00  6.673840e+00  6.568910e+00  
6.457960e+00  6.347740e+00  6.245720e+00  6.152840e+00  6.067260e+00  5.987360e+00  
5.914610e+00  5.849590e+00  5.792570e+00  5.742750e+00  5.699370e+00  5.662230e+00  
5.628140e+00  5.610990e+00  5.597640e+00  5.590100e+00  5.580080e+00  5.581780e+00  
5.581790e+00  5.581070e+00  5.580910e+00  5.581230e+00  5.581090e+00  5.572920e+00  
7.280120e+00  7.293060e+00  7.237360e+00  7.134430e+00  7.003970e+00  6.866360e+00  
6.727940e+00  6.593350e+00  6.468000e+00  6.353150e+00  6.248330e+00  6.152340e+00  
6.064820e+00  5.985020e+00  5.913110e+00  5.848640e+00  5.791030e+00  5.739520e+00  
5.693050e+00  5.671600e+00  5.651210e+00  5.635790e+00  5.620800e+00  5.619300e+00  
5.619640e+00  5.619220e+00  5.618590e+00  5.618630e+00  5.618780e+00  5.617080e+00  
8.006310e+00  7.981700e+00  7.868350e+00  7.696950e+00  7.497220e+00  7.298560e+00  
7.108410e+00  6.930690e+00  6.769720e+00  6.624970e+00  6.492220e+00  6.368260e+00  
6.253050e+00  6.147030e+00  6.050250e+00  5.962660e+00  5.883300e+00  5.808590e+00  
5.738040e+00  5.706900e+00  5.677050e+00  5.651410e+00  5.621440e+00  5.623730e+00  
5.621230e+00  5.619600e+00  5.619250e+00  5.619610e+00  5.619450e+00  5.622830e+00  
8.555000e+00  8.493700e+00  8.326520e+00  8.093210e+00  7.833430e+00  7.584630e+00  
7.353880e+00  7.142660e+00  6.952340e+00  6.781310e+00  6.624500e+00  6.478050e+00  
6.341430e+00  6.215020e+00  6.098640e+00  5.991830e+00  5.893420e+00  5.800050e+00  
5.711760e+00  5.672070e+00  5.633310e+00  5.600280e+00  5.563450e+00  5.563970e+00  
5.560010e+00  5.558220e+00  5.557730e+00  5.558020e+00  5.557810e+00  5.562390e+00  
9.644300e+00  9.280020e+00  8.923870e+00  8.586180e+00  8.266220e+00  7.963440e+00  
7.677450e+00  7.408590e+00  7.157250e+00  6.923450e+00  6.706750e+00  6.506400e+00  
6.321570e+00  6.152570e+00  6.000630e+00  5.865820e+00  5.745930e+00  5.628540e+00  
5.502120e+00  5.438570e+00  5.382080e+00  5.344490e+00  5.303450e+00  5.292310e+00  
5.284750e+00  5.284090e+00  5.283050e+00  5.282630e+00  5.282560e+00  5.288330e+00  
1.023483e+01  9.753970e+00  9.295020e+00  8.866540e+00  8.466600e+00  8.094030e+00  
7.747800e+00  7.427340e+00  7.132610e+00  6.862420e+00  6.615040e+00  6.388410e+00  
6.179450e+00  5.986480e+00  5.810930e+00  5.652500e+00  5.508570e+00  5.366980e+00  
5.217680e+00  5.144770e+00  5.082740e+00  5.043670e+00  4.995870e+00  4.979810e+00  
4.967720e+00  4.967050e+00  4.966250e+00  4.965440e+00  4.965120e+00  4.972890e+00  
1.090739e+01  1.025753e+01  9.654540e+00  9.100760e+00  8.591460e+00  8.124320e+00  
7.697700e+00  7.309070e+00  6.956490e+00  6.637440e+00  6.348650e+00  6.086200e+00  
5.844550e+00  5.620010e+00  5.413310e+00  5.225050e+00  5.051880e+00  4.882410e+00  
4.708310e+00  4.624580e+00  4.552680e+00  4.505810e+00  4.446580e+00  4.426530e+00  
4.412750e+00  4.412150e+00  4.411150e+00  4.410200e+00  4.409580e+00  4.418570e+00  
1.126267e+01  1.050042e+01  9.805610e+00  9.172410e+00  8.594870e+00  8.069050e+00  
7.592730e+00  7.162180e+00  6.773810e+00  6.424030e+00  6.108760e+00  5.823040e+00  
5.560160e+00  5.315400e+00  5.089110e+00  4.881670e+00  4.690280e+00  4.503510e+00  
4.313490e+00  4.221680e+00  4.140120e+00  4.083870e+00  4.016230e+00  3.995480e+00  
3.982160e+00  3.981350e+00  3.980050e+00  3.979430e+00  3.978940e+00  3.985950e+00  
1.147059e+01  1.061584e+01  9.853650e+00  9.167910e+00  8.550490e+00  7.994200e+00  
7.493840e+00  7.042680e+00  6.633980e+00  6.263500e+00  5.927560e+00  5.621860e+00  
5.340720e+00  5.079730e+00  4.837420e+00  4.610860e+00  4.397690e+00  4.195690e+00  
4.004980e+00  3.914100e+00  3.823250e+00  3.750640e+00  3.677790e+00  3.659180e+00  
3.644530e+00  3.642970e+00  3.641710e+00  3.641490e+00  3.641570e+00  3.645070e+00  
1.160936e+01  1.068701e+01  9.875480e+00  9.149500e+00  8.500330e+00  7.919210e+00  
7.398870e+00  6.931150e+00  6.508090e+00  6.124720e+00  5.776910e+00  5.459850e+00  
5.167240e+00  4.894370e+00  4.640240e+00  4.402940e+00  4.180540e+00  3.968460e+00  
3.763700e+00  3.664670e+00  3.566760e+00  3.489210e+00  3.410600e+00  3.392660e+00  
3.376220e+00  3.374020e+00  3.372870e+00  3.373000e+00  3.373530e+00  3.373870e+00  
1.174821e+01  1.073971e+01  9.868700e+00  9.094280e+00  8.406880e+00  7.796050e+00  
7.251310e+00  6.762530e+00  6.320380e+00  5.919450e+00  5.555330e+00  5.223000e+00  
4.916130e+00  4.629850e+00  4.362490e+00  4.111330e+00  3.873280e+00  3.643880e+00  
3.418390e+00  3.307380e+00  3.196920e+00  3.109020e+00  3.021340e+00  3.002510e+00  
2.982630e+00  2.979690e+00  2.978620e+00  2.978980e+00  2.980070e+00  2.976560e+00  
1.179676e+01  1.074055e+01  9.838580e+00  9.038640e+00  8.330840e+00  7.703520e+00  
7.144760e+00  6.643630e+00  6.190380e+00  5.779430e+00  5.406250e+00  5.065680e+00  
4.751380e+00  4.458250e+00  4.183840e+00  3.924180e+00  3.675020e+00  3.432070e+00  
3.190600e+00  3.069900e+00  2.948370e+00  2.850880e+00  2.754840e+00  2.733200e+00  
2.710860e+00  2.707670e+00  2.706380e+00  2.706670e+00  2.707790e+00  2.703070e+00  
1.176735e+01  1.067138e+01  9.749580e+00  8.932090e+00  8.210180e+00  7.568300e+00  
6.995460e+00  6.481050e+00  6.015980e+00  5.594660e+00  5.212310e+00  4.863690e+00  
4.542370e+00  4.242820e+00  3.961260e+00  3.691410e+00  3.426710e+00  3.160990e+00  
2.887980e+00  2.746400e+00  2.599360e+00  2.478240e+00  2.359160e+00  2.329940e+00  
2.305760e+00  2.302700e+00  2.300130e+00  2.299830e+00  2.299470e+00  2.296940e+00  
1.167703e+01  1.058446e+01  9.674090e+00  8.864790e+00  8.148490e+00  7.507980e+00  
6.934090e+00  6.417620e+00  5.950770e+00  5.528090e+00  5.144770e+00  4.795530e+00  
4.473920e+00  4.174120e+00  3.891470e+00  3.618140e+00  3.345510e+00  3.064340e+00  
2.764280e+00  2.604110e+00  2.434000e+00  2.290300e+00  2.145860e+00  2.110830e+00  
2.086590e+00  2.084050e+00  2.080150e+00  2.078760e+00  2.076960e+00  2.080920e+00  
1.149758e+01  1.043859e+01  9.568470e+00  8.791450e+00  8.096380e+00  7.469130e+00  
6.903300e+00  6.392700e+00  5.931950e+00  5.515780e+00  5.138840e+00  4.795000e+00  
4.476730e+00  4.177890e+00  3.895280e+00  3.623670e+00  3.352050e+00  3.054800e+00  
2.705510e+00  2.509000e+00  2.300350e+00  2.120720e+00  1.924500e+00  1.877350e+00  
1.854720e+00  1.853240e+00  1.846990e+00  1.844210e+00  1.839330e+00  1.866530e+00  
1.132934e+01  1.031322e+01  9.490140e+00  8.751850e+00  8.084280e+00  7.477030e+00  
6.925600e+00  6.425690e+00  5.973700e+00  5.565150e+00  5.195220e+00  4.858530e+00  
4.548300e+00  4.257810e+00  3.980370e+00  3.704300e+00  3.415780e+00  3.098400e+00  
2.730070e+00  2.518140e+00  2.279940e+00  2.062160e+00  1.816220e+00  1.756960e+00  
1.734220e+00  1.734740e+00  1.727110e+00  1.722130e+00  1.718110e+00  1.763510e+00  
1.121336e+01  1.022846e+01  9.442120e+00  8.733430e+00  8.087760e+00  7.497240e+00  
6.958910e+00  6.470000e+00  6.028200e+00  5.629300e+00  5.268430e+00  4.939970e+00  
4.636750e+00  4.351580e+00  4.077290e+00  3.801350e+00  3.508640e+00  3.180870e+00  
2.791710e+00  2.562150e+00  2.297190e+00  2.048840e+00  1.758070e+00  1.686500e+00  
1.663020e+00  1.664790e+00  1.656210e+00  1.650280e+00  1.646330e+00  1.702430e+00  
1.112426e+01  1.016426e+01  9.409270e+00  8.725060e+00  8.098410e+00  7.522980e+00  
6.996980e+00  6.518680e+00  6.086840e+00  5.697430e+00  5.345480e+00  5.025120e+00  
4.728780e+00  4.448800e+00  4.177790e+00  3.902700e+00  3.607520e+00  3.272410e+00  
2.866950e+00  2.622320e+00  2.332970e+00  2.056190e+00  1.728190e+00  1.646310e+00  
1.614170e+00  1.616650e+00  1.611680e+00  1.605970e+00  1.600100e+00  1.662170e+00  
1.099643e+01  1.007460e+01  9.369060e+00  8.723120e+00  8.127660e+00  7.577820e+00  
7.073430e+00  6.614290e+00  6.200580e+00  5.828520e+00  5.492980e+00  5.187680e+00  
4.904160e+00  4.634040e+00  4.369650e+00  4.097370e+00  3.800110e+00  3.456210e+00  
3.028510e+00  2.761130e+00  2.432160e+00  2.105220e+00  1.704510e+00  1.602000e+00  
1.560090e+00  1.563100e+00  1.558820e+00  1.552850e+00  1.546640e+00  1.612930e+00  
1.091005e+01  1.001642e+01  9.347390e+00  8.730300e+00  8.159150e+00  7.629960e+00  
7.143530e+00  6.700610e+00  6.302260e+00  5.944940e+00  5.623400e+00  5.331090e+00  
5.058880e+00  4.797850e+00  4.540260e+00  4.272240e+00  3.976110e+00  3.628960e+00  
3.187850e+00  2.903850e+00  2.543010e+00  2.173060e+00  1.708080e+00  1.586220e+00  
1.531960e+00  1.534530e+00  1.530840e+00  1.525010e+00  1.518770e+00  1.584200e+00  
1.078705e+01  9.939850e+00  9.328310e+00  8.759750e+00  8.230640e+00  7.738560e+00  
7.285260e+00  6.872650e+00  6.502830e+00  6.172680e+00  5.877080e+00  5.609210e+00  
5.359220e+00  5.117590e+00  4.876710e+00  4.622810e+00  4.337670e+00  3.996360e+00  
3.544500e+00  3.235930e+00  2.818500e+00  2.365260e+00  1.763710e+00  1.597310e+00  
1.505830e+00  1.504780e+00  1.501800e+00  1.497040e+00  1.491240e+00  1.546340e+00  
1.072703e+01  9.906490e+00  9.328460e+00  8.789970e+00  8.287960e+00  7.820810e+00  
7.390430e+00  6.999010e+00  6.648950e+00  6.337480e+00  6.059730e+00  5.809100e+00  
5.575650e+00  5.349810e+00  5.124340e+00  4.885890e+00  4.616230e+00  4.289210e+00  
3.842220e+00  3.522530e+00  3.069190e+00  2.555380e+00  1.841990e+00  1.635500e+00  
1.503660e+00  1.497170e+00  1.493430e+00  1.489780e+00  1.484310e+00  1.527680e+00  
1.067783e+01  9.883200e+00  9.342310e+00  8.838680e+00  8.369780e+00  7.934470e+00  
7.534260e+00  7.171120e+00  6.847250e+00  6.560370e+00  6.306270e+00  6.079020e+00  
5.869310e+00  5.668180e+00  5.469160e+00  5.259700e+00  5.021890e+00  4.728050e+00  
4.305220e+00  3.981150e+00  3.490030e+00  2.896990e+00  2.009030e+00  1.732170e+00  
1.519420e+00  1.500050e+00  1.491380e+00  1.489000e+00  1.483080e+00  1.509520e+00  
1.066303e+01  9.879900e+00  9.357890e+00  8.873120e+00  8.423370e+00  8.007420e+00  
7.626230e+00  7.281220e+00  6.974040e+00  6.702740e+00  6.463770e+00  6.251910e+00  
6.058840e+00  5.876460e+00  5.698880e+00  5.514190e+00  5.304690e+00  5.041530e+00  
4.646280e+00  4.328220e+00  3.824790e+00  3.187900e+00  2.171160e+00  1.832340e+00  
1.541700e+00  1.508710e+00  1.492400e+00  1.490250e+00  1.482920e+00  1.500480e+00  
1.065894e+01  9.882650e+00  9.371490e+00  8.898290e+00  8.460850e+00  8.057850e+00  
7.689690e+00  7.357290e+00  7.061710e+00  6.801290e+00  6.572950e+00  6.372250e+00  
6.191730e+00  6.024140e+00  5.864110e+00  5.700150e+00  5.514750e+00  5.278200e+00  
4.909400e+00  4.601530e+00  4.098840e+00  3.438560e+00  2.323470e+00  1.928980e+00  
1.565060e+00  1.518640e+00  1.493440e+00  1.490990e+00  1.482190e+00  1.495070e+00  
1.065797e+01  9.887060e+00  9.382760e+00  8.917300e+00  8.488400e+00  8.094540e+00  
7.735790e+00  7.412600e+00  7.125550e+00  6.873160e+00  6.652850e+00  6.460710e+00  
6.290090e+00  6.134540e+00  5.989030e+00  5.842450e+00  5.677420e+00  5.463730e+00  
5.119310e+00  4.823340e+00  4.328460e+00  3.657460e+00  2.465310e+00  2.020880e+00  
1.588160e+00  1.528790e+00  1.494120e+00  1.491110e+00  1.481080e+00  1.491500e+00  
1.066111e+01  9.900400e+00  9.402150e+00  8.942560e+00  8.521420e+00  8.138830e+00  
7.793750e+00  7.484780e+00  7.210470e+00  6.969370e+00  6.759580e+00  6.578760e+00  
6.423430e+00  6.289280e+00  6.170440e+00  6.052480e+00  5.915080e+00  5.728830e+00  
5.418710e+00  5.150720e+00  4.697820e+00  4.042980e+00  2.723460e+00  2.183760e+00  
1.630860e+00  1.550230e+00  1.494530e+00  1.489140e+00  1.479230e+00  1.487090e+00  
1.067472e+01  9.908860e+00  9.410740e+00  8.956570e+00  8.543160e+00  8.168230e+00  
7.830430e+00  7.528590e+00  7.261470e+00  7.027910e+00  6.826370e+00  6.654320e+00  
6.507150e+00  6.380980e+00  6.274630e+00  6.183050e+00  6.089070e+00  5.939800e+00  
5.639240e+00  5.377770e+00  4.960100e+00  4.348650e+00  2.968240e+00  2.339010e+00  
1.659520e+00  1.560820e+00  1.497200e+00  1.489820e+00  1.483760e+00  1.484430e+00  
1.065373e+01  9.910360e+00  9.424900e+00  8.981340e+00  8.577170e+00  8.210690e+00  
7.880990e+00  7.587360e+00  7.329210e+00  7.105940e+00  6.916740e+00  6.759970e+00  
6.632390e+00  6.530630e+00  6.451480e+00  6.384860e+00  6.314080e+00  6.208650e+00  
5.998100e+00  5.797010e+00  5.435420e+00  4.858620e+00  3.433010e+00  2.689510e+00  
1.752520e+00  1.601110e+00  1.497740e+00  1.489730e+00  1.471370e+00  1.480880e+00  
1.064081e+01  9.914580e+00  9.432940e+00  8.992980e+00  8.592400e+00  8.229740e+00  
7.904100e+00  7.614880e+00  7.361710e+00  7.144120e+00  6.961660e+00  6.813030e+00  
6.695500e+00  6.606310e+00  6.542920e+00  6.495950e+00  6.449820e+00  6.376040e+00  
6.211230e+00  6.045940e+00  5.739390e+00  5.222270e+00  3.801470e+00  2.976170e+00  
1.838910e+00  1.645670e+00  1.501790e+00  1.488780e+00  1.467220e+00  1.479130e+00  
1.061562e+01  9.923790e+00  9.442690e+00  9.004310e+00  8.606420e+00  8.247500e+00  
7.926520e+00  7.642660e+00  7.395370e+00  7.184200e+00  7.008610e+00  6.867260e+00  
6.757220e+00  6.676880e+00  6.628290e+00  6.611160e+00  6.615190e+00  6.596470e+00  
6.478340e+00  6.344060e+00  6.099140e+00  5.671850e+00  4.356370e+00  3.465330e+00  
1.995560e+00  1.729400e+00  1.516450e+00  1.495050e+00  1.471620e+00  1.477380e+00  
1.056974e+01  9.920500e+00  9.447780e+00  9.014450e+00  8.619200e+00  8.261460e+00  
7.940940e+00  7.657870e+00  7.412640e+00  7.204750e+00  7.033150e+00  6.896820e+00  
6.794400e+00  6.725040e+00  6.688890e+00  6.680890e+00  6.690320e+00  6.691240e+00  
6.623930e+00  6.526830e+00  6.337400e+00  5.996090e+00  4.756720e+00  3.758060e+00  
2.166750e+00  1.850630e+00  1.529950e+00  1.487260e+00  1.474010e+00  1.476500e+00  
1.054402e+01  9.919420e+00  9.449390e+00  9.018590e+00  8.625660e+00  8.269850e+00  
7.950930e+00  7.669080e+00  7.424780e+00  7.218040e+00  7.048650e+00  6.916020e+00  
6.818040e+00  6.753330e+00  6.722030e+00  6.719130e+00  6.735870e+00  6.754670e+00  
6.732460e+00  6.668600e+00  6.498670e+00  6.169160e+00  5.044650e+00  4.092540e+00  
2.304340e+00  1.926630e+00  1.553330e+00  1.503760e+00  1.471850e+00  1.475980e+00  
1.052879e+01  9.920600e+00  9.451720e+00  9.021980e+00  8.630050e+00  8.275190e+00  
7.957160e+00  7.676110e+00  7.432490e+00  7.226460e+00  7.058060e+00  6.927100e+00  
6.832110e+00  6.771970e+00  6.746180e+00  6.747960e+00  6.769070e+00  6.801780e+00  
6.814100e+00  6.772800e+00  6.618210e+00  6.293480e+00  5.256370e+00  4.376270e+00  
2.444510e+00  2.002600e+00  1.569020e+00  1.519890e+00  1.473490e+00  1.475630e+00  
1.050924e+01  9.921380e+00  9.453720e+00  9.025290e+00  8.634790e+00  8.281500e+00  
7.965140e+00  7.685840e+00  7.444010e+00  7.239860e+00  7.073540e+00  6.944940e+00  
6.852810e+00  6.796340e+00  6.775360e+00  6.783890e+00  6.815180e+00  6.864940e+00  
6.909370e+00  6.896290e+00  6.786630e+00  6.517050e+00  5.584030e+00  4.751010e+00  
2.711580e+00  2.174690e+00  1.605970e+00  1.535700e+00  1.475110e+00  1.475190e+00  
1.049652e+01  9.923750e+00  9.456740e+00  9.027720e+00  8.636570e+00  8.283550e+00  
7.968330e+00  7.690780e+00  7.451070e+00  7.249140e+00  7.084820e+00  6.957750e+00  
6.866760e+00  6.811310e+00  6.792160e+00  6.805240e+00  6.845180e+00  6.905860e+00  
6.966680e+00  6.971980e+00  6.899270e+00  6.676650e+00  5.814810e+00  5.032330e+00  
2.946880e+00  2.336430e+00  1.646850e+00  1.547490e+00  1.478160e+00  1.474920e+00  
1.047864e+01  9.924840e+00  9.458280e+00  9.029830e+00  8.639620e+00  8.288020e+00  
7.974630e+00  7.699180e+00  7.461640e+00  7.261700e+00  7.098770e+00  6.972620e+00  
6.883180e+00  6.830870e+00  6.816530e+00  6.835860e+00  6.884500e+00  6.961220e+00  
7.051000e+00  7.079380e+00  7.050750e+00  6.907320e+00  6.232670e+00  5.520900e+00  
3.416580e+00  2.683620e+00  1.742890e+00  1.582180e+00  1.500680e+00  1.474560e+00  
1.046813e+01  9.925180e+00  9.459060e+00  9.031100e+00  8.641430e+00  8.290360e+00  
7.977490e+00  7.702610e+00  7.465700e+00  7.266450e+00  7.104380e+00  6.979270e+00  
6.891220e+00  6.840780e+00  6.828910e+00  6.851490e+00  6.904510e+00  6.987710e+00  
7.092480e+00  7.137360e+00  7.136280e+00  7.028090e+00  6.465980e+00  5.873880e+00  
3.793330e+00  2.962810e+00  1.833650e+00  1.632230e+00  1.509920e+00  1.474380e+00  
1.045630e+01  9.925280e+00  9.460000e+00  9.032860e+00  8.643800e+00  8.292990e+00  
7.980130e+00  7.705110e+00  7.468120e+00  7.269250e+00  7.108520e+00  6.985760e+00  
6.899850e+00  6.850630e+00  6.839970e+00  6.865900e+00  6.926170e+00  7.018550e+00  
7.130120e+00  7.183750e+00  7.224800e+00  7.191320e+00  6.735590e+00  6.244850e+00  
4.395810e+00  3.446640e+00  2.000010e+00  1.721950e+00  1.519180e+00  1.474190e+00  
1.045044e+01  9.925210e+00  9.460070e+00  9.033190e+00  8.644450e+00  8.293950e+00  
7.981410e+00  7.706840e+00  7.470510e+00  7.272210e+00  7.111480e+00  6.988200e+00  
6.902520e+00  6.855120e+00  6.847170e+00  6.874850e+00  6.934750e+00  7.028390e+00  
7.156110e+00  7.225540e+00  7.267220e+00  7.224060e+00  6.913740e+00  6.599290e+00  
4.758200e+00  3.751400e+00  2.164100e+00  1.835000e+00  1.541480e+00  1.474110e+00  
1.046402e+01  9.930930e+00  9.459250e+00  9.029630e+00  8.640580e+00  8.290970e+00  
7.979960e+00  7.707020e+00  7.471880e+00  7.274460e+00  7.114650e+00  6.991850e+00  
6.903980e+00  6.851110e+00  6.838570e+00  6.872070e+00  6.952920e+00  7.061160e+00  
7.171890e+00  7.228480e+00  7.286240e+00  7.302460e+00  7.037790e+00  6.669140e+00  
5.092600e+00  4.103150e+00  2.316810e+00  1.904390e+00  1.558150e+00  1.474060e+00  
1.046103e+01  9.930820e+00  9.459400e+00  9.029990e+00  8.641120e+00  8.291690e+00  
7.980830e+00  7.708030e+00  7.473030e+00  7.275760e+00  7.116130e+00  6.993520e+00  
6.905900e+00  6.853360e+00  6.841270e+00  6.875420e+00  6.957230e+00  7.067050e+00  
7.180870e+00  7.240670e+00  7.304930e+00  7.333830e+00  7.117800e+00  6.795480e+00  
5.324930e+00  4.342560e+00  2.462320e+00  1.996510e+00  1.577050e+00  1.474030e+00  
1.043963e+01  9.925620e+00  9.461190e+00  9.034610e+00  8.646080e+00  8.296020e+00  
7.984050e+00  7.710020e+00  7.474040e+00  7.276200e+00  7.116570e+00  6.995030e+00  
6.910680e+00  6.863550e+00  6.855670e+00  6.885280e+00  6.950860e+00  7.052890e+00  
7.186900e+00  7.261410e+00  7.333350e+00  7.370830e+00  7.225970e+00  6.958550e+00  
5.657750e+00  4.714830e+00  2.725000e+00  2.177210e+00  1.614210e+00  1.474000e+00  
1.043813e+01  9.925870e+00  9.461420e+00  9.034910e+00  8.646460e+00  8.296280e+00  
7.984140e+00  7.709940e+00  7.473940e+00  7.276190e+00  7.116660e+00  6.995300e+00  
6.911370e+00  6.864960e+00  6.857700e+00  6.886890e+00  6.950910e+00  7.053700e+00  
7.191300e+00  7.267530e+00  7.347300e+00  7.397130e+00  7.282500e+00  7.057760e+00  
5.881560e+00  4.988940e+00  2.957230e+00  2.347030e+00  1.648300e+00  1.474000e+00  
