2.182020e+00  2.240330e+00  2.295700e+00  2.348450e+00  2.398330e+00  2.445230e+00  
2.489240e+00  2.530820e+00  2.570700e+00  2.609170e+00  2.646410e+00  2.683060e+00  
2.720520e+00  2.760060e+00  2.801630e+00  2.844690e+00  2.888020e+00  2.928930e+00  
2.963960e+00  2.979770e+00  2.998300e+00  3.016950e+00  3.039480e+00  3.045680e+00  
3.050780e+00  3.051410e+00  3.051950e+00  3.052010e+00  3.052070e+00  3.052080e+00  
2.760890e+00  2.812010e+00  2.861000e+00  2.908640e+00  2.954670e+00  2.998800e+00  
3.040740e+00  3.080230e+00  3.117100e+00  3.151350e+00  3.183310e+00  3.213660e+00  
3.244170e+00  3.276450e+00  3.310910e+00  3.347920e+00  3.388000e+00  3.431810e+00  
3.478930e+00  3.501780e+00  3.520250e+00  3.530680e+00  3.545290e+00  3.550760e+00  
3.553180e+00  3.553250e+00  3.553630e+00  3.553670e+00  3.553850e+00  3.553750e+00  
3.221770e+00  3.273130e+00  3.321170e+00  3.366910e+00  3.410060e+00  3.450260e+00  
3.487180e+00  3.520560e+00  3.550220e+00  3.576230e+00  3.599160e+00  3.620020e+00  
3.641170e+00  3.664810e+00  3.691640e+00  3.722400e+00  3.757980e+00  3.799240e+00  
3.845690e+00  3.868310e+00  3.884750e+00  3.891480e+00  3.901820e+00  3.906340e+00  
3.907620e+00  3.907510e+00  3.907790e+00  3.907810e+00  3.908000e+00  3.907880e+00  
3.921040e+00  3.992940e+00  4.052130e+00  4.100150e+00  4.136980e+00  4.163190e+00  
4.180170e+00  4.190680e+00  4.198270e+00  4.204120e+00  4.209050e+00  4.214220e+00  
4.221700e+00  4.233320e+00  4.249110e+00  4.268010e+00  4.289220e+00  4.313990e+00  
4.343250e+00  4.358340e+00  4.370370e+00  4.376380e+00  4.382090e+00  4.383380e+00  
4.384140e+00  4.384210e+00  4.384300e+00  4.384310e+00  4.384340e+00  4.384330e+00  
4.451870e+00  4.547510e+00  4.614480e+00  4.657700e+00  4.681980e+00  4.693260e+00  
4.694390e+00  4.688800e+00  4.680910e+00  4.671860e+00  4.662090e+00  4.652360e+00  
4.644040e+00  4.638600e+00  4.636680e+00  4.638800e+00  4.645630e+00  4.657980e+00  
4.673850e+00  4.680770e+00  4.686390e+00  4.689470e+00  4.691570e+00  4.691890e+00  
4.692090e+00  4.692120e+00  4.692140e+00  4.692130e+00  4.692140e+00  4.692150e+00  
4.874790e+00  4.995020e+00  5.068650e+00  5.104730e+00  5.114270e+00  5.109970e+00  
5.096160e+00  5.076860e+00  5.056770e+00  5.035830e+00  5.012100e+00  4.985640e+00  
4.960660e+00  4.941020e+00  4.926690e+00  4.915960e+00  4.907820e+00  4.904950e+00  
4.907360e+00  4.908070e+00  4.908010e+00  4.907300e+00  4.906450e+00  4.906090e+00  
4.905770e+00  4.905730e+00  4.905700e+00  4.905690e+00  4.905690e+00  4.905690e+00  
5.228140e+00  5.366560e+00  5.443490e+00  5.471540e+00  5.466950e+00  5.448010e+00  
5.420320e+00  5.388310e+00  5.356910e+00  5.325140e+00  5.289170e+00  5.248570e+00  
5.209470e+00  5.177320e+00  5.151590e+00  5.129030e+00  5.107390e+00  5.090630e+00  
5.080320e+00  5.075270e+00  5.070030e+00  5.065870e+00  5.062070e+00  5.061030e+00  
5.060200e+00  5.060110e+00  5.060020e+00  5.060000e+00  5.060000e+00  5.060010e+00  
5.797060e+00  5.953240e+00  6.027490e+00  6.037850e+00  6.007740e+00  5.962820e+00  
5.910420e+00  5.855500e+00  5.803410e+00  5.752170e+00  5.696110e+00  5.633940e+00  
5.573290e+00  5.520580e+00  5.474820e+00  5.431440e+00  5.387190e+00  5.346970e+00  
5.314330e+00  5.299370e+00  5.285170e+00  5.274760e+00  5.264880e+00  5.262460e+00  
5.260550e+00  5.260320e+00  5.260130e+00  5.260100e+00  5.260090e+00  5.260100e+00  
6.244610e+00  6.401270e+00  6.464420e+00  6.455930e+00  6.403120e+00  6.335560e+00  
6.261420e+00  6.186090e+00  6.115210e+00  6.046610e+00  5.974400e+00  5.896800e+00  
5.820790e+00  5.752130e+00  5.689700e+00  5.629070e+00  5.567100e+00  5.508430e+00  
5.457440e+00  5.434290e+00  5.412550e+00  5.396580e+00  5.380830e+00  5.377040e+00  
5.374060e+00  5.373670e+00  5.373390e+00  5.373350e+00  5.373320e+00  5.373320e+00  
7.058980e+00  7.184570e+00  7.204620e+00  7.147280e+00  7.043820e+00  6.927170e+00  
6.806210e+00  6.686570e+00  6.574260e+00  6.467940e+00  6.363970e+00  6.260030e+00  
6.159060e+00  6.063040e+00  5.971080e+00  5.880260e+00  5.788530e+00  5.698910e+00  
5.615390e+00  5.576580e+00  5.539610e+00  5.511920e+00  5.484370e+00  5.477690e+00  
5.472430e+00  5.471740e+00  5.471230e+00  5.471150e+00  5.471100e+00  5.471100e+00  
7.627070e+00  7.706550e+00  7.677030e+00  7.571160e+00  7.421630e+00  7.261750e+00  
7.100380e+00  6.942810e+00  6.794750e+00  6.656450e+00  6.526970e+00  6.404150e+00  
6.287260e+00  6.174510e+00  6.065110e+00  5.956900e+00  5.848340e+00  5.741290e+00  
5.637830e+00  5.587610e+00  5.538660e+00  5.501540e+00  5.466050e+00  5.457320e+00  
5.450370e+00  5.449480e+00  5.448820e+00  5.448720e+00  5.448670e+00  5.448650e+00  
8.598870e+00  8.393320e+00  8.176750e+00  7.965050e+00  7.758080e+00  7.555760e+00  
7.358260e+00  7.165900e+00  6.978260e+00  6.796670e+00  6.622210e+00  6.454610e+00  
6.295580e+00  6.144940e+00  6.003640e+00  5.872670e+00  5.752020e+00  5.637350e+00  
5.525760e+00  5.473030e+00  5.423530e+00  5.381290e+00  5.302440e+00  5.273900e+00  
5.280850e+00  5.285180e+00  5.282000e+00  5.280360e+00  5.282710e+00  5.281300e+00  
9.096830e+00  8.816970e+00  8.527320e+00  8.247380e+00  7.976800e+00  7.715360e+00  
7.463150e+00  7.220570e+00  6.987230e+00  6.764660e+00  6.554310e+00  6.355630e+00  
6.170570e+00  5.999720e+00  5.843900e+00  5.704280e+00  5.580270e+00  5.464150e+00  
5.348760e+00  5.292240e+00  5.236180e+00  5.184450e+00  5.086580e+00  5.052410e+00  
5.066390e+00  5.072570e+00  5.067940e+00  5.065660e+00  5.068580e+00  5.066950e+00  
9.317720e+00  9.082030e+00  8.795680e+00  8.486540e+00  8.160710e+00  7.826500e+00  
7.494510e+00  7.178220e+00  6.891440e+00  6.636830e+00  6.413050e+00  6.214970e+00  
6.037600e+00  5.875600e+00  5.724660e+00  5.577410e+00  5.427880e+00  5.278750e+00  
5.133770e+00  5.062410e+00  4.988600e+00  4.929080e+00  4.876430e+00  4.863500e+00  
4.852670e+00  4.851390e+00  4.850360e+00  4.850190e+00  4.850140e+00  4.850090e+00  
9.613940e+00  9.308990e+00  8.958750e+00  8.593780e+00  8.219840e+00  7.844930e+00  
7.478940e+00  7.133810e+00  6.822590e+00  6.547210e+00  6.305190e+00  6.090460e+00  
5.896570e+00  5.718420e+00  5.552030e+00  5.392180e+00  5.234410e+00  5.079370e+00  
4.929070e+00  4.856120e+00  4.782890e+00  4.725020e+00  4.669990e+00  4.656450e+00  
4.645530e+00  4.644210e+00  4.643100e+00  4.642970e+00  4.642880e+00  4.642860e+00  
9.993850e+00  9.681720e+00  9.236220e+00  8.734230e+00  8.230650e+00  7.772490e+00  
7.363480e+00  6.998860e+00  6.674690e+00  6.384580e+00  6.116220e+00  5.862060e+00  
5.626380e+00  5.413820e+00  5.221090e+00  5.043020e+00  4.874060e+00  4.708300e+00  
4.546780e+00  4.472710e+00  4.401920e+00  4.347250e+00  4.289190e+00  4.275350e+00  
4.264430e+00  4.262940e+00  4.261870e+00  4.261750e+00  4.261640e+00  4.261620e+00  
1.045938e+01  9.848990e+00  9.256050e+00  8.708730e+00  8.202680e+00  7.735070e+00  
7.303560e+00  6.905940e+00  6.540840e+00  6.208870e+00  5.906630e+00  5.630010e+00  
5.375600e+00  5.142720e+00  4.930630e+00  4.738220e+00  4.562720e+00  4.392190e+00  
4.217510e+00  4.133080e+00  4.059140e+00  4.009920e+00  3.953270e+00  3.936730e+00  
3.926270e+00  3.925400e+00  3.924070e+00  3.923820e+00  3.923820e+00  3.923780e+00  
1.080747e+01  1.019497e+01  9.488050e+00  8.771660e+00  8.100510e+00  7.514980e+00  
7.008280e+00  6.567590e+00  6.180030e+00  5.831130e+00  5.502550e+00  5.185340e+00  
4.888100e+00  4.618040e+00  4.374110e+00  4.148580e+00  3.936730e+00  3.737890e+00  
3.553210e+00  3.467500e+00  3.386690e+00  3.326950e+00  3.268760e+00  3.255040e+00  
3.244280e+00  3.242860e+00  3.241830e+00  3.241700e+00  3.241600e+00  3.241570e+00  
1.121181e+01  1.028546e+01  9.433410e+00  8.672350e+00  7.990050e+00  7.378020e+00  
6.828770e+00  6.336920e+00  5.899290e+00  5.508760e+00  5.157060e+00  4.835260e+00  
4.532970e+00  4.244610e+00  3.973720e+00  3.723110e+00  3.493650e+00  3.280660e+00  
3.081410e+00  2.987740e+00  2.896900e+00  2.829210e+00  2.772650e+00  2.759380e+00  
2.748500e+00  2.747250e+00  2.746230e+00  2.746060e+00  2.745990e+00  2.745930e+00  
1.163654e+01  1.046055e+01  9.438650e+00  8.556990e+00  7.788720e+00  7.117060e+00  
6.528880e+00  6.008280e+00  5.542820e+00  5.124240e+00  4.744310e+00  4.395050e+00  
4.067590e+00  3.756740e+00  3.464190e+00  3.193060e+00  2.941690e+00  2.705780e+00  
2.484180e+00  2.380300e+00  2.282200e+00  2.211410e+00  2.152230e+00  2.138610e+00  
2.127660e+00  2.126410e+00  2.125380e+00  2.125220e+00  2.125120e+00  2.125080e+00  
1.192741e+01  1.058660e+01  9.461620e+00  8.505940e+00  7.685940e+00  6.977560e+00  
6.364550e+00  5.825900e+00  5.342960e+00  4.906410e+00  4.508910e+00  4.143100e+00  
3.801050e+00  3.477790e+00  3.173710e+00  2.890470e+00  2.627480e+00  2.378540e+00  
2.142690e+00  2.032190e+00  1.930230e+00  1.858060e+00  1.794540e+00  1.780040e+00  
1.768800e+00  1.767490e+00  1.766380e+00  1.766250e+00  1.766110e+00  1.766100e+00  
1.215469e+01  1.069942e+01  9.507940e+00  8.502280e+00  7.647330e+00  6.913990e+00  
6.282520e+00  5.729300e+00  5.232630e+00  4.782290e+00  4.371480e+00  3.993440e+00  
3.640780e+00  3.308730e+00  2.996970e+00  2.706120e+00  2.435990e+00  2.179640e+00  
1.934220e+00  1.818090e+00  1.710530e+00  1.633930e+00  1.566500e+00  1.551220e+00  
1.539400e+00  1.538020e+00  1.536830e+00  1.536690e+00  1.536560e+00  1.536560e+00  
1.234393e+01  1.080525e+01  9.568990e+00  8.527660e+00  7.647230e+00  6.896200e+00  
6.250640e+00  5.685310e+00  5.177280e+00  4.715970e+00  4.294740e+00  3.907160e+00  
3.546170e+00  3.207080e+00  2.889180e+00  2.592500e+00  2.316510e+00  2.054720e+00  
1.801620e+00  1.680490e+00  1.567060e+00  1.485200e+00  1.413840e+00  1.397670e+00  
1.385060e+00  1.383580e+00  1.382310e+00  1.382160e+00  1.382040e+00  1.382040e+00  
1.265103e+01  1.100228e+01  9.712760e+00  8.626800e+00  7.712840e+00  6.938510e+00  
6.273360e+00  5.690000e+00  5.165080e+00  4.688060e+00  4.252240e+00  3.851110e+00  
3.477570e+00  3.126860e+00  2.798000e+00  2.490650e+00  2.203210e+00  1.929820e+00  
1.662510e+00  1.532390e+00  1.408340e+00  1.316660e+00  1.236240e+00  1.217690e+00  
1.203030e+00  1.201300e+00  1.199840e+00  1.199650e+00  1.199520e+00  1.199470e+00  
1.289670e+01  1.118148e+01  9.864610e+00  8.754860e+00  7.822600e+00  7.033940e+00  
6.355980e+00  5.760410e+00  5.224190e+00  4.736890e+00  4.291580e+00  3.881240e+00  
3.498230e+00  3.137490e+00  2.798140e+00  2.479900e+00  2.180610e+00  1.893480e+00  
1.611520e+00  1.472640e+00  1.338570e+00  1.237510e+00  1.146530e+00  1.125020e+00  
1.107930e+00  1.105920e+00  1.104230e+00  1.104000e+00  1.103840e+00  1.103730e+00  
1.335387e+01  1.154732e+01  1.020369e+01  9.072270e+00  8.128230e+00  7.324270e+00  
6.630330e+00  6.018510e+00  5.466810e+00  4.964680e+00  4.504620e+00  4.078780e+00  
3.678310e+00  3.297500e+00  2.935840e+00  2.593450e+00  2.267180e+00  1.946630e+00  
1.625180e+00  1.463150e+00  1.301300e+00  1.173740e+00  1.053880e+00  1.024570e+00  
1.001020e+00  9.982300e-01  9.959200e-01  9.956200e-01  9.953400e-01  9.953200e-01  
1.367466e+01  1.181787e+01  1.047116e+01  9.341960e+00  8.403860e+00  7.600180e+00  
6.903580e+00  6.287070e+00  5.729140e+00  5.219340e+00  4.750210e+00  4.313780e+00  
3.900970e+00  3.505840e+00  3.127900e+00  2.767240e+00  2.419610e+00  2.070850e+00  
1.709740e+00  1.523520e+00  1.330560e+00  1.172820e+00  1.022810e+00  9.859900e-01  
9.564500e-01  9.528700e-01  9.498200e-01  9.494300e-01  9.492100e-01  9.493000e-01  
1.408536e+01  1.217229e+01  1.084464e+01  9.748430e+00  8.835990e+00  8.051390e+00  
7.367020e+00  6.755200e+00  6.193310e+00  5.672650e+00  5.188510e+00  4.735890e+00  
4.309120e+00  3.902960e+00  3.512650e+00  3.131360e+00  2.749430e+00  2.351340e+00  
1.920200e+00  1.687470e+00  1.438270e+00  1.223020e+00  1.003680e+00  9.519200e-01  
9.149200e-01  9.103900e-01  9.050100e-01  9.042900e-01  9.052600e-01  9.043900e-01  
1.431316e+01  1.238398e+01  1.109282e+01  1.003612e+01  9.150150e+00  8.386110e+00  
7.716830e+00  7.114710e+00  6.556750e+00  6.035120e+00  5.546430e+00  5.087060e+00  
4.652930e+00  4.239510e+00  3.841190e+00  3.449430e+00  3.051030e+00  2.622670e+00  
2.136030e+00  1.860540e+00  1.555170e+00  1.285700e+00  1.005060e+00  9.378200e-01  
8.925600e-01  8.871700e-01  8.799700e-01  8.790700e-01  8.813600e-01  8.789600e-01  
1.443944e+01  1.251234e+01  1.126464e+01  1.024513e+01  9.384710e+00  8.640140e+00  
7.985530e+00  7.393880e+00  6.842330e+00  6.323740e+00  5.835470e+00  5.374820e+00  
4.938690e+00  4.522950e+00  4.121340e+00  3.723990e+00  3.314860e+00  2.864520e+00  
2.334760e+00  2.024430e+00  1.669780e+00  1.352770e+00  1.015270e+00  9.323400e-01  
8.774200e-01  8.711100e-01  8.627100e-01  8.617200e-01  8.649600e-01  8.611300e-01  
1.450944e+01  1.259293e+01  1.139037e+01  1.040364e+01  9.566870e+00  8.840010e+00  
8.198870e+00  7.617330e+00  7.073190e+00  6.559720e+00  6.074770e+00  5.616120e+00  
5.181200e+00  4.766080e+00  4.363980e+00  3.963900e+00  3.547600e+00  3.080890e+00  
2.516980e+00  2.177800e+00  1.781220e+00  1.420840e+00  1.030480e+00  9.320400e-01  
8.664200e-01  8.590400e-01  8.497800e-01  8.487700e-01  8.526100e-01  8.476200e-01  
1.437000e+01  1.264574e+01  1.161550e+01  1.071874e+01  9.918470e+00  9.192530e+00  
8.534180e+00  7.935050e+00  7.388820e+00  6.888770e+00  6.427730e+00  5.997190e+00  
5.586010e+00  5.184360e+00  4.785520e+00  4.378820e+00  3.944580e+00  3.443100e+00  
2.820260e+00  2.440350e+00  1.992840e+00  1.573770e+00  1.075850e+00  9.337600e-01  
8.506100e-01  8.433500e-01  8.317700e-01  8.300300e-01  8.356700e-01  8.283700e-01  
1.437570e+01  1.267830e+01  1.171321e+01  1.086271e+01  1.009949e+01  9.403020e+00  
8.768120e+00  8.187560e+00  7.656030e+00  7.167800e+00  6.716680e+00  6.295150e+00  
5.893260e+00  5.501600e+00  5.112590e+00  4.713600e+00  4.280600e+00  3.763980e+00  
3.095600e+00  2.675990e+00  2.172850e+00  1.695910e+00  1.132760e+00  9.639600e-01  
8.352900e-01  8.249300e-01  8.236800e-01  8.229300e-01  8.162000e-01  8.152900e-01  
1.443631e+01  1.275162e+01  1.185801e+01  1.106430e+01  1.035066e+01  9.699550e+00  
9.106580e+00  8.565370e+00  8.070990e+00  7.617970e+00  7.200080e+00  6.809350e+00  
6.434660e+00  6.065810e+00  5.695630e+00  5.312150e+00  4.892070e+00  4.385560e+00  
3.700830e+00  3.234000e+00  2.620120e+00  1.996380e+00  1.238680e+00  1.013320e+00  
8.372400e-01  8.164300e-01  8.009300e-01  7.995900e-01  8.021900e-01  7.959000e-01  
1.439932e+01  1.274625e+01  1.191077e+01  1.116572e+01  1.049293e+01  9.878050e+00  
9.317440e+00  8.805600e+00  8.338260e+00  7.910600e+00  7.517020e+00  7.150050e+00  
6.799030e+00  6.453870e+00  6.107090e+00  5.745760e+00  5.343870e+00  4.844370e+00  
4.142320e+00  3.650180e+00  2.988380e+00  2.287180e+00  1.366360e+00  1.079340e+00  
8.391700e-01  8.096600e-01  7.909500e-01  7.895400e-01  7.907500e-01  7.852700e-01  
1.430733e+01  1.270064e+01  1.194318e+01  1.126329e+01  1.064597e+01  1.008069e+01  
9.564540e+00  9.093380e+00  8.663930e+00  8.272460e+00  7.914430e+00  7.583600e+00  
7.270650e+00  6.966270e+00  6.662820e+00  6.346020e+00  5.985510e+00  5.511680e+00  
4.799620e+00  4.280430e+00  3.564000e+00  2.766540e+00  1.613220e+00  1.228570e+00  
8.630400e-01  8.111200e-01  7.769600e-01  7.751400e-01  7.732700e-01  7.738900e-01  
1.429411e+01  1.269530e+01  1.196642e+01  1.131220e+01  1.071963e+01  1.017972e+01  
9.689540e+00  9.245230e+00  8.843580e+00  8.480850e+00  8.152360e+00  7.851370e+00  
7.567430e+00  7.290590e+00  7.013920e+00  6.724530e+00  6.394470e+00  5.958310e+00  
5.289870e+00  4.787060e+00  4.064970e+00  3.207250e+00  1.836860e+00  1.352520e+00  
8.818400e-01  8.158300e-01  7.755300e-01  7.737800e-01  7.689300e-01  7.678600e-01  
1.426168e+01  1.268728e+01  1.198658e+01  1.135481e+01  1.078116e+01  1.025765e+01  
9.781810e+00  9.350190e+00  8.960090e+00  8.609030e+00  8.294160e+00  8.011450e+00  
7.754280e+00  7.514150e+00  7.279180e+00  7.025040e+00  6.716660e+00  6.301100e+00  
5.663430e+00  5.176400e+00  4.459230e+00  3.571130e+00  2.052130e+00  1.479860e+00  
9.071900e-01  8.262500e-01  7.741500e-01  7.700200e-01  7.664000e-01  7.641300e-01  
1.425743e+01  1.269304e+01  1.200216e+01  1.137914e+01  1.081450e+01  1.030096e+01  
9.836270e+00  9.417430e+00  9.042040e+00  8.707260e+00  8.409560e+00  8.143670e+00  
7.900970e+00  7.673140e+00  7.454080e+00  7.230850e+00  6.972480e+00  6.601280e+00  
5.977940e+00  5.491780e+00  4.781550e+00  3.882730e+00  2.249230e+00  1.603660e+00  
9.366000e-01  8.388500e-01  7.730300e-01  7.685100e-01  7.630900e-01  7.616100e-01  
1.422569e+01  1.269235e+01  1.202144e+01  1.141543e+01  1.086650e+01  1.036840e+01  
9.919150e+00  9.516230e+00  9.157560e+00  8.840790e+00  8.562910e+00  8.319330e+00  
8.102230e+00  7.904210e+00  7.720310e+00  7.538900e+00  7.330030e+00  7.014620e+00  
6.450260e+00  5.993690e+00  5.308030e+00  4.398030e+00  2.605410e+00  1.837530e+00  
9.954900e-01  8.673800e-01  7.739400e-01  7.665900e-01  7.594000e-01  7.584100e-01  
1.420582e+01  1.269680e+01  1.203834e+01  1.144286e+01  1.090355e+01  1.041491e+01  
9.975140e+00  9.581990e+00  9.233710e+00  8.928280e+00  8.663090e+00  8.434100e+00  
8.234210e+00  8.056850e+00  7.898140e+00  7.747820e+00  7.577540e+00  7.308870e+00  
6.799090e+00  6.372280e+00  5.714470e+00  4.809190e+00  2.917770e+00  2.054280e+00  
1.054410e+00  8.978700e-01  7.765700e-01  7.659900e-01  7.573200e-01  7.564600e-01  
1.415078e+01  1.270297e+01  1.207121e+01  1.149545e+01  1.097077e+01  1.049384e+01  
1.006421e+01  9.680960e+00  9.343940e+00  9.052170e+00  8.804150e+00  8.597430e+00  
8.427160e+00  8.287980e+00  8.174190e+00  8.070130e+00  7.948490e+00  7.756230e+00  
7.375410e+00  7.025270e+00  6.428840e+00  5.555130e+00  3.571580e+00  2.527480e+00  
1.196530e+00  9.754100e-01  7.866900e-01  7.681700e-01  7.551900e-01  7.538200e-01  
1.410701e+01  1.271304e+01  1.208861e+01  1.151967e+01  1.100168e+01  1.053179e+01  
1.010966e+01  9.734220e+00  9.405280e+00  9.122180e+00  8.883900e+00  8.688560e+00  
8.532140e+00  8.410410e+00  8.318970e+00  8.244140e+00  8.161990e+00  8.025740e+00  
7.728600e+00  7.436470e+00  6.911890e+00  6.098070e+00  4.074050e+00  2.911320e+00  
1.333730e+00  1.058470e+00  8.008300e-01  7.684300e-01  7.542200e-01  7.525100e-01  
1.398047e+01  1.272059e+01  1.210509e+01  1.154389e+01  1.103289e+01  1.057033e+01  
1.015547e+01  9.787710e+00  9.466990e+00  9.193000e+00  8.965240e+00  8.782360e+00  
8.641180e+00  8.538730e+00  8.472650e+00  8.432550e+00  8.399800e+00  8.336720e+00  
8.152310e+00  7.938920e+00  7.513130e+00  6.800620e+00  4.836190e+00  3.552950e+00  
1.582470e+00  1.207420e+00  8.308500e-01  7.784600e-01  7.556300e-01  7.511700e-01  
1.386981e+01  1.272250e+01  1.211189e+01  1.155487e+01  1.104772e+01  1.058897e+01  
1.017776e+01  9.813740e+00  9.496990e+00  9.227360e+00  9.004840e+00  8.828540e+00  
8.696080e+00  8.605340e+00  8.554580e+00  8.533940e+00  8.527680e+00  8.508370e+00  
8.400740e+00  8.242850e+00  7.884400e+00  7.238010e+00  5.376270e+00  4.081820e+00  
1.811740e+00  1.339570e+00  8.601200e-01  7.962800e-01  7.553900e-01  7.505000e-01  
1.378853e+01  1.272425e+01  1.211648e+01  1.156064e+01  1.105443e+01  1.059712e+01  
1.018818e+01  9.827470e+00  9.515160e+00  9.250510e+00  9.032570e+00  8.860110e+00  
8.731760e+00  8.646540e+00  8.603620e+00  8.594670e+00  8.606920e+00  8.618950e+00  
8.558140e+00  8.432320e+00  8.133640e+00  7.581110e+00  5.826060e+00  4.468990e+00  
2.012650e+00  1.476100e+00  8.940800e-01  8.054400e-01  7.617700e-01  7.500900e-01  
1.373047e+01  1.272548e+01  1.212058e+01  1.156566e+01  1.105978e+01  1.060358e+01  
1.019628e+01  9.837490e+00  9.527090e+00  9.264650e+00  9.049670e+00  8.881110e+00  
8.757050e+00  8.676190e+00  8.638470e+00  8.637120e+00  8.661070e+00  8.690030e+00  
8.666650e+00  8.579270e+00  8.330530e+00  7.815650e+00  6.130390e+00  4.839320e+00  
2.218550e+00  1.595110e+00  9.249700e-01  8.241000e-01  7.590400e-01  7.498200e-01  
1.365969e+01  1.272696e+01  1.212473e+01  1.157133e+01  1.106703e+01  1.061267e+01  
1.020759e+01  9.851390e+00  9.543790e+00  9.284370e+00  9.072670e+00  8.907860e+00  
8.788320e+00  8.713240e+00  8.683250e+00  8.692590e+00  8.732370e+00  8.786870e+00  
8.809910e+00  8.764210e+00  8.587330e+00  8.167720e+00  6.636880e+00  5.388400e+00  
2.587020e+00  1.824050e+00  9.877900e-01  8.552800e-01  7.634000e-01  7.494800e-01  
1.361606e+01  1.272765e+01  1.212677e+01  1.157485e+01  1.107190e+01  1.061889e+01  
1.021524e+01  9.860410e+00  9.554190e+00  9.296370e+00  9.086570e+00  8.924200e+00  
8.807660e+00  8.736270e+00  8.711040e+00  8.726940e+00  8.776510e+00  8.847120e+00  
8.899540e+00  8.880770e+00  8.754210e+00  8.406820e+00  7.007860e+00  5.811280e+00  
2.910160e+00  2.032530e+00  1.048900e+00  8.871000e-01  7.683400e-01  7.492700e-01  
1.355068e+01  1.272837e+01  1.212926e+01  1.157959e+01  1.107909e+01  1.062818e+01  
1.022629e+01  9.873020e+00  9.568410e+00  9.312460e+00  9.105200e+00  8.946310e+00  
8.834030e+00  8.767750e+00  8.749010e+00  8.773810e+00  8.836810e+00  8.930030e+00  
9.023870e+00  9.043680e+00  8.993620e+00  8.766500e+00  7.624660e+00  6.554870e+00  
3.575580e+00  2.495650e+00  1.194330e+00  9.669000e-01  7.822200e-01  7.490000e-01  
1.351281e+01  1.272865e+01  1.213056e+01  1.158207e+01  1.108269e+01  1.063270e+01  
1.023161e+01  9.879190e+00  9.575470e+00  9.320590e+00  9.114710e+00  8.957520e+00  
8.847400e+00  8.783800e+00  8.768470e+00  8.797950e+00  8.867920e+00  8.973040e+00  
9.089260e+00  9.129900e+00  9.121220e+00  8.966240e+00  8.012530e+00  7.048590e+00  
4.095270e+00  2.898600e+00  1.330970e+00  1.045430e+00  7.972100e-01  7.488600e-01  
1.347243e+01  1.272661e+01  1.212984e+01  1.158385e+01  1.108721e+01  1.063883e+01  
1.023853e+01  9.886310e+00  9.582760e+00  9.328220e+00  9.123030e+00  8.967180e+00  
8.859270e+00  8.799010e+00  8.788350e+00  8.824040e+00  8.901680e+00  9.015690e+00  
9.153920e+00  9.221290e+00  9.253990e+00  9.177210e+00  8.491200e+00  7.662640e+00  
4.862630e+00  3.557760e+00  1.584240e+00  1.192660e+00  8.276900e-01  7.487300e-01  
1.344998e+01  1.272903e+01  1.213269e+01  1.158530e+01  1.108692e+01  1.063799e+01  
1.023819e+01  9.887310e+00  9.585510e+00  9.332820e+00  9.129190e+00  8.974400e+00  
8.867220e+00  8.807590e+00  8.797680e+00  8.834660e+00  8.915560e+00  9.038960e+00  
9.191300e+00  9.266020e+00  9.320590e+00  9.288850e+00  8.751060e+00  8.065640e+00  
5.430900e+00  4.055910e+00  1.808010e+00  1.335700e+00  8.603500e-01  7.486600e-01  
1.343667e+01  1.272932e+01  1.213311e+01  1.158568e+01  1.108735e+01  1.063865e+01  
1.023922e+01  9.888790e+00  9.587480e+00  9.335260e+00  9.132120e+00  8.977810e+00  
8.871210e+00  8.812360e+00  8.803560e+00  8.842180e+00  8.925490e+00  9.052510e+00  
9.212460e+00  9.294830e+00  9.362070e+00  9.355750e+00  8.926950e+00  8.330800e+00  
5.856530e+00  4.468790e+00  2.036130e+00  1.468760e+00  8.921400e-01  7.486200e-01  
1.342735e+01  1.272924e+01  1.213323e+01  1.158584e+01  1.108774e+01  1.063927e+01  
1.024006e+01  9.889880e+00  9.588830e+00  9.336910e+00  9.134070e+00  8.980100e+00  
8.873910e+00  8.815590e+00  8.807530e+00  8.847240e+00  8.932160e+00  9.061600e+00  
9.226720e+00  9.314360e+00  9.390210e+00  9.401000e+00  9.050440e+00  8.523800e+00  
6.195090e+00  4.815590e+00  2.252020e+00  1.594800e+00  9.237400e-01  7.485900e-01  
1.341474e+01  1.272873e+01  1.213305e+01  1.158642e+01  1.108895e+01  1.064081e+01  
1.024180e+01  9.891670e+00  9.590720e+00  9.338950e+00  9.136430e+00  8.982950e+00  
8.877390e+00  8.819790e+00  8.812650e+00  8.853580e+00  8.940350e+00  9.072900e+00  
9.244540e+00  9.338690e+00  9.426460e+00  9.460920e+00  9.214920e+00  8.787240e+00  
6.706010e+00  5.371270e+00  2.632530e+00  1.863930e+00  9.864300e-01  7.485600e-01  
1.340601e+01  1.272577e+01  1.213126e+01  1.158696e+01  1.109181e+01  1.064489e+01  
1.024584e+01  9.894950e+00  9.592830e+00  9.339900e+00  9.136600e+00  8.983040e+00  
8.878070e+00  8.821700e+00  8.816240e+00  8.859050e+00  8.947070e+00  9.078660e+00  
9.252320e+00  9.353750e+00  9.451100e+00  9.501450e+00  9.326170e+00  8.954610e+00  
7.068190e+00  5.811480e+00  2.965030e+00  2.092230e+00  1.048780e+00  7.485400e-01  
