3.643940e+00  3.714450e+00  3.776140e+00  3.829950e+00  3.875670e+00  3.913500e+00  
3.944200e+00  3.969440e+00  3.991490e+00  4.011060e+00  4.028600e+00  4.044840e+00  
4.061480e+00  4.079740e+00  4.098790e+00  4.116350e+00  4.130420e+00  4.142410e+00  
4.153720e+00  4.158660e+00  4.162560e+00  4.164650e+00  4.166730e+00  4.167140e+00  
4.167360e+00  4.167380e+00  4.167410e+00  4.167410e+00  4.167430e+00  4.167430e+00  
4.331530e+00  4.403120e+00  4.462130e+00  4.510100e+00  4.546950e+00  4.573050e+00  
4.589650e+00  4.599080e+00  4.604480e+00  4.606730e+00  4.606390e+00  4.604130e+00  
4.601550e+00  4.599870e+00  4.598460e+00  4.595590e+00  4.590000e+00  4.583540e+00  
4.578550e+00  4.576560e+00  4.574130e+00  4.571220e+00  4.566310e+00  4.564990e+00  
4.563940e+00  4.563800e+00  4.563690e+00  4.563690e+00  4.563670e+00  4.563640e+00  
4.843340e+00  4.919400e+00  4.978080e+00  5.021550e+00  5.049820e+00  5.063750e+00  
5.065230e+00  5.057780e+00  5.045950e+00  5.031030e+00  5.013640e+00  4.994680e+00  
4.975710e+00  4.958050e+00  4.941130e+00  4.923240e+00  4.903220e+00  4.883150e+00  
4.865760e+00  4.858110e+00  4.849980e+00  4.842470e+00  4.833230e+00  4.830870e+00  
4.828990e+00  4.828740e+00  4.828530e+00  4.828530e+00  4.828500e+00  4.828470e+00  
5.581910e+00  5.679810e+00  5.737460e+00  5.762900e+00  5.763820e+00  5.749170e+00  
5.722260e+00  5.686500e+00  5.646200e+00  5.602860e+00  5.557580e+00  5.511610e+00  
5.465700e+00  5.420910e+00  5.377710e+00  5.336660e+00  5.298030e+00  5.260830e+00  
5.224820e+00  5.207870e+00  5.190890e+00  5.177010e+00  5.161990e+00  5.158290e+00  
5.155300e+00  5.154910e+00  5.154620e+00  5.154580e+00  5.154540e+00  5.154520e+00  
6.115980e+00  6.222350e+00  6.274420e+00  6.283500e+00  6.260910e+00  6.219550e+00  
6.164470e+00  6.100750e+00  6.034480e+00  5.966990e+00  5.898250e+00  5.829340e+00  
5.761960e+00  5.698080e+00  5.638020e+00  5.581390e+00  5.527770e+00  5.476840e+00  
5.428450e+00  5.405240e+00  5.382120e+00  5.363740e+00  5.344880e+00  5.340230e+00  
5.336500e+00  5.336010e+00  5.335650e+00  5.335600e+00  5.335560e+00  5.335550e+00  
6.531130e+00  6.640620e+00  6.683590e+00  6.674660e+00  6.628550e+00  6.561760e+00  
6.480810e+00  6.392060e+00  6.302900e+00  6.214520e+00  6.126170e+00  6.038670e+00  
5.954180e+00  5.875140e+00  5.801660e+00  5.732650e+00  5.667210e+00  5.605550e+00  
5.547670e+00  5.519840e+00  5.492270e+00  5.470600e+00  5.448820e+00  5.443450e+00  
5.439150e+00  5.438600e+00  5.438190e+00  5.438120e+00  5.438080e+00  5.438090e+00  
6.869050e+00  6.977490e+00  7.008800e+00  6.980850e+00  6.911560e+00  6.820770e+00  
6.716180e+00  6.605020e+00  6.495560e+00  6.388920e+00  6.283850e+00  6.180890e+00  
6.082400e+00  5.990820e+00  5.906140e+00  5.826820e+00  5.751600e+00  5.681110e+00  
5.615580e+00  5.584220e+00  5.553260e+00  5.529100e+00  5.504980e+00  5.499020e+00  
5.494260e+00  5.493640e+00  5.493190e+00  5.493120e+00  5.493090e+00  5.493080e+00  
7.396720e+00  7.494200e+00  7.497080e+00  7.429620e+00  7.315760e+00  7.181130e+00  
7.035060e+00  6.885610e+00  6.741680e+00  6.604360e+00  6.472150e+00  6.344990e+00  
6.224830e+00  6.113450e+00  6.010680e+00  5.914610e+00  5.823770e+00  5.739230e+00  
5.661810e+00  5.625420e+00  5.589790e+00  5.562110e+00  5.534270e+00  5.527420e+00  
5.521970e+00  5.521270e+00  5.520740e+00  5.520660e+00  5.520610e+00  5.520590e+00  
7.798950e+00  7.878470e+00  7.849650e+00  7.742990e+00  7.587680e+00  7.414290e+00  
7.233000e+00  7.051930e+00  6.879840e+00  6.717620e+00  6.563930e+00  6.418170e+00  
6.281530e+00  6.154720e+00  6.037540e+00  5.928010e+00  5.824720e+00  5.729040e+00  
5.642430e+00  5.602380e+00  5.563450e+00  5.533300e+00  5.502720e+00  5.495210e+00  
5.489230e+00  5.488440e+00  5.487860e+00  5.487780e+00  5.487730e+00  5.487710e+00  
8.507950e+00  8.531450e+00  8.422850e+00  8.226500e+00  7.982240e+00  7.729520e+00  
7.479190e+00  7.238060e+00  7.013390e+00  6.804810e+00  6.611470e+00  6.431060e+00  
6.263710e+00  6.108140e+00  5.963900e+00  5.828720e+00  5.701280e+00  5.584070e+00  
5.479780e+00  5.432320e+00  5.386780e+00  5.352050e+00  5.317230e+00  5.308710e+00  
5.301930e+00  5.301050e+00  5.300390e+00  5.300300e+00  5.300230e+00  5.300210e+00  
9.253550e+00  8.967050e+00  8.668240e+00  8.378260e+00  8.096770e+00  7.823670e+00  
7.558970e+00  7.302770e+00  7.055270e+00  6.816720e+00  6.589530e+00  6.373290e+00  
6.169990e+00  5.979100e+00  5.802120e+00  5.640830e+00  5.496540e+00  5.367290e+00  
5.255860e+00  5.212750e+00  5.182940e+00  5.163250e+00  5.091460e+00  5.056710e+00  
5.065690e+00  5.071740e+00  5.069020e+00  5.067110e+00  5.070570e+00  5.068320e+00  
9.633730e+00  9.486480e+00  9.178430e+00  8.783670e+00  8.358920e+00  7.954890e+00  
7.580460e+00  7.237240e+00  6.924680e+00  6.640440e+00  6.378380e+00  6.132660e+00  
5.906070e+00  5.697690e+00  5.505000e+00  5.322790e+00  5.148430e+00  4.988870e+00  
4.847900e+00  4.781910e+00  4.719720e+00  4.675280e+00  4.636550e+00  4.627150e+00  
4.619790e+00  4.618880e+00  4.618180e+00  4.618060e+00  4.618010e+00  4.618040e+00  
1.005822e+01  9.810760e+00  9.400610e+00  8.914090e+00  8.411980e+00  7.946310e+00  
7.523260e+00  7.140930e+00  6.795070e+00  6.481330e+00  6.192110e+00  5.919650e+00  
5.667630e+00  5.436500e+00  5.222440e+00  5.019600e+00  4.824820e+00  4.644910e+00  
4.483570e+00  4.407900e+00  4.337700e+00  4.289060e+00  4.248600e+00  4.239070e+00  
4.231700e+00  4.230810e+00  4.230100e+00  4.229980e+00  4.229940e+00  4.229980e+00  
1.036616e+01  1.002899e+01  9.534120e+00  8.976000e+00  8.416180e+00  7.905930e+00  
7.448340e+00  7.037680e+00  6.667630e+00  6.332060e+00  6.022920e+00  5.731210e+00  
5.460180e+00  5.211440e+00  4.980190e+00  4.761040e+00  4.550760e+00  4.354030e+00  
4.174420e+00  4.090950e+00  4.014820e+00  3.963240e+00  3.920900e+00  3.911320e+00  
3.904000e+00  3.903100e+00  3.902410e+00  3.902310e+00  3.902260e+00  3.902270e+00  
1.077537e+01  1.013726e+01  9.504990e+00  8.919960e+00  8.377150e+00  7.873770e+00  
7.407110e+00  6.974090e+00  6.573550e+00  6.205550e+00  5.869190e+00  5.558460e+00  
5.271030e+00  5.006310e+00  4.761040e+00  4.534660e+00  4.324360e+00  4.119760e+00  
3.914730e+00  3.818080e+00  3.736240e+00  3.686610e+00  3.642050e+00  3.633010e+00  
3.625200e+00  3.624270e+00  3.623620e+00  3.623460e+00  3.623590e+00  3.623470e+00  
1.109770e+01  1.034408e+01  9.610300e+00  8.940880e+00  8.327720e+00  7.766290e+00  
7.252300e+00  6.780510e+00  6.348950e+00  5.958270e+00  5.603380e+00  5.276840e+00  
4.973410e+00  4.692000e+00  4.428900e+00  4.182240e+00  3.949050e+00  3.720040e+00  
3.491070e+00  3.383710e+00  3.294050e+00  3.240720e+00  3.191870e+00  3.181490e+00  
3.173600e+00  3.172760e+00  3.172060e+00  3.171910e+00  3.171940e+00  3.171820e+00  
1.131866e+01  1.047188e+01  9.659200e+00  8.925490e+00  8.260110e+00  7.656030e+00  
7.107410e+00  6.608750e+00  6.156460e+00  5.750730e+00  5.383990e+00  5.047340e+00  
4.733570e+00  4.440610e+00  4.165750e+00  3.905540e+00  3.656900e+00  3.411370e+00  
3.165920e+00  3.050570e+00  2.953670e+00  2.895060e+00  2.841190e+00  2.829820e+00  
2.821280e+00  2.820370e+00  2.819610e+00  2.819470e+00  2.819420e+00  2.819330e+00  
1.167068e+01  1.062069e+01  9.655000e+00  8.806580e+00  8.057040e+00  7.391060e+00  
6.796020e+00  6.264590e+00  5.790650e+00  5.367200e+00  4.984720e+00  4.632000e+00  
4.298530e+00  3.980020e+00  3.679460e+00  3.394900e+00  3.125420e+00  2.863960e+00  
2.606630e+00  2.482840e+00  2.368520e+00  2.289370e+00  2.225530e+00  2.211890e+00  
2.201310e+00  2.200110e+00  2.199100e+00  2.198960e+00  2.198870e+00  2.198820e+00  
1.193686e+01  1.069732e+01  9.607090e+00  8.674840e+00  7.869600e+00  7.169180e+00  
6.554130e+00  6.009330e+00  5.525220e+00  5.091280e+00  4.697060e+00  4.332540e+00  
3.987880e+00  3.658720e+00  3.349090e+00  3.058990e+00  2.784540e+00  2.517020e+00  
2.250080e+00  2.118760e+00  1.993430e+00  1.903020e+00  1.831250e+00  1.815490e+00  
1.802830e+00  1.801380e+00  1.800190e+00  1.799990e+00  1.799920e+00  1.799910e+00  
1.232988e+01  1.081571e+01  9.562700e+00  8.522520e+00  7.643590e+00  6.895300e+00  
6.255310e+00  5.696390e+00  5.198510e+00  4.750620e+00  4.342110e+00  3.963960e+00  
3.607430e+00  3.268110e+00  2.948770e+00  2.653530e+00  2.376300e+00  2.104960e+00  
1.831510e+00  1.695210e+00  1.562960e+00  1.464120e+00  1.379690e+00  1.360200e+00  
1.344580e+00  1.342750e+00  1.341230e+00  1.341000e+00  1.340890e+00  1.340900e+00  
1.264988e+01  1.092817e+01  9.579600e+00  8.482260e+00  7.566790e+00  6.787230e+00  
6.123620e+00  5.548160e+00  5.036540e+00  4.575430e+00  4.153490e+00  3.762400e+00  
3.397340e+00  3.055130e+00  2.734770e+00  2.435830e+00  2.154490e+00  1.879680e+00  
1.605350e+00  1.468300e+00  1.334180e+00  1.231290e+00  1.136940e+00  1.114930e+00  
1.097290e+00  1.094880e+00  1.093200e+00  1.093030e+00  1.092780e+00  1.092790e+00  
1.295132e+01  1.106670e+01  9.646760e+00  8.501940e+00  7.558180e+00  6.758960e+00  
6.079910e+00  5.490930e+00  4.964280e+00  4.487960e+00  4.055120e+00  3.658460e+00  
3.289120e+00  2.941420e+00  2.614680e+00  2.309390e+00  2.025100e+00  1.750180e+00  
1.474360e+00  1.335020e+00  1.197830e+00  1.091140e+00  9.895500e-01  9.649400e-01  
9.453800e-01  9.428600e-01  9.409900e-01  9.407300e-01  9.405700e-01  9.404600e-01  
1.321960e+01  1.120932e+01  9.740000e+00  8.559170e+00  7.592430e+00  6.777570e+00  
6.084370e+00  5.482170e+00  4.943170e+00  4.455620e+00  4.013750e+00  3.610470e+00  
3.235730e+00  2.882920e+00  2.551030e+00  2.240160e+00  1.950410e+00  1.673240e+00  
1.395180e+00  1.254040e+00  1.113400e+00  1.002020e+00  8.936800e-01  8.670800e-01  
8.458300e-01  8.430900e-01  8.410600e-01  8.407800e-01  8.405900e-01  8.404400e-01  
1.366897e+01  1.148609e+01  9.953770e+00  8.721500e+00  7.718570e+00  6.880900e+00  
6.167410e+00  5.545510e+00  4.988270e+00  4.484470e+00  4.028190e+00  3.612190e+00  
3.226350e+00  2.863640e+00  2.522070e+00  2.200140e+00  1.896850e+00  1.609490e+00  
1.323450e+00  1.177120e+00  1.028480e+00  9.075500e-01  7.859600e-01  7.554200e-01  
7.308700e-01  7.276800e-01  7.253200e-01  7.250000e-01  7.247800e-01  7.246400e-01  
1.402776e+01  1.173809e+01  1.016984e+01  8.905060e+00  7.878430e+00  7.023870e+00  
6.296070e+00  5.660870e+00  5.092130e+00  4.578010e+00  4.111040e+00  3.683550e+00  
3.286910e+00  2.914680e+00  2.563700e+00  2.230580e+00  1.912920e+00  1.610000e+00  
1.312270e+00  1.159190e+00  1.001350e+00  8.702200e-01  7.347400e-01  7.001300e-01  
6.722200e-01  6.685800e-01  6.658800e-01  6.655100e-01  6.652600e-01  6.651900e-01  
1.466539e+01  1.226681e+01  1.065894e+01  9.339560e+00  8.277070e+00  7.393850e+00  
6.646650e+00  5.996020e+00  5.412870e+00  4.884050e+00  4.401050e+00  3.955290e+00  
3.537630e+00  3.141590e+00  2.764770e+00  2.404760e+00  2.057900e+00  1.718090e+00  
1.380950e+00  1.206730e+00  1.021550e+00  8.621900e-01  6.912700e-01  6.463100e-01  
6.103500e-01  6.059400e-01  6.022100e-01  6.017600e-01  6.013600e-01  6.014000e-01  
1.510389e+01  1.262456e+01  1.101601e+01  9.699460e+00  8.642810e+00  7.752150e+00  
6.991760e+00  6.326210e+00  5.729370e+00  5.188120e+00  4.693320e+00  4.235700e+00  
3.805040e+00  3.394020e+00  2.999850e+00  2.619470e+00  2.247960e+00  1.876620e+00  
1.497060e+00  1.299290e+00  1.083330e+00  8.931400e-01  6.871200e-01  6.326800e-01  
5.887200e-01  5.833100e-01  5.788800e-01  5.783300e-01  5.778000e-01  5.775900e-01  
1.552147e+01  1.308085e+01  1.157070e+01  1.032062e+01  9.277160e+00  8.366080e+00  
7.568250e+00  6.864380e+00  6.240780e+00  5.684370e+00  5.182620e+00  4.722220e+00  
4.287860e+00  3.868140e+00  3.458570e+00  3.053560e+00  2.644090e+00  2.214370e+00  
1.747980e+00  1.497190e+00  1.228760e+00  9.888900e-01  7.102500e-01  6.297000e-01  
5.719200e-01  5.660300e-01  5.604500e-01  5.594100e-01  5.590500e-01  5.570300e-01  
1.585330e+01  1.335728e+01  1.189439e+01  1.069817e+01  9.682930e+00  8.789620e+00  
8.001100e+00  7.300440e+00  6.675550e+00  6.114660e+00  5.606340e+00  5.138110e+00  
4.695200e+00  4.266090e+00  3.845190e+00  3.424940e+00  2.992670e+00  2.525190e+00  
1.995530e+00  1.698730e+00  1.374590e+00  1.083720e+00  7.405800e-01  6.398900e-01  
5.656200e-01  5.578600e-01  5.515200e-01  5.504200e-01  5.493900e-01  5.461600e-01  
1.606155e+01  1.353095e+01  1.212214e+01  1.097307e+01  9.985980e+00  9.111980e+00  
8.336200e+00  7.643210e+00  7.022050e+00  6.462010e+00  5.952490e+00  5.481660e+00  
5.035230e+00  4.601570e+00  4.174310e+00  3.744340e+00  3.296120e+00  2.800380e+00  
2.220870e+00  1.886490e+00  1.511720e+00  1.175750e+00  7.739400e-01  6.542800e-01  
5.625800e-01  5.525600e-01  5.453500e-01  5.442800e-01  5.426000e-01  5.387500e-01  
1.619971e+01  1.364516e+01  1.229170e+01  1.118147e+01  1.022107e+01  9.366270e+00  
8.604340e+00  7.920910e+00  7.306030e+00  6.749720e+00  6.242050e+00  5.771690e+00  
5.324700e+00  4.889400e+00  4.458810e+00  4.022670e+00  3.563060e+00  3.045730e+00  
2.426270e+00  2.060670e+00  1.642940e+00  1.264170e+00  8.083100e-01  6.706800e-01  
5.614000e-01  5.489000e-01  5.405900e-01  5.395500e-01  5.373400e-01  5.332100e-01  
1.636256e+01  1.378084e+01  1.252643e+01  1.147773e+01  1.056415e+01  9.744750e+00  
9.010030e+00  8.347200e+00  7.747760e+00  7.202820e+00  6.703370e+00  6.238820e+00  
5.795710e+00  5.362240e+00  4.930610e+00  4.488880e+00  4.015600e+00  3.468750e+00  
2.790030e+00  2.375640e+00  1.887370e+00  1.431030e+00  8.773200e-01  7.062200e-01  
5.625500e-01  5.448000e-01  5.336000e-01  5.325400e-01  5.296200e-01  5.254200e-01  
1.644629e+01  1.385559e+01  1.267832e+01  1.167822e+01  1.080294e+01  1.001398e+01  
9.303800e+00  8.660800e+00  8.077470e+00  7.545650e+00  7.056970e+00  6.601300e+00  
6.165440e+00  5.737540e+00  5.309270e+00  4.867550e+00  4.388420e+00  3.824160e+00  
3.105000e+00  2.654580e+00  2.111170e+00  1.587560e+00  9.451300e-01  7.432000e-01  
5.665800e-01  5.434400e-01  5.286200e-01  5.274300e-01  5.241800e-01  5.201800e-01  
1.652126e+01  1.394173e+01  1.288605e+01  1.197323e+01  1.116685e+01  1.043561e+01  
9.773960e+00  9.172550e+00  8.625210e+00  8.125010e+00  7.664440e+00  7.234050e+00  
6.820930e+00  6.413050e+00  6.001460e+00  5.571560e+00  5.095680e+00  4.516790e+00  
3.743810e+00  3.236940e+00  2.598050e+00  1.948620e+00  1.107030e+00  8.362300e-01  
5.828300e-01  5.463100e-01  5.206300e-01  5.187300e-01  5.156200e-01  5.123900e-01  
1.653545e+01  1.397078e+01  1.298730e+01  1.213187e+01  1.137123e+01  1.067990e+01  
1.005322e+01  9.483260e+00  8.964550e+00  8.490890e+00  8.055290e+00  7.648700e+00  
7.258300e+00  6.871970e+00  6.480590e+00  6.068930e+00  5.607450e+00  5.033760e+00  
4.242290e+00  3.705880e+00  3.007680e+00  2.268330e+00  1.257580e+00  9.262900e-01  
6.027600e-01  5.535700e-01  5.162300e-01  5.132500e-01  5.106200e-01  5.081000e-01  
1.653197e+01  1.398076e+01  1.308373e+01  1.229677e+01  1.159302e+01  1.095277e+01  
1.037252e+01  9.845780e+00  9.368010e+00  8.933930e+00  8.537250e+00  8.169430e+00  
7.817850e+00  7.470420e+00  7.118230e+00  6.745800e+00  6.322150e+00  5.779340e+00  
4.993750e+00  4.434800e+00  3.671910e+00  2.813540e+00  1.529700e+00  1.094670e+00  
6.455300e-01  5.732000e-01  5.128300e-01  5.071300e-01  5.050700e-01  5.034900e-01  
1.652324e+01  1.398795e+01  1.314124e+01  1.239269e+01  1.172029e+01  1.110799e+01  
1.055278e+01  1.004940e+01  9.594250e+00  9.182980e+00  8.810540e+00  8.469760e+00  
8.149810e+00  7.839910e+00  7.531190e+00  7.207110e+00  6.832390e+00  6.325970e+00  
5.547560e+00  4.978070e+00  4.190070e+00  3.269880e+00  1.782460e+00  1.249660e+00  
6.875400e-01  5.939300e-01  5.131200e-01  5.057100e-01  5.021600e-01  5.010400e-01  
1.649670e+01  1.398301e+01  1.316943e+01  1.244701e+01  1.179684e+01  1.120522e+01  
1.066936e+01  1.018478e+01  9.748280e+00  9.356060e+00  9.003570e+00  8.684300e+00  
8.388090e+00  8.104790e+00  7.826090e+00  7.535800e+00  7.198060e+00  6.727870e+00  
5.977150e+00  5.414060e+00  4.619350e+00  3.659350e+00  2.016050e+00  1.392970e+00  
7.294000e-01  6.166300e-01  5.152000e-01  5.045800e-01  5.005500e-01  4.995400e-01  
1.646791e+01  1.398045e+01  1.318926e+01  1.248483e+01  1.185002e+01  1.127312e+01  
1.075119e+01  1.028038e+01  9.857800e+00  9.480010e+00  9.142970e+00  8.840580e+00  
8.563310e+00  8.301630e+00  8.047840e+00  7.786380e+00  7.481530e+00  7.046060e+00  
6.326680e+00  5.774800e+00  4.981820e+00  3.996850e+00  2.231800e+00  1.528820e+00  
7.699600e-01  6.392400e-01  5.183200e-01  5.045100e-01  4.995300e-01  4.985200e-01  
1.639453e+01  1.397156e+01  1.321771e+01  1.254175e+01  1.192914e+01  1.137114e+01  
1.086594e+01  1.041110e+01  1.000506e+01  9.645420e+00  9.329270e+00  9.052190e+00  
8.806770e+00  8.584310e+00  8.374340e+00  8.154170e+00  7.886190e+00  7.501720e+00  
6.860430e+00  6.347040e+00  5.568240e+00  4.555180e+00  2.623520e+00  1.782670e+00  
8.473200e-01  6.832400e-01  5.260200e-01  5.065900e-01  4.982900e-01  4.972300e-01  
1.635840e+01  1.397704e+01  1.324062e+01  1.257854e+01  1.197795e+01  1.143156e+01  
1.093784e+01  1.049480e+01  1.010113e+01  9.754900e+00  9.453570e+00  9.193200e+00  
8.967020e+00  8.767170e+00  8.584570e+00  8.398490e+00  8.173320e+00  7.841590e+00  
7.261710e+00  6.778840e+00  6.021730e+00  5.004200e+00  2.963980e+00  2.018790e+00  
9.203500e-01  7.259200e-01  5.351100e-01  5.096500e-01  4.976600e-01  4.964400e-01  
1.629102e+01  1.399265e+01  1.328068e+01  1.263732e+01  1.205293e+01  1.152250e+01  
1.104447e+01  1.061758e+01  1.024113e+01  9.913800e+00  9.633790e+00  9.398160e+00  
9.201490e+00  9.037630e+00  8.899710e+00  8.769950e+00  8.617550e+00  8.382780e+00  
7.931100e+00  7.521020e+00  6.829230e+00  5.836910e+00  3.661870e+00  2.537000e+00  
1.088450e+00  8.259900e-01  5.594500e-01  5.200900e-01  4.973000e-01  4.953700e-01  
1.619418e+01  1.400323e+01  1.330417e+01  1.267043e+01  1.209443e+01  1.157229e+01  
1.110236e+01  1.068393e+01  1.031661e+01  9.999440e+00  9.731080e+00  9.509310e+00  
9.329600e+00  9.186990e+00  9.076000e+00  8.980710e+00  8.874060e+00  8.704390e+00  
8.348110e+00  7.998940e+00  7.372280e+00  6.425280e+00  4.209520e+00  2.972390e+00  
1.241280e+00  9.186700e-01  5.841500e-01  5.322200e-01  4.977400e-01  4.948400e-01  
1.593790e+01  1.401110e+01  1.332552e+01  1.270223e+01  1.213551e+01  1.162231e+01  
1.116146e+01  1.075240e+01  1.039545e+01  1.008970e+01  9.834490e+00  9.628280e+00  
9.467660e+00  9.348980e+00  9.268550e+00  9.213020e+00  9.160540e+00  9.071090e+00  
8.841370e+00  8.582420e+00  8.068820e+00  7.223440e+00  5.030830e+00  3.671250e+00  
1.515920e+00  1.088760e+00  6.322400e-01  5.577400e-01  4.996800e-01  4.942900e-01  
1.571748e+01  1.401267e+01  1.333398e+01  1.271652e+01  1.215489e+01  1.164664e+01  
1.119076e+01  1.078699e+01  1.043587e+01  1.013656e+01  9.888660e+00  9.691110e+00  
9.540990e+00  9.435410e+00  9.371790e+00  9.338600e+00  9.317360e+00  9.275520e+00  
9.125500e+00  8.928960e+00  8.503720e+00  7.751450e+00  5.632250e+00  4.218690e+00  
1.760240e+00  1.243550e+00  6.779300e-01  5.831400e-01  5.027300e-01  4.940200e-01  
1.555732e+01  1.401481e+01  1.334012e+01  1.272468e+01  1.216450e+01  1.165859e+01  
1.120600e+01  1.080650e+01  1.046064e+01  1.016705e+01  9.924400e+00  9.731490e+00  
9.586750e+00  9.488680e+00  9.435450e+00  9.416530e+00  9.416180e+00  9.408890e+00  
9.314100e+00  9.157370e+00  8.797260e+00  8.134880e+00  6.120900e+00  4.662690e+00  
1.973730e+00  1.384270e+00  7.224800e-01  6.079100e-01  5.085500e-01  4.938500e-01  
1.544550e+01  1.401568e+01  1.334440e+01  1.273085e+01  1.217230e+01  1.166825e+01  
1.121792e+01  1.082076e+01  1.047704e+01  1.018587e+01  9.946740e+00  9.758740e+00  
9.619390e+00  9.526670e+00  9.479820e+00  9.470650e+00  9.485660e+00  9.500160e+00  
9.444330e+00  9.325300e+00  9.024420e+00  8.420960e+00  6.473270e+00  5.044980e+00  
2.195230e+00  1.520070e+00  7.635300e-01  6.316100e-01  5.110800e-01  4.937400e-01  
1.530725e+01  1.401394e+01  1.334633e+01  1.273764e+01  1.218399e+01  1.168378e+01  
1.123637e+01  1.084152e+01  1.049976e+01  1.021094e+01  9.975040e+00  9.791780e+00  
9.658820e+00  9.574500e+00  9.538550e+00  9.543340e+00  9.577140e+00  9.620650e+00  
9.620020e+00  9.550480e+00  9.326580e+00  8.826790e+00  7.056640e+00  5.644660e+00  
2.596510e+00  1.767200e+00  8.423300e-01  6.779000e-01  5.202900e-01  4.936100e-01  
1.521909e+01  1.401480e+01  1.334948e+01  1.274246e+01  1.219053e+01  1.169192e+01  
1.124632e+01  1.085338e+01  1.051355e+01  1.022696e+01  9.993590e+00  9.813340e+00  
9.684020e+00  9.604190e+00  9.574240e+00  9.587570e+00  9.634050e+00  9.697290e+00  
9.732030e+00  9.694310e+00  9.525210e+00  9.104800e+00  7.485400e+00  6.113450e+00  
2.945690e+00  1.989630e+00  9.165200e-01  7.214700e-01  5.303600e-01  4.935200e-01  
1.508323e+01  1.401843e+01  1.335645e+01  1.274994e+01  1.219799e+01  1.170073e+01  
1.125745e+01  1.086793e+01  1.053193e+01  1.024947e+01  1.002046e+01  9.844550e+00  
9.719790e+00  9.645300e+00  9.622490e+00  9.646750e+00  9.711100e+00  9.805210e+00  
9.891860e+00  9.897590e+00  9.814410e+00  9.528960e+00  8.194290e+00  6.956170e+00  
3.665450e+00  2.484540e+00  1.086150e+00  8.225000e-01  5.570300e-01  4.934100e-01  
1.500657e+01  1.401824e+01  1.335802e+01  1.275314e+01  1.220259e+01  1.170650e+01  
1.126436e+01  1.087598e+01  1.054131e+01  1.026044e+01  1.003332e+01  9.859580e+00  
9.737470e+00  9.666310e+00  9.647900e+00  9.678270e+00  9.751590e+00  9.860650e+00  
9.975860e+00  1.000776e+01  9.972110e+00  9.766710e+00  8.644980e+00  7.515840e+00  
4.225850e+00  2.930020e+00  1.239510e+00  9.158400e-01  5.830900e-01  4.933600e-01  
1.492443e+01  1.401751e+01  1.335920e+01  1.275585e+01  1.220681e+01  1.171199e+01  
1.127103e+01  1.088379e+01  1.055054e+01  1.027131e+01  1.004616e+01  9.874650e+00  
9.755280e+00  9.687660e+00  9.673880e+00  9.710480e+00  9.793010e+00  9.917410e+00  
1.006286e+01  1.012331e+01  1.013946e+01  1.002633e+01  9.188890e+00  8.234760e+00  
5.065770e+00  3.643120e+00  1.513320e+00  1.086110e+00  6.328700e-01  4.933000e-01  
1.488153e+01  1.401728e+01  1.335963e+01  1.275701e+01  1.220864e+01  1.171435e+01  
1.127402e+01  1.088752e+01  1.055510e+01  1.027683e+01  1.005268e+01  9.882260e+00  
9.764280e+00  9.698490e+00  9.687130e+00  9.726960e+00  9.814250e+00  9.946470e+00  
1.010768e+01  1.018335e+01  1.022741e+01  1.016573e+01  9.507840e+00  8.684900e+00  
5.678700e+00  4.203410e+00  1.756290e+00  1.241310e+00  6.794700e-01  4.932800e-01  
1.485500e+01  1.401735e+01  1.336002e+01  1.275763e+01  1.220935e+01  1.171555e+01  
1.127571e+01  1.088973e+01  1.055790e+01  1.028026e+01  1.005672e+01  9.886990e+00  
9.769820e+00  9.705140e+00  9.695250e+00  9.737110e+00  9.827460e+00  9.964550e+00  
1.013538e+01  1.022053e+01  1.028221e+01  1.025321e+01  9.717830e+00  8.995410e+00  
6.148980e+00  4.656760e+00  2.005280e+00  1.385660e+00  7.234600e-01  4.932600e-01  
1.483636e+01  1.401760e+01  1.336047e+01  1.275809e+01  1.220997e+01  1.171643e+01  
1.127685e+01  1.089128e+01  1.055986e+01  1.028263e+01  1.005949e+01  9.890210e+00  
9.773570e+00  9.709630e+00  9.700740e+00  9.744010e+00  9.836440e+00  9.976840e+00  
1.015419e+01  1.024579e+01  1.031956e+01  1.031315e+01  9.866820e+00  9.223610e+00  
6.527390e+00  5.038960e+00  2.254840e+00  1.520950e+00  7.652900e-01  4.932500e-01  
1.481154e+01  1.401781e+01  1.336113e+01  1.275907e+01  1.221124e+01  1.171799e+01  
1.127878e+01  1.089355e+01  1.056244e+01  1.028553e+01  1.006283e+01  9.894140e+00  
9.778270e+00  9.715230e+00  9.707530e+00  9.752500e+00  9.847590e+00  9.992180e+00  
1.017775e+01  1.027765e+01  1.036699e+01  1.039002e+01  1.006523e+01  9.537140e+00  
7.106210e+00  5.654130e+00  2.686880e+00  1.827700e+00  8.438600e-01  4.932400e-01  
1.479618e+01  1.401749e+01  1.336147e+01  1.275997e+01  1.221259e+01  1.171958e+01  
1.128051e+01  1.089551e+01  1.056491e+01  1.028842e+01  1.006545e+01  9.895780e+00  
9.779460e+00  9.717400e+00  9.711730e+00  9.758510e+00  9.854170e+00  9.999750e+00  
1.019158e+01  1.029911e+01  1.039782e+01  1.043090e+01  1.017926e+01  9.763550e+00  
7.542150e+00  6.120310e+00  3.048970e+00  2.100210e+00  9.150200e-01  4.932300e-01  
