5.037320e+00  5.127150e+00  5.197160e+00  5.250110e+00  5.287320e+00  5.310710e+00  
5.321410e+00  5.321360e+00  5.313280e+00  5.298210e+00  5.277450e+00  5.251810e+00  
5.222000e+00  5.188930e+00  5.153680e+00  5.118900e+00  5.087650e+00  5.062090e+00  
5.043180e+00  5.035000e+00  5.026040e+00  5.017600e+00  5.007450e+00  5.004670e+00  
5.002430e+00  5.002130e+00  5.001920e+00  5.001900e+00  5.001880e+00  5.001870e+00  
5.725290e+00  5.826350e+00  5.895080e+00  5.936630e+00  5.954550e+00  5.953540e+00  
5.936520e+00  5.907610e+00  5.871870e+00  5.829410e+00  5.778730e+00  5.720100e+00  
5.657820e+00  5.595820e+00  5.534410e+00  5.473520e+00  5.413950e+00  5.359160e+00  
5.308200e+00  5.281050e+00  5.255040e+00  5.237180e+00  5.223320e+00  5.219860e+00  
5.217120e+00  5.216780e+00  5.216520e+00  5.216470e+00  5.216460e+00  5.216410e+00  
6.215910e+00  6.320530e+00  6.380260e+00  6.403540e+00  6.397340e+00  6.370030e+00  
6.325640e+00  6.268930e+00  6.205710e+00  6.136550e+00  6.060410e+00  5.978120e+00  
5.893810e+00  5.811350e+00  5.731020e+00  5.652430e+00  5.575890e+00  5.503970e+00  
5.436230e+00  5.401970e+00  5.369560e+00  5.347020e+00  5.328200e+00  5.323660e+00  
5.320070e+00  5.319640e+00  5.319290e+00  5.319210e+00  5.319190e+00  5.319150e+00  
6.905960e+00  7.006060e+00  7.039470e+00  7.021400e+00  6.965650e+00  6.887580e+00  
6.792840e+00  6.686920e+00  6.576230e+00  6.462470e+00  6.346210e+00  6.229230e+00  
6.113700e+00  6.002050e+00  5.894760e+00  5.791790e+00  5.693410e+00  5.600570e+00  
5.515290e+00  5.476420e+00  5.439880e+00  5.412930e+00  5.386500e+00  5.380220e+00  
5.375270e+00  5.374610e+00  5.374130e+00  5.374060e+00  5.374010e+00  5.373990e+00  
7.392690e+00  7.480790e+00  7.484410e+00  7.425270e+00  7.323230e+00  7.199580e+00  
7.061340e+00  6.914450e+00  6.765730e+00  6.617370e+00  6.470690e+00  6.327760e+00  
6.189160e+00  6.056180e+00  5.929390e+00  5.808960e+00  5.695160e+00  5.588290e+00  
5.492520e+00  5.451650e+00  5.413500e+00  5.384450e+00  5.353580e+00  5.346260e+00  
5.340460e+00  5.339680e+00  5.339120e+00  5.339050e+00  5.338980e+00  5.338990e+00  
7.767730e+00  7.840460e+00  7.814000e+00  7.716200e+00  7.572220e+00  7.408280e+00  
7.232580e+00  7.051370e+00  6.871680e+00  6.695760e+00  6.524970e+00  6.361130e+00  
6.203950e+00  6.053970e+00  5.911720e+00  5.777340e+00  5.650970e+00  5.532890e+00  
5.428730e+00  5.385790e+00  5.346020e+00  5.315510e+00  5.282130e+00  5.274240e+00  
5.268000e+00  5.267160e+00  5.266550e+00  5.266470e+00  5.266390e+00  5.266410e+00  
8.072330e+00  8.128090e+00  8.072290e+00  7.938530e+00  7.756630e+00  7.556970e+00  
7.348720e+00  7.138330e+00  6.932960e+00  6.734490e+00  6.543900e+00  6.362440e+00  
6.189560e+00  6.025370e+00  5.870270e+00  5.724080e+00  5.586800e+00  5.458960e+00  
5.347170e+00  5.301620e+00  5.259780e+00  5.227990e+00  5.193300e+00  5.185140e+00  
5.178720e+00  5.177830e+00  5.177200e+00  5.177130e+00  5.177060e+00  5.177080e+00  
8.549780e+00  8.569750e+00  8.458560e+00  8.260360e+00  8.012570e+00  7.752260e+00  
7.489980e+00  7.232450e+00  6.986720e+00  6.753480e+00  6.531900e+00  6.321760e+00  
6.123110e+00  5.935820e+00  5.759880e+00  5.594120e+00  5.438020e+00  5.293250e+00  
5.166970e+00  5.114780e+00  5.067600e+00  5.033320e+00  4.998060e+00  4.989900e+00  
4.983520e+00  4.982650e+00  4.982040e+00  4.981950e+00  4.981880e+00  4.981880e+00  
8.916730e+00  8.900630e+00  8.738660e+00  8.484360e+00  8.181210e+00  7.871320e+00  
7.565960e+00  7.271850e+00  6.995680e+00  6.736400e+00  6.491280e+00  6.258530e+00  
6.039380e+00  5.833810e+00  5.641300e+00  5.459610e+00  5.287600e+00  5.128230e+00  
4.988230e+00  4.928510e+00  4.875100e+00  4.838090e+00  4.803180e+00  4.795270e+00  
4.789140e+00  4.788330e+00  4.787740e+00  4.787670e+00  4.787610e+00  4.787590e+00  
9.852330e+00  9.475510e+00  9.081350e+00  8.700910e+00  8.333360e+00  7.978220e+00  
7.635040e+00  7.303690e+00  6.984520e+00  6.676600e+00  6.383440e+00  6.104280e+00  
5.840600e+00  5.590830e+00  5.356020e+00  5.137440e+00  4.936050e+00  4.750410e+00  
4.584910e+00  4.516670e+00  4.465110e+00  4.434400e+00  4.371360e+00  4.345560e+00  
4.351300e+00  4.355620e+00  4.353850e+00  4.352520e+00  4.355110e+00  4.353350e+00  
1.027939e+01  9.827780e+00  9.357500e+00  8.907470e+00  8.476040e+00  8.062220e+00  
7.665460e+00  7.285320e+00  6.921480e+00  6.573700e+00  6.245550e+00  5.935210e+00  
5.644940e+00  5.372350e+00  5.117940e+00  4.882430e+00  4.665700e+00  4.463580e+00  
4.276740e+00  4.194580e+00  4.125750e+00  4.079280e+00  4.008630e+00  3.986070e+00  
3.994910e+00  3.999150e+00  3.996780e+00  3.995400e+00  3.997630e+00  3.996270e+00  
1.062828e+01  1.031107e+01  9.803970e+00  9.220120e+00  8.626780e+00  8.079960e+00  
7.584780e+00  7.137290e+00  6.729870e+00  6.357440e+00  6.010650e+00  5.680010e+00  
5.370260e+00  5.079800e+00  4.805020e+00  4.541100e+00  4.285270e+00  4.041370e+00  
3.805260e+00  3.686980e+00  3.580310e+00  3.512810e+00  3.467860e+00  3.458860e+00  
3.452360e+00  3.451670e+00  3.451110e+00  3.451000e+00  3.450990e+00  3.451010e+00  
1.102741e+01  1.059001e+01  9.970240e+00  9.295570e+00  8.632700e+00  8.035030e+00  
7.502340e+00  7.025220e+00  6.590900e+00  6.193920e+00  5.826500e+00  5.477260e+00  
5.149460e+00  4.841890e+00  4.549320e+00  4.267240e+00  3.992620e+00  3.727110e+00  
3.463980e+00  3.330280e+00  3.208190e+00  3.128740e+00  3.073240e+00  3.061900e+00  
3.053570e+00  3.052640e+00  3.051920e+00  3.051770e+00  3.051750e+00  3.051770e+00  
1.148425e+01  1.071581e+01  9.945770e+00  9.242160e+00  8.595490e+00  7.999980e+00  
7.451150e+00  6.945010e+00  6.477440e+00  6.048330e+00  5.657660e+00  5.294920e+00  
4.957010e+00  4.640970e+00  4.340700e+00  4.054030e+00  3.776040e+00  3.494540e+00  
3.201660e+00  3.056770e+00  2.925700e+00  2.837660e+00  2.767990e+00  2.759260e+00  
2.746930e+00  2.744900e+00  2.744360e+00  2.744230e+00  2.744400e+00  2.744220e+00  
1.167924e+01  1.083859e+01  1.000415e+01  9.249190e+00  8.561020e+00  7.932830e+00  
7.358650e+00  6.831880e+00  6.349640e+00  5.911290e+00  5.514300e+00  5.146740e+00  
4.803460e+00  4.482330e+00  4.175890e+00  3.881340e+00  3.593460e+00  3.300030e+00  
2.993290e+00  2.840850e+00  2.702160e+00  2.607320e+00  2.527820e+00  2.515610e+00  
2.501480e+00  2.499340e+00  2.498510e+00  2.498360e+00  2.498430e+00  2.498260e+00  
1.195122e+01  1.099217e+01  1.005632e+01  9.222380e+00  8.471780e+00  7.795030e+00  
7.183950e+00  6.628840e+00  6.126140e+00  5.677320e+00  5.273260e+00  4.900870e+00  
4.551690e+00  4.224360e+00  3.911150e+00  3.607400e+00  3.307640e+00  2.999900e+00  
2.676690e+00  2.514980e+00  2.365910e+00  2.260390e+00  2.164340e+00  2.145980e+00  
2.128570e+00  2.126190e+00  2.124840e+00  2.124650e+00  2.124560e+00  2.124410e+00  
1.214198e+01  1.106875e+01  1.004711e+01  9.153280e+00  8.361970e+00  7.657800e+00  
7.028610e+00  6.463050e+00  5.953620e+00  5.501630e+00  5.094430e+00  4.717460e+00  
4.360080e+00  4.020830e+00  3.695920e+00  3.381090e+00  3.073610e+00  2.763770e+00  
2.443860e+00  2.281990e+00  2.124460e+00  2.005690e+00  1.899170e+00  1.874500e+00  
1.854910e+00  1.852590e+00  1.850640e+00  1.850400e+00  1.850190e+00  1.850090e+00  
1.253152e+01  1.119207e+01  9.991700e+00  8.979750e+00  8.114440e+00  7.364770e+00  
6.706230e+00  6.124460e+00  5.608250e+00  5.148410e+00  4.732660e+00  4.346700e+00  
3.979710e+00  3.629360e+00  3.299830e+00  2.984350e+00  2.678770e+00  2.371220e+00  
2.050860e+00  1.885470e+00  1.718570e+00  1.585740e+00  1.459060e+00  1.428050e+00  
1.403180e+00  1.400210e+00  1.397710e+00  1.397390e+00  1.397130e+00  1.397070e+00  
1.282177e+01  1.126876e+01  9.940630e+00  8.846910e+00  7.927960e+00  7.146260e+00  
6.470750e+00  5.879050e+00  5.359170e+00  4.896390e+00  4.476210e+00  4.085840e+00  
3.714370e+00  3.358600e+00  3.025460e+00  2.713240e+00  2.413860e+00  2.114240e+00  
1.801330e+00  1.637560e+00  1.467720e+00  1.328000e+00  1.191230e+00  1.156770e+00  
1.128970e+00  1.125640e+00  1.122840e+00  1.122470e+00  1.122200e+00  1.122170e+00  
1.331840e+01  1.140950e+01  9.912910e+00  8.724760e+00  7.742410e+00  6.913120e+00  
6.211670e+00  5.605540e+00  5.073480e+00  4.600100e+00  4.168180e+00  3.766380e+00  
3.388550e+00  3.032030e+00  2.698840e+00  2.390970e+00  2.096610e+00  1.805750e+00  
1.507040e+00  1.349380e+00  1.183240e+00  1.042370e+00  8.948900e-01  8.568900e-01  
8.263700e-01  8.223100e-01  8.193600e-01  8.190100e-01  8.186800e-01  8.186500e-01  
1.377888e+01  1.159008e+01  9.979000e+00  8.722240e+00  7.697820e+00  6.834620e+00  
6.111680e+00  5.493470e+00  4.949370e+00  4.462860e+00  4.019700e+00  3.609600e+00  
3.226520e+00  2.866870e+00  2.530250e+00  2.217910e+00  1.925850e+00  1.639190e+00  
1.348140e+00  1.195670e+00  1.033500e+00  8.932800e-01  7.405500e-01  7.002900e-01  
6.681400e-01  6.639000e-01  6.607700e-01  6.603900e-01  6.600700e-01  6.599600e-01  
1.420308e+01  1.179468e+01  1.010189e+01  8.787380e+00  7.728620e+00  6.841280e+00  
6.100310e+00  5.469310e+00  4.913400e+00  4.414060e+00  3.958870e+00  3.538950e+00  
3.148690e+00  2.784170e+00  2.443280e+00  2.125060e+00  1.829920e+00  1.544780e+00  
1.257370e+00  1.107210e+00  9.462600e-01  8.052700e-01  6.483500e-01  6.064800e-01  
5.730200e-01  5.686200e-01  5.653700e-01  5.649600e-01  5.646400e-01  5.644600e-01  
1.457414e+01  1.204673e+01  1.028510e+01  8.887910e+00  7.770190e+00  6.859880e+00  
6.113780e+00  5.483270e+00  4.924210e+00  4.417700e+00  3.954350e+00  3.526680e+00  
3.127710e+00  2.753000e+00  2.401870e+00  2.075470e+00  1.776050e+00  1.492750e+00  
1.205880e+00  1.055640e+00  8.938000e-01  7.507800e-01  5.893800e-01  5.461100e-01  
5.113900e-01  5.071000e-01  5.035000e-01  5.030900e-01  5.026600e-01  5.025400e-01  
1.523450e+01  1.243573e+01  1.058480e+01  9.111070e+00  7.942900e+00  7.008380e+00  
6.243070e+00  5.593080e+00  5.014640e+00  4.489940e+00  4.010000e+00  3.567600e+00  
3.155940e+00  2.770140e+00  2.408070e+00  2.068590e+00  1.752300e+00  1.458890e+00  
1.167240e+00  1.013990e+00  8.470200e-01  6.973000e-01  5.252000e-01  4.786100e-01  
4.411200e-01  4.364500e-01  4.325700e-01  4.321200e-01  4.316600e-01  4.315700e-01  
1.576953e+01  1.277333e+01  1.086198e+01  9.338790e+00  8.139630e+00  7.186520e+00  
6.405910e+00  5.740270e+00  5.146900e+00  4.609080e+00  4.117870e+00  3.665370e+00  
3.244060e+00  2.848290e+00  2.475120e+00  2.122010e+00  1.788320e+00  1.476880e+00  
1.175310e+00  1.016150e+00  8.410100e-01  6.820800e-01  4.969200e-01  4.464700e-01  
4.057900e-01  4.007000e-01  3.965000e-01  3.960000e-01  3.955200e-01  3.955000e-01  
1.676729e+01  1.337848e+01  1.139065e+01  9.847260e+00  8.663650e+00  7.688290e+00  
6.866160e+00  6.153920e+00  5.523060e+00  4.956940e+00  4.442970e+00  3.970720e+00  
3.531680e+00  3.118560e+00  2.725160e+00  2.343920e+00  1.971260e+00  1.612090e+00  
1.269360e+00  1.090030e+00  8.880100e-01  7.009700e-01  4.800700e-01  4.194300e-01  
3.700900e-01  3.636600e-01  3.589600e-01  3.583700e-01  3.579300e-01  3.577700e-01  
1.736630e+01  1.389192e+01  1.188537e+01  1.029938e+01  9.088670e+00  8.092900e+00  
7.260340e+00  6.540050e+00  5.897340e+00  5.316030e+00  4.786010e+00  4.297630e+00  
3.840850e+00  3.407410e+00  2.991610e+00  2.586440e+00  2.186860e+00  1.792260e+00  
1.400040e+00  1.196700e+00  9.642800e-01  7.463600e-01  4.880900e-01  4.173200e-01  
3.596200e-01  3.522300e-01  3.463300e-01  3.456200e-01  3.449600e-01  3.446600e-01  
1.813866e+01  1.449118e+01  1.253099e+01  1.101044e+01  9.822260e+00  8.821640e+00  
7.967330e+00  7.218170e+00  6.545940e+00  5.935900e+00  5.378250e+00  4.863420e+00  
4.381290e+00  3.923240e+00  3.482960e+00  3.052160e+00  2.620130e+00  2.171190e+00  
1.685120e+00  1.419440e+00  1.124920e+00  8.500500e-01  5.263000e-01  4.335100e-01  
3.563200e-01  3.460000e-01  3.374900e-01  3.364400e-01  3.360000e-01  3.344500e-01  
1.863226e+01  1.483828e+01  1.295253e+01  1.152822e+01  1.038204e+01  9.387490e+00  
8.516630e+00  7.745160e+00  7.057350e+00  6.437130e+00  5.869010e+00  5.340180e+00  
4.840760e+00  4.362700e+00  3.900680e+00  3.447750e+00  2.992690e+00  2.514440e+00  
1.968770e+00  1.647250e+00  1.283410e+00  9.500800e-01  5.665900e-01  4.590500e-01  
3.609100e-01  3.458900e-01  3.336600e-01  3.324200e-01  3.315700e-01  3.295300e-01  
1.891655e+01  1.509651e+01  1.329618e+01  1.191901e+01  1.078472e+01  9.802150e+00  
8.942610e+00  8.175810e+00  7.481000e+00  6.846190e+00  6.262880e+00  5.722400e+00  
5.215270e+00  4.732750e+00  4.267010e+00  3.807010e+00  3.335020e+00  2.818670e+00  
2.210720e+00  1.849360e+00  1.430520e+00  1.053010e+00  6.123300e-01  4.846400e-01  
3.668100e-01  3.480400e-01  3.311500e-01  3.293300e-01  3.289700e-01  3.263300e-01  
1.913025e+01  1.525590e+01  1.354312e+01  1.221854e+01  1.111213e+01  1.014317e+01  
9.288670e+00  8.521780e+00  7.824650e+00  7.186280e+00  6.598600e+00  6.053300e+00  
5.541130e+00  5.053240e+00  4.581360e+00  4.113380e+00  3.629100e+00  3.090250e+00  
2.439170e+00  2.042400e+00  1.573230e+00  1.148400e+00  6.563800e-01  5.119900e-01  
3.739000e-01  3.508000e-01  3.293200e-01  3.270100e-01  3.268100e-01  3.240000e-01  
1.931235e+01  1.542447e+01  1.390235e+01  1.267602e+01  1.162360e+01  1.067793e+01  
9.828700e+00  9.059120e+00  8.360050e+00  7.722000e+00  7.136310e+00  6.593570e+00  
6.082830e+00  5.593690e+00  5.116830e+00  4.638130e+00  4.132550e+00  3.550690e+00  
2.823050e+00  2.373530e+00  1.839370e+00  1.343330e+00  7.478100e-01  5.620500e-01  
3.881500e-01  3.579100e-01  3.271000e-01  3.234600e-01  3.240000e-01  3.208000e-01  
1.948801e+01  1.554286e+01  1.412933e+01  1.296250e+01  1.195386e+01  1.103994e+01  
1.021362e+01  9.460100e+00  8.771900e+00  8.140790e+00  7.559120e+00  7.018430e+00  
6.508630e+00  6.019720e+00  5.541870e+00  5.059800e+00  4.545680e+00  3.943540e+00  
3.170940e+00  2.681620e+00  2.086150e+00  1.514340e+00  8.305200e-01  6.137500e-01  
4.032500e-01  3.652700e-01  3.259300e-01  3.211600e-01  3.218200e-01  3.186800e-01  
1.970648e+01  1.570506e+01  1.445138e+01  1.338978e+01  1.245912e+01  1.160751e+01  
1.083073e+01  1.011711e+01  9.461040e+00  8.855990e+00  8.295630e+00  7.772620e+00  
7.277710e+00  6.801100e+00  6.332570e+00  5.855250e+00  5.337510e+00  4.713450e+00  
3.877890e+00  3.325620e+00  2.624410e+00  1.913330e+00  1.019580e+00  7.328300e-01  
4.393700e-01  3.842400e-01  3.256500e-01  3.180400e-01  3.183800e-01  3.155200e-01  
1.980792e+01  1.578055e+01  1.461543e+01  1.362107e+01  1.274142e+01  1.193427e+01  
1.119582e+01  1.051627e+01  9.890650e+00  9.313140e+00  8.777930e+00  8.277860e+00  
7.803540e+00  7.345020e+00  6.892030e+00  6.427280e+00  5.917430e+00  5.291630e+00  
4.430200e+00  3.843980e+00  3.077140e+00  2.267010e+00  1.188610e+00  8.401800e-01  
4.728700e-01  4.028100e-01  3.274200e-01  3.170500e-01  3.163200e-01  3.137600e-01  
1.990833e+01  1.583798e+01  1.477523e+01  1.385863e+01  1.304186e+01  1.229274e+01  
1.160805e+01  1.097957e+01  1.040296e+01  9.872770e+00  9.383330e+00  8.927180e+00  
8.493870e+00  8.072720e+00  7.653880e+00  7.220180e+00  6.737480e+00  6.130850e+00  
5.263610e+00  4.648760e+00  3.809600e+00  2.869130e+00  1.484740e+00  1.030910e+00  
5.337200e-01  4.379100e-01  3.337100e-01  3.182300e-01  3.139500e-01  3.118400e-01  
1.994218e+01  1.585582e+01  1.485029e+01  1.397686e+01  1.319681e+01  1.248356e+01  
1.183393e+01  1.124076e+01  1.069969e+01  1.020553e+01  9.752510e+00  9.332730e+00  
8.934700e+00  8.547070e+00  8.160440e+00  7.758160e+00  7.306310e+00  6.728780e+00  
5.879670e+00  5.259360e+00  4.386510e+00  3.366350e+00  1.755350e+00  1.199390e+00  
5.886400e-01  4.705400e-01  3.416000e-01  3.214200e-01  3.126200e-01  3.108300e-01  
1.993867e+01  1.586239e+01  1.489331e+01  1.404748e+01  1.329154e+01  1.260274e+01  
1.197758e+01  1.140980e+01  1.089505e+01  1.042834e+01  1.000377e+01  9.613180e+00  
9.244350e+00  8.885380e+00  8.527300e+00  8.154040e+00  7.732260e+00  7.185680e+00  
6.363200e+00  5.747650e+00  4.860350e+00  3.788990e+00  2.007810e+00  1.352250e+00  
6.393300e-01  5.011300e-01  3.500000e-01  3.254600e-01  3.118700e-01  3.102100e-01  
1.992018e+01  1.587474e+01  1.493192e+01  1.410493e+01  1.336453e+01  1.269060e+01  
1.208010e+01  1.152713e+01  1.102808e+01  1.057838e+01  1.017280e+01  9.803920e+00  
9.460470e+00  9.131210e+00  8.807190e+00  8.471430e+00  8.087150e+00  7.567630e+00  
6.753280e+00  6.139140e+00  5.257270e+00  4.167350e+00  2.241470e+00  1.491910e+00  
6.872000e-01  5.309000e-01  3.585100e-01  3.295700e-01  3.114200e-01  3.097900e-01  
1.984775e+01  1.587769e+01  1.497147e+01  1.417251e+01  1.345633e+01  1.280656e+01  
1.222041e+01  1.169269e+01  1.122020e+01  1.079890e+01  1.042402e+01  1.008851e+01  
9.781310e+00  9.491480e+00  9.210790e+00  8.922900e+00  8.590810e+00  8.124330e+00  
7.358950e+00  6.766870e+00  5.900700e+00  4.786390e+00  2.661620e+00  1.762950e+00  
7.746700e-01  5.851800e-01  3.753800e-01  3.385700e-01  3.115800e-01  3.092600e-01  
1.978554e+01  1.588373e+01  1.500223e+01  1.422214e+01  1.352187e+01  1.288790e+01  
1.231710e+01  1.180520e+01  1.134948e+01  1.094620e+01  1.059110e+01  1.027771e+01  
9.995590e+00  9.734490e+00  9.487010e+00  9.237690e+00  8.950020e+00  8.531970e+00  
7.816060e+00  7.248510e+00  6.403510e+00  5.283820e+00  3.029580e+00  2.017490e+00  
8.551200e-01  6.353300e-01  3.916900e-01  3.478200e-01  3.121600e-01  3.089400e-01  
1.965448e+01  1.589995e+01  1.505651e+01  1.430492e+01  1.362809e+01  1.301634e+01  
1.246698e+01  1.197693e+01  1.154396e+01  1.116531e+01  1.083779e+01  1.055633e+01  
1.031228e+01  1.009741e+01  9.906470e+00  9.726520e+00  9.523580e+00  9.205090e+00  
8.601060e+00  8.093160e+00  7.305220e+00  6.206390e+00  3.788830e+00  2.579760e+00  
1.035670e+00  7.485900e-01  4.297400e-01  3.704100e-01  3.148200e-01  3.084900e-01  
1.943916e+01  1.590411e+01  1.509312e+01  1.436108e+01  1.369643e+01  1.309418e+01  
1.255316e+01  1.207160e+01  1.164865e+01  1.128208e+01  1.096950e+01  1.070723e+01  
1.048964e+01  1.031002e+01  1.016012e+01  1.001911e+01  9.852650e+00  9.597760e+00  
9.106800e+00  8.661680e+00  7.921280e+00  6.854120e+00  4.401210e+00  3.048370e+00  
1.195410e+00  8.511400e-01  4.645400e-01  3.916500e-01  3.184300e-01  3.082700e-01  
1.896118e+01  1.590895e+01  1.511908e+01  1.440504e+01  1.375618e+01  1.316787e+01  
1.263940e+01  1.216979e+01  1.175890e+01  1.140588e+01  1.110959e+01  1.086785e+01  
1.067602e+01  1.052896e+01  1.042107e+01  1.033538e+01  1.024255e+01  1.008581e+01  
9.733430e+00  9.379680e+00  8.738220e+00  7.750570e+00  5.303350e+00  3.815800e+00  
1.480740e+00  1.033190e+00  5.269600e-01  4.302600e-01  3.272100e-01  3.080400e-01  
1.855367e+01  1.590982e+01  1.512983e+01  1.442343e+01  1.378133e+01  1.320005e+01  
1.267898e+01  1.221711e+01  1.181418e+01  1.146999e+01  1.118365e+01  1.095350e+01  
1.077574e+01  1.064631e+01  1.056122e+01  1.050611e+01  1.045632e+01  1.036427e+01  
1.011231e+01  9.826830e+00  9.266400e+00  8.355120e+00  5.969400e+00  4.418050e+00  
1.731900e+00  1.196190e+00  5.826500e-01  4.653500e-01  3.364400e-01  3.079300e-01  
1.825731e+01  1.591132e+01  1.513714e+01  1.443373e+01  1.379424e+01  1.321661e+01  
1.270018e+01  1.224373e+01  1.184713e+01  1.150976e+01  1.123075e+01  1.100839e+01  
1.083930e+01  1.072023e+01  1.064848e+01  1.061201e+01  1.059052e+01  1.054530e+01  
1.036800e+01  1.013328e+01  9.641190e+00  8.801230e+00  6.488290e+00  4.911380e+00  
1.958210e+00  1.345640e+00  6.340800e-01  4.974200e-01  3.457500e-01  3.078600e-01  
1.805287e+01  1.591069e+01  1.514073e+01  1.444056e+01  1.380418e+01  1.322968e+01  
1.271640e+01  1.226331e+01  1.187011e+01  1.153665e+01  1.126207e+01  1.104496e+01  
1.088213e+01  1.077078e+01  1.070904e+01  1.068640e+01  1.068515e+01  1.067160e+01  
1.054873e+01  1.035691e+01  9.923990e+00  9.146900e+00  6.908080e+00  5.325580e+00  
2.184180e+00  1.484510e+00  6.820200e-01  5.273800e-01  3.550000e-01  3.078200e-01  
1.779321e+01  1.591024e+01  1.514589e+01  1.445009e+01  1.381774e+01  1.324718e+01  
1.273788e+01  1.228929e+01  1.190126e+01  1.157338e+01  1.130412e+01  1.109222e+01  
1.093630e+01  1.083517e+01  1.078770e+01  1.078379e+01  1.080848e+01  1.083792e+01  
1.079105e+01  1.065896e+01  1.031695e+01  9.654610e+00  7.572390e+00  5.983560e+00  
2.619980e+00  1.738630e+00  7.708300e-01  5.819300e-01  3.736900e-01  3.077600e-01  
1.762769e+01  1.591050e+01  1.515035e+01  1.445719e+01  1.382699e+01  1.325882e+01  
1.275182e+01  1.230570e+01  1.192037e+01  1.159554e+01  1.132969e+01  1.112174e+01  
1.097073e+01  1.087600e+01  1.083682e+01  1.084403e+01  1.088468e+01  1.094007e+01  
1.094406e+01  1.085790e+01  1.058620e+01  1.000704e+01  8.056210e+00  6.507560e+00  
2.999620e+00  1.965170e+00  8.519600e-01  6.327200e-01  3.908700e-01  3.077300e-01  
1.740364e+01  1.592026e+01  1.515530e+01  1.446130e+01  1.383333e+01  1.326912e+01  
1.276707e+01  1.232626e+01  1.194611e+01  1.162628e+01  1.136607e+01  1.116398e+01  
1.101636e+01  1.092222e+01  1.088694e+01  1.091554e+01  1.100443e+01  1.111424e+01  
1.117000e+01  1.113354e+01  1.097100e+01  1.056046e+01  8.895630e+00  7.425840e+00  
3.785210e+00  2.495940e+00  1.033530e+00  7.468700e-01  4.291400e-01  3.076800e-01  
1.726108e+01  1.592020e+01  1.515816e+01  1.446616e+01  1.383997e+01  1.327736e+01  
1.277707e+01  1.233800e+01  1.195966e+01  1.164183e+01  1.138391e+01  1.118464e+01  
1.104059e+01  1.095106e+01  1.092180e+01  1.095882e+01  1.106013e+01  1.118945e+01  
1.128253e+01  1.128330e+01  1.119071e+01  1.088453e+01  9.432740e+00  8.062360e+00  
4.399090e+00  2.992540e+00  1.195170e+00  8.487100e-01  4.646500e-01  3.076600e-01  
1.710893e+01  1.591975e+01  1.516072e+01  1.447074e+01  1.384626e+01  1.328526e+01  
1.278662e+01  1.234921e+01  1.197286e+01  1.165700e+01  1.140151e+01  1.120528e+01  
1.106504e+01  1.098040e+01  1.095776e+01  1.100389e+01  1.111828e+01  1.126730e+01  
1.139800e+01  1.143801e+01  1.142377e+01  1.124532e+01  1.010408e+01  8.907400e+00  
5.326260e+00  3.782840e+00  1.479940e+00  1.030540e+00  5.279200e-01  3.076300e-01  
1.700316e+01  1.591103e+01  1.516319e+01  1.447835e+01  1.385527e+01  1.329416e+01  
1.279446e+01  1.235592e+01  1.197876e+01  1.166285e+01  1.140835e+01  1.121491e+01  
1.108094e+01  1.100605e+01  1.099231e+01  1.103606e+01  1.113315e+01  1.127916e+01  
1.145047e+01  1.152411e+01  1.155419e+01  1.144285e+01  1.051395e+01  9.457250e+00  
6.012790e+00  4.402680e+00  1.730000e+00  1.193310e+00  5.843400e-01  3.076200e-01  
1.695296e+01  1.591043e+01  1.516325e+01  1.447888e+01  1.385638e+01  1.329584e+01  
1.279671e+01  1.235882e+01  1.198233e+01  1.166731e+01  1.141376e+01  1.122138e+01  
1.108864e+01  1.101523e+01  1.100350e+01  1.105002e+01  1.115100e+01  1.130338e+01  
1.148840e+01  1.157558e+01  1.162843e+01  1.156204e+01  1.079891e+01  9.845780e+00  
6.538050e+00  4.903130e+00  1.983060e+00  1.343470e+00  6.356700e-01  3.076100e-01  
1.691820e+01  1.590996e+01  1.516296e+01  1.447887e+01  1.385680e+01  1.329668e+01  
1.279815e+01  1.236108e+01  1.198572e+01  1.167167e+01  1.141826e+01  1.122513e+01  
1.109222e+01  1.102036e+01  1.101147e+01  1.106074e+01  1.116341e+01  1.131787e+01  
1.151369e+01  1.161430e+01  1.168332e+01  1.163300e+01  1.098494e+01  1.017996e+01  
6.964720e+00  5.302440e+00  2.271740e+00  1.491460e+00  6.818800e-01  3.076100e-01  
1.687140e+01  1.591029e+01  1.516449e+01  1.448103e+01  1.385943e+01  1.329956e+01  
1.280119e+01  1.236414e+01  1.198854e+01  1.167466e+01  1.142231e+01  1.123125e+01  
1.110020e+01  1.102905e+01  1.102046e+01  1.107126e+01  1.117834e+01  1.134038e+01  
1.154685e+01  1.165536e+01  1.174404e+01  1.174836e+01  1.127958e+01  1.054840e+01  
7.616650e+00  6.005240e+00  2.767630e+00  1.811080e+00  7.710600e-01  3.076000e-01  
1.684410e+01  1.591138e+01  1.516657e+01  1.448373e+01  1.386243e+01  1.330285e+01  
1.280444e+01  1.236729e+01  1.199167e+01  1.167779e+01  1.142545e+01  1.123457e+01  
1.110382e+01  1.103333e+01  1.102572e+01  1.107809e+01  1.118756e+01  1.135367e+01  
1.156660e+01  1.168065e+01  1.178349e+01  1.181496e+01  1.145028e+01  1.082046e+01  
8.103080e+00  6.534750e+00  3.174830e+00  2.115080e+00  8.511700e-01  3.076000e-01  
