4.291300e-01  4.515500e-01  4.750200e-01  4.996300e-01  5.253500e-01  5.521400e-01  
5.798800e-01  6.083900e-01  6.374000e-01  6.666400e-01  6.957900e-01  7.244400e-01  
7.521700e-01  7.788700e-01  8.055500e-01  8.353000e-01  8.706000e-01  9.076200e-01  
9.396300e-01  9.522800e-01  9.630800e-01  9.720000e-01  9.899300e-01  9.956100e-01  
1.000220e+00  1.000320e+00  1.000120e+00  1.000430e+00  1.000920e+00  1.001880e+00  
6.342700e-01  6.647600e-01  6.962400e-01  7.288600e-01  7.625700e-01  7.973000e-01  
8.329800e-01  8.694800e-01  9.066900e-01  9.444500e-01  9.825900e-01  1.021050e+00  
1.059900e+00  1.099140e+00  1.138420e+00  1.177400e+00  1.216260e+00  1.257260e+00  
1.302660e+00  1.326040e+00  1.347530e+00  1.362900e+00  1.382210e+00  1.385560e+00  
1.379980e+00  1.384580e+00  1.395170e+00  1.393250e+00  1.389620e+00  1.371030e+00  
8.305300e-01  8.682500e-01  9.069900e-01  9.469600e-01  9.880800e-01  1.030260e+00  
1.073360e+00  1.117220e+00  1.161680e+00  1.206550e+00  1.251620e+00  1.296800e+00  
1.342200e+00  1.387880e+00  1.433400e+00  1.478420e+00  1.523210e+00  1.570600e+00  
1.623760e+00  1.651830e+00  1.678800e+00  1.698920e+00  1.720760e+00  1.723310e+00  
1.717430e+00  1.722620e+00  1.734080e+00  1.731880e+00  1.727300e+00  1.707780e+00  
1.192750e+00  1.244160e+00  1.296320e+00  1.349520e+00  1.403560e+00  1.458210e+00  
1.513180e+00  1.568170e+00  1.622840e+00  1.676910e+00  1.730150e+00  1.782540e+00  
1.834580e+00  1.886700e+00  1.938530e+00  1.989810e+00  2.041140e+00  2.096370e+00  
2.159710e+00  2.193480e+00  2.225340e+00  2.248210e+00  2.273180e+00  2.278900e+00  
2.281070e+00  2.283040e+00  2.286710e+00  2.285950e+00  2.283360e+00  2.279350e+00  
1.519300e+00  1.582400e+00  1.645700e+00  1.709550e+00  1.773600e+00  1.837480e+00  
1.900720e+00  1.962860e+00  2.023390e+00  2.081970e+00  2.138400e+00  2.192860e+00  
2.246430e+00  2.300080e+00  2.353610e+00  2.406930e+00  2.460970e+00  2.520030e+00  
2.588580e+00  2.624860e+00  2.657570e+00  2.679460e+00  2.705930e+00  2.715740e+00  
2.726510e+00  2.724570e+00  2.719460e+00  2.720480e+00  2.721170e+00  2.733640e+00  
1.815860e+00  1.888500e+00  1.960610e+00  2.032640e+00  2.104100e+00  2.174450e+00  
2.243080e+00  2.309380e+00  2.372750e+00  2.432770e+00  2.489370e+00  2.542940e+00  
2.595210e+00  2.647750e+00  2.700550e+00  2.753730e+00  2.808400e+00  2.868960e+00  
2.939590e+00  2.976510e+00  3.008240e+00  3.027920e+00  3.054900e+00  3.068070e+00  
3.085060e+00  3.080090e+00  3.068410e+00  3.070840e+00  3.074550e+00  3.098760e+00  
2.087020e+00  2.167100e+00  2.245860e+00  2.323850e+00  2.400450e+00  2.474980e+00  
2.546730e+00  2.614940e+00  2.678990e+00  2.738380e+00  2.793230e+00  2.844170e+00  
2.893560e+00  2.943550e+00  2.994310e+00  3.046160e+00  3.100320e+00  3.160940e+00  
3.231580e+00  3.268010e+00  3.297990e+00  3.315310e+00  3.342180e+00  3.357470e+00  
3.377690e+00  3.370950e+00  3.355660e+00  3.358950e+00  3.364900e+00  3.394930e+00  
2.566920e+00  2.656220e+00  2.742660e+00  2.826940e+00  2.908280e+00  2.985820e+00  
3.058660e+00  3.125980e+00  3.187050e+00  3.241470e+00  3.289640e+00  3.332750e+00  
3.374200e+00  3.417170e+00  3.462170e+00  3.509780e+00  3.561250e+00  3.619550e+00  
3.686470e+00  3.720070e+00  3.746180e+00  3.759860e+00  3.785440e+00  3.801180e+00  
3.819530e+00  3.812980e+00  3.798830e+00  3.802170e+00  3.809880e+00  3.835230e+00  
2.952940e+00  3.074770e+00  3.182380e+00  3.276100e+00  3.355300e+00  3.420470e+00  
3.473770e+00  3.519710e+00  3.564460e+00  3.609440e+00  3.654670e+00  3.699790e+00  
3.744440e+00  3.788400e+00  3.831840e+00  3.875660e+00  3.920950e+00  3.968570e+00  
4.019000e+00  4.044750e+00  4.069990e+00  4.089590e+00  4.112740e+00  4.122030e+00  
4.134330e+00  4.130410e+00  4.123220e+00  4.126860e+00  4.132400e+00  4.141880e+00  
3.774020e+00  3.908080e+00  4.018960e+00  4.107650e+00  4.173930e+00  4.219350e+00  
4.247860e+00  4.266800e+00  4.285700e+00  4.306950e+00  4.330960e+00  4.357710e+00  
4.386820e+00  4.417790e+00  4.449490e+00  4.479330e+00  4.505740e+00  4.533470e+00  
4.568210e+00  4.587860e+00  4.606730e+00  4.621950e+00  4.641980e+00  4.640830e+00  
4.631080e+00  4.638980e+00  4.652000e+00  4.647170e+00  4.652050e+00  4.620290e+00  
4.415340e+00  4.545210e+00  4.646020e+00  4.719840e+00  4.767000e+00  4.789890e+00  
4.793700e+00  4.787360e+00  4.782080e+00  4.780840e+00  4.784270e+00  4.792590e+00  
4.805580e+00  4.822570e+00  4.841580e+00  4.857560e+00  4.867250e+00  4.878170e+00  
4.899720e+00  4.914280e+00  4.927970e+00  4.939170e+00  4.955430e+00  4.949170e+00  
4.929370e+00  4.942410e+00  4.964330e+00  4.955640e+00  4.958750e+00  4.910530e+00  
5.385870e+00  5.485710e+00  5.550950e+00  5.585870e+00  5.591830e+00  5.572250e+00  
5.533470e+00  5.485590e+00  5.440540e+00  5.401920e+00  5.370350e+00  5.346180e+00  
5.329480e+00  5.319370e+00  5.313230e+00  5.304230e+00  5.287980e+00  5.274160e+00  
5.275100e+00  5.281180e+00  5.286460e+00  5.290340e+00  5.298540e+00  5.292790e+00  
5.276700e+00  5.286820e+00  5.303920e+00  5.296890e+00  5.296520e+00  5.261920e+00  
6.110870e+00  6.173280e+00  6.199000e+00  6.194280e+00  6.161200e+00  6.103860e+00  
6.029080e+00  5.947260e+00  5.870400e+00  5.802050e+00  5.742850e+00  5.692770e+00  
5.651860e+00  5.618760e+00  5.590830e+00  5.561090e+00  5.525100e+00  5.492730e+00  
5.476740e+00  5.475240e+00  5.473320e+00  5.471100e+00  5.472070e+00  5.469290e+00  
5.462140e+00  5.466420e+00  5.473710e+00  5.470470e+00  5.467660e+00  5.455890e+00  
6.688080e+00  6.714350e+00  6.702860e+00  6.661480e+00  6.592900e+00  6.501760e+00  
6.395320e+00  6.284180e+00  6.180520e+00  6.087750e+00  6.006330e+00  5.935660e+00  
5.875280e+00  5.823280e+00  5.777060e+00  5.729990e+00  5.677930e+00  5.630200e+00  
5.599070e+00  5.590400e+00  5.581930e+00  5.574570e+00  5.569460e+00  5.568360e+00  
5.567050e+00  5.567210e+00  5.567660e+00  5.567060e+00  5.562790e+00  5.566730e+00  
7.154770e+00  7.178090e+00  7.134400e+00  7.043740e+00  6.924640e+00  6.796530e+00  
6.665920e+00  6.538000e+00  6.418850e+00  6.310350e+00  6.212800e+00  6.125190e+00  
6.046150e+00  5.973780e+00  5.907100e+00  5.843640e+00  5.781820e+00  5.725070e+00  
5.678930e+00  5.661310e+00  5.646410e+00  5.636320e+00  5.625790e+00  5.624350e+00  
5.624840e+00  5.624170e+00  5.621220e+00  5.619800e+00  5.617130e+00  5.627690e+00  
7.919060e+00  7.852060e+00  7.745710e+00  7.611590e+00  7.453720e+00  7.278240e+00  
7.093730e+00  6.911740e+00  6.745400e+00  6.597970e+00  6.468390e+00  6.354450e+00  
6.252580e+00  6.159470e+00  6.072600e+00  5.986950e+00  5.899430e+00  5.816780e+00  
5.748610e+00  5.721340e+00  5.696100e+00  5.676980e+00  5.658360e+00  5.655610e+00  
5.655440e+00  5.652760e+00  5.648740e+00  5.649680e+00  5.644340e+00  5.658500e+00  
8.491110e+00  8.367080e+00  8.204900e+00  8.017740e+00  7.810190e+00  7.588930e+00  
7.362900e+00  7.144140e+00  6.945770e+00  6.770730e+00  6.617100e+00  6.481690e+00  
6.359260e+00  6.245750e+00  6.138900e+00  6.034750e+00  5.930850e+00  5.832170e+00  
5.746340e+00  5.709810e+00  5.675810e+00  5.650440e+00  5.625380e+00  5.620380e+00  
5.617400e+00  5.615330e+00  5.612510e+00  5.612910e+00  5.607860e+00  5.618990e+00  
9.467090e+00  9.206530e+00  8.918490e+00  8.617430e+00  8.308250e+00  7.997270e+00  
7.692660e+00  7.405660e+00  7.147950e+00  6.920600e+00  6.720610e+00  6.543320e+00  
6.381350e+00  6.229310e+00  6.086600e+00  5.950960e+00  5.821200e+00  5.698530e+00  
5.586120e+00  5.534950e+00  5.485500e+00  5.447700e+00  5.411630e+00  5.402810e+00  
5.394600e+00  5.394380e+00  5.394940e+00  5.394100e+00  5.390580e+00  5.392090e+00  
1.016202e+01  9.707220e+00  9.270920e+00  8.861620e+00  8.477700e+00  8.118340e+00  
7.782770e+00  7.470730e+00  7.182460e+00  6.917200e+00  6.673800e+00  6.450930e+00  
6.246690e+00  6.060330e+00  5.893590e+00  5.746440e+00  5.616330e+00  5.489930e+00  
5.354810e+00  5.286900e+00  5.225730e+00  5.184380e+00  5.141480e+00  5.130230e+00  
5.120520e+00  5.120880e+00  5.122610e+00  5.121820e+00  5.119500e+00  5.115990e+00  
1.085452e+01  1.023338e+01  9.654420e+00  9.120460e+00  8.627370e+00  8.173300e+00  
7.757000e+00  7.376430e+00  7.030060e+00  6.715930e+00  6.431450e+00  6.173570e+00  
5.938070e+00  5.722270e+00  5.527270e+00  5.353910e+00  5.198770e+00  5.048690e+00  
4.891940e+00  4.813950e+00  4.742450e+00  4.692020e+00  4.637920e+00  4.623940e+00  
4.614230e+00  4.614180e+00  4.614880e+00  4.614570e+00  4.613920e+00  4.609850e+00  
1.122079e+01  1.048679e+01  9.815370e+00  9.201570e+00  8.640110e+00  8.127530e+00  
7.662020e+00  7.240330e+00  6.859310e+00  6.515880e+00  6.206530e+00  5.927100e+00  
5.671790e+00  5.436750e+00  5.222560e+00  5.029800e+00  4.855440e+00  4.686250e+00  
4.511390e+00  4.424880e+00  4.345180e+00  4.288110e+00  4.225890e+00  4.210150e+00  
4.200860e+00  4.199350e+00  4.197180e+00  4.197690e+00  4.200300e+00  4.198830e+00  
1.142501e+01  1.060553e+01  9.870250e+00  9.204980e+00  8.602980e+00  8.058330e+00  
7.566920e+00  7.123270e+00  6.721890e+00  6.358900e+00  6.030870e+00  5.733700e+00  
5.461960e+00  5.211440e+00  4.980830e+00  4.767310e+00  4.568330e+00  4.380740e+00  
4.203190e+00  4.117530e+00  4.029500e+00  3.957430e+00  3.889290e+00  3.874860e+00  
3.864500e+00  3.861170e+00  3.856120e+00  3.857220e+00  3.865270e+00  3.865290e+00  
1.156198e+01  1.067300e+01  9.887800e+00  9.183090e+00  8.551040e+00  7.983720e+00  
7.474510e+00  7.015970e+00  6.600810e+00  6.224600e+00  5.883730e+00  5.574030e+00  
5.290030e+00  5.027490e+00  4.784930e+00  4.559330e+00  4.348120e+00  4.148100e+00  
3.956960e+00  3.863910e+00  3.768300e+00  3.690260e+00  3.616920e+00  3.601340e+00  
3.589710e+00  3.585320e+00  3.578490e+00  3.579970e+00  3.590980e+00  3.591900e+00  
1.169319e+01  1.071803e+01  9.872800e+00  9.119480e+00  8.449240e+00  7.852440e+00  
7.319280e+00  6.840310e+00  6.406750e+00  6.013640e+00  5.656970e+00  5.332250e+00  
5.033740e+00  4.756810e+00  4.499400e+00  4.257760e+00  4.028320e+00  3.808200e+00  
3.593740e+00  3.487910e+00  3.380170e+00  3.293250e+00  3.209710e+00  3.189870e+00  
3.173610e+00  3.169320e+00  3.163380e+00  3.164320e+00  3.172290e+00  3.173260e+00  
1.172839e+01  1.070916e+01  9.834240e+00  9.055250e+00  8.363480e+00  7.748460e+00  
7.199530e+00  6.706810e+00  6.261570e+00  5.858600e+00  5.493530e+00  5.161440e+00  
4.856130e+00  4.572500e+00  4.307740e+00  4.056940e+00  3.815360e+00  3.579590e+00  
3.345850e+00  3.229180e+00  3.111470e+00  3.017310e+00  2.923550e+00  2.898690e+00  
2.877280e+00  2.874460e+00  2.871960e+00  2.871610e+00  2.871550e+00  2.871660e+00  
1.166836e+01  1.061526e+01  9.721930e+00  8.924300e+00  8.215520e+00  7.582290e+00  
7.015530e+00  6.506630e+00  6.048240e+00  5.634990e+00  5.261910e+00  4.923510e+00  
4.612930e+00  4.324230e+00  4.053210e+00  3.792640e+00  3.535220e+00  3.274830e+00  
3.005710e+00  2.866270e+00  2.722860e+00  2.605650e+00  2.487010e+00  2.455520e+00  
2.428750e+00  2.427200e+00  2.427830e+00  2.426550e+00  2.420000e+00  2.419170e+00  
1.155105e+01  1.050266e+01  9.621110e+00  8.831690e+00  8.128280e+00  7.496110e+00  
6.927950e+00  6.416650e+00  5.956160e+00  5.541310e+00  5.167040e+00  4.827810e+00  
4.516790e+00  4.227800e+00  3.955900e+00  3.692570e+00  3.428610e+00  3.154730e+00  
2.860090e+00  2.701420e+00  2.531440e+00  2.387030e+00  2.244880e+00  2.212470e+00  
2.187940e+00  2.184590e+00  2.180970e+00  2.180830e+00  2.182260e+00  2.184950e+00  
1.133351e+01  1.030454e+01  9.457150e+00  8.700400e+00  8.023530e+00  7.412900e+00  
6.862210e+00  6.365360e+00  5.917000e+00  5.511840e+00  5.144340e+00  4.808130e+00  
4.495130e+00  4.199050e+00  3.917430e+00  3.646440e+00  3.377960e+00  3.092850e+00  
2.767270e+00  2.581510e+00  2.372630e+00  2.184200e+00  1.988940e+00  1.950620e+00  
1.942150e+00  1.935380e+00  1.915440e+00  1.916430e+00  1.940960e+00  1.961870e+00  
1.114415e+01  1.015218e+01  9.349220e+00  8.631510e+00  7.984670e+00  7.397700e+00  
6.865270e+00  6.382130e+00  5.943710e+00  5.545440e+00  5.182500e+00  4.849350e+00  
4.538900e+00  4.245370e+00  3.965750e+00  3.695100e+00  3.422960e+00  3.124980e+00  
2.770440e+00  2.561850e+00  2.323720e+00  2.106780e+00  1.877890e+00  1.827030e+00  
1.802070e+00  1.797280e+00  1.789230e+00  1.793070e+00  1.819460e+00  1.858840e+00  
1.100373e+01  1.004333e+01  9.278820e+00  8.593780e+00  7.972650e+00  7.406350e+00  
6.890300e+00  6.419930e+00  5.991230e+00  5.600250e+00  5.242720e+00  4.913760e+00  
4.607050e+00  4.317200e+00  4.040860e+00  3.772260e+00  3.499190e+00  3.193150e+00  
2.817190e+00  2.589980e+00  2.324980e+00  2.080150e+00  1.816380e+00  1.755340e+00  
1.726640e+00  1.721660e+00  1.713470e+00  1.718540e+00  1.750900e+00  1.797830e+00  
1.089664e+01  9.962410e+00  9.230920e+00  8.572870e+00  7.973700e+00  7.425290e+00  
6.923740e+00  6.464960e+00  6.045440e+00  5.661640e+00  5.309800e+00  4.985470e+00  
4.682970e+00  4.397220e+00  4.124600e+00  3.858720e+00  3.585930e+00  3.274350e+00  
2.881520e+00  2.638860e+00  2.350780e+00  2.080810e+00  1.783880e+00  1.712200e+00  
1.678480e+00  1.673600e+00  1.666340e+00  1.672410e+00  1.708200e+00  1.757340e+00  
1.074562e+01  9.852130e+00  9.172830e+00  8.556650e+00  7.992490e+00  7.473190e+00  
6.995780e+00  6.556890e+00  6.153690e+00  5.783270e+00  5.442540e+00  5.127760e+00  
4.834120e+00  4.556960e+00  4.292340e+00  4.033000e+00  3.763130e+00  3.445450e+00  
3.028100e+00  2.761110e+00  2.434770e+00  2.120620e+00  1.762190e+00  1.669300e+00  
1.623430e+00  1.618970e+00  1.614440e+00  1.621730e+00  1.659790e+00  1.707410e+00  
1.064725e+01  9.783740e+00  9.142410e+00  8.556970e+00  8.019040e+00  7.522100e+00  
7.063710e+00  6.641000e+00  6.251590e+00  5.892990e+00  5.562530e+00  5.257010e+00  
4.972080e+00  4.703470e+00  4.447050e+00  4.194980e+00  3.929920e+00  3.610610e+00  
3.177350e+00  2.892250e+00  2.535350e+00  2.183370e+00  1.768660e+00  1.655220e+00  
1.595730e+00  1.591570e+00  1.589770e+00  1.597440e+00  1.634030e+00  1.678010e+00  
1.052002e+01  9.703140e+00  9.118840e+00  8.581860e+00  8.086100e+00  7.626330e+00  
7.200800e+00  6.807260e+00  6.443940e+00  6.108920e+00  5.800120e+00  5.514970e+00  
5.249860e+00  5.000900e+00  4.763950e+00  4.530550e+00  4.281300e+00  3.968700e+00  
3.518500e+00  3.205650e+00  2.794700e+00  2.369090e+00  1.829590e+00  1.668340e+00  
1.572220e+00  1.567870e+00  1.570990e+00  1.577410e+00  1.602760e+00  1.638890e+00  
1.052496e+01  9.703560e+00  9.129540e+00  8.606790e+00  8.128530e+00  7.689180e+00  
7.285920e+00  6.915390e+00  6.574590e+00  6.261180e+00  5.972760e+00  5.706120e+00  
5.456560e+00  5.219810e+00  4.993080e+00  4.770670e+00  4.538090e+00  4.256780e+00  
3.845010e+00  3.529870e+00  3.062840e+00  2.537440e+00  1.871500e+00  1.699400e+00  
1.594610e+00  1.578050e+00  1.555780e+00  1.562130e+00  1.608600e+00  1.619400e+00  
1.048129e+01  9.692770e+00  9.157180e+00  8.666780e+00  8.216540e+00  7.802600e+00  
7.423190e+00  7.076270e+00  6.760090e+00  6.472590e+00  6.211210e+00  5.972440e+00  
5.750720e+00  5.541110e+00  5.340660e+00  5.143180e+00  4.934540e+00  4.679090e+00  
4.290860e+00  3.975840e+00  3.480210e+00  2.883510e+00  2.039240e+00  1.791300e+00  
1.607630e+00  1.585490e+00  1.567980e+00  1.570880e+00  1.593040e+00  1.600240e+00  
1.047246e+01  9.700730e+00  9.184950e+00  8.711210e+00  8.275750e+00  7.875690e+00  
7.509850e+00  7.177080e+00  6.876450e+00  6.606110e+00  6.363540e+00  6.145090e+00  
5.944840e+00  5.757410e+00  5.579400e+00  5.403400e+00  5.214880e+00  4.980700e+00  
4.615320e+00  4.308640e+00  3.809220e+00  3.177270e+00  2.201560e+00  1.887250e+00  
1.625780e+00  1.594410e+00  1.575960e+00  1.576520e+00  1.583160e+00  1.590600e+00  
1.047307e+01  9.712020e+00  9.207750e+00  8.743900e+00  8.317450e+00  7.926100e+00  
7.569110e+00  7.245910e+00  6.956070e+00  6.697950e+00  6.469120e+00  6.265960e+00  
6.082470e+00  5.912980e+00  5.753700e+00  5.595990e+00  5.424660e+00  5.208440e+00  
4.863870e+00  4.568370e+00  4.076420e+00  3.428750e+00  2.353270e+00  1.980150e+00  
1.645030e+00  1.602970e+00  1.580290e+00  1.579210e+00  1.576060e+00  1.584810e+00  
1.047529e+01  9.722380e+00  9.225520e+00  8.768240e+00  8.347880e+00  7.962620e+00  
7.611960e+00  7.295740e+00  7.013840e+00  6.764830e+00  6.546380e+00  6.354990e+00  
6.184700e+00  6.029790e+00  5.886060e+00  5.743950e+00  5.587590e+00  5.387130e+00  
5.061640e+00  4.778250e+00  4.299000e+00  3.646730e+00  2.493770e+00  2.068630e+00  
1.664500e+00  1.611290e+00  1.582460e+00  1.580150e+00  1.570800e+00  1.580970e+00  
1.048479e+01  9.738480e+00  9.247580e+00  8.797500e+00  8.385490e+00  8.009610e+00  
7.669060e+00  7.363270e+00  7.091700e+00  6.853450e+00  6.647150e+00  6.470750e+00  
6.320350e+00  6.191320e+00  6.077790e+00  5.965360e+00  5.832600e+00  5.645880e+00  
5.331600e+00  5.071070e+00  4.652770e+00  4.050190e+00  2.761330e+00  2.213930e+00  
1.693570e+00  1.627840e+00  1.586300e+00  1.577190e+00  1.572850e+00  1.576210e+00  
1.048283e+01  9.745010e+00  9.259800e+00  8.815310e+00  8.408940e+00  8.038920e+00  
7.704490e+00  7.405150e+00  7.140410e+00  6.909600e+00  6.711690e+00  6.545080e+00  
6.406470e+00  6.291840e+00  6.195750e+00  6.104010e+00  5.994750e+00  5.832490e+00  
5.543770e+00  5.300330e+00  4.908140e+00  4.329200e+00  2.993010e+00  2.368280e+00  
1.724180e+00  1.638790e+00  1.586540e+00  1.576110e+00  1.570160e+00  1.573330e+00  
1.047057e+01  9.749150e+00  9.272670e+00  8.836450e+00  8.438240e+00  8.076580e+00  
7.750820e+00  7.460580e+00  7.205610e+00  6.985490e+00  6.799680e+00  6.646980e+00  
6.524700e+00  6.429840e+00  6.358520e+00  6.298870e+00  6.231170e+00  6.119590e+00  
5.892360e+00  5.687340e+00  5.344290e+00  4.818660e+00  3.462260e+00  2.707180e+00  
1.802570e+00  1.669440e+00  1.585010e+00  1.573900e+00  1.565710e+00  1.569490e+00  
1.045330e+01  9.749560e+00  9.277970e+00  8.846210e+00  8.452300e+00  8.095010e+00  
7.773730e+00  7.488160e+00  7.238300e+00  7.023820e+00  6.844380e+00  6.698920e+00  
6.585040e+00  6.500280e+00  6.442080e+00  6.400850e+00  6.359690e+00  6.285430e+00  
6.109840e+00  5.936920e+00  5.630220e+00  5.146520e+00  3.822280e+00  2.993650e+00  
1.882250e+00  1.705900e+00  1.586090e+00  1.573970e+00  1.563120e+00  1.567590e+00  
1.043150e+01  9.757420e+00  9.284770e+00  8.854040e+00  8.463100e+00  8.110460e+00  
7.795110e+00  7.516240e+00  7.273320e+00  7.065880e+00  6.893400e+00  6.754540e+00  
6.646390e+00  6.567390e+00  6.519530e+00  6.502580e+00  6.506590e+00  6.488700e+00  
6.373890e+00  6.242590e+00  6.002360e+00  5.586520e+00  4.321580e+00  3.464770e+00  
2.043470e+00  1.788870e+00  1.595710e+00  1.579250e+00  1.559820e+00  1.565670e+00  
1.040382e+01  9.760590e+00  9.289930e+00  8.861060e+00  8.471990e+00  8.121310e+00  
7.808060e+00  7.531500e+00  7.291160e+00  7.086650e+00  6.917500e+00  6.782580e+00  
6.679160e+00  6.606050e+00  6.566130e+00  6.560700e+00  6.582770e+00  6.595740e+00  
6.532060e+00  6.433960e+00  6.229470e+00  5.859770e+00  4.697500e+00  3.820150e+00  
2.193540e+00  1.877800e+00  1.611370e+00  1.585390e+00  1.558870e+00  1.564700e+00  
1.038447e+01  9.763060e+00  9.293400e+00  8.865540e+00  8.477530e+00  8.128030e+00  
7.816090e+00  7.541020e+00  7.302370e+00  7.099790e+00  6.932860e+00  6.800520e+00  
6.700130e+00  6.630730e+00  6.595730e+00  6.597510e+00  6.631200e+00  6.664790e+00  
6.636870e+00  6.563090e+00  6.386430e+00  6.054020e+00  4.981820e+00  4.103870e+00  
2.335460e+00  1.966410e+00  1.628460e+00  1.591840e+00  1.558720e+00  1.564130e+00  
1.035263e+01  9.756950e+00  9.295250e+00  8.872450e+00  8.487110e+00  8.138450e+00  
7.826090e+00  7.550040e+00  7.310610e+00  7.107850e+00  6.941770e+00  6.812020e+00  
6.717040e+00  6.655800e+00  6.628580e+00  6.630540e+00  6.654710e+00  6.690820e+00  
6.704310e+00  6.663760e+00  6.513160e+00  6.197720e+00  5.194550e+00  4.344930e+00  
2.473340e+00  2.049970e+00  1.643880e+00  1.600660e+00  1.559330e+00  1.563740e+00  
1.033420e+01  9.758000e+00  9.297560e+00  8.875980e+00  8.491890e+00  8.144600e+00  
7.833690e+00  7.559190e+00  7.321420e+00  7.120540e+00  6.956620e+00  6.829500e+00  
6.737840e+00  6.680870e+00  6.659010e+00  6.667570e+00  6.700680e+00  6.752050e+00  
6.795990e+00  6.783040e+00  6.677000e+00  6.415630e+00  5.510490e+00  4.705990e+00  
2.730580e+00  2.215290e+00  1.677600e+00  1.614700e+00  1.560080e+00  1.563260e+00  
1.032232e+01  9.759830e+00  9.299950e+00  8.878000e+00  8.493520e+00  8.146420e+00  
7.836440e+00  7.563620e+00  7.328210e+00  7.129880e+00  6.967970e+00  6.841960e+00  
6.751450e+00  6.696450e+00  6.677640e+00  6.690700e+00  6.730700e+00  6.793920e+00  
6.853220e+00  6.850410e+00  6.775230e+00  6.580810e+00  5.772180e+00  4.935570e+00  
2.948650e+00  2.385710e+00  1.717110e+00  1.611560e+00  1.574230e+00  1.562970e+00  
1.030393e+01  9.758650e+00  9.300010e+00  8.880210e+00  8.498070e+00  8.152870e+00  
7.844260e+00  7.572210e+00  7.337120e+00  7.139210e+00  6.978760e+00  6.855800e+00  
6.769340e+00  6.718980e+00  6.705490e+00  6.724620e+00  6.771570e+00  6.843290e+00  
6.927650e+00  6.958520e+00  6.939140e+00  6.798210e+00  6.108940e+00  5.438280e+00  
3.437220e+00  2.707540e+00  1.798200e+00  1.666230e+00  1.568500e+00  1.562590e+00  
1.029297e+01  9.760610e+00  9.302370e+00  8.881600e+00  8.498400e+00  8.153050e+00  
7.845190e+00  7.574610e+00  7.341310e+00  7.145140e+00  6.985770e+00  6.863130e+00  
6.777130e+00  6.728130e+00  6.716880e+00  6.738830e+00  6.789700e+00  6.869970e+00  
6.972320e+00  7.016700e+00  7.015860e+00  6.910400e+00  6.362320e+00  5.784880e+00  
3.777610e+00  2.979020e+00  1.890890e+00  1.698910e+00  1.593390e+00  1.562400e+00  
1.028184e+01  9.760950e+00  9.303490e+00  8.883330e+00  8.500590e+00  8.155500e+00  
7.847750e+00  7.577250e+00  7.344170e+00  7.148560e+00  6.990380e+00  6.869420e+00  
6.784670e+00  6.736030e+00  6.725380e+00  6.750840e+00  6.810100e+00  6.900490e+00  
7.010460e+00  7.064490e+00  7.104350e+00  7.069400e+00  6.624170e+00  6.148360e+00  
4.363850e+00  3.446370e+00  2.048370e+00  1.782880e+00  1.599470e+00  1.562210e+00  
1.027680e+01  9.761190e+00  9.303710e+00  8.883760e+00  8.501310e+00  8.156520e+00  
7.849110e+00  7.579110e+00  7.346690e+00  7.151610e+00  6.993330e+00  6.871730e+00  
6.787020e+00  6.739950e+00  6.731760e+00  6.758860e+00  6.818050e+00  6.910650e+00  
7.036630e+00  7.104930e+00  7.145630e+00  7.102980e+00  6.799480e+00  6.493740e+00  
4.714320e+00  3.740700e+00  2.204980e+00  1.889290e+00  1.620900e+00  1.562120e+00  
1.029057e+01  9.766960e+00  9.303070e+00  8.880510e+00  8.497820e+00  8.153900e+00  
7.847910e+00  7.579340e+00  7.347910e+00  7.153590e+00  6.996220e+00  6.875230e+00  
6.788630e+00  6.736470e+00  6.724000e+00  6.756830e+00  6.836230e+00  6.942530e+00  
7.051170e+00  7.106760e+00  7.163700e+00  7.179900e+00  6.920970e+00  6.562650e+00  
5.038820e+00  4.080670e+00  2.350360e+00  1.953520e+00  1.635330e+00  1.562060e+00  
1.028802e+01  9.767030e+00  9.303300e+00  8.880860e+00  8.498300e+00  8.154510e+00  
7.848670e+00  7.580260e+00  7.349030e+00  7.154890e+00  6.997750e+00  6.877050e+00  
6.790790e+00  6.739030e+00  6.727070e+00  6.760560e+00  6.840830e+00  6.948300e+00  
7.059260e+00  7.117680e+00  7.181330e+00  7.210840e+00  6.999900e+00  6.686010e+00  
5.262700e+00  4.310920e+00  2.489570e+00  2.041050e+00  1.652760e+00  1.562020e+00  
1.026750e+01  9.761460e+00  9.304360e+00  8.884840e+00  8.502860e+00  8.158590e+00  
7.851730e+00  7.582250e+00  7.350360e+00  7.155890e+00  6.998440e+00  6.877940e+00  
6.794450e+00  6.748690e+00  6.742100e+00  6.771510e+00  6.834210e+00  6.931900e+00  
7.065390e+00  7.142980e+00  7.213730e+00  7.231970e+00  7.082520e+00  6.908810e+00  
5.582370e+00  4.617710e+00  2.738170e+00  2.242060e+00  1.679070e+00  1.561960e+00  
1.026430e+01  9.761130e+00  9.304480e+00  8.885070e+00  8.503000e+00  8.158560e+00  
7.851490e+00  7.581830e+00  7.349850e+00  7.155470e+00  6.998480e+00  6.878690e+00  
6.795600e+00  6.749480e+00  6.741990e+00  6.770570e+00  6.833660e+00  6.934730e+00  
7.070240e+00  7.145980e+00  7.225630e+00  7.275270e+00  7.160370e+00  6.939500e+00  
5.797740e+00  4.933120e+00  2.968420e+00  2.380000e+00  1.717400e+00  1.561920e+00  
