7.560000e-01  7.883800e-01  8.213300e-01  8.550500e-01  8.896100e-01  9.251200e-01  
9.618400e-01  1.000160e+00  1.040690e+00  1.083820e+00  1.129940e+00  1.179650e+00  
1.233840e+00  1.292370e+00  1.351780e+00  1.403370e+00  1.438470e+00  1.460520e+00  
1.475190e+00  1.480800e+00  1.489420e+00  1.497520e+00  1.494540e+00  1.493090e+00  
1.493500e+00  1.493560e+00  1.493310e+00  1.493370e+00  1.493230e+00  1.493310e+00  
1.063430e+00  1.101100e+00  1.140320e+00  1.181510e+00  1.224790e+00  1.270250e+00  
1.317990e+00  1.368070e+00  1.420540e+00  1.475380e+00  1.532410e+00  1.591310e+00  
1.651480e+00  1.711950e+00  1.771260e+00  1.826980e+00  1.875000e+00  1.908290e+00  
1.918240e+00  1.915480e+00  1.917320e+00  1.924420e+00  1.925860e+00  1.924110e+00  
1.924990e+00  1.925450e+00  1.925330e+00  1.925190e+00  1.925500e+00  1.925250e+00  
1.335920e+00  1.383020e+00  1.431500e+00  1.481870e+00  1.534190e+00  1.588440e+00  
1.644600e+00  1.702600e+00  1.762300e+00  1.823530e+00  1.885910e+00  1.948930e+00  
2.011850e+00  2.073610e+00  2.132700e+00  2.187070e+00  2.234170e+00  2.271700e+00  
2.293370e+00  2.292930e+00  2.280640e+00  2.265210e+00  2.282630e+00  2.300340e+00  
2.293780e+00  2.289780e+00  2.290450e+00  2.291440e+00  2.289170e+00  2.290670e+00  
1.826740e+00  1.889460e+00  1.952390e+00  2.016140e+00  2.080570e+00  2.145450e+00  
2.210550e+00  2.275640e+00  2.340500e+00  2.404920e+00  2.468800e+00  2.532130e+00  
2.595500e+00  2.658830e+00  2.719790e+00  2.773850e+00  2.815790e+00  2.843320e+00  
2.857730e+00  2.862780e+00  2.868580e+00  2.874270e+00  2.879490e+00  2.879860e+00  
2.878620e+00  2.878400e+00  2.878540e+00  2.878620e+00  2.878570e+00  2.878560e+00  
2.240370e+00  2.322470e+00  2.401170e+00  2.477100e+00  2.549910e+00  2.619480e+00  
2.686060e+00  2.750500e+00  2.814110e+00  2.877000e+00  2.938940e+00  2.999580e+00  
3.058910e+00  3.116450e+00  3.170380e+00  3.217700e+00  3.255420e+00  3.283400e+00  
3.301660e+00  3.307800e+00  3.316600e+00  3.326620e+00  3.334350e+00  3.334870e+00  
3.331920e+00  3.331440e+00  3.331810e+00  3.331830e+00  3.331940e+00  3.331870e+00  
2.601560e+00  2.700990e+00  2.793020e+00  2.878190e+00  2.956040e+00  3.026640e+00  
3.090850e+00  3.150850e+00  3.209680e+00  3.267810e+00  3.324950e+00  3.380380e+00  
3.433450e+00  3.483370e+00  3.529150e+00  3.569940e+00  3.604770e+00  3.632710e+00  
3.652790e+00  3.660800e+00  3.672100e+00  3.684890e+00  3.695770e+00  3.695820e+00  
3.692070e+00  3.691380e+00  3.691770e+00  3.692000e+00  3.691870e+00  3.691940e+00  
2.922010e+00  3.035710e+00  3.138180e+00  3.229890e+00  3.310290e+00  3.379620e+00  
3.439390e+00  3.492940e+00  3.544910e+00  3.596160e+00  3.646440e+00  3.695050e+00  
3.741200e+00  3.784110e+00  3.823100e+00  3.857880e+00  3.888240e+00  3.914300e+00  
3.936410e+00  3.946960e+00  3.960760e+00  3.975130e+00  3.987440e+00  3.987710e+00  
3.983650e+00  3.982870e+00  3.983310e+00  3.983560e+00  3.983390e+00  3.983530e+00  
3.468180e+00  3.603250e+00  3.719590e+00  3.817750e+00  3.897140e+00  3.958580e+00  
4.004990e+00  4.042160e+00  4.077790e+00  4.113570e+00  4.149170e+00  4.183800e+00  
4.216080e+00  4.244990e+00  4.270560e+00  4.293990e+00  4.316730e+00  4.339860e+00  
4.364850e+00  4.378740e+00  4.394790e+00  4.409400e+00  4.422790e+00  4.424270e+00  
4.420800e+00  4.420210e+00  4.420770e+00  4.420780e+00  4.420960e+00  4.420920e+00  
3.925510e+00  4.069940e+00  4.190350e+00  4.287550e+00  4.361070e+00  4.412170e+00  
4.444610e+00  4.465640e+00  4.484640e+00  4.503830e+00  4.523200e+00  4.542430e+00  
4.560740e+00  4.577690e+00  4.593440e+00  4.608780e+00  4.625020e+00  4.644350e+00  
4.669540e+00  4.684550e+00  4.700210e+00  4.712940e+00  4.726300e+00  4.728610e+00  
4.727340e+00  4.727060e+00  4.727520e+00  4.727520e+00  4.727660e+00  4.727660e+00  
4.815700e+00  4.957350e+00  5.066520e+00  5.145410e+00  5.194060e+00  5.214670e+00  
5.212350e+00  5.196140e+00  5.177480e+00  5.159380e+00  5.142700e+00  5.128370e+00  
5.117390e+00  5.110690e+00  5.107970e+00  5.107550e+00  5.108860e+00  5.116680e+00  
5.136440e+00  5.149620e+00  5.159190e+00  5.163130e+00  5.172330e+00  5.176290e+00  
5.181980e+00  5.182740e+00  5.182770e+00  5.182770e+00  5.182760e+00  5.182820e+00  
5.480000e+00  5.600200e+00  5.683680e+00  5.734330e+00  5.752880e+00  5.742270e+00  
5.708380e+00  5.660930e+00  5.611920e+00  5.564790e+00  5.520900e+00  5.481670e+00  
5.449110e+00  5.424570e+00  5.407120e+00  5.393030e+00  5.380170e+00  5.375000e+00  
5.384590e+00  5.392530e+00  5.393380e+00  5.387230e+00  5.389590e+00  5.394210e+00  
5.406380e+00  5.408160e+00  5.407700e+00  5.407720e+00  5.407520e+00  5.407650e+00  
6.419280e+00  6.520750e+00  6.547610e+00  6.518800e+00  6.454450e+00  6.376230e+00  
6.291220e+00  6.205160e+00  6.123850e+00  6.046380e+00  5.968020e+00  5.888450e+00  
5.817960e+00  5.763720e+00  5.722880e+00  5.685560e+00  5.645530e+00  5.616500e+00  
5.605150e+00  5.597190e+00  5.580350e+00  5.559820e+00  5.548670e+00  5.551940e+00  
5.571070e+00  5.574050e+00  5.573090e+00  5.572640e+00  5.572650e+00  5.572710e+00  
7.108300e+00  7.141870e+00  7.107510e+00  7.025130e+00  6.912090e+00  6.786910e+00  
6.656970e+00  6.529220e+00  6.410700e+00  6.301380e+00  6.197610e+00  6.097970e+00  
6.008450e+00  5.932680e+00  5.868580e+00  5.809250e+00  5.750280e+00  5.700700e+00  
5.664810e+00  5.645440e+00  5.617730e+00  5.588860e+00  5.568450e+00  5.569250e+00  
5.586530e+00  5.589270e+00  5.588150e+00  5.587670e+00  5.587660e+00  5.587730e+00  
7.636500e+00  7.617200e+00  7.530400e+00  7.398670e+00  7.240120e+00  7.073590e+00  
6.906270e+00  6.744670e+00  6.595690e+00  6.459890e+00  6.335080e+00  6.219160e+00  
6.113800e+00  6.019450e+00  5.935110e+00  5.857350e+00  5.783740e+00  5.717450e+00  
5.659760e+00  5.631030e+00  5.597200e+00  5.566080e+00  5.540430e+00  5.538020e+00  
5.547480e+00  5.549050e+00  5.548070e+00  5.547710e+00  5.547690e+00  5.547760e+00  
8.059770e+00  8.001650e+00  7.870490e+00  7.693310e+00  7.491930e+00  7.288170e+00  
7.088930e+00  6.899090e+00  6.724300e+00  6.565640e+00  6.422160e+00  6.291500e+00  
6.171660e+00  6.060820e+00  5.958900e+00  5.865620e+00  5.780150e+00  5.699980e+00  
5.623510e+00  5.587140e+00  5.550200e+00  5.520380e+00  5.492090e+00  5.486250e+00  
5.485030e+00  5.484990e+00  5.484320e+00  5.484160e+00  5.484100e+00  5.484170e+00  
8.706760e+00  8.586520e+00  8.379590e+00  8.122540e+00  7.845810e+00  7.578370e+00  
7.326350e+00  7.091690e+00  6.877040e+00  6.682740e+00  6.506710e+00  6.346060e+00  
6.197850e+00  6.060460e+00  5.933270e+00  5.815850e+00  5.706880e+00  5.602290e+00  
5.499610e+00  5.451520e+00  5.409350e+00  5.381820e+00  5.351660e+00  5.338980e+00  
5.320250e+00  5.317460e+00  5.317130e+00  5.317460e+00  5.317000e+00  5.317300e+00  
9.180200e+00  9.008270e+00  8.736580e+00  8.410680e+00  8.069810e+00  7.749650e+00  
7.455270e+00  7.185840e+00  6.940730e+00  6.719060e+00  6.517390e+00  6.332100e+00  
6.160170e+00  6.000220e+00  5.851620e+00  5.713500e+00  5.584440e+00  5.460610e+00  
5.340140e+00  5.284160e+00  5.235550e+00  5.204810e+00  5.172180e+00  5.155960e+00  
5.128380e+00  5.124080e+00  5.123820e+00  5.124430e+00  5.123640e+00  5.124140e+00  
1.010179e+01  9.618370e+00  9.151710e+00  8.715260e+00  8.307130e+00  7.925780e+00  
7.569970e+00  7.239410e+00  6.933910e+00  6.652600e+00  6.393850e+00  6.155390e+00  
5.934570e+00  5.730220e+00  5.543480e+00  5.373540e+00  5.217960e+00  5.065110e+00  
4.905600e+00  4.827700e+00  4.759980e+00  4.716240e+00  4.667370e+00  4.651000e+00  
4.629650e+00  4.626690e+00  4.626100e+00  4.626100e+00  4.626210e+00  4.625980e+00  
1.057550e+01  9.966380e+00  9.391910e+00  8.862460e+00  8.374170e+00  7.924490e+00  
7.511000e+00  7.132060e+00  6.786760e+00  6.472470e+00  6.185860e+00  5.922920e+00  
5.678320e+00  5.448660e+00  5.235140e+00  5.037120e+00  4.852550e+00  4.673210e+00  
4.492770e+00  4.404730e+00  4.322230e+00  4.261390e+00  4.196340e+00  4.181600e+00  
4.177410e+00  4.177450e+00  4.175830e+00  4.175510e+00  4.175260e+00  4.175080e+00  
1.111824e+01  1.032562e+01  9.600360e+00  8.943070e+00  8.345880e+00  7.804330e+00  
7.315110e+00  6.873730e+00  6.476520e+00  6.119070e+00  5.795920e+00  5.500780e+00  
5.225340e+00  4.963850e+00  4.716550e+00  4.483970e+00  4.263460e+00  4.048880e+00  
3.837140e+00  3.735690e+00  3.642070e+00  3.573880e+00  3.499140e+00  3.480990e+00  
3.474570e+00  3.474430e+00  3.472620e+00  3.472320e+00  3.471910e+00  3.471650e+00  
1.142176e+01  1.049608e+01  9.670670e+00  8.933160e+00  8.272280e+00  7.679910e+00  
7.150650e+00  6.676820e+00  6.251080e+00  5.867400e+00  5.519410e+00  5.199610e+00  
4.898250e+00  4.608950e+00  4.332950e+00  4.073330e+00  3.831280e+00  3.602710e+00  
3.386490e+00  3.284120e+00  3.184870e+00  3.108720e+00  3.033560e+00  3.014200e+00  
2.996850e+00  2.994720e+00  2.993350e+00  2.993150e+00  2.993040e+00  2.992920e+00  
1.163362e+01  1.061159e+01  9.717100e+00  8.924160e+00  8.219780e+00  7.592650e+00  
7.034600e+00  6.535560e+00  6.085650e+00  5.678300e+00  5.307720e+00  4.967290e+00  
4.648720e+00  4.346370e+00  4.060200e+00  3.790900e+00  3.538810e+00  3.300220e+00  
3.074320e+00  2.967270e+00  2.863890e+00  2.784900e+00  2.706990e+00  2.686860e+00  
2.668180e+00  2.665820e+00  2.664370e+00  2.664190e+00  2.664070e+00  2.664590e+00  
1.178288e+01  1.069223e+01  9.750900e+00  8.919780e+00  8.185380e+00  7.534430e+00  
6.956090e+00  6.438530e+00  5.970460e+00  5.545230e+00  5.157550e+00  4.801660e+00  
4.470540e+00  4.159130e+00  3.866300e+00  3.590760e+00  3.331670e+00  3.086660e+00  
2.854750e+00  2.744330e+00  2.636610e+00  2.553360e+00  2.472240e+00  2.452060e+00  
2.435030e+00  2.432900e+00  2.431270e+00  2.431090e+00  2.430910e+00  2.431820e+00  
1.197972e+01  1.079906e+01  9.800330e+00  8.922830e+00  8.152290e+00  7.473550e+00  
6.871590e+00  6.332200e+00  5.842620e+00  5.396300e+00  4.988400e+00  4.613900e+00  
4.266950e+00  3.942980e+00  3.639810e+00  3.354440e+00  3.084550e+00  2.829010e+00  
2.585790e+00  2.468790e+00  2.353620e+00  2.263570e+00  2.175840e+00  2.154690e+00  
2.138900e+00  2.137020e+00  2.135170e+00  2.134980e+00  2.134730e+00  2.135070e+00  
1.210192e+01  1.086763e+01  9.838160e+00  8.936790e+00  8.148650e+00  7.456780e+00  
6.844130e+00  6.295180e+00  5.796490e+00  5.341370e+00  4.924860e+00  4.541720e+00  
4.185920e+00  3.852780e+00  3.540300e+00  3.245760e+00  2.966580e+00  2.700210e+00  
2.443940e+00  2.319460e+00  2.197210e+00  2.101640e+00  2.006780e+00  1.983400e+00  
1.965510e+00  1.963440e+00  1.961530e+00  1.961300e+00  1.961080e+00  1.960160e+00  
1.225331e+01  1.096580e+01  9.914370e+00  8.996340e+00  8.198080e+00  7.496650e+00  
6.875770e+00  6.319870e+00  5.815780e+00  5.356110e+00  4.934890e+00  4.545490e+00  
4.180010e+00  3.832940e+00  3.503390e+00  3.190640e+00  2.892240e+00  2.601080e+00  
2.311410e+00  2.165960e+00  2.019590e+00  1.902360e+00  1.785950e+00  1.756320e+00  
1.732320e+00  1.729510e+00  1.727230e+00  1.726920e+00  1.726690e+00  1.725770e+00  
1.230550e+01  1.101652e+01  9.976750e+00  9.067550e+00  8.276130e+00  7.577050e+00  
6.956480e+00  6.400660e+00  5.897890e+00  5.440400e+00  5.021280e+00  4.632660e+00  
4.264960e+00  3.911680e+00  3.572430e+00  3.247440e+00  2.934100e+00  2.622440e+00  
2.301820e+00  2.134790e+00  1.958380e+00  1.811260e+00  1.670390e+00  1.636090e+00  
1.608400e+00  1.604920e+00  1.601890e+00  1.601560e+00  1.601220e+00  1.603170e+00  
1.231988e+01  1.105466e+01  1.005799e+01  9.188050e+00  8.425520e+00  7.747100e+00  
7.140720e+00  6.594200e+00  6.097130e+00  5.642730e+00  5.225090e+00  4.837420e+00  
4.471380e+00  4.120150e+00  3.780130e+00  3.445950e+00  3.110230e+00  2.761260e+00  
2.382980e+00  2.175460e+00  1.947240e+00  1.746400e+00  1.545850e+00  1.503720e+00  
1.476200e+00  1.472590e+00  1.466750e+00  1.465600e+00  1.466120e+00  1.472710e+00  
1.226092e+01  1.105815e+01  1.012277e+01  9.297420e+00  8.560800e+00  7.896870e+00  
7.298070e+00  6.756980e+00  6.267130e+00  5.821940e+00  5.414390e+00  5.036240e+00  
4.676930e+00  4.328170e+00  3.986470e+00  3.646760e+00  3.299540e+00  2.925430e+00  
2.499510e+00  2.257780e+00  1.988430e+00  1.747130e+00  1.488080e+00  1.427700e+00  
1.404460e+00  1.403070e+00  1.394080e+00  1.391700e+00  1.393870e+00  1.401840e+00  
1.222306e+01  1.104729e+01  1.015247e+01  9.361740e+00  8.651870e+00  8.009370e+00  
7.427660e+00  6.900030e+00  6.420690e+00  5.983660e+00  5.582450e+00  5.209340e+00  
4.854270e+00  4.509030e+00  4.169480e+00  3.829300e+00  3.476500e+00  3.086190e+00  
2.625550e+00  2.355950e+00  2.047990e+00  1.767530e+00  1.458070e+00  1.383500e+00  
1.359810e+00  1.359290e+00  1.348060e+00  1.344930e+00  1.348140e+00  1.355790e+00  
1.218353e+01  1.103166e+01  1.017300e+01  9.411480e+00  8.725010e+00  8.101480e+00  
7.535130e+00  7.019900e+00  6.550510e+00  6.121470e+00  5.726800e+00  5.359230e+00  
5.009180e+00  4.668520e+00  4.332650e+00  3.994190e+00  3.639020e+00  3.237500e+00  
2.749590e+00  2.456840e+00  2.115910e+00  1.800280e+00  1.444200e+00  1.355650e+00  
1.329280e+00  1.329230e+00  1.316220e+00  1.312500e+00  1.316510e+00  1.323060e+00  
1.211170e+01  1.099913e+01  1.019967e+01  9.484300e+00  8.836050e+00  8.244070e+00  
7.703830e+00  7.210190e+00  6.758710e+00  6.344670e+00  5.962830e+00  5.606680e+00  
5.267430e+00  4.937230e+00  4.610740e+00  4.279080e+00  3.924740e+00  3.510310e+00  
2.983080e+00  2.654260e+00  2.259280e+00  1.882800e+00  1.442720e+00  1.327440e+00  
1.290680e+00  1.290490e+00  1.274880e+00  1.270390e+00  1.275380e+00  1.279340e+00  
1.205386e+01  1.097159e+01  1.021632e+01  9.535610e+00  8.916670e+00  8.349490e+00  
7.830340e+00  7.354650e+00  6.918590e+00  6.518000e+00  6.148170e+00  5.803120e+00  
5.474670e+00  5.155180e+00  4.838920e+00  4.515970e+00  4.166410e+00  3.746990e+00  
3.194450e+00  2.839400e+00  2.402320e+00  1.974930e+00  1.460050e+00  1.319550e+00  
1.267750e+00  1.266380e+00  1.249040e+00  1.244130e+00  1.249480e+00  1.251280e+00  
1.202226e+01  1.096415e+01  1.025659e+01  9.617340e+00  9.036540e+00  8.505500e+00  
8.020830e+00  7.578360e+00  7.174440e+00  6.805020e+00  6.465270e+00  6.148810e+00  
5.846450e+00  5.549940e+00  5.254300e+00  4.950930e+00  4.622230e+00  4.228260e+00  
3.682680e+00  3.289040e+00  2.739300e+00  2.171280e+00  1.524560e+00  1.350440e+00  
1.244320e+00  1.231220e+00  1.211930e+00  1.210210e+00  1.207190e+00  1.211110e+00  
1.196332e+01  1.093706e+01  1.027015e+01  9.666060e+00  9.115920e+00  8.612450e+00  
8.152700e+00  7.733160e+00  7.350610e+00  7.001540e+00  6.681600e+00  6.384890e+00  
6.102710e+00  5.827070e+00  5.552880e+00  5.270950e+00  4.961890e+00  4.580480e+00  
4.030170e+00  3.621150e+00  3.036910e+00  2.407510e+00  1.619990e+00  1.389010e+00  
1.233800e+00  1.215130e+00  1.192870e+00  1.190370e+00  1.187420e+00  1.189650e+00  
1.185208e+01  1.088107e+01  1.027687e+01  9.725240e+00  9.219520e+00  8.754320e+00  
8.327700e+00  7.937280e+00  7.580940e+00  7.256390e+00  6.960760e+00  6.690070e+00  
6.438180e+00  6.198840e+00  5.966410e+00  5.729430e+00  5.461480e+00  5.098200e+00  
4.525800e+00  4.095870e+00  3.492340e+00  2.816660e+00  1.841110e+00  1.511490e+00  
1.226410e+00  1.193980e+00  1.176800e+00  1.172690e+00  1.157440e+00  1.167240e+00  
1.184516e+01  1.088307e+01  1.029645e+01  9.761350e+00  9.272070e+00  8.823830e+00  
8.414770e+00  8.042680e+00  7.705610e+00  7.401360e+00  7.127130e+00  6.878960e+00  
6.650410e+00  6.435240e+00  6.228570e+00  6.019940e+00  5.784290e+00  5.458220e+00  
4.922000e+00  4.500490e+00  3.881850e+00  3.152340e+00  2.022260e+00  1.620070e+00  
1.245600e+00  1.195540e+00  1.163340e+00  1.158830e+00  1.146730e+00  1.155680e+00  
1.184273e+01  1.089497e+01  1.032249e+01  9.797710e+00  9.316430e+00  8.875050e+00  
8.472630e+00  8.108100e+00  7.780650e+00  7.488640e+00  7.229690e+00  7.000370e+00  
6.794900e+00  6.606290e+00  6.425500e+00  6.233300e+00  6.002510e+00  5.693270e+00  
5.212000e+00  4.831980e+00  4.249140e+00  3.496500e+00  2.180220e+00  1.702450e+00  
1.261550e+00  1.201510e+00  1.158620e+00  1.152320e+00  1.149000e+00  1.148660e+00  
1.183899e+01  1.089902e+01  1.033428e+01  9.817160e+00  9.343530e+00  8.910190e+00  
8.516230e+00  8.160560e+00  7.842510e+00  7.560540e+00  7.312500e+00  7.095210e+00  
6.903160e+00  6.729740e+00  6.566800e+00  6.396220e+00  6.190830e+00  5.907280e+00  
5.449360e+00  5.081980e+00  4.513710e+00  3.759380e+00  2.351800e+00  1.803870e+00  
1.279950e+00  1.207180e+00  1.155730e+00  1.148230e+00  1.144330e+00  1.143970e+00  
1.183197e+01  1.090645e+01  1.035234e+01  9.845110e+00  9.381220e+00  8.958130e+00  
8.575220e+00  8.231620e+00  7.926990e+00  7.659910e+00  7.428330e+00  7.228980e+00  
7.056110e+00  6.903380e+00  6.764260e+00  6.623340e+00  6.456090e+00  6.219600e+00  
5.817980e+00  5.481910e+00  4.941680e+00  4.183560e+00  2.649810e+00  2.004860e+00  
1.324070e+00  1.221790e+00  1.151970e+00  1.146070e+00  1.135680e+00  1.138070e+00  
1.182796e+01  1.091280e+01  1.036494e+01  9.864130e+00  9.406750e+00  8.990610e+00  
8.615050e+00  8.279150e+00  7.982530e+00  7.724050e+00  7.502030e+00  7.313720e+00  
7.154050e+00  7.017470e+00  6.898160e+00  6.781470e+00  6.643660e+00  6.442250e+00  
6.083650e+00  5.774750e+00  5.266990e+00  4.527300e+00  2.918310e+00  2.186230e+00  
1.368000e+00  1.241550e+00  1.152040e+00  1.144210e+00  1.131330e+00  1.134460e+00  
1.181612e+01  1.092283e+01  1.038568e+01  9.894720e+00  9.447080e+00  9.040850e+00  
8.675240e+00  8.349490e+00  8.063300e+00  7.816050e+00  7.606640e+00  7.433370e+00  
7.292610e+00  7.180510e+00  7.093290e+00  7.019180e+00  6.936930e+00  6.803640e+00  
6.526970e+00  6.267480e+00  5.818970e+00  5.139950e+00  3.489430e+00  2.589850e+00  
1.471970e+00  1.294930e+00  1.158780e+00  1.142720e+00  1.130030e+00  1.129560e+00  
1.181115e+01  1.093433e+01  1.039717e+01  9.908130e+00  9.464200e+00  9.063280e+00  
8.704120e+00  8.385620e+00  8.106970e+00  7.867490e+00  7.666000e+00  7.500600e+00  
7.367330e+00  7.263370e+00  7.189400e+00  7.142530e+00  7.107260e+00  7.028000e+00  
6.803060e+00  6.579380e+00  6.192360e+00  5.567720e+00  3.901700e+00  2.941760e+00  
1.581130e+00  1.351460e+00  1.166700e+00  1.146480e+00  1.127170e+00  1.127090e+00  
1.175940e+01  1.093955e+01  1.040836e+01  9.924630e+00  9.485840e+00  9.090160e+00  
8.736390e+00  8.423650e+00  8.151300e+00  7.918850e+00  7.725480e+00  7.569670e+00  
7.448040e+00  7.358730e+00  7.303850e+00  7.283060e+00  7.285390e+00  7.263430e+00  
7.127650e+00  6.964710e+00  6.652190e+00  6.113150e+00  4.540180e+00  3.491850e+00  
1.784970e+00  1.469420e+00  1.188020e+00  1.154680e+00  1.125250e+00  1.124620e+00  
1.171593e+01  1.094221e+01  1.041349e+01  9.932190e+00  9.495840e+00  9.102750e+00  
8.751810e+00  8.442230e+00  8.173370e+00  7.944850e+00  7.756010e+00  7.605510e+00  
7.490180e+00  7.408610e+00  7.363800e+00  7.357030e+00  7.380330e+00  7.392460e+00  
7.313610e+00  7.191630e+00  6.932340e+00  6.461190e+00  4.998330e+00  3.917790e+00  
1.974100e+00  1.584480e+00  1.211360e+00  1.164100e+00  1.125160e+00  1.123390e+00  
1.166276e+01  1.093723e+01  1.041837e+01  9.941820e+00  9.507250e+00  9.114830e+00  
8.764050e+00  8.454550e+00  8.186290e+00  7.959110e+00  7.772800e+00  7.626670e+00  
7.518790e+00  7.447800e+00  7.413570e+00  7.410130e+00  7.427960e+00  7.449970e+00  
7.427280e+00  7.350420e+00  7.133820e+00  6.703840e+00  5.343050e+00  4.263870e+00  
2.149580e+00  1.695010e+00  1.235400e+00  1.174540e+00  1.125460e+00  1.122660e+00  
1.164043e+01  1.093782e+01  1.042012e+01  9.944860e+00  9.511500e+00  9.120160e+00  
8.770450e+00  8.462140e+00  8.195350e+00  7.969920e+00  7.785600e+00  7.641740e+00  
7.536530e+00  7.468930e+00  7.439130e+00  7.441830e+00  7.468720e+00  7.505160e+00  
7.509040e+00  7.455720e+00  7.276850e+00  6.892880e+00  5.608770e+00  4.551700e+00  
2.317830e+00  1.800170e+00  1.259450e+00  1.184660e+00  1.127050e+00  1.122170e+00  
1.161244e+01  1.093865e+01  1.042248e+01  9.948630e+00  9.516780e+00  9.126950e+00  
8.778790e+00  8.472190e+00  8.207330e+00  7.984110e+00  7.802260e+00  7.661240e+00  
7.559470e+00  7.496160e+00  7.472050e+00  7.482680e+00  7.521400e+00  7.576790e+00  
7.615530e+00  7.594280e+00  7.471630e+00  7.161100e+00  6.005360e+00  5.002380e+00  
2.628850e+00  1.997980e+00  1.307370e+00  1.205320e+00  1.131200e+00  1.121550e+00  
1.159473e+01  1.093927e+01  1.042392e+01  9.950900e+00  9.519930e+00  9.131090e+00  
8.783990e+00  8.478530e+00  8.214870e+00  7.992950e+00  7.812550e+00  7.673260e+00  
7.573580e+00  7.512870e+00  7.492230e+00  7.507750e+00  7.553840e+00  7.621110e+00  
7.681640e+00  7.681110e+00  7.598100e+00  7.343320e+00  6.291590e+00  5.344450e+00  
2.904680e+00  2.179600e+00  1.354670e+00  1.226830e+00  1.136030e+00  1.121180e+00  
1.156762e+01  1.094022e+01  1.042597e+01  9.953960e+00  9.524130e+00  9.136650e+00  
8.791110e+00  8.487260e+00  8.225190e+00  8.004910e+00  7.826430e+00  7.689460e+00  
7.592630e+00  7.535510e+00  7.519630e+00  7.541900e+00  7.598040e+00  7.681930e+00  
7.772850e+00  7.801590e+00  7.778710e+00  7.616850e+00  6.760800e+00  5.936730e+00  
3.476040e+00  2.580200e+00  1.469680e+00  1.283280e+00  1.149100e+00  1.120680e+00  
1.155187e+01  1.094059e+01  1.042709e+01  9.955640e+00  9.526350e+00  9.139520e+00  
8.794660e+00  8.491540e+00  8.230200e+00  8.010730e+00  7.833250e+00  7.697540e+00  
7.602280e+00  7.547100e+00  7.533770e+00  7.559490e+00  7.620780e+00  7.713620e+00  
7.820890e+00  7.864730e+00  7.873850e+00  7.767740e+00  7.052960e+00  6.325000e+00  
3.923550e+00  2.921390e+00  1.580010e+00  1.341510e+00  1.162400e+00  1.120430e+00  
1.153520e+01  1.094074e+01  1.042791e+01  9.957070e+00  9.528410e+00  9.142150e+00  
8.797950e+00  8.495710e+00  8.235580e+00  8.017310e+00  7.840420e+00  7.704800e+00  
7.610560e+00  7.558340e+00  7.549160e+00  7.578380e+00  7.641820e+00  7.741510e+00  
7.875570e+00  7.943390e+00  7.969500e+00  7.885950e+00  7.411970e+00  6.914950e+00  
4.545300e+00  3.416400e+00  1.789030e+00  1.474760e+00  1.190900e+00  1.120170e+00  
1.154669e+01  1.094726e+01  1.042692e+01  9.953260e+00  9.524450e+00  9.139240e+00  
8.796700e+00  8.496250e+00  8.237560e+00  8.020530e+00  7.845000e+00  7.710250e+00  
7.613900e+00  7.555930e+00  7.542120e+00  7.578640e+00  7.666810e+00  7.784540e+00  
7.902830e+00  7.959950e+00  8.010840e+00  8.004560e+00  7.621330e+00  7.107060e+00  
5.050110e+00  3.895810e+00  1.977280e+00  1.572860e+00  1.212390e+00  1.120040e+00  
1.154090e+01  1.094711e+01  1.042713e+01  9.953730e+00  9.525120e+00  9.140120e+00  
8.797780e+00  8.497520e+00  8.239050e+00  8.022250e+00  7.847020e+00  7.712610e+00  
7.616740e+00  7.559410e+00  7.546450e+00  7.584190e+00  7.674060e+00  7.794330e+00  
7.917450e+00  7.979890e+00  8.042200e+00  8.057500e+00  7.751520e+00  7.310520e+00  
5.400360e+00  4.235430e+00  2.164230e+00  1.684340e+00  1.236370e+00  1.119970e+00  
1.153683e+01  1.094718e+01  1.042733e+01  9.954040e+00  9.525580e+00  9.140700e+00  
8.798500e+00  8.498380e+00  8.240050e+00  8.023420e+00  7.848380e+00  7.714240e+00  
7.618680e+00  7.561750e+00  7.549360e+00  7.587880e+00  7.678900e+00  7.800920e+00  
7.927410e+00  7.993430e+00  8.063230e+00  8.093160e+00  7.843510e+00  7.456940e+00  
5.673730e+00  4.518060e+00  2.338070e+00  1.794940e+00  1.259870e+00  1.119920e+00  
1.151189e+01  1.094083e+01  1.042894e+01  9.959120e+00  9.531330e+00  9.145770e+00  
8.802150e+00  8.500480e+00  8.241040e+00  8.023850e+00  7.848820e+00  7.715750e+00  
7.623780e+00  7.572990e+00  7.565620e+00  7.599600e+00  7.673140e+00  7.786670e+00  
7.934800e+00  8.016910e+00  8.096840e+00  8.137260e+00  7.965520e+00  7.653480e+00  
6.079380e+00  4.967210e+00  2.649980e+00  2.011090e+00  1.306810e+00  1.119860e+00  
1.151047e+01  1.094051e+01  1.042794e+01  9.958400e+00  9.531210e+00  9.146200e+00  
8.803080e+00  8.501820e+00  8.242740e+00  8.025680e+00  7.850230e+00  7.716260e+00  
7.623930e+00  7.574050e+00  7.568350e+00  7.603470e+00  7.676570e+00  7.789340e+00  
7.942570e+00  8.032310e+00  8.118280e+00  8.152090e+00  8.016550e+00  7.830770e+00  
6.374610e+00  5.273270e+00  2.919510e+00  2.227130e+00  1.345750e+00  1.119830e+00  
