1.086060e+00  1.128160e+00  1.170870e+00  1.214360e+00  1.258510e+00  1.303220e+00  
1.348360e+00  1.393810e+00  1.439520e+00  1.485420e+00  1.531510e+00  1.578070e+00  
1.625810e+00  1.674900e+00  1.723440e+00  1.767250e+00  1.802250e+00  1.829610e+00  
1.851800e+00  1.862540e+00  1.878140e+00  1.894740e+00  1.906210e+00  1.908880e+00  
1.912270e+00  1.912500e+00  1.912040e+00  1.911960e+00  1.911960e+00  1.912840e+00  
1.457840e+00  1.507880e+00  1.558560e+00  1.610200e+00  1.662690e+00  1.715850e+00  
1.769480e+00  1.823330e+00  1.877120e+00  1.930610e+00  1.983460e+00  2.035460e+00  
2.086640e+00  2.136780e+00  2.184940e+00  2.229900e+00  2.270350e+00  2.306040e+00  
2.335820e+00  2.347560e+00  2.357960e+00  2.365960e+00  2.378330e+00  2.383610e+00  
2.388610e+00  2.388310e+00  2.385850e+00  2.385160e+00  2.385350e+00  2.388990e+00  
1.787170e+00  1.845090e+00  1.903040e+00  1.961520e+00  2.020300e+00  2.079100e+00  
2.137610e+00  2.195490e+00  2.252360e+00  2.307930e+00  2.361920e+00  2.414240e+00  
2.465290e+00  2.515230e+00  2.563230e+00  2.608160e+00  2.648900e+00  2.685380e+00  
2.716670e+00  2.729370e+00  2.740530e+00  2.748610e+00  2.759540e+00  2.763860e+00  
2.768560e+00  2.768480e+00  2.766570e+00  2.766020e+00  2.766210e+00  2.768960e+00  
2.346130e+00  2.422740e+00  2.495670e+00  2.565500e+00  2.631860e+00  2.694570e+00  
2.753670e+00  2.809780e+00  2.863850e+00  2.915990e+00  2.966160e+00  3.014510e+00  
3.061890e+00  3.108770e+00  3.154110e+00  3.196010e+00  3.232740e+00  3.265250e+00  
3.294380e+00  3.307480e+00  3.320770e+00  3.331670e+00  3.342380e+00  3.344930e+00  
3.345860e+00  3.346250e+00  3.347580e+00  3.347860e+00  3.347820e+00  3.346410e+00  
2.808590e+00  2.903160e+00  2.989080e+00  3.066990e+00  3.136450e+00  3.197590e+00  
3.251340e+00  3.299910e+00  3.346410e+00  3.391470e+00  3.435160e+00  3.477420e+00  
3.518690e+00  3.559100e+00  3.597720e+00  3.632920e+00  3.663500e+00  3.691250e+00  
3.718290e+00  3.731680e+00  3.745880e+00  3.757630e+00  3.768140e+00  3.770150e+00  
3.767800e+00  3.768500e+00  3.772630e+00  3.773550e+00  3.773330e+00  3.768360e+00  
3.203430e+00  3.312370e+00  3.407940e+00  3.490850e+00  3.560640e+00  3.617820e+00  
3.664160e+00  3.703420e+00  3.740660e+00  3.777030e+00  3.812620e+00  3.847330e+00  
3.881250e+00  3.914280e+00  3.945560e+00  3.973630e+00  3.997590e+00  4.019930e+00  
4.043850e+00  4.056860e+00  4.071260e+00  4.083390e+00  4.093420e+00  4.094990e+00  
4.090480e+00  4.091370e+00  4.097280e+00  4.098620e+00  4.098290e+00  4.091040e+00  
3.546980e+00  3.666640e+00  3.768740e+00  3.854090e+00  3.922350e+00  3.974310e+00  
4.012540e+00  4.042110e+00  4.069680e+00  4.096860e+00  4.123770e+00  4.150320e+00  
4.176390e+00  4.201800e+00  4.225740e+00  4.246820e+00  4.264330e+00  4.281260e+00  
4.301620e+00  4.313740e+00  4.327580e+00  4.339370e+00  4.348680e+00  4.349940e+00  
4.344370e+00  4.345320e+00  4.352010e+00  4.353540e+00  4.353150e+00  4.344890e+00  
4.120250e+00  4.251530e+00  4.358780e+00  4.443300e+00  4.504860e+00  4.544880e+00  
4.567080e+00  4.578290e+00  4.587390e+00  4.596580e+00  4.606110e+00  4.616060e+00  
4.626340e+00  4.636820e+00  4.646880e+00  4.655150e+00  4.661110e+00  4.668190e+00  
4.681040e+00  4.690320e+00  4.701120e+00  4.710250e+00  4.717580e+00  4.718500e+00  
4.713440e+00  4.714250e+00  4.720090e+00  4.721430e+00  4.721090e+00  4.713870e+00  
4.585530e+00  4.718920e+00  4.823900e+00  4.902390e+00  4.954400e+00  4.981770e+00  
4.988900e+00  4.983670e+00  4.976110e+00  4.968760e+00  4.962020e+00  4.956310e+00  
4.951740e+00  4.948520e+00  4.946140e+00  4.943260e+00  4.939330e+00  4.937800e+00  
4.943210e+00  4.948920e+00  4.955220e+00  4.960160e+00  4.965080e+00  4.965870e+00  
4.963260e+00  4.963730e+00  4.966940e+00  4.967670e+00  4.967500e+00  4.963560e+00  
5.464350e+00  5.582030e+00  5.665100e+00  5.717440e+00  5.739660e+00  5.734380e+00  
5.706920e+00  5.666200e+00  5.623320e+00  5.581080e+00  5.540440e+00  5.502180e+00  
5.467100e+00  5.435910e+00  5.408340e+00  5.382880e+00  5.358760e+00  5.338970e+00  
5.327060e+00  5.323360e+00  5.317260e+00  5.310560e+00  5.309100e+00  5.309760e+00  
5.314660e+00  5.314070e+00  5.309430e+00  5.308340e+00  5.308670e+00  5.314560e+00  
6.094010e+00  6.208240e+00  6.262530e+00  6.270150e+00  6.243930e+00  6.198670e+00  
6.140670e+00  6.076430e+00  6.013390e+00  5.951650e+00  5.888640e+00  5.823750e+00  
5.761770e+00  5.706520e+00  5.657850e+00  5.613650e+00  5.573370e+00  5.542960e+00  
5.518630e+00  5.501020e+00  5.482310e+00  5.469000e+00  5.460840e+00  5.460640e+00  
5.471530e+00  5.470140e+00  5.459290e+00  5.456340e+00  5.457540e+00  5.471160e+00  
7.005920e+00  7.048560e+00  7.033500e+00  6.976390e+00  6.888430e+00  6.782530e+00  
6.666320e+00  6.548740e+00  6.439030e+00  6.337290e+00  6.238880e+00  6.141420e+00  
6.049600e+00  5.966320e+00  5.890910e+00  5.820060e+00  5.752890e+00  5.698080e+00  
5.649830e+00  5.616770e+00  5.581430e+00  5.555250e+00  5.536970e+00  5.535100e+00  
5.550440e+00  5.548150e+00  5.531480e+00  5.526980e+00  5.528780e+00  5.549550e+00  
7.641950e+00  7.628050e+00  7.550370e+00  7.429890e+00  7.281440e+00  7.121030e+00  
6.956820e+00  6.797550e+00  6.651930e+00  6.519370e+00  6.394450e+00  6.273510e+00  
6.160300e+00  6.056800e+00  5.961890e+00  5.871900e+00  5.785390e+00  5.710170e+00  
5.641300e+00  5.599160e+00  5.555010e+00  5.521750e+00  5.495800e+00  5.491750e+00  
5.503710e+00  5.501390e+00  5.486150e+00  5.482060e+00  5.483680e+00  5.502430e+00  
8.122290e+00  8.066840e+00  7.935140e+00  7.755680e+00  7.550320e+00  7.341260e+00  
7.136590e+00  6.943270e+00  6.768250e+00  6.610100e+00  6.463110e+00  6.322870e+00  
6.192150e+00  6.072320e+00  5.962000e+00  5.857410e+00  5.756330e+00  5.663640e+00  
5.576870e+00  5.529840e+00  5.482020e+00  5.445550e+00  5.413630e+00  5.407180e+00  
5.411180e+00  5.409370e+00  5.399890e+00  5.397370e+00  5.398310e+00  5.409600e+00  
8.503320e+00  8.417350e+00  8.238850e+00  8.005180e+00  7.747140e+00  7.494540e+00  
7.255100e+00  7.033100e+00  6.833050e+00  6.652860e+00  6.486570e+00  6.329470e+00  
6.183440e+00  6.049670e+00  5.926470e+00  5.810130e+00  5.697550e+00  5.589750e+00  
5.487470e+00  5.437980e+00  5.389340e+00  5.351820e+00  5.315130e+00  5.306320e+00  
5.300490e+00  5.299410e+00  5.297560e+00  5.297150e+00  5.297220e+00  5.298670e+00  
9.078350e+00  8.941450e+00  8.682230e+00  8.354810e+00  8.006880e+00  7.681800e+00  
7.385820e+00  7.117790e+00  6.876940e+00  6.660360e+00  6.461460e+00  6.275450e+00  
6.103000e+00  5.945400e+00  5.800550e+00  5.664830e+00  5.533730e+00  5.401980e+00  
5.275480e+00  5.222420e+00  5.172860e+00  5.134020e+00  5.090020e+00  5.077500e+00  
5.056130e+00  5.056260e+00  5.066500e+00  5.069410e+00  5.068090e+00  5.053960e+00  
9.498480e+00  9.308710e+00  8.978790e+00  8.575030e+00  8.156770e+00  7.775620e+00  
7.435810e+00  7.132130e+00  6.859340e+00  6.613650e+00  6.388060e+00  6.177730e+00  
5.982910e+00  5.804780e+00  5.641470e+00  5.489080e+00  5.342440e+00  5.193500e+00  
5.050240e+00  4.992530e+00  4.939460e+00  4.897660e+00  4.848220e+00  4.833590e+00  
4.805450e+00  4.805980e+00  4.821080e+00  4.825340e+00  4.823450e+00  4.803000e+00  
1.036073e+01  9.794850e+00  9.251610e+00  8.747380e+00  8.279340e+00  7.845010e+00  
7.442440e+00  7.070900e+00  6.729840e+00  6.417880e+00  6.132730e+00  5.871460e+00  
5.630840e+00  5.409400e+00  5.208250e+00  5.025960e+00  4.859390e+00  4.695380e+00  
4.523160e+00  4.438470e+00  4.364320e+00  4.315450e+00  4.259460e+00  4.241310e+00  
4.223260e+00  4.222970e+00  4.227970e+00  4.229390e+00  4.228800e+00  4.220610e+00  
1.074949e+01  1.006271e+01  9.417000e+00  8.824990e+00  8.281490e+00  7.782960e+00  
7.326160e+00  6.908820e+00  6.529670e+00  6.185410e+00  5.871930e+00  5.584690e+00  
5.317980e+00  5.068380e+00  4.837250e+00  4.624160e+00  4.427710e+00  4.242030e+00  
4.062490e+00  3.975320e+00  3.888290e+00  3.819320e+00  3.755120e+00  3.745000e+00  
3.738900e+00  3.735880e+00  3.727360e+00  3.725160e+00  3.726140e+00  3.736190e+00  
1.121444e+01  1.033247e+01  9.534300e+00  8.818970e+00  8.174880e+00  7.594960e+00  
7.073620e+00  6.603560e+00  6.178880e+00  5.794670e+00  5.445540e+00  5.125850e+00  
4.828730e+00  4.549340e+00  4.287220e+00  4.041550e+00  3.809960e+00  3.592840e+00  
3.392210e+00  3.297840e+00  3.203170e+00  3.127620e+00  3.056980e+00  3.042250e+00  
3.034250e+00  3.031900e+00  3.024980e+00  3.023190e+00  3.023910e+00  3.031100e+00  
1.152488e+01  1.048475e+01  9.572720e+00  8.770070e+00  8.060210e+00  7.430970e+00  
6.873710e+00  6.376980e+00  5.930160e+00  5.526430e+00  5.159470e+00  4.822330e+00  
4.506470e+00  4.206270e+00  3.922250e+00  3.656100e+00  3.408300e+00  3.176100e+00  
2.960200e+00  2.859520e+00  2.762790e+00  2.688900e+00  2.615450e+00  2.596880e+00  
2.579780e+00  2.578360e+00  2.579300e+00  2.579690e+00  2.579360e+00  2.576330e+00  
1.173853e+01  1.058797e+01  9.601270e+00  8.741570e+00  7.989830e+00  7.329610e+00  
6.748890e+00  6.233240e+00  5.768980e+00  5.348350e+00  4.965210e+00  4.612800e+00  
4.283020e+00  3.970450e+00  3.675180e+00  3.398120e+00  3.140130e+00  2.898210e+00  
2.672480e+00  2.567030e+00  2.466470e+00  2.390370e+00  2.314780e+00  2.295790e+00  
2.277800e+00  2.276410e+00  2.277920e+00  2.278460e+00  2.278080e+00  2.274210e+00  
1.189770e+01  1.067054e+01  9.634370e+00  8.735860e+00  7.955170e+00  7.273550e+00  
6.675700e+00  6.145330e+00  5.667210e+00  5.233190e+00  4.837210e+00  4.472780e+00  
4.132200e+00  3.810300e+00  3.506890e+00  3.222560e+00  2.957810e+00  2.709610e+00  
2.476380e+00  2.366500e+00  2.261290e+00  2.181650e+00  2.104310e+00  2.085380e+00  
2.069320e+00  2.067680e+00  2.067290e+00  2.067390e+00  2.067130e+00  2.065590e+00  
1.212163e+01  1.080060e+01  9.712940e+00  8.774820e+00  7.963040e+00  7.255240e+00  
6.633050e+00  6.080140e+00  5.581790e+00  5.128720e+00  4.713060e+00  4.328640e+00  
3.971170e+00  3.637260e+00  3.324800e+00  3.031070e+00  2.754240e+00  2.493840e+00  
2.247360e+00  2.129390e+00  2.015720e+00  1.929470e+00  1.847330e+00  1.827980e+00  
1.813570e+00  1.811330e+00  1.808780e+00  1.808310e+00  1.808310e+00  1.809480e+00  
1.227865e+01  1.091610e+01  9.806570e+00  8.848140e+00  8.019170e+00  7.296780e+00  
6.661120e+00  6.095090e+00  5.583890e+00  5.118330e+00  4.690580e+00  4.294520e+00  
3.926160e+00  3.582220e+00  3.260270e+00  2.957190e+00  2.670270e+00  2.397680e+00  
2.137040e+00  2.011160e+00  1.889490e+00  1.796730e+00  1.708000e+00  1.686790e+00  
1.670660e+00  1.668290e+00  1.665900e+00  1.665490e+00  1.665420e+00  1.666280e+00  
1.252676e+01  1.112677e+01  1.000459e+01  9.030940e+00  8.190310e+00  7.455290e+00  
6.807090e+00  6.227850e+00  5.702770e+00  5.223770e+00  4.784510e+00  4.378070e+00  
3.996420e+00  3.634130e+00  3.290580e+00  2.965570e+00  2.656820e+00  2.356660e+00  
2.059630e+00  1.911670e+00  1.764800e+00  1.649460e+00  1.538460e+00  1.510820e+00  
1.488350e+00  1.485810e+00  1.484010e+00  1.483810e+00  1.483550e+00  1.483180e+00  
1.265959e+01  1.124977e+01  1.013730e+01  9.171850e+00  8.338390e+00  7.605790e+00  
6.957800e+00  6.378270e+00  5.853680e+00  5.375510e+00  4.936440e+00  4.528310e+00  
4.141290e+00  3.769050e+00  3.411670e+00  3.070150e+00  2.742230e+00  2.417560e+00  
2.086220e+00  1.915750e+00  1.738550e+00  1.593290e+00  1.456050e+00  1.422770e+00  
1.396090e+00  1.392750e+00  1.389640e+00  1.389230e+00  1.388990e+00  1.389710e+00  
1.278929e+01  1.137007e+01  1.028739e+01  9.358090e+00  8.556000e+00  7.850060e+00  
7.223790e+00  6.660530e+00  6.146030e+00  5.672730e+00  5.234670e+00  4.825030e+00  
4.435550e+00  4.059710e+00  3.694620e+00  3.336250e+00  2.978360e+00  2.609810e+00  
2.215860e+00  2.002880e+00  1.771780e+00  1.570480e+00  1.369300e+00  1.326650e+00  
1.300380e+00  1.296100e+00  1.287070e+00  1.285120e+00  1.286220e+00  1.291120e+00  
1.283221e+01  1.142216e+01  1.037613e+01  9.484380e+00  8.712250e+00  8.032300e+00  
7.428220e+00  6.883390e+00  6.383290e+00  5.920690e+00  5.490040e+00  5.084820e+00  
4.696820e+00  4.319460e+00  3.949610e+00  3.582720e+00  3.210330e+00  2.815250e+00  
2.372840e+00  2.121840e+00  1.838620e+00  1.584970e+00  1.328030e+00  1.274940e+00  
1.248950e+00  1.244210e+00  1.230120e+00  1.226820e+00  1.229280e+00  1.236790e+00  
1.283914e+01  1.144462e+01  1.043577e+01  9.577400e+00  8.831840e+00  8.174480e+00  
7.589630e+00  7.060890e+00  6.573770e+00  6.121390e+00  5.698590e+00  5.299170e+00  
4.915180e+00  4.539970e+00  4.170060e+00  3.800170e+00  3.419810e+00  3.006480e+00  
2.526640e+00  2.244520e+00  1.916210e+00  1.617170e+00  1.308680e+00  1.243960e+00  
1.215470e+00  1.210450e+00  1.193280e+00  1.189160e+00  1.192550e+00  1.200240e+00  
1.282976e+01  1.145304e+01  1.047978e+01  9.649970e+00  8.927570e+00  8.289530e+00  
7.720970e+00  7.205950e+00  6.730250e+00  6.287310e+00  5.872300e+00  5.479300e+00  
5.100580e+00  4.729520e+00  4.362190e+00  3.992500e+00  3.608090e+00  3.182010e+00  
2.672670e+00  2.364650e+00  1.997790e+00  1.658170e+00  1.301930e+00  1.225010e+00  
1.191700e+00  1.186350e+00  1.167310e+00  1.162700e+00  1.166690e+00  1.173450e+00  
1.279369e+01  1.145283e+01  1.054143e+01  9.758110e+00  9.073540e+00  8.466620e+00  
7.924160e+00  7.431290e+00  6.974690e+00  6.548330e+00  6.147900e+00  5.768030e+00  
5.401410e+00  5.041440e+00  4.683360e+00  4.319540e+00  3.934210e+00  3.492880e+00  
2.939730e+00  2.590260e+00  2.159560e+00  1.750930e+00  1.313700e+00  1.211960e+00  
1.155630e+00  1.149280e+00  1.134360e+00  1.130760e+00  1.133320e+00  1.136600e+00  
1.275264e+01  1.144563e+01  1.058388e+01  9.836900e+00  9.181440e+00  8.598140e+00  
8.075320e+00  7.599400e+00  7.158150e+00  6.746020e+00  6.358990e+00  5.991940e+00  
5.637810e+00  5.289870e+00  4.942760e+00  4.587470e+00  4.205820e+00  3.758230e+00  
3.177590e+00  2.798410e+00  2.318120e+00  1.850720e+00  1.337030e+00  1.212020e+00  
1.136160e+00  1.127840e+00  1.112620e+00  1.109060e+00  1.110810e+00  1.112370e+00  
1.266210e+01  1.142996e+01  1.065455e+01  9.971000e+00  9.363540e+00  8.817690e+00  
8.325510e+00  7.877390e+00  7.464600e+00  7.082170e+00  6.725720e+00  6.389370e+00  
6.064620e+00  5.743280e+00  5.418770e+00  5.079880e+00  4.707850e+00  4.266950e+00  
3.676210e+00  3.262400e+00  2.695010e+00  2.104430e+00  1.414660e+00  1.239430e+00  
1.118310e+00  1.102350e+00  1.079630e+00  1.075140e+00  1.077030e+00  1.077430e+00  
1.260555e+01  1.142059e+01  1.069724e+01  1.005362e+01  9.476630e+00  8.955050e+00  
8.483010e+00  8.053280e+00  7.659260e+00  7.296710e+00  6.961460e+00  6.647830e+00  
6.347330e+00  6.051430e+00  5.752690e+00  5.437770e+00  5.085150e+00  4.655340e+00  
4.057670e+00  3.625560e+00  3.017060e+00  2.355970e+00  1.518090e+00  1.286730e+00  
1.109440e+00  1.086580e+00  1.062990e+00  1.059000e+00  1.059470e+00  1.058770e+00  
1.251030e+01  1.139795e+01  1.074842e+01  1.015931e+01  9.622060e+00  9.130040e+00  
8.680950e+00  8.271740e+00  7.899820e+00  7.562220e+00  7.255300e+00  6.973890e+00  
6.710100e+00  6.455990e+00  6.205030e+00  5.944440e+00  5.645860e+00  5.242240e+00  
4.615160e+00  4.149860e+00  3.503300e+00  2.785310e+00  1.756480e+00  1.412140e+00  
1.107370e+00  1.069980e+00  1.047960e+00  1.043990e+00  1.031080e+00  1.039200e+00  
1.251388e+01  1.141327e+01  1.078469e+01  1.021388e+01  9.693610e+00  9.218290e+00  
8.785900e+00  8.393960e+00  8.040280e+00  7.722200e+00  7.436360e+00  7.177850e+00  
6.938860e+00  6.711120e+00  6.486820e+00  6.250230e+00  5.975580e+00  5.615140e+00  
5.059000e+00  4.621880e+00  3.961640e+00  3.162060e+00  1.930440e+00  1.518260e+00  
1.127060e+00  1.072390e+00  1.037030e+00  1.033790e+00  1.026100e+00  1.028950e+00  
1.250530e+01  1.142004e+01  1.080835e+01  1.025119e+01  9.742880e+00  9.278890e+00  
8.857610e+00  8.477130e+00  8.135800e+00  7.831000e+00  7.559260e+00  7.316450e+00  
7.097170e+00  6.894520e+00  6.698820e+00  6.489600e+00  6.237560e+00  5.898680e+00  
5.368630e+00  4.950610e+00  4.317050e+00  3.509670e+00  2.121870e+00  1.621090e+00  
1.143770e+00  1.077400e+00  1.032840e+00  1.028900e+00  1.021510e+00  1.022670e+00  
1.249365e+01  1.142530e+01  1.082686e+01  1.027970e+01  9.779630e+00  9.323500e+00  
8.910000e+00  8.537600e+00  8.205000e+00  7.909980e+00  7.649490e+00  7.419670e+00  
7.215060e+00  7.028890e+00  6.852240e+00  6.665670e+00  6.440260e+00  6.130180e+00  
5.630910e+00  5.229480e+00  4.608100e+00  3.788700e+00  2.297460e+00  1.727870e+00  
1.167410e+00  1.086860e+00  1.029580e+00  1.024150e+00  1.015480e+00  1.018430e+00  
1.250183e+01  1.144015e+01  1.084832e+01  1.031060e+01  9.821740e+00  9.378260e+00  
8.978180e+00  8.619600e+00  8.300850e+00  8.020130e+00  7.775050e+00  7.561900e+00  
7.374260e+00  7.206170e+00  7.054180e+00  6.909210e+00  6.746170e+00  6.495850e+00  
6.032640e+00  5.649310e+00  5.062020e+00  4.259080e+00  2.627890e+00  1.936570e+00  
1.207630e+00  1.101190e+00  1.028960e+00  1.021610e+00  1.014260e+00  1.013070e+00  
1.249238e+01  1.144621e+01  1.086350e+01  1.033381e+01  9.852460e+00  9.416350e+00  
9.023700e+00  8.672770e+00  8.362210e+00  8.090460e+00  7.855500e+00  7.654100e+00  
7.480450e+00  7.329390e+00  7.198370e+00  7.079540e+00  6.949230e+00  6.738900e+00  
6.324430e+00  5.970580e+00  5.416280e+00  4.627090e+00  2.910630e+00  2.132180e+00  
1.254450e+00  1.122320e+00  1.029550e+00  1.020360e+00  1.010850e+00  1.009800e+00  
1.245513e+01  1.145143e+01  1.088877e+01  1.037270e+01  9.901250e+00  9.473640e+00  
9.089070e+00  8.746940e+00  8.447000e+00  8.188000e+00  7.968330e+00  7.785840e+00  
7.637010e+00  7.517910e+00  7.424060e+00  7.342130e+00  7.249840e+00  7.105730e+00  
6.807720e+00  6.521140e+00  6.023320e+00  5.280280e+00  3.519010e+00  2.553030e+00  
1.368440e+00  1.184520e+00  1.036370e+00  1.021200e+00  1.005540e+00  1.005400e+00  
1.245032e+01  1.146215e+01  1.089756e+01  1.038408e+01  9.918150e+00  9.497390e+00  
9.120510e+00  8.786320e+00  8.494130e+00  8.242840e+00  8.031330e+00  7.857570e+00  
7.717280e+00  7.607390e+00  7.528420e+00  7.477140e+00  7.436910e+00  7.348960e+00  
7.103460e+00  6.858100e+00  6.430700e+00  5.746040e+00  3.953880e+00  2.928310e+00  
1.486500e+00  1.244430e+00  1.045520e+00  1.024090e+00  1.004210e+00  1.003200e+00  
1.236630e+01  1.146096e+01  1.090965e+01  1.040517e+01  9.945480e+00  9.529550e+00  
9.156890e+00  8.827370e+00  8.541210e+00  8.297470e+00  8.094730e+00  7.931610e+00  
7.806330e+00  7.717370e+00  7.663680e+00  7.637600e+00  7.623560e+00  7.585290e+00  
7.437180e+00  7.263280e+00  6.939200e+00  6.387060e+00  4.651280e+00  3.444730e+00  
1.713930e+00  1.391810e+00  1.066010e+00  1.021160e+00  1.005980e+00  1.000960e+00  
1.230692e+01  1.146290e+01  1.091573e+01  1.041422e+01  9.957250e+00  9.544250e+00  
9.174700e+00  8.848310e+00  8.565110e+00  8.324760e+00  8.126680e+00  7.969990e+00  
7.852660e+00  7.772930e+00  7.729890e+00  7.716000e+00  7.719150e+00  7.717830e+00  
7.648790e+00  7.528450e+00  7.241810e+00  6.714250e+00  5.133420e+00  3.964610e+00  
1.905090e+00  1.494440e+00  1.093030e+00  1.042210e+00  1.002670e+00  9.998400e-01  
1.226489e+01  1.146364e+01  1.091854e+01  1.041905e+01  9.963880e+00  9.552700e+00  
9.185090e+00  8.860970e+00  8.580490e+00  8.343080e+00  8.147730e+00  7.993510e+00  
7.879360e+00  7.804510e+00  7.768760e+00  7.765630e+00  7.784930e+00  7.808440e+00  
7.773020e+00  7.677010e+00  7.446150e+00  7.014360e+00  5.528740e+00  4.288010e+00  
2.092950e+00  1.624030e+00  1.118840e+00  1.043400e+00  1.009900e+00  9.991700e-01  
1.223561e+01  1.146428e+01  1.092080e+01  1.042248e+01  9.968470e+00  9.558510e+00  
9.192210e+00  8.869520e+00  8.590560e+00  8.354830e+00  8.161420e+00  8.009560e+00  
7.898350e+00  7.827260e+00  7.796370e+00  7.799650e+00  7.828090e+00  7.867180e+00  
7.862650e+00  7.792940e+00  7.599080e+00  7.213220e+00  5.823210e+00  4.602320e+00  
2.268160e+00  1.733190e+00  1.144760e+00  1.054740e+00  1.012930e+00  9.987200e-01  
1.219817e+01  1.146544e+01  1.092409e+01  1.042716e+01  9.974440e+00  9.566060e+00  
9.201540e+00  8.880530e+00  8.602980e+00  8.368900e+00  8.178280e+00  8.030670e+00  
7.924190e+00  7.857840e+00  7.832410e+00  7.843460e+00  7.883840e+00  7.940630e+00  
7.977490e+00  7.951890e+00  7.818310e+00  7.482440e+00  6.220440e+00  5.133690e+00  
2.603870e+00  1.929660e+00  1.194850e+00  1.085490e+00  1.010590e+00  9.981600e-01  
1.217542e+01  1.146611e+01  1.092574e+01  1.042974e+01  9.977880e+00  9.570450e+00  
9.206970e+00  8.887140e+00  8.610920e+00  8.378360e+00  8.189410e+00  8.043640e+00  
7.939390e+00  7.875880e+00  7.854250e+00  7.870620e+00  7.918880e+00  7.988510e+00  
8.049060e+00  8.045700e+00  7.954180e+00  7.678690e+00  6.533680e+00  5.505110e+00  
2.896860e+00  2.120610e+00  1.245220e+00  1.108830e+00  1.015660e+00  9.978300e-01  
1.214103e+01  1.146709e+01  1.092791e+01  1.043307e+01  9.982500e+00  9.576370e+00  
9.214260e+00  8.895970e+00  8.621590e+00  8.391090e+00  8.204400e+00  8.061160e+00  
7.959990e+00  7.900450e+00  7.884120e+00  7.907690e+00  7.966540e+00  8.054160e+00  
8.147970e+00  8.175970e+00  8.148080e+00  7.972430e+00  7.046740e+00  6.149490e+00  
3.503300e+00  2.542960e+00  1.367770e+00  1.170360e+00  1.028860e+00  9.973900e-01  
1.212123e+01  1.146742e+01  1.092904e+01  1.043489e+01  9.984970e+00  9.579480e+00  
9.218050e+00  8.900460e+00  8.626900e+00  8.397380e+00  8.211820e+00  8.069940e+00  
7.970440e+00  7.913010e+00  7.899420e+00  7.926700e+00  7.991030e+00  8.088280e+00  
8.199890e+00  8.244340e+00  8.250640e+00  8.134610e+00  7.364220e+00  6.570680e+00  
3.977780e+00  2.904560e+00  1.485480e+00  1.233880e+00  1.042030e+00  9.971700e-01  
1.209983e+01  1.146763e+01  1.093007e+01  1.043671e+01  9.987540e+00  9.582710e+00  
9.221920e+00  8.904990e+00  8.632160e+00  8.403510e+00  8.219060e+00  8.078570e+00  
7.980800e+00  7.925520e+00  7.914700e+00  7.945750e+00  8.015790e+00  8.123080e+00  
8.253410e+00  8.314930e+00  8.355800e+00  8.306470e+00  7.743560e+00  7.098800e+00  
4.682850e+00  3.485970e+00  1.705030e+00  1.359950e+00  1.068080e+00  9.969400e-01  
1.211007e+01  1.147453e+01  1.092908e+01  1.043257e+01  9.983180e+00  9.579530e+00  
9.220680e+00  8.905970e+00  8.635120e+00  8.407980e+00  8.224380e+00  8.083560e+00  
7.983050e+00  7.922770e+00  7.908770e+00  7.947490e+00  8.040260e+00  8.163980e+00  
8.288010e+00  8.347430e+00  8.399230e+00  8.389760e+00  7.975570e+00  7.415690e+00  
5.179300e+00  3.943730e+00  1.907910e+00  1.483160e+00  1.092680e+00  9.968200e-01  
1.210275e+01  1.147447e+01  1.092939e+01  1.043321e+01  9.984060e+00  9.580640e+00  
9.221990e+00  8.907490e+00  8.636820e+00  8.409910e+00  8.226580e+00  8.086120e+00  
7.986070e+00  7.926450e+00  7.913350e+00  7.953360e+00  8.048000e+00  8.174570e+00  
8.303990e+00  8.369140e+00  8.432900e+00  8.446120e+00  8.115600e+00  7.635450e+00  
5.557280e+00  4.309620e+00  2.109040e+00  1.601800e+00  1.117700e+00  9.967400e-01  
1.209770e+01  1.147453e+01  1.092969e+01  1.043364e+01  9.984630e+00  9.581340e+00  
9.222830e+00  8.908460e+00  8.637950e+00  8.411200e+00  8.228090e+00  8.087850e+00  
7.988130e+00  7.928920e+00  7.916420e+00  7.957280e+00  8.053180e+00  8.181680e+00  
8.314870e+00  8.383850e+00  8.455460e+00  8.484090e+00  8.214540e+00  7.794030e+00  
5.854090e+00  4.615310e+00  2.295800e+00  1.718480e+00  1.142530e+00  9.966900e-01  
1.207044e+01  1.146777e+01  1.093110e+01  1.043867e+01  9.990470e+00  9.586580e+00  
9.226710e+00  8.910790e+00  8.639080e+00  8.411670e+00  8.228500e+00  8.089440e+00  
7.993500e+00  7.940810e+00  7.933630e+00  7.969820e+00  8.047440e+00  8.166930e+00  
8.322610e+00  8.408680e+00  8.492030e+00  8.532460e+00  8.344200e+00  8.008050e+00  
6.296640e+00  5.102100e+00  2.629940e+00  1.950140e+00  1.192590e+00  9.966400e-01  
1.206618e+01  1.146754e+01  1.093110e+01  1.043889e+01  9.990770e+00  9.586860e+00  
9.226920e+00  8.910980e+00  8.639440e+00  8.412300e+00  8.229520e+00  8.090870e+00  
7.995360e+00  7.943090e+00  7.936330e+00  7.972920e+00  8.051140e+00  8.172210e+00  
8.330850e+00  8.419580e+00  8.510320e+00  8.563960e+00  8.424480e+00  8.144800e+00  
6.612450e+00  5.479160e+00  2.922090e+00  2.156650e+00  1.241620e+00  9.966300e-01  
