4.959700e-01  5.182400e-01  5.421600e-01  5.677600e-01  5.948200e-01  6.230600e-01  
6.524300e-01  6.829500e-01  7.147000e-01  7.477700e-01  7.824100e-01  8.188200e-01  
8.569100e-01  8.963600e-01  9.363000e-01  9.750100e-01  1.010420e+00  1.041640e+00  
1.066980e+00  1.076660e+00  1.085620e+00  1.092680e+00  1.100810e+00  1.102880e+00  
1.104550e+00  1.104780e+00  1.104940e+00  1.104960e+00  1.104980e+00  1.105240e+00  
7.125800e-01  7.462400e-01  7.809300e-01  8.168300e-01  8.539300e-01  8.922000e-01  
9.316200e-01  9.721900e-01  1.013920e+00  1.056820e+00  1.100900e+00  1.146320e+00  
1.193520e+00  1.242560e+00  1.292200e+00  1.339650e+00  1.381840e+00  1.418420e+00  
1.448590e+00  1.460730e+00  1.472750e+00  1.482660e+00  1.492640e+00  1.495160e+00  
1.497210e+00  1.497480e+00  1.497710e+00  1.497690e+00  1.497710e+00  1.501480e+00  
9.228400e-01  9.660300e-01  1.009970e+00  1.054870e+00  1.100670e+00  1.147280e+00  
1.194680e+00  1.242880e+00  1.292010e+00  1.342090e+00  1.393050e+00  1.445020e+00  
1.498490e+00  1.553510e+00  1.608670e+00  1.660970e+00  1.707250e+00  1.747610e+00  
1.781880e+00  1.796290e+00  1.810860e+00  1.822970e+00  1.834760e+00  1.837700e+00  
1.840110e+00  1.840430e+00  1.840690e+00  1.840690e+00  1.840700e+00  1.844540e+00  
1.316900e+00  1.376090e+00  1.435090e+00  1.494120e+00  1.553020e+00  1.611620e+00  
1.669920e+00  1.728150e+00  1.786750e+00  1.845730e+00  1.904910e+00  1.964250e+00  
2.024050e+00  2.084280e+00  2.143570e+00  2.199520e+00  2.249750e+00  2.294810e+00  
2.335040e+00  2.353040e+00  2.371500e+00  2.386820e+00  2.401640e+00  2.405320e+00  
2.408360e+00  2.408730e+00  2.409040e+00  2.409070e+00  2.409100e+00  2.409650e+00  
1.674570e+00  1.746540e+00  1.816920e+00  1.886070e+00  1.953680e+00  2.019550e+00  
2.083790e+00  2.146920e+00  2.209800e+00  2.272490e+00  2.334770e+00  2.396390e+00  
2.457510e+00  2.518000e+00  2.576800e+00  2.632380e+00  2.683400e+00  2.730620e+00  
2.774590e+00  2.795110e+00  2.816180e+00  2.833540e+00  2.850610e+00  2.854890e+00  
2.858400e+00  2.858800e+00  2.859130e+00  2.859210e+00  2.859250e+00  2.855980e+00  
1.999130e+00  2.082340e+00  2.161220e+00  2.236570e+00  2.308640e+00  2.377950e+00  
2.444790e+00  2.509850e+00  2.574220e+00  2.637910e+00  2.700620e+00  2.761870e+00  
2.821390e+00  2.878860e+00  2.933900e+00  2.986830e+00  3.037860e+00  3.086230e+00  
3.131890e+00  3.154340e+00  3.177120e+00  3.195490e+00  3.214270e+00  3.219060e+00  
3.222790e+00  3.223190e+00  3.223580e+00  3.223770e+00  3.223750e+00  3.217450e+00  
2.293410e+00  2.386210e+00  2.471740e+00  2.551270e+00  2.625600e+00  2.696040e+00  
2.763070e+00  2.827590e+00  2.890950e+00  2.953120e+00  3.013730e+00  3.072170e+00  
3.128310e+00  3.182050e+00  3.233350e+00  3.283220e+00  3.332600e+00  3.380770e+00  
3.427440e+00  3.450710e+00  3.474460e+00  3.493680e+00  3.513460e+00  3.518550e+00  
3.522490e+00  3.522890e+00  3.523300e+00  3.523540e+00  3.523510e+00  3.515260e+00  
2.805830e+00  2.913380e+00  3.007560e+00  3.090600e+00  3.164610e+00  3.232500e+00  
3.295250e+00  3.354060e+00  3.410800e+00  3.465550e+00  3.518060e+00  3.567900e+00  
3.615200e+00  3.660220e+00  3.703390e+00  3.746480e+00  3.791170e+00  3.836920e+00  
3.883180e+00  3.906760e+00  3.931010e+00  3.950790e+00  3.971340e+00  3.976670e+00  
3.980800e+00  3.981220e+00  3.981650e+00  3.981900e+00  3.981860e+00  3.973000e+00  
3.237970e+00  3.355910e+00  3.454420e+00  3.536700e+00  3.606320e+00  3.667850e+00  
3.722690e+00  3.772410e+00  3.819230e+00  3.863570e+00  3.905590e+00  3.945260e+00  
3.982920e+00  4.019080e+00  4.054410e+00  4.090770e+00  4.130020e+00  4.171840e+00  
4.215680e+00  4.238440e+00  4.262000e+00  4.281340e+00  4.301600e+00  4.306860e+00  
4.310960e+00  4.311400e+00  4.311820e+00  4.312030e+00  4.312010e+00  4.305170e+00  
4.084660e+00  4.217100e+00  4.315830e+00  4.386790e+00  4.437060e+00  4.475250e+00  
4.504070e+00  4.526150e+00  4.545060e+00  4.561720e+00  4.576900e+00  4.591300e+00  
4.605910e+00  4.621890e+00  4.639900e+00  4.660950e+00  4.686120e+00  4.715830e+00  
4.749860e+00  4.768210e+00  4.787600e+00  4.803910e+00  4.821140e+00  4.825540e+00  
4.829110e+00  4.829580e+00  4.829930e+00  4.829960e+00  4.829990e+00  4.830390e+00  
4.728400e+00  4.843430e+00  4.931480e+00  4.995240e+00  5.034920e+00  5.052440e+00  
5.051940e+00  5.040630e+00  5.027620e+00  5.015530e+00  5.005330e+00  4.998090e+00  
4.995210e+00  4.997770e+00  5.005070e+00  5.014310e+00  5.023620e+00  5.037090e+00  
5.059910e+00  5.074760e+00  5.089100e+00  5.099710e+00  5.112990e+00  5.116480e+00  
5.119040e+00  5.119380e+00  5.119700e+00  5.119670e+00  5.119730e+00  5.125180e+00  
5.658450e+00  5.754550e+00  5.814020e+00  5.841680e+00  5.838970e+00  5.809390e+00  
5.759390e+00  5.699160e+00  5.640740e+00  5.587830e+00  5.541330e+00  5.501960e+00  
5.470650e+00  5.447520e+00  5.431250e+00  5.417410e+00  5.402780e+00  5.392430e+00  
5.392910e+00  5.397180e+00  5.400590e+00  5.402160e+00  5.406440e+00  5.407630e+00  
5.408320e+00  5.408450e+00  5.408610e+00  5.408510e+00  5.408560e+00  5.417820e+00  
6.342850e+00  6.410490e+00  6.435690e+00  6.425450e+00  6.382220e+00  6.310850e+00  
6.219360e+00  6.119790e+00  6.025960e+00  5.941870e+00  5.868200e+00  5.804840e+00  
5.751850e+00  5.708110e+00  5.671980e+00  5.638440e+00  5.603890e+00  5.573700e+00  
5.554920e+00  5.549800e+00  5.543600e+00  5.537300e+00  5.533720e+00  5.532930e+00  
5.532020e+00  5.531980e+00  5.531960e+00  5.531840e+00  5.531860e+00  5.542110e+00  
6.867870e+00  6.958540e+00  6.953670e+00  6.880170e+00  6.768280e+00  6.648950e+00  
6.529340e+00  6.412630e+00  6.302410e+00  6.200210e+00  6.106850e+00  6.022190e+00  
5.946560e+00  5.879500e+00  5.820700e+00  5.768340e+00  5.720850e+00  5.678990e+00  
5.643240e+00  5.627370e+00  5.612500e+00  5.601550e+00  5.590860e+00  5.588230e+00  
5.586150e+00  5.585990e+00  5.585840e+00  5.585660e+00  5.585650e+00  5.596260e+00  
7.329000e+00  7.392580e+00  7.352100e+00  7.239170e+00  7.088470e+00  6.934720e+00  
6.785340e+00  6.642860e+00  6.510320e+00  6.388430e+00  6.276690e+00  6.174220e+00  
6.081530e+00  5.998500e+00  5.924510e+00  5.857310e+00  5.795020e+00  5.738800e+00  
5.689240e+00  5.666430e+00  5.644540e+00  5.628030e+00  5.611850e+00  5.607930e+00  
5.604780e+00  5.604460e+00  5.604210e+00  5.604020e+00  5.604010e+00  5.614750e+00  
8.258490e+00  8.071200e+00  7.878700e+00  7.690940e+00  7.507720e+00  7.329280e+00  
7.155780e+00  6.987310e+00  6.824460e+00  6.668370e+00  6.519440e+00  6.378050e+00  
6.245450e+00  6.123280e+00  6.012640e+00  5.915280e+00  5.832280e+00  5.760640e+00  
5.699800e+00  5.676820e+00  5.660960e+00  5.647340e+00  5.587010e+00  5.558070e+00  
5.571130e+00  5.577300e+00  5.574260e+00  5.572170e+00  5.575330e+00  5.582620e+00  
8.643330e+00  8.582030e+00  8.404770e+00  8.155840e+00  7.879860e+00  7.618570e+00  
7.378600e+00  7.159870e+00  6.962130e+00  6.783070e+00  6.617200e+00  6.461040e+00  
6.315990e+00  6.183690e+00  6.062810e+00  5.950040e+00  5.843060e+00  5.744140e+00  
5.653970e+00  5.610730e+00  5.568350e+00  5.535730e+00  5.503830e+00  5.496160e+00  
5.489990e+00  5.489210e+00  5.488620e+00  5.488480e+00  5.488420e+00  5.493390e+00  
9.746680e+00  9.358300e+00  8.980240e+00  8.623400e+00  8.286830e+00  7.969750e+00  
7.671620e+00  7.392600e+00  7.132890e+00  6.892230e+00  6.669790e+00  6.464260e+00  
6.274030e+00  6.098670e+00  5.939390e+00  5.796150e+00  5.667080e+00  5.541190e+00  
5.408610e+00  5.342700e+00  5.283370e+00  5.242850e+00  5.199240e+00  5.187700e+00  
5.179110e+00  5.178100e+00  5.177120e+00  5.177100e+00  5.177150e+00  5.165250e+00  
1.032558e+01  9.815800e+00  9.331640e+00  8.881880e+00  8.464190e+00  8.077080e+00  
7.719180e+00  7.389570e+00  7.087940e+00  6.812640e+00  6.561430e+00  6.331430e+00  
6.118480e+00  5.919970e+00  5.737240e+00  5.569890e+00  5.415700e+00  5.264300e+00  
5.107320e+00  5.030510e+00  4.962320e+00  4.916240e+00  4.864190e+00  4.849440e+00  
4.839540e+00  4.838400e+00  4.837180e+00  4.837310e+00  4.837190e+00  4.812530e+00  
1.096943e+01  1.028918e+01  9.660610e+00  9.085680e+00  8.559150e+00  8.078170e+00  
7.640700e+00  7.243770e+00  6.884970e+00  6.561290e+00  6.268850e+00  6.002940e+00  
5.756930e+00  5.526230e+00  5.311370e+00  5.112880e+00  4.927520e+00  4.745390e+00  
4.559330e+00  4.469110e+00  4.388710e+00  4.333580e+00  4.270560e+00  4.252500e+00  
4.240490e+00  4.239250e+00  4.237860e+00  4.237860e+00  4.237630e+00  4.221340e+00  
1.127488e+01  1.051509e+01  9.803980e+00  9.144970e+00  8.541550e+00  7.997360e+00  
7.511100e+00  7.078880e+00  6.696000e+00  6.352360e+00  6.034140e+00  5.733860e+00  
5.454770e+00  5.198230e+00  4.959970e+00  4.736670e+00  4.526150e+00  4.326640e+00  
4.136680e+00  4.044890e+00  3.954960e+00  3.883930e+00  3.813850e+00  3.796580e+00  
3.782850e+00  3.780950e+00  3.779620e+00  3.779490e+00  3.779290e+00  3.778870e+00  
1.150896e+01  1.062183e+01  9.834650e+00  9.129570e+00  8.497280e+00  7.929520e+00  
7.420050e+00  6.961000e+00  6.544590e+00  6.166220e+00  5.822070e+00  5.507730e+00  
5.217450e+00  4.946770e+00  4.694240e+00  4.457100e+00  4.233170e+00  4.020130e+00  
3.817790e+00  3.720600e+00  3.623000e+00  3.545060e+00  3.469530e+00  3.451330e+00  
3.436680e+00  3.434960e+00  3.433360e+00  3.432990e+00  3.432930e+00  3.440210e+00  
1.163979e+01  1.068924e+01  9.856120e+00  9.113240e+00  8.450670e+00  7.858610e+00  
7.328760e+00  6.851890e+00  6.419040e+00  6.025180e+00  5.666460e+00  5.338520e+00  
5.035810e+00  4.753970e+00  4.491210e+00  4.244330e+00  4.010840e+00  3.788320e+00  
3.575500e+00  3.472490e+00  3.368870e+00  3.285970e+00  3.205550e+00  3.186270e+00  
3.170840e+00  3.169030e+00  3.167280e+00  3.166850e+00  3.166820e+00  3.176360e+00  
1.177809e+01  1.074635e+01  9.857350e+00  9.067900e+00  8.367740e+00  7.745730e+00  
7.190630e+00  6.691580e+00  6.238650e+00  5.826450e+00  5.450800e+00  5.107130e+00  
4.789800e+00  4.494240e+00  4.218140e+00  3.957600e+00  3.709330e+00  3.471350e+00  
3.241120e+00  3.128590e+00  3.015690e+00  2.925470e+00  2.835910e+00  2.813640e+00  
2.796060e+00  2.794050e+00  2.792150e+00  2.791720e+00  2.791670e+00  2.798580e+00  
1.183371e+01  1.075595e+01  9.837380e+00  9.023350e+00  8.303390e+00  7.665280e+00  
7.096540e+00  6.585670e+00  6.122490e+00  5.701360e+00  5.317770e+00  4.966790e+00  
4.642320e+00  4.339380e+00  4.055250e+00  3.785550e+00  3.526330e+00  3.275380e+00  
3.030190e+00  2.909320e+00  2.788350e+00  2.691670e+00  2.593220e+00  2.567620e+00  
2.547530e+00  2.545320e+00  2.543370e+00  2.543000e+00  2.542860e+00  2.544680e+00  
1.183555e+01  1.071505e+01  9.775510e+00  8.943520e+00  8.209810e+00  7.558010e+00  
6.976570e+00  6.454300e+00  5.981680e+00  5.552820e+00  5.162750e+00  4.805920e+00  
4.475610e+00  4.166160e+00  3.874000e+00  3.593520e+00  3.319020e+00  3.045610e+00  
2.768610e+00  2.626820e+00  2.480960e+00  2.361330e+00  2.240800e+00  2.210050e+00  
2.185250e+00  2.182340e+00  2.179970e+00  2.179660e+00  2.179370e+00  2.176340e+00  
1.177287e+01  1.065305e+01  9.723990e+00  8.899960e+00  8.172200e+00  7.522380e+00  
6.940650e+00  6.417120e+00  5.943380e+00  5.513750e+00  5.123190e+00  4.766180e+00  
4.436020e+00  4.126790e+00  3.834280e+00  3.551500e+00  3.270740e+00  2.983300e+00  
2.678780e+00  2.516100e+00  2.341500e+00  2.193500e+00  2.050960e+00  2.017810e+00  
1.990300e+00  1.986670e+00  1.983530e+00  1.983180e+00  1.982840e+00  1.983450e+00  
1.161422e+01  1.053131e+01  9.646170e+00  8.857620e+00  8.153820e+00  7.519720e+00  
6.948500e+00  6.433470e+00  5.968820e+00  5.548800e+00  5.167390e+00  4.817660e+00  
4.490940e+00  4.180400e+00  3.883370e+00  3.595720e+00  3.309150e+00  3.004770e+00  
2.659450e+00  2.464080e+00  2.246570e+00  2.052500e+00  1.852340e+00  1.808830e+00  
1.784660e+00  1.781870e+00  1.775640e+00  1.774340e+00  1.775350e+00  1.787300e+00  
1.148705e+01  1.043322e+01  9.587870e+00  8.835290e+00  8.159330e+00  7.547710e+00  
6.994370e+00  6.493450e+00  6.039830e+00  5.628370e+00  5.253650e+00  4.909420e+00  
4.587670e+00  4.281880e+00  3.988750e+00  3.702910e+00  3.413390e+00  3.095290e+00  
2.716920e+00  2.494100e+00  2.239090e+00  2.006010e+00  1.757380e+00  1.701230e+00  
1.679240e+00  1.677720e+00  1.669160e+00  1.667030e+00  1.669520e+00  1.688870e+00  
1.138748e+01  1.035897e+01  9.548860e+00  8.826820e+00  8.175250e+00  7.583770e+00  
7.047070e+00  6.559820e+00  6.117390e+00  5.715130e+00  5.348080e+00  5.010420e+00  
4.694600e+00  4.394270e+00  4.105690e+00  3.822570e+00  3.531860e+00  3.203970e+00  
2.799960e+00  2.555020e+00  2.268100e+00  2.001220e+00  1.707030e+00  1.637890e+00  
1.617500e+00  1.617270e+00  1.606780e+00  1.603960e+00  1.607870e+00  1.629510e+00  
1.130845e+01  1.030139e+01  9.521910e+00  8.825260e+00  8.194790e+00  7.621020e+00  
7.099260e+00  6.624620e+00  6.192870e+00  5.799670e+00  5.440410e+00  5.109600e+00  
4.800000e+00  4.505330e+00  4.221540e+00  3.941610e+00  3.650870e+00  3.315930e+00  
2.891590e+00  2.628310e+00  2.314130e+00  2.016940e+00  1.680160e+00  1.598180e+00  
1.578010e+00  1.578860e+00  1.566760e+00  1.563390e+00  1.568510e+00  1.589960e+00  
1.119180e+01  1.021897e+01  9.488700e+00  8.831940e+00  8.235580e+00  7.691060e+00  
7.194550e+00  6.741730e+00  6.328950e+00  5.952400e+00  5.607900e+00  5.290370e+00  
4.992930e+00  4.709400e+00  4.435280e+00  4.162520e+00  3.874060e+00  3.530720e+00  
3.076880e+00  2.785020e+00  2.426320e+00  2.076760e+00  1.662890e+00  1.556240e+00  
1.532020e+00  1.534100e+00  1.519610e+00  1.515450e+00  1.522320e+00  1.540920e+00  
1.110086e+01  1.015893e+01  9.468920e+00  8.844580e+00  8.275930e+00  7.755150e+00  
7.279000e+00  6.843790e+00  6.446310e+00  6.083250e+00  5.750930e+00  5.444770e+00  
5.158470e+00  4.886080e+00  4.622630e+00  4.359000e+00  4.075370e+00  3.725900e+00  
3.245200e+00  2.928450e+00  2.534350e+00  2.147400e+00  1.686640e+00  1.557430e+00  
1.491630e+00  1.495460e+00  1.501850e+00  1.499010e+00  1.488720e+00  1.511810e+00  
1.104217e+01  1.012240e+01  9.472150e+00  8.883430e+00  8.348260e+00  7.859700e+00  
7.414750e+00  7.009900e+00  6.642140e+00  6.308110e+00  6.003990e+00  5.724700e+00  
5.462950e+00  5.212100e+00  4.967990e+00  4.722770e+00  4.458990e+00  4.134480e+00  
3.665760e+00  3.320430e+00  2.833010e+00  2.319370e+00  1.718200e+00  1.558940e+00  
1.485700e+00  1.477420e+00  1.459820e+00  1.460410e+00  1.456410e+00  1.472720e+00  
1.098141e+01  1.008900e+01  9.472960e+00  8.914570e+00  8.406550e+00  7.942970e+00  
7.521140e+00  7.137950e+00  6.790650e+00  6.476190e+00  6.190910e+00  5.929870e+00  
5.685610e+00  5.451410e+00  5.223210e+00  4.993110e+00  4.743240e+00  4.429670e+00  
3.962240e+00  3.607400e+00  3.092690e+00  2.526530e+00  1.799730e+00  1.588960e+00  
1.477220e+00  1.465490e+00  1.445100e+00  1.444470e+00  1.440890e+00  1.453050e+00  
1.088212e+01  1.004703e+01  9.488340e+00  8.975270e+00  8.503270e+00  8.069020e+00  
7.671780e+00  7.310790e+00  6.985600e+00  6.693970e+00  6.432740e+00  6.197360e+00  
5.980780e+00  5.776040e+00  5.577570e+00  5.374020e+00  5.145650e+00  4.853060e+00  
4.405720e+00  4.052830e+00  3.517260e+00  2.882970e+00  1.973020e+00  1.695010e+00  
1.473150e+00  1.449000e+00  1.433830e+00  1.431430e+00  1.427370e+00  1.433560e+00  
1.085878e+01  1.004137e+01  9.504940e+00  9.011520e+00  8.557540e+00  8.140340e+00  
7.759440e+00  7.414440e+00  7.105210e+00  6.829810e+00  6.585330e+00  6.367420e+00  
6.169170e+00  5.983690e+00  5.805580e+00  5.623400e+00  5.417900e+00  5.152020e+00  
4.734730e+00  4.393520e+00  3.855490e+00  3.184400e+00  2.138350e+00  1.792360e+00  
1.487430e+00  1.449540e+00  1.426790e+00  1.423980e+00  1.416860e+00  1.423770e+00  
1.085438e+01  1.004471e+01  9.519110e+00  9.036440e+00  8.593440e+00  8.187510e+00  
7.817920e+00  7.484050e+00  7.185530e+00  6.920830e+00  6.687640e+00  6.482600e+00  
6.300050e+00  6.133570e+00  5.976070e+00  5.812040e+00  5.619260e+00  5.364290e+00  
4.966490e+00  4.647340e+00  4.146620e+00  3.481180e+00  2.291420e+00  1.870010e+00  
1.505650e+00  1.458340e+00  1.422390e+00  1.416760e+00  1.414290e+00  1.417900e+00  
1.084881e+01  1.004778e+01  9.530770e+00  9.056310e+00  8.621330e+00  8.223420e+00  
7.861790e+00  7.535830e+00  7.245020e+00  6.988080e+00  6.763040e+00  6.567020e+00  
6.394910e+00  6.240960e+00  6.098370e+00  5.951860e+00  5.778900e+00  5.544360e+00  
5.166880e+00  4.859710e+00  4.373530e+00  3.709750e+00  2.444810e+00  1.961210e+00  
1.521390e+00  1.463110e+00  1.420760e+00  1.413570e+00  1.411000e+00  1.414030e+00  
1.083897e+01  1.005849e+01  9.552640e+00  9.085320e+00  8.656910e+00  8.267950e+00  
7.917350e+00  7.603510e+00  7.324790e+00  7.079790e+00  6.866830e+00  6.683630e+00  
6.526550e+00  6.390980e+00  6.270420e+00  6.149170e+00  6.005320e+00  5.808120e+00  
5.481570e+00  5.203560e+00  4.738810e+00  4.067830e+00  2.705330e+00  2.143710e+00  
1.564570e+00  1.478610e+00  1.416340e+00  1.409850e+00  1.399720e+00  1.409210e+00  
1.085581e+01  1.006694e+01  9.559680e+00  9.097460e+00  8.677000e+00  8.295830e+00  
7.952650e+00  7.646150e+00  7.375050e+00  7.138160e+00  6.933810e+00  6.759330e+00  
6.609850e+00  6.481240e+00  6.372090e+00  6.276950e+00  6.177820e+00  6.020000e+00  
5.705450e+00  5.435110e+00  5.007750e+00  4.381970e+00  2.957030e+00  2.304630e+00  
1.593070e+00  1.488200e+00  1.418510e+00  1.410370e+00  1.403450e+00  1.406300e+00  
1.083344e+01  1.006862e+01  9.575060e+00  9.124390e+00  8.713810e+00  8.341510e+00  
8.006350e+00  7.707370e+00  7.443780e+00  7.215110e+00  7.021000e+00  6.860420e+00  
6.731150e+00  6.630380e+00  6.554110e+00  6.489990e+00  6.418510e+00  6.306030e+00  
6.075080e+00  5.858680e+00  5.489700e+00  4.917050e+00  3.459450e+00  2.658670e+00  
1.684480e+00  1.534270e+00  1.422230e+00  1.411490e+00  1.395530e+00  1.402380e+00  
1.081669e+01  1.007291e+01  9.585040e+00  9.138730e+00  8.731750e+00  8.362750e+00  
8.030950e+00  7.735920e+00  7.477470e+00  7.255270e+00  7.068890e+00  6.917210e+00  
6.797710e+00  6.707930e+00  6.645670e+00  6.602010e+00  6.560600e+00  6.487750e+00  
6.311000e+00  6.130550e+00  5.800230e+00  5.272870e+00  3.850270e+00  2.970360e+00  
1.773080e+00  1.576300e+00  1.429360e+00  1.413570e+00  1.397360e+00  1.400440e+00  
1.077788e+01  1.007794e+01  9.594900e+00  9.152120e+00  8.748360e+00  8.383040e+00  
8.055580e+00  7.765730e+00  7.513460e+00  7.298470e+00  7.120350e+00  6.978060e+00  
6.869510e+00  6.792840e+00  6.746840e+00  6.724150e+00  6.712730e+00  6.690630e+00  
6.594850e+00  6.464540e+00  6.192730e+00  5.734990e+00  4.415680e+00  3.458060e+00  
1.947420e+00  1.677500e+00  1.445420e+00  1.421050e+00  1.393820e+00  1.398480e+00  
1.074472e+01  1.007904e+01  9.598700e+00  9.158590e+00  8.757360e+00  8.394200e+00  
8.068910e+00  7.781710e+00  7.533030e+00  7.322280e+00  7.148300e+00  7.009990e+00  
6.906000e+00  6.835590e+00  6.799050e+00  6.791570e+00  6.802700e+00  6.806320e+00  
6.740700e+00  6.641640e+00  6.444440e+00  6.087500e+00  4.803450e+00  3.774010e+00  
2.129580e+00  1.799960e+00  1.460220e+00  1.413480e+00  1.397620e+00  1.397510e+00  
1.073811e+01  1.008642e+01  9.600650e+00  9.158370e+00  8.757480e+00  8.396600e+00  
8.074730e+00  7.791140e+00  7.545330e+00  7.336980e+00  7.165590e+00  7.030040e+00  
6.927530e+00  6.856980e+00  6.821930e+00  6.824640e+00  6.859910e+00  6.894150e+00  
6.863080e+00  6.784960e+00  6.599530e+00  6.247410e+00  5.092690e+00  4.150610e+00  
2.270830e+00  1.870550e+00  1.483340e+00  1.435460e+00  1.395070e+00  1.396930e+00  
1.070198e+01  1.007912e+01  9.602360e+00  9.165720e+00  8.767740e+00  8.407670e+00  
8.085170e+00  7.800320e+00  7.553510e+00  7.344840e+00  7.174300e+00  7.041560e+00  
6.944970e+00  6.883440e+00  6.856990e+00  6.860020e+00  6.884720e+00  6.920350e+00  
6.931160e+00  6.887720e+00  6.731360e+00  6.400310e+00  5.320230e+00  4.407630e+00  
2.420020e+00  1.961310e+00  1.501360e+00  1.445840e+00  1.396070e+00  1.396550e+00  
1.068110e+01  1.007989e+01  9.604430e+00  9.169090e+00  8.772480e+00  8.413880e+00  
8.092910e+00  7.809640e+00  7.564470e+00  7.357550e+00  7.188990e+00  7.058610e+00  
6.965020e+00  6.907380e+00  6.886060e+00  6.895970e+00  6.930630e+00  6.982840e+00  
7.025460e+00  7.010740e+00  6.901550e+00  6.629970e+00  5.660830e+00  4.795540e+00  
2.695350e+00  2.138730e+00  1.540840e+00  1.463180e+00  1.398120e+00  1.396060e+00  
1.066785e+01  1.008222e+01  9.607320e+00  9.171330e+00  8.774030e+00  8.415560e+00  
8.095620e+00  7.814160e+00  7.571370e+00  7.366860e+00  7.199970e+00  7.070200e+00  
6.977180e+00  6.921020e+00  6.902420e+00  6.916980e+00  6.959340e+00  7.024530e+00  
7.084720e+00  7.082130e+00  7.004540e+00  6.799860e+00  5.940040e+00  5.054880e+00  
2.926360e+00  2.314990e+00  1.585610e+00  1.466840e+00  1.412700e+00  1.395770e+00  
1.064819e+01  1.008315e+01  9.609100e+00  9.173970e+00  8.777730e+00  8.420570e+00  
8.102070e+00  7.822070e+00  7.580540e+00  7.377240e+00  7.211710e+00  7.083750e+00  
6.993290e+00  6.940710e+00  6.926810e+00  6.947110e+00  6.996940e+00  7.074700e+00  
7.165760e+00  7.195320e+00  7.167490e+00  7.022460e+00  6.332340e+00  5.600400e+00  
3.419850e+00  2.658830e+00  1.685390e+00  1.517740e+00  1.424750e+00  1.395390e+00  
1.063655e+01  1.008359e+01  9.610260e+00  9.175660e+00  8.779870e+00  8.423230e+00  
8.105250e+00  7.825590e+00  7.584230e+00  7.381280e+00  7.216970e+00  7.091200e+00  
7.002740e+00  6.951290e+00  6.938470e+00  6.961770e+00  7.018030e+00  7.103650e+00  
7.203650e+00  7.246210e+00  7.259590e+00  7.169170e+00  6.545600e+00  5.925470e+00  
3.841260e+00  2.964680e+00  1.777470e+00  1.570130e+00  1.423580e+00  1.395190e+00  
1.062426e+01  1.008368e+01  9.611040e+00  9.177170e+00  8.781970e+00  8.425660e+00  
8.107900e+00  7.828600e+00  7.587960e+00  7.386070e+00  7.222920e+00  7.098310e+00  
7.011200e+00  6.961450e+00  6.950860e+00  6.977250e+00  7.038220e+00  7.132320e+00  
7.247250e+00  7.302740e+00  7.344340e+00  7.310130e+00  6.850010e+00  6.345650e+00  
4.428540e+00  3.447670e+00  1.955430e+00  1.666370e+00  1.446280e+00  1.394990e+00  
1.061785e+01  1.008368e+01  9.611240e+00  9.177550e+00  8.782580e+00  8.426540e+00  
8.109160e+00  7.830430e+00  7.590560e+00  7.389340e+00  7.226260e+00  7.101190e+00  
7.014270e+00  6.966210e+00  6.958150e+00  6.986070e+00  7.046630e+00  7.142190e+00  
7.273520e+00  7.344760e+00  7.387230e+00  7.343410e+00  7.030540e+00  6.708870e+00  
4.804120e+00  3.763550e+00  2.125760e+00  1.784440e+00  1.469220e+00  1.394880e+00  
1.063181e+01  1.008943e+01  9.610190e+00  9.173730e+00  8.778510e+00  8.423410e+00  
8.107570e+00  7.830440e+00  7.591720e+00  7.391340e+00  7.229200e+00  7.104620e+00  
7.015480e+00  6.961810e+00  6.949030e+00  6.982950e+00  7.064970e+00  7.175130e+00  
7.288400e+00  7.346540e+00  7.405870e+00  7.423300e+00  7.156700e+00  6.779220e+00  
5.148590e+00  4.126970e+00  2.284360e+00  1.857210e+00  1.488080e+00  1.394820e+00  
1.062867e+01  1.008935e+01  9.610330e+00  9.174050e+00  8.779000e+00  8.424040e+00  
8.108310e+00  7.831300e+00  7.592700e+00  7.392460e+00  7.230440e+00  7.106050e+00  
7.017160e+00  6.963840e+00  6.951540e+00  6.986120e+00  7.069130e+00  7.180750e+00  
7.296920e+00  7.358220e+00  7.424380e+00  7.455030e+00  7.237580e+00  6.907740e+00  
5.388940e+00  4.375000e+00  2.435140e+00  1.953010e+00  1.508340e+00  1.394780e+00  
1.060656e+01  1.008408e+01  9.612330e+00  9.178940e+00  8.784210e+00  8.428560e+00  
8.111640e+00  7.833280e+00  7.593560e+00  7.392590e+00  7.230520e+00  7.107230e+00  
7.021790e+00  6.974220e+00  6.966500e+00  6.996790e+00  7.063470e+00  7.167170e+00  
7.303470e+00  7.379380e+00  7.453360e+00  7.492600e+00  7.346610e+00  7.075420e+00  
5.734440e+00  4.761210e+00  2.708120e+00  2.141800e+00  1.547980e+00  1.394730e+00  
1.060644e+01  1.008433e+01  9.611910e+00  9.178610e+00  8.784220e+00  8.428760e+00  
8.111940e+00  7.833790e+00  7.594580e+00  7.394120e+00  7.231920e+00  7.107840e+00  
7.021990e+00  6.975180e+00  6.968990e+00  7.000360e+00  7.066710e+00  7.169660e+00  
7.310300e+00  7.393150e+00  7.472820e+00  7.504340e+00  7.384980e+00  7.230930e+00  
5.970450e+00  5.003310e+00  2.946600e+00  2.343850e+00  1.577110e+00  1.394700e+00  
