5.336220e+00  5.427160e+00  5.494060e+00  5.540760e+00  5.569690e+00  5.583980e+00  
5.585070e+00  5.575150e+00  5.557130e+00  5.532070e+00  5.501160e+00  5.465250e+00  
5.425180e+00  5.382220e+00  5.337860e+00  5.295540e+00  5.258860e+00  5.229120e+00  
5.206170e+00  5.195970e+00  5.185070e+00  5.175210e+00  5.163760e+00  5.160670e+00  
5.158210e+00  5.157880e+00  5.157650e+00  5.157620e+00  5.157590e+00  5.157600e+00  
6.015200e+00  6.115550e+00  6.176740e+00  6.206010e+00  6.209230e+00  6.193480e+00  
6.161800e+00  6.117810e+00  6.066070e+00  6.007130e+00  5.940650e+00  5.867820e+00  
5.793030e+00  5.720300e+00  5.650020e+00  5.582020e+00  5.517020e+00  5.458330e+00  
5.404130e+00  5.374920e+00  5.346420e+00  5.326410e+00  5.311390e+00  5.307680e+00  
5.304700e+00  5.304330e+00  5.304020e+00  5.303970e+00  5.303970e+00  5.303910e+00  
6.498330e+00  6.599620e+00  6.647850e+00  6.654070e+00  6.628120e+00  6.581190e+00  
6.517560e+00  6.441570e+00  6.358520e+00  6.269450e+00  6.174420e+00  6.075230e+00  
5.976010e+00  5.880750e+00  5.789700e+00  5.702240e+00  5.618490e+00  5.541330e+00  
5.470010e+00  5.434030e+00  5.399630e+00  5.375350e+00  5.355350e+00  5.350510e+00  
5.346660e+00  5.346180e+00  5.345790e+00  5.345730e+00  5.345710e+00  5.345650e+00  
7.177620e+00  7.269200e+00  7.284660e+00  7.242580e+00  7.159920e+00  7.055070e+00  
6.934390e+00  6.803470e+00  6.668800e+00  6.532130e+00  6.394070e+00  6.256710e+00  
6.122450e+00  5.994010e+00  5.871880e+00  5.755810e+00  5.645960e+00  5.543800e+00  
5.452130e+00  5.411330e+00  5.373380e+00  5.345620e+00  5.318250e+00  5.311720e+00  
5.306550e+00  5.305860e+00  5.305360e+00  5.305300e+00  5.305250e+00  5.305230e+00  
7.657400e+00  7.732510e+00  7.713240e+00  7.625210e+00  7.491530e+00  7.336540e+00  
7.168270e+00  6.993160e+00  6.818490e+00  6.646060e+00  6.476340e+00  6.311120e+00  
6.151390e+00  5.998840e+00  5.854030e+00  5.717010e+00  5.588010e+00  5.467810e+00  
5.361930e+00  5.317960e+00  5.277960e+00  5.248430e+00  5.216980e+00  5.209560e+00  
5.203730e+00  5.202930e+00  5.202370e+00  5.202310e+00  5.202240e+00  5.202230e+00  
8.027720e+00  8.083780e+00  8.030500e+00  7.900170e+00  7.721260e+00  7.523060e+00  
7.314850e+00  7.103620e+00  6.897030e+00  6.696540e+00  6.502160e+00  6.314990e+00  
6.135250e+00  5.963890e+00  5.801450e+00  5.647860e+00  5.503350e+00  5.368520e+00  
5.250620e+00  5.202990e+00  5.160370e+00  5.129210e+00  5.095520e+00  5.087670e+00  
5.081530e+00  5.080690e+00  5.080100e+00  5.080030e+00  5.079960e+00  5.079960e+00  
8.329030e+00  8.365040e+00  8.279200e+00  8.110120e+00  7.890940e+00  7.655130e+00  
7.412940e+00  7.171600e+00  6.938840e+00  6.715600e+00  6.501200e+00  6.295930e+00  
6.099730e+00  5.913040e+00  5.736230e+00  5.568970e+00  5.411260e+00  5.263910e+00  
5.135060e+00  5.083140e+00  5.037170e+00  5.004240e+00  4.969330e+00  4.961330e+00  
4.955120e+00  4.954280e+00  4.953680e+00  4.953600e+00  4.953530e+00  4.953540e+00  
8.802530e+00  8.797950e+00  8.651730e+00  8.414080e+00  8.126070e+00  7.827800e+00  
7.530670e+00  7.241820e+00  6.968480e+00  6.710280e+00  6.464740e+00  6.230670e+00  
6.008350e+00  5.797670e+00  5.598480e+00  5.409420e+00  5.229850e+00  5.061470e+00  
4.912660e+00  4.850890e+00  4.796750e+00  4.759820e+00  4.724210e+00  4.716330e+00  
4.710280e+00  4.709470e+00  4.708900e+00  4.708830e+00  4.708770e+00  4.708750e+00  
9.167460e+00  9.123110e+00  8.922400e+00  8.625840e+00  8.280890e+00  7.932640e+00  
7.592800e+00  7.267930e+00  6.964390e+00  6.680060e+00  6.411110e+00  6.154870e+00  
5.912480e+00  5.683560e+00  5.467350e+00  5.261340e+00  5.064160e+00  4.878590e+00  
4.712020e+00  4.640020e+00  4.576970e+00  4.535600e+00  4.499770e+00  4.492100e+00  
4.486310e+00  4.485560e+00  4.485020e+00  4.484960e+00  4.484910e+00  4.484870e+00  
1.009574e+01  9.679540e+00  9.244160e+00  8.825060e+00  8.421050e+00  8.031480e+00  
7.655740e+00  7.293570e+00  6.945230e+00  6.609480e+00  6.290260e+00  5.986450e+00  
5.699450e+00  5.427060e+00  5.169970e+00  4.928960e+00  4.704270e+00  4.493410e+00  
4.299020e+00  4.214000e+00  4.143640e+00  4.098010e+00  4.033030e+00  4.012540e+00  
4.017240e+00  4.020460e+00  4.018730e+00  4.017650e+00  4.019570e+00  4.018310e+00  
1.027027e+01  1.004963e+01  9.638320e+00  9.135480e+00  8.605890e+00  8.105860e+00  
7.643690e+00  7.219310e+00  6.831760e+00  6.473920e+00  6.139550e+00  5.820610e+00  
5.521530e+00  5.240020e+00  4.973270e+00  4.715900e+00  4.464780e+00  4.224420e+00  
3.993920e+00  3.880800e+00  3.779300e+00  3.715100e+00  3.671400e+00  3.662690e+00  
3.656350e+00  3.655650e+00  3.655100e+00  3.654990e+00  3.654970e+00  3.654950e+00  
1.087590e+01  1.050970e+01  9.949240e+00  9.317920e+00  8.684900e+00  8.106630e+00  
7.585990e+00  7.116290e+00  6.686900e+00  6.293310e+00  5.927350e+00  5.579220e+00  
5.252840e+00  4.945120e+00  4.651730e+00  4.367330e+00  4.088520e+00  3.818130e+00  
3.548890e+00  3.410640e+00  3.283830e+00  3.201080e+00  3.143840e+00  3.132100e+00  
3.123450e+00  3.122500e+00  3.121750e+00  3.121610e+00  3.121580e+00  3.121590e+00  
1.145852e+01  1.072558e+01  9.983560e+00  9.301130e+00  8.670230e+00  8.085370e+00  
7.543100e+00  7.040960e+00  6.572900e+00  6.140780e+00  5.745100e+00  5.376550e+00  
5.033700e+00  4.711660e+00  4.405550e+00  4.112970e+00  3.828470e+00  3.538710e+00  
3.234210e+00  3.081580e+00  2.940830e+00  2.843760e+00  2.768030e+00  2.759330e+00  
2.745470e+00  2.743100e+00  2.742570e+00  2.742430e+00  2.742640e+00  2.742440e+00  
1.172063e+01  1.090044e+01  1.007917e+01  9.333070e+00  8.650560e+00  8.024700e+00  
7.450170e+00  6.922160e+00  6.435750e+00  5.990730e+00  5.586960e+00  5.212080e+00  
4.862430e+00  4.534380e+00  4.220660e+00  3.918480e+00  3.622050e+00  3.317980e+00  
2.996820e+00  2.834860e+00  2.684090e+00  2.577550e+00  2.488600e+00  2.475370e+00  
2.458990e+00  2.456420e+00  2.455510e+00  2.455350e+00  2.455430e+00  2.455260e+00  
1.191126e+01  1.101830e+01  1.013257e+01  9.335780e+00  8.612770e+00  7.955480e+00  
7.356970e+00  6.809540e+00  6.309810e+00  5.857090e+00  5.448490e+00  5.070200e+00  
4.716460e+00  4.384890e+00  4.066680e+00  3.758460e+00  3.454240e+00  3.140770e+00  
2.808710e+00  2.640590e+00  2.482870e+00  2.369150e+00  2.268740e+00  2.251130e+00  
2.232500e+00  2.229790e+00  2.228500e+00  2.228310e+00  2.228290e+00  2.228130e+00  
1.215498e+01  1.114958e+01  1.016768e+01  9.296870e+00  8.515860e+00  7.814170e+00  
7.182940e+00  6.611580e+00  6.096540e+00  5.639260e+00  5.228570e+00  4.848440e+00  
4.487950e+00  4.145460e+00  3.814090e+00  3.492140e+00  3.176900e+00  2.857360e+00  
2.524100e+00  2.353500e+00  2.185230e+00  2.056410e+00  1.940560e+00  1.913470e+00  
1.891840e+00  1.889280e+00  1.887130e+00  1.886850e+00  1.886640e+00  1.886550e+00  
1.237867e+01  1.123762e+01  1.015836e+01  9.222720e+00  8.400440e+00  7.673130e+00  
7.026230e+00  6.446140e+00  5.923900e+00  5.461600e+00  5.045430e+00  4.659450e+00  
4.292750e+00  3.944720e+00  3.611290e+00  3.287840e+00  2.971320e+00  2.650070e+00  
2.313650e+00  2.140140e+00  1.966690e+00  1.830280e+00  1.700720e+00  1.669430e+00  
1.644460e+00  1.641470e+00  1.638940e+00  1.638630e+00  1.638360e+00  1.638260e+00  
1.278384e+01  1.136329e+01  1.010151e+01  9.047900e+00  8.153790e+00  7.383560e+00  
6.709240e+00  6.114750e+00  5.587710e+00  5.118570e+00  4.694380e+00  4.300030e+00  
3.924960e+00  3.567790e+00  3.233160e+00  2.912590e+00  2.601160e+00  2.286380e+00  
1.955780e+00  1.782530e+00  1.603450e+00  1.455700e+00  1.307020e+00  1.269430e+00  
1.239250e+00  1.235600e+00  1.232520e+00  1.232150e+00  1.231810e+00  1.231740e+00  
1.310084e+01  1.144961e+01  1.005519e+01  8.918680e+00  7.971340e+00  7.170440e+00  
6.480870e+00  5.877600e+00  5.347720e+00  4.875720e+00  4.446490e+00  4.047230e+00  
3.667900e+00  3.306260e+00  2.969530e+00  2.654200e+00  2.350480e+00  2.045730e+00  
1.726200e+00  1.556910e+00  1.377490e+00  1.225180e+00  1.068310e+00  1.027690e+00  
9.949500e-01  9.909900e-01  9.876600e-01  9.872400e-01  9.868800e-01  9.868600e-01  
1.365273e+01  1.161174e+01  1.004162e+01  8.809800e+00  7.798740e+00  6.949190e+00  
6.233690e+00  5.616080e+00  5.073420e+00  4.590230e+00  4.149250e+00  3.739430e+00  
3.354960e+00  2.993430e+00  2.656770e+00  2.346540e+00  2.049160e+00  1.755260e+00  
1.453410e+00  1.292640e+00  1.119680e+00  9.689300e-01  8.047600e-01  7.614100e-01  
7.265800e-01  7.219900e-01  7.186200e-01  7.182100e-01  7.178500e-01  7.177900e-01  
1.417338e+01  1.181515e+01  1.012231e+01  8.819460e+00  7.765300e+00  6.878780e+00  
6.139090e+00  5.508390e+00  4.954220e+00  4.459310e+00  4.008880e+00  3.592270e+00  
3.203280e+00  2.838300e+00  2.497050e+00  2.181230e+00  1.886920e+00  1.598550e+00  
1.305960e+00  1.151330e+00  9.835900e-01  8.348900e-01  6.676400e-01  6.227300e-01  
5.867600e-01  5.820500e-01  5.785600e-01  5.781200e-01  5.777900e-01  5.776500e-01  
1.465365e+01  1.204039e+01  1.025857e+01  8.895270e+00  7.805940e+00  6.892860e+00  
6.132060e+00  5.486640e+00  4.920610e+00  4.413990e+00  3.953070e+00  3.528070e+00  
3.132700e+00  2.762790e+00  2.416600e+00  2.094000e+00  1.796570e+00  1.510450e+00  
1.222250e+00  1.070340e+00  9.044500e-01  7.558000e-01  5.858300e-01  5.398100e-01  
5.028900e-01  4.980600e-01  4.944700e-01  4.940200e-01  4.936900e-01  4.934900e-01  
1.509148e+01  1.226655e+01  1.041616e+01  9.000530e+00  7.879910e+00  6.948630e+00  
6.171610e+00  5.511900e+00  4.933750e+00  4.416120e+00  3.945260e+00  3.511790e+00  
3.109600e+00  2.734150e+00  2.382580e+00  2.053150e+00  1.748440e+00  1.462070e+00  
1.174910e+00  1.023530e+00  8.572500e-01  7.071200e-01  5.337900e-01  4.866400e-01  
4.486700e-01  4.437000e-01  4.400200e-01  4.395500e-01  4.392200e-01  4.389800e-01  
1.579003e+01  1.275245e+01  1.079777e+01  9.251170e+00  8.034560e+00  7.068980e+00  
6.284150e+00  5.621780e+00  5.034660e+00  4.503280e+00  4.017720e+00  3.570150e+00  
3.153270e+00  2.761950e+00  2.394130e+00  2.049070e+00  1.728490e+00  1.433990e+00  
1.142270e+00  9.877800e-01  8.168800e-01  6.607600e-01  4.773700e-01  4.272900e-01  
3.868800e-01  3.818000e-01  3.776200e-01  3.771300e-01  3.766500e-01  3.765400e-01  
1.638916e+01  1.311898e+01  1.109423e+01  9.492200e+00  8.242690e+00  7.258890e+00  
6.459550e+00  5.781580e+00  5.178720e+00  4.632880e+00  4.134550e+00  3.675510e+00  
3.248000e+00  2.846230e+00  2.467060e+00  2.107840e+00  1.768670e+00  1.454810e+00  
1.153270e+00  9.930900e-01  8.144400e-01  6.495300e-01  4.533500e-01  3.994800e-01  
3.559200e-01  3.504300e-01  3.459300e-01  3.453900e-01  3.448900e-01  3.448400e-01  
1.746187e+01  1.382465e+01  1.170498e+01  1.003678e+01  8.769660e+00  7.756710e+00  
6.926570e+00  6.216290e+00  5.583120e+00  5.009710e+00  4.486520e+00  4.004610e+00  
3.555130e+00  3.130870e+00  2.726610e+00  2.336440e+00  1.957720e+00  1.594970e+00  
1.251290e+00  1.071000e+00  8.661600e-01  6.735800e-01  4.411200e-01  3.770400e-01  
3.251500e-01  3.185900e-01  3.133500e-01  3.126800e-01  3.121000e-01  3.120700e-01  
1.813602e+01  1.431433e+01  1.218211e+01  1.051161e+01  9.253760e+00  8.225250e+00  
7.369710e+00  6.631590e+00  5.973780e+00  5.378980e+00  4.836590e+00  4.336550e+00  
3.868580e+00  3.424570e+00  2.999480e+00  2.587500e+00  2.183480e+00  1.783950e+00  
1.385340e+00  1.178900e+00  9.422200e-01  7.195200e-01  4.525600e-01  3.775500e-01  
3.166000e-01  3.089200e-01  3.028700e-01  3.020700e-01  3.016400e-01  3.011800e-01  
1.899329e+01  1.495482e+01  1.286444e+01  1.126228e+01  1.002606e+01  8.989670e+00  
8.108270e+00  7.336990e+00  6.645880e+00  6.019330e+00  5.447100e+00  4.919370e+00  
4.425870e+00  3.957800e+00  3.508370e+00  3.068740e+00  2.627840e+00  2.169990e+00  
1.675010e+00  1.405050e+00  1.105930e+00  8.250000e-01  4.920100e-01  3.965300e-01  
3.165700e-01  3.055000e-01  2.960800e-01  2.949800e-01  2.948800e-01  2.931300e-01  
1.950800e+01  1.533353e+01  1.332780e+01  1.181979e+01  1.061484e+01  9.579120e+00  
8.679680e+00  7.885510e+00  7.176470e+00  6.536020e+00  5.949710e+00  5.405620e+00  
4.894630e+00  4.408520e+00  3.940010e+00  3.479290e+00  3.013460e+00  2.522660e+00  
1.963860e+00  1.635670e+00  1.265670e+00  9.264200e-01  5.341400e-01  4.242300e-01  
3.235000e-01  3.074700e-01  2.933600e-01  2.919100e-01  2.919700e-01  2.893000e-01  
1.972784e+01  1.556973e+01  1.370370e+01  1.227685e+01  1.109147e+01  1.005255e+01  
9.137870e+00  8.323490e+00  7.595090e+00  6.939370e+00  6.344460e+00  5.798190e+00  
5.286990e+00  4.799210e+00  4.326460e+00  3.857040e+00  3.371490e+00  2.833750e+00  
2.198620e+00  1.828170e+00  1.411560e+00  1.040300e+00  5.856300e-01  4.489600e-01  
3.309000e-01  3.116000e-01  2.916600e-01  2.892900e-01  2.905000e-01  2.867500e-01  
1.998576e+01  1.573590e+01  1.395488e+01  1.258146e+01  1.142669e+01  1.040553e+01  
9.500310e+00  8.689070e+00  7.959270e+00  7.298890e+00  6.697280e+00  6.143300e+00  
5.624530e+00  5.129750e+00  4.649890e+00  4.171840e+00  3.673220e+00  3.111460e+00  
2.430780e+00  2.023910e+00  1.556740e+00  1.138660e+00  6.317400e-01  4.778200e-01  
3.397500e-01  3.158100e-01  2.903900e-01  2.873600e-01  2.889600e-01  2.848400e-01  
2.032376e+01  1.594472e+01  1.431720e+01  1.302390e+01  1.192310e+01  1.093673e+01  
1.005345e+01  9.254390e+00  8.529710e+00  7.869270e+00  7.264030e+00  6.704360e+00  
6.179310e+00  5.678290e+00  5.191360e+00  4.703470e+00  4.187970e+00  3.592330e+00  
2.843480e+00  2.379890e+00  1.830020e+00  1.323280e+00  7.215600e-01  5.348100e-01  
3.576900e-01  3.248400e-01  2.889400e-01  2.845200e-01  2.865300e-01  2.821500e-01  
2.052936e+01  1.607274e+01  1.456219e+01  1.333009e+01  1.227348e+01  1.131850e+01  
1.045747e+01  9.673740e+00  8.959220e+00  8.305020e+00  7.703210e+00  7.145070e+00  
6.620550e+00  6.119400e+00  5.631200e+00  5.139630e+00  4.615120e+00  3.998100e+00  
3.201870e+00  2.696520e+00  2.082670e+00  1.496930e+00  8.070400e-01  5.893900e-01  
3.751300e-01  3.340300e-01  2.885100e-01  2.826800e-01  2.846400e-01  2.803300e-01  
2.079144e+01  1.625334e+01  1.491427e+01  1.379173e+01  1.281421e+01  1.192188e+01  
1.110986e+01  1.036522e+01  9.681900e+00  9.052830e+00  8.471480e+00  7.930270e+00  
7.419910e+00  6.930440e+00  6.450880e+00  5.963350e+00  5.434220e+00  4.793520e+00  
3.930820e+00  3.359600e+00  2.635600e+00  1.905280e+00  1.001450e+00  7.137400e-01  
4.152800e-01  3.562300e-01  2.899300e-01  2.806900e-01  2.812200e-01  2.775800e-01  
2.091750e+01  1.634102e+01  1.509748e+01  1.404559e+01  1.312074e+01  1.227349e+01  
1.150014e+01  1.078949e+01  1.013632e+01  9.534380e+00  8.977660e+00  8.458860e+00  
7.968540e+00  7.496530e+00  7.031890e+00  6.556220e+00  6.034230e+00  5.390810e+00  
4.500590e+00  3.893950e+00  3.101770e+00  2.268580e+00  1.174240e+00  8.246400e-01  
4.513900e-01  3.770100e-01  2.931700e-01  2.807500e-01  2.789500e-01  2.760300e-01  
2.104521e+01  1.641216e+01  1.528074e+01  1.431222e+01  1.345310e+01  1.266598e+01  
1.194742e+01  1.128858e+01  1.068457e+01  1.012979e+01  9.618370e+00  9.142700e+00  
8.692390e+00  8.256580e+00  7.824790e+00  7.378900e+00  6.882840e+00  6.257590e+00  
5.360410e+00  4.723970e+00  3.856860e+00  2.888500e+00  1.475370e+00  1.019850e+00  
5.155200e-01  4.150600e-01  3.018400e-01  2.837300e-01  2.762400e-01  2.743400e-01  
2.109019e+01  1.643681e+01  1.536986e+01  1.444886e+01  1.362898e+01  1.287968e+01  
1.219770e+01  1.157499e+01  1.100705e+01  1.048846e+01  1.001328e+01  9.573490e+00  
9.157690e+00  8.754390e+00  8.353670e+00  7.938040e+00  7.471840e+00  6.875100e+00  
5.996000e+00  5.353890e+00  4.451890e+00  3.400890e+00  1.751430e+00  1.190950e+00  
5.724700e-01  4.496800e-01  3.115700e-01  2.884000e-01  2.748600e-01  2.734500e-01  
2.108917e+01  1.644753e+01  1.542238e+01  1.453210e+01  1.373852e+01  1.301531e+01  
1.235910e+01  1.176271e+01  1.122174e+01  1.073091e+01  1.028427e+01  9.873470e+00  
9.486380e+00  9.111010e+00  8.737940e+00  8.350330e+00  7.913310e+00  7.347130e+00  
6.494940e+00  5.857710e+00  4.940700e+00  3.836520e+00  2.009950e+00  1.345420e+00  
6.245700e-01  4.817600e-01  3.214600e-01  2.936800e-01  2.742200e-01  2.728900e-01  
2.104420e+01  1.645186e+01  1.546609e+01  1.460287e+01  1.382902e+01  1.312241e+01  
1.248032e+01  1.189748e+01  1.137067e+01  1.089563e+01  1.046743e+01  1.007924e+01  
9.720750e+00  9.380220e+00  9.044210e+00  8.687060e+00  8.268670e+00  7.719880e+00  
6.893480e+00  6.269680e+00  5.356970e+00  4.224580e+00  2.248970e+00  1.485780e+00  
6.735000e-01  5.132500e-01  3.313400e-01  2.984500e-01  2.740600e-01  2.725200e-01  
2.098941e+01  1.646982e+01  1.551555e+01  1.467754e+01  1.392747e+01  1.324679e+01  
1.263231e+01  1.207860e+01  1.158212e+01  1.113863e+01  1.074311e+01  1.038826e+01  
1.006275e+01  9.755420e+00  9.457630e+00  9.152600e+00  8.802710e+00  8.316750e+00  
7.525890e+00  6.913870e+00  6.015850e+00  4.862540e+00  2.679120e+00  1.761650e+00  
7.625600e-01  5.689900e-01  3.500200e-01  3.093800e-01  2.747600e-01  2.720400e-01  
2.091885e+01  1.647757e+01  1.555094e+01  1.473381e+01  1.400120e+01  1.333764e+01  
1.273985e+01  1.220332e+01  1.172492e+01  1.130067e+01  1.092609e+01  1.059434e+01  
1.029458e+01  1.001619e+01  9.751330e+00  9.484130e+00  9.177580e+00  8.739320e+00  
7.998370e+00  7.411660e+00  6.535640e+00  5.376270e+00  3.056600e+00  2.021120e+00  
8.440300e-01  6.204200e-01  3.678000e-01  3.200100e-01  2.759600e-01  2.717500e-01  
2.076729e+01  1.649532e+01  1.561064e+01  1.482488e+01  1.411780e+01  1.347865e+01  
1.290452e+01  1.239209e+01  1.193865e+01  1.154135e+01  1.119670e+01  1.089917e+01  
1.063952e+01  1.040895e+01  1.020167e+01  1.000418e+01  9.781780e+00  9.441520e+00  
8.810900e+00  8.284430e+00  7.468300e+00  6.331130e+00  3.836300e+00  2.595690e+00  
1.026280e+00  7.359400e-01  4.084200e-01  3.450300e-01  2.801900e-01  2.713500e-01  
2.052037e+01  1.649844e+01  1.564838e+01  1.488431e+01  1.419129e+01  1.356332e+01  
1.299901e+01  1.249654e+01  1.205479e+01  1.167132e+01  1.134260e+01  1.106470e+01  
1.083250e+01  1.063951e+01  1.047634e+01  1.032010e+01  1.013425e+01  9.854840e+00  
9.333200e+00  8.870020e+00  8.108330e+00  7.009280e+00  4.464260e+00  3.072710e+00  
1.187580e+00  8.399900e-01  4.449400e-01  3.682200e-01  2.850200e-01  2.711500e-01  
1.995810e+01  1.650310e+01  1.567871e+01  1.493477e+01  1.425854e+01  1.364533e+01  
1.309441e+01  1.260451e+01  1.217557e+01  1.180683e+01  1.149676e+01  1.124280e+01  
1.103981e+01  1.088201e+01  1.076290e+01  1.066411e+01  1.055455e+01  1.037589e+01  
9.993490e+00  9.619710e+00  8.951850e+00  7.929160e+00  5.395440e+00  3.864300e+00  
1.474210e+00  1.023960e+00  5.096000e-01  4.088900e-01  2.961800e-01  2.709500e-01  
1.948192e+01  1.650357e+01  1.569087e+01  1.495557e+01  1.428727e+01  1.368207e+01  
1.313937e+01  1.265794e+01  1.223785e+01  1.187871e+01  1.157949e+01  1.133817e+01  
1.115046e+01  1.101187e+01  1.091769e+01  1.085244e+01  1.078956e+01  1.067828e+01  
1.039569e+01  1.008830e+01  9.499470e+00  8.553510e+00  6.084020e+00  4.484770e+00  
1.726570e+00  1.188260e+00  5.668300e-01  4.455300e-01  3.071200e-01  2.708500e-01  
1.913705e+01  1.650491e+01  1.569848e+01  1.496685e+01  1.430168e+01  1.370068e+01  
1.316354e+01  1.268866e+01  1.227616e+01  1.192506e+01  1.163344e+01  1.139913e+01  
1.121973e+01  1.109249e+01  1.101399e+01  1.097060e+01  1.093963e+01  1.087896e+01  
1.066914e+01  1.040685e+01  9.885520e+00  9.023680e+00  6.633770e+00  4.980320e+00  
1.952270e+00  1.340890e+00  6.197400e-01  4.780000e-01  3.181900e-01  2.707800e-01  
1.889798e+01  1.650449e+01  1.570328e+01  1.497518e+01  1.431334e+01  1.371603e+01  
1.318240e+01  1.271096e+01  1.230176e+01  1.195432e+01  1.166765e+01  1.144036e+01  
1.126892e+01  1.115014e+01  1.108178e+01  1.105262e+01  1.104335e+01  1.101596e+01  
1.086535e+01  1.065060e+01  1.018620e+01  9.373000e+00  7.056310e+00  5.420990e+00  
2.183570e+00  1.478600e+00  6.683500e-01  5.096300e-01  3.281900e-01  2.707400e-01  
1.859576e+01  1.650417e+01  1.570924e+01  1.498608e+01  1.432888e+01  1.373606e+01  
1.320676e+01  1.274037e+01  1.233689e+01  1.199564e+01  1.171481e+01  1.149328e+01  
1.132942e+01  1.122201e+01  1.116937e+01  1.116094e+01  1.118027e+01  1.119951e+01  
1.112918e+01  1.097585e+01  1.060298e+01  9.903690e+00  7.742650e+00  6.099090e+00  
2.632360e+00  1.734600e+00  7.586000e-01  5.655000e-01  3.486100e-01  2.706900e-01  
1.840260e+01  1.650475e+01  1.571471e+01  1.499457e+01  1.433980e+01  1.374952e+01  
1.322274e+01  1.275877e+01  1.235755e+01  1.201919e+01  1.174250e+01  1.152679e+01  
1.136947e+01  1.126868e+01  1.122392e+01  1.122709e+01  1.126486e+01  1.131256e+01  
1.129595e+01  1.119271e+01  1.089620e+01  1.027665e+01  8.228050e+00  6.643110e+00  
3.027490e+00  1.962000e+00  8.404300e-01  6.181600e-01  3.663400e-01  2.706600e-01  
1.811047e+01  1.650554e+01  1.572157e+01  1.500560e+01  1.435452e+01  1.376764e+01  
1.324442e+01  1.278441e+01  1.238796e+01  1.205448e+01  1.178265e+01  1.157164e+01  
1.142108e+01  1.133046e+01  1.129960e+01  1.132033e+01  1.138170e+01  1.147040e+01  
1.153709e+01  1.150749e+01  1.132568e+01  1.085851e+01  9.098390e+00  7.613930e+00  
3.827740e+00  2.492360e+00  1.024360e+00  7.341200e-01  4.088200e-01  2.706200e-01  
1.797243e+01  1.651472e+01  1.572338e+01  1.500498e+01  1.435480e+01  1.377074e+01  
1.325120e+01  1.279528e+01  1.240245e+01  1.207214e+01  1.180407e+01  1.159671e+01  
1.144678e+01  1.135287e+01  1.132106e+01  1.135717e+01  1.145855e+01  1.158739e+01  
1.167472e+01  1.166570e+01  1.155025e+01  1.120695e+01  9.672520e+00  8.247250e+00  
4.461050e+00  3.012490e+00  1.187300e+00  8.372900e-01  4.449400e-01  2.706000e-01  
1.779472e+01  1.651402e+01  1.572610e+01  1.500998e+01  1.436183e+01  1.377962e+01  
1.326206e+01  1.280812e+01  1.241742e+01  1.208952e+01  1.182416e+01  1.162020e+01  
1.147447e+01  1.138600e+01  1.136150e+01  1.140769e+01  1.152369e+01  1.167472e+01  
1.180446e+01  1.183900e+01  1.180862e+01  1.159949e+01  1.037495e+01  9.120920e+00  
5.415820e+00  3.828650e+00  1.473810e+00  1.021200e+00  5.102700e-01  2.705800e-01  
1.770097e+01  1.651321e+01  1.572704e+01  1.501204e+01  1.436498e+01  1.378371e+01  
1.326705e+01  1.281415e+01  1.242450e+01  1.209785e+01  1.183409e+01  1.163199e+01  
1.148843e+01  1.140289e+01  1.138229e+01  1.143375e+01  1.155731e+01  1.171952e+01  
1.187080e+01  1.192814e+01  1.194441e+01  1.181539e+01  1.080920e+01  9.691910e+00  
6.122150e+00  4.471680e+00  1.725200e+00  1.185690e+00  5.678900e-01  2.705700e-01  
1.761621e+01  1.650436e+01  1.572894e+01  1.501886e+01  1.437303e+01  1.379146e+01  
1.327361e+01  1.281919e+01  1.242847e+01  1.210151e+01  1.183825e+01  1.163853e+01  
1.150067e+01  1.142424e+01  1.141153e+01  1.145885e+01  1.156242e+01  1.171827e+01  
1.190529e+01  1.199034e+01  1.203677e+01  1.195205e+01  1.110815e+01  1.009856e+01  
6.669160e+00  4.986800e+00  1.980250e+00  1.336590e+00  6.205800e-01  2.705600e-01  
1.757587e+01  1.650394e+01  1.572869e+01  1.501894e+01  1.437365e+01  1.379261e+01  
1.327530e+01  1.282173e+01  1.243226e+01  1.210638e+01  1.184338e+01  1.164295e+01  
1.150493e+01  1.143015e+01  1.142045e+01  1.147086e+01  1.157647e+01  1.173460e+01  
1.193335e+01  1.203357e+01  1.209789e+01  1.203110e+01  1.130892e+01  1.045017e+01  
7.110490e+00  5.399680e+00  2.283370e+00  1.485420e+00  6.679000e-01  2.705600e-01  
1.752209e+01  1.650414e+01  1.572996e+01  1.502087e+01  1.437610e+01  1.379545e+01  
1.327850e+01  1.282540e+01  1.243633e+01  1.211108e+01  1.184884e+01  1.164927e+01  
1.151231e+01  1.143884e+01  1.143098e+01  1.148406e+01  1.159369e+01  1.175868e+01  
1.197028e+01  1.208213e+01  1.217013e+01  1.215217e+01  1.160777e+01  1.087730e+01  
7.793010e+00  6.103020e+00  2.798570e+00  1.823100e+00  7.566200e-01  2.705500e-01  
1.748959e+01  1.650528e+01  1.573246e+01  1.502402e+01  1.437945e+01  1.379882e+01  
1.328177e+01  1.282857e+01  1.243951e+01  1.211427e+01  1.185219e+01  1.165291e+01  
1.151646e+01  1.144382e+01  1.143715e+01  1.149205e+01  1.160421e+01  1.177320e+01  
1.199280e+01  1.211261e+01  1.221560e+01  1.222752e+01  1.179859e+01  1.116161e+01  
8.301010e+00  6.652760e+00  3.220240e+00  2.140050e+00  8.378900e-01  2.705500e-01  
