1.607530e+00  1.661180e+00  1.713920e+00  1.765850e+00  1.816690e+00  1.866190e+00  
1.914150e+00  1.960520e+00  2.005340e+00  2.048520e+00  2.089910e+00  2.129740e+00  
2.168840e+00  2.207970e+00  2.247040e+00  2.286110e+00  2.324940e+00  2.362360e+00  
2.397050e+00  2.414170e+00  2.434650e+00  2.455290e+00  2.480240e+00  2.487010e+00  
2.492280e+00  2.492900e+00  2.493490e+00  2.493570e+00  2.493630e+00  2.494090e+00  
2.083780e+00  2.139510e+00  2.194260e+00  2.248450e+00  2.301790e+00  2.353950e+00  
2.404550e+00  2.453250e+00  2.499750e+00  2.543820e+00  2.585470e+00  2.625040e+00  
2.663730e+00  2.702590e+00  2.741590e+00  2.780730e+00  2.820540e+00  2.863330e+00  
2.910940e+00  2.934990e+00  2.955510e+00  2.968490e+00  2.986910e+00  2.993670e+00  
2.997010e+00  2.997190e+00  2.997710e+00  2.997730e+00  2.997860e+00  3.001080e+00  
2.484610e+00  2.543840e+00  2.601160e+00  2.657220e+00  2.711710e+00  2.764210e+00  
2.814320e+00  2.861650e+00  2.905890e+00  2.946850e+00  2.984730e+00  3.020070e+00  
3.054530e+00  3.089650e+00  3.125610e+00  3.162720e+00  3.201840e+00  3.245500e+00  
3.295460e+00  3.320580e+00  3.340270e+00  3.350480e+00  3.365850e+00  3.372060e+00  
3.374570e+00  3.374590e+00  3.375050e+00  3.375070e+00  3.375210e+00  3.377780e+00  
3.124870e+00  3.202880e+00  3.272270e+00  3.334000e+00  3.387830e+00  3.433890e+00  
3.472990e+00  3.506940e+00  3.538210e+00  3.567460e+00  3.595060e+00  3.621480e+00  
3.648010e+00  3.675810e+00  3.705120e+00  3.736060e+00  3.768960e+00  3.804800e+00  
3.844040e+00  3.863910e+00  3.881610e+00  3.893280e+00  3.905910e+00  3.909110e+00  
3.911430e+00  3.911700e+00  3.911950e+00  3.911980e+00  3.912030e+00  3.911330e+00  
3.631360e+00  3.729960e+00  3.807900e+00  3.868540e+00  3.915300e+00  3.952470e+00  
3.981820e+00  4.005510e+00  4.026420e+00  4.045160e+00  4.061840e+00  4.076820e+00  
4.091460e+00  4.107190e+00  4.124560e+00  4.144420e+00  4.167670e+00  4.194650e+00  
4.224360e+00  4.239160e+00  4.253510e+00  4.264120e+00  4.273860e+00  4.276300e+00  
4.278250e+00  4.278470e+00  4.278640e+00  4.278710e+00  4.278710e+00  4.275250e+00  
4.054850e+00  4.156230e+00  4.238870e+00  4.304300e+00  4.352440e+00  4.384260e+00  
4.402240e+00  4.411050e+00  4.416780e+00  4.421060e+00  4.424520e+00  4.427950e+00  
4.432640e+00  4.439750e+00  4.449080e+00  4.459520e+00  4.470480e+00  4.484190e+00  
4.503410e+00  4.514940e+00  4.525970e+00  4.533660e+00  4.541100e+00  4.543030e+00  
4.544540e+00  4.544670e+00  4.544800e+00  4.544870e+00  4.544910e+00  4.539690e+00  
4.412350e+00  4.521010e+00  4.606660e+00  4.671220e+00  4.714700e+00  4.738490e+00  
4.745820e+00  4.742580e+00  4.736240e+00  4.728910e+00  4.721220e+00  4.714080e+00  
4.708670e+00  4.706060e+00  4.705840e+00  4.706320e+00  4.706520e+00  4.709250e+00  
4.718220e+00  4.725250e+00  4.732480e+00  4.737780e+00  4.742650e+00  4.743970e+00  
4.745050e+00  4.745130e+00  4.745200e+00  4.745280e+00  4.745300e+00  4.739330e+00  
4.994020e+00  5.109500e+00  5.195160e+00  5.253780e+00  5.285730e+00  5.293070e+00  
5.280330e+00  5.255240e+00  5.227470e+00  5.199680e+00  5.172510e+00  5.146960e+00  
5.123890e+00  5.104060e+00  5.086670e+00  5.069150e+00  5.049950e+00  5.032950e+00  
5.023470e+00  5.022110e+00  5.021500e+00  5.021140e+00  5.020650e+00  5.020680e+00  
5.020740e+00  5.020700e+00  5.020680e+00  5.020740e+00  5.020750e+00  5.015550e+00  
5.454580e+00  5.569350e+00  5.649260e+00  5.698110e+00  5.716610e+00  5.707500e+00  
5.676230e+00  5.631920e+00  5.585680e+00  5.540510e+00  5.497080e+00  5.456260e+00  
5.418530e+00  5.384250e+00  5.352270e+00  5.319450e+00  5.283860e+00  5.250300e+00  
5.225280e+00  5.216530e+00  5.208300e+00  5.201790e+00  5.196080e+00  5.194820e+00  
5.193770e+00  5.193620e+00  5.193510e+00  5.193530e+00  5.193530e+00  5.190740e+00  
6.300540e+00  6.396180e+00  6.448720e+00  6.464690e+00  6.445780e+00  6.396100e+00  
6.322830e+00  6.237240e+00  6.152790e+00  6.072640e+00  5.997610e+00  5.927760e+00  
5.862610e+00  5.801270e+00  5.742070e+00  5.680910e+00  5.615330e+00  5.551460e+00  
5.497080e+00  5.473500e+00  5.448750e+00  5.428180e+00  5.411540e+00  5.407560e+00  
5.404070e+00  5.403660e+00  5.403370e+00  5.403280e+00  5.403260e+00  5.407650e+00  
6.884890e+00  6.986440e+00  7.006820e+00  6.966900e+00  6.887050e+00  6.789440e+00  
6.681920e+00  6.571310e+00  6.465310e+00  6.365130e+00  6.270190e+00  6.179160e+00  
6.091540e+00  6.006330e+00  5.923230e+00  5.841230e+00  5.760130e+00  5.682910e+00  
5.608700e+00  5.569830e+00  5.531220e+00  5.502390e+00  5.477260e+00  5.470860e+00  
5.465710e+00  5.465180e+00  5.464740e+00  5.464510e+00  5.464490e+00  5.474850e+00  
7.730560e+00  7.724040e+00  7.664690e+00  7.566950e+00  7.435160e+00  7.276190e+00  
7.100190e+00  6.921460e+00  6.755210e+00  6.605470e+00  6.471730e+00  6.351550e+00  
6.241830e+00  6.138130e+00  6.038140e+00  5.936780e+00  5.830540e+00  5.724370e+00  
5.623900e+00  5.574310e+00  5.519610e+00  5.473500e+00  5.438940e+00  5.430500e+00  
5.422700e+00  5.421890e+00  5.421330e+00  5.421010e+00  5.421020e+00  5.436940e+00  
8.304650e+00  8.226260e+00  8.094570e+00  7.928160e+00  7.732400e+00  7.515070e+00  
7.286970e+00  7.062810e+00  6.857730e+00  6.675370e+00  6.514700e+00  6.371880e+00  
6.242350e+00  6.120620e+00  6.004140e+00  5.887900e+00  5.768120e+00  5.648150e+00  
5.531810e+00  5.473600e+00  5.410510e+00  5.358080e+00  5.316860e+00  5.306740e+00  
5.297660e+00  5.296700e+00  5.296000e+00  5.295680e+00  5.295680e+00  5.309830e+00  
8.739010e+00  8.592630e+00  8.395020e+00  8.168030e+00  7.917500e+00  7.651610e+00  
7.381120e+00  7.120240e+00  6.883830e+00  6.674740e+00  6.491520e+00  6.329300e+00  
6.182390e+00  6.045010e+00  5.914400e+00  5.785890e+00  5.655720e+00  5.525830e+00  
5.398850e+00  5.335760e+00  5.269590e+00  5.215760e+00  5.169550e+00  5.158180e+00  
5.148470e+00  5.147380e+00  5.146520e+00  5.146290e+00  5.146250e+00  5.154220e+00  
9.053680e+00  8.912250e+00  8.662820e+00  8.353320e+00  8.019960e+00  7.697170e+00  
7.394700e+00  7.118620e+00  6.875080e+00  6.659630e+00  6.461690e+00  6.273680e+00  
6.099110e+00  5.940620e+00  5.795410e+00  5.658080e+00  5.523100e+00  5.388030e+00  
5.252010e+00  5.184780e+00  5.118290e+00  5.066700e+00  5.016190e+00  5.003770e+00  
4.993870e+00  4.992600e+00  4.991650e+00  4.991520e+00  4.991430e+00  4.991410e+00  
9.550230e+00  9.340430e+00  8.992380e+00  8.575560e+00  8.146520e+00  7.754750e+00  
7.404540e+00  7.091140e+00  6.810210e+00  6.557090e+00  6.323030e+00  6.102640e+00  
5.899270e+00  5.716340e+00  5.550590e+00  5.396170e+00  5.246560e+00  5.095880e+00  
4.946790e+00  4.879100e+00  4.814220e+00  4.763340e+00  4.707600e+00  4.694410e+00  
4.684030e+00  4.682480e+00  4.681380e+00  4.681450e+00  4.681310e+00  4.669120e+00  
1.008087e+01  9.574770e+00  9.078810e+00  8.616030e+00  8.183840e+00  7.780690e+00  
7.405390e+00  7.056720e+00  6.734150e+00  6.438520e+00  6.167830e+00  5.919620e+00  
5.691870e+00  5.484670e+00  5.297660e+00  5.130140e+00  4.978650e+00  4.828300e+00  
4.666130e+00  4.585080e+00  4.514500e+00  4.468310e+00  4.413080e+00  4.396100e+00  
4.385860e+00  4.384940e+00  4.383460e+00  4.383390e+00  4.383470e+00  4.366880e+00  
1.065519e+01  9.976330e+00  9.329870e+00  8.737360e+00  8.193840e+00  7.695140e+00  
7.237850e+00  6.820300e+00  6.441130e+00  6.097830e+00  5.786680e+00  5.503070e+00  
5.242060e+00  5.001200e+00  4.781540e+00  4.581170e+00  4.397340e+00  4.219130e+00  
4.038390e+00  3.951060e+00  3.873060e+00  3.819470e+00  3.759640e+00  3.743060e+00  
3.731790e+00  3.730660e+00  3.729330e+00  3.729190e+00  3.729080e+00  3.723990e+00  
1.098489e+01  1.017744e+01  9.424720e+00  8.742950e+00  8.123980e+00  7.562260e+00  
7.052810e+00  6.592060e+00  6.178020e+00  5.805900e+00  5.470100e+00  5.164650e+00  
4.882580e+00  4.619700e+00  4.377110e+00  4.153610e+00  3.946330e+00  3.747620e+00  
3.552580e+00  3.459410e+00  3.373370e+00  3.311500e+00  3.248780e+00  3.234050e+00  
3.221690e+00  3.220260e+00  3.219200e+00  3.218930e+00  3.218740e+00  3.228510e+00  
1.140715e+01  1.037707e+01  9.462640e+00  8.659320e+00  7.948540e+00  7.318740e+00  
6.760690e+00  6.262960e+00  5.816370e+00  5.414120e+00  5.049160e+00  4.714300e+00  
4.401100e+00  4.104390e+00  3.825550e+00  3.567240e+00  3.328630e+00  3.106850e+00  
2.901400e+00  2.805380e+00  2.711980e+00  2.641100e+00  2.577680e+00  2.562250e+00  
2.549680e+00  2.548260e+00  2.547090e+00  2.546850e+00  2.546740e+00  2.552880e+00  
1.169474e+01  1.050769e+01  9.487330e+00  8.605270e+00  7.837110e+00  7.165130e+00  
6.576940e+00  6.056490e+00  5.589210e+00  5.167040e+00  4.783170e+00  4.430470e+00  
4.100720e+00  3.788730e+00  3.494850e+00  3.220660e+00  2.966350e+00  2.728400e+00  
2.507670e+00  2.405640e+00  2.310170e+00  2.240170e+00  2.173300e+00  2.157240e+00  
2.144770e+00  2.143290e+00  2.142000e+00  2.141890e+00  2.141730e+00  2.139250e+00  
1.190884e+01  1.061406e+01  9.524970e+00  8.590140e+00  7.783400e+00  7.082820e+00  
6.472910e+00  5.935170e+00  5.452370e+00  5.015430e+00  4.617650e+00  4.252040e+00  
3.910550e+00  3.587960e+00  3.284220e+00  3.000230e+00  2.736670e+00  2.489470e+00  
2.258180e+00  2.150520e+00  2.050170e+00  1.977070e+00  1.907900e+00  1.891560e+00  
1.878950e+00  1.877430e+00  1.876110e+00  1.876000e+00  1.875840e+00  1.872740e+00  
1.208125e+01  1.070903e+01  9.573670e+00  8.601930e+00  7.767840e+00  7.047340e+00  
6.421440e+00  5.870130e+00  5.374910e+00  4.926280e+00  4.517500e+00  4.141690e+00  
3.790940e+00  3.460090e+00  3.148870e+00  2.857940e+00  2.587670e+00  2.334060e+00  
2.094340e+00  1.981480e+00  1.875540e+00  1.798090e+00  1.726730e+00  1.710040e+00  
1.697070e+00  1.695520e+00  1.694170e+00  1.694030e+00  1.693870e+00  1.692640e+00  
1.235340e+01  1.088040e+01  9.690250e+00  8.673930e+00  7.806160e+00  7.061370e+00  
6.415100e+00  5.845040e+00  5.331780e+00  4.865790e+00  4.440470e+00  4.049060e+00  
3.683960e+00  3.340180e+00  3.017180e+00  2.715190e+00  2.433490e+00  2.167870e+00  
1.912870e+00  1.790620e+00  1.674580e+00  1.588940e+00  1.511730e+00  1.493660e+00  
1.479460e+00  1.477790e+00  1.476340e+00  1.476160e+00  1.476000e+00  1.476940e+00  
1.256441e+01  1.103240e+01  9.815160e+00  8.776830e+00  7.892680e+00  7.135210e+00  
6.477520e+00  5.895940e+00  5.370780e+00  4.892770e+00  4.455570e+00  4.052560e+00  
3.676380e+00  3.322130e+00  2.989060e+00  2.677010e+00  2.384320e+00  2.105450e+00  
1.835120e+00  1.703850e+00  1.578420e+00  1.484920e+00  1.399830e+00  1.379660e+00  
1.363750e+00  1.361880e+00  1.360290e+00  1.360080e+00  1.359910e+00  1.360490e+00  
1.292161e+01  1.132495e+01  1.008984e+01  9.036580e+00  8.143910e+00  7.374650e+00  
6.703810e+00  6.107930e+00  5.568020e+00  5.074950e+00  4.622220e+00  4.202870e+00  
3.809050e+00  3.435520e+00  3.081610e+00  2.747150e+00  2.429280e+00  2.118680e+00  
1.809370e+00  1.654940e+00  1.502570e+00  1.384400e+00  1.274690e+00  1.248030e+00  
1.226630e+00  1.224110e+00  1.222050e+00  1.221770e+00  1.221570e+00  1.221200e+00  
1.313372e+01  1.152239e+01  1.029848e+01  9.253780e+00  8.368070e+00  7.598980e+00  
6.925050e+00  6.325040e+00  5.781590e+00  5.285300e+00  4.828800e+00  4.404030e+00  
4.001560e+00  3.615380e+00  3.245510e+00  2.892810e+00  2.554110e+00  2.216710e+00  
1.869920e+00  1.691880e+00  1.508630e+00  1.360380e+00  1.222540e+00  1.189340e+00  
1.162640e+00  1.159390e+00  1.156610e+00  1.156250e+00  1.156000e+00  1.156580e+00  
1.336441e+01  1.175240e+01  1.057015e+01  9.567310e+00  8.711180e+00  7.962130e+00  
7.300660e+00  6.707180e+00  6.165410e+00  5.667040e+00  5.205900e+00  4.775120e+00  
4.366500e+00  3.973510e+00  3.592700e+00  3.219250e+00  2.845900e+00  2.460100e+00  
2.046850e+00  1.824600e+00  1.586160e+00  1.380450e+00  1.174420e+00  1.128590e+00  
1.097740e+00  1.093880e+00  1.088140e+00  1.087070e+00  1.087600e+00  1.090550e+00  
1.337977e+01  1.186751e+01  1.077684e+01  9.832590e+00  9.000510e+00  8.255490e+00  
7.587420e+00  6.986280e+00  6.443750e+00  5.951470e+00  5.500700e+00  5.081400e+00  
4.680960e+00  4.289740e+00  3.903840e+00  3.517920e+00  3.122680e+00  2.700300e+00  
2.229130e+00  1.967680e+00  1.682890e+00  1.432150e+00  1.159830e+00  1.092460e+00  
1.061260e+00  1.058870e+00  1.049880e+00  1.047630e+00  1.049810e+00  1.053280e+00  
1.342674e+01  1.193190e+01  1.088714e+01  9.982220e+00  9.178950e+00  8.456400e+00  
7.805730e+00  7.217870e+00  6.685270e+00  6.200250e+00  5.754670e+00  5.338870e+00  
4.940610e+00  4.550060e+00  4.162570e+00  3.771400e+00  3.364570e+00  2.918770e+00  
2.404380e+00  2.110190e+00  1.781350e+00  1.487330e+00  1.157800e+00  1.073290e+00  
1.037590e+00  1.035480e+00  1.024380e+00  1.021450e+00  1.024560e+00  1.027420e+00  
1.344744e+01  1.196853e+01  1.096570e+01  1.009353e+01  9.315760e+00  8.613460e+00  
7.978980e+00  7.403940e+00  6.881470e+00  6.404430e+00  5.965120e+00  5.554290e+00  
5.160010e+00  4.772330e+00  4.385990e+00  3.993070e+00  3.579260e+00  3.116420e+00  
2.567480e+00  2.245840e+00  1.879060e+00  1.545580e+00  1.163620e+00  1.062890e+00  
1.020810e+00  1.018590e+00  1.005930e+00  1.002530e+00  1.006260e+00  1.008010e+00  
1.343943e+01  1.199538e+01  1.106715e+01  1.025004e+01  9.516530e+00  8.849660e+00  
8.243620e+00  7.691330e+00  7.187090e+00  6.724800e+00  6.297760e+00  5.897710e+00  
5.513730e+00  5.136080e+00  4.758240e+00  4.369880e+00  3.951620e+00  3.464400e+00  
2.856590e+00  2.487190e+00  2.056020e+00  1.658080e+00  1.200840e+00  1.071210e+00  
9.884400e-01  9.859100e-01  9.869300e-01  9.842200e-01  9.738100e-01  9.806200e-01  
1.342593e+01  1.200693e+01  1.113193e+01  1.035448e+01  9.653950e+00  9.014670e+00  
8.431810e+00  7.899130e+00  7.411660e+00  6.963910e+00  6.549850e+00  6.161750e+00  
5.789250e+00  5.422710e+00  5.054980e+00  4.674240e+00  4.257940e+00  3.759680e+00  
3.115490e+00  2.711980e+00  2.229370e+00  1.772720e+00  1.237260e+00  1.081100e+00  
9.752800e-01  9.702500e-01  9.706100e-01  9.676900e-01  9.556300e-01  9.621900e-01  
1.345832e+01  1.205443e+01  1.123792e+01  1.050895e+01  9.852140e+00  9.253840e+00  
8.709880e+00  8.214580e+00  7.763290e+00  7.350710e+00  6.970690e+00  6.615000e+00  
6.272020e+00  5.931140e+00  5.585530e+00  5.223830e+00  4.824060e+00  4.339400e+00  
3.682740e+00  3.234660e+00  2.644990e+00  2.045850e+00  1.321620e+00  1.113080e+00  
9.739400e-01  9.580400e-01  9.394800e-01  9.370000e-01  9.358000e-01  9.350500e-01  
1.342064e+01  1.204823e+01  1.128146e+01  1.059443e+01  9.973240e+00  9.406640e+00  
8.891030e+00  8.421640e+00  7.994420e+00  7.604770e+00  7.247160e+00  6.914100e+00  
6.594530e+00  6.278190e+00  5.957850e+00  5.621060e+00  5.242780e+00  4.768110e+00  
4.096440e+00  3.624580e+00  2.990100e+00  2.318210e+00  1.437580e+00  1.169030e+00  
9.701400e-01  9.467800e-01  9.261900e-01  9.234800e-01  9.220200e-01  9.202800e-01  
1.333665e+01  1.201244e+01  1.131465e+01  1.068532e+01  1.011311e+01  9.589660e+00  
9.112360e+00  8.677620e+00  8.282460e+00  7.923430e+00  7.596330e+00  7.295200e+00  
7.010940e+00  6.734570e+00  6.458720e+00  6.169510e+00  5.837030e+00  5.392190e+00  
4.712720e+00  4.214490e+00  3.527480e+00  2.766720e+00  1.675600e+00  1.312200e+00  
9.804400e-01  9.370300e-01  9.109200e-01  9.082300e-01  9.000500e-01  9.045500e-01  
1.332696e+01  1.201515e+01  1.134353e+01  1.073717e+01  1.018636e+01  9.684030e+00  
9.227740e+00  8.814290e+00  8.440970e+00  8.104660e+00  7.801450e+00  7.525590e+00  
7.268080e+00  7.020130e+00  6.775230e+00  6.520530e+00  6.227180e+00  5.825770e+00  
5.185150e+00  4.693100e+00  3.983280e+00  3.154630e+00  1.880390e+00  1.434780e+00  
1.005560e+00  9.432800e-01  9.003600e-01  8.971900e-01  8.933700e-01  8.962300e-01  
1.332122e+01  1.201986e+01  1.136375e+01  1.077139e+01  1.023385e+01  9.745080e+00  
9.302670e+00  8.903710e+00  8.545650e+00  8.225600e+00  7.939810e+00  7.682760e+00  
7.445410e+00  7.219260e+00  6.998610e+00  6.771810e+00  6.511600e+00  6.150180e+00  
5.552690e+00  5.075890e+00  4.361790e+00  3.490480e+00  2.071710e+00  1.551910e+00  
1.033480e+00  9.535400e-01  8.938600e-01  8.898400e-01  8.899500e-01  8.911100e-01  
1.329291e+01  1.201989e+01  1.138547e+01  1.080843e+01  1.028160e+01  9.800520e+00  
9.363800e+00  8.969970e+00  8.617940e+00  8.305660e+00  8.030190e+00  7.787210e+00  
7.569410e+00  7.368560e+00  7.175440e+00  6.970520e+00  6.722720e+00  6.378200e+00  
5.821250e+00  5.378690e+00  4.705430e+00  3.834200e+00  2.264860e+00  1.657930e+00  
1.043600e+00  9.550300e-01  8.990800e-01  8.958100e-01  8.878600e-01  8.876400e-01  
1.328004e+01  1.202576e+01  1.140497e+01  1.084117e+01  1.032818e+01  9.861660e+00  
9.439720e+00  9.060390e+00  8.722120e+00  8.423390e+00  8.162500e+00  7.936740e+00  
7.741230e+00  7.569690e+00  7.413180e+00  7.251040e+00  7.051360e+00  6.761140e+00  
6.261490e+00  5.846710e+00  5.200640e+00  4.330710e+00  2.615690e+00  1.872130e+00  
1.092140e+00  9.798700e-01  8.987600e-01  8.920400e-01  8.832200e-01  8.832500e-01  
1.326600e+01  1.203089e+01  1.142048e+01  1.086558e+01  1.036089e+01  9.902400e+00  
9.488570e+00  9.117680e+00  8.788430e+00  8.499620e+00  8.249890e+00  8.036970e+00  
7.856640e+00  7.703420e+00  7.569640e+00  7.436280e+00  7.273390e+00  7.029510e+00  
6.585220e+00  6.200190e+00  5.583450e+00  4.724770e+00  2.919150e+00  2.073660e+00  
1.144180e+00  1.006360e+00  9.002100e-01  8.903800e-01  8.802700e-01  8.805600e-01  
1.323587e+01  1.204127e+01  1.144776e+01  1.090598e+01  1.041190e+01  9.962950e+00  
9.558420e+00  9.197870e+00  8.880960e+00  8.606910e+00  8.374600e+00  8.181980e+00  
8.024900e+00  7.898860e+00  7.799000e+00  7.711150e+00  7.610630e+00  7.449160e+00  
7.116940e+00  6.801720e+00  6.251390e+00  5.431110e+00  3.539430e+00  2.536400e+00  
1.272090e+00  1.069470e+00  9.078300e-01  8.923900e-01  8.787500e-01  8.769500e-01  
1.322187e+01  1.205597e+01  1.146104e+01  1.092065e+01  1.043050e+01  9.987790e+00  
9.591180e+00  9.239650e+00  8.931980e+00  8.667260e+00  8.444300e+00  8.260900e+00  
8.112570e+00  7.996010e+00  7.911540e+00  7.855570e+00  7.810290e+00  7.713300e+00  
7.444380e+00  7.172060e+00  6.692150e+00  5.934080e+00  4.012780e+00  2.923710e+00  
1.397720e+00  1.139190e+00  9.186000e-01  8.951500e-01  8.767400e-01  8.751400e-01  
1.313159e+01  1.206282e+01  1.147471e+01  1.094015e+01  1.045557e+01  1.001878e+01  
9.628370e+00  9.283460e+00  8.983160e+00  8.726770e+00  8.513460e+00  8.341510e+00  
8.206990e+00  8.107560e+00  8.045320e+00  8.019590e+00  8.017810e+00  7.987220e+00  
7.823540e+00  7.626010e+00  7.242210e+00  6.587410e+00  4.740060e+00  3.540280e+00  
1.632160e+00  1.276740e+00  9.435400e-01  9.032200e-01  8.760300e-01  8.733100e-01  
1.305377e+01  1.206566e+01  1.148079e+01  1.094913e+01  1.046738e+01  1.003362e+01  
9.646520e+00  9.305180e+00  9.008880e+00  8.757050e+00  8.549000e+00  8.383250e+00  
8.256100e+00  8.165710e+00  8.115210e+00  8.105730e+00  8.128060e+00  8.136180e+00  
8.038310e+00  7.891110e+00  7.577720e+00  7.008420e+00  5.267290e+00  4.022650e+00  
1.847730e+00  1.407770e+00  9.704300e-01  9.132500e-01  8.768400e-01  8.723800e-01  
1.297413e+01  1.205956e+01  1.148545e+01  1.095961e+01  1.048055e+01  1.004785e+01  
9.661060e+00  9.319840e+00  9.024220e+00  8.773970e+00  8.568760e+00  8.407880e+00  
8.289020e+00  8.210490e+00  8.172100e+00  8.167220e+00  8.184830e+00  8.204260e+00  
8.167760e+00  8.072880e+00  7.818240e+00  7.306550e+00  5.663420e+00  4.419320e+00  
2.047820e+00  1.531280e+00  9.980200e-01  9.249000e-01  8.780500e-01  8.718300e-01  
1.293443e+01  1.206050e+01  1.148775e+01  1.096283e+01  1.048481e+01  1.005365e+01  
9.668650e+00  9.329260e+00  9.035330e+00  8.786810e+00  8.583640e+00  8.425320e+00  
8.309590e+00  8.234930e+00  8.201610e+00  8.203890e+00  8.232160e+00  8.268540e+00  
8.262880e+00  8.195430e+00  7.986080e+00  7.532150e+00  5.978610e+00  4.749660e+00  
2.237830e+00  1.648720e+00  1.025940e+00  9.369200e-01  8.800400e-01  8.714600e-01  
1.288397e+01  1.206142e+01  1.149058e+01  1.096724e+01  1.049090e+01  1.006153e+01  
9.678490e+00  9.341220e+00  9.049530e+00  8.803430e+00  8.603030e+00  8.447960e+00  
8.336180e+00  8.266500e+00  8.239830e+00  8.251390e+00  8.293410e+00  8.352190e+00  
8.387500e+00  8.357020e+00  8.212790e+00  7.848430e+00  6.452930e+00  5.273540e+00  
2.589480e+00  1.867870e+00  1.081740e+00  9.624000e-01  8.845500e-01  8.709900e-01  
1.285175e+01  1.206192e+01  1.149246e+01  1.097029e+01  1.049495e+01  1.006664e+01  
9.684620e+00  9.348510e+00  9.058180e+00  8.813660e+00  8.615060e+00  8.461950e+00  
8.352560e+00  8.285990e+00  8.263440e+00  8.280680e+00  8.331140e+00  8.404030e+00  
8.465290e+00  8.458500e+00  8.358790e+00  8.060540e+00  6.797550e+00  5.675550e+00  
2.899490e+00  2.068250e+00  1.136730e+00  9.891300e-01  8.894600e-01  8.707100e-01  
1.280312e+01  1.206237e+01  1.149485e+01  1.097453e+01  1.050084e+01  1.007385e+01  
9.693010e+00  9.358230e+00  9.069700e+00  8.827420e+00  8.631300e+00  8.480910e+00  
8.374820e+00  8.312530e+00  8.295650e+00  8.320620e+00  8.382520e+00  8.475010e+00  
8.572690e+00  8.599620e+00  8.566340e+00  8.375670e+00  7.363620e+00  6.376920e+00  
3.539760e+00  2.512670e+00  1.269800e+00  1.058620e+00  9.023300e-01  8.703300e-01  
1.277577e+01  1.206274e+01  1.149610e+01  1.097660e+01  1.050379e+01  1.007744e+01  
9.697200e+00  9.363100e+00  9.075450e+00  8.834250e+00  8.639370e+00  8.490450e+00  
8.386140e+00  8.326120e+00  8.312190e+00  8.341120e+00  8.408940e+00  8.511590e+00  
8.628640e+00  8.673770e+00  8.676310e+00  8.549210e+00  7.713790e+00  6.836890e+00  
4.040130e+00  2.896300e+00  1.396820e+00  1.129220e+00  9.154100e-01  8.701500e-01  
1.274692e+01  1.206328e+01  1.149725e+01  1.097847e+01  1.050635e+01  1.008077e+01  
9.701300e+00  9.367980e+00  9.081180e+00  8.840940e+00  8.647240e+00  8.499830e+00  
8.397370e+00  8.339660e+00  8.328730e+00  8.361770e+00  8.435710e+00  8.548690e+00  
8.685910e+00  8.750240e+00  8.789790e+00  8.733740e+00  8.129710e+00  7.414630e+00  
4.785310e+00  3.514140e+00  1.632440e+00  1.267050e+00  9.422300e-01  8.699600e-01  
1.273143e+01  1.206345e+01  1.149777e+01  1.097926e+01  1.050738e+01  1.008221e+01  
9.703250e+00  9.370470e+00  9.084150e+00  8.844370e+00  8.651220e+00  8.504470e+00  
8.402870e+00  8.346270e+00  8.336860e+00  8.372070e+00  8.449280e+00  8.567480e+00  
8.715030e+00  8.789430e+00  8.848020e+00  8.830020e+00  8.368600e+00  7.767270e+00  
5.320420e+00  3.998510e+00  1.847620e+00  1.399000e+00  9.695200e-01  8.698700e-01  
1.272177e+01  1.206346e+01  1.149798e+01  1.097952e+01  1.050777e+01  1.008267e+01  
9.703960e+00  9.371680e+00  9.086130e+00  8.847210e+00  8.654530e+00  8.507790e+00  
8.406360e+00  8.350440e+00  8.341830e+00  8.376930e+00  8.453550e+00  8.576890e+00  
8.745100e+00  8.830420e+00  8.873300e+00  8.826330e+00  8.543910e+00  8.156360e+00  
5.659460e+00  4.299630e+00  2.072840e+00  1.557560e+00  9.910500e-01  8.698200e-01  
1.271400e+01  1.206350e+01  1.149839e+01  1.098005e+01  1.050822e+01  1.008344e+01  
9.705100e+00  9.373010e+00  9.087300e+00  8.848070e+00  8.655430e+00  8.509240e+00  
8.408380e+00  8.352850e+00  8.344980e+00  8.382510e+00  8.463230e+00  8.586840e+00  
8.745030e+00  8.829960e+00  8.908230e+00  8.929450e+00  8.631240e+00  8.177740e+00  
6.044450e+00  4.720260e+00  2.265910e+00  1.647770e+00  1.024290e+00  8.697800e-01  
1.270344e+01  1.206312e+01  1.149890e+01  1.098080e+01  1.050919e+01  1.008439e+01  
9.706130e+00  9.374180e+00  9.088720e+00  8.849820e+00  8.657530e+00  8.511710e+00  
8.411280e+00  8.356330e+00  8.349260e+00  8.387850e+00  8.470120e+00  8.596340e+00  
8.760190e+00  8.850610e+00  8.938640e+00  8.979930e+00  8.773910e+00  8.409910e+00  
6.524150e+00  5.247590e+00  2.624320e+00  1.899150e+00  1.079070e+00  8.697300e-01  
1.269617e+01  1.206258e+01  1.149930e+01  1.098173e+01  1.051033e+01  1.008541e+01  
9.706870e+00  9.374700e+00  9.089260e+00  8.850630e+00  8.658690e+00  8.513240e+00  
8.413220e+00  8.358740e+00  8.352180e+00  8.391220e+00  8.474020e+00  8.601660e+00  
8.769290e+00  8.863150e+00  8.956780e+00  9.010650e+00  8.865000e+00  8.558470e+00  
6.871710e+00  5.656480e+00  2.935220e+00  2.118900e+00  1.133690e+00  8.697000e-01  
