6.531250e+00  6.599100e+00  6.619980e+00  6.604210e+00  6.560040e+00  6.496840e+00  
6.418460e+00  6.329100e+00  6.233730e+00  6.133610e+00  6.029270e+00  5.922060e+00  
5.815110e+00  5.712030e+00  5.615350e+00  5.529210e+00  5.457690e+00  5.401220e+00  
5.355880e+00  5.334420e+00  5.314140e+00  5.299790e+00  5.287590e+00  5.284780e+00  
5.282600e+00  5.282440e+00  5.282580e+00  5.282640e+00  5.282590e+00  5.282180e+00  
7.174620e+00  7.225070e+00  7.212660e+00  7.152720e+00  7.057180e+00  6.939090e+00  
6.803630e+00  6.655770e+00  6.501620e+00  6.343510e+00  6.183640e+00  6.024700e+00  
5.869080e+00  5.719830e+00  5.578750e+00  5.448380e+00  5.331620e+00  5.230460e+00  
5.149140e+00  5.117150e+00  5.087400e+00  5.064690e+00  5.042170e+00  5.037000e+00  
5.032960e+00  5.031980e+00  5.030210e+00  5.029810e+00  5.029920e+00  5.031570e+00  
7.632550e+00  7.667880e+00  7.623630e+00  7.521230e+00  7.377530e+00  7.210530e+00  
7.026980e+00  6.833120e+00  6.636050e+00  6.438160e+00  6.241290e+00  6.047970e+00  
5.859750e+00  5.678950e+00  5.506660e+00  5.344060e+00  5.193060e+00  5.056650e+00  
4.941660e+00  4.895060e+00  4.853670e+00  4.825010e+00  4.799020e+00  4.793360e+00  
4.789040e+00  4.788070e+00  4.786420e+00  4.786050e+00  4.786140e+00  4.787630e+00  
8.280080e+00  8.286630e+00  8.184220e+00  8.006640e+00  7.780800e+00  7.534230e+00  
7.276410e+00  7.015020e+00  6.758120e+00  6.507250e+00  6.262100e+00  6.024130e+00  
5.793380e+00  5.570940e+00  5.356820e+00  5.150400e+00  4.952110e+00  4.765240e+00  
4.596640e+00  4.522960e+00  4.459360e+00  4.419680e+00  4.389220e+00  4.383190e+00  
4.378810e+00  4.378100e+00  4.377160e+00  4.376970e+00  4.376990e+00  4.377650e+00  
8.742020e+00  8.720200e+00  8.565990e+00  8.324720e+00  8.032320e+00  7.724280e+00  
7.411700e+00  7.102610e+00  6.804990e+00  6.518950e+00  6.242390e+00  5.975500e+00  
5.717260e+00  5.467760e+00  5.226360e+00  4.991330e+00  4.761960e+00  4.540890e+00  
4.332970e+00  4.237700e+00  4.155260e+00  4.104890e+00  4.069010e+00  4.062240e+00  
4.057450e+00  4.056810e+00  4.056160e+00  4.056030e+00  4.056030e+00  4.056320e+00  
9.101930e+00  9.052040e+00  8.851090e+00  8.555030e+00  8.207440e+00  7.850230e+00  
7.495340e+00  7.150350e+00  6.822560e+00  6.510740e+00  6.211420e+00  5.923650e+00  
5.645690e+00  5.376830e+00  5.115940e+00  4.860560e+00  4.609140e+00  4.363300e+00  
4.125660e+00  4.013320e+00  3.915120e+00  3.854670e+00  3.812340e+00  3.804390e+00  
3.798750e+00  3.798070e+00  3.797460e+00  3.797340e+00  3.797330e+00  3.797490e+00  
9.397130e+00  9.319560e+00  9.075980e+00  8.732040e+00  8.337740e+00  7.940080e+00  
7.551320e+00  7.178130e+00  6.826800e+00  6.494920e+00  6.178030e+00  5.874070e+00  
5.581010e+00  5.297430e+00  5.021810e+00  4.751150e+00  4.483210e+00  4.218580e+00  
3.957710e+00  3.831620e+00  3.720100e+00  3.650240e+00  3.600960e+00  3.591550e+00  
3.584810e+00  3.583980e+00  3.583280e+00  3.583150e+00  3.583130e+00  3.583290e+00  
9.865860e+00  9.734150e+00  9.414770e+00  8.990270e+00  8.520580e+00  8.059900e+00  
7.619950e+00  7.205040e+00  6.818780e+00  6.457050e+00  6.114020e+00  5.785960e+00  
5.470980e+00  5.166200e+00  4.869610e+00  4.577450e+00  4.286370e+00  3.995080e+00  
3.700200e+00  3.553290e+00  3.420330e+00  3.333700e+00  3.270170e+00  3.257470e+00  
3.248150e+00  3.246970e+00  3.245910e+00  3.245720e+00  3.245700e+00  3.245970e+00  
1.023118e+01  1.004721e+01  9.661710e+00  9.171300e+00  8.642750e+00  8.134770e+00  
7.657570e+00  7.212910e+00  6.801720e+00  6.418070e+00  6.056150e+00  5.710710e+00  
5.380350e+00  5.060910e+00  4.750010e+00  4.443370e+00  4.136780e+00  3.827480e+00  
3.509030e+00  3.347140e+00  3.197670e+00  3.096740e+00  3.019500e+00  3.003390e+00  
2.991310e+00  2.989760e+00  2.988370e+00  2.988110e+00  2.988080e+00  2.988400e+00  
1.089212e+01  1.058656e+01  1.006492e+01  9.449940e+00  8.816830e+00  8.228550e+00  
7.690320e+00  7.197610e+00  6.746170e+00  6.325470e+00  5.932930e+00  5.559040e+00  
5.204730e+00  4.863000e+00  4.530650e+00  4.202340e+00  3.872600e+00  3.536800e+00  
3.183370e+00  2.997980e+00  2.820130e+00  2.691740e+00  2.584480e+00  2.560300e+00  
2.541520e+00  2.539220e+00  2.537610e+00  2.537380e+00  2.537240e+00  2.536960e+00  
1.135382e+01  1.093852e+01  1.030824e+01  9.603710e+00  8.900970e+00  8.261290e+00  
7.685610e+00  7.164030e+00  6.686580e+00  6.243380e+00  5.831940e+00  5.440620e+00  
5.072320e+00  4.718350e+00  4.374390e+00  4.034150e+00  3.691520e+00  3.341850e+00  
2.970480e+00  2.771840e+00  2.575870e+00  2.427770e+00  2.296250e+00  2.265150e+00  
2.240530e+00  2.237750e+00  2.236490e+00  2.236410e+00  2.236110e+00  2.234650e+00  
1.216897e+01  1.131833e+01  1.045745e+01  9.672050e+00  8.951180e+00  8.286800e+00  
7.674180e+00  7.109710e+00  6.582920e+00  6.098070e+00  5.655610e+00  5.243250e+00  
4.860440e+00  4.495650e+00  4.142910e+00  3.797860e+00  3.452190e+00  3.088300e+00  
2.689960e+00  2.478230e+00  2.263470e+00  2.090320e+00  1.920140e+00  1.882280e+00  
1.847450e+00  1.843550e+00  1.842830e+00  1.843000e+00  1.842540e+00  1.839390e+00  
1.255323e+01  1.158406e+01  1.061661e+01  9.747760e+00  8.961180e+00  8.245510e+00  
7.593270e+00  6.999160e+00  6.450910e+00  5.952140e+00  5.503840e+00  5.087550e+00  
4.700840e+00  4.334290e+00  3.978180e+00  3.628200e+00  3.276260e+00  2.905820e+00  
2.500600e+00  2.283630e+00  2.059290e+00  1.872910e+00  1.679540e+00  1.632120e+00  
1.591990e+00  1.587640e+00  1.585950e+00  1.585990e+00  1.585350e+00  1.582510e+00  
1.282589e+01  1.175876e+01  1.070709e+01  9.774010e+00  8.937730e+00  8.184720e+00  
7.504530e+00  6.888110e+00  6.326420e+00  5.819940e+00  5.369710e+00  4.952640e+00  
4.563900e+00  4.198250e+00  3.841800e+00  3.490290e+00  3.136060e+00  2.763640e+00  
2.357080e+00  2.138520e+00  1.909750e+00  1.715860e+00  1.506550e+00  1.452010e+00  
1.408300e+00  1.403420e+00  1.400170e+00  1.399890e+00  1.399220e+00  1.397670e+00  
1.302596e+01  1.186302e+01  1.073805e+01  9.754980e+00  8.884510e+00  8.110160e+00  
7.417650e+00  6.791430e+00  6.225010e+00  5.718640e+00  5.268730e+00  4.850400e+00  
4.455700e+00  4.083430e+00  3.718790e+00  3.359790e+00  3.002220e+00  2.634920e+00  
2.242410e+00  2.029390e+00  1.797070e+00  1.592790e+00  1.372810e+00  1.314790e+00  
1.267990e+00  1.262280e+00  1.257450e+00  1.256870e+00  1.256320e+00  1.256280e+00  
1.338781e+01  1.202856e+01  1.076702e+01  9.695820e+00  8.769340e+00  7.962000e+00  
7.251650e+00  6.612750e+00  6.035500e+00  5.527530e+00  5.073950e+00  4.651860e+00  
4.251480e+00  3.877670e+00  3.515870e+00  3.160480e+00  2.807540e+00  2.446600e+00  
2.062030e+00  1.852370e+00  1.620730e+00  1.412200e+00  1.176840e+00  1.113770e+00  
1.063230e+00  1.056490e+00  1.049580e+00  1.048570e+00  1.048100e+00  1.050130e+00  
1.368067e+01  1.214743e+01  1.077523e+01  9.634020e+00  8.665630e+00  7.832910e+00  
7.106720e+00  6.460370e+00  5.877540e+00  5.368280e+00  4.912590e+00  4.487790e+00  
4.083850e+00  3.707420e+00  3.349590e+00  2.998970e+00  2.651740e+00  2.298310e+00  
1.923160e+00  1.718020e+00  1.489090e+00  1.279630e+00  1.036580e+00  9.707700e-01  
9.180700e-01  9.109000e-01  9.033300e-01  9.021900e-01  9.017200e-01  9.042800e-01  
1.429646e+01  1.237570e+01  1.078694e+01  9.511010e+00  8.465210e+00  7.586460e+00  
6.827160e+00  6.164160e+00  5.581780e+00  5.068840e+00  4.607340e+00  4.176460e+00  
3.766670e+00  3.382410e+00  3.031300e+00  2.693020e+00  2.360340e+00  2.025700e+00  
1.674040e+00  1.480560e+00  1.260220e+00  1.053760e+00  8.074700e-01  7.397200e-01  
6.851000e-01  6.781300e-01  6.719400e-01  6.711500e-01  6.705200e-01  6.711000e-01  
1.483944e+01  1.254255e+01  1.079691e+01  9.443890e+00  8.352320e+00  7.439870e+00  
6.655540e+00  5.971320e+00  5.381140e+00  4.862580e+00  4.391400e+00  3.951560e+00  
3.537750e+00  3.153150e+00  2.806500e+00  2.481310e+00  2.158510e+00  1.836940e+00  
1.504670e+00  1.321390e+00  1.109790e+00  9.093700e-01  6.685100e-01  6.014200e-01  
5.469700e-01  5.402000e-01  5.359700e-01  5.355700e-01  5.349600e-01  5.333600e-01  
1.586114e+01  1.291874e+01  1.092739e+01  9.441970e+00  8.259800e+00  7.278830e+00  
6.465400e+00  5.768750e+00  5.162660e+00  4.629350e+00  4.146280e+00  3.700030e+00  
3.283200e+00  2.893840e+00  2.536640e+00  2.215800e+00  1.907520e+00  1.601810e+00  
1.294080e+00  1.129460e+00  9.343700e-01  7.443200e-01  5.134900e-01  4.500100e-01  
3.975100e-01  3.907800e-01  3.863100e-01  3.858000e-01  3.852400e-01  3.842300e-01  
1.676633e+01  1.330378e+01  1.114277e+01  9.549910e+00  8.300160e+00  7.260150e+00  
6.411850e+00  5.701220e+00  5.083000e+00  4.536260e+00  4.043800e+00  3.592060e+00  
3.170550e+00  2.774310e+00  2.405940e+00  2.073210e+00  1.772190e+00  1.475270e+00  
1.179170e+00  1.024040e+00  8.393000e-01  6.572800e-01  4.332300e-01  3.716200e-01  
3.206300e-01  3.138100e-01  3.086200e-01  3.079100e-01  3.074700e-01  3.075300e-01  
1.758179e+01  1.368588e+01  1.139709e+01  9.706900e+00  8.400650e+00  7.319370e+00  
6.440430e+00  5.711810e+00  5.081210e+00  4.521940e+00  4.018580e+00  3.558550e+00  
3.130220e+00  2.727200e+00  2.350250e+00  2.005030e+00  1.698920e+00  1.405510e+00  
1.114960e+00  9.642500e-01  7.843600e-01  6.062200e-01  3.857400e-01  3.251100e-01  
2.748600e-01  2.680700e-01  2.627700e-01  2.620300e-01  2.616200e-01  2.618200e-01  
1.831482e+01  1.404897e+01  1.165825e+01  9.880740e+00  8.523090e+00  7.415580e+00  
6.514640e+00  5.767900e+00  5.123370e+00  4.551950e+00  4.037570e+00  3.568150e+00  
3.132160e+00  2.722410e+00  2.337880e+00  1.981450e+00  1.662570e+00  1.369280e+00  
1.080460e+00  9.312000e-01  7.527900e-01  5.756900e-01  3.560400e-01  2.956000e-01  
2.454300e-01  2.386900e-01  2.334700e-01  2.327500e-01  2.323400e-01  2.323800e-01  
1.955463e+01  1.469712e+01  1.214785e+01  1.023383e+01  8.792190e+00  7.652410e+00  
6.725720e+00  5.950950e+00  5.279600e+00  4.684580e+00  4.149430e+00  3.661800e+00  
3.210350e+00  2.786930e+00  2.387790e+00  2.011500e+00  1.663830e+00  1.355600e+00  
1.062790e+00  9.117200e-01  7.306100e-01  5.501500e-01  3.255900e-01  2.636800e-01  
2.121800e-01  2.053200e-01  2.001900e-01  1.995100e-01  1.990500e-01  1.988100e-01  
2.055115e+01  1.524844e+01  1.257705e+01  1.056771e+01  9.074250e+00  7.911780e+00  
6.969420e+00  6.175140e+00  5.481580e+00  4.865150e+00  4.311180e+00  3.807180e+00  
3.341160e+00  2.904050e+00  2.490270e+00  2.095390e+00  1.721700e+00  1.385160e+00  
1.082530e+00  9.262700e-01  7.382200e-01  5.499800e-01  3.148400e-01  2.498900e-01  
1.957800e-01  1.886200e-01  1.833600e-01  1.826900e-01  1.821700e-01  1.818700e-01  
2.233345e+01  1.630057e+01  1.343114e+01  1.128857e+01  9.765890e+00  8.562080e+00  
7.581620e+00  6.746300e+00  6.011030e+00  5.354090e+00  4.762460e+00  4.223910e+00  
3.725730e+00  3.257400e+00  2.810710e+00  2.376600e+00  1.951820e+00  1.546770e+00  
1.191930e+00  1.016370e+00  8.028700e-01  5.874100e-01  3.171600e-01  2.424600e-01  
1.802900e-01  1.720700e-01  1.660200e-01  1.652600e-01  1.646900e-01  1.644900e-01  
2.349261e+01  1.702875e+01  1.407649e+01  1.189844e+01  1.038105e+01  9.150270e+00  
8.134240e+00  7.263320e+00  6.498560e+00  5.815800e+00  5.198300e+00  4.632690e+00  
4.108270e+00  3.614790e+00  3.141470e+00  2.675230e+00  2.210480e+00  1.758410e+00  
1.336260e+00  1.131070e+00  8.853500e-01  6.402800e-01  3.335600e-01  2.490400e-01  
1.776000e-01  1.678500e-01  1.606400e-01  1.598600e-01  1.589800e-01  1.588000e-01  
2.486682e+01  1.798862e+01  1.502930e+01  1.289285e+01  1.134964e+01  1.008609e+01  
9.036640e+00  8.132600e+00  7.332630e+00  6.613440e+00  5.960020e+00  5.358540e+00  
4.795380e+00  4.259320e+00  3.742250e+00  3.234810e+00  2.726680e+00  2.206380e+00  
1.659100e+00  1.369870e+00  1.054550e+00  7.487700e-01  3.793400e-01  2.754900e-01  
1.839500e-01  1.705300e-01  1.593600e-01  1.579000e-01  1.562600e-01  1.545100e-01  
2.573465e+01  1.851350e+01  1.562937e+01  1.361366e+01  1.209515e+01  1.082844e+01  
9.757430e+00  8.824880e+00  7.996400e+00  7.250870e+00  6.573570e+00  5.950430e+00  
5.367040e+00  4.810870e+00  4.271800e+00  3.737070e+00  3.191170e+00  2.613290e+00  
1.971570e+00  1.611560e+00  1.220060e+00  8.603200e-01  4.287300e-01  3.068700e-01  
1.957100e-01  1.779200e-01  1.610100e-01  1.585000e-01  1.562700e-01  1.524800e-01  
2.630757e+01  1.883856e+01  1.607104e+01  1.415446e+01  1.266530e+01  1.140371e+01  
1.032377e+01  9.376030e+00  8.531920e+00  7.771860e+00  7.081450e+00  6.446320e+00  
5.851350e+00  5.282820e+00  4.729110e+00  4.174810e+00  3.600250e+00  2.977370e+00  
2.260850e+00  1.844100e+00  1.374480e+00  9.668700e-01  4.797400e-01  3.404800e-01  
2.090300e-01  1.864400e-01  1.629300e-01  1.591100e-01  1.560500e-01  1.512800e-01  
2.663371e+01  1.903152e+01  1.643309e+01  1.460337e+01  1.314489e+01  1.188395e+01  
1.078936e+01  9.822490e+00  8.963970e+00  8.195370e+00  7.500970e+00  6.864590e+00  
6.268440e+00  5.696850e+00  5.137900e+00  4.575480e+00  3.983920e+00  3.317410e+00  
2.516430e+00  2.043750e+00  1.514730e+00  1.067910e+00  5.380300e-01  3.764500e-01  
2.217700e-01  1.947300e-01  1.653400e-01  1.599400e-01  1.545700e-01  1.504900e-01  
2.721149e+01  1.928191e+01  1.691005e+01  1.517745e+01  1.378182e+01  1.255994e+01  
1.148966e+01  1.053562e+01  9.681890e+00  8.912120e+00  8.212460e+00  7.568080e+00  
6.962100e+00  6.378920e+00  5.805450e+00  5.223170e+00  4.601430e+00  3.883700e+00  
2.991410e+00  2.446650e+00  1.814640e+00  1.261160e+00  6.390500e-01  4.438700e-01  
2.480800e-01  2.115600e-01  1.694500e-01  1.613300e-01  1.534900e-01  1.495400e-01  
2.753784e+01  1.944083e+01  1.726323e+01  1.560866e+01  1.425866e+01  1.306153e+01  
1.200333e+01  1.105531e+01  1.020693e+01  9.443060e+00  8.749760e+00  8.111680e+00  
7.510680e+00  6.929250e+00  6.351670e+00  5.754680e+00  5.106130e+00  4.356940e+00  
3.420090e+00  2.829690e+00  2.111590e+00  1.442800e+00  7.258900e-01  5.068200e-01  
2.748500e-01  2.281900e-01  1.725500e-01  1.621000e-01  1.536000e-01  1.489800e-01  
2.792067e+01  1.967194e+01  1.778250e+01  1.626624e+01  1.499044e+01  1.384665e+01  
1.283009e+01  1.192004e+01  1.110996e+01  1.038271e+01  9.719240e+00  9.102340e+00  
8.517180e+00  7.947650e+00  7.375100e+00  6.769850e+00  6.094800e+00  5.301490e+00  
4.277850e+00  3.603100e+00  2.746970e+00  1.896760e+00  9.365000e-01  6.508900e-01  
3.300800e-01  2.629300e-01  1.819900e-01  1.662400e-01  1.518300e-01  1.482100e-01  
2.811548e+01  1.974965e+01  1.802061e+01  1.662415e+01  1.543171e+01  1.434872e+01  
1.337368e+01  1.249210e+01  1.170147e+01  1.099028e+01  1.034578e+01  9.753100e+00  
9.193010e+00  8.646040e+00  8.093770e+00  7.506540e+00  6.841710e+00  6.032260e+00  
4.949700e+00  4.223650e+00  3.282070e+00  2.309380e+00  1.125810e+00  7.756500e-01  
3.761100e-01  2.924200e-01  1.910200e-01  1.708000e-01  1.510100e-01  1.478000e-01  
2.832518e+01  1.982677e+01  1.828761e+01  1.701770e+01  1.591355e+01  1.490612e+01  
1.399500e+01  1.316988e+01  1.242912e+01  1.176338e+01  1.116170e+01  1.061059e+01  
1.009185e+01  9.586240e+00  9.074350e+00  8.523800e+00  7.887210e+00  7.088890e+00  
5.978880e+00  5.206790e+00  4.168030e+00  3.027930e+00  1.443670e+00  9.877900e-01  
4.537600e-01  3.422300e-01  2.077200e-01  1.802600e-01  1.509900e-01  1.473800e-01  
2.840642e+01  1.985237e+01  1.842239e+01  1.722627e+01  1.617892e+01  1.522367e+01  
1.435935e+01  1.357672e+01  1.287370e+01  1.224236e+01  1.167337e+01  1.115479e+01  
1.067002e+01  1.020079e+01  9.727150e+00  9.215040e+00  8.614150e+00  7.844040e+00  
6.743670e+00  5.960310e+00  4.880900e+00  3.639570e+00  1.740910e+00  1.162450e+00  
5.210200e-01  3.860600e-01  2.225000e-01  1.888200e-01  1.524600e-01  1.471700e-01  
2.840434e+01  1.986348e+01  1.850447e+01  1.735783e+01  1.635008e+01  1.543274e+01  
1.460332e+01  1.385293e+01  1.317852e+01  1.257317e+01  1.202897e+01  1.153539e+01  
1.107761e+01  1.063864e+01  1.019905e+01  9.724580e+00  9.163450e+00  8.430430e+00  
7.353820e+00  6.569170e+00  5.464670e+00  4.155090e+00  2.034220e+00  1.321050e+00  
5.780900e-01  4.233000e-01  2.367200e-01  1.978400e-01  1.542600e-01  1.470400e-01  
2.835431e+01  1.987141e+01  1.856160e+01  1.745042e+01  1.647198e+01  1.558332e+01  
1.478076e+01  1.405506e+01  1.340215e+01  1.281595e+01  1.228998e+01  1.181549e+01  
1.137998e+01  1.096831e+01  1.056142e+01  1.012443e+01  9.603160e+00  8.905850e+00  
7.851800e+00  7.070340e+00  5.957540e+00  4.609920e+00  2.312190e+00  1.467650e+00  
6.296000e-01  4.584900e-01  2.502400e-01  2.057700e-01  1.564700e-01  1.469600e-01  
2.820488e+01  1.988275e+01  1.864055e+01  1.757870e+01  1.664024e+01  1.579030e+01  
1.502441e+01  1.433336e+01  1.371248e+01  1.315636e+01  1.266002e+01  1.221636e+01  
1.181496e+01  1.144283e+01  1.108298e+01  1.070270e+01  1.024852e+01  9.624480e+00  
8.638330e+00  7.879310e+00  6.763320e+00  5.361350e+00  2.810030e+00  1.766040e+00  
7.230300e-01  5.197900e-01  2.745100e-01  2.217100e-01  1.609200e-01  1.468500e-01  
2.806505e+01  1.989423e+01  1.869922e+01  1.767043e+01  1.675760e+01  1.593178e+01  
1.518815e+01  1.451873e+01  1.391868e+01  1.338356e+01  1.290897e+01  1.248878e+01  
1.211363e+01  1.177188e+01  1.144813e+01  1.111158e+01  1.071058e+01  1.014963e+01  
9.232160e+00  8.503040e+00  7.400270e+00  5.973430e+00  3.249380e+00  2.058120e+00  
8.077100e-01  5.751300e-01  2.964400e-01  2.363200e-01  1.654300e-01  1.467900e-01  
2.775345e+01  1.991769e+01  1.879771e+01  1.781850e+01  1.694214e+01  1.614859e+01  
1.543421e+01  1.479364e+01  1.422401e+01  1.372181e+01  1.328345e+01  1.290372e+01  
1.257431e+01  1.228504e+01  1.202333e+01  1.176199e+01  1.145501e+01  1.101542e+01  
1.025000e+01  9.600260e+00  8.557530e+00  7.128870e+00  4.163300e+00  2.719860e+00  
9.955000e-01  6.973800e-01  3.444200e-01  2.685700e-01  1.762900e-01  1.467000e-01  
2.730722e+01  1.993417e+01  1.885745e+01  1.790364e+01  1.704475e+01  1.626709e+01  
1.556796e+01  1.494387e+01  1.439296e+01  1.391206e+01  1.349722e+01  1.314335e+01  
1.284279e+01  1.258662e+01  1.236409e+01  1.215064e+01  1.190582e+01  1.155428e+01  
1.090975e+01  1.032849e+01  9.353760e+00  7.961500e+00  4.892910e+00  3.282220e+00  
1.160770e+00  8.058700e-01  3.859600e-01  2.965800e-01  1.862800e-01  1.466600e-01  
2.618188e+01  1.994308e+01  1.891049e+01  1.798595e+01  1.714957e+01  1.639236e+01  
1.571242e+01  1.510804e+01  1.457881e+01  1.412189e+01  1.373383e+01  1.341004e+01  
1.314434e+01  1.292960e+01  1.275740e+01  1.260678e+01  1.244316e+01  1.220234e+01  
1.172051e+01  1.125115e+01  1.040987e+01  9.119970e+00  6.001030e+00  4.200530e+00  
1.452460e+00  9.966100e-01  4.575500e-01  3.444200e-01  2.044500e-01  1.466100e-01  
2.522911e+01  1.994308e+01  1.893230e+01  1.802328e+01  1.720018e+01  1.645573e+01  
1.578818e+01  1.519639e+01  1.467983e+01  1.423629e+01  1.386315e+01  1.355683e+01  
1.331185e+01  1.312216e+01  1.298087e+01  1.286944e+01  1.275716e+01  1.258697e+01  
1.221310e+01  1.182462e+01  1.109309e+01  9.907830e+00  6.827830e+00  4.928280e+00  
1.708280e+00  1.165270e+00  5.195900e-01  3.856100e-01  2.206200e-01  1.465900e-01  
2.453964e+01  1.994168e+01  1.894370e+01  1.804433e+01  1.722984e+01  1.649396e+01  
1.583500e+01  1.525220e+01  1.474447e+01  1.431005e+01  1.394612e+01  1.364988e+01  
1.341770e+01  1.324518e+01  1.312619e+01  1.304269e+01  1.296619e+01  1.284693e+01  
1.255076e+01  1.221945e+01  1.157450e+01  1.049452e+01  7.494430e+00  5.513120e+00  
1.937440e+00  1.322390e+00  5.758500e-01  4.212600e-01  2.357100e-01  1.465800e-01  
2.406345e+01  1.994057e+01  1.895190e+01  1.805960e+01  1.725087e+01  1.652069e+01  
1.586739e+01  1.529047e+01  1.478864e+01  1.436035e+01  1.400332e+01  1.371516e+01  
1.349279e+01  1.333245e+01  1.322890e+01  1.316546e+01  1.311586e+01  1.303477e+01  
1.279939e+01  1.251582e+01  1.194033e+01  1.094063e+01  8.029520e+00  6.022540e+00  
2.192560e+00  1.464220e+00  6.275200e-01  4.550800e-01  2.494000e-01  1.465700e-01  
2.345822e+01  1.994011e+01  1.896399e+01  1.808078e+01  1.727927e+01  1.655606e+01  
1.590978e+01  1.534037e+01  1.484611e+01  1.442585e+01  1.407801e+01  1.380080e+01  
1.359159e+01  1.344760e+01  1.336505e+01  1.332936e+01  1.331790e+01  1.329193e+01  
1.314509e+01  1.293156e+01  1.246090e+01  1.159109e+01  8.863530e+00  6.854820e+00  
2.727710e+00  1.720990e+00  7.216000e-01  5.165300e-01  2.742100e-01  1.465600e-01  
2.307419e+01  1.994043e+01  1.897240e+01  1.809477e+01  1.729758e+01  1.657849e+01  
1.593635e+01  1.537137e+01  1.488171e+01  1.446669e+01  1.412488e+01  1.385462e+01  
1.365381e+01  1.352031e+01  1.345134e+01  1.343405e+01  1.344835e+01  1.346056e+01  
1.337605e+01  1.321235e+01  1.281787e+01  1.204784e+01  9.492320e+00  7.513890e+00  
3.186940e+00  1.950090e+00  8.069000e-01  5.722200e-01  2.964900e-01  1.465500e-01  
2.248872e+01  1.994121e+01  1.898518e+01  1.811501e+01  1.732385e+01  1.661038e+01  
1.597382e+01  1.541401e+01  1.493008e+01  1.452192e+01  1.418951e+01  1.393058e+01  
1.374254e+01  1.362350e+01  1.357264e+01  1.358104e+01  1.363437e+01  1.370654e+01  
1.371998e+01  1.363510e+01  1.336930e+01  1.277746e+01  1.056909e+01  8.704350e+00  
4.144210e+00  2.527530e+00  9.954100e-01  6.953900e-01  3.442800e-01  1.465400e-01  
2.215681e+01  1.994106e+01  1.899103e+01  1.812459e+01  1.733678e+01  1.662663e+01  
1.599319e+01  1.543619e+01  1.495583e+01  1.455143e+01  1.422388e+01  1.397020e+01  
1.378845e+01  1.367735e+01  1.363706e+01  1.365997e+01  1.373418e+01  1.383946e+01  
1.391142e+01  1.387571e+01  1.368904e+01  1.321281e+01  1.127485e+01  9.523280e+00  
4.889890e+00  3.143630e+00  1.161770e+00  8.033300e-01  3.860700e-01  1.465400e-01  
2.180292e+01  1.993993e+01  1.899593e+01  1.813348e+01  1.734912e+01  1.664241e+01  
1.601245e+01  1.545906e+01  1.498244e+01  1.458247e+01  1.425932e+01  1.401119e+01  
1.383621e+01  1.373352e+01  1.370452e+01  1.374279e+01  1.383919e+01  1.397999e+01  
1.411813e+01  1.414095e+01  1.405145e+01  1.372064e+01  1.215752e+01  1.060735e+01  
6.023760e+00  4.124650e+00  1.452520e+00  9.937700e-01  4.579300e-01  1.465300e-01  
2.161671e+01  1.993883e+01  1.899759e+01  1.813712e+01  1.735461e+01  1.664973e+01  
1.602202e+01  1.547080e+01  1.499643e+01  1.459850e+01  1.427744e+01  1.403219e+01  
1.386087e+01  1.376268e+01  1.373967e+01  1.378611e+01  1.389431e+01  1.405446e+01  
1.422897e+01  1.428534e+01  1.425367e+01  1.401296e+01  1.269950e+01  1.130894e+01  
6.873270e+00  4.905650e+00  1.706370e+00  1.162830e+00  5.201200e-01  1.465300e-01  
2.149950e+01  1.993790e+01  1.899828e+01  1.813892e+01  1.735751e+01  1.665404e+01  
1.602774e+01  1.547807e+01  1.500498e+01  1.460845e+01  1.428865e+01  1.404516e+01  
1.387620e+01  1.378084e+01  1.376158e+01  1.381315e+01  1.392888e+01  1.410146e+01  
1.429911e+01  1.437687e+01  1.438368e+01  1.420492e+01  1.307052e+01  1.180453e+01  
7.531970e+00  5.529430e+00  1.965090e+00  1.317500e+00  5.761000e-01  1.465300e-01  
2.141711e+01  1.993738e+01  1.899890e+01  1.814034e+01  1.735976e+01  1.665709e+01  
1.603171e+01  1.548302e+01  1.501076e+01  1.461512e+01  1.429623e+01  1.405414e+01  
1.388670e+01  1.379335e+01  1.377663e+01  1.383168e+01  1.395270e+01  1.413393e+01  
1.434769e+01  1.444013e+01  1.447437e+01  1.434126e+01  1.334356e+01  1.217894e+01  
8.072670e+00  6.061160e+00  2.369950e+00  1.461040e+00  6.276700e-01  1.465300e-01  
2.131026e+01  1.993761e+01  1.900073e+01  1.814326e+01  1.736357e+01  1.666164e+01  
1.603679e+01  1.548886e+01  1.501760e+01  1.462347e+01  1.430604e+01  1.406548e+01  
1.390003e+01  1.380918e+01  1.379554e+01  1.385502e+01  1.398273e+01  1.417513e+01  
1.440935e+01  1.452147e+01  1.459235e+01  1.452240e+01  1.372317e+01  1.271540e+01  
8.915770e+00  6.920300e+00  3.037400e+00  1.857090e+00  7.215400e-01  1.465300e-01  
2.124706e+01  1.993901e+01  1.900360e+01  1.814700e+01  1.736766e+01  1.666544e+01  
1.604005e+01  1.549166e+01  1.502113e+01  1.462803e+01  1.431197e+01  1.407241e+01  
1.390795e+01  1.381848e+01  1.380649e+01  1.386841e+01  1.400004e+01  1.419889e+01  
1.444563e+01  1.457068e+01  1.466534e+01  1.463747e+01  1.397874e+01  1.308921e+01  
9.553790e+00  7.593480e+00  3.564030e+00  2.264870e+00  8.067000e-01  1.465300e-01  
