4.501830e+00  4.586040e+00  4.656450e+00  4.714370e+00  4.759490e+00  4.792020e+00  
4.812990e+00  4.824700e+00  4.830230e+00  4.830330e+00  4.825360e+00  4.815920e+00  
4.803710e+00  4.790180e+00  4.775230e+00  4.758630e+00  4.740940e+00  4.725420e+00  
4.716010e+00  4.713300e+00  4.709160e+00  4.703760e+00  4.697140e+00  4.695170e+00  
4.693440e+00  4.693210e+00  4.693040e+00  4.693020e+00  4.693030e+00  4.693020e+00  
5.200650e+00  5.292750e+00  5.364610e+00  5.418300e+00  5.453600e+00  5.471080e+00  
5.472530e+00  5.461480e+00  5.442620e+00  5.417180e+00  5.385860e+00  5.349780e+00  
5.311230e+00  5.272100e+00  5.232000e+00  5.189800e+00  5.145110e+00  5.100910e+00  
5.061270e+00  5.043600e+00  5.026200e+00  5.012890e+00  5.001760e+00  4.998980e+00  
4.996570e+00  4.996280e+00  4.996060e+00  4.996030e+00  4.996010e+00  4.995950e+00  
5.700100e+00  5.806000e+00  5.875220e+00  5.914150e+00  5.928090e+00  5.923600e+00  
5.903850e+00  5.872870e+00  5.835540e+00  5.792090e+00  5.741220e+00  5.683500e+00  
5.623330e+00  5.564560e+00  5.506700e+00  5.447900e+00  5.387200e+00  5.328090e+00  
5.273110e+00  5.246530e+00  5.221790e+00  5.204460e+00  5.188470e+00  5.184590e+00  
5.181500e+00  5.181100e+00  5.180810e+00  5.180770e+00  5.180730e+00  5.180690e+00  
6.409980e+00  6.520640e+00  6.574640e+00  6.584090e+00  6.560450e+00  6.516660e+00  
6.457220e+00  6.386490e+00  6.309790e+00  6.228630e+00  6.143820e+00  6.057010e+00  
5.970020e+00  5.884850e+00  5.801890e+00  5.721150e+00  5.642610e+00  5.566040e+00  
5.493290e+00  5.460080e+00  5.428750e+00  5.405420e+00  5.382320e+00  5.376850e+00  
5.372510e+00  5.371940e+00  5.371540e+00  5.371480e+00  5.371420e+00  5.371410e+00  
6.925050e+00  7.001250e+00  7.032080e+00  7.025260e+00  6.982590e+00  6.907960e+00  
6.808140e+00  6.693630e+00  6.576810e+00  6.461040e+00  6.347310e+00  6.237390e+00  
6.132060e+00  6.032310e+00  5.937110e+00  5.843310e+00  5.748990e+00  5.658540e+00  
5.578370e+00  5.543010e+00  5.508480e+00  5.481200e+00  5.453870e+00  5.447270e+00  
5.442040e+00  5.441400e+00  5.440860e+00  5.440810e+00  5.440750e+00  5.440760e+00  
7.315720e+00  7.375750e+00  7.383590e+00  7.349380e+00  7.275820e+00  7.168050e+00  
7.034420e+00  6.887340e+00  6.741200e+00  6.599760e+00  6.463940e+00  6.335240e+00  
6.213690e+00  6.099590e+00  5.991750e+00  5.886630e+00  5.782120e+00  5.683290e+00  
5.597400e+00  5.560170e+00  5.523560e+00  5.494110e+00  5.463940e+00  5.456600e+00  
5.450790e+00  5.450090e+00  5.449480e+00  5.449420e+00  5.449360e+00  5.449370e+00  
7.633170e+00  7.675090e+00  7.659280e+00  7.598300e+00  7.495660e+00  7.357630e+00  
7.193840e+00  7.018270e+00  6.846760e+00  6.683320e+00  6.528790e+00  6.384250e+00  
6.249060e+00  6.122820e+00  6.004230e+00  5.889430e+00  5.776270e+00  5.670340e+00  
5.579690e+00  5.540920e+00  5.502680e+00  5.471610e+00  5.439710e+00  5.431930e+00  
5.425750e+00  5.425000e+00  5.424350e+00  5.424300e+00  5.424240e+00  5.424240e+00  
8.106300e+00  8.164950e+00  8.107390e+00  7.969400e+00  7.782890e+00  7.580290e+00  
7.371340e+00  7.162810e+00  6.962080e+00  6.770790e+00  6.589310e+00  6.417930e+00  
6.255890e+00  6.102790e+00  5.959470e+00  5.826450e+00  5.703960e+00  5.590630e+00  
5.489160e+00  5.445730e+00  5.404440e+00  5.372300e+00  5.338440e+00  5.330320e+00  
5.323860e+00  5.323000e+00  5.322380e+00  5.322300e+00  5.322230e+00  5.322230e+00  
8.482990e+00  8.511570e+00  8.410080e+00  8.222050e+00  7.984680e+00  7.734980e+00  
7.483930e+00  7.238970e+00  7.007860e+00  6.790680e+00  6.585610e+00  6.391530e+00  
6.209440e+00  6.039620e+00  5.882180e+00  5.735820e+00  5.599820e+00  5.475460e+00  
5.366230e+00  5.318750e+00  5.274150e+00  5.240570e+00  5.206470e+00  5.198290e+00  
5.191810e+00  5.190940e+00  5.190310e+00  5.190230e+00  5.190180e+00  5.190160e+00  
9.152080e+00  9.105050e+00  8.904580e+00  8.611200e+00  8.271980e+00  7.931840e+00  
7.602780e+00  7.292100e+00  7.007000e+00  6.743360e+00  6.495830e+00  6.259880e+00  
6.040480e+00  5.839040e+00  5.654030e+00  5.480640e+00  5.316310e+00  5.167500e+00  
5.038460e+00  4.979780e+00  4.925980e+00  4.888580e+00  4.854990e+00  4.847070e+00  
4.840910e+00  4.840120e+00  4.839530e+00  4.839440e+00  4.839390e+00  4.839370e+00  
9.880930e+00  9.496830e+00  9.095420e+00  8.709240e+00  8.337550e+00  7.979860e+00  
7.635870e+00  7.305410e+00  6.988450e+00  6.685020e+00  6.398140e+00  6.126800e+00  
5.873160e+00  5.635900e+00  5.416190e+00  5.215540e+00  5.034850e+00  4.871400e+00  
4.728000e+00  4.670490e+00  4.628620e+00  4.602690e+00  4.532580e+00  4.501580e+00  
4.512190e+00  4.518120e+00  4.515530e+00  4.513710e+00  4.516960e+00  4.514900e+00  
1.022889e+01  9.984490e+00  9.560240e+00  9.054150e+00  8.528630e+00  8.037140e+00  
7.587400e+00  7.179150e+00  6.808900e+00  6.471440e+00  6.156550e+00  5.856020e+00  
5.576620e+00  5.319170e+00  5.079930e+00  4.852340e+00  4.633250e+00  4.431160e+00  
4.247210e+00  4.158120e+00  4.078290e+00  4.027830e+00  3.992380e+00  3.984850e+00  
3.979350e+00  3.978740e+00  3.978240e+00  3.978150e+00  3.978130e+00  3.978180e+00  
1.063608e+01  1.027985e+01  9.745810e+00  9.146970e+00  8.547660e+00  8.000650e+00  
7.509020e+00  7.067300e+00  6.666970e+00  6.302120e+00  5.963530e+00  5.641260e+00  
5.340490e+00  5.062000e+00  4.800920e+00  4.551550e+00  4.310880e+00  4.084920e+00  
3.873020e+00  3.769570e+00  3.676860e+00  3.618230e+00  3.577680e+00  3.569390e+00  
3.563390e+00  3.562730e+00  3.562190e+00  3.562080e+00  3.562070e+00  3.562110e+00  
1.110412e+01  1.042223e+01  9.733590e+00  9.098410e+00  8.510370e+00  7.965340e+00  
7.460100e+00  6.991740e+00  6.557290e+00  6.156880e+00  5.790760e+00  5.451050e+00  
5.135650e+00  4.842600e+00  4.567630e+00  4.309580e+00  4.065010e+00  3.823450e+00  
3.578980e+00  3.461790e+00  3.359860e+00  3.296010e+00  3.247010e+00  3.241220e+00  
3.232890e+00  3.231530e+00  3.231200e+00  3.231090e+00  3.231290e+00  3.231140e+00  
1.131028e+01  1.055665e+01  9.803050e+00  9.114830e+00  8.483250e+00  7.903190e+00  
7.370110e+00  6.878960e+00  6.427530e+00  6.015360e+00  5.640480e+00  5.293620e+00  
4.970630e+00  4.669860e+00  4.385820e+00  4.116740e+00  3.858810e+00  3.601610e+00  
3.339620e+00  3.213540e+00  3.104000e+00  3.035050e+00  2.979730e+00  2.971950e+00  
2.962760e+00  2.961370e+00  2.960900e+00  2.960780e+00  2.960890e+00  2.960750e+00  
1.159734e+01  1.072770e+01  9.871920e+00  9.102190e+00  8.405000e+00  7.772880e+00  
7.199250e+00  6.676330e+00  6.201100e+00  5.774360e+00  5.388670e+00  5.033310e+00  
4.700920e+00  4.389900e+00  4.094370e+00  3.810900e+00  3.535220e+00  3.257110e+00  
2.971580e+00  2.833150e+00  2.712010e+00  2.633790e+00  2.566480e+00  2.554890e+00  
2.543680e+00  2.542150e+00  2.541390e+00  2.541250e+00  2.541250e+00  2.541100e+00  
1.179249e+01  1.082916e+01  9.894590e+00  9.063310e+00  8.318050e+00  7.648000e+00  
7.044670e+00  6.500270e+00  6.009840e+00  5.573980e+00  5.182130e+00  4.822090e+00  
4.484420e+00  4.166750e+00  3.864840e+00  3.573130e+00  3.287210e+00  2.997180e+00  
2.698300e+00  2.552370e+00  2.422760e+00  2.336200e+00  2.258370e+00  2.243610e+00  
2.230290e+00  2.228540e+00  2.227510e+00  2.227370e+00  2.227270e+00  2.227140e+00  
1.214870e+01  1.094139e+01  9.835730e+00  8.889680e+00  8.071440e+00  7.356340e+00  
6.724590e+00  6.164190e+00  5.665510e+00  5.220190e+00  4.817240e+00  4.443830e+00  
4.089280e+00  3.750350e+00  3.430600e+00  3.125500e+00  2.832090e+00  2.539870e+00  
2.240650e+00  2.090260e+00  1.944670e+00  1.836100e+00  1.741700e+00  1.720060e+00  
1.702830e+00  1.700810e+00  1.699130e+00  1.698900e+00  1.698740e+00  1.698680e+00  
1.241060e+01  1.100672e+01  9.777260e+00  8.750990e+00  7.880430e+00  7.134110e+00  
6.485480e+00  5.914610e+00  5.409770e+00  4.958220e+00  4.547520e+00  4.166420e+00  
3.804780e+00  3.459020e+00  3.134540e+00  2.830330e+00  2.539790e+00  2.250690e+00  
1.952250e+00  1.799530e+00  1.646970e+00  1.528460e+00  1.422860e+00  1.397720e+00  
1.377420e+00  1.375030e+00  1.373040e+00  1.372760e+00  1.372600e+00  1.372580e+00  
1.283466e+01  1.113670e+01  9.743310e+00  8.611510e+00  7.668140e+00  6.874110e+00  
6.202930e+00  5.621240e+00  5.105790e+00  4.643720e+00  4.222340e+00  3.831550e+00  
3.462350e+00  3.110700e+00  2.780360e+00  2.476510e+00  2.190370e+00  1.906980e+00  
1.614950e+00  1.464320e+00  1.310550e+00  1.186380e+00  1.067300e+00  1.037700e+00  
1.013900e+00  1.011050e+00  1.008660e+00  1.008340e+00  1.008120e+00  1.008130e+00  
1.321359e+01  1.127290e+01  9.780480e+00  8.593930e+00  7.616970e+00  6.791200e+00  
6.095340e+00  5.496640e+00  4.966890e+00  4.491170e+00  4.056920e+00  3.654910e+00  
3.279540e+00  2.927340e+00  2.597590e+00  2.290750e+00  2.002750e+00  1.719990e+00  
1.433500e+00  1.285730e+00  1.133720e+00  1.008230e+00  8.803300e-01  8.480500e-01  
8.222700e-01  8.188200e-01  8.163200e-01  8.160300e-01  8.157400e-01  8.156900e-01  
1.357920e+01  1.144583e+01  9.878970e+00  8.642850e+00  7.635760e+00  6.786100e+00  
6.070270e+00  5.456490e+00  4.914480e+00  4.427330e+00  3.983000e+00  3.572660e+00  
3.190790e+00  2.833500e+00  2.499040e+00  2.186570e+00  1.895550e+00  1.613480e+00  
1.329110e+00  1.182470e+00  1.030170e+00  9.023400e-01  7.682300e-01  7.337300e-01  
7.062400e-01  7.026000e-01  6.999300e-01  6.996100e-01  6.993100e-01  6.991800e-01  
1.391473e+01  1.162480e+01  1.000202e+01  8.724250e+00  7.691080e+00  6.824330e+00  
6.092940e+00  5.465330e+00  4.911590e+00  4.414000e+00  3.960270e+00  3.541810e+00  
3.153250e+00  2.790500e+00  2.451010e+00  2.132710e+00  1.835720e+00  1.552600e+00  
1.268080e+00  1.121060e+00  9.670400e-01  8.361400e-01  6.962800e-01  6.598600e-01  
6.308000e-01  6.269600e-01  6.241400e-01  6.238000e-01  6.234900e-01  6.233100e-01  
1.446230e+01  1.201112e+01  1.030495e+01  8.928380e+00  7.822050e+00  6.925590e+00  
6.183560e+00  5.549230e+00  4.984380e+00  4.472760e+00  4.005520e+00  3.575020e+00  
3.173660e+00  2.796390e+00  2.441890e+00  2.109910e+00  1.800290e+00  1.509420e+00  
1.218780e+00  1.067870e+00  9.075700e-01  7.687100e-01  6.167100e-01  5.764500e-01  
5.441500e-01  5.401700e-01  5.368500e-01  5.364600e-01  5.360500e-01  5.359600e-01  
1.493138e+01  1.231335e+01  1.055279e+01  9.132860e+00  7.999460e+00  7.086830e+00  
6.331810e+00  5.684120e+00  5.105820e+00  4.581600e+00  4.102920e+00  3.661900e+00  
3.250720e+00  2.863850e+00  2.499060e+00  2.154600e+00  1.829090e+00  1.521600e+00  
1.220450e+00  1.063280e+00  8.944700e-01  7.460900e-01  5.803400e-01  5.359500e-01  
5.003000e-01  4.958900e-01  4.922100e-01  4.917800e-01  4.913500e-01  4.913300e-01  
1.578915e+01  1.290768e+01  1.107507e+01  9.603670e+00  8.452720e+00  7.516150e+00  
6.737010e+00  6.064460e+00  5.462260e+00  4.915600e+00  4.415910e+00  3.954930e+00  
3.524090e+00  3.116810e+00  2.729250e+00  2.357090e+00  1.996850e+00  1.647140e+00  
1.306340e+00  1.128440e+00  9.326500e-01  7.561900e-01  5.541100e-01  4.993900e-01  
4.554700e-01  4.500300e-01  4.455000e-01  4.449400e-01  4.444600e-01  4.444700e-01  
1.635931e+01  1.333514e+01  1.148674e+01  1.001026e+01  8.864210e+00  7.917390e+00  
7.122060e+00  6.431400e+00  5.812080e+00  5.249350e+00  4.734320e+00  4.258350e+00  
3.812310e+00  3.388860e+00  2.983300e+00  2.589890e+00  2.203260e+00  1.819210e+00  
1.432250e+00  1.230570e+00  1.003920e+00  7.964700e-01  5.584800e-01  4.939900e-01  
4.416400e-01  4.350400e-01  4.297200e-01  4.291000e-01  4.284200e-01  4.282000e-01  
1.705753e+01  1.389428e+01  1.208398e+01  1.066040e+01  9.533510e+00  8.583980e+00  
7.772420e+00  7.059500e+00  6.416690e+00  5.830530e+00  5.292530e+00  4.794240e+00  
4.326680e+00  3.882110e+00  3.454690e+00  3.036650e+00  2.617440e+00  2.180910e+00  
1.706790e+00  1.447250e+00  1.160410e+00  8.965200e-01  5.918500e-01  5.055300e-01  
4.348300e-01  4.259700e-01  4.189900e-01  4.180200e-01  4.170100e-01  4.153300e-01  
1.747191e+01  1.423646e+01  1.249167e+01  1.113368e+01  1.003054e+01  9.088280e+00  
8.273100e+00  7.551110e+00  6.897320e+00  6.299420e+00  5.749310e+00  5.238710e+00  
4.758580e+00  4.300870e+00  3.859170e+00  3.424490e+00  2.983000e+00  2.510230e+00  
1.972400e+00  1.663460e+00  1.315050e+00  9.967000e-01  6.304300e-01  5.262300e-01  
4.360300e-01  4.238100e-01  4.144200e-01  4.132500e-01  4.113800e-01  4.088500e-01  
1.758138e+01  1.442824e+01  1.282741e+01  1.155297e+01  1.047175e+01  9.518630e+00  
8.676180e+00  7.925670e+00  7.254570e+00  6.650800e+00  6.102950e+00  5.598710e+00  
5.123800e+00  4.666450e+00  4.219530e+00  3.773010e+00  3.309920e+00  2.798490e+00  
2.198550e+00  1.850190e+00  1.457670e+00  1.104890e+00  6.755200e-01  5.456900e-01  
4.384100e-01  4.238500e-01  4.112700e-01  4.095300e-01  4.076300e-01  4.044300e-01  
1.777005e+01  1.456825e+01  1.303670e+01  1.180858e+01  1.075674e+01  9.822540e+00  
8.991860e+00  8.247550e+00  7.578540e+00  6.973850e+00  6.423030e+00  5.914640e+00  
5.435090e+00  4.972820e+00  4.520100e+00  4.065690e+00  3.590180e+00  3.056510e+00  
2.415520e+00  2.034610e+00  1.596690e+00  1.199710e+00  7.168600e-01  5.691900e-01  
4.424700e-01  4.243100e-01  4.086000e-01  4.065800e-01  4.043400e-01  4.010900e-01  
1.800018e+01  1.473483e+01  1.332790e+01  1.217262e+01  1.117327e+01  1.027587e+01  
9.470870e+00  8.743440e+00  8.084710e+00  7.485300e+00  6.936150e+00  6.426970e+00  
5.945250e+00  5.479710e+00  5.021790e+00  4.558560e+00  4.067080e+00  3.502210e+00  
2.800010e+00  2.368330e+00  1.856100e+00  1.377560e+00  7.977000e-01  6.164500e-01  
4.521100e-01  4.268200e-01  4.045700e-01  4.019200e-01  3.993800e-01  3.963500e-01  
1.812440e+01  1.482666e+01  1.351601e+01  1.241780e+01  1.146198e+01  1.059765e+01  
9.817660e+00  9.108900e+00  8.463910e+00  7.874380e+00  7.332150e+00  6.827740e+00  
6.349240e+00  5.885570e+00  5.427690e+00  4.961610e+00  4.461890e+00  3.877650e+00  
3.133090e+00  2.663940e+00  2.093900e+00  1.543900e+00  8.751500e-01  6.626800e-01  
4.627800e-01  4.306300e-01  4.017200e-01  3.983500e-01  3.958500e-01  3.931200e-01  
1.824617e+01  1.492946e+01  1.376671e+01  1.277147e+01  1.189484e+01  1.109552e+01  
1.036859e+01  9.703680e+00  9.094900e+00  8.535480e+00  8.018470e+00  7.535320e+00  
7.074750e+00  6.625820e+00  6.179090e+00  5.719150e+00  5.217010e+00  4.612760e+00  
3.809350e+00  3.280880e+00  2.610780e+00  1.928360e+00  1.054120e+00  7.716300e-01  
4.908400e-01  4.429000e-01  3.976000e-01  3.922900e-01  3.904700e-01  3.882700e-01  
1.827867e+01  1.495965e+01  1.388256e+01  1.295424e+01  1.213060e+01  1.137739e+01  
1.069067e+01  1.006154e+01  9.484800e+00  8.954370e+00  8.463790e+00  8.004820e+00  
7.566190e+00  7.136790e+00  6.707150e+00  6.261330e+00  5.768680e+00  5.164460e+00  
4.337580e+00  3.777050e+00  3.044550e+00  2.267730e+00  1.215970e+00  8.720700e-01  
5.188600e-01  4.567300e-01  3.961600e-01  3.888000e-01  3.874800e-01  3.855600e-01  
1.829048e+01  1.496047e+01  1.398341e+01  1.313395e+01  1.237535e+01  1.168179e+01  
1.104980e+01  1.047213e+01  9.944270e+00  9.460780e+00  9.015550e+00  8.600380e+00  
8.203440e+00  7.813140e+00  7.420230e+00  7.008630e+00  6.546550e+00  5.964640e+00  
5.134740e+00  4.547300e+00  3.745630e+00  2.844130e+00  1.502520e+00  1.053860e+00  
5.725200e-01  4.854100e-01  3.975600e-01  3.860900e-01  3.842400e-01  3.826300e-01  
1.827896e+01  1.494831e+01  1.402673e+01  1.322062e+01  1.249934e+01  1.184150e+01  
1.124395e+01  1.070019e+01  1.020621e+01  9.756870e+00  9.346230e+00  8.966020e+00  
8.603910e+00  8.247930e+00  7.889140e+00  7.511780e+00  7.083910e+00  6.533990e+00  
5.724000e+00  5.131760e+00  4.297680e+00  3.319770e+00  1.764120e+00  1.217110e+00  
6.229600e-01  5.138500e-01  4.018700e-01  3.863600e-01  3.825300e-01  3.810700e-01  
1.826093e+01  1.494707e+01  1.406076e+01  1.328101e+01  1.258170e+01  1.194471e+01  
1.136695e+01  1.084303e+01  1.036927e+01  9.941280e+00  9.553810e+00  9.199490e+00  
8.866990e+00  8.545110e+00  8.224880e+00  7.889640e+00  7.503800e+00  6.984830e+00  
6.183390e+00  5.588150e+00  4.746950e+00  3.732440e+00  2.008930e+00  1.364490e+00  
6.704500e-01  5.411800e-01  4.074400e-01  3.886200e-01  3.811700e-01  3.801000e-01  
1.822289e+01  1.493801e+01  1.407721e+01  1.331749e+01  1.263536e+01  1.201516e+01  
1.145387e+01  1.094664e+01  1.049011e+01  1.008021e+01  9.712110e+00  9.378750e+00  
9.069180e+00  8.772510e+00  8.480090e+00  8.175400e+00  7.822020e+00  7.333610e+00  
6.555410e+00  5.967760e+00  5.127800e+00  4.088520e+00  2.235030e+00  1.504480e+00  
7.154100e-01  5.679600e-01  4.136900e-01  3.908400e-01  3.807100e-01  3.794500e-01  
1.815323e+01  1.493162e+01  1.410354e+01  1.336920e+01  1.270929e+01  1.211078e+01  
1.157103e+01  1.108592e+01  1.065259e+01  1.026755e+01  9.926630e+00  9.623500e+00  
9.347960e+00  9.089920e+00  8.841680e+00  8.587420e+00  8.290410e+00  7.859880e+00  
7.134090e+00  6.568670e+00  5.742780e+00  4.679360e+00  2.639860e+00  1.769410e+00  
7.995000e-01  6.186200e-01  4.269700e-01  3.967000e-01  3.802400e-01  3.786200e-01  
1.810243e+01  1.493521e+01  1.412763e+01  1.340917e+01  1.276272e+01  1.217739e+01  
1.165075e+01  1.117906e+01  1.076000e+01  1.039053e+01  1.006697e+01  9.783720e+00  
9.531390e+00  9.300850e+00  9.085390e+00  8.870340e+00  8.619740e+00  8.241160e+00  
7.569090e+00  7.029360e+00  6.223670e+00  5.154290e+00  2.994150e+00  2.016510e+00  
8.775300e-01  6.661000e-01  4.405300e-01  4.034900e-01  3.800800e-01  3.781100e-01  
1.798491e+01  1.494420e+01  1.417451e+01  1.348297e+01  1.285712e+01  1.228929e+01  
1.177800e+01  1.132157e+01  1.091873e+01  1.056797e+01  1.026719e+01  1.001307e+01  
9.799460e+00  9.619150e+00  9.463380e+00  9.310810e+00  9.125200e+00  8.838290e+00  
8.304540e+00  7.840320e+00  7.086810e+00  6.030750e+00  3.733950e+00  2.555790e+00  
1.053360e+00  7.752500e-01  4.738400e-01  4.213500e-01  3.807600e-01  3.774200e-01  
1.784460e+01  1.495962e+01  1.420566e+01  1.352425e+01  1.290601e+01  1.234561e+01  
1.184251e+01  1.139539e+01  1.100380e+01  1.066591e+01  1.037899e+01  1.013990e+01  
9.944560e+00  9.788000e+00  9.663420e+00  9.552240e+00  9.422620e+00  9.213580e+00  
8.778250e+00  8.366520e+00  7.672360e+00  6.662640e+00  4.314180e+00  3.006760e+00  
1.211240e+00  8.742000e-01  5.050100e-01  4.398700e-01  3.823100e-01  3.770800e-01  
1.747121e+01  1.496470e+01  1.422842e+01  1.356118e+01  1.295478e+01  1.240509e+01  
1.191164e+01  1.147397e+01  1.109189e+01  1.076489e+01  1.049194e+01  1.027127e+01  
1.009870e+01  9.969890e+00  9.880710e+00  9.816890e+00  9.753010e+00  9.637820e+00  
9.347830e+00  9.035860e+00  8.444660e+00  7.511420e+00  5.176820e+00  3.748530e+00  
1.493170e+00  1.051990e+00  5.625500e-01  4.736400e-01  3.877300e-01  3.767300e-01  
1.715134e+01  1.496329e+01  1.423543e+01  1.357477e+01  1.297426e+01  1.243071e+01  
1.194332e+01  1.151208e+01  1.113665e+01  1.081671e+01  1.055178e+01  1.034055e+01  
1.017964e+01  1.006571e+01  9.995830e+00  9.957650e+00  9.930170e+00  9.873080e+00  
9.680900e+00  9.439870e+00  8.937320e+00  8.087210e+00  5.812860e+00  4.325680e+00  
1.742020e+00  1.212170e+00  6.148900e-01  5.054700e-01  3.941000e-01  3.765500e-01  
1.691866e+01  1.496321e+01  1.423999e+01  1.358186e+01  1.298326e+01  1.244269e+01  
1.195946e+01  1.153337e+01  1.116392e+01  1.085027e+01  1.059105e+01  1.038482e+01  
1.022983e+01  1.012435e+01  1.006624e+01  1.004424e+01  1.004081e+01  1.002577e+01  
9.901660e+00  9.706940e+00  9.275180e+00  8.514250e+00  6.327710e+00  4.789300e+00  
1.961150e+00  1.358540e+00  6.642000e-01  5.350000e-01  4.022600e-01  3.764400e-01  
1.675748e+01  1.496201e+01  1.424279e+01  1.358731e+01  1.299096e+01  1.245310e+01  
1.197253e+01  1.154905e+01  1.118189e+01  1.087083e+01  1.061542e+01  1.041445e+01  
1.026541e+01  1.016619e+01  1.011563e+01  1.010458e+01  1.011787e+01  1.012770e+01  
1.005309e+01  9.905480e+00  9.537720e+00  8.831940e+00  6.706220e+00  5.194750e+00  
2.187320e+00  1.496400e+00  7.095900e-01  5.629600e-01  4.084100e-01  3.763700e-01  
1.655492e+01  1.496168e+01  1.424716e+01  1.359497e+01  1.300181e+01  1.246708e+01  
1.198988e+01  1.156970e+01  1.120615e+01  1.089907e+01  1.064832e+01  1.045283e+01  
1.031030e+01  1.021919e+01  1.017935e+01  1.018320e+01  1.021856e+01  1.026377e+01  
1.025402e+01  1.016393e+01  9.889790e+00  9.298270e+00  7.322510e+00  5.830360e+00  
2.609900e+00  1.747350e+00  7.948400e-01  6.149800e-01  4.232300e-01  3.762800e-01  
1.645445e+01  1.497105e+01  1.424906e+01  1.359447e+01  1.300229e+01  1.247015e+01  
1.199645e+01  1.158025e+01  1.122086e+01  1.091780e+01  1.067078e+01  1.047789e+01  
1.033533e+01  1.024184e+01  1.020260e+01  1.022165e+01  1.029403e+01  1.037867e+01  
1.039369e+01  1.032279e+01  1.010226e+01  9.611320e+00  7.806310e+00  6.315000e+00  
2.972530e+00  1.975690e+00  8.737900e-01  6.631200e-01  4.377500e-01  3.762300e-01  
1.626060e+01  1.497233e+01  1.425444e+01  1.360273e+01  1.301303e+01  1.248327e+01  
1.201213e+01  1.159845e+01  1.124195e+01  1.094216e+01  1.069875e+01  1.051022e+01  
1.037309e+01  1.028662e+01  1.025668e+01  1.028853e+01  1.037979e+01  1.049446e+01  
1.056737e+01  1.055374e+01  1.043951e+01  1.010369e+01  8.590190e+00  7.204940e+00  
3.725980e+00  2.491010e+00  1.051350e+00  7.725400e-01  4.724900e-01  3.761600e-01  
1.614975e+01  1.497245e+01  1.425687e+01  1.360673e+01  1.301841e+01  1.249001e+01  
1.201998e+01  1.160777e+01  1.125262e+01  1.095442e+01  1.071274e+01  1.052641e+01  
1.039213e+01  1.030944e+01  1.028451e+01  1.032330e+01  1.042461e+01  1.055484e+01  
1.065779e+01  1.067516e+01  1.062195e+01  1.038375e+01  9.092870e+00  7.814610e+00  
4.315700e+00  2.963820e+00  1.210230e+00  8.714600e-01  5.048400e-01  3.761200e-01  
1.600595e+01  1.496390e+01  1.426019e+01  1.361574e+01  1.302943e+01  1.250127e+01  
1.203088e+01  1.161814e+01  1.126334e+01  1.096604e+01  1.072537e+01  1.054108e+01  
1.041301e+01  1.034189e+01  1.032914e+01  1.036933e+01  1.045658e+01  1.058693e+01  
1.074341e+01  1.081199e+01  1.082501e+01  1.067435e+01  9.694790e+00  8.660930e+00  
5.201770e+00  3.697430e+00  1.490620e+00  1.053740e+00  5.636900e-01  3.760900e-01  
1.594319e+01  1.496339e+01  1.426095e+01  1.361711e+01  1.303131e+01  1.250383e+01  
1.203413e+01  1.162195e+01  1.126741e+01  1.097060e+01  1.073150e+01  1.054988e+01  
1.042430e+01  1.035460e+01  1.034290e+01  1.038579e+01  1.047946e+01  1.062150e+01  
1.079291e+01  1.087199e+01  1.091702e+01  1.084594e+01  1.008063e+01  9.125230e+00  
5.857970e+00  4.308760e+00  1.739250e+00  1.209450e+00  6.167700e-01  3.760700e-01  
1.590444e+01  1.496297e+01  1.426084e+01  1.361729e+01  1.303192e+01  1.250495e+01  
1.203585e+01  1.162418e+01  1.127029e+01  1.097412e+01  1.073577e+01  1.055505e+01  
1.043051e+01  1.036197e+01  1.035179e+01  1.039686e+01  1.049374e+01  1.064073e+01  
1.082293e+01  1.091307e+01  1.097645e+01  1.094104e+01  1.032441e+01  9.479330e+00  
6.357740e+00  4.786990e+00  1.987920e+00  1.357620e+00  6.655200e-01  3.760600e-01  
1.587795e+01  1.496254e+01  1.426031e+01  1.361708e+01  1.303210e+01  1.250551e+01  
1.203689e+01  1.162599e+01  1.127307e+01  1.097781e+01  1.073957e+01  1.055802e+01  
1.043318e+01  1.036591e+01  1.035816e+01  1.040554e+01  1.050361e+01  1.065226e+01  
1.084312e+01  1.094371e+01  1.101992e+01  1.099663e+01  1.048022e+01  9.777610e+00  
6.763620e+00  5.168570e+00  2.258190e+00  1.504060e+00  7.094100e-01  3.760500e-01  
1.584130e+01  1.496285e+01  1.426178e+01  1.361903e+01  1.303436e+01  1.250797e+01  
1.203935e+01  1.162822e+01  1.127509e+01  1.097983e+01  1.074256e+01  1.056301e+01  
1.043985e+01  1.037302e+01  1.036516e+01  1.041356e+01  1.051545e+01  1.067005e+01  
1.086874e+01  1.097599e+01  1.106944e+01  1.109107e+01  1.072594e+01  1.010403e+01  
7.380650e+00  5.840840e+00  2.727190e+00  1.813840e+00  7.955000e-01  3.760400e-01  
1.581983e+01  1.496367e+01  1.426352e+01  1.362136e+01  1.303696e+01  1.251052e+01  
1.204175e+01  1.163089e+01  1.127818e+01  1.098339e+01  1.074576e+01  1.056499e+01  
1.044110e+01  1.037516e+01  1.036938e+01  1.041983e+01  1.052291e+01  1.067919e+01  
1.088382e+01  1.099792e+01  1.110433e+01  1.114412e+01  1.086324e+01  1.036079e+01  
7.849880e+00  6.334660e+00  3.114740e+00  2.110060e+00  8.708800e-01  3.760400e-01  
