7.167050e+00  7.205840e+00  7.180680e+00  7.108130e+00  7.000660e+00  6.871620e+00  
6.726420e+00  6.570310e+00  6.409300e+00  6.244740e+00  6.076970e+00  5.907520e+00  
5.739680e+00  5.577260e+00  5.422490e+00  5.278750e+00  5.149630e+00  5.036630e+00  
4.938730e+00  4.894710e+00  4.857570e+00  4.836590e+00  4.824500e+00  4.823070e+00  
4.822110e+00  4.821950e+00  4.821830e+00  4.821820e+00  4.821800e+00  4.821310e+00  
7.787950e+00  7.804400e+00  7.735660e+00  7.606490e+00  7.434710e+00  7.239020e+00  
7.027010e+00  6.805710e+00  6.582940e+00  6.360050e+00  6.137110e+00  5.915670e+00  
5.698390e+00  5.488490e+00  5.286710e+00  5.093630e+00  4.909990e+00  4.736280e+00  
4.579080e+00  4.512630e+00  4.457710e+00  4.425840e+00  4.399870e+00  4.392340e+00  
4.388450e+00  4.388450e+00  4.388320e+00  4.388170e+00  4.388250e+00  4.392190e+00  
8.232350e+00  8.228660e+00  8.119950e+00  7.939990e+00  7.712950e+00  7.463320e+00  
7.200300e+00  6.931840e+00  6.666300e+00  6.404810e+00  6.146830e+00  5.893450e+00  
5.645810e+00  5.405810e+00  5.173400e+00  4.947840e+00  4.728530e+00  4.515290e+00  
4.313380e+00  4.222720e+00  4.145360e+00  4.098920e+00  4.064180e+00  4.055580e+00  
4.050630e+00  4.050430e+00  4.050200e+00  4.050060e+00  4.050110e+00  4.053270e+00  
8.865230e+00  8.824420e+00  8.645500e+00  8.379900e+00  8.063610e+00  7.731400e+00  
7.394330e+00  7.060540e+00  6.737950e+00  6.426750e+00  6.124760e+00  5.832300e+00  
5.547530e+00  5.270200e+00  4.999340e+00  4.733010e+00  4.469200e+00  4.206420e+00  
3.943740e+00  3.815810e+00  3.701530e+00  3.628860e+00  3.577340e+00  3.566960e+00  
3.559690e+00  3.558940e+00  3.558380e+00  3.558260e+00  3.558240e+00  3.558960e+00  
9.320530e+00  9.245150e+00  9.005660e+00  8.669980e+00  8.283970e+00  7.890400e+00  
7.500990e+00  7.122950e+00  6.762920e+00  6.419660e+00  6.089920e+00  5.773140e+00  
5.465470e+00  5.165120e+00  4.870640e+00  4.579430e+00  4.288640e+00  3.995460e+00  
3.693870e+00  3.540920e+00  3.400440e+00  3.307080e+00  3.238790e+00  3.225280e+00  
3.214990e+00  3.213720e+00  3.212810e+00  3.212670e+00  3.212600e+00  3.212120e+00  
9.677570e+00  9.569320e+00  9.276350e+00  8.881560e+00  8.438870e+00  7.997170e+00  
7.568200e+00  7.157560e+00  6.770350e+00  6.404000e+00  6.054520e+00  5.720420e+00  
5.396700e+00  5.080410e+00  4.769740e+00  4.461630e+00  4.152580e+00  3.838660e+00  
3.510200e+00  3.339810e+00  3.180160e+00  3.070310e+00  2.986160e+00  2.968920e+00  
2.955420e+00  2.953680e+00  2.952400e+00  2.952230e+00  2.952120e+00  2.951190e+00  
9.971990e+00  9.832240e+00  9.491140e+00  9.045370e+00  8.555310e+00  8.074460e+00  
7.614150e+00  7.178230e+00  6.770100e+00  6.386020e+00  6.021460e+00  5.673950e+00  
5.338100e+00  5.009960e+00  4.687440e+00  4.367070e+00  4.044790e+00  3.715780e+00  
3.367820e+00  3.184760e+00  3.010530e+00  2.887170e+00  2.788340e+00  2.767240e+00  
2.750550e+00  2.748390e+00  2.746780e+00  2.746560e+00  2.746420e+00  2.745440e+00  
1.044252e+01  1.024303e+01  9.817460e+00  9.286950e+00  8.721230e+00  8.179910e+00  
7.672580e+00  7.199620e+00  6.760790e+00  6.350620e+00  5.963770e+00  5.596070e+00  
5.242680e+00  4.897880e+00  4.559110e+00  4.222180e+00  3.882080e+00  3.532580e+00  
3.158560e+00  2.958790e+00  2.763890e+00  2.619410e+00  2.494630e+00  2.466070e+00  
2.443460e+00  2.440560e+00  2.438380e+00  2.438060e+00  2.437880e+00  2.437350e+00  
1.081191e+01  1.055588e+01  1.005748e+01  9.458390e+00  8.834210e+00  8.247850e+00  
7.706420e+00  7.207150e+00  6.746640e+00  6.317360e+00  5.914420e+00  5.531940e+00  
5.166330e+00  4.810310e+00  4.460950e+00  4.113370e+00  3.761850e+00  3.399220e+00  
3.009020e+00  2.799000e+00  2.590010e+00  2.429530e+00  2.282990e+00  2.247890e+00  
2.220120e+00  2.216590e+00  2.213920e+00  2.213520e+00  2.213300e+00  2.213310e+00  
1.148580e+01  1.110040e+01  1.045283e+01  9.725620e+00  8.998940e+00  8.336820e+00  
7.739730e+00  7.197830e+00  6.702460e+00  6.240170e+00  5.811410e+00  5.404470e+00  
5.020190e+00  4.647800e+00  4.283450e+00  3.921010e+00  3.553570e+00  3.173240e+00  
2.762500e+00  2.539090e+00  2.308440e+00  2.120390e+00  1.933400e+00  1.886250e+00  
1.848590e+00  1.843760e+00  1.840150e+00  1.839620e+00  1.839330e+00  1.839600e+00  
1.217797e+01  1.139706e+01  1.055299e+01  9.777710e+00  9.062030e+00  8.399110e+00  
7.783790e+00  7.211460e+00  6.677770e+00  6.178170e+00  5.720740e+00  5.293710e+00  
4.897490e+00  4.516840e+00  4.147640e+00  3.785000e+00  3.419740e+00  3.032890e+00  
2.605190e+00  2.373590e+00  2.131110e+00  1.926680e+00  1.711060e+00  1.656930e+00  
1.611940e+00  1.606380e+00  1.601950e+00  1.601360e+00  1.600970e+00  1.600470e+00  
1.278863e+01  1.186072e+01  1.086011e+01  9.962770e+00  9.151010e+00  8.411590e+00  
7.737120e+00  7.122140e+00  6.551150e+00  6.030790e+00  5.562190e+00  5.127360e+00  
4.726310e+00  4.342610e+00  3.968390e+00  3.599030e+00  3.226100e+00  2.832620e+00  
2.399170e+00  2.161940e+00  1.906630e+00  1.683380e+00  1.434460e+00  1.366670e+00  
1.314010e+00  1.307760e+00  1.302120e+00  1.301450e+00  1.300760e+00  1.298870e+00  
1.319144e+01  1.215092e+01  1.103389e+01  1.004925e+01  9.170550e+00  8.379790e+00  
7.666050e+00  7.022080e+00  6.430320e+00  5.897160e+00  5.425300e+00  4.988570e+00  
4.585290e+00  4.203150e+00  3.828940e+00  3.458370e+00  3.083750e+00  2.689930e+00  
2.257770e+00  2.019900e+00  1.759810e+00  1.527510e+00  1.259120e+00  1.182660e+00  
1.125210e+00  1.118560e+00  1.112180e+00  1.111420e+00  1.110570e+00  1.108660e+00  
1.348616e+01  1.233066e+01  1.111230e+01  1.006128e+01  9.138780e+00  8.321350e+00  
7.591660e+00  6.934670e+00  6.335980e+00  5.797960e+00  5.324610e+00  4.884250e+00  
4.473270e+00  4.086980e+00  3.706570e+00  3.328850e+00  2.949500e+00  2.561460e+00  
2.148300e+00  1.919010e+00  1.657060e+00  1.413160e+00  1.130340e+00  1.053690e+00  
9.912900e-01  9.834600e-01  9.769800e-01  9.762500e-01  9.754900e-01  9.742500e-01  
1.374900e+01  1.247863e+01  1.116605e+01  1.005543e+01  9.094600e+00  8.255120e+00  
7.513460e+00  6.844630e+00  6.238030e+00  5.697070e+00  5.220880e+00  4.777520e+00  
4.362050e+00  3.977140e+00  3.599740e+00  3.225040e+00  2.848700e+00  2.464920e+00  
2.057750e+00  1.831340e+00  1.570810e+00  1.325330e+00  1.034080e+00  9.539300e-01  
8.891800e-01  8.811200e-01  8.743900e-01  8.736000e-01  8.728000e-01  8.726800e-01  
1.417453e+01  1.270040e+01  1.123214e+01  1.002570e+01  9.004690e+00  8.129480e+00  
7.367910e+00  6.683100e+00  6.062230e+00  5.520630e+00  5.040730e+00  4.593810e+00  
4.172400e+00  3.788100e+00  3.417670e+00  3.050110e+00  2.681090e+00  2.306730e+00  
1.912040e+00  1.692220e+00  1.437030e+00  1.192560e+00  8.930500e-01  8.090400e-01  
7.418000e-01  7.335100e-01  7.265300e-01  7.256600e-01  7.248300e-01  7.262300e-01  
1.453869e+01  1.287799e+01  1.128071e+01  9.995920e+00  8.928180e+00  8.023160e+00  
7.240890e+00  6.545520e+00  5.916690e+00  5.373900e+00  4.891880e+00  4.442100e+00  
4.016520e+00  3.629180e+00  3.265200e+00  2.904740e+00  2.543610e+00  2.179030e+00  
1.796590e+00  1.583390e+00  1.334300e+00  1.093050e+00  7.920400e-01  7.069600e-01  
6.389700e-01  6.305700e-01  6.235300e-01  6.226400e-01  6.218200e-01  6.236000e-01  
1.534610e+01  1.322547e+01  1.137727e+01  9.956000e+00  8.813230e+00  7.851960e+00  
7.015090e+00  6.284360e+00  5.650460e+00  5.100540e+00  4.608890e+00  4.148640e+00  
3.714540e+00  3.317950e+00  2.966950e+00  2.625370e+00  2.282080e+00  1.937720e+00  
1.581920e+00  1.384280e+00  1.149050e+00  9.174800e-01  6.266400e-01  5.445100e-01  
4.773300e-01  4.685700e-01  4.621100e-01  4.612900e-01  4.607100e-01  4.608300e-01  
1.611877e+01  1.354439e+01  1.148871e+01  9.959640e+00  8.747120e+00  7.737260e+00  
6.867920e+00  6.111190e+00  5.470390e+00  4.917110e+00  4.418300e+00  3.952520e+00  
3.513480e+00  3.107780e+00  2.750670e+00  2.420500e+00  2.091930e+00  1.766450e+00  
1.433000e+00  1.246900e+00  1.023470e+00  8.022400e-01  5.249200e-01  4.471100e-01  
3.826900e-01  3.741500e-01  3.679400e-01  3.672200e-01  3.666200e-01  3.652900e-01  
1.754485e+01  1.415758e+01  1.178368e+01  1.008445e+01  8.746340e+00  7.637950e+00  
6.727160e+00  5.954480e+00  5.294930e+00  4.725180e+00  4.211780e+00  3.736160e+00  
3.290250e+00  2.874060e+00  2.497350e+00  2.170160e+00  1.859440e+00  1.550400e+00  
1.241650e+00  1.077140e+00  8.746500e-01  6.688200e-01  4.098600e-01  3.382800e-01  
2.783200e-01  2.703100e-01  2.644500e-01  2.637200e-01  2.631900e-01  2.623300e-01  
1.880849e+01  1.473368e+01  1.213193e+01  1.028853e+01  8.858010e+00  7.669810e+00  
6.714950e+00  5.928070e+00  5.254750e+00  4.666980e+00  4.139780e+00  3.655250e+00  
3.202360e+00  2.777070e+00  2.384600e+00  2.038150e+00  1.733960e+00  1.434000e+00  
1.137690e+00  9.830000e-01  7.924700e-01  5.976000e-01  3.501800e-01  2.813200e-01  
2.240800e-01  2.164900e-01  2.108400e-01  2.101100e-01  2.096000e-01  2.095700e-01  
1.994119e+01  1.527370e+01  1.249647e+01  1.051962e+01  9.013420e+00  7.773670e+00  
6.782650e+00  5.976250e+00  5.288160e+00  4.683030e+00  4.140480e+00  3.645020e+00  
3.183550e+00  2.749500e+00  2.344990e+00  1.979650e+00  1.666610e+00  1.370500e+00  
1.080100e+00  9.299700e-01  7.452000e-01  5.558700e-01  3.150200e-01  2.480500e-01  
1.923500e-01  1.849400e-01  1.793300e-01  1.785800e-01  1.780700e-01  1.782100e-01  
2.095639e+01  1.577181e+01  1.285284e+01  1.075423e+01  9.178860e+00  7.909180e+00  
6.894010e+00  6.067180e+00  5.361660e+00  4.739840e+00  4.182480e+00  3.675490e+00  
3.204790e+00  2.762080e+00  2.347050e+00  1.965560e+00  1.634100e+00  1.338480e+00  
1.049980e+00  9.013500e-01  7.186300e-01  5.313700e-01  2.933300e-01  2.273100e-01  
1.722400e-01  1.648600e-01  1.592500e-01  1.585000e-01  1.579700e-01  1.580200e-01  
2.266953e+01  1.664464e+01  1.350235e+01  1.120971e+01  9.518410e+00  8.212640e+00  
7.170590e+00  6.311330e+00  5.571990e+00  4.919330e+00  4.335560e+00  3.806640e+00  
3.317350e+00  2.857290e+00  2.422900e+00  2.014830e+00  1.644350e+00  1.329980e+00  
1.037570e+00  8.871300e-01  7.023300e-01  5.129100e-01  2.721200e-01  2.053900e-01  
1.495800e-01  1.421000e-01  1.364500e-01  1.357200e-01  1.351800e-01  1.349700e-01  
2.404424e+01  1.737868e+01  1.406240e+01  1.163051e+01  9.865360e+00  8.530590e+00  
7.470130e+00  6.587080e+00  5.820340e+00  5.141510e+00  4.534940e+00  3.986160e+00  
3.478990e+00  3.001840e+00  2.549040e+00  2.117580e+00  1.713680e+00  1.362520e+00  
1.060240e+00  9.045700e-01  7.131300e-01  5.166100e-01  2.661500e-01  1.965200e-01  
1.383900e-01  1.306700e-01  1.249300e-01  1.242200e-01  1.236900e-01  1.233200e-01  
2.650581e+01  1.876385e+01  1.515998e+01  1.252312e+01  1.071276e+01  9.317510e+00  
8.203820e+00  7.266870e+00  6.449470e+00  5.723390e+00  5.071700e+00  4.479340e+00  
3.931440e+00  3.415920e+00  2.923370e+00  2.444240e+00  1.976750e+00  1.537570e+00  
1.173280e+00  9.982400e-01  7.816300e-01  5.584200e-01  2.736800e-01  1.944300e-01  
1.284500e-01  1.197400e-01  1.132700e-01  1.125000e-01  1.119100e-01  1.116400e-01  
2.811377e+01  1.970720e+01  1.597607e+01  1.327151e+01  1.146200e+01  1.002609e+01  
8.863500e+00  7.879670e+00  7.024580e+00  6.266150e+00  5.582280e+00  4.956150e+00  
4.375370e+00  3.828320e+00  3.302690e+00  2.784310e+00  2.268080e+00  1.769640e+00  
1.320450e+00  1.114540e+00  8.658100e-01  6.132300e-01  2.917100e-01  2.029300e-01  
1.281300e-01  1.179000e-01  1.100500e-01  1.091400e-01  1.081300e-01  1.083500e-01  
3.005812e+01  2.089108e+01  1.712926e+01  1.448073e+01  1.263925e+01  1.115798e+01  
9.947490e+00  8.916340e+00  8.012240e+00  7.204390e+00  6.472890e+00  5.800130e+00  
5.169360e+00  4.567330e+00  3.985100e+00  3.413240e+00  2.841810e+00  2.260920e+00  
1.662410e+00  1.358040e+00  1.037780e+00  7.229100e-01  3.377000e-01  2.303600e-01  
1.365000e-01  1.226900e-01  1.105900e-01  1.087400e-01  1.065800e-01  1.069900e-01  
3.128258e+01  2.151138e+01  1.784151e+01  1.535440e+01  1.354007e+01  1.205229e+01  
1.081409e+01  9.747240e+00  8.806290e+00  7.962900e+00  7.197790e+00  6.493160e+00  
5.831620e+00  5.198690e+00  4.583870e+00  3.975120e+00  3.357260e+00  2.709000e+00  
2.000550e+00  1.612400e+00  1.205910e+00  8.366100e-01  3.874700e-01  2.617200e-01  
1.490000e-01  1.312700e-01  1.137200e-01  1.105400e-01  1.068900e-01  1.067600e-01  
3.209668e+01  2.187619e+01  1.836194e+01  1.600999e+01  1.423282e+01  1.275119e+01  
1.150228e+01  1.041664e+01  9.454550e+00  8.589780e+00  7.803700e+00  7.078580e+00  
6.396430e+00  5.741870e+00  5.103260e+00  4.466680e+00  3.813030e+00  3.112510e+00  
2.318530e+00  1.864260e+00  1.364230e+00  9.455300e-01  4.389300e-01  2.953600e-01  
1.631700e-01  1.411000e-01  1.172600e-01  1.125100e-01  1.069800e-01  1.064500e-01  
3.267142e+01  2.209608e+01  1.876820e+01  1.651718e+01  1.478255e+01  1.331473e+01  
1.206499e+01  1.097046e+01  9.996820e+00  9.119560e+00  8.320750e+00  7.582660e+00  
6.886780e+00  6.216970e+00  5.560670e+00  4.902470e+00  4.220200e+00  3.477520e+00  
2.614400e+00  2.105770e+00  1.529460e+00  1.049670e+00  4.906800e-01  3.298400e-01  
1.779100e-01  1.512800e-01  1.208400e-01  1.144200e-01  1.069200e-01  1.060600e-01  
3.341573e+01  2.233289e+01  1.935973e+01  1.725638e+01  1.560381e+01  1.417350e+01  
1.293676e+01  1.184081e+01  1.086021e+01  9.973390e+00  9.163480e+00  8.412890e+00  
7.702310e+00  7.014300e+00  6.335000e+00  5.646590e+00  4.922380e+00  4.116560e+00  
3.148430e+00  2.556010e+00  1.855530e+00  1.246190e+00  5.924200e-01  3.986200e-01  
2.073000e-01  1.713700e-01  1.277200e-01  1.180700e-01  1.066800e-01  1.053000e-01  
3.380606e+01  2.244928e+01  1.977501e+01  1.779675e+01  1.621535e+01  1.481874e+01  
1.359253e+01  1.249525e+01  1.151072e+01  1.062027e+01  9.808140e+00  9.057160e+00  
8.348050e+00  7.662290e+00  6.983560e+00  6.289310e+00  5.543710e+00  4.682400e+00  
3.606560e+00  2.939470e+00  2.149270e+00  1.435220e+00  6.980700e-01  4.672400e-01  
2.344700e-01  1.899300e-01  1.345000e-01  1.217200e-01  1.058100e-01  1.046500e-01  
3.440663e+01  2.263660e+01  2.033281e+01  1.856010e+01  1.711078e+01  1.581192e+01  
1.465561e+01  1.360898e+01  1.266012e+01  1.179410e+01  1.099790e+01  1.025641e+01  
9.551390e+00  8.864460e+00  8.178520e+00  7.468560e+00  6.692920e+00  5.774010e+00  
4.582360e+00  3.813210e+00  2.858500e+00  1.929990e+00  9.189900e-01  6.175000e-01  
2.956300e-01  2.308700e-01  1.487100e-01  1.296800e-01  1.059700e-01  1.035800e-01  
3.469957e+01  2.272505e+01  2.062643e+01  1.899135e+01  1.763155e+01  1.640512e+01  
1.530616e+01  1.430674e+01  1.339653e+01  1.256257e+01  1.179310e+01  1.107394e+01  
1.038709e+01  9.714160e+00  9.037780e+00  8.331870e+00  7.551540e+00  6.611060e+00  
5.360140e+00  4.530990e+00  3.471120e+00  2.389120e+00  1.110840e+00  7.483100e-01  
3.476200e-01  2.652900e-01  1.607700e-01  1.367300e-01  1.068000e-01  1.029500e-01  
3.501132e+01  2.277782e+01  2.092986e+01  1.945930e+01  1.821255e+01  1.708325e+01  
1.606664e+01  1.514068e+01  1.429650e+01  1.352288e+01  1.280890e+01  1.214077e+01  
1.150004e+01  1.086777e+01  1.022666e+01  9.549750e+00  8.789240e+00  7.850110e+00  
6.555510e+00  5.665060e+00  4.481560e+00  3.195010e+00  1.435530e+00  9.702300e-01  
4.340500e-01  3.221300e-01  1.811100e-01  1.491300e-01  1.094500e-01  1.022300e-01  
3.513283e+01  2.279478e+01  2.109457e+01  1.971637e+01  1.853470e+01  1.746367e+01  
1.649847e+01  1.562088e+01  1.482296e+01  1.409462e+01  1.342563e+01  1.280278e+01  
1.220791e+01  1.162217e+01  1.102784e+01  1.039640e+01  9.675390e+00  8.756770e+00  
7.447260e+00  6.531900e+00  5.300910e+00  3.900760e+00  1.753910e+00  1.145700e+00  
5.053400e-01  3.700000e-01  1.982700e-01  1.596600e-01  1.132400e-01  1.018300e-01  
3.510747e+01  2.278568e+01  2.118788e+01  1.987460e+01  1.873981e+01  1.771112e+01  
1.678386e+01  1.594246e+01  1.517985e+01  1.448664e+01  1.385341e+01  1.326748e+01  
1.271130e+01  1.216632e+01  1.161478e+01  1.102744e+01  1.034904e+01  9.462980e+00  
8.161510e+00  7.233490e+00  5.966120e+00  4.484780e+00  2.079220e+00  1.310250e+00  
5.651600e-01  4.094100e-01  2.140300e-01  1.700800e-01  1.164500e-01  1.015700e-01  
3.501187e+01  2.277744e+01  2.125084e+01  1.998386e+01  1.888261e+01  1.788445e+01  
1.698518e+01  1.617087e+01  1.543527e+01  1.476969e+01  1.416537e+01  1.361024e+01  
1.308735e+01  1.257851e+01  1.206608e+01  1.152034e+01  1.088401e+01  1.003408e+01  
8.751820e+00  7.821290e+00  6.533210e+00  4.995000e+00  2.386210e+00  1.468680e+00  
6.187500e-01  4.447300e-01  2.284000e-01  1.797100e-01  1.196500e-01  1.013800e-01  
3.476907e+01  2.276697e+01  2.133353e+01  2.012804e+01  1.907133e+01  1.811443e+01  
1.725331e+01  1.647678e+01  1.577938e+01  1.515397e+01  1.459270e+01  1.408490e+01  
1.361470e+01  1.316491e+01  1.271845e+01  1.224554e+01  1.168681e+01  1.091106e+01  
9.684040e+00  8.765050e+00  7.461750e+00  5.852820e+00  2.944900e+00  1.792180e+00  
7.141500e-01  5.075300e-01  2.541900e-01  1.972100e-01  1.258700e-01  1.011500e-01  
3.455391e+01  2.276323e+01  2.138895e+01  2.022237e+01  1.919421e+01  1.826372e+01  
1.742725e+01  1.667543e+01  1.600354e+01  1.540527e+01  1.487399e+01  1.439984e+01  
1.396827e+01  1.356320e+01  1.316854e+01  1.275536e+01  1.226408e+01  1.155958e+01  
1.039744e+01  9.501300e+00  8.201530e+00  6.555220e+00  3.440420e+00  2.116360e+00  
7.996200e-01  5.636700e-01  2.771700e-01  2.129300e-01  1.317500e-01  1.010100e-01  
3.406743e+01  2.275293e+01  2.147311e+01  2.036682e+01  1.938106e+01  1.848825e+01  
1.768535e+01  1.696635e+01  1.632857e+01  1.576817e+01  1.528061e+01  1.485934e+01  
1.449395e+01  1.417112e+01  1.387303e+01  1.356363e+01  1.318248e+01  1.261785e+01  
1.163643e+01  1.082529e+01  9.564530e+00  7.886510e+00  4.483940e+00  2.856840e+00  
9.870800e-01  6.868000e-01  3.268300e-01  2.470500e-01  1.451300e-01  1.008100e-01  
3.340053e+01  2.275642e+01  2.152472e+01  2.044531e+01  1.947757e+01  1.860258e+01  
1.781761e+01  1.711839e+01  1.650273e+01  1.596701e+01  1.550689e+01  1.511669e+01  
1.478767e+01  1.450883e+01  1.426529e+01  1.402486e+01  1.373352e+01  1.329038e+01  
1.245788e+01  1.171820e+01  1.051657e+01  8.858460e+00  5.315160e+00  3.491320e+00  
1.151960e+00  7.958700e-01  3.694700e-01  2.762300e-01  1.568900e-01  1.007200e-01  
3.171582e+01  2.274756e+01  2.156589e+01  2.052118e+01  1.957991e+01  1.872824e+01  
1.796426e+01  1.728552e+01  1.669138e+01  1.617957e+01  1.574779e+01  1.539184e+01  
1.510453e+01  1.487721e+01  1.469919e+01  1.454470e+01  1.436848e+01  1.408113e+01  
1.346951e+01  1.287092e+01  1.180962e+01  1.023034e+01  6.580800e+00  4.537890e+00  
1.445830e+00  9.864000e-01  4.419300e-01  3.260900e-01  1.775200e-01  1.006200e-01  
3.028618e+01  2.274104e+01  2.158504e+01  2.055728e+01  1.962918e+01  1.879007e+01  
1.803862e+01  1.737260e+01  1.679158e+01  1.629391e+01  1.587798e+01  1.554046e+01  
1.527562e+01  1.507656e+01  1.493502e+01  1.482898e+01  1.472037e+01  1.453491e+01  
1.408261e+01  1.359264e+01  1.265892e+01  1.117934e+01  7.534140e+00  5.368730e+00  
1.703670e+00  1.156130e+00  5.046200e-01  3.685900e-01  1.953200e-01  1.005700e-01  
2.924902e+01  2.273805e+01  2.159811e+01  2.057912e+01  1.965721e+01  1.882524e+01  
1.808174e+01  1.742479e+01  1.685332e+01  1.636609e+01  1.596111e+01  1.563557e+01  
1.538451e+01  1.520243e+01  1.508310e+01  1.500808e+01  1.494535e+01  1.483166e+01  
1.449484e+01  1.408838e+01  1.326675e+01  1.189013e+01  8.290940e+00  6.055670e+00  
1.934710e+00  1.311480e+00  5.616200e-01  4.059800e-01  2.112900e-01  1.005400e-01  
2.853503e+01  2.273361e+01  2.160472e+01  2.059297e+01  1.967709e+01  1.885098e+01  
1.811322e+01  1.746208e+01  1.689696e+01  1.641634e+01  1.601797e+01  1.569941e+01  
1.545739e+01  1.528830e+01  1.518654e+01  1.513458e+01  1.510364e+01  1.504149e+01  
1.479129e+01  1.444874e+01  1.371845e+01  1.244686e+01  8.930620e+00  6.623780e+00  
2.213190e+00  1.457240e+00  6.140600e-01  4.393700e-01  2.263700e-01  1.005200e-01  
2.762552e+01  2.272888e+01  2.161545e+01  2.061284e+01  1.970403e+01  1.888506e+01  
1.815425e+01  1.750972e+01  1.695123e+01  1.647806e+01  1.608940e+01  1.578327e+01  
1.555569e+01  1.540289e+01  1.532180e+01  1.529926e+01  1.531259e+01  1.531624e+01  
1.518231e+01  1.494342e+01  1.437013e+01  1.326169e+01  9.897570e+00  7.586070e+00  
2.835340e+00  1.713110e+00  7.084200e-01  5.029600e-01  2.521200e-01  1.004900e-01  
2.704918e+01  2.272617e+01  2.162231e+01  2.062514e+01  1.972069e+01  1.890590e+01  
1.817935e+01  1.753902e+01  1.698499e+01  1.651695e+01  1.613419e+01  1.583510e+01  
1.561595e+01  1.547376e+01  1.540642e+01  1.540286e+01  1.544385e+01  1.549086e+01  
1.543432e+01  1.526360e+01  1.480385e+01  1.383916e+01  1.065080e+01  8.337760e+00  
3.363420e+00  1.944440e+00  7.942600e-01  5.591800e-01  2.755000e-01  1.004700e-01  
2.620023e+01  2.273157e+01  2.163029e+01  2.063597e+01  1.973663e+01  1.892830e+01  
1.820898e+01  1.757687e+01  1.703154e+01  1.657260e+01  1.619858e+01  1.590771e+01  
1.569572e+01  1.556055e+01  1.550663e+01  1.553655e+01  1.564104e+01  1.576635e+01  
1.580459e+01  1.572055e+01  1.543546e+01  1.473952e+01  1.198212e+01  9.721290e+00  
4.454020e+00  2.575810e+00  9.843600e-01  6.832700e-01  3.258000e-01  1.004500e-01  
2.570253e+01  2.272910e+01  2.163480e+01  2.064458e+01  1.974854e+01  1.894315e+01  
1.822650e+01  1.759749e+01  1.705554e+01  1.660025e+01  1.623033e+01  1.594431e+01  
1.573846e+01  1.561126e+01  1.556783e+01  1.561222e+01  1.573776e+01  1.589580e+01  
1.599536e+01  1.597079e+01  1.579516e+01  1.526821e+01  1.285109e+01  1.070060e+01  
5.307850e+00  3.291620e+00  1.151580e+00  7.928200e-01  3.688000e-01  1.004400e-01  
2.517238e+01  2.272620e+01  2.163910e+01  2.065294e+01  1.976028e+01  1.895787e+01  
1.824431e+01  1.761850e+01  1.707991e+01  1.662827e+01  1.626257e+01  1.598175e+01  
1.578229e+01  1.566342e+01  1.563091e+01  1.569027e+01  1.583791e+01  1.603127e+01  
1.619731e+01  1.623619e+01  1.617896e+01  1.585328e+01  1.395497e+01  1.203045e+01  
6.608890e+00  4.418830e+00  1.443490e+00  9.858800e-01  4.421400e-01  1.004300e-01  
2.486823e+01  2.271573e+01  2.164171e+01  2.066193e+01  1.977167e+01  1.897006e+01  
1.825650e+01  1.763054e+01  1.709270e+01  1.664226e+01  1.627811e+01  1.599974e+01  
1.580683e+01  1.570024e+01  1.568030e+01  1.574057e+01  1.587325e+01  1.606955e+01  
1.629764e+01  1.638957e+01  1.639182e+01  1.615100e+01  1.462366e+01  1.296114e+01  
7.587290e+00  5.287320e+00  1.696210e+00  1.165650e+00  5.044800e-01  1.004300e-01  
2.469154e+01  2.271429e+01  2.164276e+01  2.066429e+01  1.977502e+01  1.897443e+01  
1.826181e+01  1.763670e+01  1.709937e+01  1.664967e+01  1.628738e+01  1.601224e+01  
1.582226e+01  1.571778e+01  1.569961e+01  1.576367e+01  1.590434e+01  1.611435e+01  
1.636380e+01  1.647351e+01  1.651486e+01  1.636212e+01  1.509609e+01  1.353066e+01  
8.355160e+00  6.032370e+00  1.925730e+00  1.312370e+00  5.621000e-01  1.004300e-01  
2.456738e+01  2.271321e+01  2.164326e+01  2.066570e+01  1.977715e+01  1.897723e+01  
1.826538e+01  1.764102e+01  1.710443e+01  1.665558e+01  1.629434e+01  1.602040e+01  
1.583187e+01  1.572896e+01  1.571312e+01  1.578037e+01  1.592594e+01  1.614339e+01  
1.640860e+01  1.653421e+01  1.660303e+01  1.649907e+01  1.542327e+01  1.400061e+01  
8.985640e+00  6.645930e+00  2.397090e+00  1.456910e+00  6.142500e-01  1.004200e-01  
2.440454e+01  2.271211e+01  2.164482e+01  2.066846e+01  1.978085e+01  1.898160e+01  
1.827040e+01  1.764674e+01  1.711095e+01  1.666295e+01  1.630295e+01  1.603050e+01  
1.584382e+01  1.574303e+01  1.573012e+01  1.580142e+01  1.595313e+01  1.618044e+01  
1.646533e+01  1.661043e+01  1.671722e+01  1.668074e+01  1.586301e+01  1.465723e+01  
9.975530e+00  7.642970e+00  3.205140e+00  1.833360e+00  7.093000e-01  1.004200e-01  
2.430714e+01  2.270926e+01  2.164442e+01  2.067111e+01  1.978615e+01  1.898825e+01  
1.827686e+01  1.765239e+01  1.711549e+01  1.666664e+01  1.630624e+01  1.603421e+01  
1.584898e+01  1.575032e+01  1.574045e+01  1.581558e+01  1.597143e+01  1.620149e+01  
1.649585e+01  1.665593e+01  1.678885e+01  1.679895e+01  1.615546e+01  1.507921e+01  
1.071691e+01  8.446590e+00  3.840670e+00  2.323130e+00  7.958900e-01  1.004200e-01  
