1.210100e+00  1.256860e+00  1.303830e+00  1.351130e+00  1.398560e+00  1.445920e+00  
1.492990e+00  1.539610e+00  1.585670e+00  1.631030e+00  1.675620e+00  1.719660e+00  
1.763980e+00  1.808970e+00  1.853430e+00  1.894770e+00  1.930400e+00  1.960560e+00  
1.986350e+00  1.999180e+00  2.017020e+00  2.036010e+00  2.052420e+00  2.056590e+00  
2.060970e+00  2.061360e+00  2.061170e+00  2.061130e+00  2.061150e+00  2.061850e+00  
1.622780e+00  1.673440e+00  1.724380e+00  1.775970e+00  1.828040e+00  1.880420e+00  
1.932870e+00  1.985110e+00  2.036880e+00  2.087940e+00  2.138010e+00  2.186970e+00  
2.235020e+00  2.282170e+00  2.327680e+00  2.370600e+00  2.410110e+00  2.446630e+00  
2.480160e+00  2.495300e+00  2.510030e+00  2.521990e+00  2.537020e+00  2.542350e+00  
2.548570e+00  2.548490e+00  2.545740e+00  2.544910e+00  2.545320e+00  2.549320e+00  
1.973690e+00  2.030360e+00  2.086740e+00  2.143340e+00  2.199970e+00  2.256350e+00  
2.312170e+00  2.367100e+00  2.420790e+00  2.472950e+00  2.523350e+00  2.571900e+00  
2.619000e+00  2.664870e+00  2.708870e+00  2.750280e+00  2.788780e+00  2.826120e+00  
2.863620e+00  2.881330e+00  2.896810e+00  2.907110e+00  2.919950e+00  2.924760e+00  
2.930140e+00  2.930060e+00  2.927800e+00  2.927150e+00  2.927470e+00  2.930740e+00  
2.552870e+00  2.626270e+00  2.695710e+00  2.761930e+00  2.824580e+00  2.883450e+00  
2.938560e+00  2.990410e+00  3.039770e+00  3.086720e+00  3.131290e+00  3.173670e+00  
3.214820e+00  3.255510e+00  3.295320e+00  3.333590e+00  3.369820e+00  3.404640e+00  
3.438390e+00  3.454450e+00  3.470130e+00  3.482200e+00  3.494300e+00  3.497230e+00  
3.498710e+00  3.499090e+00  3.500140e+00  3.500350e+00  3.500340e+00  3.499310e+00  
3.017450e+00  3.113880e+00  3.196920e+00  3.268730e+00  3.331300e+00  3.387240e+00  
3.437330e+00  3.482530e+00  3.524390e+00  3.563450e+00  3.600450e+00  3.635770e+00  
3.669400e+00  3.701450e+00  3.732100e+00  3.762350e+00  3.793000e+00  3.823230e+00  
3.852610e+00  3.867510e+00  3.882880e+00  3.895320e+00  3.906790e+00  3.908110e+00  
3.906680e+00  3.907500e+00  3.911160e+00  3.912180e+00  3.911660e+00  3.907140e+00  
3.411330e+00  3.519060e+00  3.612580e+00  3.692750e+00  3.759150e+00  3.812210e+00  
3.853700e+00  3.887250e+00  3.917780e+00  3.946460e+00  3.973570e+00  3.999350e+00  
4.024550e+00  4.049770e+00  4.074610e+00  4.098240e+00  4.120240e+00  4.142400e+00  
4.167040e+00  4.180590e+00  4.195140e+00  4.207010e+00  4.217190e+00  4.218790e+00  
4.214350e+00  4.215220e+00  4.221020e+00  4.222340e+00  4.222010e+00  4.214870e+00  
3.751250e+00  3.870960e+00  3.971930e+00  4.055170e+00  4.120270e+00  4.168050e+00  
4.201060e+00  4.224320e+00  4.244510e+00  4.263260e+00  4.280930e+00  4.297830e+00  
4.314640e+00  4.331890e+00  4.349140e+00  4.365310e+00  4.379830e+00  4.395050e+00  
4.414150e+00  4.425700e+00  4.438680e+00  4.449570e+00  4.458490e+00  4.459640e+00  
4.454000e+00  4.454940e+00  4.461550e+00  4.463060e+00  4.462680e+00  4.454480e+00  
4.319220e+00  4.452350e+00  4.559580e+00  4.642410e+00  4.700610e+00  4.735670e+00  
4.751450e+00  4.755030e+00  4.755580e+00  4.755470e+00  4.755140e+00  4.755140e+00  
4.756050e+00  4.758360e+00  4.761500e+00  4.763800e+00  4.764410e+00  4.766560e+00  
4.774710e+00  4.781710e+00  4.790060e+00  4.797220e+00  4.803060e+00  4.803600e+00  
4.798340e+00  4.799110e+00  4.804800e+00  4.806110e+00  4.805790e+00  4.798670e+00  
4.782900e+00  4.918950e+00  5.024040e+00  5.100370e+00  5.147990e+00  5.168970e+00  
5.168070e+00  5.153730e+00  5.136620e+00  5.119550e+00  5.103060e+00  5.087900e+00  
5.074590e+00  5.063640e+00  5.054290e+00  5.044410e+00  5.032760e+00  5.023300e+00  
5.021310e+00  5.023540e+00  5.026320e+00  5.028490e+00  5.030900e+00  5.031110e+00  
5.028170e+00  5.028550e+00  5.031550e+00  5.032240e+00  5.032090e+00  5.028320e+00  
5.651360e+00  5.802100e+00  5.887110e+00  5.919540e+00  5.914700e+00  5.890330e+00  
5.852910e+00  5.808580e+00  5.764540e+00  5.720740e+00  5.674740e+00  5.625980e+00  
5.578810e+00  5.536890e+00  5.499710e+00  5.464650e+00  5.430320e+00  5.401340e+00  
5.378690e+00  5.366620e+00  5.354760e+00  5.346440e+00  5.340200e+00  5.339530e+00  
5.343810e+00  5.343150e+00  5.338400e+00  5.337110e+00  5.337630e+00  5.343550e+00  
6.292400e+00  6.417280e+00  6.467960e+00  6.461940e+00  6.417880e+00  6.356440e+00  
6.284840e+00  6.209370e+00  6.137000e+00  6.067120e+00  5.996170e+00  5.923170e+00  
5.854040e+00  5.793110e+00  5.738830e+00  5.685940e+00  5.631690e+00  5.585350e+00  
5.547490e+00  5.524350e+00  5.500240e+00  5.482460e+00  5.469350e+00  5.467890e+00  
5.477550e+00  5.476050e+00  5.465350e+00  5.462450e+00  5.463600e+00  5.476950e+00  
7.374830e+00  7.277970e+00  7.171950e+00  7.066320e+00  6.961090e+00  6.856150e+00  
6.751610e+00  6.647590e+00  6.543810e+00  6.440960e+00  6.339550e+00  6.239450e+00  
6.141420e+00  6.045320e+00  5.951790e+00  5.861720e+00  5.776210e+00  5.696190e+00  
5.625580e+00  5.597510e+00  5.577470e+00  5.564520e+00  5.524120e+00  5.507890e+00  
5.523550e+00  5.524770e+00  5.509450e+00  5.504370e+00  5.508900e+00  5.526170e+00  
7.988210e+00  7.832520e+00  7.667820e+00  7.506020e+00  7.347120e+00  7.191070e+00  
7.038070e+00  6.888380e+00  6.741920e+00  6.599620e+00  6.462440e+00  6.330210e+00  
6.204260e+00  6.084970e+00  5.973240e+00  5.870240e+00  5.776580e+00  5.689760e+00  
5.609250e+00  5.573940e+00  5.543670e+00  5.518430e+00  5.458010e+00  5.436260e+00  
5.456710e+00  5.459730e+00  5.444620e+00  5.439440e+00  5.444090e+00  5.459040e+00  
8.446940e+00  8.239100e+00  8.022990e+00  7.812510e+00  7.607510e+00  7.408010e+00  
7.214190e+00  7.026240e+00  6.844470e+00  6.669800e+00  6.503420e+00  6.345130e+00  
6.196490e+00  6.058440e+00  5.931930e+00  5.818340e+00  5.717900e+00  5.625790e+00  
5.538550e+00  5.498740e+00  5.462410e+00  5.429870e+00  5.355910e+00  5.328900e+00  
5.348230e+00  5.352950e+00  5.342160e+00  5.338120e+00  5.342120e+00  5.350060e+00  
8.696240e+00  8.530600e+00  8.323170e+00  8.093360e+00  7.846040e+00  7.588140e+00  
7.328630e+00  7.079140e+00  6.852530e+00  6.651210e+00  6.473580e+00  6.315420e+00  
6.171340e+00  6.036580e+00  5.908940e+00  5.785110e+00  5.662660e+00  5.543910e+00  
5.432660e+00  5.380180e+00  5.327170e+00  5.284720e+00  5.244540e+00  5.234700e+00  
5.227280e+00  5.226250e+00  5.224870e+00  5.224640e+00  5.224600e+00  5.225300e+00  
9.202530e+00  9.044690e+00  8.762720e+00  8.413970e+00  8.047420e+00  7.707100e+00  
7.398430e+00  7.119120e+00  6.867340e+00  6.640580e+00  6.433190e+00  6.240310e+00  
6.060720e+00  5.894640e+00  5.741010e+00  5.598930e+00  5.465280e+00  5.330470e+00  
5.196800e+00  5.139480e+00  5.085720e+00  5.043690e+00  4.996350e+00  4.983040e+00  
4.961380e+00  4.961380e+00  4.971240e+00  4.974060e+00  4.972760e+00  4.959050e+00  
9.599060e+00  9.370180e+00  9.016040e+00  8.599500e+00  8.172450e+00  7.780100e+00  
7.426850e+00  7.109280e+00  6.824040e+00  6.568100e+00  6.334910e+00  6.118850e+00  
5.917390e+00  5.730130e+00  5.557000e+00  5.398240e+00  5.251090e+00  5.101840e+00  
4.953350e+00  4.891950e+00  4.835200e+00  4.790650e+00  4.738450e+00  4.723270e+00  
4.695670e+00  4.696040e+00  4.710150e+00  4.714150e+00  4.712350e+00  4.693110e+00  
1.025870e+01  9.850140e+00  9.343700e+00  8.801980e+00  8.271730e+00  7.791220e+00  
7.361570e+00  6.978210e+00  6.636370e+00  6.329160e+00  6.047210e+00  5.783930e+00  
5.538910e+00  5.312710e+00  5.105480e+00  4.913670e+00  4.733960e+00  4.560030e+00  
4.392840e+00  4.316920e+00  4.243930e+00  4.187130e+00  4.127590e+00  4.112100e+00  
4.094220e+00  4.093310e+00  4.097560e+00  4.098880e+00  4.098170e+00  4.091240e+00  
1.077465e+01  1.006759e+01  9.402450e+00  8.793610e+00  8.235400e+00  7.723950e+00  
7.255750e+00  6.828400e+00  6.440540e+00  6.088680e+00  5.768500e+00  5.475280e+00  
5.203340e+00  4.949220e+00  4.714300e+00  4.498060e+00  4.298910e+00  4.110950e+00  
3.929530e+00  3.841600e+00  3.753980e+00  3.684720e+00  3.620390e+00  3.610280e+00  
3.604120e+00  3.601060e+00  3.592470e+00  3.590260e+00  3.591230e+00  3.601320e+00  
1.120916e+01  1.036119e+01  9.545580e+00  8.788240e+00  8.102260e+00  7.498660e+00  
6.969380e+00  6.500690e+00  6.080510e+00  5.699170e+00  5.346250e+00  5.015750e+00  
4.708300e+00  4.423940e+00  4.160460e+00  3.913130e+00  3.677960e+00  3.461040e+00  
3.262370e+00  3.165020e+00  3.069600e+00  2.996800e+00  2.927930e+00  2.911810e+00  
2.904720e+00  2.902350e+00  2.895490e+00  2.893780e+00  2.894290e+00  2.901330e+00  
1.156878e+01  1.048863e+01  9.546290e+00  8.721420e+00  7.995390e+00  7.354470e+00  
6.788870e+00  6.285810e+00  5.833520e+00  5.424830e+00  5.053300e+00  4.711860e+00  
4.392060e+00  4.088430e+00  3.801570e+00  3.533440e+00  3.284620e+00  3.051900e+00  
2.835780e+00  2.735270e+00  2.639310e+00  2.566620e+00  2.494670e+00  2.476540e+00  
2.459870e+00  2.458490e+00  2.459430e+00  2.459810e+00  2.459480e+00  2.456560e+00  
1.179316e+01  1.059807e+01  9.579030e+00  8.696120e+00  7.927990e+00  7.256390e+00  
6.667950e+00  6.146820e+00  5.678060e+00  5.253480e+00  4.866690e+00  4.510780e+00  
4.177530e+00  3.861600e+00  3.563350e+00  3.284310e+00  3.025570e+00  2.783330e+00  
2.557100e+00  2.451550e+00  2.351610e+00  2.276760e+00  2.202960e+00  2.184500e+00  
2.167040e+00  2.165700e+00  2.167210e+00  2.167740e+00  2.167360e+00  2.163740e+00  
1.196018e+01  1.068652e+01  9.617650e+00  8.695710e+00  7.898650e+00  7.205850e+00  
6.600550e+00  6.065040e+00  5.582850e+00  5.145340e+00  4.746260e+00  4.378890e+00  
4.035370e+00  3.710570e+00  3.404480e+00  3.118140e+00  2.852230e+00  2.603190e+00  
2.368960e+00  2.258760e+00  2.154030e+00  2.075610e+00  2.000140e+00  1.981770e+00  
1.966190e+00  1.964620e+00  1.964310e+00  1.964420e+00  1.964160e+00  1.962800e+00  
1.219551e+01  1.083136e+01  9.709730e+00  8.744230e+00  7.913210e+00  7.194620e+00  
6.567140e+00  6.011050e+00  5.508970e+00  5.052350e+00  4.635060e+00  4.250770e+00  
3.892170e+00  3.554360e+00  3.236800e+00  2.939560e+00  2.662090e+00  2.401070e+00  
2.152410e+00  2.033680e+00  1.920130e+00  1.834890e+00  1.754630e+00  1.735540e+00  
1.721610e+00  1.719680e+00  1.717090e+00  1.716680e+00  1.716550e+00  1.717760e+00  
1.235617e+01  1.095078e+01  9.809520e+00  8.826020e+00  7.979670e+00  7.247550e+00  
6.606930e+00  6.037560e+00  5.522280e+00  5.052780e+00  4.623130e+00  4.227070e+00  
3.857530e+00  3.509640e+00  3.182560e+00  2.875800e+00  2.587880e+00  2.314410e+00  
2.051280e+00  1.924170e+00  1.802210e+00  1.710210e+00  1.623060e+00  1.602080e+00  
1.586440e+00  1.584390e+00  1.581850e+00  1.581460e+00  1.581320e+00  1.582010e+00  
1.261073e+01  1.117001e+01  1.002350e+01  9.031890e+00  8.178750e+00  7.434780e+00  
6.780010e+00  6.195510e+00  5.665690e+00  5.182260e+00  4.738780e+00  4.328340e+00  
3.942910e+00  3.577120e+00  3.230360e+00  2.902510e+00  2.591200e+00  2.288440e+00  
1.988710e+00  1.839480e+00  1.691740e+00  1.576250e+00  1.466250e+00  1.439060e+00  
1.416950e+00  1.414440e+00  1.412630e+00  1.412420e+00  1.412180e+00  1.411670e+00  
1.276584e+01  1.131449e+01  1.017800e+01  9.194630e+00  8.348540e+00  7.606390e+00  
6.951000e+00  6.365290e+00  5.835060e+00  5.351550e+00  4.907370e+00  4.494280e+00  
4.102440e+00  3.725570e+00  3.363940e+00  3.018800e+00  2.687860e+00  2.360040e+00  
2.025130e+00  1.853030e+00  1.674740e+00  1.529230e+00  1.392540e+00  1.359480e+00  
1.332960e+00  1.329670e+00  1.326690e+00  1.326290e+00  1.326030e+00  1.326910e+00  
1.294713e+01  1.147917e+01  1.036918e+01  9.419420e+00  8.602070e+00  7.884010e+00  
7.247910e+00  6.676300e+00  6.154340e+00  5.674220e+00  5.229890e+00  4.814500e+00  
4.419750e+00  4.039050e+00  3.669270e+00  3.306010e+00  2.942740e+00  2.568340e+00  
2.168410e+00  1.952830e+00  1.720030e+00  1.518110e+00  1.316470e+00  1.273500e+00  
1.247270e+00  1.243090e+00  1.234140e+00  1.232150e+00  1.233040e+00  1.237650e+00  
1.303155e+01  1.156609e+01  1.048920e+01  9.574250e+00  8.784040e+00  8.089470e+00  
7.473430e+00  6.918580e+00  6.409820e+00  5.939700e+00  5.502470e+00  5.091500e+00  
4.698460e+00  4.316520e+00  3.942000e+00  3.569470e+00  3.189960e+00  2.786480e+00  
2.335170e+00  2.080210e+00  1.794440e+00  1.539900e+00  1.281480e+00  1.227460e+00  
1.201360e+00  1.196740e+00  1.182650e+00  1.179240e+00  1.181270e+00  1.187830e+00  
1.306746e+01  1.161208e+01  1.056992e+01  9.686230e+00  8.920720e+00  8.247220e+00  
7.649220e+00  7.109570e+00  6.613240e+00  6.153030e+00  5.723610e+00  5.318570e+00  
4.929740e+00  4.550140e+00  4.175530e+00  3.799480e+00  3.410700e+00  2.987120e+00  
2.496200e+00  2.209090e+00  1.877480e+00  1.577240e+00  1.266300e+00  1.200060e+00  
1.171090e+00  1.166220e+00  1.149120e+00  1.144860e+00  1.147620e+00  1.154100e+00  
1.307812e+01  1.163638e+01  1.062808e+01  9.771630e+00  9.028160e+00  8.373110e+00  
7.790790e+00  7.264480e+00  6.779350e+00  6.328520e+00  5.906930e+00  5.508450e+00  
5.125050e+00  4.749670e+00  4.377550e+00  4.001280e+00  3.607550e+00  3.169890e+00  
2.647910e+00  2.334120e+00  1.963390e+00  1.622170e+00  1.262540e+00  1.183580e+00  
1.149340e+00  1.144150e+00  1.125330e+00  1.120580e+00  1.123770e+00  1.129280e+00  
1.306570e+01  1.165424e+01  1.070661e+01  9.895210e+00  9.188620e+00  8.564080e+00  
8.007570e+00  7.503340e+00  7.037360e+00  6.603270e+00  6.196500e+00  5.811370e+00  
5.440230e+00  5.075890e+00  4.712780e+00  4.341770e+00  3.946070e+00  3.491660e+00  
2.923920e+00  2.567560e+00  2.131730e+00  1.720300e+00  1.278230e+00  1.174070e+00  
1.115680e+00  1.109410e+00  1.095020e+00  1.091280e+00  1.092580e+00  1.094980e+00  
1.291526e+01  1.162736e+01  1.078301e+01  1.003148e+01  9.355220e+00  8.740540e+00  
8.182520e+00  7.675040e+00  7.213000e+00  6.790820e+00  6.402190e+00  6.039040e+00  
5.690220e+00  5.345630e+00  4.998380e+00  4.637070e+00  4.239870e+00  3.761540e+00  
3.139720e+00  2.749180e+00  2.281760e+00  1.839670e+00  1.325380e+00  1.178640e+00  
1.086570e+00  1.083480e+00  1.081700e+00  1.076980e+00  1.062410e+00  1.072330e+00  
1.284949e+01  1.161303e+01  1.084606e+01  1.015699e+01  9.533330e+00  8.964040e+00  
8.445370e+00  7.972490e+00  7.541340e+00  7.147420e+00  6.785420e+00  6.448290e+00  
6.126050e+00  5.809000e+00  5.489630e+00  5.154740e+00  4.777790e+00  4.301620e+00  
3.640500e+00  3.200820e+00  2.648570e+00  2.099860e+00  1.421100e+00  1.215490e+00  
1.065890e+00  1.055180e+00  1.050980e+00  1.046540e+00  1.030470e+00  1.039480e+00  
1.287136e+01  1.163801e+01  1.089441e+01  1.022786e+01  9.626290e+00  9.079890e+00  
8.584870e+00  8.136510e+00  7.730690e+00  7.362720e+00  7.026890e+00  6.715370e+00  
6.416580e+00  6.119920e+00  5.818820e+00  5.502010e+00  5.146710e+00  4.702530e+00  
4.071100e+00  3.619940e+00  3.001800e+00  2.345080e+00  1.501040e+00  1.248750e+00  
1.073240e+00  1.052000e+00  1.027470e+00  1.023610e+00  1.021620e+00  1.021830e+00  
1.275477e+01  1.158403e+01  1.091453e+01  1.030891e+01  9.757920e+00  9.254340e+00  
8.795650e+00  8.378580e+00  8.000300e+00  7.657600e+00  7.346480e+00  7.061380e+00  
6.793650e+00  6.534820e+00  6.278050e+00  6.010190e+00  5.702350e+00  5.286740e+00  
4.643650e+00  4.168150e+00  3.509220e+00  2.778810e+00  1.733460e+00  1.384470e+00  
1.073550e+00  1.034830e+00  1.011880e+00  1.008120e+00  9.959800e-01  1.003220e+00  
1.273398e+01  1.158046e+01  1.093792e+01  1.035595e+01  9.826580e+00  9.343700e+00  
8.905070e+00  8.507820e+00  8.149430e+00  7.827050e+00  7.537090e+00  7.274310e+00  
7.030410e+00  6.797310e+00  6.569090e+00  6.333680e+00  6.063440e+00  5.690730e+00  
5.087740e+00  4.620210e+00  3.941670e+00  3.148050e+00  1.929060e+00  1.501070e+00  
1.095370e+00  1.038310e+00  9.997300e-01  9.957600e-01  9.877700e-01  9.934500e-01  
1.272359e+01  1.158229e+01  1.095564e+01  1.038777e+01  9.871660e+00  9.402070e+00  
8.976750e+00  8.593090e+00  8.248780e+00  7.941190e+00  7.666950e+00  7.421000e+00  
7.195180e+00  6.981760e+00  6.775610e+00  6.565880e+00  6.326670e+00  5.992310e+00  
5.432150e+00  4.980740e+00  4.300100e+00  3.467530e+00  2.111840e+00  1.613310e+00  
1.120920e+00  1.046570e+00  9.920600e-01  9.874800e-01  9.834300e-01  9.874400e-01  
1.270035e+01  1.158325e+01  1.097530e+01  1.042109e+01  9.914860e+00  9.452690e+00  
9.033250e+00  8.655170e+00  8.317380e+00  8.017910e+00  7.753990e+00  7.521460e+00  
7.313300e+00  7.121740e+00  6.938510e+00  6.745850e+00  6.515540e+00  6.198440e+00  
5.685330e+00  5.272610e+00  4.634860e+00  3.799260e+00  2.288960e+00  1.710360e+00  
1.131550e+00  1.048280e+00  9.951500e-01  9.913800e-01  9.830100e-01  9.833800e-01  
1.270204e+01  1.159546e+01  1.099561e+01  1.045091e+01  9.955720e+00  9.506490e+00  
9.101140e+00  8.737760e+00  8.414680e+00  8.130020e+00  7.881380e+00  7.664980e+00  
7.474250e+00  7.303170e+00  7.148050e+00  6.999480e+00  6.831640e+00  6.573600e+00  
6.096720e+00  5.702550e+00  5.099720e+00  4.278980e+00  2.621660e+00  1.919530e+00  
1.175770e+00  1.067290e+00  9.941400e-01  9.870100e-01  9.797800e-01  9.782600e-01  
1.266645e+01  1.159143e+01  1.101093e+01  1.047990e+01  9.994140e+00  9.551530e+00  
9.151130e+00  8.792500e+00  8.475580e+00  8.199150e+00  7.961340e+00  7.759190e+00  
7.587240e+00  7.439410e+00  7.309120e+00  7.180220e+00  7.026090e+00  6.798800e+00  
6.392560e+00  6.042780e+00  5.470910e+00  4.651410e+00  2.906640e+00  2.113630e+00  
1.226790e+00  1.091240e+00  9.945200e-01  9.863800e-01  9.734400e-01  9.751300e-01  
1.265228e+01  1.160359e+01  1.103392e+01  1.051311e+01  1.003757e+01  9.605470e+00  
9.215980e+00  8.868700e+00  8.563590e+00  8.299890e+00  8.076510e+00  7.891570e+00  
7.741110e+00  7.620880e+00  7.526300e+00  7.443800e+00  7.349880e+00  7.199000e+00  
6.889260e+00  6.597190e+00  6.088960e+00  5.324610e+00  3.518500e+00  2.551170e+00  
1.342250e+00  1.150990e+00  1.002150e+00  9.866300e-01  9.724500e-01  9.709300e-01  
1.262934e+01  1.161063e+01  1.104533e+01  1.052906e+01  1.005861e+01  9.632140e+00  
9.248890e+00  8.908430e+00  8.610710e+00  8.355060e+00  8.140710e+00  7.966120e+00  
7.827800e+00  7.722210e+00  7.645980e+00  7.587510e+00  7.526470e+00  7.423200e+00  
7.187270e+00  6.949120e+00  6.511890e+00  5.809170e+00  3.975270e+00  2.904990e+00  
1.464660e+00  1.221130e+00  1.011870e+00  9.877300e-01  9.678200e-01  9.688300e-01  
1.255895e+01  1.161695e+01  1.105763e+01  1.054692e+01  1.008194e+01  9.661230e+00  
9.284030e+00  8.950020e+00  8.659230e+00  8.411280e+00  8.205740e+00  8.041590e+00  
7.916100e+00  7.826720e+00  7.771830e+00  7.742630e+00  7.723350e+00  7.681930e+00  
7.542160e+00  7.372930e+00  7.026440e+00  6.426360e+00  4.674000e+00  3.490790e+00  
1.686010e+00  1.352430e+00  1.035470e+00  9.937900e-01  9.685100e-01  9.667000e-01  
1.249600e+01  1.162094e+01  1.106562e+01  1.055720e+01  1.009395e+01  9.675280e+00  
9.300640e+00  8.969770e+00  8.682750e+00  8.439220e+00  8.238600e+00  8.079970e+00  
7.961230e+00  7.880530e+00  7.837010e+00  7.823110e+00  7.826610e+00  7.825160e+00  
7.753740e+00  7.630030e+00  7.336030e+00  6.793980e+00  5.170830e+00  3.980030e+00  
1.887840e+00  1.469860e+00  1.059860e+00  1.007800e+00  9.688300e-01  9.656400e-01  
1.244916e+01  1.162214e+01  1.106943e+01  1.056265e+01  1.010087e+01  9.683990e+00  
9.311430e+00  8.982780e+00  8.697930e+00  8.456720e+00  8.258910e+00  8.103810e+00  
7.989380e+00  7.913970e+00  7.877410e+00  7.873360e+00  7.891490e+00  7.912690e+00  
7.882160e+00  7.793900e+00  7.553330e+00  7.074120e+00  5.544380e+00  4.359570e+00  
2.079840e+00  1.587730e+00  1.085550e+00  1.018190e+00  9.703600e-01  9.650000e-01  
1.241710e+01  1.162286e+01  1.107190e+01  1.056629e+01  1.010548e+01  9.689840e+00  
9.318680e+00  8.991560e+00  8.708230e+00  8.468660e+00  8.272830e+00  8.120150e+00  
8.008650e+00  7.936860e+00  7.905080e+00  7.907840e+00  7.936060e+00  7.973170e+00  
7.971840e+00  7.909740e+00  7.711280e+00  7.284600e+00  5.840560e+00  4.674870e+00  
2.261870e+00  1.700460e+00  1.111560e+00  1.029070e+00  9.723400e-01  9.645700e-01  
1.237720e+01  1.162378e+01  1.107479e+01  1.057069e+01  1.011137e+01  9.697330e+00  
9.327920e+00  9.002680e+00  8.721440e+00  8.484180e+00  8.290980e+00  8.141400e+00  
8.033620e+00  7.966520e+00  7.940980e+00  7.952460e+00  7.993660e+00  8.051570e+00  
8.088860e+00  8.062290e+00  7.925650e+00  7.581770e+00  6.284890e+00  5.172610e+00  
2.598670e+00  1.911660e+00  1.163590e+00  1.051940e+00  9.769600e-01  9.640200e-01  
1.235255e+01  1.162434e+01  1.107634e+01  1.057328e+01  1.011497e+01  9.701900e+00  
9.333510e+00  9.009420e+00  8.729490e+00  8.493760e+00  8.302240e+00  8.154550e+00  
8.049020e+00  7.984830e+00  7.963160e+00  7.980000e+00  8.029080e+00  8.100030e+00  
8.161650e+00  8.157910e+00  8.064340e+00  7.782580e+00  6.606760e+00  5.552780e+00  
2.896490e+00  2.105220e+00  1.215030e+00  1.076010e+00  9.820300e-01  9.637000e-01  
1.231551e+01  1.162509e+01  1.107831e+01  1.057662e+01  1.011987e+01  9.708160e+00  
9.341080e+00  9.018430e+00  8.740320e+00  8.506690e+00  8.317490e+00  8.172380e+00  
8.069940e+00  8.009780e+00  7.993450e+00  8.017540e+00  8.077320e+00  8.166420e+00  
8.261950e+00  8.290460e+00  8.261940e+00  8.082700e+00  7.134060e+00  6.212970e+00  
3.512490e+00  2.533590e+00  1.340100e+00  1.139380e+00  9.951500e-01  9.632700e-01  
1.229427e+01  1.162560e+01  1.107944e+01  1.057845e+01  1.012241e+01  9.711380e+00  
9.344980e+00  9.023040e+00  8.745750e+00  8.513120e+00  8.325080e+00  8.181330e+00  
8.080590e+00  8.022540e+00  8.008980e+00  8.036820e+00  8.102180e+00  8.200980e+00  
8.314470e+00  8.359750e+00  8.366190e+00  8.248140e+00  7.459890e+00  6.644190e+00  
3.994360e+00  2.901150e+00  1.460130e+00  1.204600e+00  1.008220e+00  9.630500e-01  
1.227113e+01  1.162599e+01  1.108077e+01  1.058048e+01  1.012508e+01  9.714710e+00  
9.349000e+00  9.027770e+00  8.751250e+00  8.519480e+00  8.332530e+00  8.190160e+00  
8.091140e+00  8.035250e+00  8.024490e+00  8.056180e+00  8.127360e+00  8.236250e+00  
8.368520e+00  8.431080e+00  8.472790e+00  8.423000e+00  7.848300e+00  7.184960e+00  
4.710910e+00  3.492540e+00  1.683780e+00  1.333580e+00  1.034270e+00  9.628400e-01  
1.228020e+01  1.163289e+01  1.107979e+01  1.057645e+01  1.012078e+01  9.711570e+00  
9.347750e+00  9.028750e+00  8.754200e+00  8.523990e+00  8.337950e+00  8.195300e+00  
8.093520e+00  8.032560e+00  8.018530e+00  8.057920e+00  8.152090e+00  8.277650e+00  
8.403510e+00  8.463910e+00  8.516750e+00  8.507550e+00  8.085160e+00  7.510300e+00  
5.217110e+00  3.958860e+00  1.889780e+00  1.459210e+00  1.059140e+00  9.627300e-01  
1.227196e+01  1.163262e+01  1.108000e+01  1.057699e+01  1.012162e+01  9.712660e+00  
9.349120e+00  9.030310e+00  8.755990e+00  8.526010e+00  8.340230e+00  8.197930e+00  
8.096610e+00  8.036280e+00  8.023120e+00  8.063800e+00  8.159870e+00  8.288380e+00  
8.419870e+00  8.486040e+00  8.550680e+00  8.564210e+00  8.228820e+00  7.736260e+00  
5.603130e+00  4.332110e+00  2.095260e+00  1.579970e+00  1.084550e+00  9.626700e-01  
1.226618e+01  1.163237e+01  1.108010e+01  1.057731e+01  1.012213e+01  9.713340e+00  
9.349950e+00  9.031320e+00  8.757160e+00  8.527370e+00  8.341780e+00  8.199710e+00  
8.098700e+00  8.038800e+00  8.026230e+00  8.067740e+00  8.165080e+00  8.295610e+00  
8.431010e+00  8.501030e+00  8.573390e+00  8.602340e+00  8.330140e+00  7.899290e+00  
5.906940e+00  4.644410e+00  2.285960e+00  1.698310e+00  1.109880e+00  9.626300e-01  
1.223777e+01  1.162531e+01  1.108141e+01  1.058235e+01  1.012810e+01  9.718710e+00  
9.353910e+00  9.033670e+00  8.758280e+00  8.527820e+00  8.342270e+00  8.201440e+00  
8.104310e+00  8.050950e+00  8.043680e+00  8.080390e+00  8.159210e+00  8.280620e+00  
8.438790e+00  8.526180e+00  8.610650e+00  8.651480e+00  8.461330e+00  8.118910e+00  
6.360920e+00  5.142150e+00  2.626620e+00  1.934850e+00  1.161040e+00  9.625800e-01  
1.223437e+01  1.162507e+01  1.108101e+01  1.058227e+01  1.012841e+01  9.719150e+00  
9.354300e+00  9.033990e+00  8.758700e+00  8.528510e+00  8.343320e+00  8.202900e+00  
8.106210e+00  8.053300e+00  8.046510e+00  8.083680e+00  8.163110e+00  8.285940e+00  
8.446960e+00  8.537140e+00  8.629010e+00  8.683500e+00  8.543250e+00  8.256460e+00  
6.684960e+00  5.528470e+00  2.924020e+00  2.144710e+00  1.211420e+00  9.625400e-01  
