2.415180e+00  2.475140e+00  2.531180e+00  2.583740e+00  2.632630e+00  2.677800e+00  
2.719560e+00  2.758620e+00  2.796150e+00  2.832550e+00  2.868120e+00  2.903550e+00  
2.940310e+00  2.979650e+00  3.021310e+00  3.064140e+00  3.106430e+00  3.145930e+00  
3.179660e+00  3.194490e+00  3.210990e+00  3.226920e+00  3.246540e+00  3.251940e+00  
3.256300e+00  3.256840e+00  3.257310e+00  3.257360e+00  3.257410e+00  3.257420e+00  
3.025830e+00  3.075470e+00  3.122550e+00  3.167950e+00  3.211410e+00  3.252650e+00  
3.291380e+00  3.327360e+00  3.360450e+00  3.390690e+00  3.418510e+00  3.444730e+00  
3.471280e+00  3.499980e+00  3.531300e+00  3.565630e+00  3.603310e+00  3.644170e+00  
3.686790e+00  3.706870e+00  3.722770e+00  3.731360e+00  3.742970e+00  3.747240e+00  
3.749010e+00  3.749050e+00  3.749330e+00  3.749330e+00  3.749520e+00  3.749420e+00  
3.504730e+00  3.553800e+00  3.598950e+00  3.641390e+00  3.680780e+00  3.716800e+00  
3.749110e+00  3.777450e+00  3.801680e+00  3.821930e+00  3.838890e+00  3.853710e+00  
3.868960e+00  3.887100e+00  3.908870e+00  3.935050e+00  3.966340e+00  4.002820e+00  
4.043050e+00  4.062170e+00  4.075440e+00  4.080040e+00  4.087330e+00  4.090710e+00  
4.091330e+00  4.091180e+00  4.091360e+00  4.091330e+00  4.091550e+00  4.091430e+00  
4.220280e+00  4.291340e+00  4.347800e+00  4.391480e+00  4.422460e+00  4.441480e+00  
4.450270e+00  4.452020e+00  4.450860e+00  4.448150e+00  4.444790e+00  4.442050e+00  
4.442070e+00  4.446700e+00  4.455770e+00  4.467710e+00  4.481260e+00  4.497900e+00  
4.518920e+00  4.530010e+00  4.538250e+00  4.541390e+00  4.543740e+00  4.544150e+00  
4.544250e+00  4.544230e+00  4.544240e+00  4.544250e+00  4.544270e+00  4.544250e+00  
4.758420e+00  4.853680e+00  4.916660e+00  4.953120e+00  4.968770e+00  4.970530e+00  
4.961600e+00  4.945790e+00  4.927880e+00  4.909030e+00  4.889580e+00  4.870310e+00  
4.852730e+00  4.838520e+00  4.828200e+00  4.821940e+00  4.820120e+00  4.823670e+00  
4.830630e+00  4.832950e+00  4.833990e+00  4.833600e+00  4.832470e+00  4.831990e+00  
4.831540e+00  4.831480e+00  4.831440e+00  4.831430e+00  4.831420e+00  4.831430e+00  
5.184050e+00  5.303030e+00  5.371160e+00  5.398640e+00  5.397630e+00  5.381980e+00  
5.356520e+00  5.325590e+00  5.294260e+00  5.262430e+00  5.227970e+00  5.190950e+00  
5.155770e+00  5.126440e+00  5.102840e+00  5.082940e+00  5.065510e+00  5.053720e+00  
5.047210e+00  5.042870e+00  5.037740e+00  5.033330e+00  5.029340e+00  5.028190e+00  
5.027250e+00  5.027140e+00  5.027050e+00  5.027030e+00  5.027010e+00  5.027020e+00  
5.537560e+00  5.673500e+00  5.743330e+00  5.761050e+00  5.744200e+00  5.712370e+00  
5.671640e+00  5.626790e+00  5.583100e+00  5.539540e+00  5.492100e+00  5.440320e+00  
5.390500e+00  5.348180e+00  5.312740e+00  5.280580e+00  5.249400e+00  5.223780e+00  
5.204750e+00  5.194480e+00  5.183970e+00  5.175980e+00  5.169140e+00  5.167350e+00  
5.165920e+00  5.165750e+00  5.165620e+00  5.165580e+00  5.165570e+00  5.165580e+00  
6.103180e+00  6.253830e+00  6.317700e+00  6.314530e+00  6.269210e+00  6.208830e+00  
6.141090e+00  6.071330e+00  6.005160e+00  5.940650e+00  5.872110e+00  5.798280e+00  
5.726650e+00  5.663550e+00  5.607850e+00  5.554760e+00  5.501090e+00  5.452370e+00  
5.411480e+00  5.391490e+00  5.372180e+00  5.358060e+00  5.345300e+00  5.342170e+00  
5.339720e+00  5.339420e+00  5.339190e+00  5.339150e+00  5.339120e+00  5.339140e+00  
6.545300e+00  6.693240e+00  6.742910e+00  6.718070e+00  6.647610e+00  6.562450e+00  
6.471180e+00  6.379380e+00  6.292950e+00  6.209870e+00  6.124520e+00  6.035180e+00  
5.948420e+00  5.869530e+00  5.797370e+00  5.727370e+00  5.656470e+00  5.589720e+00  
5.530980e+00  5.503320e+00  5.477020e+00  5.457670e+00  5.439170e+00  5.434730e+00  
5.431250e+00  5.430790e+00  5.430460e+00  5.430410e+00  5.430370e+00  5.430400e+00  
7.343810e+00  7.453990e+00  7.454150e+00  7.374840e+00  7.249000e+00  7.110810e+00  
6.969450e+00  6.830600e+00  6.700350e+00  6.577620e+00  6.459480e+00  6.343690e+00  
6.232390e+00  6.126740e+00  6.025840e+00  5.926760e+00  5.827430e+00  5.730720e+00  
5.640650e+00  5.598830e+00  5.558900e+00  5.528830e+00  5.498830e+00  5.491610e+00  
5.485910e+00  5.485170e+00  5.484630e+00  5.484550e+00  5.484490e+00  5.484490e+00  
7.896600e+00  7.955930e+00  7.901880e+00  7.769970e+00  7.594640e+00  7.410570e+00  
7.226810e+00  7.048550e+00  6.881340e+00  6.725750e+00  6.581410e+00  6.446220e+00  
6.318740e+00  6.196420e+00  6.078450e+00  5.962660e+00  5.847370e+00  5.734040e+00  
5.625200e+00  5.573180e+00  5.522540e+00  5.483860e+00  5.446240e+00  5.437010e+00  
5.429680e+00  5.428730e+00  5.428020e+00  5.427930e+00  5.427850e+00  5.427850e+00  
8.845490e+00  8.608860e+00  8.361530e+00  8.120860e+00  7.886600e+00  7.658580e+00  
7.437000e+00  7.222190e+00  7.013650e+00  6.812900e+00  6.621130e+00  6.438070e+00  
6.265600e+00  6.103620e+00  5.953160e+00  5.815390e+00  5.690320e+00  5.572910e+00  
5.459750e+00  5.406890e+00  5.357710e+00  5.315270e+00  5.231160e+00  5.199890e+00  
5.208860e+00  5.213910e+00  5.210350e+00  5.208490e+00  5.211140e+00  5.209550e+00  
9.163370e+00  8.969630e+00  8.721200e+00  8.444420e+00  8.145560e+00  7.833150e+00  
7.518440e+00  7.216020e+00  6.940130e+00  6.694290e+00  6.477530e+00  6.285440e+00  
6.113920e+00  5.957390e+00  5.811520e+00  5.667950e+00  5.520290e+00  5.373340e+00  
5.233150e+00  5.164930e+00  5.093640e+00  5.035540e+00  4.985400e+00  4.973030e+00  
4.962510e+00  4.961260e+00  4.960280e+00  4.960110e+00  4.960060e+00  4.959990e+00  
9.526970e+00  9.252220e+00  8.928260e+00  8.585010e+00  8.228500e+00  7.866960e+00  
7.510810e+00  7.173180e+00  6.867340e+00  6.595640e+00  6.356600e+00  6.144550e+00  
5.954200e+00  5.780130e+00  5.618070e+00  5.461150e+00  5.303960e+00  5.149260e+00  
5.001130e+00  4.929410e+00  4.856040e+00  4.797290e+00  4.744460e+00  4.731440e+00  
4.720620e+00  4.719340e+00  4.718290e+00  4.718130e+00  4.718050e+00  4.718010e+00  
9.809360e+00  9.462200e+00  9.072400e+00  8.672500e+00  8.267900e+00  7.866350e+00  
7.477200e+00  7.111780e+00  6.782430e+00  6.490720e+00  6.233930e+00  6.005400e+00  
5.798360e+00  5.607750e+00  5.429560e+00  5.259230e+00  5.092970e+00  4.931580e+00  
4.777500e+00  4.703900e+00  4.630900e+00  4.573820e+00  4.519350e+00  4.505930e+00  
4.495160e+00  4.493880e+00  4.492790e+00  4.492650e+00  4.492550e+00  4.492530e+00  
1.016504e+01  9.809050e+00  9.321910e+00  8.783890e+00  8.250060e+00  7.767000e+00  
7.337290e+00  6.954790e+00  6.614430e+00  6.309540e+00  6.027290e+00  5.759720e+00  
5.511120e+00  5.286230e+00  5.081610e+00  4.892290e+00  4.713270e+00  4.539580e+00  
4.372980e+00  4.297340e+00  4.225920e+00  4.171800e+00  4.115340e+00  4.101970e+00  
4.091460e+00  4.090050e+00  4.089010e+00  4.088880e+00  4.088780e+00  4.088790e+00  
1.060998e+01  9.955920e+00  9.323750e+00  8.742850e+00  8.207880e+00  7.715310e+00  
7.262290e+00  6.846100e+00  6.464990e+00  6.119430e+00  5.805380e+00  5.517940e+00  
5.253020e+00  5.009620e+00  4.786730e+00  4.583040e+00  4.396050e+00  4.215180e+00  
4.033220e+00  3.946740e+00  3.871980e+00  3.823270e+00  3.768290e+00  3.752520e+00  
3.742630e+00  3.741800e+00  3.740560e+00  3.740340e+00  3.740310e+00  3.740300e+00  
1.093490e+01  1.026767e+01  9.518050e+00  8.770330e+00  8.075880e+00  7.471940e+00  
6.949930e+00  6.495930e+00  6.096220e+00  5.736160e+00  5.397380e+00  5.070690e+00  
4.763970e+00  4.484000e+00  4.229940e+00  3.994270e+00  3.772720e+00  3.564870e+00  
3.371630e+00  3.281710e+00  3.198030e+00  3.137830e+00  3.081600e+00  3.068650e+00  
3.058570e+00  3.057260e+00  3.056300e+00  3.056170e+00  3.056080e+00  3.056060e+00  
1.132090e+01  1.034130e+01  9.448980e+00  8.658000e+00  7.953410e+00  7.324710e+00  
6.762660e+00  6.260410e+00  5.813710e+00  5.414830e+00  5.055040e+00  4.725090e+00  
4.414550e+00  4.117940e+00  3.839040e+00  3.580740e+00  3.343460e+00  3.121960e+00  
2.913140e+00  2.814680e+00  2.720380e+00  2.651680e+00  2.596310e+00  2.583710e+00  
2.573430e+00  2.572250e+00  2.571300e+00  2.571140e+00  2.571080e+00  2.571000e+00  
1.172967e+01  1.050008e+01  9.441620e+00  8.533860e+00  7.746560e+00  7.060960e+00  
6.462630e+00  5.934120e+00  5.461850e+00  5.037150e+00  4.651420e+00  4.296450e+00  
3.963370e+00  3.647070e+00  3.349390e+00  3.073510e+00  2.817150e+00  2.574800e+00  
2.344340e+00  2.235410e+00  2.133020e+00  2.060000e+00  2.000610e+00  1.987260e+00  
1.976560e+00  1.975330e+00  1.974340e+00  1.974190e+00  1.974100e+00  1.974020e+00  
1.201802e+01  1.062265e+01  9.463330e+00  8.483520e+00  7.646140e+00  6.925020e+00  
6.303040e+00  5.757710e+00  5.269180e+00  4.827710e+00  4.425670e+00  4.055530e+00  
3.709320e+00  3.382100e+00  3.074330e+00  2.787780e+00  2.521450e+00  2.267640e+00  
2.024290e+00  1.909130e+00  1.802660e+00  1.727430e+00  1.662580e+00  1.647960e+00  
1.636600e+00  1.635290e+00  1.634170e+00  1.634030e+00  1.633900e+00  1.633890e+00  
1.224969e+01  1.073783e+01  9.513210e+00  8.484070e+00  7.612430e+00  6.866920e+00  
6.226970e+00  5.667640e+00  5.166070e+00  4.711520e+00  4.296950e+00  3.915390e+00  
3.559410e+00  3.224180e+00  2.909440e+00  2.615880e+00  2.343150e+00  2.082900e+00  
1.831130e+00  1.710910e+00  1.599050e+00  1.519050e+00  1.449310e+00  1.433550e+00  
1.421310e+00  1.419890e+00  1.418660e+00  1.418510e+00  1.418390e+00  1.418420e+00  
1.244680e+01  1.084874e+01  9.579620e+00  8.514760e+00  7.617740e+00  6.854820e+00  
6.201040e+00  5.629860e+00  5.117290e+00  4.652180e+00  4.227670e+00  3.837070e+00  
3.473230e+00  3.131380e+00  2.810840e+00  2.511720e+00  2.233360e+00  1.968250e+00  
1.709660e+00  1.584890e+00  1.467400e+00  1.381990e+00  1.307520e+00  1.290580e+00  
1.277320e+00  1.275770e+00  1.274440e+00  1.274270e+00  1.274150e+00  1.274190e+00  
1.277372e+01  1.105866e+01  9.735200e+00  8.624560e+00  7.693430e+00  6.907330e+00  
6.234110e+00  5.645060e+00  5.115830e+00  4.635380e+00  4.196700e+00  3.793030e+00  
3.417090e+00  3.064010e+00  2.732790e+00  2.423110e+00  2.133300e+00  1.856990e+00  
1.585120e+00  1.451840e+00  1.323880e+00  1.228290e+00  1.143650e+00  1.123950e+00  
1.108330e+00  1.106500e+00  1.104940e+00  1.104730e+00  1.104600e+00  1.104560e+00  
1.304079e+01  1.125152e+01  9.898260e+00  8.762100e+00  7.811840e+00  7.011190e+00  
6.325140e+00  5.723860e+00  5.183330e+00  4.692620e+00  4.244510e+00  3.831750e+00  
3.446480e+00  3.083500e+00  2.741890e+00  2.421290e+00  2.119400e+00  1.829230e+00  
1.543070e+00  1.401180e+00  1.263060e+00  1.157680e+00  1.061670e+00  1.038760e+00  
1.020520e+00  1.018360e+00  1.016560e+00  1.016320e+00  1.016140e+00  1.015990e+00  
1.354969e+01  1.164941e+01  1.026129e+01  9.098730e+00  8.135150e+00  7.318430e+00  
6.616210e+00  5.998590e+00  5.442240e+00  4.936180e+00  4.472720e+00  4.043890e+00  
3.640760e+00  3.257510e+00  2.893430e+00  2.548370e+00  2.218960e+00  1.894800e+00  
1.569330e+00  1.404510e+00  1.238470e+00  1.105970e+00  9.793000e-01  9.480100e-01  
9.229000e-01  9.198900e-01  9.174100e-01  9.171000e-01  9.168000e-01  9.167300e-01  
1.391528e+01  1.194713e+01  1.054806e+01  9.383650e+00  8.424630e+00  7.607620e+00  
6.902690e+00  6.280330e+00  5.717340e+00  5.202820e+00  4.729320e+00  4.288900e+00  
3.872600e+00  3.474470e+00  3.093740e+00  2.730040e+00  2.378830e+00  2.026200e+00  
1.661050e+00  1.472350e+00  1.275450e+00  1.112690e+00  9.543200e-01  9.148400e-01  
8.831800e-01  8.793600e-01  8.761000e-01  8.756500e-01  8.753900e-01  8.756600e-01  
1.441890e+01  1.231112e+01  1.091693e+01  9.803590e+00  8.892440e+00  8.103610e+00  
7.408190e+00  6.780140e+00  6.199420e+00  5.662810e+00  5.172480e+00  4.723200e+00  
4.298960e+00  3.888170e+00  3.488040e+00  3.095530e+00  2.707590e+00  2.320330e+00  
1.896370e+00  1.650200e+00  1.388240e+00  1.167000e+00  9.449900e-01  8.901200e-01  
8.475500e-01  8.420200e-01  8.370400e-01  8.361400e-01  8.366800e-01  8.370800e-01  
1.472322e+01  1.252864e+01  1.115697e+01  1.009684e+01  9.231120e+00  8.473240e+00  
7.793590e+00  7.167420e+00  6.576400e+00  6.025600e+00  5.528190e+00  5.081270e+00  
4.658470e+00  4.241190e+00  3.827660e+00  3.417100e+00  3.008510e+00  2.598530e+00  
2.127510e+00  1.833470e+00  1.510870e+00  1.234450e+00  9.522200e-01  8.823300e-01  
8.291200e-01  8.223300e-01  8.157100e-01  8.143500e-01  8.157800e-01  8.157800e-01  
1.490379e+01  1.266109e+01  1.132420e+01  1.031168e+01  9.485650e+00  8.754320e+00  
8.089030e+00  7.467070e+00  6.872490e+00  6.315740e+00  5.817060e+00  5.375090e+00  
4.956530e+00  4.537780e+00  4.117450e+00  3.696090e+00  3.273560e+00  2.845900e+00  
2.337120e+00  2.005120e+00  1.630370e+00  1.305710e+00  9.666600e-01  8.815200e-01  
8.168400e-01  8.088300e-01  8.010300e-01  7.993300e-01  8.014200e-01  8.007300e-01  
1.501215e+01  1.274548e+01  1.144865e+01  1.047642e+01  9.684080e+00  8.975070e+00  
8.322380e+00  7.705820e+00  7.111920e+00  6.554490e+00  6.058000e+00  5.622050e+00  
5.208900e+00  4.791530e+00  4.368560e+00  3.941080e+00  3.509010e+00  3.066910e+00  
2.527020e+00  2.164540e+00  1.746360e+00  1.377620e+00  9.850900e-01  8.848200e-01  
8.080400e-01  7.987600e-01  7.900400e-01  7.880800e-01  7.906200e-01  7.892000e-01  
1.476831e+01  1.289787e+01  1.181105e+01  1.087246e+01  1.003996e+01  9.288230e+00  
8.609680e+00  7.994880e+00  7.436770e+00  6.927880e+00  6.460380e+00  6.024950e+00  
5.609440e+00  5.203310e+00  4.799660e+00  4.387660e+00  3.947460e+00  3.439200e+00  
2.808360e+00  2.423630e+00  1.970440e+00  1.545830e+00  1.038000e+00  8.900400e-01  
7.944500e-01  7.854900e-01  7.747100e-01  7.727800e-01  7.757800e-01  7.726000e-01  
1.480647e+01  1.295111e+01  1.192538e+01  1.102920e+01  1.023110e+01  9.507330e+00  
8.851650e+00  8.255630e+00  7.713040e+00  7.217160e+00  6.760780e+00  6.335090e+00  
5.928430e+00  5.530290e+00  5.133200e+00  4.725170e+00  4.283600e+00  3.762400e+00  
3.095240e+00  2.676610e+00  2.170940e+00  1.683170e+00  1.087960e+00  9.105700e-01  
7.884400e-01  7.760900e-01  7.641500e-01  7.623400e-01  7.650000e-01  7.612200e-01  
1.486408e+01  1.302927e+01  1.208678e+01  1.125478e+01  1.051021e+01  9.833640e+00  
9.219860e+00  8.661750e+00  8.153880e+00  7.690240e+00  7.264120e+00  6.866880e+00  
6.486640e+00  6.112520e+00  5.737090e+00  5.347990e+00  4.921250e+00  4.405770e+00  
3.708690e+00  3.234610e+00  2.613350e+00  1.982630e+00  1.212800e+00  9.798600e-01  
7.868100e-01  7.638600e-01  7.484000e-01  7.462300e-01  7.478000e-01  7.442500e-01  
1.482774e+01  1.302691e+01  1.214777e+01  1.136778e+01  1.066638e+01  1.002739e+01  
9.446670e+00  8.918140e+00  8.437100e+00  7.998320e+00  7.595750e+00  7.221470e+00  
6.864120e+00  6.513060e+00  6.160600e+00  5.793370e+00  5.384650e+00  4.875970e+00  
4.160770e+00  3.660370e+00  2.989330e+00  2.279100e+00  1.344610e+00  1.049930e+00  
7.917700e-01  7.594300e-01  7.398000e-01  7.378500e-01  7.381900e-01  7.349000e-01  
1.473818e+01  1.298208e+01  1.218459e+01  1.147268e+01  1.082951e+01  1.024288e+01  
9.709390e+00  9.224260e+00  8.783700e+00  8.383330e+00  8.017910e+00  7.680160e+00  
7.359290e+00  7.044890e+00  6.729300e+00  6.398640e+00  6.024000e+00  5.539870e+00  
4.826900e+00  4.312020e+00  3.601370e+00  2.797140e+00  1.595030e+00  1.191670e+00  
8.135300e-01  7.618900e-01  7.307400e-01  7.294100e-01  7.262300e-01  7.248400e-01  
1.470081e+01  1.296425e+01  1.220642e+01  1.152797e+01  1.091487e+01  1.035664e+01  
9.850370e+00  9.391810e+00  8.977650e+00  8.603850e+00  8.265570e+00  7.955790e+00  
7.663720e+00  7.379120e+00  7.094920e+00  6.797930e+00  6.459720e+00  6.013800e+00  
5.332230e+00  4.820510e+00  4.086690e+00  3.215810e+00  1.823950e+00  1.330470e+00  
8.421800e-01  7.719800e-01  7.267900e-01  7.244700e-01  7.198600e-01  7.195000e-01  
1.466124e+01  1.295031e+01  1.222305e+01  1.156976e+01  1.097801e+01  1.043905e+01  
9.949680e+00  9.505990e+00  9.104810e+00  8.743390e+00  8.418750e+00  8.126610e+00  
7.860140e+00  7.610700e+00  7.366720e+00  7.104550e+00  6.789270e+00  6.365640e+00  
5.714980e+00  5.217800e+00  4.486000e+00  3.582740e+00  2.043610e+00  1.461350e+00  
8.699400e-01  7.839300e-01  7.258600e-01  7.216200e-01  7.180100e-01  7.161900e-01  
1.462348e+01  1.294095e+01  1.223646e+01  1.160035e+01  1.102216e+01  1.049470e+01  
1.001576e+01  9.582780e+00  9.193790e+00  8.846330e+00  8.537420e+00  8.262710e+00  
8.015020e+00  7.785710e+00  7.564030e+00  7.327500e+00  7.041580e+00  6.649120e+00  
6.028200e+00  5.543780e+00  4.818510e+00  3.897930e+00  2.246640e+00  1.586610e+00  
9.007800e-01  7.983100e-01  7.255400e-01  7.201500e-01  7.154600e-01  7.139400e-01  
1.460155e+01  1.294452e+01  1.225586e+01  1.163460e+01  1.107185e+01  1.056110e+01  
1.010006e+01  9.686170e+00  9.317270e+00  8.990870e+00  8.703890e+00  8.451590e+00  
8.226000e+00  8.019540e+00  7.827110e+00  7.636870e+00  7.418570e+00  7.092770e+00  
6.515500e+00  6.049580e+00  5.349700e+00  4.423170e+00  2.605580e+00  1.825140e+00  
9.636300e-01  8.296300e-01  7.271000e-01  7.186700e-01  7.120400e-01  7.111000e-01  
1.457736e+01  1.294801e+01  1.227341e+01  1.166389e+01  1.111180e+01  1.061133e+01  
1.016062e+01  9.757260e+00  9.399400e+00  9.084920e+00  8.811130e+00  8.573870e+00  
8.365870e+00  8.180360e+00  8.013290e+00  7.854130e+00  7.674230e+00  7.394750e+00  
6.871560e+00  6.435270e+00  5.763340e+00  4.841370e+00  2.922880e+00  2.045530e+00  
1.025230e+00  8.623100e-01  7.304600e-01  7.182800e-01  7.101400e-01  7.093500e-01  
1.451992e+01  1.295695e+01  1.231054e+01  1.172165e+01  1.118475e+01  1.069657e+01  
1.025644e+01  9.863510e+00  9.517580e+00  9.217640e+00  8.962110e+00  8.748380e+00  
8.571400e+00  8.425590e+00  8.304760e+00  8.192470e+00  8.060680e+00  7.856490e+00  
7.461380e+00  7.101850e+00  6.492170e+00  5.601580e+00  3.585830e+00  2.526720e+00  
1.172580e+00  9.439000e-01  7.421700e-01  7.210400e-01  7.079900e-01  7.070000e-01  
1.447445e+01  1.297061e+01  1.233101e+01  1.174874e+01  1.121850e+01  1.073749e+01  
1.030534e+01  9.920740e+00  9.583550e+00  9.293020e+00  9.048000e+00  8.846420e+00  
8.684000e+00  8.556170e+00  8.458300e+00  8.376230e+00  8.285390e+00  8.138170e+00  
7.826010e+00  7.523430e+00  6.984480e+00  6.153270e+00  4.096820e+00  2.918000e+00  
1.312890e+00  1.029350e+00  7.578400e-01  7.223200e-01  7.072900e-01  7.058300e-01  
1.433487e+01  1.298113e+01  1.235041e+01  1.177579e+01  1.125273e+01  1.077943e+01  
1.035496e+01  9.978600e+00  9.650240e+00  9.369490e+00  9.135790e+00  8.947540e+00  
8.801420e+00  8.694130e+00  8.623110e+00  8.577440e+00  8.537700e+00  8.464990e+00  
8.265890e+00  8.041600e+00  7.600430e+00  6.868850e+00  4.869290e+00  3.569780e+00  
1.566930e+00  1.182180e+00  7.905300e-01  7.345100e-01  7.087200e-01  7.046300e-01  
1.421017e+01  1.298356e+01  1.235828e+01  1.178809e+01  1.126921e+01  1.079991e+01  
1.037937e+01  1.000702e+01  9.682870e+00  9.406830e+00  9.178760e+00  8.997580e+00  
8.860790e+00  8.766000e+00  8.711340e+00  8.686550e+00  8.675080e+00  8.647520e+00  
8.525240e+00  8.356140e+00  7.982570e+00  7.317790e+00  5.417150e+00  4.103040e+00  
1.800280e+00  1.318510e+00  8.223700e-01  7.534300e-01  7.087800e-01  7.040300e-01  
1.411759e+01  1.298336e+01  1.236177e+01  1.179456e+01  1.127831e+01  1.081150e+01  
1.039341e+01  1.002373e+01  9.702690e+00  9.430250e+00  9.206420e+00  9.030200e+00  
8.899220e+00  8.811520e+00  8.765900e+00  8.753450e+00  8.760120e+00  8.761650e+00  
8.690430e+00  8.562380e+00  8.248610e+00  7.653440e+00  5.844640e+00  4.521010e+00  
2.012720e+00  1.451970e+00  8.561000e-01  7.693700e-01  7.105000e-01  7.036700e-01  
1.405356e+01  1.298295e+01  1.236403e+01  1.179881e+01  1.128444e+01  1.081938e+01  
1.040303e+01  1.003528e+01  9.716390e+00  9.446420e+00  9.225430e+00  9.052560e+00  
8.925530e+00  8.842740e+00  8.803440e+00  8.799650e+00  8.819040e+00  8.841150e+00  
8.806820e+00  8.709770e+00  8.443860e+00  7.907810e+00  6.187300e+00  4.869950e+00  
2.214380e+00  1.578120e+00  8.897100e-01  7.858400e-01  7.124500e-01  7.034300e-01  
1.397287e+01  1.298287e+01  1.236705e+01  1.180454e+01  1.129251e+01  1.082986e+01  
1.041587e+01  1.005068e+01  9.734630e+00  9.467820e+00  9.250330e+00  9.081610e+00  
8.959620e+00  8.883160e+00  8.852150e+00  8.859780e+00  8.895990e+00  8.944990e+00  
8.959900e+00  8.906370e+00  8.712020e+00  8.270490e+00  6.708310e+00  5.425300e+00  
2.587950e+00  1.811800e+00  9.557300e-01  8.193900e-01  7.168900e-01  7.031200e-01  
1.392027e+01  1.298602e+01  1.237245e+01  1.180914e+01  1.129592e+01  1.083345e+01  
1.042122e+01  1.005869e+01  9.745800e+00  9.482280e+00  9.267710e+00  9.101440e+00  
8.981800e+00  8.908140e+00  8.881180e+00  8.895640e+00  8.943520e+00  9.011070e+00  
9.056130e+00  9.029560e+00  8.888770e+00  8.521550e+00  7.082240e+00  5.861510e+00  
2.915500e+00  2.021890e+00  1.020120e+00  8.523800e-01  7.228600e-01  7.029400e-01  
1.384588e+01  1.298548e+01  1.237380e+01  1.181373e+01  1.130388e+01  1.084398e+01  
1.043348e+01  1.007247e+01  9.761280e+00  9.499920e+00  9.288230e+00  9.125770e+00  
9.010750e+00  8.942540e+00  8.922510e+00  8.946590e+00  9.009050e+00  9.100690e+00  
9.190380e+00  9.205380e+00  9.143580e+00  8.897580e+00  7.715620e+00  6.619230e+00  
3.589700e+00  2.491880e+00  1.170300e+00  9.362000e-01  7.379000e-01  7.027000e-01  
1.380292e+01  1.298453e+01  1.237423e+01  1.181627e+01  1.130858e+01  1.085041e+01  
1.044106e+01  1.008070e+01  9.769800e+00  9.508650e+00  9.297540e+00  9.136440e+00  
9.023880e+00  8.959350e+00  8.944380e+00  8.974670e+00  9.044550e+00  9.146090e+00  
9.259450e+00  9.300790e+00  9.280730e+00  9.105660e+00  8.125090e+00  7.108550e+00  
4.110760e+00  2.909560e+00  1.311590e+00  1.016760e+00  7.533600e-01  7.025700e-01  
1.375752e+01  1.298726e+01  1.237774e+01  1.181911e+01  1.131069e+01  1.085246e+01  
1.044415e+01  1.008568e+01  9.777360e+00  9.518910e+00  9.309750e+00  9.149600e+00  
9.038510e+00  8.977060e+00  8.966410e+00  9.000990e+00  9.075700e+00  9.190820e+00  
9.339490e+00  9.409320e+00  9.423270e+00  9.293980e+00  8.592530e+00  7.867280e+00  
4.869440e+00  3.511030e+00  1.567800e+00  1.186710e+00  7.875600e-01  7.024500e-01  
1.373277e+01  1.298806e+01  1.237931e+01  1.182079e+01  1.131235e+01  1.085428e+01  
1.044632e+01  1.008821e+01  9.780190e+00  9.522320e+00  9.314520e+00  9.156560e+00  
9.047180e+00  8.986220e+00  8.975900e+00  9.013240e+00  9.095100e+00  9.219790e+00  
9.372690e+00  9.446230e+00  9.496930e+00  9.454990e+00  8.877040e+00  8.163130e+00  
5.470420e+00  4.078800e+00  1.796230e+00  1.315360e+00  8.227500e-01  7.023900e-01  
1.371779e+01  1.298823e+01  1.237964e+01  1.182120e+01  1.131290e+01  1.085508e+01  
1.044749e+01  1.008984e+01  9.782360e+00  9.525040e+00  9.317790e+00  9.160360e+00  
9.051610e+00  8.991510e+00  8.982390e+00  9.021500e+00  9.105960e+00  9.234640e+00  
9.395840e+00  9.477660e+00  9.542160e+00  9.528220e+00  9.064560e+00  8.438150e+00  
5.903620e+00  4.498790e+00  2.028150e+00  1.450770e+00  8.567400e-01  7.023600e-01  
1.370734e+01  1.298824e+01  1.237976e+01  1.182137e+01  1.131331e+01  1.085582e+01  
1.044841e+01  1.009103e+01  9.783870e+00  9.526880e+00  9.319990e+00  9.162950e+00  
9.054620e+00  8.995100e+00  8.986760e+00  9.027050e+00  9.113260e+00  9.244600e+00  
9.411430e+00  9.498980e+00  9.572910e+00  9.578110e+00  9.197800e+00  8.639800e+00  
6.248990e+00  4.851750e+00  2.249220e+00  1.578680e+00  8.902400e-01  7.023300e-01  
1.369311e+01  1.298793e+01  1.237979e+01  1.182207e+01  1.131445e+01  1.085729e+01  
1.045019e+01  1.009300e+01  9.785970e+00  9.529150e+00  9.322590e+00  9.166080e+00  
9.058430e+00  8.999680e+00  8.992320e+00  9.033980e+00  9.122300e+00  9.257040e+00  
9.430910e+00  9.525580e+00  9.612410e+00  9.643000e+00  9.372750e+00  8.915580e+00  
6.770870e+00  5.417350e+00  2.637870e+00  1.853110e+00  9.558300e-01  7.023000e-01  
1.368421e+01  1.298566e+01  1.237851e+01  1.182282e+01  1.131743e+01  1.086129e+01  
1.045423e+01  1.009631e+01  9.788150e+00  9.530180e+00  9.322820e+00  9.166230e+00  
9.059210e+00  9.001720e+00  8.996190e+00  9.039830e+00  9.129570e+00  9.263490e+00  
9.439670e+00  9.542020e+00  9.638930e+00  9.684790e+00  9.485040e+00  9.090750e+00  
7.141910e+00  5.864220e+00  2.976030e+00  2.086700e+00  1.020090e+00  7.022800e-01  
