8.122000e-01  8.464500e-01  8.813000e-01  9.169400e-01  9.534100e-01  9.908000e-01  
1.029300e+00  1.069230e+00  1.111120e+00  1.155260e+00  1.202000e+00  1.251910e+00  
1.305850e+00  1.363710e+00  1.422160e+00  1.472910e+00  1.507820e+00  1.530210e+00  
1.545570e+00  1.551820e+00  1.561540e+00  1.571040e+00  1.569880e+00  1.568940e+00  
1.569730e+00  1.569830e+00  1.569630e+00  1.569700e+00  1.569560e+00  1.569650e+00  
1.126980e+00  1.168350e+00  1.211130e+00  1.255730e+00  1.302170e+00  1.350500e+00  
1.400710e+00  1.452760e+00  1.506600e+00  1.562070e+00  1.618920e+00  1.676720e+00  
1.734880e+00  1.792530e+00  1.848390e+00  1.900650e+00  1.947000e+00  1.985070e+00  
2.008680e+00  2.009980e+00  2.000030e+00  1.986410e+00  2.002020e+00  2.018160e+00  
2.013570e+00  2.010220e+00  2.010710e+00  2.011530e+00  2.009510e+00  2.010850e+00  
1.415990e+00  1.464630e+00  1.514580e+00  1.566360e+00  1.620000e+00  1.675470e+00  
1.732730e+00  1.791660e+00  1.852100e+00  1.913830e+00  1.976430e+00  2.039320e+00  
2.101690e+00  2.162430e+00  2.219990e+00  2.272330e+00  2.317070e+00  2.352630e+00  
2.373970e+00  2.374590e+00  2.364740e+00  2.352450e+00  2.372520e+00  2.390180e+00  
2.383010e+00  2.379000e+00  2.379910e+00  2.380940e+00  2.378740e+00  2.380140e+00  
1.921950e+00  1.986730e+00  2.051320e+00  2.116370e+00  2.181660e+00  2.246940e+00  
2.311960e+00  2.376490e+00  2.440330e+00  2.503260e+00  2.565200e+00  2.626200e+00  
2.686970e+00  2.747600e+00  2.805960e+00  2.857880e+00  2.898660e+00  2.926500e+00  
2.942800e+00  2.949040e+00  2.955920e+00  2.962340e+00  2.968380e+00  2.969040e+00  
2.968120e+00  2.967950e+00  2.968100e+00  2.968180e+00  2.968130e+00  2.968110e+00  
2.345910e+00  2.430810e+00  2.511300e+00  2.588010e+00  2.660570e+00  2.728920e+00  
2.793460e+00  2.855370e+00  2.916360e+00  2.976630e+00  3.035970e+00  3.093980e+00  
3.150520e+00  3.205050e+00  3.255960e+00  3.300770e+00  3.337020e+00  3.364740e+00  
3.384090e+00  3.391200e+00  3.400710e+00  3.410960e+00  3.419210e+00  3.419910e+00  
3.417140e+00  3.416670e+00  3.417050e+00  3.417070e+00  3.417180e+00  3.417110e+00  
2.713510e+00  2.816690e+00  2.910800e+00  2.996380e+00  3.072990e+00  3.140850e+00  
3.201200e+00  3.256850e+00  3.311660e+00  3.366310e+00  3.420480e+00  3.473340e+00  
3.523860e+00  3.570960e+00  3.613680e+00  3.651360e+00  3.683360e+00  3.709760e+00  
3.730740e+00  3.739980e+00  3.751990e+00  3.764390e+00  3.774610e+00  3.775310e+00  
3.771390e+00  3.770760e+00  3.771240e+00  3.771260e+00  3.771400e+00  3.771350e+00  
3.038310e+00  3.156260e+00  3.260820e+00  3.352470e+00  3.430700e+00  3.496050e+00  
3.550560e+00  3.598500e+00  3.645630e+00  3.693050e+00  3.740410e+00  3.786640e+00  
3.830230e+00  3.869790e+00  3.904870e+00  3.935970e+00  3.963670e+00  3.988300e+00  
4.010390e+00  4.021360e+00  4.035180e+00  4.048890e+00  4.060380e+00  4.061150e+00  
4.056760e+00  4.056050e+00  4.056590e+00  4.056610e+00  4.056770e+00  4.056740e+00  
3.591460e+00  3.728160e+00  3.844490e+00  3.941050e+00  4.017340e+00  4.074420e+00  
4.115560e+00  4.147150e+00  4.177530e+00  4.208580e+00  4.239970e+00  4.270830e+00  
4.299600e+00  4.325100e+00  4.347370e+00  4.367630e+00  4.387370e+00  4.407790e+00  
4.430540e+00  4.443510e+00  4.458650e+00  4.472440e+00  4.484810e+00  4.486040e+00  
4.482420e+00  4.481810e+00  4.482330e+00  4.482330e+00  4.482500e+00  4.482510e+00  
4.050660e+00  4.194880e+00  4.313800e+00  4.408400e+00  4.478300e+00  4.524930e+00  
4.552340e+00  4.568100e+00  4.582000e+00  4.596360e+00  4.611210e+00  4.626230e+00  
4.640590e+00  4.653800e+00  4.665970e+00  4.677780e+00  4.690390e+00  4.706080e+00  
4.727790e+00  4.741200e+00  4.755370e+00  4.766960e+00  4.778660e+00  4.780530e+00  
4.779020e+00  4.778710e+00  4.779120e+00  4.779120e+00  4.779240e+00  4.779270e+00  
4.939180e+00  5.076110e+00  5.180600e+00  5.255130e+00  5.299760e+00  5.316700e+00  
5.310930e+00  5.291170e+00  5.268540e+00  5.245950e+00  5.224420e+00  5.205030e+00  
5.189150e+00  5.177930e+00  5.170960e+00  5.166190e+00  5.162710e+00  5.165350e+00  
5.179730e+00  5.190280e+00  5.197580e+00  5.199890e+00  5.206530e+00  5.209720e+00  
5.214960e+00  5.215680e+00  5.215630e+00  5.215640e+00  5.215590e+00  5.215670e+00  
5.599400e+00  5.712020e+00  5.788850e+00  5.834100e+00  5.848460e+00  5.834710e+00  
5.798300e+00  5.748330e+00  5.696020e+00  5.644660e+00  5.595790e+00  5.551100e+00  
5.513120e+00  5.483580e+00  5.461380e+00  5.442380e+00  5.424050e+00  5.412990e+00  
5.416480e+00  5.421470e+00  5.419760e+00  5.411800e+00  5.411430e+00  5.415160e+00  
5.426650e+00  5.428340e+00  5.427820e+00  5.427830e+00  5.427610e+00  5.427750e+00  
6.549810e+00  6.600870e+00  6.613810e+00  6.596190e+00  6.549850e+00  6.478490e+00  
6.388370e+00  6.288940e+00  6.191090e+00  6.098560e+00  6.012690e+00  5.934780e+00  
5.867130e+00  5.810480e+00  5.763020e+00  5.718940e+00  5.674520e+00  5.637720e+00  
5.616910e+00  5.609090e+00  5.591000e+00  5.566990e+00  5.553510e+00  5.556450e+00  
5.574440e+00  5.577210e+00  5.576040e+00  5.576050e+00  5.575590e+00  5.575820e+00  
7.226530e+00  7.218030e+00  7.171120e+00  7.096010e+00  6.995460e+00  6.873950e+00  
6.738300e+00  6.598390e+00  6.465080e+00  6.341940e+00  6.229910e+00  6.129060e+00  
6.040260e+00  5.962780e+00  5.894580e+00  5.829760e+00  5.764540e+00  5.706330e+00  
5.662960e+00  5.643650e+00  5.614630e+00  5.582550e+00  5.560450e+00  5.560990e+00  
5.577010e+00  5.579570e+00  5.578240e+00  5.578230e+00  5.577770e+00  5.577980e+00  
7.738830e+00  7.703240e+00  7.605170e+00  7.466400e+00  7.303250e+00  7.132540e+00  
6.960730e+00  6.793580e+00  6.637370e+00  6.493800e+00  6.362870e+00  6.243220e+00  
6.134420e+00  6.035280e+00  5.945050e+00  5.861430e+00  5.782860e+00  5.711600e+00  
5.647810e+00  5.615940e+00  5.580470e+00  5.548890e+00  5.520550e+00  5.518720e+00  
5.526450e+00  5.527820e+00  5.527080e+00  5.526620e+00  5.526960e+00  5.526720e+00  
8.152720e+00  8.083030e+00  7.941910e+00  7.756360e+00  7.547370e+00  7.336040e+00  
7.129360e+00  6.932580e+00  6.751700e+00  6.587690e+00  6.439180e+00  6.303530e+00  
6.178830e+00  6.063290e+00  5.956640e+00  5.858300e+00  5.767330e+00  5.681830e+00  
5.600560e+00  5.561780e+00  5.522700e+00  5.491520e+00  5.462000e+00  5.455750e+00  
5.453790e+00  5.453630e+00  5.452950e+00  5.452800e+00  5.452770e+00  5.452830e+00  
8.784800e+00  8.660580e+00  8.443560e+00  8.173300e+00  7.883300e+00  7.605170e+00  
7.344850e+00  7.103490e+00  6.882850e+00  6.683040e+00  6.501780e+00  6.336040e+00  
6.183060e+00  6.041310e+00  5.910010e+00  5.788350e+00  5.674780e+00  5.565350e+00  
5.457950e+00  5.407720e+00  5.363560e+00  5.334630e+00  5.303240e+00  5.290330e+00  
5.271520e+00  5.268720e+00  5.268360e+00  5.268670e+00  5.268230e+00  5.268570e+00  
9.246560e+00  9.075060e+00  8.792750e+00  8.450250e+00  8.092420e+00  7.759490e+00  
7.456140e+00  7.180120e+00  6.929230e+00  6.702150e+00  6.495260e+00  6.304900e+00  
6.128310e+00  5.964300e+00  5.812070e+00  5.670350e+00  5.537360e+00  5.409240e+00  
5.284390e+00  5.226360e+00  5.175830e+00  5.143680e+00  5.109770e+00  5.093440e+00  
5.066240e+00  5.062010e+00  5.061710e+00  5.062290e+00  5.061530e+00  5.062060e+00  
1.016377e+01  9.661280e+00  9.177380e+00  8.725780e+00  8.304410e+00  7.911500e+00  
7.545660e+00  7.206490e+00  6.893700e+00  6.606290e+00  6.342430e+00  6.099670e+00  
5.875130e+00  5.667480e+00  5.477830e+00  5.305210e+00  5.147010e+00  4.991210e+00  
4.828120e+00  4.748330e+00  4.679110e+00  4.634480e+00  4.584300e+00  4.567600e+00  
4.546950e+00  4.544150e+00  4.543480e+00  4.543450e+00  4.543550e+00  4.543310e+00  
1.062517e+01  9.995000e+00  9.402100e+00  8.856810e+00  8.354930e+00  7.893640e+00  
7.470300e+00  7.083080e+00  6.730920e+00  6.410990e+00  6.119730e+00  5.852920e+00  
5.604980e+00  5.372380e+00  5.156260e+00  4.955920e+00  4.769170e+00  4.587590e+00  
4.404770e+00  4.315580e+00  4.232200e+00  4.170830e+00  4.104680e+00  4.089490e+00  
4.085470e+00  4.085590e+00  4.083910e+00  4.083570e+00  4.083290e+00  4.083060e+00  
1.106393e+01  1.036794e+01  9.645060e+00  8.939390e+00  8.287510e+00  7.718530e+00  
7.226910e+00  6.799280e+00  6.422480e+00  6.081540e+00  5.757800e+00  5.443010e+00  
5.146250e+00  4.873700e+00  4.622300e+00  4.384790e+00  4.155480e+00  3.941590e+00  
3.746100e+00  3.650900e+00  3.554430e+00  3.477130e+00  3.403340e+00  3.387030e+00  
3.379770e+00  3.379020e+00  3.377400e+00  3.377070e+00  3.376950e+00  3.376380e+00  
1.144615e+01  1.049532e+01  9.651040e+00  8.899130e+00  8.227370e+00  7.626820e+00  
7.091430e+00  6.612770e+00  6.182860e+00  5.795400e+00  5.443930e+00  5.120880e+00  
4.816520e+00  4.524540e+00  4.246200e+00  3.984630e+00  3.741100e+00  3.511610e+00  
3.295180e+00  3.192930e+00  3.093820e+00  3.017730e+00  2.942540e+00  2.923130e+00  
2.905660e+00  2.903510e+00  2.902140e+00  2.901940e+00  2.901830e+00  2.901690e+00  
1.165372e+01  1.060532e+01  9.692280e+00  8.886070e+00  8.172430e+00  7.538910e+00  
6.976490e+00  6.474070e+00  6.020860e+00  5.610130e+00  5.236110e+00  4.892320e+00  
4.570700e+00  4.265780e+00  3.977470e+00  3.706370e+00  3.452840e+00  3.213310e+00  
2.987150e+00  2.880190e+00  2.776990e+00  2.698240e+00  2.620890e+00  2.600920e+00  
2.582360e+00  2.580000e+00  2.578580e+00  2.578390e+00  2.578280e+00  2.578960e+00  
1.180135e+01  1.068403e+01  9.724870e+00  8.881510e+00  8.139030e+00  7.482950e+00  
6.901330e+00  6.381210e+00  5.910320e+00  5.481880e+00  5.090750e+00  4.731370e+00  
4.397130e+00  4.083190e+00  3.788300e+00  3.511030e+00  3.250470e+00  3.004440e+00  
2.772070e+00  2.661630e+00  2.554090e+00  2.471230e+00  2.391110e+00  2.371260e+00  
2.354490e+00  2.352400e+00  2.350790e+00  2.350620e+00  2.350440e+00  2.351590e+00  
1.200054e+01  1.079500e+01  9.780420e+00  8.892030e+00  8.114380e+00  7.431150e+00  
6.826220e+00  6.284360e+00  5.791950e+00  5.342350e+00  4.930920e+00  4.552860e+00  
4.202700e+00  3.876100e+00  3.570760e+00  3.283580e+00  3.012160e+00  2.755470e+00  
2.511470e+00  2.394290e+00  2.279290e+00  2.189830e+00  2.103500e+00  2.082810e+00  
2.067420e+00  2.065600e+00  2.063780e+00  2.063600e+00  2.063360e+00  2.063780e+00  
1.212980e+01  1.087363e+01  9.830290e+00  8.918620e+00  8.123040e+00  7.425780e+00  
6.809020e+00  6.256520e+00  5.754340e+00  5.295650e+00  4.875580e+00  4.488960e+00  
4.129910e+00  3.793880e+00  3.478870e+00  3.182250e+00  2.901460e+00  2.633860e+00  
2.376690e+00  2.251960e+00  2.129880e+00  2.034960e+00  1.941520e+00  1.918610e+00  
1.901130e+00  1.899100e+00  1.897240e+00  1.897020e+00  1.896790e+00  1.895640e+00  
1.230162e+01  1.099762e+01  9.935030e+00  9.006870e+00  8.199720e+00  7.490290e+00  
6.862340e+00  6.300390e+00  5.791370e+00  5.327690e+00  4.903010e+00  4.510390e+00  
4.141500e+00  3.790670e+00  3.457320e+00  3.141310e+00  2.840510e+00  2.547550e+00  
2.256640e+00  2.110900e+00  1.964730e+00  1.848130e+00  1.732720e+00  1.703420e+00  
1.679670e+00  1.676890e+00  1.674640e+00  1.674330e+00  1.674110e+00  1.672970e+00  
1.237080e+01  1.106638e+01  1.001613e+01  9.096670e+00  8.295670e+00  7.587490e+00  
6.958690e+00  6.395880e+00  5.887740e+00  5.426170e+00  5.003750e+00  4.611990e+00  
4.240580e+00  3.882710e+00  3.538460e+00  3.208850e+00  2.891840e+00  2.577430e+00  
2.255130e+00  2.087780e+00  1.911510e+00  1.764830e+00  1.624440e+00  1.590240e+00  
1.562700e+00  1.559250e+00  1.556230e+00  1.555900e+00  1.555560e+00  1.558060e+00  
1.241033e+01  1.112514e+01  1.011656e+01  9.236340e+00  8.464890e+00  7.778360e+00  
7.164720e+00  6.611900e+00  6.109500e+00  5.650570e+00  5.228810e+00  4.837030e+00  
4.466380e+00  4.109780e+00  3.763810e+00  3.423520e+00  3.082030e+00  2.728320e+00  
2.347040e+00  2.138750e+00  1.910190e+00  1.709220e+00  1.508040e+00  1.465540e+00  
1.438270e+00  1.434800e+00  1.428940e+00  1.427720e+00  1.428330e+00  1.436820e+00  
1.236696e+01  1.114078e+01  1.019243e+01  9.356790e+00  8.611680e+00  7.940430e+00  
7.335250e+00  6.788470e+00  6.293500e+00  5.843540e+00  5.431410e+00  5.048620e+00  
4.684340e+00  4.330110e+00  3.982440e+00  3.636290e+00  3.282430e+00  2.902060e+00  
2.471090e+00  2.227500e+00  1.956900e+00  1.714960e+00  1.454660e+00  1.393690e+00  
1.370650e+00  1.369440e+00  1.360460e+00  1.357980e+00  1.360270e+00  1.370800e+00  
1.233564e+01  1.113643e+01  1.022926e+01  9.428940e+00  8.711030e+00  8.061540e+00  
7.473690e+00  6.940600e+00  6.456290e+00  6.014600e+00  5.608850e+00  5.231100e+00  
4.870970e+00  4.520020e+00  4.174110e+00  3.826960e+00  3.466750e+00  3.069270e+00  
2.602520e+00  2.330440e+00  2.020560e+00  1.738890e+00  1.427370e+00  1.351960e+00  
1.328400e+00  1.328080e+00  1.316870e+00  1.313640e+00  1.316970e+00  1.327310e+00  
1.230052e+01  1.112499e+01  1.025486e+01  9.484110e+00  8.789940e+00  8.159680e+00  
7.587390e+00  7.066870e+00  6.592630e+00  6.159040e+00  5.759910e+00  5.387730e+00  
5.032600e+00  4.686160e+00  4.343750e+00  3.998010e+00  3.634990e+00  3.225670e+00  
2.730780e+00  2.435060e+00  2.091600e+00  1.774220e+00  1.415400e+00  1.325820e+00  
1.299400e+00  1.299530e+00  1.286550e+00  1.282740e+00  1.286860e+00  1.295990e+00  
1.223448e+01  1.109789e+01  1.028790e+01  9.564000e+00  8.908510e+00  8.310150e+00  
7.764290e+00  7.265600e+00  6.809460e+00  6.391050e+00  6.004910e+00  5.644300e+00  
5.300060e+00  4.964120e+00  4.631040e+00  4.291900e+00  3.929280e+00  3.506290e+00  
2.970860e+00  2.638210e+00  2.239630e+00  1.860380e+00  1.416440e+00  1.299820e+00  
1.262560e+00  1.262480e+00  1.246920e+00  1.242350e+00  1.247410e+00  1.253530e+00  
1.224671e+01  1.111214e+01  1.032531e+01  9.620580e+00  8.983730e+00  8.403700e+00  
7.875970e+00  7.395230e+00  6.956850e+00  6.555810e+00  6.186360e+00  5.841110e+00  
5.509800e+00  5.183670e+00  4.858000e+00  4.525180e+00  4.170410e+00  3.761480e+00  
3.230270e+00  2.868740e+00  2.386170e+00  1.911950e+00  1.423020e+00  1.307040e+00  
1.245350e+00  1.236950e+00  1.221160e+00  1.220120e+00  1.217320e+00  1.225860e+00  
1.215537e+01  1.107231e+01  1.035516e+01  9.708060e+00  9.120540e+00  8.583620e+00  
8.093790e+00  7.646720e+00  7.238660e+00  6.865390e+00  6.521930e+00  6.201610e+00  
5.894870e+00  5.593150e+00  5.291350e+00  4.980700e+00  4.643510e+00  4.239980e+00  
3.683990e+00  3.285020e+00  2.730270e+00  2.157810e+00  1.502880e+00  1.325720e+00  
1.218170e+00  1.205080e+00  1.185690e+00  1.183830e+00  1.180900e+00  1.185690e+00  
1.210010e+01  1.104873e+01  1.037273e+01  9.760990e+00  9.204240e+00  8.694920e+00  
8.230030e+00  7.805880e+00  7.419210e+00  7.066330e+00  6.742760e+00  6.442390e+00  
6.156170e+00  5.875820e+00  5.596110e+00  5.307630e+00  4.990720e+00  4.599910e+00  
4.038410e+00  3.623230e+00  3.032790e+00  2.397580e+00  1.600220e+00  1.365880e+00  
1.208030e+00  1.189130e+00  1.166810e+00  1.164210e+00  1.161310e+00  1.163930e+00  
1.199296e+01  1.099673e+01  1.038398e+01  9.824950e+00  9.312760e+00  8.841770e+00  
8.409990e+00  8.014910e+00  7.654400e+00  7.326030e+00  7.026830e+00  6.752690e+00  
6.497190e+00  6.253870e+00  6.016930e+00  5.774650e+00  5.500230e+00  5.128770e+00  
4.545410e+00  4.108270e+00  3.495680e+00  2.810800e+00  1.823460e+00  1.490560e+00  
1.201600e+00  1.168290e+00  1.150330e+00  1.146240e+00  1.131330e+00  1.140970e+00  
1.198774e+01  1.100042e+01  1.040569e+01  9.863470e+00  9.367900e+00  8.913970e+00  
8.499840e+00  8.123180e+00  7.782000e+00  7.474010e+00  7.196330e+00  6.944850e+00  
6.712960e+00  6.494200e+00  6.283540e+00  6.070300e+00  5.829010e+00  5.495610e+00  
4.948940e+00  4.520130e+00  3.891740e+00  3.151640e+00  2.006850e+00  1.600390e+00  
1.221020e+00  1.169880e+00  1.136650e+00  1.132170e+00  1.120560e+00  1.129080e+00  
1.198720e+01  1.101450e+01  1.043302e+01  9.900070e+00  9.411970e+00  8.965520e+00  
8.559240e+00  8.191180e+00  7.859800e+00  7.563580e+00  7.300860e+00  7.068580e+00  
6.860940e+00  6.669950e+00  6.484160e+00  6.285890e+00  6.050010e+00  5.733550e+00  
5.244800e+00  4.862890e+00  4.269880e+00  3.488760e+00  2.161500e+00  1.690530e+00  
1.239270e+00  1.175340e+00  1.131120e+00  1.126750e+00  1.118920e+00  1.121860e+00  
1.198283e+01  1.101763e+01  1.044507e+01  9.921160e+00  9.441740e+00  9.003320e+00  
8.604850e+00  8.245070e+00  7.923130e+00  7.637430e+00  7.385830e+00  7.165150e+00  
6.969840e+00  6.793290e+00  6.627170e+00  6.453060e+00  6.243360e+00  5.953760e+00  
5.486200e+00  5.111470e+00  4.532740e+00  3.766840e+00  2.342270e+00  1.787170e+00  
1.254890e+00  1.181040e+00  1.129170e+00  1.121630e+00  1.117640e+00  1.117030e+00  
1.197416e+01  1.102542e+01  1.046461e+01  9.951310e+00  9.481750e+00  9.053450e+00  
8.665740e+00  8.317760e+00  8.009170e+00  7.738530e+00  7.503740e+00  7.301450e+00  
7.125820e+00  6.970400e+00  6.828560e+00  6.684650e+00  6.513750e+00  6.272010e+00  
5.861680e+00  5.518710e+00  4.968300e+00  4.197920e+00  2.643750e+00  1.990160e+00  
1.299600e+00  1.195950e+00  1.125230e+00  1.119290e+00  1.108670e+00  1.110940e+00  
1.196972e+01  1.103225e+01  1.047817e+01  9.971480e+00  9.508560e+00  9.087230e+00  
8.706820e+00  8.366500e+00  8.065980e+00  7.804100e+00  7.579090e+00  7.388130e+00  
7.226030e+00  7.087090e+00  6.965390e+00  6.846110e+00  6.705110e+00  6.499080e+00  
6.132550e+00  5.817160e+00  5.299430e+00  4.547110e+00  2.915680e+00  2.173560e+00  
1.344040e+00  1.216030e+00  1.125230e+00  1.117280e+00  1.104230e+00  1.107200e+00  
1.195746e+01  1.104483e+01  1.050167e+01  1.000384e+01  9.549260e+00  9.136840e+00  
8.766110e+00  8.436590e+00  8.148210e+00  7.899610e+00  7.688540e+00  7.512690e+00  
7.369270e+00  7.254980e+00  7.165580e+00  7.088220e+00  7.001770e+00  6.867650e+00  
6.588970e+00  6.320580e+00  5.858130e+00  5.167260e+00  3.501680e+00  2.577230e+00  
1.448000e+00  1.272430e+00  1.131560e+00  1.116540e+00  1.101450e+00  1.102110e+00  
1.195347e+01  1.105511e+01  1.051129e+01  1.001640e+01  9.567180e+00  9.161520e+00  
8.798120e+00  8.475880e+00  8.194000e+00  7.951720e+00  7.747840e+00  7.580390e+00  
7.445340e+00  7.339780e+00  7.264290e+00  7.215920e+00  7.178860e+00  7.096750e+00  
6.866250e+00  6.637520e+00  6.241940e+00  5.604990e+00  3.912410e+00  2.938380e+00  
1.560070e+00  1.327700e+00  1.139900e+00  1.119410e+00  1.099760e+00  1.099540e+00  
1.189882e+01  1.106020e+01  1.052261e+01  1.003318e+01  9.589290e+00  9.189040e+00  
8.831210e+00  8.514910e+00  8.239510e+00  8.004460e+00  7.808900e+00  7.651280e+00  
7.528150e+00  7.437550e+00  7.381570e+00  7.359800e+00  7.361000e+00  7.337130e+00  
7.197150e+00  7.030180e+00  6.710550e+00  6.160550e+00  4.560280e+00  3.495660e+00  
1.766840e+00  1.447450e+00  1.161450e+00  1.127520e+00  1.097840e+00  1.096940e+00  
1.185255e+01  1.106245e+01  1.052756e+01  1.004081e+01  9.599490e+00  9.201960e+00  
8.847090e+00  8.534010e+00  8.262180e+00  8.031100e+00  7.840120e+00  7.687900e+00  
7.571140e+00  7.488470e+00  7.442790e+00  7.435360e+00  7.458000e+00  7.468860e+00  
7.386750e+00  7.261470e+00  6.996150e+00  6.515210e+00  5.025510e+00  3.927710e+00  
1.958670e+00  1.564090e+00  1.185050e+00  1.136940e+00  1.097810e+00  1.095650e+00  
1.179839e+01  1.105675e+01  1.053154e+01  1.004990e+01  9.610860e+00  9.214180e+00  
8.859470e+00  8.546690e+00  8.276020e+00  8.046910e+00  7.858360e+00  7.709480e+00  
7.599150e+00  7.526820e+00  7.492320e+00  7.489550e+00  7.508870e+00  7.532910e+00  
7.500870e+00  7.410360e+00  7.193780e+00  6.792320e+00  5.404270e+00  4.225850e+00  
2.137860e+00  1.691420e+00  1.209680e+00  1.137380e+00  1.103590e+00  1.094870e+00  
1.177407e+01  1.105734e+01  1.053370e+01  1.005337e+01  9.615480e+00  9.219920e+00  
8.866300e+00  8.554500e+00  8.284740e+00  8.056820e+00  7.870440e+00  7.724910e+00  
7.618370e+00  7.549780e+00  7.519330e+00  7.521730e+00  7.548540e+00  7.584520e+00  
7.586320e+00  7.530620e+00  7.347330e+00  6.955460e+00  5.646060e+00  4.571530e+00  
2.307340e+00  1.782430e+00  1.233740e+00  1.157650e+00  1.099840e+00  1.094360e+00  
1.174448e+01  1.105835e+01  1.053627e+01  1.005740e+01  9.621020e+00  9.226960e+00  
8.874900e+00  8.564840e+00  8.297030e+00  8.071370e+00  7.887540e+00  7.744920e+00  
7.641900e+00  7.577670e+00  7.553000e+00  7.563530e+00  7.602530e+00  7.657920e+00  
7.695310e+00  7.672270e+00  7.546000e+00  7.228780e+00  6.050090e+00  5.029830e+00  
2.622720e+00  1.982540e+00  1.282300e+00  1.178610e+00  1.104060e+00  1.093710e+00  
1.172579e+01  1.105907e+01  1.053801e+01  1.005992e+01  9.624330e+00  9.231230e+00  
8.880260e+00  8.571370e+00  8.304790e+00  8.080460e+00  7.898120e+00  7.757270e+00  
7.656410e+00  7.594880e+00  7.573800e+00  7.589330e+00  7.635820e+00  7.703330e+00  
7.763060e+00  7.761190e+00  7.675150e+00  7.414530e+00  6.341900e+00  5.377950e+00  
2.902230e+00  2.166200e+00  1.330230e+00  1.200490e+00  1.108930e+00  1.093320e+00  
1.169723e+01  1.106031e+01  1.054046e+01  1.006329e+01  9.628710e+00  9.236940e+00  
8.887560e+00  8.580350e+00  8.315400e+00  8.092740e+00  7.912340e+00  7.773890e+00  
7.676020e+00  7.618270e+00  7.602180e+00  7.624590e+00  7.681160e+00  7.765590e+00  
7.856660e+00  7.884740e+00  7.859810e+00  7.693480e+00  6.820350e+00  5.980980e+00  
3.481240e+00  2.571560e+00  1.446820e+00  1.257980e+00  1.122060e+00  1.092800e+00  
1.168081e+01  1.106066e+01  1.054149e+01  1.006490e+01  9.630930e+00  9.239860e+00  
8.891240e+00  8.584800e+00  8.320600e+00  8.098740e+00  7.919330e+00  7.782190e+00  
7.685940e+00  7.630220e+00  7.616750e+00  7.642720e+00  7.704500e+00  7.798070e+00  
7.905940e+00  7.949510e+00  7.957240e+00  7.847630e+00  7.118130e+00  6.376090e+00  
3.934620e+00  2.917120e+00  1.558710e+00  1.317320e+00  1.135390e+00  1.092540e+00  
1.166343e+01  1.106061e+01  1.054201e+01  1.006614e+01  9.632930e+00  9.242530e+00  
8.894610e+00  8.589080e+00  8.326110e+00  8.105460e+00  7.926690e+00  7.789650e+00  
7.694470e+00  7.641760e+00  7.632570e+00  7.662090e+00  7.726140e+00  7.826740e+00  
7.961980e+00  8.030160e+00  8.055450e+00  7.968750e+00  7.483410e+00  6.976700e+00  
4.565280e+00  3.418670e+00  1.770620e+00  1.452900e+00  1.163680e+00  1.092290e+00  
1.167449e+01  1.106723e+01  1.054122e+01  1.006239e+01  9.628880e+00  9.239480e+00  
8.893240e+00  8.589550e+00  8.328100e+00  8.108760e+00  7.931400e+00  7.795260e+00  
7.697940e+00  7.639420e+00  7.625510e+00  7.662490e+00  7.751610e+00  7.870550e+00  
7.989880e+00  8.047310e+00  8.097950e+00  8.090080e+00  7.697090e+00  7.171970e+00  
5.077350e+00  3.905430e+00  1.961400e+00  1.552550e+00  1.185680e+00  1.092160e+00  
1.166853e+01  1.106728e+01  1.054153e+01  1.006291e+01  9.629620e+00  9.240410e+00  
8.894360e+00  8.590870e+00  8.329610e+00  8.110520e+00  7.933440e+00  7.797660e+00  
7.700830e+00  7.642950e+00  7.629950e+00  7.668170e+00  7.759060e+00  7.880640e+00  
8.004950e+00  8.067830e+00  8.130160e+00  8.144280e+00  7.829950e+00  7.379280e+00  
5.433420e+00  4.250620e+00  2.151330e+00  1.665620e+00  1.209870e+00  1.092090e+00  
1.166447e+01  1.106735e+01  1.054184e+01  1.006330e+01  9.630130e+00  9.241040e+00  
8.895110e+00  8.591750e+00  8.330650e+00  8.111720e+00  7.934840e+00  7.799330e+00  
7.702820e+00  7.645370e+00  7.632930e+00  7.671940e+00  7.764020e+00  7.887400e+00  
8.015200e+00  8.081750e+00  8.151730e+00  8.180760e+00  7.923940e+00  7.528710e+00  
5.711740e+00  4.538130e+00  2.327910e+00  1.777510e+00  1.233660e+00  1.092040e+00  
1.163908e+01  1.106130e+01  1.054374e+01  1.006862e+01  9.636020e+00  9.246190e+00  
8.898840e+00  8.593920e+00  8.331720e+00  8.112220e+00  7.935360e+00  7.800930e+00  
7.708020e+00  7.656780e+00  7.649410e+00  7.683880e+00  7.758350e+00  7.873170e+00  
8.022820e+00  8.105730e+00  8.186190e+00  8.226140e+00  8.048650e+00  7.729430e+00  
6.124890e+00  4.995150e+00  2.644550e+00  1.996880e+00  1.281240e+00  1.091970e+00  
1.163722e+01  1.106137e+01  1.054334e+01  1.006827e+01  9.635970e+00  9.246550e+00  
8.899660e+00  8.595230e+00  8.333460e+00  8.114120e+00  7.936820e+00  7.801490e+00  
7.708260e+00  7.657980e+00  7.652390e+00  7.688030e+00  7.761940e+00  7.875950e+00  
8.030780e+00  8.121340e+00  8.207980e+00  8.241690e+00  8.101690e+00  7.909370e+00  
6.425560e+00  5.307690e+00  2.917980e+00  2.214960e+00  1.321180e+00  1.091920e+00  
