1.179250e+00  1.223410e+00  1.268250e+00  1.313910e+00  1.360270e+00  1.407150e+00  
1.454340e+00  1.501580e+00  1.548640e+00  1.595240e+00  1.641120e+00  1.686170e+00  
1.730550e+00  1.774270e+00  1.816580e+00  1.856490e+00  1.893050e+00  1.926240e+00  
1.955670e+00  1.968710e+00  1.982070e+00  1.994340e+00  2.013040e+00  2.019680e+00  
2.022940e+00  2.022810e+00  2.022720e+00  2.022730e+00  2.022460e+00  2.023400e+00  
1.575460e+00  1.627590e+00  1.680000e+00  1.732970e+00  1.786320e+00  1.839830e+00  
1.893230e+00  1.946220e+00  1.998500e+00  2.049800e+00  2.099880e+00  2.148690e+00  
2.196610e+00  2.243840e+00  2.289650e+00  2.333120e+00  2.373300e+00  2.410230e+00  
2.443310e+00  2.457670e+00  2.471190e+00  2.481850e+00  2.496060e+00  2.501510e+00  
2.507700e+00  2.507570e+00  2.504790e+00  2.503970e+00  2.504330e+00  2.508350e+00  
1.919840e+00  1.979020e+00  2.037810e+00  2.096680e+00  2.155340e+00  2.213490e+00  
2.270750e+00  2.326750e+00  2.381100e+00  2.433510e+00  2.483790e+00  2.532000e+00  
2.578880e+00  2.624970e+00  2.669700e+00  2.712310e+00  2.752240e+00  2.790270e+00  
2.826470e+00  2.842730e+00  2.856850e+00  2.866390e+00  2.878950e+00  2.883860e+00  
2.889040e+00  2.888920e+00  2.886680e+00  2.886020e+00  2.886390e+00  2.889610e+00  
2.494070e+00  2.572350e+00  2.645660e+00  2.714630e+00  2.778910e+00  2.838390e+00  
2.893390e+00  2.944880e+00  2.994350e+00  3.042040e+00  3.087950e+00  3.132150e+00  
3.175340e+00  3.217960e+00  3.259420e+00  3.298690e+00  3.334980e+00  3.369150e+00  
3.401810e+00  3.417180e+00  3.432200e+00  3.443850e+00  3.455700e+00  3.458590e+00  
3.460000e+00  3.460380e+00  3.461460e+00  3.461690e+00  3.461660e+00  3.460590e+00  
2.964150e+00  3.061810e+00  3.145650e+00  3.217930e+00  3.280940e+00  3.337590e+00  
3.388720e+00  3.435270e+00  3.478710e+00  3.519580e+00  3.558530e+00  3.595820e+00  
3.631330e+00  3.665030e+00  3.697070e+00  3.728380e+00  3.759710e+00  3.790020e+00  
3.818790e+00  3.833230e+00  3.848200e+00  3.860440e+00  3.871770e+00  3.873050e+00  
3.871550e+00  3.872380e+00  3.876110e+00  3.877150e+00  3.876610e+00  3.872010e+00  
3.365030e+00  3.469130e+00  3.560180e+00  3.639100e+00  3.705460e+00  3.759640e+00  
3.803160e+00  3.839290e+00  3.872440e+00  3.903630e+00  3.933090e+00  3.961010e+00  
3.988040e+00  4.014750e+00  4.040780e+00  4.065530e+00  4.088680e+00  4.111620e+00  
4.136190e+00  4.149430e+00  4.163850e+00  4.175830e+00  4.185910e+00  4.187480e+00  
4.182950e+00  4.183840e+00  4.189730e+00  4.191060e+00  4.190720e+00  4.183490e+00  
3.737820e+00  3.822080e+00  3.899720e+00  3.972130e+00  4.038420e+00  4.097710e+00  
4.149100e+00  4.191810e+00  4.225300e+00  4.249450e+00  4.265130e+00  4.274360e+00  
4.281430e+00  4.290400e+00  4.302020e+00  4.317040e+00  4.336360e+00  4.360940e+00  
4.390830e+00  4.405740e+00  4.415580e+00  4.418890e+00  4.429070e+00  4.432970e+00  
4.426500e+00  4.426900e+00  4.433650e+00  4.435300e+00  4.435090e+00  4.426650e+00  
4.292870e+00  4.403640e+00  4.496890e+00  4.574220e+00  4.634840e+00  4.678660e+00  
4.706750e+00  4.721730e+00  4.727490e+00  4.725870e+00  4.719070e+00  4.711050e+00  
4.708620e+00  4.716660e+00  4.731630e+00  4.742960e+00  4.742580e+00  4.740830e+00  
4.750040e+00  4.758610e+00  4.768080e+00  4.775640e+00  4.781780e+00  4.781150e+00  
4.776870e+00  4.777810e+00  4.783170e+00  4.784690e+00  4.783850e+00  4.777010e+00  
4.758360e+00  4.869370e+00  4.959130e+00  5.029880e+00  5.080900e+00  5.112370e+00  
5.125750e+00  5.124320e+00  5.112840e+00  5.093550e+00  5.069150e+00  5.044400e+00  
5.027010e+00  5.022460e+00  5.026550e+00  5.026890e+00  5.014150e+00  5.000810e+00  
5.000650e+00  5.004550e+00  5.008770e+00  5.011720e+00  5.014290e+00  5.013960e+00  
5.011640e+00  5.012120e+00  5.014950e+00  5.015760e+00  5.015280e+00  5.011690e+00  
5.621510e+00  5.733710e+00  5.810580e+00  5.856460e+00  5.872050e+00  5.860120e+00  
5.825980e+00  5.778610e+00  5.729070e+00  5.680190e+00  5.633050e+00  5.588620e+00  
5.547970e+00  5.511830e+00  5.479320e+00  5.447530e+00  5.414660e+00  5.385070e+00  
5.364110e+00  5.356380e+00  5.346550e+00  5.337020e+00  5.332070e+00  5.331860e+00  
5.336300e+00  5.335620e+00  5.330740e+00  5.329610e+00  5.329940e+00  5.336040e+00  
6.240820e+00  6.359510e+00  6.410920e+00  6.410310e+00  6.373140e+00  6.316960e+00  
6.248810e+00  6.175750e+00  6.105610e+00  6.037940e+00  5.969100e+00  5.898040e+00  
5.830800e+00  5.771830e+00  5.719710e+00  5.669340e+00  5.618100e+00  5.575080e+00  
5.540450e+00  5.518760e+00  5.495970e+00  5.479170e+00  5.467200e+00  5.466020e+00  
5.476080e+00  5.474590e+00  5.463740e+00  5.460800e+00  5.461970e+00  5.475520e+00  
7.149620e+00  7.175110e+00  7.155620e+00  7.101760e+00  7.016520e+00  6.905070e+00  
6.775490e+00  6.639580e+00  6.510290e+00  6.391360e+00  6.282940e+00  6.184010e+00  
6.093390e+00  6.009090e+00  5.930640e+00  5.856270e+00  5.784190e+00  5.714040e+00  
5.645670e+00  5.611760e+00  5.575890e+00  5.545850e+00  5.521190e+00  5.522070e+00  
5.532840e+00  5.530420e+00  5.515420e+00  5.511170e+00  5.513560e+00  5.532630e+00  
7.776250e+00  7.739370e+00  7.656150e+00  7.540630e+00  7.396800e+00  7.230800e+00  
7.051540e+00  6.871470e+00  6.703840e+00  6.552220e+00  6.416320e+00  6.293920e+00  
6.182470e+00  6.078740e+00  5.981760e+00  5.889140e+00  5.798520e+00  5.709500e+00  
5.622130e+00  5.578860e+00  5.533980e+00  5.497210e+00  5.465620e+00  5.464120e+00  
5.471600e+00  5.469190e+00  5.455770e+00  5.452010e+00  5.454100e+00  5.470900e+00  
8.254040e+00  8.158090e+00  8.016470e+00  7.845930e+00  7.651120e+00  7.438770e+00  
7.218140e+00  7.001660e+00  6.802730e+00  6.624420e+00  6.466010e+00  6.324310e+00  
6.195590e+00  6.075910e+00  5.963800e+00  5.856450e+00  5.751160e+00  5.647650e+00  
5.546470e+00  5.497090e+00  5.447320e+00  5.407780e+00  5.371790e+00  5.366730e+00  
5.367450e+00  5.365590e+00  5.357460e+00  5.355250e+00  5.356430e+00  5.366180e+00  
8.602490e+00  8.522910e+00  8.338360e+00  8.090550e+00  7.814750e+00  7.545030e+00  
7.290530e+00  7.056690e+00  6.849000e+00  6.663940e+00  6.492710e+00  6.329130e+00  
6.176560e+00  6.037420e+00  5.909730e+00  5.789090e+00  5.671650e+00  5.557860e+00  
5.448320e+00  5.395040e+00  5.342740e+00  5.302530e+00  5.263310e+00  5.253800e+00  
5.246880e+00  5.245820e+00  5.244440e+00  5.244160e+00  5.244170e+00  5.244960e+00  
9.167980e+00  9.018180e+00  8.743150e+00  8.399870e+00  8.037660e+00  7.701030e+00  
7.395610e+00  7.119290e+00  6.870360e+00  6.646270e+00  6.441250e+00  6.250420e+00  
6.072600e+00  5.908080e+00  5.755860e+00  5.615100e+00  5.482810e+00  5.349580e+00  
5.217610e+00  5.161030e+00  5.108120e+00  5.066960e+00  5.020790e+00  5.007810e+00  
4.986310e+00  4.986360e+00  4.996350e+00  4.999180e+00  4.997890e+00  4.984050e+00  
9.739410e+00  9.316320e+00  8.899000e+00  8.505800e+00  8.135210e+00  7.786410e+00  
7.458790e+00  7.151820e+00  6.865410e+00  6.600570e+00  6.356170e+00  6.130740e+00  
5.923220e+00  5.734230e+00  5.563730e+00  5.411500e+00  5.274420e+00  5.138180e+00  
4.990300e+00  4.916770e+00  4.854650e+00  4.816550e+00  4.769840e+00  4.750440e+00  
4.723980e+00  4.724970e+00  4.739000e+00  4.742790e+00  4.741450e+00  4.721740e+00  
1.040162e+01  9.815710e+00  9.254050e+00  8.734220e+00  8.253020e+00  7.807740e+00  
7.396080e+00  7.017140e+00  6.670210e+00  6.353650e+00  6.064860e+00  5.800490e+00  
5.556840e+00  5.332130e+00  5.127460e+00  4.941330e+00  4.770870e+00  4.603780e+00  
4.430220e+00  4.345260e+00  4.270120e+00  4.219680e+00  4.162450e+00  4.144500e+00  
4.127110e+00  4.126670e+00  4.130900e+00  4.132140e+00  4.131580e+00  4.124410e+00  
1.077734e+01  1.006948e+01  9.404850e+00  8.797150e+00  8.240660e+00  7.731490e+00  
7.266020e+00  6.841780e+00  6.457320e+00  6.109010e+00  5.792450e+00  5.502720e+00  
5.233740e+00  4.981830e+00  4.748310e+00  4.532680e+00  4.333490e+00  4.145090e+00  
3.963190e+00  3.875100e+00  3.787500e+00  3.718460e+00  3.654570e+00  3.644580e+00  
3.638350e+00  3.635260e+00  3.626690e+00  3.624470e+00  3.625450e+00  3.635600e+00  
1.124465e+01  1.033222e+01  9.510700e+00  8.778650e+00  8.122750e+00  7.534730e+00  
7.007820e+00  6.533500e+00  6.104760e+00  5.716490e+00  5.363340e+00  5.039820e+00  
4.739390e+00  4.457450e+00  4.193440e+00  3.946280e+00  3.713380e+00  3.495010e+00  
3.293270e+00  3.198610e+00  3.104310e+00  3.029680e+00  2.959860e+00  2.945200e+00  
2.937190e+00  2.934900e+00  2.928180e+00  2.926430e+00  2.927150e+00  2.934050e+00  
1.154568e+01  1.048446e+01  9.554900e+00  8.737980e+00  8.016370e+00  7.377390e+00  
6.812230e+00  6.309140e+00  5.857210e+00  5.449390e+00  5.079070e+00  4.739020e+00  
4.420460e+00  4.117720e+00  3.831520e+00  3.563930e+00  3.315590e+00  3.083260e+00  
2.867290e+00  2.766670e+00  2.670340e+00  2.597180e+00  2.524990e+00  2.506810e+00  
2.490050e+00  2.488660e+00  2.489620e+00  2.490010e+00  2.489680e+00  2.486670e+00  
1.175485e+01  1.059039e+01  9.590520e+00  8.718230e+00  7.954560e+00  7.283320e+00  
6.692980e+00  6.169540e+00  5.699690e+00  5.275300e+00  4.889630e+00  4.535340e+00  
4.203570e+00  3.888600e+00  3.590920e+00  3.312290e+00  3.053990e+00  2.812200e+00  
2.586310e+00  2.480760e+00  2.380450e+00  2.305040e+00  2.230980e+00  2.212480e+00  
2.194930e+00  2.193580e+00  2.195100e+00  2.195630e+00  2.195260e+00  2.191510e+00  
1.191373e+01  1.067599e+01  9.629040e+00  8.718870e+00  7.926350e+00  7.233300e+00  
6.625190e+00  6.086480e+00  5.602620e+00  5.165040e+00  4.766990e+00  4.401250e+00  
4.059240e+00  3.735370e+00  3.429820e+00  3.143840e+00  2.878390e+00  2.629870e+00  
2.396150e+00  2.286040e+00  2.180970e+00  2.101980e+00  2.026250e+00  2.007840e+00  
1.992200e+00  1.990620e+00  1.990290e+00  1.990390e+00  1.990140e+00  1.988690e+00  
1.214831e+01  1.081767e+01  9.716330e+00  8.762040e+00  7.935670e+00  7.217360e+00  
6.587830e+00  6.029250e+00  5.525900e+00  5.069250e+00  4.652850e+00  4.269910e+00  
3.912580e+00  3.575640e+00  3.258630e+00  2.961850e+00  2.684870e+00  2.424440e+00  
2.176420e+00  2.057920e+00  1.944230e+00  1.858600e+00  1.778060e+00  1.758910e+00  
1.744920e+00  1.742980e+00  1.740350e+00  1.739930e+00  1.739810e+00  1.741050e+00  
1.231866e+01  1.093636e+01  9.809490e+00  8.834760e+00  7.993040e+00  7.262680e+00  
6.622200e+00  6.052430e+00  5.537100e+00  5.068040e+00  4.639140e+00  4.244030e+00  
3.875430e+00  3.528350e+00  3.201930e+00  2.895740e+00  2.608360e+00  2.335460e+00  
2.072960e+00  1.946150e+00  1.824310e+00  1.732230e+00  1.644780e+00  1.623680e+00  
1.607940e+00  1.605870e+00  1.603340e+00  1.602950e+00  1.602810e+00  1.603620e+00  
1.259051e+01  1.115570e+01  1.001341e+01  9.026030e+00  8.176880e+00  7.436650e+00  
6.785230e+00  6.203500e+00  5.675670e+00  5.193560e+00  4.750960e+00  4.341150e+00  
3.956350e+00  3.591350e+00  3.245460e+00  2.918410e+00  2.607780e+00  2.305640e+00  
2.006540e+00  1.857640e+00  1.710260e+00  1.595010e+00  1.484920e+00  1.457650e+00  
1.435490e+00  1.432970e+00  1.431170e+00  1.430960e+00  1.430720e+00  1.430300e+00  
1.274293e+01  1.129840e+01  1.016609e+01  9.186460e+00  8.343630e+00  7.604490e+00  
6.951840e+00  6.368510e+00  5.840220e+00  5.358300e+00  4.915410e+00  4.503410e+00  
4.112560e+00  3.736630e+00  3.375910e+00  3.031670e+00  2.701620e+00  2.374660e+00  
2.040470e+00  1.868640e+00  1.690510e+00  1.545130e+00  1.408860e+00  1.375940e+00  
1.349550e+00  1.346260e+00  1.343270e+00  1.342870e+00  1.342610e+00  1.343610e+00  
1.289537e+01  1.145136e+01  1.035467e+01  9.412770e+00  8.599170e+00  7.882350e+00  
7.246080e+00  6.674030e+00  6.152330e+00  5.673220e+00  5.230450e+00  4.816950e+00  
4.424050e+00  4.045010e+00  3.676690e+00  3.314730e+00  2.952630e+00  2.579250e+00  
2.180050e+00  1.964670e+00  1.731920e+00  1.530140e+00  1.329730e+00  1.287460e+00  
1.261550e+00  1.257440e+00  1.248760e+00  1.246820e+00  1.247680e+00  1.253570e+00  
1.288278e+01  1.152005e+01  1.049926e+01  9.607950e+00  8.818460e+00  8.110180e+00  
7.474010e+00  6.900990e+00  6.383450e+00  5.913620e+00  5.483230e+00  5.082590e+00  
4.699400e+00  4.324190e+00  3.953320e+00  3.581780e+00  3.200680e+00  2.792780e+00  
2.336450e+00  2.082250e+00  1.804080e+00  1.558770e+00  1.296410e+00  1.235270e+00  
1.213480e+00  1.210870e+00  1.196640e+00  1.192810e+00  1.195570e+00  1.204020e+00  
1.289320e+01  1.155105e+01  1.057201e+01  9.716890e+00  8.955010e+00  8.268970e+00  
7.650690e+00  7.092050e+00  6.585970e+00  6.125270e+00  5.702110e+00  5.307140e+00  
4.928240e+00  4.555700e+00  4.185130e+00  3.810130e+00  3.419150e+00  2.989500e+00  
2.491750e+00  2.205980e+00  1.885420e+00  1.598260e+00  1.281900e+00  1.205350e+00  
1.182150e+00  1.180060e+00  1.162690e+00  1.157850e+00  1.161660e+00  1.170130e+00  
1.288737e+01  1.156423e+01  1.062334e+01  9.798630e+00  9.060970e+00  8.394620e+00  
7.792480e+00  7.246990e+00  6.751700e+00  6.299850e+00  5.884050e+00  5.495310e+00  
5.121740e+00  4.753520e+00  4.385650e+00  4.010530e+00  3.614290e+00  3.169290e+00  
2.638870e+00  2.326820e+00  1.969920e+00  1.644930e+00  1.278790e+00  1.187170e+00  
1.159730e+00  1.157840e+00  1.138620e+00  1.133160e+00  1.137620e+00  1.144920e+00  
1.284580e+01  1.156163e+01  1.068858e+01  9.915170e+00  9.219300e+00  8.586850e+00  
8.012350e+00  7.489360e+00  7.012480e+00  6.575930e+00  6.173260e+00  5.796400e+00  
5.434490e+00  5.077890e+00  4.720420e+00  4.352060e+00  3.953960e+00  3.487660e+00  
2.902250e+00  2.545150e+00  2.127760e+00  1.742430e+00  1.305410e+00  1.185560e+00  
1.116620e+00  1.115760e+00  1.114210e+00  1.109750e+00  1.097530e+00  1.109690e+00  
1.281186e+01  1.155590e+01  1.073125e+01  9.994810e+00  9.329880e+00  8.723400e+00  
8.170840e+00  7.666500e+00  7.205690e+00  6.783230e+00  6.393280e+00  6.028410e+00  
5.678380e+00  5.333740e+00  4.987660e+00  4.628710e+00  4.234850e+00  3.760150e+00  
3.141540e+00  2.752420e+00  2.286370e+00  1.845590e+00  1.333900e+00  1.188390e+00  
1.097890e+00  1.095150e+00  1.093830e+00  1.089250e+00  1.075090e+00  1.086210e+00  
1.275137e+01  1.154376e+01  1.079344e+01  1.011739e+01  9.503670e+00  8.941700e+00  
8.428050e+00  7.958210e+00  7.528450e+00  7.134550e+00  6.771610e+00  6.433190e+00  
6.110020e+00  5.793100e+00  5.474960e+00  5.142420e+00  4.768850e+00  4.296550e+00  
3.639210e+00  3.201390e+00  2.651130e+00  2.104390e+00  1.428890e+00  1.224580e+00  
1.076700e+00  1.066400e+00  1.062640e+00  1.058290e+00  1.042390e+00  1.052000e+00  
1.278436e+01  1.157569e+01  1.084513e+01  1.018873e+01  9.594980e+00  9.054400e+00  
8.563440e+00  8.117610e+00  7.713040e+00  7.345260e+00  7.008880e+00  6.696540e+00  
6.397290e+00  6.101130e+00  5.801550e+00  5.487360e+00  5.135760e+00  4.696000e+00  
4.068990e+00  3.619540e+00  3.002320e+00  2.346800e+00  1.507950e+00  1.257800e+00  
1.083940e+00  1.062900e+00  1.038690e+00  1.034980e+00  1.032830e+00  1.033560e+00  
1.268606e+01  1.153300e+01  1.087060e+01  1.027074e+01  9.724230e+00  9.224280e+00  
8.768370e+00  8.353340e+00  7.976470e+00  7.634630e+00  7.324030e+00  7.039260e+00  
6.772040e+00  6.514140e+00  6.258840e+00  5.993020e+00  5.687920e+00  5.275630e+00  
4.636570e+00  4.163500e+00  3.507590e+00  2.780390e+00  1.739870e+00  1.392370e+00  
1.083460e+00  1.045210e+00  1.022670e+00  1.018880e+00  1.006520e+00  1.014040e+00  
1.267335e+01  1.153469e+01  1.089657e+01  1.031821e+01  9.791900e+00  9.311580e+00  
8.875050e+00  8.479480e+00  8.122450e+00  7.801130e+00  7.512020e+00  7.250010e+00  
7.006970e+00  6.775000e+00  6.548210e+00  6.314650e+00  6.046780e+00  5.677060e+00  
5.077980e+00  4.613030e+00  3.937830e+00  3.147950e+00  1.934630e+00  1.508400e+00  
1.104880e+00  1.048310e+00  1.010160e+00  1.006130e+00  9.978300e-01  1.003750e+00  
1.266627e+01  1.153847e+01  1.091509e+01  1.035000e+01  9.836270e+00  9.368750e+00  
8.945200e+00  8.563060e+00  8.220060e+00  7.913590e+00  7.640320e+00  7.395290e+00  
7.170460e+00  6.958190e+00  6.753390e+00  6.545340e+00  6.308260e+00  5.976650e+00  
5.420260e+00  4.971460e+00  4.294360e+00  3.465870e+00  2.116590e+00  1.620110e+00  
1.130110e+00  1.056260e+00  1.002200e+00  9.975600e-01  9.931600e-01  9.974000e-01  
1.264391e+01  1.154027e+01  1.093545e+01  1.038360e+01  9.879360e+00  9.418800e+00  
9.000720e+00  8.623840e+00  8.287250e+00  7.988950e+00  7.726200e+00  7.494820e+00  
7.287790e+00  7.097340e+00  6.915300e+00  6.723990e+00  6.495450e+00  6.180940e+00  
5.671960e+00  5.262160e+00  4.628080e+00  3.796360e+00  2.292140e+00  1.716270e+00  
1.140740e+00  1.057920e+00  1.004920e+00  1.001090e+00  9.927300e-01  9.931100e-01  
1.264691e+01  1.155252e+01  1.095506e+01  1.041230e+01  9.919030e+00  9.471490e+00  
9.067700e+00  8.705720e+00  8.383900e+00  8.100410e+00  7.852820e+00  7.637370e+00  
7.447580e+00  7.277410e+00  7.123250e+00  6.975780e+00  6.809380e+00  6.553530e+00  
6.080390e+00  5.689100e+00  5.090300e+00  4.274100e+00  2.623470e+00  1.924200e+00  
1.184460e+00  1.076530e+00  1.003630e+00  9.964300e-01  9.892100e-01  9.876900e-01  
1.263401e+01  1.155622e+01  1.096867e+01  1.043468e+01  9.949300e+00  9.509550e+00  
9.113510e+00  8.759450e+00  8.446060e+00  8.171700e+00  7.934420e+00  7.730900e+00  
7.555320e+00  7.402480e+00  7.269700e+00  7.148930e+00  7.016030e+00  6.801280e+00  
6.378210e+00  6.016870e+00  5.450840e+00  4.647480e+00  2.909570e+00  2.121880e+00  
1.232010e+00  1.098180e+00  1.004220e+00  9.951600e-01  9.857200e-01  9.844000e-01  
1.259507e+01  1.155873e+01  1.099197e+01  1.047348e+01  1.000004e+01  9.569720e+00  
9.181740e+00  8.835760e+00  8.531830e+00  8.269160e+00  8.046680e+00  7.862500e+00  
7.712720e+00  7.593100e+00  7.499090e+00  7.417270e+00  7.324220e+00  7.174620e+00  
6.867230e+00  6.577390e+00  6.073090e+00  5.314030e+00  3.516720e+00  2.553140e+00  
1.349500e+00  1.159140e+00  1.011200e+00  9.956400e-01  9.814900e-01  9.800100e-01  
1.259056e+01  1.157319e+01  1.100359e+01  1.048561e+01  1.001557e+01  9.591130e+00  
9.210930e+00  8.873790e+00  8.578960e+00  8.325410e+00  8.111980e+00  7.936610e+00  
7.795040e+00  7.684150e+00  7.604430e+00  7.552550e+00  7.511680e+00  7.422240e+00  
7.172370e+00  6.921910e+00  6.484610e+00  5.785640e+00  3.965970e+00  2.926610e+00  
1.467560e+00  1.222640e+00  1.020490e+00  9.989100e-01  9.789200e-01  9.778200e-01  
1.252333e+01  1.158074e+01  1.101679e+01  1.050387e+01  1.003890e+01  9.619740e+00  
9.245180e+00  8.914250e+00  8.626310e+00  8.380600e+00  8.176300e+00  8.011740e+00  
7.883260e+00  7.788600e+00  7.729900e+00  7.706580e+00  7.706700e+00  7.679700e+00  
7.527830e+00  7.345680e+00  6.994490e+00  6.391550e+00  4.658060e+00  3.517170e+00  
1.688670e+00  1.351350e+00  1.043380e+00  1.006800e+00  9.776100e-01  9.755800e-01  
1.244480e+01  1.157704e+01  1.102358e+01  1.051705e+01  1.005582e+01  9.639000e+00  
9.265990e+00  8.936510e+00  8.650580e+00  8.407880e+00  8.207930e+00  8.049850e+00  
7.931590e+00  7.851260e+00  7.807980e+00  7.794180e+00  7.797640e+00  7.796380e+00  
7.725950e+00  7.603370e+00  7.311570e+00  6.773510e+00  5.161400e+00  3.976130e+00  
1.892170e+00  1.476070e+00  1.068330e+00  1.016620e+00  9.775200e-01  9.744300e-01  
1.240122e+01  1.157816e+01  1.102659e+01  1.052210e+01  1.006267e+01  9.647650e+00  
9.276560e+00  8.949300e+00  8.666100e+00  8.426400e+00  8.229180e+00  8.073550e+00  
7.958470e+00  7.883080e+00  7.847180e+00  7.844240e+00  7.863910e+00  7.887820e+00  
7.852050e+00  7.754670e+00  7.519400e+00  7.077870e+00  5.563310e+00  4.306240e+00  
2.081850e+00  1.606450e+00  1.094450e+00  1.018140e+00  9.848600e-01  9.737400e-01  
1.237002e+01  1.157898e+01  1.102906e+01  1.052573e+01  1.006743e+01  9.653600e+00  
9.283810e+00  8.957970e+00  8.676280e+00  8.438270e+00  8.243020e+00  8.089750e+00  
7.977580e+00  7.905970e+00  7.874970e+00  7.878520e+00  7.907440e+00  7.947110e+00  
7.942770e+00  7.872250e+00  7.674900e+00  7.280410e+00  5.862800e+00  4.625680e+00  
2.259340e+00  1.716700e+00  1.120700e+00  1.029710e+00  9.878100e-01  9.732800e-01  
1.232906e+01  1.157981e+01  1.103255e+01  1.053073e+01  1.007362e+01  9.661270e+00  
9.293140e+00  8.968950e+00  8.688700e+00  8.452400e+00  8.260000e+00  8.111040e+00  
8.003640e+00  7.936760e+00  7.911230e+00  7.922620e+00  7.963680e+00  8.021450e+00  
8.058860e+00  8.032760e+00  7.897270e+00  7.555880e+00  6.268470e+00  5.162790e+00  
2.600010e+00  1.916230e+00  1.171500e+00  1.060430e+00  9.855400e-01  9.727000e-01  
1.230324e+01  1.158007e+01  1.103440e+01  1.053352e+01  1.007719e+01  9.665700e+00  
9.298560e+00  8.975520e+00  8.696650e+00  8.461910e+00  8.271200e+00  8.124100e+00  
8.018950e+00  7.954940e+00  7.933270e+00  7.950010e+00  7.998980e+00  8.069690e+00  
8.131170e+00  8.127710e+00  8.035010e+00  7.755320e+00  6.588090e+00  5.540750e+00  
2.896580e+00  2.109110e+00  1.222650e+00  1.084320e+00  9.905800e-01  9.723600e-01  
1.226461e+01  1.158043e+01  1.103657e+01  1.053706e+01  1.008190e+01  9.671630e+00  
9.305840e+00  8.984370e+00  8.707350e+00  8.474730e+00  8.286330e+00  8.141750e+00  
8.039670e+00  7.979690e+00  7.963380e+00  7.987380e+00  8.047000e+00  8.135810e+00  
8.230940e+00  8.259400e+00  8.231270e+00  8.053450e+00  7.111600e+00  6.196890e+00  
3.510180e+00  2.535950e+00  1.347080e+00  1.147200e+00  1.003680e+00  9.719000e-01  
1.224384e+01  1.158075e+01  1.103750e+01  1.053869e+01  1.008434e+01  9.674760e+00  
9.309670e+00  8.988920e+00  8.712730e+00  8.481070e+00  8.293810e+00  8.150600e+00  
8.050210e+00  7.992340e+00  7.978780e+00  8.006500e+00  8.071670e+00  8.170160e+00  
8.283250e+00  8.328350e+00  8.334910e+00  8.217770e+00  7.435120e+00  6.625360e+00  
3.990180e+00  2.902020e+00  1.466510e+00  1.211980e+00  1.016760e+00  9.716700e-01  
1.222248e+01  1.158125e+01  1.103843e+01  1.054031e+01  1.008681e+01  9.678040e+00  
9.313650e+00  8.993580e+00  8.718090e+00  8.487250e+00  8.301060e+00  8.159280e+00  
8.060660e+00  8.004950e+00  7.994160e+00  8.025670e+00  8.096590e+00  8.205200e+00  
8.337120e+00  8.399420e+00  8.440970e+00  8.391550e+00  7.820850e+00  7.162590e+00  
4.703820e+00  3.490890e+00  1.689100e+00  1.340180e+00  1.042780e+00  9.714500e-01  
1.221152e+01  1.158144e+01  1.103865e+01  1.054098e+01  1.008783e+01  9.679350e+00  
9.315250e+00  8.995650e+00  8.720950e+00  8.491030e+00  8.305520e+00  8.164060e+00  
8.065960e+00  8.011330e+00  8.001790e+00  8.033700e+00  8.104830e+00  8.220560e+00  
8.377950e+00  8.454420e+00  8.481650e+00  8.412250e+00  8.080020e+00  7.652860e+00  
5.132400e+00  3.856060e+00  1.904380e+00  1.497890e+00  1.064810e+00  9.713300e-01  
1.222454e+01  1.158828e+01  1.103786e+01  1.053672e+01  1.008315e+01  9.675770e+00  
9.313610e+00  8.996060e+00  8.722770e+00  8.493680e+00  8.308630e+00  8.166860e+00  
8.065930e+00  8.005850e+00  7.992740e+00  8.033290e+00  8.129030e+00  8.257070e+00  
8.388100e+00  8.454030e+00  8.518440e+00  8.532000e+00  8.198830e+00  7.710170e+00  
5.591620e+00  4.326400e+00  2.098610e+00  1.585390e+00  1.092870e+00  9.712600e-01  
1.221897e+01  1.158813e+01  1.103796e+01  1.053705e+01  1.008366e+01  9.676430e+00  
9.314440e+00  8.997020e+00  8.723910e+00  8.494980e+00  8.310130e+00  8.168600e+00  
8.067980e+00  8.008320e+00  7.995810e+00  8.037220e+00  8.134230e+00  8.264280e+00  
8.399130e+00  8.468900e+00  8.541000e+00  8.569940e+00  8.299470e+00  7.872050e+00  
5.893660e+00  4.637040e+00  2.288320e+00  1.703310e+00  1.118060e+00  9.712100e-01  
1.219081e+01  1.158147e+01  1.103967e+01  1.054228e+01  1.008953e+01  9.681640e+00  
9.318280e+00  8.999330e+00  8.725030e+00  8.495410e+00  8.310520e+00  8.170200e+00  
8.073440e+00  8.020330e+00  8.013200e+00  8.049880e+00  8.128440e+00  8.249280e+00  
8.406690e+00  8.493830e+00  8.578140e+00  8.618970e+00  8.429820e+00  8.089890e+00  
6.344680e+00  5.132010e+00  2.627370e+00  1.938650e+00  1.168970e+00  9.711600e-01  
1.218750e+01  1.158173e+01  1.103977e+01  1.054240e+01  1.008970e+01  9.681850e+00  
9.318530e+00  8.999670e+00  8.725510e+00  8.496120e+00  8.311540e+00  8.171610e+00  
8.075280e+00  8.022600e+00  8.015890e+00  8.052980e+00  8.132120e+00  8.254550e+00  
8.415010e+00  8.504760e+00  8.596470e+00  8.650940e+00  8.510900e+00  8.226290e+00  
6.666440e+00  5.516070e+00  2.923540e+00  2.147730e+00  1.219020e+00  9.711400e-01  
