1.054120e+00  1.075250e+00  1.096450e+00  1.117770e+00  1.139230e+00  1.182570e+00  
1.226380e+00  1.270570e+00  1.315090e+00  1.359920e+00  1.405200e+00  1.450920e+00  
1.497110e+00  1.544070e+00  1.592500e+00  1.642560e+00  1.692350e+00  1.737550e+00  
1.773380e+00  1.798830e+00  1.818680e+00  1.831060e+00  1.846520e+00  1.860790e+00  
1.871840e+00  1.874080e+00  1.876880e+00  1.877140e+00  1.876660e+00  1.876470e+00  
1.876670e+00  1.877490e+00  1.425580e+00  1.449830e+00  1.474180e+00  1.498730e+00  
1.523540e+00  1.574010e+00  1.625500e+00  1.677870e+00  1.730950e+00  1.784550e+00  
1.838380e+00  1.892250e+00  1.945790e+00  1.998760e+00  2.051010e+00  2.102190e+00  
2.151290e+00  2.196980e+00  2.237830e+00  2.273350e+00  2.302080e+00  2.312840e+00  
2.322020e+00  2.328940e+00  2.340590e+00  2.345830e+00  2.350360e+00  2.349990e+00  
2.347690e+00  2.347080e+00  2.347120e+00  2.350460e+00  1.752540e+00  1.780610e+00  
1.808690e+00  1.836820e+00  1.865080e+00  1.922190e+00  1.979840e+00  2.037810e+00  
2.095840e+00  2.153610e+00  2.210790e+00  2.267090e+00  2.322230e+00  2.375990e+00  
2.428570e+00  2.479910e+00  2.529090e+00  2.574840e+00  2.615900e+00  2.652030e+00  
2.682050e+00  2.693690e+00  2.703580e+00  2.710620e+00  2.721020e+00  2.725390e+00  
2.729620e+00  2.729480e+00  2.727750e+00  2.727270e+00  2.727430e+00  2.729980e+00  
2.309300e+00  2.345450e+00  2.381180e+00  2.416200e+00  2.450670e+00  2.518450e+00  
2.584150e+00  2.647450e+00  2.708190e+00  2.766410e+00  2.822370e+00  2.875990e+00  
2.927290e+00  2.976520e+00  3.024810e+00  3.072890e+00  3.119590e+00  3.162630e+00  
3.199910e+00  3.232220e+00  3.260270e+00  3.272520e+00  3.285060e+00  3.295470e+00  
3.305410e+00  3.307740e+00  3.308440e+00  3.308820e+00  3.310210e+00  3.310520e+00  
3.310460e+00  3.308960e+00  2.766740e+00  2.812490e+00  2.857050e+00  2.899520e+00  
2.940090e+00  3.016550e+00  3.086010e+00  3.148420e+00  3.204460e+00  3.255740e+00  
3.304660e+00  3.351680e+00  3.396870e+00  3.440320e+00  3.482700e+00  3.524390e+00  
3.564340e+00  3.600650e+00  3.631840e+00  3.659660e+00  3.686200e+00  3.699120e+00  
3.712890e+00  3.724290e+00  3.734070e+00  3.735880e+00  3.733400e+00  3.734080e+00  
3.738180e+00  3.739090e+00  3.738950e+00  3.733830e+00  3.156710e+00  3.210630e+00  
3.262600e+00  3.311090e+00  3.356360e+00  3.438690e+00  3.509180e+00  3.568130e+00  
3.617080e+00  3.659280e+00  3.699170e+00  3.737760e+00  3.775150e+00  3.811320e+00  
3.846580e+00  3.880990e+00  3.913610e+00  3.942770e+00  3.967380e+00  3.990040e+00  
4.014060e+00  4.027030e+00  4.041340e+00  4.053270e+00  4.062630e+00  4.064010e+00  
4.059440e+00  4.060310e+00  4.066120e+00  4.067460e+00  4.067110e+00  4.060060e+00  
3.496000e+00  3.556400e+00  3.614130e+00  3.667110e+00  3.715650e+00  3.801400e+00  
3.870960e+00  3.925040e+00  3.965970e+00  3.998440e+00  4.028700e+00  4.058210e+00  
4.087120e+00  4.115370e+00  4.143010e+00  4.169910e+00  4.195220e+00  4.217390e+00  
4.235620e+00  4.253120e+00  4.274120e+00  4.286580e+00  4.300670e+00  4.312450e+00  
4.321160e+00  4.322220e+00  4.316620e+00  4.317560e+00  4.324130e+00  4.325630e+00  
4.325260e+00  4.317260e+00  4.063100e+00  4.131410e+00  4.195910e+00  4.253630e+00  
4.305020e+00  4.391630e+00  4.455460e+00  4.497860e+00  4.522480e+00  4.536120e+00  
4.547600e+00  4.559100e+00  4.570840e+00  4.582880e+00  4.595080e+00  4.607300e+00  
4.618840e+00  4.628310e+00  4.635210e+00  4.643310e+00  4.657710e+00  4.667920e+00  
4.679510e+00  4.688960e+00  4.695930e+00  4.696690e+00  4.691590e+00  4.692390e+00  
4.698140e+00  4.699460e+00  4.699250e+00  4.691650e+00  4.524770e+00  4.595910e+00  
4.662410e+00  4.720680e+00  4.771300e+00  4.853200e+00  4.908050e+00  4.937720e+00  
4.946750e+00  4.943260e+00  4.937580e+00  4.932350e+00  4.927870e+00  4.924490e+00  
4.922140e+00  4.920860e+00  4.920140e+00  4.918620e+00  4.915900e+00  4.915820e+00  
4.923430e+00  4.930460e+00  4.937920e+00  4.943450e+00  4.948290e+00  4.948990e+00  
4.946290e+00  4.946740e+00  4.949960e+00  4.950710e+00  4.950410e+00  4.946470e+00  
5.400630e+00  5.466870e+00  5.527200e+00  5.577100e+00  5.617500e+00  5.675210e+00  
5.700910e+00  5.697480e+00  5.670680e+00  5.630230e+00  5.588170e+00  5.547500e+00  
5.509060e+00  5.473410e+00  5.440960e+00  5.412070e+00  5.386480e+00  5.362810e+00  
5.340490e+00  5.322900e+00  5.314060e+00  5.312180e+00  5.307740e+00  5.302030e+00  
5.301100e+00  5.301790e+00  5.306560e+00  5.305990e+00  5.301480e+00  5.300430e+00  
5.300780e+00  5.306640e+00  6.028290e+00  6.099750e+00  6.159980e+00  6.200510e+00  
6.223930e+00  6.234860e+00  6.208600e+00  6.163170e+00  6.105620e+00  6.042780e+00  
5.982320e+00  5.923700e+00  5.863160e+00  5.799520e+00  5.738630e+00  5.685220e+00  
5.639020e+00  5.597370e+00  5.559410e+00  5.531570e+00  5.510580e+00  5.494840e+00  
5.477860e+00  5.465710e+00  5.458410e+00  5.458350e+00  5.469230e+00  5.467850e+00  
5.457110e+00  5.454160e+00  5.455570e+00  5.468990e+00  6.947890e+00  6.982220e+00  
7.005820e+00  7.010690e+00  6.999800e+00  6.946620e+00  6.859690e+00  6.754190e+00  
6.638540e+00  6.522170e+00  6.414860e+00  6.316140e+00  6.220170e+00  6.124060e+00  
6.033370e+00  5.951840e+00  5.878710e+00  5.810400e+00  5.745830e+00  5.693840e+00  
5.648840e+00  5.617420e+00  5.583610e+00  5.558510e+00  5.541280e+00  5.539680e+00  
5.555370e+00  5.553070e+00  5.536270e+00  5.531720e+00  5.533690e+00  5.554200e+00  
7.592640e+00  7.596780e+00  7.589480e+00  7.562330e+00  7.519030e+00  7.402750e+00  
7.256650e+00  7.097880e+00  6.935130e+00  6.777550e+00  6.634210e+00  6.504300e+00  
6.381660e+00  6.262340e+00  6.150560e+00  6.048710e+00  5.955740e+00  5.868000e+00  
5.784050e+00  5.711640e+00  5.645640e+00  5.604870e+00  5.562010e+00  5.529710e+00  
5.504760e+00  5.501000e+00  5.513520e+00  5.511190e+00  5.495680e+00  5.491470e+00  
5.492920e+00  5.511720e+00  8.080710e+00  8.062790e+00  8.031620e+00  7.977570e+00  
7.905380e+00  7.730300e+00  7.528490e+00  7.322350e+00  7.120190e+00  6.929170e+00  
6.756400e+00  6.600490e+00  6.455590e+00  6.317250e+00  6.188240e+00  6.070000e+00  
5.961300e+00  5.858640e+00  5.760010e+00  5.669950e+00  5.585640e+00  5.539790e+00  
5.493100e+00  5.457490e+00  5.426520e+00  5.420350e+00  5.424900e+00  5.423090e+00  
5.413330e+00  5.410740e+00  5.411680e+00  5.423580e+00  8.468120e+00  8.434400e+00  
8.384920e+00  8.308270e+00  8.210450e+00  7.981360e+00  7.727870e+00  7.479320e+00  
7.243350e+00  7.024210e+00  6.826450e+00  6.648190e+00  6.483830e+00  6.328820e+00  
6.184710e+00  6.052480e+00  5.930640e+00  5.815970e+00  5.705680e+00  5.600270e+00  
5.500080e+00  5.451630e+00  5.404030e+00  5.367340e+00  5.331530e+00  5.322970e+00  
5.317540e+00  5.316480e+00  5.314440e+00  5.313980e+00  5.314070e+00  5.315770e+00  
9.052660e+00  8.993550e+00  8.913880e+00  8.798880e+00  8.656940e+00  8.334420e+00  
7.992440e+00  7.672960e+00  7.381770e+00  7.117450e+00  6.878930e+00  6.663840e+00  
6.466610e+00  6.282910e+00  6.112610e+00  5.956470e+00  5.812650e+00  5.678210e+00  
5.549040e+00  5.419220e+00  5.294220e+00  5.242010e+00  5.193380e+00  5.155320e+00  
5.112060e+00  5.099720e+00  5.078400e+00  5.078560e+00  5.088890e+00  5.091900e+00  
5.090270e+00  5.075930e+00  9.641610e+00  9.441370e+00  9.241170e+00  9.041640e+00  
8.845640e+00  8.471900e+00  8.118660e+00  7.785280e+00  7.471310e+00  7.176370e+00  
6.900510e+00  6.644780e+00  6.408280e+00  6.189860e+00  5.988810e+00  5.805910e+00  
5.641190e+00  5.494490e+00  5.362630e+00  5.230890e+00  5.086590e+00  5.014960e+00  
4.956000e+00  4.921670e+00  4.877740e+00  4.858070e+00  4.831100e+00  4.832340e+00  
4.847370e+00  4.851390e+00  4.849850e+00  4.829100e+00  1.034400e+01  1.006250e+01  
9.783930e+00  9.510910e+00  9.246120e+00  8.746710e+00  8.282970e+00  7.852470e+00  
7.453340e+00  7.084860e+00  6.746490e+00  6.436880e+00  6.153800e+00  5.894350e+00  
5.655290e+00  5.435190e+00  5.235130e+00  5.053700e+00  4.887840e+00  4.724450e+00  
4.552830e+00  4.468450e+00  4.394630e+00  4.346070e+00  4.290490e+00  4.272410e+00  
4.254180e+00  4.253910e+00  4.259170e+00  4.260680e+00  4.259830e+00  4.251590e+00  
1.074020e+01  1.039710e+01  1.005970e+01  9.733180e+00  9.419510e+00  8.832270e+00  
8.292860e+00  7.797820e+00  7.344010e+00  6.929190e+00  6.552170e+00  6.209680e+00  
5.897700e+00  5.611750e+00  5.346190e+00  5.097620e+00  4.867400e+00  4.655110e+00  
4.459340e+00  4.274190e+00  4.094890e+00  4.007700e+00  3.920550e+00  3.851440e+00  
3.787330e+00  3.777370e+00  3.771420e+00  3.768400e+00  3.759880e+00  3.757680e+00  
3.758670e+00  3.768550e+00  1.120730e+01  1.076440e+01  1.033440e+01  9.927410e+00  
9.543100e+00  8.832800e+00  8.192340e+00  7.615010e+00  7.095500e+00  6.626910e+00  
6.203590e+00  5.820700e+00  5.472900e+00  5.154500e+00  4.858570e+00  4.580210e+00  
4.318960e+00  4.073940e+00  3.842780e+00  3.625770e+00  3.424850e+00  3.330130e+00  
3.234970e+00  3.159000e+00  3.088340e+00  3.073750e+00  3.065860e+00  3.063500e+00  
3.056520e+00  3.054720e+00  3.055360e+00  3.062990e+00  1.151920e+01  1.099250e+01  
1.048650e+01  1.001700e+01  9.580270e+00  8.782190e+00  8.075950e+00  7.449590e+00  
6.894610e+00  6.399740e+00  5.954460e+00  5.552060e+00  5.186270e+00  4.850160e+00  
4.535180e+00  4.235730e+00  3.952360e+00  3.686710e+00  3.439260e+00  3.207170e+00  
2.990970e+00  2.889970e+00  2.792800e+00  2.718540e+00  2.644950e+00  2.626370e+00  
2.609240e+00  2.607810e+00  2.608770e+00  2.609140e+00  2.608810e+00  2.605830e+00  
1.173250e+01  1.114740e+01  1.058920e+01  1.007840e+01  9.607970e+00  8.752640e+00  
8.004360e+00  7.346960e+00  6.768470e+00  6.254600e+00  5.791780e+00  5.372360e+00  
4.990230e+00  4.638720e+00  4.309710e+00  3.997810e+00  3.703080e+00  3.426410e+00  
3.168590e+00  2.926720e+00  2.700970e+00  2.595450e+00  2.494670e+00  2.418260e+00  
2.342390e+00  2.323320e+00  2.305220e+00  2.303820e+00  2.305360e+00  2.305910e+00  
2.305510e+00  2.301640e+00  1.189030e+01  1.126470e+01  1.067110e+01  1.013300e+01  
9.640620e+00  8.746440e+00  7.969010e+00  7.289880e+00  6.693920e+00  6.165050e+00  
5.688180e+00  5.255250e+00  4.860230e+00  4.496670e+00  4.156830e+00  3.835600e+00  
3.532690e+00  3.248620e+00  2.983920e+00  2.735780e+00  2.502830e+00  2.393090e+00  
2.287850e+00  2.207970e+00  2.130230e+00  2.111170e+00  2.094980e+00  2.093320e+00  
2.092940e+00  2.093040e+00  2.092780e+00  2.091190e+00  1.211090e+01  1.143510e+01  
1.079910e+01  1.023160e+01  9.717400e+00  8.783630e+00  7.974880e+00  7.269110e+00  
6.648340e+00  6.096550e+00  5.599260e+00  5.147270e+00  4.732640e+00  4.349140e+00  
3.992460e+00  3.659140e+00  3.347110e+00  3.053590e+00  2.776840e+00  2.516660e+00  
2.270760e+00  2.153120e+00  2.039600e+00  1.953220e+00  1.870510e+00  1.850960e+00  
1.836390e+00  1.834120e+00  1.831550e+00  1.831080e+00  1.831070e+00  1.832240e+00  
1.226500e+01  1.156650e+01  1.091160e+01  1.033150e+01  9.807850e+00  8.854020e+00  
8.028280e+00  7.307940e+00  6.673610e+00  6.108600e+00  5.598460e+00  5.134030e+00  
4.707380e+00  4.312320e+00  3.944800e+00  3.601480e+00  3.280010e+00  2.977260e+00  
2.690580e+00  2.418380e+00  2.158370e+00  2.032850e+00  1.911350e+00  1.818470e+00  
1.729090e+00  1.707640e+00  1.691330e+00  1.688930e+00  1.686510e+00  1.686110e+00  
1.686040e+00  1.686940e+00  1.250760e+01  1.178790e+01  1.111680e+01  1.052860e+01  
9.999880e+00  9.030300e+00  8.192610e+00  7.459800e+00  6.813330e+00  6.235510e+00  
5.711720e+00  5.233920e+00  4.795780e+00  4.390390e+00  4.009710e+00  3.648320e+00  
3.305610e+00  2.981400e+00  2.673430e+00  2.374040e+00  2.077690e+00  1.929980e+00  
1.783130e+00  1.667570e+00  1.555980e+00  1.528150e+00  1.505530e+00  1.502960e+00  
1.501150e+00  1.500950e+00  1.500680e+00  1.500310e+00  1.263890e+01  1.191160e+01  
1.123710e+01  1.065190e+01  1.012880e+01  9.166740e+00  8.335870e+00  7.605440e+00  
6.959280e+00  6.381300e+00  5.858060e+00  5.381110e+00  4.943190e+00  4.536150e+00  
4.150280e+00  3.779210e+00  3.423050e+00  3.082840e+00  2.756240e+00  2.432730e+00  
2.102140e+00  1.931800e+00  1.754480e+00  1.608930e+00  1.471370e+00  1.438000e+00  
1.411230e+00  1.407870e+00  1.404760e+00  1.404340e+00  1.404110e+00  1.404820e+00  
1.276750e+01  1.203140e+01  1.135540e+01  1.078110e+01  1.027580e+01  9.348820e+00  
8.548390e+00  7.843870e+00  7.218830e+00  6.656710e+00  6.143310e+00  5.671110e+00  
5.234200e+00  4.825880e+00  4.437910e+00  4.063860e+00  3.700760e+00  3.344460e+00  
2.988560e+00  2.621680e+00  2.228750e+00  2.015970e+00  1.784820e+00  1.583330e+00  
1.382140e+00  1.339570e+00  1.313240e+00  1.308960e+00  1.299980e+00  1.298050e+00  
1.299070e+00  1.304020e+00  1.280890e+01  1.207510e+01  1.140660e+01  1.084830e+01  
1.036330e+01  9.473100e+00  8.701940e+00  8.022680e+00  7.419170e+00  6.874920e+00  
6.375560e+00  5.913870e+00  5.484390e+00  5.080630e+00  4.694450e+00  4.319320e+00  
3.951970e+00  3.587660e+00  3.217760e+00  2.824730e+00  2.383630e+00  2.132970e+00  
1.849870e+00  1.596220e+00  1.339560e+00  1.286650e+00  1.260590e+00  1.255840e+00  
1.241860e+00  1.238560e+00  1.241060e+00  1.248290e+00  1.281410e+01  1.208610e+01  
1.142780e+01  1.088660e+01  1.042140e+01  9.564250e+00  8.819280e+00  8.162240e+00  
7.577570e+00  7.049090e+00  6.562510e+00  6.110970e+00  5.689330e+00  5.291480e+00  
4.909470e+00  4.536720e+00  4.169610e+00  3.802620e+00  3.425040e+00  3.014060e+00  
2.535800e+00  2.254160e+00  1.926160e+00  1.627280e+00  1.319330e+00  1.254880e+00  
1.226370e+00  1.221360e+00  1.204320e+00  1.200200e+00  1.203430e+00  1.210940e+00  
1.280300e+01  1.208210e+01  1.143480e+01  1.091050e+01  1.046380e+01  9.635040e+00  
8.913040e+00  8.275120e+00  7.706580e+00  7.191670e+00  6.716410e+00  6.274280e+00  
5.860440e+00  5.469060e+00  5.092430e+00  4.723930e+00  4.359540e+00  3.992940e+00  
3.611510e+00  3.187980e+00  2.680470e+00  2.373090e+00  2.006720e+00  1.667410e+00  
1.311920e+00  1.235370e+00  1.202120e+00  1.196790e+00  1.177880e+00  1.173260e+00  
1.177030e+00  1.183840e+00  1.276380e+01  1.205820e+01  1.143190e+01  1.093760e+01  
1.052250e+01  9.740040e+00  9.055760e+00  8.448870e+00  7.906340e+00  7.413540e+00  
6.957350e+00  6.531800e+00  6.132610e+00  5.754400e+00  5.389920e+00  5.032560e+00  
4.677500e+00  4.316860e+00  3.934690e+00  3.496180e+00  2.945270e+00  2.596730e+00  
2.166900e+00  1.758940e+00  1.322750e+00  1.221440e+00  1.165500e+00  1.159210e+00  
1.144320e+00  1.140670e+00  1.143060e+00  1.146480e+00  1.272050e+01  1.203000e+01  
1.142260e+01  1.095280e+01  1.056250e+01  9.816310e+00  9.161170e+00  8.577950e+00  
8.055130e+00  7.579360e+00  7.138590e+00  6.727320e+00  6.341530e+00  5.976150e+00  
5.624120e+00  5.278740e+00  4.934580e+00  4.582430e+00  4.203970e+00  3.759370e+00  
3.181320e+00  2.803310e+00  2.324170e+00  1.857740e+00  1.345430e+00  1.220970e+00  
1.145680e+00  1.137450e+00  1.122250e+00  1.118620e+00  1.120180e+00  1.121900e+00  
1.262610e+01  1.197140e+01  1.140290e+01  1.097680e+01  1.062880e+01  9.946130e+00  
9.339120e+00  8.793640e+00  8.301800e+00  7.854140e+00  7.442040e+00  7.060570e+00  
6.705370e+00  6.370560e+00  6.047710e+00  5.728590e+00  5.406650e+00  5.070610e+00  
4.701640e+00  4.264020e+00  3.676660e+00  3.264490e+00  2.698600e+00  2.109300e+00  
1.421900e+00  1.247650e+00  1.127350e+00  1.111530e+00  1.088850e+00  1.084300e+00  
1.085900e+00  1.086560e+00  1.256730e+01  1.193540e+01  1.139120e+01  1.099140e+01  
1.066890e+01  1.002610e+01  9.449800e+00  8.928860e+00  8.457460e+00  8.028450e+00  
7.635310e+00  7.273780e+00  6.939740e+00  6.627510e+00  6.328650e+00  6.034670e+00  
5.738110e+00  5.425700e+00  5.075900e+00  4.649370e+00  4.055470e+00  3.625360e+00  
3.018810e+00  2.359480e+00  1.524530e+00  1.294330e+00  1.118260e+00  1.095590e+00  
1.072000e+00  1.067910e+00  1.068180e+00  1.067700e+00  1.246870e+01  1.187280e+01  
1.136560e+01  1.100410e+01  1.071730e+01  1.012920e+01  9.592880e+00  9.101850e+00  
8.653730e+00  8.245510e+00  7.874610e+00  7.538070e+00  7.232250e+00  6.952030e+00  
6.689520e+00  6.436850e+00  6.187550e+00  5.928900e+00  5.632670e+00  5.231960e+00  
4.608610e+00  4.145700e+00  3.502090e+00  2.787070e+00  1.762190e+00  1.418960e+00  
1.115690e+00  1.078660e+00  1.056880e+00  1.052830e+00  1.039550e+00  1.048340e+00  
1.247060e+01  1.187950e+01  1.137930e+01  1.102770e+01  1.075200e+01  1.018240e+01  
9.663240e+00  9.189120e+00  8.757940e+00  8.367140e+00  8.014550e+00  7.697510e+00  
7.412660e+00  7.155130e+00  6.917140e+00  6.690520e+00  6.467470e+00  6.232440e+00  
5.959820e+00  5.602140e+00  5.049890e+00  4.615340e+00  3.958170e+00  3.161780e+00  
1.935030e+00  1.524540e+00  1.135330e+00  1.080990e+00  1.045770e+00  1.042480e+00  
1.034700e+00  1.037480e+00  1.245970e+01  1.187620e+01  1.138400e+01  1.104130e+01  
1.077420e+01  1.021930e+01  9.712990e+00  9.250750e+00  8.830780e+00  8.451000e+00  
8.109700e+00  7.804800e+00  7.533670e+00  7.292470e+00  7.074790e+00  6.873060e+00  
6.678150e+00  6.470730e+00  6.221820e+00  5.884470e+00  5.354670e+00  4.939000e+00  
4.310570e+00  3.512330e+00  2.130510e+00  1.623540e+00  1.150040e+00  1.086090e+00  
1.042410e+00  1.036040e+00  1.032690e+00  1.031270e+00  1.244780e+01  1.187330e+01  
1.138930e+01  1.105360e+01  1.079250e+01  1.024710e+01  9.748680e+00  9.293950e+00  
8.881670e+00  8.510350e+00  8.178770e+00  7.884670e+00  7.625030e+00  7.396010e+00  
7.192150e+00  7.006720e+00  6.830870e+00  6.645270e+00  6.421210e+00  6.113330e+00  
5.617870e+00  5.219240e+00  4.601370e+00  3.785640e+00  2.300300e+00  1.733310e+00  
1.175480e+00  1.095270e+00  1.038210e+00  1.032770e+00  1.023990e+00  1.027220e+00  
1.245460e+01  1.188380e+01  1.140340e+01  1.107110e+01  1.081360e+01  1.027780e+01  
9.790550e+00  9.348480e+00  8.949700e+00  8.592250e+00  8.274460e+00  7.994590e+00  
7.750230e+00  7.537710e+00  7.350630e+00  7.183070e+00  7.031670e+00  6.887390e+00  
6.725350e+00  6.476760e+00  6.016820e+00  5.636140e+00  5.052680e+00  4.254150e+00  
2.629530e+00  1.940850e+00  1.215500e+00  1.109550e+00  1.037520e+00  1.030100e+00  
1.022770e+00  1.021620e+00  1.244450e+01  1.188210e+01  1.140890e+01  1.108180e+01  
1.082850e+01  1.030080e+01  9.821140e+00  9.386530e+00  8.995160e+00  8.645370e+00  
8.335750e+00  8.064780e+00  7.830460e+00  7.629580e+00  7.456380e+00  7.305740e+00  
7.175140e+00  7.056800e+00  6.927250e+00  6.718300e+00  6.306660e+00  5.955300e+00  
5.404840e+00  4.620340e+00  2.911110e+00  2.135760e+00  1.262060e+00  1.130480e+00  
1.038070e+00  1.028840e+00  1.019370e+00  1.018340e+00  1.240650e+01  1.186800e+01  
1.141430e+01  1.109950e+01  1.085420e+01  1.033990e+01  9.869690e+00  9.443450e+00  
9.060350e+00  8.719460e+00  8.420390e+00  8.161950e+00  7.942790e+00  7.760820e+00  
7.612460e+00  7.493660e+00  7.400020e+00  7.318300e+00  7.226440e+00  7.083140e+00  
6.786920e+00  6.502200e+00  6.007910e+00  5.269880e+00  3.517270e+00  2.554970e+00  
1.375390e+00  1.192250e+00  1.044830e+00  1.029660e+00  1.014040e+00  1.013920e+00  
1.240300e+01  1.187320e+01  1.142470e+01  1.110970e+01  1.086240e+01  1.035080e+01  
9.886610e+00  9.467360e+00  9.091770e+00  8.758650e+00  8.467340e+00  8.216760e+00  
8.005800e+00  7.832430e+00  7.692430e+00  7.582770e+00  7.503960e+00  7.452780e+00  
7.412700e+00  7.325140e+00  7.080910e+00  6.837130e+00  6.412860e+00  5.732880e+00  
3.949970e+00  2.929020e+00  1.492900e+00  1.251740e+00  1.053910e+00  1.032570e+00  
1.012540e+00  1.011780e+00  1.233920e+01  1.185060e+01  1.143060e+01  1.112320e+01  
1.087420e+01  1.036800e+01  9.909060e+00  9.495270e+00  9.125440e+00  8.798600e+00  
8.514180e+00  8.271410e+00  8.069470e+00  7.906730e+00  7.779590e+00  7.685880e+00  
7.627670e+00  7.604450e+00  7.604460e+00  7.577820e+00  7.428910e+00  7.251190e+00  
6.909860e+00  6.323450e+00  4.629480e+00  3.510270e+00  1.709870e+00  1.377880e+00  
1.076530e+00  1.040710e+00  1.011200e+00  1.009400e+00  1.228410e+01  1.182980e+01  
1.143310e+01  1.113130e+01  1.087980e+01  1.037630e+01  9.920040e+00  9.509110e+00  
9.142350e+00  8.818870e+00  8.538100e+00  8.299470e+00  8.102330e+00  7.945200e+00  
7.824770e+00  7.739360e+00  7.691980e+00  7.683810e+00  7.706310e+00  7.715950e+00  
7.627780e+00  7.494650e+00  7.212770e+00  6.701190e+00  5.118850e+00  3.962620e+00  
1.910790e+00  1.499820e+00  1.101130e+00  1.050260e+00  1.011630e+00  1.008300e+00  
1.222190e+01  1.180050e+01  1.142760e+01  1.113470e+01  1.088450e+01  1.038640e+01  
9.932410e+00  9.522460e+00  9.155940e+00  8.832610e+00  8.552430e+00  8.315200e+00  
8.120640e+00  7.967970e+00  7.855210e+00  7.780860e+00  7.744690e+00  7.740390e+00  
7.757790e+00  7.778410e+00  7.749220e+00  7.663850e+00  7.430150e+00  6.965950e+00  
5.487150e+00  4.331960e+00  2.097460e+00  1.616060e+00  1.126420e+00  1.061010e+00  
1.012570e+00  1.007690e+00  1.219320e+01  1.178910e+01  1.142810e+01  1.113810e+01  
1.088660e+01  1.038980e+01  9.936990e+00  9.528260e+00  9.163060e+00  8.841120e+00  
8.562430e+00  8.326890e+00  8.134320e+00  7.984070e+00  7.874220e+00  7.803420e+00  
7.771920e+00  7.774280e+00  7.801630e+00  7.837760e+00  7.836900e+00  7.776900e+00  
7.583860e+00  7.169950e+00  5.774380e+00  4.639640e+00  2.275710e+00  1.726710e+00  
1.151860e+00  1.071690e+00  1.014340e+00  1.007200e+00  1.215700e+01  1.177510e+01  
1.142910e+01  1.114260e+01  1.088940e+01  1.039410e+01  9.942800e+00  9.535620e+00  
9.172120e+00  8.852060e+00  8.575410e+00  8.342170e+00  8.152200e+00  8.005020e+00  
7.898810e+00  7.832620e+00  7.807220e+00  7.818190e+00  7.858350e+00  7.914880e+00  
7.951480e+00  7.925910e+00  7.792740e+00  7.458410e+00  6.204520e+00  5.124100e+00  
2.605370e+00  1.934260e+00  1.202630e+00  1.093810e+00  1.018890e+00  1.006350e+00  
1.213420e+01  1.176610e+01  1.142960e+01  1.114530e+01  1.089110e+01  1.039670e+01  
9.946250e+00  9.540060e+00  9.177640e+00  8.858750e+00  8.583410e+00  8.351610e+00  
8.163260e+00  8.017930e+00  7.913960e+00  7.850600e+00  7.829010e+00  7.845260e+00  
7.893290e+00  7.962630e+00  8.022890e+00  8.019450e+00  7.928120e+00  7.653690e+00  
6.515680e+00  5.493350e+00  2.897140e+00  2.124570e+00  1.252780e+00  1.117010e+00  
1.024000e+00  1.006350e+00  1.209990e+01  1.175270e+01  1.143020e+01  1.114910e+01  
1.089310e+01  1.040010e+01  9.950920e+00  9.546050e+00  9.185050e+00  8.867720e+00  
8.594170e+00  8.364390e+00  8.178240e+00  8.035410e+00  7.934500e+00  7.875110e+00  
7.858780e+00  7.882220e+00  7.940840e+00  8.028120e+00  8.121560e+00  8.149400e+00  
8.121430e+00  7.946200e+00  7.025340e+00  6.133800e+00  3.501030e+00  2.545350e+00  
1.374780e+00  1.178180e+00  1.037190e+00  1.005860e+00  1.208050e+01  1.174500e+01  
1.143050e+01  1.115120e+01  1.089420e+01  1.040180e+01  9.953370e+00  9.549170e+00  
9.188840e+00  8.872220e+00  8.599480e+00  8.370650e+00  8.185640e+00  8.044160e+00  
7.944920e+00  7.887630e+00  7.874050e+00  7.901190e+00  7.965280e+00  8.062170e+00  
8.173330e+00  8.217570e+00  8.223710e+00  8.107830e+00  7.340910e+00  6.552450e+00  
3.973640e+00  2.905490e+00  1.491930e+00  1.241330e+00  1.050410e+00  1.005580e+00  
1.205990e+01  1.173690e+01  1.143080e+01  1.115330e+01  1.089520e+01  1.040360e+01  
9.955900e+00  9.552360e+00  9.192620e+00  8.876640e+00  8.604640e+00  8.376690e+00  
8.192830e+00  8.052760e+00  7.955270e+00  7.900120e+00  7.889310e+00  7.920210e+00  
7.989990e+00  8.096890e+00  8.226720e+00  8.287950e+00  8.328600e+00  8.279220e+00  
7.718230e+00  7.077480e+00  4.675780e+00  3.484380e+00  1.710430e+00  1.366600e+00  
1.076510e+00  1.005460e+00  1.207060e+01  1.174630e+01  1.143780e+01  1.115630e+01  
1.089420e+01  1.039930e+01  9.951390e+00  9.549050e+00  9.191350e+00  8.877650e+00  
8.607640e+00  8.381190e+00  8.198140e+00  8.057720e+00  7.957490e+00  7.897360e+00  
7.883370e+00  7.921920e+00  8.014370e+00  8.137660e+00  8.261240e+00  8.320410e+00  
8.371930e+00  8.362290e+00  7.949290e+00  7.392550e+00  5.169890e+00  3.940030e+00  
1.912480e+00  1.489240e+00  1.101200e+00  1.005310e+00  1.206350e+01  1.174330e+01  
1.143770e+01  1.115690e+01  1.089450e+01  1.040000e+01  9.952240e+00  9.550120e+00  
9.192620e+00  8.879120e+00  8.609310e+00  8.383090e+00  8.200310e+00  8.060260e+00  
7.960490e+00  7.901010e+00  7.887930e+00  7.927790e+00  8.022120e+00  8.148240e+00  
8.277190e+00  8.342080e+00  8.405570e+00  8.418580e+00  8.088720e+00  7.611170e+00  
5.545890e+00  4.304020e+00  2.112520e+00  1.607380e+00  1.125920e+00  1.005250e+00  
1.205840e+01  1.174130e+01  1.143780e+01  1.115740e+01  1.089470e+01  1.040030e+01  
9.952810e+00  9.550820e+00  9.193470e+00  8.880120e+00  8.610450e+00  8.384400e+00  
8.201830e+00  8.062010e+00  7.962560e+00  7.903520e+00  7.891020e+00  7.931720e+00  
8.027280e+00  8.155340e+00  8.287990e+00  8.356720e+00  8.428110e+00  8.456570e+00  
8.187280e+00  7.768890e+00  5.840980e+00  4.608110e+00  2.298360e+00  1.723510e+00  
1.150760e+00  1.005190e+00  1.203110e+01  1.172570e+01  1.143140e+01  1.115650e+01  
1.089660e+01  1.040570e+01  9.958680e+00  9.556010e+00  9.197300e+00  8.882440e+00  
8.611610e+00  8.384860e+00  8.202250e+00  8.063600e+00  7.967950e+00  7.915400e+00  
7.908190e+00  7.944220e+00  8.021540e+00  8.140620e+00  8.295740e+00  8.381480e+00  
8.464510e+00  8.504760e+00  8.316660e+00  7.981680e+00  6.280700e+00  5.092110e+00  
2.630890e+00  1.953860e+00  1.200440e+00  1.005130e+00  1.202720e+01  1.172420e+01  
1.143160e+01  1.115710e+01  1.089700e+01  1.040600e+01  9.958910e+00  9.556250e+00  
9.197620e+00  8.882860e+00  8.612130e+00  8.385560e+00  8.203220e+00  8.064980e+00  
7.969790e+00  7.917650e+00  7.910850e+00  7.947270e+00  8.025190e+00  8.145830e+00  
8.303910e+00  8.392330e+00  8.482780e+00  8.536160e+00  8.396730e+00  8.118070e+00  
6.594520e+00  5.466930e+00  2.921700e+00  2.159300e+00  1.250120e+00  1.005120e+00  