7.061300e-01  7.213850e-01  7.367300e-01  7.522420e-01  7.679400e-01  7.999300e-01  
8.328000e-01  8.666900e-01  9.018700e-01  9.387800e-01  9.780600e-01  1.020110e+00  
1.065380e+00  1.114470e+00  1.168210e+00  1.226440e+00  1.285780e+00  1.337540e+00  
1.372990e+00  1.395270e+00  1.409660e+00  1.414740e+00  1.422390e+00  1.429350e+00  
1.425460e+00  1.423780e+00  1.423980e+00  1.424020e+00  1.423750e+00  1.423800e+00  
1.423670e+00  1.423740e+00  1.000850e+00  1.018600e+00  1.036590e+00  1.055030e+00  
1.073960e+00  1.113350e+00  1.154890e+00  1.198720e+00  1.244960e+00  1.293720e+00  
1.345070e+00  1.399050e+00  1.455530e+00  1.514230e+00  1.574550e+00  1.635540e+00  
1.695740e+00  1.752660e+00  1.801930e+00  1.835690e+00  1.844270e+00  1.840180e+00  
1.840950e+00  1.847580e+00  1.848430e+00  1.846430e+00  1.847180e+00  1.847640e+00  
1.847500e+00  1.847350e+00  1.847680e+00  1.847430e+00  1.262410e+00  1.285130e+00  
1.308070e+00  1.331400e+00  1.355200e+00  1.404270e+00  1.455320e+00  1.508400e+00  
1.563470e+00  1.620490e+00  1.679390e+00  1.739980e+00  1.801960e+00  1.864860e+00  
1.927980e+00  1.990320e+00  2.050430e+00  2.106260e+00  2.155150e+00  2.194310e+00  
2.216600e+00  2.215690e+00  2.202020e+00  2.184700e+00  2.200420e+00  2.218170e+00  
2.212310e+00  2.208400e+00  2.208900e+00  2.209830e+00  2.207500e+00  2.209080e+00  
1.739810e+00  1.770160e+00  1.800570e+00  1.831110e+00  1.861870e+00  1.924310e+00  
1.987790e+00  2.052100e+00  2.117030e+00  2.182350e+00  2.247780e+00  2.313150e+00  
2.378300e+00  2.443230e+00  2.508400e+00  2.573590e+00  2.636430e+00  2.692190e+00  
2.735400e+00  2.763210e+00  2.776760e+00  2.781280e+00  2.786710e+00  2.792280e+00  
2.797270e+00  2.797520e+00  2.796160e+00  2.795930e+00  2.796060e+00  2.796140e+00  
2.796090e+00  2.796090e+00  2.144630e+00  2.184560e+00  2.224060e+00  2.262800e+00  
2.300930e+00  2.375880e+00  2.448580e+00  2.518860e+00  2.586820e+00  2.653060e+00  
2.718520e+00  2.783210e+00  2.846930e+00  2.909410e+00  2.970770e+00  3.030640e+00  
3.087030e+00  3.136540e+00  3.175720e+00  3.204320e+00  3.222290e+00  3.228090e+00  
3.236970e+00  3.247460e+00  3.255130e+00  3.255550e+00  3.252480e+00  3.251980e+00  
3.252350e+00  3.252370e+00  3.252480e+00  3.252410e+00  2.499450e+00  2.548310e+00  
2.596140e+00  2.642160e+00  2.686530e+00  2.771190e+00  2.849640e+00  2.921850e+00  
2.988510e+00  3.051390e+00  3.113070e+00  3.173870e+00  3.233500e+00  3.291280e+00  
3.346660e+00  3.398940e+00  3.447070e+00  3.490090e+00  3.526820e+00  3.556080e+00  
3.576600e+00  3.584610e+00  3.596290e+00  3.609800e+00  3.621070e+00  3.620990e+00  
3.617080e+00  3.616370e+00  3.616780e+00  3.617010e+00  3.616890e+00  3.616960e+00  
2.835010e+00  2.880680e+00  2.925830e+00  2.970080e+00  3.013650e+00  3.099360e+00  
3.182180e+00  3.261290e+00  3.335820e+00  3.404870e+00  3.467660e+00  3.523650e+00  
3.572960e+00  3.616370e+00  3.656450e+00  3.695490e+00  3.733160e+00  3.768950e+00  
3.802540e+00  3.834920e+00  3.866510e+00  3.881050e+00  3.893740e+00  3.902690e+00  
3.915760e+00  3.918990e+00  3.913710e+00  3.912550e+00  3.913190e+00  3.913290e+00  
3.913670e+00  3.913460e+00  3.356110e+00  3.423820e+00  3.488800e+00  3.548920e+00  
3.604430e+00  3.703430e+00  3.785180e+00  3.850300e+00  3.901290e+00  3.943320e+00  
3.983370e+00  4.022930e+00  4.061740e+00  4.099140e+00  4.134140e+00  4.165990e+00  
4.194660e+00  4.221080e+00  4.246510e+00  4.272020e+00  4.299190e+00  4.314230e+00  
4.331830e+00  4.347930e+00  4.362140e+00  4.363690e+00  4.360200e+00  4.359600e+00  
4.360170e+00  4.360190e+00  4.360380e+00  4.360340e+00  3.810160e+00  3.883570e+00  
3.953370e+00  4.016750e+00  4.074080e+00  4.173030e+00  4.249610e+00  4.304890e+00  
4.342260e+00  4.368400e+00  4.392080e+00  4.415360e+00  4.438300e+00  4.460690e+00  
4.482080e+00  4.502300e+00  4.521440e+00  4.540150e+00  4.559590e+00  4.582040e+00  
4.610430e+00  4.627150e+00  4.644750e+00  4.659160e+00  4.673700e+00  4.676210e+00  
4.675070e+00  4.674800e+00  4.675260e+00  4.675280e+00  4.675430e+00  4.675420e+00  
4.697550e+00  4.771910e+00  4.841170e+00  4.901390e+00  4.953200e+00  5.035600e+00  
5.088300e+00  5.113360e+00  5.115730e+00  5.104220e+00  5.090090e+00  5.076290e+00  
5.063720e+00  5.053350e+00  5.046310e+00  5.043630e+00  5.045010e+00  5.048740e+00  
5.054240e+00  5.066470e+00  5.091060e+00  5.106750e+00  5.118740e+00  5.124410e+00  
5.135340e+00  5.139790e+00  5.146000e+00  5.146820e+00  5.146860e+00  5.146870e+00  
5.146850e+00  5.146920e+00  5.362610e+00  5.427930e+00  5.487330e+00  5.536250e+00  
5.575600e+00  5.630970e+00  5.654140e+00  5.648000e+00  5.618400e+00  5.575190e+00  
5.530470e+00  5.487720e+00  5.448270e+00  5.413550e+00  5.385520e+00  5.365540e+00  
5.352690e+00  5.343270e+00  5.335190e+00  5.335070e+00  5.350110e+00  5.360810e+00  
5.364140e+00  5.359650e+00  5.363950e+00  5.369200e+00  5.382120e+00  5.383980e+00  
5.383550e+00  5.383560e+00  5.383370e+00  5.383500e+00  6.308890e+00  6.367910e+00  
6.414890e+00  6.440820e+00  6.448670e+00  6.427570e+00  6.369900e+00  6.295950e+00  
6.213670e+00  6.130600e+00  6.054440e+00  5.983570e+00  5.911090e+00  5.835670e+00  
5.768990e+00  5.719500e+00  5.684210e+00  5.652510e+00  5.617610e+00  5.593720e+00  
5.587880e+00  5.582480e+00  5.567840e+00  5.548810e+00  5.539520e+00  5.543450e+00  
5.563520e+00  5.566610e+00  5.565660e+00  5.565210e+00  5.565230e+00  5.565290e+00  
7.005250e+00  7.030120e+00  7.044050e+00  7.038920e+00  7.017860e+00  6.944600e+00  
6.839410e+00  6.719020e+00  6.591880e+00  6.467060e+00  6.353900e+00  6.251630e+00  
6.154350e+00  6.059460e+00  5.974180e+00  5.903160e+00  5.844340e+00  5.790510e+00  
5.736940e+00  5.692580e+00  5.661640e+00  5.644530e+00  5.618770e+00  5.591190e+00  
5.572450e+00  5.573860e+00  5.592050e+00  5.594920e+00  5.593810e+00  5.593340e+00  
5.593320e+00  5.593400e+00  7.540710e+00  7.539430e+00  7.527260e+00  7.496180e+00  
7.449680e+00  7.328200e+00  7.178390e+00  7.017040e+00  6.852640e+00  6.694130e+00  
6.550920e+00  6.422750e+00  6.304970e+00  6.194140e+00  6.093100e+00  6.003370e+00  
5.923990e+00  5.851480e+00  5.783230e+00  5.722090e+00  5.669000e+00  5.642280e+00  
5.610200e+00  5.580280e+00  5.556120e+00  5.554220e+00  5.564500e+00  5.566190e+00  
5.565230e+00  5.564870e+00  5.564850e+00  5.564910e+00  7.970830e+00  7.951020e+00  
7.919320e+00  7.867060e+00  7.798360e+00  7.632380e+00  7.440380e+00  7.242110e+00  
7.045850e+00  6.859280e+00  6.690800e+00  6.540490e+00  6.404530e+00  6.279040e+00  
6.163390e+00  6.056930e+00  5.959690e+00  5.871350e+00  5.791020e+00  5.715900e+00  
5.643910e+00  5.609390e+00  5.574070e+00  5.545400e+00  5.518500e+00  5.513100e+00  
5.512520e+00  5.512560e+00  5.511900e+00  5.511750e+00  5.511690e+00  5.511760e+00  
8.629020e+00  8.581410e+00  8.519010e+00  8.431140e+00  8.323490e+00  8.077440e+00  
7.810170e+00  7.549780e+00  7.303170e+00  7.073660e+00  6.865190e+00  6.677870e+00  
6.508660e+00  6.354080e+00  6.211170e+00  6.078320e+00  5.955060e+00  5.841180e+00  
5.735820e+00  5.635830e+00  5.538800e+00  5.493020e+00  5.451930e+00  5.424440e+00  
5.396050e+00  5.384020e+00  5.365420e+00  5.362550e+00  5.362230e+00  5.362590e+00  
5.362080e+00  5.362410e+00  9.112290e+00  9.040710e+00  8.951910e+00  8.833520e+00  
8.692600e+00  8.378530e+00  8.048010e+00  7.736110e+00  7.448510e+00  7.185340e+00  
6.946910e+00  6.732080e+00  6.536800e+00  6.357010e+00  6.189720e+00  6.033630e+00  
5.888400e+00  5.753770e+00  5.628810e+00  5.509420e+00  5.393160e+00  5.338960e+00  
5.291910e+00  5.262220e+00  5.230770e+00  5.214760e+00  5.187000e+00  5.182650e+00  
5.182420e+00  5.183050e+00  5.182240e+00  5.182750e+00  1.004520e+01  9.811720e+00  
9.579980e+00  9.351880e+00  9.129610e+00  8.707400e+00  8.311690e+00  7.941140e+00  
7.594620e+00  7.271970e+00  6.973110e+00  6.697310e+00  6.443120e+00  6.208490e+00  
5.991020e+00  5.789760e+00  5.605860e+00  5.438670e+00  5.285940e+00  5.136380e+00  
4.980810e+00  4.904910e+00  4.838640e+00  4.795520e+00  4.747570e+00  4.731430e+00  
4.709420e+00  4.706320e+00  4.705800e+00  4.705820e+00  4.705930e+00  4.705700e+00  
1.052320e+01  1.022820e+01  9.937580e+00  9.655400e+00  9.383270e+00  8.870840e+00  
8.396860e+00  7.959060e+00  7.555330e+00  7.184250e+00  6.845080e+00  6.535470e+00  
6.252340e+00  5.992060e+00  5.749700e+00  5.522170e+00  5.310730e+00  5.114870e+00  
4.932720e+00  4.756260e+00  4.579280e+00  4.492920e+00  4.411460e+00  4.350840e+00  
4.286350e+00  4.271860e+00  4.267230e+00  4.267170e+00  4.265580e+00  4.265270e+00  
4.265020e+00  4.264840e+00  1.107860e+01  1.069040e+01  1.031200e+01  9.951170e+00  
9.607980e+00  8.968110e+00  8.385090e+00  7.854920e+00  7.374640e+00  6.940120e+00  
6.548010e+00  6.194230e+00  5.873690e+00  5.580450e+00  5.306680e+00  5.046910e+00  
4.801460e+00  4.570880e+00  4.352580e+00  4.140300e+00  3.930680e+00  3.830070e+00  
3.736810e+00  3.668480e+00  3.593730e+00  3.575680e+00  3.569260e+00  3.569100e+00  
3.567300e+00  3.566990e+00  3.566590e+00  3.566310e+00  1.139350e+01  1.093570e+01  
1.049330e+01  1.007800e+01  9.687530e+00  8.965300e+00  8.316260e+00  7.732990e+00  
7.210560e+00  6.741900e+00  6.320190e+00  5.939740e+00  5.594470e+00  5.277170e+00  
4.978400e+00  4.691940e+00  4.418810e+00  4.161610e+00  3.921250e+00  3.693890e+00  
3.478590e+00  3.376550e+00  3.277470e+00  3.201240e+00  3.125670e+00  3.106200e+00  
3.088890e+00  3.086760e+00  3.085360e+00  3.085170e+00  3.085050e+00  3.084920e+00  
1.160030e+01  1.109670e+01  1.061250e+01  1.016200e+01  9.740810e+00  8.962730e+00  
8.267290e+00  7.645040e+00  7.089490e+00  6.592350e+00  6.145380e+00  5.742140e+00  
5.376400e+00  5.041000e+00  4.726790e+00  4.427550e+00  4.143540e+00  3.875890e+00  
3.625290e+00  3.387920e+00  3.162790e+00  3.055910e+00  2.952460e+00  2.873150e+00  
2.794650e+00  2.774330e+00  2.755580e+00  2.753220e+00  2.751750e+00  2.751570e+00  
2.751440e+00  2.751960e+00  1.174450e+01  1.120740e+01  1.069300e+01  1.021820e+01  
9.776140e+00  8.959350e+00  8.231960e+00  7.583280e+00  7.004860e+00  6.487410e+00  
6.021850e+00  5.601450e+00  5.220040e+00  4.870770e+00  4.545050e+00  4.236920e+00  
3.945810e+00  3.671500e+00  3.413830e+00  3.170120e+00  2.938960e+00  2.828640e+00  
2.720700e+00  2.636970e+00  2.555150e+00  2.534760e+00  2.517580e+00  2.515430e+00  
2.513780e+00  2.513610e+00  2.513420e+00  2.514330e+00  1.193170e+01  1.134680e+01  
1.079060e+01  1.028390e+01  9.816210e+00  8.953410e+00  8.190470e+00  7.514610e+00  
6.913080e+00  6.373930e+00  5.886380e+00  5.443880e+00  5.041050e+00  4.672160e+00  
4.330470e+00  4.010740e+00  3.710770e+00  3.427520e+00  3.158740e+00  2.903910e+00  
2.661480e+00  2.544750e+00  2.429300e+00  2.338530e+00  2.250010e+00  2.228590e+00  
2.212570e+00  2.210770e+00  2.208910e+00  2.208580e+00  2.208520e+00  2.208800e+00  
1.205340e+01  1.143600e+01  1.085200e+01  1.032540e+01  9.842820e+00  8.954350e+00  
8.173720e+00  7.485790e+00  6.875310e+00  6.328470e+00  5.833260e+00  5.382890e+00  
4.971890e+00  4.594340e+00  4.243240e+00  3.913430e+00  3.603210e+00  3.310410e+00  
3.032830e+00  2.767730e+00  2.512240e+00  2.387880e+00  2.265390e+00  2.169310e+00  
2.073760e+00  2.050160e+00  2.032010e+00  2.029900e+00  2.027980e+00  2.027750e+00  
2.027520e+00  2.026640e+00  1.219890e+01  1.154440e+01  1.093040e+01  1.038590e+01  
9.892280e+00  8.985920e+00  8.197670e+00  7.504940e+00  6.891470e+00  6.341630e+00  
5.842160e+00  5.386000e+00  4.967600e+00  4.580870e+00  4.218480e+00  3.875180e+00  
3.549650e+00  3.240420e+00  2.944550e+00  2.655160e+00  2.366580e+00  2.221360e+00  
2.074890e+00  1.957280e+00  1.840180e+00  1.810310e+00  1.786100e+00  1.783270e+00  
1.780970e+00  1.780650e+00  1.780440e+00  1.779430e+00  1.224350e+01  1.158550e+01  
1.097090e+01  1.043020e+01  9.942110e+00  9.043230e+00  8.261100e+00  7.570540e+00  
6.957480e+00  6.407840e+00  5.909620e+00  5.455460e+00  5.038990e+00  4.653020e+00  
4.288780e+00  3.940190e+00  3.606260e+00  3.286200e+00  2.976700e+00  2.667800e+00  
2.348780e+00  2.182040e+00  2.005620e+00  1.858160e+00  1.716520e+00  1.682000e+00  
1.654140e+00  1.650640e+00  1.647590e+00  1.647260e+00  1.646900e+00  1.648620e+00  
1.224300e+01  1.159760e+01  1.099880e+01  1.047900e+01  1.001330e+01  9.151280e+00  
8.394330e+00  7.720190e+00  7.117380e+00  6.574320e+00  6.081060e+00  5.630960e+00  
5.218110e+00  4.835720e+00  4.475440e+00  4.130420e+00  3.796820e+00  3.468960e+00  
3.139010e+00  2.794720e+00  2.419410e+00  2.212610e+00  1.984600e+00  1.783530e+00  
1.582600e+00  1.540440e+00  1.512670e+00  1.508990e+00  1.503110e+00  1.501980e+00  
1.502530e+00  1.508670e+00  1.220380e+01  1.157770e+01  1.100000e+01  1.050390e+01  
1.006210e+01  9.238130e+00  8.506030e+00  7.848730e+00  7.257360e+00  6.723090e+00  
6.238250e+00  5.796560e+00  5.391900e+00  5.017100e+00  4.663080e+00  4.322180e+00  
3.989950e+00  3.659430e+00  3.320220e+00  2.954650e+00  2.536690e+00  2.295100e+00  
2.018330e+00  1.767710e+00  1.516120e+00  1.465450e+00  1.437310e+00  1.433610e+00  
1.425340e+00  1.423610e+00  1.425020e+00  1.432980e+00  1.214720e+01  1.153930e+01  
1.098150e+01  1.050820e+01  1.008890e+01  9.300250e+00  8.592920e+00  7.953620e+00  
7.375700e+00  6.852460e+00  6.378030e+00  5.946380e+00  5.551050e+00  5.184250e+00  
4.835910e+00  4.497720e+00  4.165570e+00  3.833070e+00  3.488020e+00  3.104850e+00  
2.649830e+00  2.382190e+00  2.075510e+00  1.795500e+00  1.486860e+00  1.412710e+00  
1.389000e+00  1.388360e+00  1.377030e+00  1.373910e+00  1.377230e+00  1.384280e+00  
1.210430e+01  1.150640e+01  1.096150e+01  1.050520e+01  1.010380e+01  9.343350e+00  
8.658730e+00  8.037970e+00  7.475200e+00  6.964290e+00  6.499910e+00  6.076510e+00  
5.688030e+00  5.327150e+00  4.984170e+00  4.650900e+00  4.322740e+00  3.992300e+00  
3.645260e+00  3.251360e+00  2.769700e+00  2.479370e+00  2.140240e+00  1.825620e+00  
1.471140e+00  1.383280e+00  1.357070e+00  1.356900e+00  1.343770e+00  1.340080e+00  
1.344120e+00  1.350710e+00  1.202520e+01  1.144470e+01  1.092150e+01  1.049370e+01  
1.012180e+01  9.406760e+00  8.759850e+00  8.170320e+00  7.633570e+00  7.144300e+00  
6.697990e+00  6.289870e+00  5.914570e+00  5.565480e+00  5.233640e+00  4.911060e+00  
4.592470e+00  4.268980e+00  3.923020e+00  3.516690e+00  2.996660e+00  2.670990e+00  
2.278840e+00  1.904480e+00  1.467450e+00  1.353320e+00  1.317160e+00  1.316910e+00  
1.301150e+00  1.296670e+00  1.301740e+00  1.306030e+00  1.196060e+01  1.139410e+01  
1.088790e+01  1.048170e+01  1.013200e+01  9.451600e+00  8.834000e+00  8.269340e+00  
7.753710e+00  7.282490e+00  6.851760e+00  6.457220e+00  6.094060e+00  5.756200e+00  
5.435190e+00  5.123310e+00  4.814850e+00  4.499950e+00  4.158710e+00  3.747570e+00  
3.202890e+00  2.851600e+00  2.418270e+00  1.994030e+00  1.483470e+00  1.344480e+00  
1.293760e+00  1.292410e+00  1.274900e+00  1.269980e+00  1.275510e+00  1.277930e+00  
1.191530e+01  1.135970e+01  1.086910e+01  1.048600e+01  1.016180e+01  9.523640e+00  
8.944790e+00  8.416710e+00  7.935840e+00  7.497970e+00  7.099370e+00  6.735920e+00  
6.402700e+00  6.093240e+00  5.798090e+00  5.508940e+00  5.220830e+00  4.925260e+00  
4.604640e+00  4.218940e+00  3.681870e+00  3.292790e+00  2.748070e+00  2.184870e+00  
1.545860e+00  1.374560e+00  1.270190e+00  1.257130e+00  1.237810e+00  1.236180e+00  
1.233120e+00  1.238040e+00  1.184660e+01  1.130690e+01  1.083410e+01  1.047170e+01  
1.016870e+01  9.566660e+00  9.019230e+00  8.519250e+00  8.063700e+00  7.648960e+00  
7.271810e+00  6.928620e+00  6.615000e+00  6.324930e+00  6.049500e+00  5.780600e+00  
5.513220e+00  5.238310e+00  4.936660e+00  4.563320e+00  4.022260e+00  3.618660e+00  
3.040750e+00  2.417700e+00  1.639820e+00  1.412070e+00  1.259820e+00  1.241430e+00  
1.219120e+00  1.216670e+00  1.213850e+00  1.217040e+00  1.171700e+01  1.121510e+01  
1.078020e+01  1.045550e+01  1.018730e+01  9.639520e+00  9.132430e+00  8.662790e+00  
8.230900e+00  7.837200e+00  7.482320e+00  7.163800e+00  6.877690e+00  6.618410e+00  
6.377300e+00  6.145810e+00  5.917000e+00  5.677450e+00  5.404520e+00  5.054920e+00  
4.529700e+00  4.124430e+00  3.522630e+00  2.823210e+00  1.832000e+00  1.524790e+00  
1.257420e+00  1.223430e+00  1.201010e+00  1.198250e+00  1.192960e+00  1.194950e+00  
1.169490e+01  1.119840e+01  1.077080e+01  1.045610e+01  1.019890e+01  9.671090e+00  
9.183460e+00  8.733220e+00  8.320620e+00  7.945990e+00  7.609910e+00  7.310290e+00  
7.043590e+00  6.804780e+00  6.585720e+00  6.378230e+00  6.175470e+00  5.963520e+00  
5.719650e+00  5.401710e+00  4.908740e+00  4.514710e+00  3.908100e+00  3.164670e+00  
2.015420e+00  1.631150e+00  1.272200e+00  1.222970e+00  1.190910e+00  1.187570e+00  
1.180110e+00  1.183840e+00  1.169360e+01  1.119790e+01  1.077230e+01  1.046130e+01  
1.020900e+01  9.691210e+00  9.215210e+00  8.777950e+00  8.379040e+00  8.018020e+00  
7.694800e+00  7.407660e+00  7.154050e+00  6.930180e+00  6.729690e+00  6.545210e+00  
6.368060e+00  6.179700e+00  5.953810e+00  5.651300e+00  5.180180e+00  4.807550e+00  
4.234780e+00  3.492890e+00  2.192370e+00  1.721320e+00  1.287900e+00  1.228850e+00  
1.186270e+00  1.179980e+00  1.176750e+00  1.176880e+00  1.168990e+01  1.119700e+01  
1.077420e+01  1.046660e+01  1.021780e+01  9.707620e+00  9.239890e+00  8.811700e+00  
8.422350e+00  8.071050e+00  7.757340e+00  7.479710e+00  7.236010e+00  7.022950e+00  
6.834870e+00  6.665130e+00  6.505740e+00  6.339000e+00  6.138320e+00  5.861130e+00  
5.412900e+00  5.052800e+00  4.494890e+00  3.752120e+00  2.361940e+00  1.821370e+00  
1.306120e+00  1.234550e+00  1.183570e+00  1.176080e+00  1.172260e+00  1.172330e+00  
1.168280e+01  1.119620e+01  1.077930e+01  1.047660e+01  1.023250e+01  9.732090e+00  
9.274680e+00  8.857680e+00  8.480410e+00  8.141920e+00  7.841730e+00  7.578470e+00  
7.350200e+00  7.153790e+00  6.983720e+00  6.833880e+00  6.697870e+00  6.560530e+00  
6.397690e+00  6.167160e+00  5.774680e+00  5.445520e+00  4.915320e+00  4.169370e+00  
2.656350e+00  2.020250e+00  1.349640e+00  1.248850e+00  1.180040e+00  1.174190e+00  
1.163820e+00  1.166750e+00  1.167850e+01  1.119700e+01  1.078450e+01  1.048500e+01  
1.024360e+01  9.749450e+00  9.298620e+00  8.888750e+00  8.519030e+00  8.188370e+00  
7.896130e+00  7.641250e+00  7.422160e+00  7.236300e+00  7.078950e+00  6.944830e+00  
6.828230e+00  6.714760e+00  6.580990e+00  6.385120e+00  6.035060e+00  5.732770e+00  
5.234910e+00  4.507660e+00  2.921350e+00  2.199510e+00  1.392990e+00  1.268250e+00  
1.180190e+00  1.172460e+00  1.159790e+00  1.163330e+00  1.166610e+01  1.119640e+01  
1.079340e+01  1.050000e+01  1.026290e+01  9.778480e+00  9.337120e+00  8.936840e+00  
8.576730e+00  8.255870e+00  7.973710e+00  7.729700e+00  7.522890e+00  7.351770e+00  
7.212990e+00  7.103030e+00  7.018190e+00  6.946760e+00  6.867760e+00  6.738830e+00  
6.469110e+00  6.215450e+00  5.776490e+00  5.110560e+00  3.485350e+00  2.597560e+00  
1.495360e+00  1.320820e+00  1.187010e+00  1.171000e+00  1.158520e+00  1.158510e+00  
1.164660e+01  1.119140e+01  1.079910e+01  1.051030e+01  1.027480e+01  9.795310e+00  
9.358290e+00  8.962110e+00  8.606130e+00  8.290060e+00  8.013870e+00  7.777020e+00  
7.578320e+00  7.416240e+00  7.288130e+00  7.191180e+00  7.122630e+00  7.072220e+00  
7.022710e+00  6.941600e+00  6.743310e+00  6.530280e+00  6.134910e+00  5.516360e+00  
3.920400e+00  2.932390e+00  1.598780e+00  1.379610e+00  1.195310e+00  1.175030e+00  
1.154850e+00  1.156250e+00  1.161270e+01  1.118490e+01  1.081080e+01  1.052500e+01  
1.028610e+01  9.808450e+00  9.375090e+00  8.984310e+00  8.634950e+00  8.326140e+00  
8.057230e+00  7.827800e+00  7.637020e+00  7.483420e+00  7.363690e+00  7.276030e+00  
7.222600e+00  7.203180e+00  7.207020e+00  7.187550e+00  7.056810e+00  6.898480e+00  
6.593700e+00  6.066060e+00  4.520380e+00  3.488310e+00  1.803830e+00  1.492280e+00  
1.215790e+00  1.183120e+00  1.153990e+00  1.153560e+00  1.157210e+01  1.117050e+01  
1.081420e+01  1.053260e+01  1.029180e+01  9.816280e+00  9.385160e+00  8.996820e+00  
8.650140e+00  8.344300e+00  8.078760e+00  7.853100e+00  7.666680e+00  7.518210e+00  
7.404560e+00  7.324390e+00  7.280720e+00  7.274890e+00  7.299200e+00  7.313130e+00  
7.238420e+00  7.120430e+00  6.867990e+00  6.407320e+00  4.971440e+00  3.908120e+00  
1.990140e+00  1.605640e+00  1.238800e+00  1.192480e+00  1.153750e+00  1.152590e+00  
1.152070e+01  1.114610e+01  1.080970e+01  1.053620e+01  1.029720e+01  9.826320e+00  
9.396810e+00  9.008890e+00  8.662110e+00  8.356220e+00  8.091230e+00  7.866950e+00  
7.683040e+00  7.538820e+00  7.432410e+00  7.362560e+00  7.329180e+00  7.326450e+00  
7.345080e+00  7.368480e+00  7.349190e+00  7.275810e+00  7.065180e+00  6.644770e+00  
5.310850e+00  4.248860e+00  2.162970e+00  1.714770e+00  1.262520e+00  1.202870e+00  
1.153990e+00  1.151610e+00  1.149940e+01  1.113810e+01  1.081060e+01  1.053920e+01  
1.029920e+01  9.829330e+00  9.400820e+00  9.013990e+00  8.668440e+00  8.363860e+00  
8.100260e+00  7.877510e+00  7.695410e+00  7.553340e+00  7.449570e+00  7.383010e+00  
7.353940e+00  7.357150e+00  7.384530e+00  7.421990e+00  7.428720e+00  7.378480e+00  
7.205070e+00  6.829990e+00  5.571830e+00  4.532070e+00  2.328740e+00  1.818560e+00  
1.286230e+00  1.212840e+00  1.155580e+00  1.151370e+00  1.147260e+01  1.112770e+01  
1.081140e+01  1.054260e+01  1.030130e+01  9.832830e+00  9.405750e+00  9.020480e+00  
8.676550e+00  8.373710e+00  8.111970e+00  7.891270e+00  7.711490e+00  7.572180e+00  
7.471740e+00  7.409360e+00  7.385800e+00  7.396710e+00  7.435580e+00  7.491420e+00  
7.532090e+00  7.513260e+00  7.395250e+00  7.092650e+00  5.960930e+00  4.975120e+00  
2.635430e+00  2.014010e+00  1.333460e+00  1.233160e+00  1.159670e+00  1.150760e+00  
1.145570e+01  1.112110e+01  1.081180e+01  1.054460e+01  1.030250e+01  9.834760e+00  
9.408650e+00  9.024380e+00  8.681500e+00  8.379780e+00  8.119220e+00  7.899790e+00  
7.721450e+00  7.583810e+00  7.485390e+00  7.425520e+00  7.405320e+00  7.420990e+00  
7.467000e+00  7.534360e+00  7.596160e+00  7.597520e+00  7.518490e+00  7.270890e+00  
6.241540e+00  5.311100e+00  2.907440e+00  2.193500e+00  1.380080e+00  1.254290e+00  
1.164370e+00  1.150510e+00  1.142990e+01  1.111090e+01  1.081220e+01  1.054740e+01  
1.030390e+01  9.837400e+00  9.412550e+00  9.029620e+00  8.688170e+00  8.387930e+00  
8.128950e+00  7.911250e+00  7.734870e+00  7.599480e+00  7.503810e+00  7.447390e+00  
7.431780e+00  7.453940e+00  7.509730e+00  7.593230e+00  7.684400e+00  7.714150e+00  
7.694100e+00  7.538000e+00  6.701230e+00  5.892730e+00  3.471130e+00  2.589280e+00  
1.493440e+00  1.309600e+00  1.177320e+00  1.149900e+00  1.141480e+01  1.110510e+01  
1.081270e+01  1.054930e+01  1.030510e+01  9.839100e+00  9.414720e+00  9.032350e+00  
8.691510e+00  8.391970e+00  8.133720e+00  7.916860e+00  7.741470e+00  7.607320e+00  
7.513130e+00  7.458590e+00  7.445410e+00  7.470920e+00  7.531710e+00  7.623900e+00  
7.730860e+00  7.775230e+00  7.786390e+00  7.684970e+00  6.987390e+00  6.274110e+00  
3.912690e+00  2.926040e+00  1.602150e+00  1.366720e+00  1.190580e+00  1.149630e+00  
1.139850e+01  1.109890e+01  1.081330e+01  1.055160e+01  1.030660e+01  9.841160e+00  
9.417120e+00  9.035150e+00  8.694820e+00  8.395880e+00  8.138340e+00  7.922290e+00  
7.747910e+00  7.615010e+00  7.522380e+00  7.469790e+00  7.459160e+00  7.488070e+00  
7.553920e+00  7.655210e+00  7.778990e+00  7.838340e+00  7.880330e+00  7.839970e+00  
7.331880e+00  6.753870e+00  4.566920e+00  3.465070e+00  1.804910e+00  1.480920e+00  
1.216490e+00  1.149380e+00  1.141100e+01  1.110850e+01  1.081960e+01  1.055380e+01  
1.030530e+01  9.836970e+00  9.413060e+00  9.032270e+00  8.693660e+00  8.396630e+00  
8.140900e+00  7.926340e+00  7.752800e+00  7.619570e+00  7.524290e+00  7.466920e+00  
7.453220e+00  7.489290e+00  7.576440e+00  7.692960e+00  7.810330e+00  7.867290e+00  
7.918620e+00  7.914550e+00  7.543800e+00  7.041730e+00  5.022960e+00  3.886450e+00  
1.993870e+00  1.594090e+00  1.240160e+00  1.149290e+00  1.140540e+01  1.110610e+01  
1.081930e+01  1.055410e+01  1.030540e+01  9.837420e+00  9.413750e+00  9.033170e+00  
8.694770e+00  8.397940e+00  8.142420e+00  7.928080e+00  7.754800e+00  7.621880e+00  
7.527040e+00  7.470290e+00  7.457410e+00  7.494640e+00  7.583470e+00  7.702400e+00  
7.824400e+00  7.886500e+00  7.948910e+00  7.965830e+00  7.670670e+00  7.240830e+00  
5.367360e+00  4.220480e+00  2.177790e+00  1.703920e+00  1.263900e+00  1.149230e+00  
1.140130e+01  1.110440e+01  1.081920e+01  1.055440e+01  1.030550e+01  9.837640e+00  
9.414160e+00  9.033740e+00  8.695470e+00  8.398800e+00  8.143410e+00  7.929240e+00  
7.756130e+00  7.623460e+00  7.528910e+00  7.472550e+00  7.460210e+00  7.498200e+00  
7.588120e+00  7.708760e+00  7.834020e+00  7.899560e+00  7.969220e+00  8.000330e+00  
7.760200e+00  7.383860e+00  5.635810e+00  4.498240e+00  2.348880e+00  1.813370e+00  
1.287110e+00  1.149230e+00  1.137650e+01  1.108950e+01  1.081250e+01  1.055260e+01  
1.030660e+01  9.842330e+00  9.419660e+00  9.038660e+00  8.699060e+00  8.400840e+00  
8.144310e+00  7.929540e+00  7.756440e+00  7.624880e+00  7.533890e+00  7.483610e+00  
7.476220e+00  7.509710e+00  7.582350e+00  7.694490e+00  7.841010e+00  7.922420e+00  
8.001900e+00  8.043000e+00  7.878640e+00  7.575340e+00  6.033970e+00  4.939530e+00  
2.656010e+00  2.025880e+00  1.333500e+00  1.149080e+00  1.137390e+01  1.108740e+01  
1.081050e+01  1.055060e+01  1.030460e+01  9.841660e+00  9.420560e+00  9.040570e+00  
8.701310e+00  8.402850e+00  8.145620e+00  7.929930e+00  7.756220e+00  7.624590e+00  
7.534050e+00  7.484680e+00  7.478620e+00  7.513770e+00  7.587690e+00  7.698640e+00  
7.845710e+00  7.933050e+00  8.020150e+00  8.071120e+00  7.953130e+00  7.691980e+00  
6.305230e+00  5.296210e+00  2.934730e+00  2.209720e+00  1.377930e+00  1.149410e+00  