5.434600e-01  5.549690e-01  5.667200e-01  5.789060e-01  5.915300e-01  6.179600e-01  
6.458800e-01  6.751200e-01  7.057100e-01  7.377400e-01  7.714000e-01  8.069800e-01  
8.450600e-01  8.861800e-01  9.306000e-01  9.780300e-01  1.026590e+00  1.071640e+00  
1.107810e+00  1.134070e+00  1.153450e+00  1.162790e+00  1.171060e+00  1.175650e+00  
1.177350e+00  1.178030e+00  1.178310e+00  1.178260e+00  1.178260e+00  1.178290e+00  
1.178260e+00  1.178270e+00  7.734400e-01  7.909220e-01  8.085500e-01  8.264490e-01  
8.446500e-01  8.819700e-01  9.205100e-01  9.603400e-01  1.001520e+00  1.044180e+00  
1.088580e+00  1.134870e+00  1.183230e+00  1.234050e+00  1.288010e+00  1.345080e+00  
1.402860e+00  1.455530e+00  1.496950e+00  1.527730e+00  1.548970e+00  1.556010e+00  
1.563960e+00  1.569830e+00  1.569450e+00  1.573390e+00  1.575690e+00  1.575440e+00  
1.575370e+00  1.575590e+00  1.575430e+00  1.575490e+00  9.957700e-01  1.018270e+00  
1.040870e+00  1.063660e+00  1.086670e+00  1.133410e+00  1.181050e+00  1.229580e+00  
1.279060e+00  1.329670e+00  1.381730e+00  1.435410e+00  1.490760e+00  1.548060e+00  
1.607920e+00  1.670220e+00  1.732440e+00  1.788830e+00  1.833430e+00  1.866860e+00  
1.890110e+00  1.897930e+00  1.906760e+00  1.913780e+00  1.915610e+00  1.919720e+00  
1.922270e+00  1.922110e+00  1.922110e+00  1.922310e+00  1.922160e+00  1.922220e+00  
1.410630e+00  1.441580e+00  1.472450e+00  1.503200e+00  1.533890e+00  1.595270e+00  
1.656420e+00  1.717220e+00  1.777760e+00  1.838400e+00  1.899730e+00  1.961860e+00  
2.024680e+00  2.088190e+00  2.152690e+00  2.217900e+00  2.281570e+00  2.339240e+00  
2.386430e+00  2.423760e+00  2.451900e+00  2.462400e+00  2.473760e+00  2.484210e+00  
2.493470e+00  2.494970e+00  2.496540e+00  2.496820e+00  2.497000e+00  2.497010e+00  
2.497030e+00  2.497040e+00  1.785880e+00  1.823530e+00  1.860830e+00  1.897530e+00  
1.933730e+00  2.005050e+00  2.074630e+00  2.142460e+00  2.208690e+00  2.273880e+00  
2.338940e+00  2.404040e+00  2.469130e+00  2.533940e+00  2.597980e+00  2.660500e+00  
2.720120e+00  2.775020e+00  2.823070e+00  2.862930e+00  2.894730e+00  2.908830e+00  
2.923380e+00  2.936400e+00  2.951300e+00  2.952180e+00  2.951700e+00  2.952090e+00  
2.952690e+00  2.952710e+00  2.952720e+00  2.952680e+00  2.123900e+00  2.167730e+00  
2.210720e+00  2.252240e+00  2.292490e+00  2.370190e+00  2.444180e+00  2.515170e+00  
2.583520e+00  2.649900e+00  2.715480e+00  2.780260e+00  2.844010e+00  2.906220e+00  
2.966540e+00  3.024480e+00  3.079240e+00  3.130380e+00  3.177190e+00  3.218530e+00  
3.253950e+00  3.270210e+00  3.287270e+00  3.303070e+00  3.321970e+00  3.322230e+00  
3.320530e+00  3.321010e+00  3.321880e+00  3.321890e+00  3.321910e+00  3.321840e+00  
2.429800e+00  2.478790e+00  2.526420e+00  2.571670e+00  2.614820e+00  2.696420e+00  
2.772260e+00  2.843880e+00  2.911800e+00  2.976920e+00  3.040560e+00  3.102700e+00  
3.163030e+00  3.220930e+00  3.276240e+00  3.328740e+00  3.378170e+00  3.425100e+00  
3.469960e+00  3.511840e+00  3.549880e+00  3.567890e+00  3.586880e+00  3.604590e+00  
3.625990e+00  3.626090e+00  3.623930e+00  3.624460e+00  3.625470e+00  3.625480e+00  
3.625500e+00  3.625420e+00  2.959700e+00  3.016670e+00  3.071200e+00  3.121440e+00  
3.167870e+00  3.252180e+00  3.326620e+00  3.394490e+00  3.456780e+00  3.514680e+00  
3.569940e+00  3.622680e+00  3.672710e+00  3.719680e+00  3.763720e+00  3.805170e+00  
3.844410e+00  3.883190e+00  3.923190e+00  3.963980e+00  4.004580e+00  4.024750e+00  
4.045950e+00  4.065110e+00  4.087620e+00  4.088720e+00  4.087630e+00  4.088190e+00  
4.089150e+00  4.089180e+00  4.089210e+00  4.089120e+00  3.403800e+00  3.466420e+00  
3.525530e+00  3.578450e+00  3.625860e+00  3.708440e+00  3.777280e+00  3.837500e+00  
3.890560e+00  3.937960e+00  3.981840e+00  4.022620e+00  4.060560e+00  4.095780e+00  
4.128690e+00  4.159940e+00  4.190280e+00  4.221740e+00  4.256400e+00  4.294300e+00  
4.334740e+00  4.355640e+00  4.377320e+00  4.395800e+00  4.416220e+00  4.419230e+00  
4.420660e+00  4.421200e+00  4.421840e+00  4.421870e+00  4.421900e+00  4.421880e+00  
4.266290e+00  4.336830e+00  4.401370e+00  4.455330e+00  4.499910e+00  4.568530e+00  
4.615080e+00  4.649000e+00  4.673180e+00  4.690230e+00  4.703720e+00  4.714550e+00  
4.723400e+00  4.731150e+00  4.739190e+00  4.749120e+00  4.761660e+00  4.777840e+00  
4.798900e+00  4.826040e+00  4.859420e+00  4.877880e+00  4.897650e+00  4.911370e+00  
4.919310e+00  4.930990e+00  4.937150e+00  4.936610e+00  4.936910e+00  4.937350e+00  
4.937010e+00  4.937170e+00  4.915640e+00  4.975040e+00  5.029780e+00  5.076270e+00  
5.115270e+00  5.175130e+00  5.209710e+00  5.221090e+00  5.213650e+00  5.194990e+00  
5.174590e+00  5.155210e+00  5.137860e+00  5.123740e+00  5.114370e+00  5.110960e+00  
5.112920e+00  5.117610e+00  5.123400e+00  5.134650e+00  5.157090e+00  5.172620e+00  
5.187500e+00  5.193310e+00  5.192010e+00  5.207830e+00  5.216150e+00  5.215240e+00  
5.215150e+00  5.215840e+00  5.215410e+00  5.215580e+00  5.841570e+00  5.890520e+00  
5.933150e+00  5.964670e+00  5.986310e+00  6.006510e+00  5.995360e+00  5.956650e+00  
5.897180e+00  5.827610e+00  5.760380e+00  5.699350e+00  5.645450e+00  5.599390e+00  
5.562140e+00  5.533770e+00  5.513050e+00  5.495490e+00  5.477890e+00  5.464980e+00  
5.463190e+00  5.466690e+00  5.469340e+00  5.464310e+00  5.450430e+00  5.466670e+00  
5.474370e+00  5.472980e+00  5.472620e+00  5.473450e+00  5.472890e+00  5.473080e+00  
6.494610e+00  6.556530e+00  6.603750e+00  6.625290e+00  6.625000e+00  6.581570e+00  
6.499940e+00  6.407750e+00  6.311830e+00  6.215770e+00  6.123510e+00  6.037160e+00  
5.958160e+00  5.887100e+00  5.824700e+00  5.770770e+00  5.725330e+00  5.686870e+00  
5.653810e+00  5.625650e+00  5.601580e+00  5.591360e+00  5.583040e+00  5.572600e+00  
5.550810e+00  5.563820e+00  5.568180e+00  5.566210e+00  5.566070e+00  5.566810e+00  
5.566100e+00  5.566400e+00  7.030620e+00  7.080810e+00  7.114210e+00  7.118350e+00  
7.097960e+00  7.010890e+00  6.885130e+00  6.753270e+00  6.622550e+00  6.495870e+00  
6.376470e+00  6.265770e+00  6.164590e+00  6.072800e+00  5.991010e+00  5.918960e+00  
5.856350e+00  5.801190e+00  5.751510e+00  5.706790e+00  5.665800e+00  5.646460e+00  
5.628450e+00  5.612420e+00  5.590410e+00  5.595500e+00  5.596140e+00  5.594780e+00  
5.594510e+00  5.594910e+00  5.594480e+00  5.594660e+00  7.482770e+00  7.519390e+00  
7.537630e+00  7.523880e+00  7.483680e+00  7.355200e+00  7.189230e+00  7.022400e+00  
6.861920e+00  6.709420e+00  6.567060e+00  6.435650e+00  6.315290e+00  6.205370e+00  
6.106330e+00  6.018000e+00  5.939850e+00  5.869670e+00  5.805380e+00  5.746710e+00  
5.692060e+00  5.665270e+00  5.639170e+00  5.619050e+00  5.598930e+00  5.595640e+00  
5.592520e+00  5.591910e+00  5.591560e+00  5.591570e+00  5.591470e+00  5.591510e+00  
8.399460e+00  8.298280e+00  8.195820e+00  8.091420e+00  7.986960e+00  7.783660e+00  
7.585730e+00  7.393370e+00  7.206810e+00  7.026090e+00  6.851840e+00  6.685270e+00  
6.526790e+00  6.376830e+00  6.236660e+00  6.108070e+00  5.992180e+00  5.890790e+00  
5.804930e+00  5.730960e+00  5.667660e+00  5.643310e+00  5.625840e+00  5.610440e+00  
5.546160e+00  5.514790e+00  5.523540e+00  5.529070e+00  5.526470e+00  5.524710e+00  
5.527340e+00  5.525700e+00  8.767510e+00  8.740100e+00  8.691920e+00  8.607860e+00  
8.495510e+00  8.226400e+00  7.932360e+00  7.657280e+00  7.406620e+00  7.178110e+00  
6.969270e+00  6.778380e+00  6.601690e+00  6.436640e+00  6.283750e+00  6.144110e+00  
6.016690e+00  5.899050e+00  5.789380e+00  5.688680e+00  5.594620e+00  5.547080e+00  
5.498820e+00  5.466420e+00  5.447520e+00  5.424440e+00  5.412230e+00  5.413200e+00  
5.412580e+00  5.411720e+00  5.412330e+00  5.412080e+00  9.711890e+00  9.598370e+00  
9.467030e+00  9.305190e+00  9.120740e+00  8.723630e+00  8.321700e+00  7.954840e+00  
7.626670e+00  7.334400e+00  7.074460e+00  6.840100e+00  6.621150e+00  6.411510e+00  
6.213790e+00  6.030800e+00  5.862340e+00  5.705140e+00  5.557390e+00  5.420340e+00  
5.292180e+00  5.228770e+00  5.165490e+00  5.119230e+00  5.080830e+00  5.061040e+00  
5.048740e+00  5.048580e+00  5.047720e+00  5.047160e+00  5.047460e+00  5.047300e+00  
1.039760e+01  1.012830e+01  9.863000e+00  9.605120e+00  9.356160e+00  8.886650e+00  
8.451820e+00  8.049860e+00  7.679110e+00  7.338460e+00  7.027320e+00  6.743750e+00  
6.485090e+00  6.247940e+00  6.027460e+00  5.820500e+00  5.628340e+00  5.450480e+00  
5.285010e+00  5.123010e+00  4.957630e+00  4.877110e+00  4.804260e+00  4.753280e+00  
4.696270e+00  4.681190e+00  4.673340e+00  4.672590e+00  4.671050e+00  4.670980e+00  
4.670630e+00  4.670800e+00  1.101390e+01  1.065540e+01  1.030550e+01  9.971210e+00  
9.652540e+00  9.057110e+00  8.513360e+00  8.018040e+00  7.568700e+00  7.161910e+00  
6.794890e+00  6.464180e+00  6.165300e+00  5.892880e+00  5.639410e+00  5.399590e+00  
5.173800e+00  4.962520e+00  4.762770e+00  4.566310e+00  4.367980e+00  4.272360e+00  
4.186500e+00  4.126620e+00  4.058350e+00  4.039740e+00  4.030370e+00  4.029540e+00  
4.027730e+00  4.027660e+00  4.027150e+00  4.027340e+00  1.132910e+01  1.091070e+01  
1.050520e+01  1.012260e+01  9.761160e+00  9.089390e+00  8.481880e+00  7.932990e+00  
7.439000e+00  6.994400e+00  6.593840e+00  6.232580e+00  5.905410e+00  5.605980e+00  
5.325670e+00  5.058520e+00  4.804960e+00  4.566290e+00  4.342450e+00  4.130020e+00  
3.927950e+00  3.831400e+00  3.736120e+00  3.661910e+00  3.589880e+00  3.570820e+00  
3.555880e+00  3.554250e+00  3.552820e+00  3.552600e+00  3.552480e+00  3.552410e+00  
1.153810e+01  1.107030e+01  1.062010e+01  1.020040e+01  9.807730e+00  9.082240e+00  
8.433250e+00  7.851650e+00  7.330590e+00  6.861440e+00  6.435740e+00  6.048490e+00  
5.695580e+00  5.372270e+00  5.072510e+00  4.791620e+00  4.528100e+00  4.279420e+00  
4.043660e+00  3.818920e+00  3.605610e+00  3.503500e+00  3.402080e+00  3.322370e+00  
3.245350e+00  3.225670e+00  3.209320e+00  3.207390e+00  3.205900e+00  3.205690e+00  
3.205520e+00  3.205470e+00  1.167300e+01  1.117100e+01  1.068980e+01  1.024510e+01  
9.831100e+00  9.067430e+00  8.387990e+00  7.782010e+00  7.240360e+00  6.752910e+00  
6.309900e+00  5.906040e+00  5.537310e+00  5.199300e+00  4.886480e+00  4.594500e+00  
4.321510e+00  4.064440e+00  3.820940e+00  3.588840e+00  3.367180e+00  3.260240e+00  
3.153560e+00  3.069170e+00  2.987410e+00  2.967140e+00  2.950700e+00  2.948710e+00  
2.946960e+00  2.946710e+00  2.946570e+00  2.946540e+00  1.182480e+01  1.127880e+01  
1.075850e+01  1.028300e+01  9.843320e+00  9.032930e+00  8.315990e+00  7.680260e+00  
7.113400e+00  6.603520e+00  6.139790e+00  5.716620e+00  5.329910e+00  4.975250e+00  
4.647320e+00  4.341790e+00  4.056320e+00  3.787190e+00  3.531210e+00  3.286590e+00  
3.050780e+00  2.935880e+00  2.820990e+00  2.729470e+00  2.638810e+00  2.616520e+00  
2.599070e+00  2.596990e+00  2.595020e+00  2.594720e+00  2.594610e+00  2.594570e+00  
1.189530e+01  1.132430e+01  1.078240e+01  1.029070e+01  9.838020e+00  9.003430e+00  
8.267100e+00  7.615740e+00  7.035700e+00  6.514390e+00  6.040730e+00  5.608950e+00  
5.214590e+00  4.852810e+00  4.517820e+00  4.204900e+00  3.911440e+00  3.633340e+00  
3.367050e+00  3.110530e+00  2.861380e+00  2.739000e+00  2.616650e+00  2.518890e+00  
2.419860e+00  2.394640e+00  2.374920e+00  2.372700e+00  2.370740e+00  2.370420e+00  
2.370270e+00  2.370190e+00  1.193210e+01  1.133690e+01  1.077550e+01  1.027170e+01  
9.810850e+00  8.959160e+00  8.210240e+00  7.546330e+00  6.954810e+00  6.423450e+00  
5.941810e+00  5.503770e+00  5.104240e+00  4.737570e+00  4.396980e+00  4.076850e+00  
3.774010e+00  3.483520e+00  3.200510e+00  2.920740e+00  2.640230e+00  2.497650e+00  
2.351240e+00  2.231210e+00  2.110360e+00  2.079610e+00  2.054740e+00  2.051850e+00  
2.049520e+00  2.049180e+00  2.048910e+00  2.048600e+00  1.189830e+01  1.130140e+01  
1.074070e+01  1.024140e+01  9.786270e+00  8.942900e+00  8.200740e+00  7.539760e+00  
6.949040e+00  6.417570e+00  5.935930e+00  5.498130e+00  5.098910e+00  4.732490e+00  
4.391860e+00  4.071050e+00  3.766180e+00  3.471220e+00  3.179450e+00  2.883410e+00  
2.574070e+00  2.410520e+00  2.235740e+00  2.087780e+00  1.943820e+00  1.909720e+00  
1.881840e+00  1.878230e+00  1.874950e+00  1.874510e+00  1.874200e+00  1.875150e+00  
1.177350e+01  1.119710e+01  1.065820e+01  1.018300e+01  9.751560e+00  8.945440e+00  
8.227210e+00  7.580830e+00  6.999050e+00  6.474800e+00  6.001900e+00  5.574170e+00  
5.185150e+00  4.827380e+00  4.491430e+00  4.170050e+00  3.860550e+00  3.558940e+00  
3.257520e+00  2.939290e+00  2.583480e+00  2.384730e+00  2.165490e+00  1.970910e+00  
1.768010e+00  1.722690e+00  1.697730e+00  1.694860e+00  1.688090e+00  1.686580e+00  
1.687560e+00  1.696900e+00  1.169110e+01  1.112040e+01  1.059080e+01  1.013080e+01  
9.717450e+00  8.945320e+00  8.255750e+00  7.634170e+00  7.072780e+00  6.563710e+00  
6.100180e+00  5.677350e+00  5.290800e+00  4.935560e+00  4.605490e+00  4.294480e+00  
3.996700e+00  3.702190e+00  3.397280e+00  3.060900e+00  2.664660e+00  2.432460e+00  
2.166860e+00  1.926070e+00  1.680890e+00  1.630390e+00  1.602890e+00  1.599290e+00  
1.590540e+00  1.588520e+00  1.590270e+00  1.606450e+00  1.160850e+01  1.104970e+01  
1.053430e+01  1.009180e+01  9.696930e+00  8.955440e+00  8.289780e+00  7.687630e+00  
7.142140e+00  6.646260e+00  6.193910e+00  5.780650e+00  5.402350e+00  5.054330e+00  
4.730610e+00  4.425130e+00  4.131680e+00  3.839370e+00  3.532560e+00  3.185770e+00  
2.762880e+00  2.506720e+00  2.204830e+00  1.925340e+00  1.633950e+00  1.573460e+00  
1.546400e+00  1.543310e+00  1.532350e+00  1.529660e+00  1.531980e+00  1.551030e+00  
1.154050e+01  1.099170e+01  1.048830e+01  1.006110e+01  9.682240e+00  8.966360e+00  
8.321620e+00  7.736900e+00  7.206060e+00  6.722650e+00  6.281090e+00  5.877250e+00  
5.507200e+00  5.166400e+00  4.849000e+00  4.548940e+00  4.259760e+00  3.970060e+00  
3.662820e+00  3.309170e+00  2.866250e+00  2.590640e+00  2.257770e+00  1.943440e+00  
1.608510e+00  1.537600e+00  1.509770e+00  1.507090e+00  1.494270e+00  1.491040e+00  
1.494140e+00  1.512700e+00  1.143640e+01  1.090300e+01  1.041890e+01  1.001670e+01  
9.663690e+00  8.988330e+00  8.377910e+00  7.822370e+00  7.316680e+00  6.855170e+00  
6.432970e+00  6.046320e+00  5.691620e+00  5.364510e+00  5.059230e+00  4.769680e+00  
4.489250e+00  4.205990e+00  3.900940e+00  3.539900e+00  3.068460e+00  2.762450e+00  
2.378700e+00  2.005450e+00  1.596160e+00  1.503260e+00  1.461540e+00  1.459330e+00  
1.449330e+00  1.446550e+00  1.450560e+00  1.464110e+00  1.136030e+01  1.083970e+01  
1.037080e+01  9.987630e+00  9.654080e+00  9.009520e+00  8.425560e+00  7.892920e+00  
7.407320e+00  6.963680e+00  6.557720e+00  6.185930e+00  5.844860e+00  5.530180e+00  
5.236030e+00  4.956200e+00  4.684100e+00  4.407620e+00  4.106770e+00  3.744220e+00  
3.256620e+00  2.929420e+00  2.506020e+00  2.082360e+00  1.604000e+00  1.491150e+00  
1.436680e+00  1.433680e+00  1.423160e+00  1.420150e+00  1.423580e+00  1.434810e+00  
1.123800e+01  1.074340e+01  1.030300e+01  9.952150e+00  9.650720e+00  9.058350e+00  
8.518090e+00  8.023140e+00  7.570900e+00  7.158280e+00  6.782590e+00  6.440590e+00  
6.128400e+00  5.840950e+00  5.570810e+00  5.310600e+00  5.053730e+00  4.788070e+00  
4.495110e+00  4.143120e+00  3.659590e+00  3.311670e+00  2.820930e+00  2.291400e+00  
1.652550e+00  1.499810e+00  1.416160e+00  1.407120e+00  1.386970e+00  1.382480e+00  
1.385250e+00  1.394410e+00  1.117430e+01  1.069480e+01  1.027090e+01  9.938620e+00  
9.655920e+00  9.095540e+00  8.582910e+00  8.112610e+00  7.682710e+00  7.290910e+00  
6.935270e+00  6.612900e+00  6.320060e+00  6.051760e+00  5.800440e+00  5.558520e+00  
5.319350e+00  5.070380e+00  4.792380e+00  4.452240e+00  3.970710e+00  3.612530e+00  
3.091150e+00  2.503370e+00  1.736060e+00  1.534600e+00  1.406310e+00  1.392040e+00  
1.370210e+00  1.365650e+00  1.367740e+00  1.373540e+00  1.111330e+01  1.064990e+01  
1.024420e+01  9.933210e+00  9.672330e+00  9.149290e+00  8.669760e+00  8.229620e+00  
7.827520e+00  7.461890e+00  7.131460e+00  6.833880e+00  6.566030e+00  6.323530e+00  
6.099440e+00  5.886780e+00  5.679460e+00  5.465230e+00  5.223290e+00  4.913480e+00  
4.443230e+00  4.075370e+00  3.521010e+00  2.866540e+00  1.925790e+00  1.637020e+00  
1.401460e+00  1.374330e+00  1.356040e+00  1.352970e+00  1.347690e+00  1.353030e+00  
1.108680e+01  1.063290e+01  1.023750e+01  9.938360e+00  9.689380e+00  9.186580e+00  
8.724990e+00  8.301450e+00  7.915050e+00  7.564940e+00  7.250490e+00  6.969670e+00  
6.719560e+00  6.495900e+00  6.291810e+00  6.100340e+00  5.915560e+00  5.725130e+00  
5.508580e+00  5.227360e+00  4.787630e+00  4.430800e+00  3.872480e+00  3.178920e+00  
2.097310e+00  1.738030e+00  1.415360e+00  1.373640e+00  1.347230e+00  1.343880e+00  
1.335820e+00  1.342410e+00  1.108040e+01  1.063050e+01  1.023970e+01  9.946040e+00  
9.702980e+00  9.211240e+00  8.760750e+00  8.348440e+00  7.973260e+00  7.634210e+00  
7.330450e+00  7.060410e+00  6.821930e+00  6.611790e+00  6.424550e+00  6.253810e+00  
6.091920e+00  5.922160e+00  5.720630e+00  5.451570e+00  5.030630e+00  4.695070e+00  
4.173670e+00  3.485700e+00  2.258300e+00  1.820260e+00  1.432570e+00  1.380830e+00  
1.342140e+00  1.336430e+00  1.332960e+00  1.335940e+00  1.107260e+01  1.062770e+01  
1.024190e+01  9.953100e+00  9.714630e+00  9.231330e+00  8.788670e+00  8.383960e+00  
8.016320e+00  7.684850e+00  7.388940e+00  7.127190e+00  6.897700e+00  6.697590e+00  
6.521760e+00  6.364310e+00  6.218090e+00  6.066970e+00  5.887000e+00  5.640420e+00  
5.241500e+00  4.918040e+00  4.409950e+00  3.721930e+00  2.417510e+00  1.915390e+00  
1.448840e+00  1.385410e+00  1.339870e+00  1.332810e+00  1.329160e+00  1.331360e+00  
1.106100e+01  1.062490e+01  1.024700e+01  9.964750e+00  9.731990e+00  9.259500e+00  
8.826620e+00  8.431410e+00  8.073390e+00  7.752170e+00  7.467600e+00  7.218490e+00  
7.002960e+00  6.818080e+00  6.658540e+00  6.518680e+00  6.392880e+00  6.267640e+00  
6.121570e+00  5.917440e+00  5.569670e+00  5.274240e+00  4.790520e+00  4.101380e+00  
2.694490e+00  2.104650e+00  1.488080e+00  1.396640e+00  1.336460e+00  1.331350e+00  
1.321620e+00  1.326290e+00  1.107710e+01  1.063930e+01  1.025990e+01  9.976300e+00  
9.742860e+00  9.271910e+00  8.843640e+00  8.455480e+00  8.106150e+00  7.794220e+00  
7.518460e+00  7.277590e+00  7.069970e+00  6.892830e+00  6.741200e+00  6.610810e+00  
6.500080e+00  6.403140e+00  6.300990e+00  6.136310e+00  5.806190e+00  5.522040e+00  
5.073340e+00  4.420120e+00  2.946430e+00  2.271600e+00  1.525170e+00  1.413430e+00  
1.337000e+00  1.328180e+00  1.320770e+00  1.323000e+00  1.105290e+01  1.062910e+01  
1.026150e+01  9.986110e+00  9.758850e+00  9.299830e+00  8.881620e+00  8.502330e+00  
8.160900e+00  7.856400e+00  7.588110e+00  7.355640e+00  7.158470e+00  6.995620e+00  
6.864740e+00  6.762930e+00  6.686040e+00  6.621370e+00  6.548710e+00  6.433250e+00  
6.192990e+00  5.965730e+00  5.577290e+00  4.977670e+00  3.465610e+00  2.635620e+00  
1.623220e+00  1.464840e+00  1.341330e+00  1.328540e+00  1.312620e+00  1.318600e+00  
1.103520e+01  1.062430e+01  1.026620e+01  9.995100e+00  9.769480e+00  9.314920e+00  
8.900310e+00  8.524280e+00  8.186160e+00  7.885600e+00  7.622500e+00  7.396620e+00  
7.207350e+00  7.053580e+00  6.932640e+00  6.841940e+00  6.779220e+00  6.735380e+00  
6.693720e+00  6.619760e+00  6.437920e+00  6.250010e+00  5.903100e+00  5.348690e+00  
3.867600e+00  2.958160e+00  1.717200e+00  1.511040e+00  1.349430e+00  1.330490e+00  
1.314540e+00  1.316530e+00  1.099450e+01  1.061080e+01  1.027170e+01  1.000600e+01  
9.779500e+00  9.328420e+00  8.917150e+00  8.545100e+00  8.211690e+00  7.916560e+00  
7.659650e+00  7.440760e+00  7.259560e+00  7.115120e+00  7.005160e+00  6.927650e+00  
6.881460e+00  6.859110e+00  6.848450e+00  6.826950e+00  6.729790e+00  6.595760e+00  
6.313150e+00  5.832980e+00  4.452420e+00  3.462220e+00  1.899570e+00  1.617340e+00  
1.367340e+00  1.339340e+00  1.310970e+00  1.314210e+00  1.095940e+01  1.059720e+01  
1.027280e+01  1.001090e+01  9.783240e+00  9.334890e+00  8.926230e+00  8.556440e+00  
8.225240e+00  7.932820e+00  7.679580e+00  7.464970e+00  7.287900e+00  7.147260e+00  
7.041740e+00  6.970520e+00  6.933920e+00  6.927050e+00  6.939270e+00  6.944370e+00  
6.879180e+00  6.778030e+00  6.573300e+00  6.199410e+00  4.858930e+00  3.791320e+00  
2.086190e+00  1.742610e+00  1.384300e+00  1.333790e+00  1.315360e+00  1.313190e+00  
1.093280e+01  1.058690e+01  1.027370e+01  1.001460e+01  9.786000e+00  9.339130e+00  
8.931770e+00  8.563330e+00  8.233610e+00  7.942880e+00  7.691630e+00  7.479300e+00  
7.304830e+00  7.167180e+00  7.065130e+00  6.998090e+00  6.966930e+00  6.967610e+00  
6.991470e+00  7.016640e+00  6.986880e+00  6.911940e+00  6.742620e+00  6.417500e+00  
5.177070e+00  4.105080e+00  2.243010e+00  1.841860e+00  1.406220e+00  1.342180e+00  
1.318880e+00  1.312590e+00  1.091410e+01  1.057970e+01  1.027440e+01  1.001740e+01  
9.788070e+00  9.342020e+00  8.935380e+00  8.567910e+00  8.239400e+00  7.950010e+00  
7.700120e+00  7.489190e+00  7.316240e+00  7.180430e+00  7.080910e+00  7.017330e+00  
6.990210e+00  6.994700e+00  7.023590e+00  7.064810e+00  7.070600e+00  7.016350e+00  
6.861380e+00  6.556580e+00  5.429310e+00  4.385990e+00  2.387960e+00  1.932750e+00  
1.430390e+00  1.354020e+00  1.318820e+00  1.312060e+00  1.089090e+01  1.057080e+01  
1.027530e+01  1.002070e+01  9.790500e+00  9.345550e+00  8.939990e+00  8.573860e+00  
8.246910e+00  7.959200e+00  7.710980e+00  7.501810e+00  7.330840e+00  7.197420e+00  
7.101020e+00  7.041560e+00  7.019730e+00  7.030930e+00  7.069150e+00  7.126750e+00  
7.167540e+00  7.144680e+00  7.034440e+00  6.784560e+00  5.788940e+00  4.804150e+00  
2.666920e+00  2.112770e+00  1.474010e+00  1.372450e+00  1.325010e+00  1.311520e+00  
1.087590e+01  1.056510e+01  1.027590e+01  1.002310e+01  9.792300e+00  9.348050e+00  
8.943110e+00  8.577770e+00  8.251700e+00  7.964770e+00  7.717100e+00  7.508610e+00  
7.339050e+00  7.207970e+00  7.114130e+00  7.057050e+00  7.037860e+00  7.052990e+00  
7.097260e+00  7.162400e+00  7.224570e+00  7.229520e+00  7.158440e+00  6.931840e+00  
6.004080e+00  5.156410e+00  2.927100e+00  2.268050e+00  1.515410e+00  1.401410e+00  
1.320130e+00  1.311040e+00  1.085400e+01  1.055670e+01  1.027670e+01  1.002600e+01  
9.794190e+00  9.350750e+00  8.946730e+00  8.582650e+00  8.258050e+00  7.972580e+00  
7.726150e+00  7.518850e+00  7.350780e+00  7.221760e+00  7.130530e+00  7.076730e+00  
7.061770e+00  7.082850e+00  7.136030e+00  7.215960e+00  7.304760e+00  7.335660e+00  
7.320810e+00  7.179650e+00  6.418640e+00  5.684100e+00  3.453740e+00  2.639990e+00  
1.619280e+00  1.450080e+00  1.332000e+00  1.310550e+00  1.084190e+01  1.055200e+01  
1.027700e+01  1.002750e+01  9.795050e+00  9.352160e+00  8.948700e+00  8.585160e+00  
8.261090e+00  7.976190e+00  7.730420e+00  7.523870e+00  7.356710e+00  7.228780e+00  
7.138900e+00  7.086770e+00  7.074050e+00  7.098200e+00  7.156040e+00  7.244040e+00  
7.347000e+00  7.390980e+00  7.405650e+00  7.315760e+00  6.677630e+00  6.030160e+00  
3.864170e+00  2.953220e+00  1.719210e+00  1.501240e+00  1.344020e+00  1.310610e+00  
1.082910e+01  1.054690e+01  1.027720e+01  1.002880e+01  9.795760e+00  9.353580e+00  
8.950790e+00  8.587720e+00  8.264010e+00  7.979530e+00  7.734430e+00  7.528780e+00  
7.362660e+00  7.235880e+00  7.147360e+00  7.096930e+00  7.086480e+00  7.113720e+00  
7.176280e+00  7.272750e+00  7.390830e+00  7.448030e+00  7.491210e+00  7.458250e+00  
6.991630e+00  6.467430e+00  4.470170e+00  3.452070e+00  1.905920e+00  1.604660e+00  
1.367950e+00  1.310320e+00  1.082300e+01  1.054450e+01  1.027730e+01  1.002930e+01  
9.795790e+00  9.353880e+00  8.951460e+00  8.588730e+00  8.265420e+00  7.981450e+00  
7.737100e+00  7.532110e+00  7.366030e+00  7.238750e+00  7.150410e+00  7.101690e+00  
7.093780e+00  7.122570e+00  7.184700e+00  7.282630e+00  7.417280e+00  7.490410e+00  
7.534470e+00  7.491280e+00  7.175620e+00  6.842940e+00  4.858480e+00  3.778380e+00  
2.083570e+00  1.729130e+00  1.391110e+00  1.310180e+00  1.083730e+01  1.055470e+01  
1.028340e+01  1.003160e+01  9.794950e+00  9.350090e+00  8.947330e+00  8.585470e+00  
8.263640e+00  7.981300e+00  7.738120e+00  7.534070e+00  7.369000e+00  7.242230e+00  
7.151620e+00  7.097180e+00  7.084430e+00  7.119340e+00  7.203340e+00  7.316150e+00  
7.432380e+00  7.492020e+00  7.552800e+00  7.571780e+00  7.305090e+00  6.916080e+00  
5.212400e+00  4.152660e+00  2.249530e+00  1.807280e+00  1.411940e+00  1.310150e+00  
1.083420e+01  1.055350e+01  1.028350e+01  1.003190e+01  9.795130e+00  9.350410e+00  
8.947760e+00  8.586010e+00  8.264310e+00  7.982060e+00  7.739030e+00  7.535120e+00  
7.370210e+00  7.243660e+00  7.153320e+00  7.099230e+00  7.086970e+00  7.122550e+00  
7.207530e+00  7.321840e+00  7.441000e+00  7.503790e+00  7.571230e+00  7.603300e+00  
7.387430e+00  7.048250e+00  5.461390e+00  4.409870e+00  2.406690e+00  1.907700e+00  
1.433200e+00  1.310120e+00  1.081120e+01  1.054000e+01  1.027770e+01  1.003090e+01  
9.796860e+00  9.355240e+00  8.953040e+00  8.590640e+00  8.267710e+00  7.984050e+00  
7.739880e+00  7.535250e+00  7.370290e+00  7.244880e+00  7.158040e+00  7.109790e+00  
7.102180e+00  7.133350e+00  7.201670e+00  7.307770e+00  7.447180e+00  7.524930e+00  
7.600960e+00  7.641560e+00  7.495640e+00  7.220930e+00  5.824930e+00  4.814830e+00  
2.690150e+00  2.103450e+00  1.475460e+00  1.310050e+00  1.080840e+01  1.053900e+01  
1.027790e+01  1.003150e+01  9.797300e+00  9.355570e+00  8.953230e+00  8.590730e+00  
8.267800e+00  7.984290e+00  7.740370e+00  7.536050e+00  7.371320e+00  7.246040e+00  
7.159340e+00  7.111340e+00  7.104140e+00  7.135820e+00  7.204870e+00  7.312530e+00  
7.453990e+00  7.533430e+00  7.616200e+00  7.667880e+00  7.555220e+00  7.326270e+00  
6.076780e+00  5.121260e+00  2.941130e+00  2.285340e+00  1.514400e+00  1.310040e+00  