1.810330e+00  1.836920e+00  1.863400e+00  1.889680e+00  1.915810e+00  1.967740e+00  
2.018900e+00  2.068950e+00  2.117540e+00  2.164300e+00  2.208920e+00  2.251240e+00  
2.291210e+00  2.329240e+00  2.366620e+00  2.404450e+00  2.442650e+00  2.481060e+00  
2.519670e+00  2.559260e+00  2.600310e+00  2.620840e+00  2.640860e+00  2.657370e+00  
2.682410e+00  2.691520e+00  2.696400e+00  2.696730e+00  2.697460e+00  2.697530e+00  
2.697750e+00  2.697650e+00  2.327450e+00  2.355290e+00  2.382860e+00  2.409950e+00  
2.436680e+00  2.489390e+00  2.540670e+00  2.590180e+00  2.637580e+00  2.682510e+00  
2.724690e+00  2.764060e+00  2.800790e+00  2.835530e+00  2.869970e+00  2.905690e+00  
2.942960e+00  2.982080e+00  3.023630e+00  3.069020e+00  3.118820e+00  3.143540e+00  
3.164150e+00  3.176640e+00  3.194540e+00  3.201220e+00  3.204320e+00  3.204430e+00  
3.204910e+00  3.204960e+00  3.205140e+00  3.205060e+00  2.745090e+00  2.778510e+00  
2.810990e+00  2.841830e+00  2.871220e+00  2.926510e+00  2.976670e+00  3.021730e+00  
3.062130e+00  3.098970e+00  3.133830e+00  3.167140e+00  3.199210e+00  3.230460e+00  
3.262130e+00  3.295390e+00  3.330600e+00  3.368280e+00  3.408860e+00  3.452250e+00  
3.497570e+00  3.519980e+00  3.540590e+00  3.554770e+00  3.568720e+00  3.572500e+00  
3.575280e+00  3.575560e+00  3.575820e+00  3.575880e+00  3.575860e+00  3.575910e+00  
3.408660e+00  3.449750e+00  3.489010e+00  3.525010e+00  3.558060e+00  3.616890e+00  
3.665310e+00  3.703750e+00  3.733470e+00  3.757080e+00  3.778030e+00  3.797360e+00  
3.815670e+00  3.833780e+00  3.853340e+00  3.875830e+00  3.901250e+00  3.928910e+00  
3.958420e+00  3.991520e+00  4.029660e+00  4.049420e+00  4.066340e+00  4.076490e+00  
4.087010e+00  4.089580e+00  4.091360e+00  4.091550e+00  4.091740e+00  4.091750e+00  
4.091800e+00  4.091800e+00  3.923470e+00  3.975780e+00  4.024040e+00  4.065180e+00  
4.099970e+00  4.155310e+00  4.194240e+00  4.222030e+00  4.240910e+00  4.253620e+00  
4.263670e+00  4.272000e+00  4.278970e+00  4.285100e+00  4.291580e+00  4.299700e+00  
4.310170e+00  4.324040e+00  4.342400e+00  4.365670e+00  4.392360e+00  4.405430e+00  
4.417580e+00  4.426000e+00  4.433260e+00  4.434970e+00  4.436290e+00  4.436460e+00  
4.436590e+00  4.436590e+00  4.436600e+00  4.436620e+00  4.338660e+00  4.405270e+00  
4.464640e+00  4.511300e+00  4.546790e+00  4.594190e+00  4.619010e+00  4.634780e+00  
4.644400e+00  4.649070e+00  4.650350e+00  4.648280e+00  4.642630e+00  4.634310e+00  
4.626570e+00  4.622450e+00  4.622180e+00  4.625060e+00  4.630740e+00  4.640670e+00  
4.655180e+00  4.663060e+00  4.670640e+00  4.676010e+00  4.680580e+00  4.681690e+00  
4.682560e+00  4.682670e+00  4.682760e+00  4.682760e+00  4.682770e+00  4.682780e+00  
4.690050e+00  4.767580e+00  4.835230e+00  4.885520e+00  4.920660e+00  4.959750e+00  
4.971220e+00  4.975370e+00  4.975620e+00  4.971990e+00  4.964530e+00  4.952600e+00  
4.935500e+00  4.914420e+00  4.894110e+00  4.878780e+00  4.868300e+00  4.860660e+00  
4.854420e+00  4.851800e+00  4.854570e+00  4.857320e+00  4.860340e+00  4.862670e+00  
4.864510e+00  4.865010e+00  4.865430e+00  4.865470e+00  4.865510e+00  4.865500e+00  
4.865510e+00  4.865520e+00  5.292090e+00  5.348770e+00  5.400240e+00  5.442500e+00  
5.476430e+00  5.524160e+00  5.544080e+00  5.538710e+00  5.513070e+00  5.475540e+00  
5.436380e+00  5.398270e+00  5.361600e+00  5.326890e+00  5.294030e+00  5.263140e+00  
5.233920e+00  5.205240e+00  5.176700e+00  5.151330e+00  5.133310e+00  5.127450e+00  
5.121920e+00  5.117450e+00  5.113760e+00  5.112980e+00  5.112320e+00  5.112230e+00  
5.112150e+00  5.112150e+00  5.112160e+00  5.112170e+00  5.720920e+00  5.812560e+00  
5.888980e+00  5.938740e+00  5.965500e+00  5.973160e+00  5.942590e+00  5.906060e+00  
5.868470e+00  5.829010e+00  5.786580e+00  5.739850e+00  5.687440e+00  5.630460e+00  
5.574620e+00  5.524700e+00  5.479840e+00  5.436470e+00  5.392020e+00  5.350230e+00  
5.315060e+00  5.299840e+00  5.286090e+00  5.276410e+00  5.266800e+00  5.264590e+00  
5.262900e+00  5.262660e+00  5.262490e+00  5.262460e+00  5.262440e+00  5.262470e+00  
6.566190e+00  6.645040e+00  6.707450e+00  6.741110e+00  6.750300e+00  6.720750e+00  
6.649720e+00  6.569390e+00  6.486200e+00  6.402040e+00  6.318950e+00  6.236240e+00  
6.152960e+00  6.068930e+00  5.987060e+00  5.909410e+00  5.835170e+00  5.761490e+00  
5.686640e+00  5.614420e+00  5.547760e+00  5.515760e+00  5.485200e+00  5.462720e+00  
5.441330e+00  5.436140e+00  5.432050e+00  5.431520e+00  5.431120e+00  5.431050e+00  
5.431030e+00  5.431040e+00  7.165060e+00  7.221730e+00  7.262410e+00  7.275190e+00  
7.264550e+00  7.198170e+00  7.090500e+00  6.970010e+00  6.844630e+00  6.719500e+00  
6.600300e+00  6.487540e+00  6.380510e+00  6.277700e+00  6.179060e+00  6.083610e+00  
5.990670e+00  5.898260e+00  5.805320e+00  5.714830e+00  5.627430e+00  5.583090e+00  
5.539530e+00  5.506920e+00  5.477270e+00  5.469880e+00  5.463970e+00  5.463250e+00  
5.462690e+00  5.462580e+00  5.462550e+00  5.462540e+00  7.997050e+00  7.988920e+00  
7.971280e+00  7.937130e+00  7.889580e+00  7.768180e+00  7.612020e+00  7.428650e+00  
7.228980e+00  7.028160e+00  6.842060e+00  6.674970e+00  6.526370e+00  6.393750e+00  
6.274120e+00  6.162660e+00  6.056070e+00  5.946980e+00  5.830090e+00  5.711720e+00  
5.599250e+00  5.544100e+00  5.484600e+00  5.435150e+00  5.396020e+00  5.386450e+00  
5.377940e+00  5.376940e+00  5.376200e+00  5.376040e+00  5.376060e+00  5.375950e+00  
8.546980e+00  8.502530e+00  8.448260e+00  8.377060e+00  8.292770e+00  8.101200e+00  
7.879540e+00  7.636200e+00  7.382820e+00  7.134870e+00  6.908190e+00  6.706660e+00  
6.529480e+00  6.372970e+00  6.233100e+00  6.104450e+00  5.983110e+00  5.861070e+00  
5.732150e+00  5.601370e+00  5.474590e+00  5.411510e+00  5.343970e+00  5.288210e+00  
5.242750e+00  5.231580e+00  5.221790e+00  5.220640e+00  5.219770e+00  5.219590e+00  
5.219590e+00  5.219480e+00  8.956580e+00  8.877010e+00  8.787850e+00  8.682310e+00  
8.564780e+00  8.311560e+00  8.034510e+00  7.742450e+00  7.446780e+00  7.162330e+00  
6.904490e+00  6.676330e+00  6.476540e+00  6.300440e+00  6.142860e+00  5.998270e+00  
5.862640e+00  5.728710e+00  5.590610e+00  5.451590e+00  5.315800e+00  5.248510e+00  
5.178260e+00  5.121150e+00  5.071210e+00  5.058880e+00  5.048480e+00  5.047240e+00  
5.046260e+00  5.046090e+00  5.046070e+00  5.045990e+00  9.279130e+00  9.166090e+00  
9.044100e+00  8.906930e+00  8.759380e+00  8.451720e+00  8.127380e+00  7.794990e+00  
7.465400e+00  7.152010e+00  6.869410e+00  6.620020e+00  6.401630e+00  6.208770e+00  
6.035160e+00  5.875390e+00  5.725670e+00  5.580250e+00  5.434270e+00  5.289050e+00  
5.147150e+00  5.077700e+00  5.007570e+00  4.951750e+00  4.898410e+00  4.885230e+00  
4.874570e+00  4.873290e+00  4.872210e+00  4.872090e+00  4.872000e+00  4.871960e+00  
9.702920e+00  9.594480e+00  9.461610e+00  9.287050e+00  9.082320e+00  8.637240e+00  
8.182570e+00  7.767200e+00  7.395610e+00  7.063490e+00  6.767080e+00  6.500980e+00  
6.254780e+00  6.022240e+00  5.807380e+00  5.614350e+00  5.439800e+00  5.277920e+00  
5.122270e+00  4.966680e+00  4.812700e+00  4.741950e+00  4.673820e+00  4.620370e+00  
4.562400e+00  4.548570e+00  4.537650e+00  4.536150e+00  4.535070e+00  4.534950e+00  
4.534840e+00  4.534840e+00  1.003020e+01  9.888020e+00  9.718350e+00  9.501970e+00  
9.252680e+00  8.721010e+00  8.193130e+00  7.726210e+00  7.320040e+00  6.963260e+00  
6.644490e+00  6.355880e+00  6.084890e+00  5.825580e+00  5.585280e+00  5.370640e+00  
5.178430e+00  5.001250e+00  4.831990e+00  4.664990e+00  4.503570e+00  4.431380e+00  
4.362780e+00  4.309090e+00  4.249030e+00  4.234880e+00  4.223750e+00  4.222200e+00  
4.221080e+00  4.220970e+00  4.220830e+00  4.220880e+00  1.073390e+01  1.037160e+01  
1.001410e+01  9.666190e+00  9.331610e+00  8.709380e+00  8.141550e+00  7.623110e+00  
7.149910e+00  6.719830e+00  6.331080e+00  5.980560e+00  5.663790e+00  5.375250e+00  
5.108990e+00  4.861890e+00  4.635000e+00  4.426300e+00  4.233570e+00  4.047960e+00  
3.863670e+00  3.775940e+00  3.697470e+00  3.643200e+00  3.583100e+00  3.566700e+00  
3.555560e+00  3.554470e+00  3.553200e+00  3.553020e+00  3.552840e+00  3.552880e+00  
1.104000e+01  1.061000e+01  1.018900e+01  9.784730e+00  9.399850e+00  8.689380e+00  
8.048210e+00  7.469870e+00  6.948590e+00  6.480300e+00  6.062600e+00  5.689350e+00  
5.353110e+00  5.045620e+00  4.756890e+00  4.481380e+00  4.222640e+00  3.984230e+00  
3.767660e+00  3.567530e+00  3.379870e+00  3.290780e+00  3.202220e+00  3.133840e+00  
3.074610e+00  3.060240e+00  3.048370e+00  3.046990e+00  3.045860e+00  3.045680e+00  
3.045600e+00  3.045520e+00  1.149070e+01  1.093530e+01  1.040090e+01  9.903850e+00  
9.442500e+00  8.607570e+00  7.874400e+00  7.229220e+00  6.660920e+00  6.156130e+00  
5.704060e+00  5.297260e+00  4.928100e+00  4.588940e+00  4.270920e+00  3.968800e+00  
3.684440e+00  3.421300e+00  3.178760e+00  2.953070e+00  2.743210e+00  2.645190e+00  
2.551030e+00  2.480950e+00  2.419400e+00  2.404660e+00  2.392740e+00  2.391360e+00  
2.390220e+00  2.390050e+00  2.389950e+00  2.389850e+00  1.178520e+01  1.114750e+01  
1.054020e+01  9.986270e+00  9.479320e+00  8.568310e+00  7.779600e+00  7.093080e+00  
6.494790e+00  5.966700e+00  5.492630e+00  5.064090e+00  4.674200e+00  4.315900e+00  
3.981280e+00  3.665280e+00  3.368060e+00  3.090860e+00  2.833460e+00  2.591880e+00  
2.366800e+00  2.262620e+00  2.165960e+00  2.096230e+00  2.031220e+00  2.015840e+00  
2.003930e+00  2.002540e+00  2.001330e+00  2.001200e+00  2.001040e+00  2.001020e+00  
1.200530e+01  1.131080e+01  1.065410e+01  1.006340e+01  9.527500e+00  8.565690e+00  
7.739740e+00  7.025270e+00  6.405300e+00  5.859500e+00  5.369050e+00  4.924640e+00  
4.519800e+00  4.147910e+00  3.801640e+00  3.476030e+00  3.170340e+00  2.884390e+00  
2.618080e+00  2.367330e+00  2.131780e+00  2.021960e+00  1.920210e+00  1.847000e+00  
1.779280e+00  1.763500e+00  1.751340e+00  1.749900e+00  1.748640e+00  1.748510e+00  
1.748350e+00  1.748410e+00  1.218290e+01  1.144680e+01  1.075470e+01  1.013880e+01  
9.583650e+00  8.586020e+00  7.733480e+00  6.999600e+00  6.363820e+00  5.804350e+00  
5.301240e+00  4.844840e+00  4.428760e+00  4.046640e+00  3.691420e+00  3.358190e+00  
3.045770e+00  2.753330e+00  2.480390e+00  2.223250e+00  1.979350e+00  1.864340e+00  
1.756880e+00  1.679010e+00  1.608550e+00  1.592270e+00  1.579620e+00  1.578120e+00  
1.576820e+00  1.576670e+00  1.576520e+00  1.576600e+00  1.246340e+01  1.167060e+01  
1.093140e+01  1.028430e+01  9.706310e+00  8.664370e+00  7.778540e+00  7.021160e+00  
6.365790e+00  5.788430e+00  5.268410e+00  4.796020e+00  4.364840e+00  3.968440e+00  
3.599840e+00  3.254100e+00  2.929940e+00  2.626380e+00  2.341970e+00  2.072910e+00  
1.813830e+00  1.689370e+00  1.571460e+00  1.484750e+00  1.407350e+00  1.389350e+00  
1.375210e+00  1.373540e+00  1.372100e+00  1.371930e+00  1.371780e+00  1.371780e+00  
1.268160e+01  1.185300e+01  1.108510e+01  1.042060e+01  9.831220e+00  8.766280e+00  
7.863840e+00  7.094240e+00  6.428460e+00  5.841120e+00  5.311330e+00  4.829420e+00  
4.388870e+00  3.982950e+00  3.604290e+00  3.247880e+00  2.912750e+00  2.598420e+00  
2.302980e+00  2.020810e+00  1.746460e+00  1.612850e+00  1.485120e+00  1.389880e+00  
1.303650e+00  1.283260e+00  1.267160e+00  1.265260e+00  1.263650e+00  1.263450e+00  
1.263290e+00  1.263160e+00  1.305580e+01  1.218600e+01  1.138740e+01  1.070920e+01  
1.011410e+01  9.033400e+00  8.122790e+00  7.341730e+00  6.663540e+00  6.063270e+00  
5.520850e+00  5.026430e+00  4.572900e+00  4.152640e+00  3.756990e+00  3.380440e+00  
3.022840e+00  2.684900e+00  2.363990e+00  2.049940e+00  1.736220e+00  1.579140e+00  
1.423830e+00  1.303040e+00  1.190790e+00  1.163520e+00  1.141620e+00  1.139040e+00  
1.136930e+00  1.136640e+00  1.136420e+00  1.136310e+00  1.328580e+01  1.240680e+01  
1.160460e+01  1.093210e+01  1.034610e+01  9.276340e+00  8.373880e+00  7.592630e+00  
6.909980e+00  6.303480e+00  5.755040e+00  5.254740e+00  4.794870e+00  4.366990e+00  
3.961340e+00  3.571700e+00  3.198210e+00  2.841980e+00  2.499720e+00  2.158090e+00  
1.806120e+00  1.625230e+00  1.438820e+00  1.287740e+00  1.146830e+00  1.112750e+00  
1.085380e+00  1.082040e+00  1.079190e+00  1.078830e+00  1.078590e+00  1.078840e+00  
1.355290e+01  1.267490e+01  1.188190e+01  1.123220e+01  1.067500e+01  9.652340e+00  
8.779870e+00  8.015470e+00  7.339640e+00  6.732730e+00  6.178580e+00  5.668960e+00  
5.197810e+00  4.758460e+00  4.343100e+00  3.945280e+00  3.560910e+00  3.184200e+00  
2.806990e+00  2.416030e+00  1.995990e+00  1.770020e+00  1.528000e+00  1.319410e+00  
1.109740e+00  1.062300e+00  1.029740e+00  1.025590e+00  1.019800e+00  1.018870e+00  
1.019680e+00  1.020320e+00  1.360780e+01  1.277930e+01  1.203630e+01  1.143630e+01  
1.092420e+01  9.962710e+00  9.114870e+00  8.353850e+00  7.669620e+00  7.052190e+00  
6.493460e+00  5.985330e+00  5.519410e+00  5.086200e+00  4.673970e+00  4.273590e+00  
3.880930e+00  3.490170e+00  3.091220e+00  2.664710e+00  2.187660e+00  1.922570e+00  
1.633770e+00  1.379420e+00  1.102130e+00  1.032490e+00  9.983600e-01  9.954000e-01  
9.863600e-01  9.844210e-01  9.871750e-01  9.870300e-01  1.368930e+01  1.286530e+01  
1.213360e+01  1.155550e+01  1.106920e+01  1.014790e+01  9.328260e+00  8.588240e+00  
7.919220e+00  7.312300e+00  6.760320e+00  6.256000e+00  5.791720e+00  5.358630e+00  
4.945700e+00  4.543880e+00  4.148250e+00  3.751570e+00  3.340920e+00  2.891030e+00  
2.370470e+00  2.072230e+00  1.738620e+00  1.440450e+00  1.105110e+00  1.017860e+00  
9.777900e-01  9.748100e-01  9.637300e-01  9.612690e-01  9.651950e-01  9.641420e-01  
1.373840e+01  1.291790e+01  1.219600e+01  1.163770e+01  1.117410e+01  1.028550e+01  
9.490610e+00  8.769670e+00  8.115300e+00  7.519410e+00  6.975520e+00  6.476960e+00  
6.016680e+00  5.586370e+00  5.175460e+00  4.774950e+00  4.379360e+00  3.980230e+00  
3.562290e+00  3.095200e+00  2.539820e+00  2.213780e+00  1.841610e+00  1.503330e+00  
1.114740e+00  1.010860e+00  9.630800e-01  9.597100e-01  9.471800e-01  9.443590e-01  
9.490360e-01  9.470210e-01  1.377130e+01  1.296020e+01  1.225780e+01  1.173510e+01  
1.131090e+01  1.047650e+01  9.724630e+00  9.037620e+00  8.410000e+00  7.834920e+00  
7.307150e+00  6.821090e+00  6.370730e+00  5.948850e+00  5.546050e+00  5.153680e+00  
4.765030e+00  4.369280e+00  3.946090e+00  3.454060e+00  2.839070e+00  2.464580e+00  
2.026840e+00  1.622720e+00  1.157180e+00  1.023690e+00  9.339700e-01  9.297300e-01  
9.301400e-01  9.281540e-01  9.194950e-01  9.228520e-01  1.378330e+01  1.297840e+01  
1.228960e+01  1.179190e+01  1.139560e+01  1.059990e+01  9.880290e+00  9.220190e+00  
8.615170e+00  8.059190e+00  7.547680e+00  7.075620e+00  6.637610e+00  6.226970e+00  
5.834790e+00  5.452550e+00  5.072970e+00  4.683830e+00  4.261730e+00  3.758020e+00  
3.106140e+00  2.697100e+00  2.207030e+00  1.742840e+00  1.197300e+00  1.036660e+00  
9.227600e-01  9.157000e-01  9.151700e-01  9.129790e-01  9.032900e-01  9.068600e-01  
1.383440e+01  1.302920e+01  1.235060e+01  1.187970e+01  1.151590e+01  1.076910e+01  
1.009360e+01  9.475170e+00  8.909860e+00  8.392180e+00  7.917790e+00  7.481800e+00  
7.078580e+00  6.700870e+00  6.338480e+00  5.981920e+00  5.624260e+00  5.253820e+00  
4.847590e+00  4.356020e+00  3.688900e+00  3.233570e+00  2.634840e+00  2.026500e+00  
1.289060e+00  1.074430e+00  9.230200e-01  9.050800e-01  8.871000e-01  8.853000e-01  
8.853910e-01  8.829040e-01  1.379420e+01  1.300040e+01  1.233800e+01  1.189080e+01  
1.155320e+01  1.084900e+01  1.021020e+01  9.625190e+00  9.090450e+00  8.601240e+00  
8.153760e+00  7.743630e+00  7.365740e+00  7.013220e+00  6.676160e+00  6.345080e+00  
6.012740e+00  5.666390e+00  5.280200e+00  4.797120e+00  4.113660e+00  3.633760e+00  
2.988910e+00  2.305940e+00  1.409340e+00  1.134020e+00  9.211600e-01  8.954800e-01  
8.754100e-01  8.733920e-01  8.727720e-01  8.701780e-01  1.369310e+01  1.291790e+01  
1.227980e+01  1.186590e+01  1.156400e+01  1.091840e+01  1.033070e+01  9.792010e+00  
9.299620e+00  8.849910e+00  8.439910e+00  8.066200e+00  7.724640e+00  7.409490e+00  
7.111960e+00  6.823310e+00  6.536120e+00  6.236340e+00  5.893730e+00  5.438360e+00  
4.746330e+00  4.239660e+00  3.540690e+00  2.765400e+00  1.650850e+00  1.279740e+00  
9.361900e-01  8.898600e-01  8.612100e-01  8.589320e-01  8.532100e-01  8.564450e-01  
1.366400e+01  1.289260e+01  1.226170e+01  1.186050e+01  1.157320e+01  1.095230e+01  
1.038800e+01  9.872820e+00  9.404320e+00  8.979140e+00  8.594520e+00  8.247310e+00  
7.933470e+00  7.647260e+00  7.379610e+00  7.121720e+00  6.866900e+00  6.602050e+00  
6.297990e+00  5.884770e+00  5.229810e+00  4.728380e+00  4.005710e+00  3.161290e+00  
1.860090e+00  1.405360e+00  9.633700e-01  8.980300e-01  8.520400e-01  8.490680e-01  
8.473660e-01  8.491520e-01  1.365010e+01  1.288370e+01  1.225890e+01  1.186570e+01  
1.158690e+01  1.098010e+01  1.042920e+01  9.927340e+00  9.472390e+00  9.061340e+00  
8.691740e+00  8.360740e+00  8.064800e+00  7.798650e+00  7.553820e+00  7.322030e+00  
7.096940e+00  6.865450e+00  6.596920e+00  6.215680e+00  5.587420e+00  5.104350e+00  
4.408540e+00  3.551760e+00  2.069270e+00  1.515440e+00  9.758300e-01  9.010500e-01  
8.547100e-01  8.512300e-01  8.470840e-01  8.447270e-01  1.360580e+01  1.285160e+01  
1.223880e+01  1.185700e+01  1.158880e+01  1.100030e+01  1.046450e+01  9.974810e+00  
9.529560e+00  9.126810e+00  8.765290e+00  8.443590e+00  8.160100e+00  7.911270e+00  
7.689700e+00  7.485980e+00  7.288120e+00  7.076390e+00  6.819520e+00  6.458570e+00  
5.876050e+00  5.420680e+00  4.736130e+00  3.850190e+00  2.260920e+00  1.634310e+00  
1.001390e+00  9.129400e-01  8.533400e-01  8.491170e-01  8.422160e-01  8.416440e-01  
1.359070e+01  1.284640e+01  1.224190e+01  1.186600e+01  1.160240e+01  1.102350e+01  
1.049870e+01  1.002270e+01  9.593480e+00  9.208930e+00  8.867110e+00  8.565940e+00  
8.302680e+00  8.073120e+00  7.869990e+00  7.686490e+00  7.518040e+00  7.353670e+00  
7.164300e+00  6.871980e+00  6.336780e+00  5.899260e+00  5.238720e+00  4.356010e+00  
2.607000e+00  1.861970e+00  1.054940e+00  9.354000e-01  8.532400e-01  8.467890e-01  
8.397100e-01  8.378820e-01  1.355830e+01  1.282910e+01  1.223760e+01  1.187090e+01  
1.161440e+01  1.104880e+01  1.053480e+01  1.006830e+01  9.647430e+00  9.270530e+00  
8.936210e+00  8.643140e+00  8.389740e+00  8.173490e+00  7.989680e+00  7.832460e+00  
7.694020e+00  7.555370e+00  7.385760e+00  7.130520e+00  6.666010e+00  6.266620e+00  
5.632560e+00  4.756690e+00  2.921740e+00  2.059890e+00  1.109370e+00  9.672000e-01  
8.552600e-01  8.447070e-01  8.353730e-01  8.355710e-01  1.353390e+01  1.282840e+01  
1.225560e+01  1.189940e+01  1.164900e+01  1.109600e+01  1.059220e+01  1.013500e+01  
9.723260e+00  9.356540e+00  9.034340e+00  8.755820e+00  8.519700e+00  8.323740e+00  
8.163490e+00  8.034180e+00  7.930940e+00  7.839700e+00  7.735090e+00  7.565860e+00  
7.217300e+00  6.888620e+00  6.319430e+00  5.477280e+00  3.550630e+00  2.531930e+00  
1.242470e+00  1.033500e+00  8.633800e-01  8.473830e-01  8.340230e-01  8.324580e-01  
1.352130e+01  1.283620e+01  1.227670e+01  1.192240e+01  1.166910e+01  1.111750e+01  
1.061740e+01  1.016570e+01  9.761330e+00  9.402860e+00  9.089160e+00  8.819320e+00  
8.592050e+00  8.405060e+00  8.253720e+00  8.134560e+00  8.047840e+00  7.989620e+00  
7.941390e+00  7.838900e+00  7.557740e+00  7.273670e+00  6.774140e+00  5.991760e+00  
4.032690e+00  2.925250e+00  1.371640e+00  1.106110e+00  8.750100e-01  8.500560e-01  
8.324580e-01  8.307500e-01  1.339840e+01  1.278480e+01  1.227580e+01  1.193750e+01  
1.168410e+01  1.114390e+01  1.065180e+01  1.020620e+01  9.806420e+00  9.452310e+00  
9.143860e+00  8.880820e+00  8.662680e+00  8.488380e+00  8.354750e+00  8.259060e+00  
8.199470e+00  8.166590e+00  8.143510e+00  8.095690e+00  7.938430e+00  7.747130e+00  
7.354100e+00  6.681150e+00  4.781110e+00  3.527050e+00  1.613260e+00  1.254490e+00  
9.022100e-01  8.546910e-01  8.329280e-01  8.292080e-01  1.330590e+01  1.274700e+01  
1.227510e+01  1.194560e+01  1.168780e+01  1.115160e+01  1.066300e+01  1.022100e+01  
9.824920e+00  9.474690e+00  9.170500e+00  8.912250e+00  8.699550e+00  8.531610e+00  
8.405450e+00  8.318890e+00  8.271230e+00  8.254980e+00  8.256720e+00  8.248810e+00  
8.160040e+00  8.021690e+00  7.702770e+00  7.116900e+00  5.319870e+00  4.018600e+00  
1.831650e+00  1.388370e+00  9.307400e-01  8.652340e-01  8.351140e-01  8.283920e-01  
1.324000e+01  1.272090e+01  1.227590e+01  1.195220e+01  1.169070e+01  1.115540e+01  
1.066790e+01  1.022750e+01  9.833630e+00  9.486340e+00  9.185800e+00  8.931410e+00  
8.722060e+00  8.556960e+00  8.434700e+00  8.354450e+00  8.315730e+00  8.310960e+00  
8.328600e+00  8.349470e+00  8.306950e+00  8.199310e+00  7.933310e+00  7.426630e+00  
5.744790e+00  4.412430e+00  2.030810e+00  1.515710e+00  9.595390e-01  8.762820e-01  
8.398440e-01  8.280030e-01  1.319180e+01  1.270150e+01  1.227610e+01  1.195710e+01  
1.169330e+01  1.115880e+01  1.067180e+01  1.023260e+01  9.840560e+00  9.495160e+00  
9.196260e+00  8.943600e+00  8.736830e+00  8.575370e+00  8.457120e+00  8.380820e+00  
8.346710e+00  8.348630e+00  8.376580e+00  8.412300e+00  8.404630e+00  8.334070e+00  
8.115770e+00  7.642840e+00  6.036170e+00  4.782640e+00  2.229550e+00  1.627670e+00  
9.878900e-01  8.949620e-01  8.365330e-01  8.275760e-01  1.313380e+01  1.267850e+01  
1.227670e+01  1.196310e+01  1.169620e+01  1.116330e+01  1.067780e+01  1.024040e+01  
9.850370e+00  9.507280e+00  9.210860e+00  8.960880e+00  8.757080e+00  8.598930e+00  
8.484730e+00  8.413580e+00  8.386370e+00  8.397870e+00  8.440040e+00  8.498770e+00  
8.532930e+00  8.500330e+00  8.350090e+00  7.970950e+00  6.523810e+00  5.316710e+00  
2.587560e+00  1.850460e+00  1.046010e+00  9.222790e-01  8.409420e-01  8.275150e-01  
1.309870e+01  1.266490e+01  1.227760e+01  1.196710e+01  1.169830e+01  1.116660e+01  
1.068240e+01  1.024610e+01  9.857160e+00  9.515180e+00  9.219990e+00  8.971480e+00  
8.769480e+00  8.613450e+00  8.501850e+00  8.433930e+00  8.410960e+00  8.428310e+00  
8.479210e+00  8.552510e+00  8.613020e+00  8.604530e+00  8.500630e+00  8.190980e+00  
6.879330e+00  5.727270e+00  2.902530e+00  2.053830e+00  1.103040e+00  9.506450e-01  
8.457030e-01  8.269040e-01  1.304650e+01  1.264460e+01  1.227880e+01  1.197290e+01  
1.170100e+01  1.117160e+01  1.068950e+01  1.025480e+01  9.867080e+00  9.526190e+00  
9.232380e+00  8.985680e+00  8.786040e+00  8.633050e+00  8.525160e+00  8.461780e+00  
8.444570e+00  8.469820e+00  8.532590e+00  8.626210e+00  8.723860e+00  8.749620e+00  
8.714300e+00  8.517240e+00  7.465430e+00  6.446010e+00  3.552570e+00  2.505100e+00  
1.240370e+00  1.023630e+00  8.587950e-01  8.265380e-01  1.301680e+01  1.263290e+01  
1.227910e+01  1.197560e+01  1.170190e+01  1.117340e+01  1.069240e+01  1.025860e+01  
9.871750e+00  9.531850e+00  9.239310e+00  8.993880e+00  8.794920e+00  8.642160e+00  
8.535500e+00  8.475420e+00  8.462860e+00  8.492230e+00  8.558090e+00  8.660110e+00  
8.787080e+00  8.838770e+00  8.824300e+00  8.657830e+00  7.844930e+00  7.004940e+00  
4.024300e+00  2.857470e+00  1.373430e+00  1.108180e+00  8.741460e-01  8.266600e-01  
1.298320e+01  1.261950e+01  1.227930e+01  1.197860e+01  1.170300e+01  1.117520e+01  
1.069490e+01  1.026190e+01  9.875810e+00  9.536790e+00  9.245240e+00  9.000880e+00  
8.803160e+00  8.651900e+00  8.547090e+00  8.489420e+00  8.479980e+00  8.513630e+00  
8.585700e+00  8.698070e+00  8.846570e+00  8.919730e+00  8.944380e+00  8.843320e+00  
8.262080e+00  7.627850e+00  4.780480e+00  3.470090e+00  1.614430e+00  1.256740e+00  
8.997800e-01  8.266600e-01  1.298670e+01  1.262620e+01  1.228670e+01  1.198280e+01  
1.170270e+01  1.117110e+01  1.069000e+01  1.025790e+01  9.873920e+00  9.537220e+00  
9.247530e+00  9.004690e+00  8.808570e+00  8.658290e+00  8.551270e+00  8.487410e+00  
8.473040e+00  8.514990e+00  8.614560e+00  8.747100e+00  8.879360e+00  8.942020e+00  
8.995230e+00  8.981520e+00  8.518230e+00  7.877480e+00  5.357340e+00  4.022280e+00  
1.831990e+00  1.374850e+00  9.283450e-01  8.261720e-01  1.297540e+01  1.262150e+01  
1.228640e+01  1.198340e+01  1.170260e+01  1.117130e+01  1.069040e+01  1.025860e+01  
9.874840e+00  9.538440e+00  9.249070e+00  9.006630e+00  8.810940e+00  8.661210e+00  
8.554810e+00  8.491700e+00  8.478350e+00  8.521690e+00  8.623310e+00  8.759070e+00  
8.897740e+00  8.966760e+00  9.032600e+00  9.043580e+00  8.676620e+00  8.124840e+00  
5.770820e+00  4.422090e+00  2.053300e+00  1.503970e+00  9.566650e-01  8.259280e-01  
1.294410e+01  1.260420e+01  1.228020e+01  1.198320e+01  1.170530e+01  1.117700e+01  
1.069590e+01  1.026320e+01  9.878330e+00  9.540760e+00  9.250400e+00  9.007250e+00  
8.811390e+00  8.662680e+00  8.560080e+00  8.503650e+00  8.495790e+00  8.534130e+00  
8.616370e+00  8.742110e+00  8.902920e+00  8.989140e+00  9.067890e+00  9.087980e+00  
8.780370e+00  8.307810e+00  6.101760e+00  4.755280e+00  2.259940e+00  1.627410e+00  
9.863280e-01  8.262940e-01  1.293480e+01  1.260040e+01  1.228010e+01  1.198390e+01  
1.170540e+01  1.117770e+01  1.069730e+01  1.026490e+01  9.880000e+00  9.542390e+00  
9.252040e+00  9.009040e+00  8.813470e+00  8.665190e+00  8.563120e+00  8.507320e+00  
8.500240e+00  8.539660e+00  8.623540e+00  8.752000e+00  8.918560e+00  9.010480e+00  
9.099530e+00  9.140290e+00  8.927060e+00  8.548190e+00  6.593550e+00  5.293760e+00  
2.626480e+00  1.885620e+00  1.043700e+00  8.260500e-01  1.293050e+01  1.259770e+01  
1.227840e+01  1.198240e+01  1.170400e+01  1.117860e+01  1.070050e+01  1.026920e+01  
9.884180e+00  9.545610e+00  9.254020e+00  9.009810e+00  8.813430e+00  8.665020e+00  
8.563500e+00  8.508890e+00  8.503490e+00  8.544590e+00  8.629340e+00  8.756610e+00  
8.925580e+00  9.024560e+00  9.119690e+00  9.171490e+00  9.025900e+00  8.696190e+00  
6.939580e+00  5.722900e+00  2.949700e+00  2.104610e+00  1.100950e+00  8.261720e-01  