6.527100e-01  6.655270e-01  6.786200e-01  6.922080e-01  7.062900e-01  7.357700e-01  
7.668500e-01  7.992900e-01  8.331300e-01  8.685900e-01  9.059800e-01  9.458300e-01  
9.890500e-01  1.036540e+00  1.088900e+00  1.145790e+00  1.204200e+00  1.256230e+00  
1.292870e+00  1.312870e+00  1.325280e+00  1.334750e+00  1.342860e+00  1.345550e+00  
1.342290e+00  1.341160e+00  1.340980e+00  1.340940e+00  1.340760e+00  1.340730e+00  
1.340710e+00  1.340720e+00  9.122700e-01  9.319130e-01  9.516500e-01  9.715650e-01  
9.916900e-01  1.032640e+00  1.074590e+00  1.117660e+00  1.162130e+00  1.208450e+00  
1.257300e+00  1.308920e+00  1.363350e+00  1.420600e+00  1.480500e+00  1.542330e+00  
1.604150e+00  1.661880e+00  1.709790e+00  1.742040e+00  1.751580e+00  1.748610e+00  
1.749530e+00  1.755080e+00  1.755100e+00  1.753320e+00  1.754420e+00  1.754910e+00  
1.754750e+00  1.754590e+00  1.754900e+00  1.754700e+00  1.160480e+00  1.185070e+00  
1.209740e+00  1.234580e+00  1.259650e+00  1.310540e+00  1.362330e+00  1.415000e+00  
1.468530e+00  1.523020e+00  1.578720e+00  1.635840e+00  1.694630e+00  1.755750e+00  
1.820510e+00  1.889200e+00  1.958530e+00  2.020340e+00  2.065320e+00  2.090980e+00  
2.101100e+00  2.104380e+00  2.107630e+00  2.109950e+00  2.110480e+00  2.110640e+00  
2.111440e+00  2.111570e+00  2.111510e+00  2.111470e+00  2.111520e+00  2.111490e+00  
1.615740e+00  1.649370e+00  1.682830e+00  1.716020e+00  1.749010e+00  1.814670e+00  
1.879600e+00  1.943730e+00  2.007180e+00  2.070410e+00  2.134240e+00  2.198820e+00  
2.264100e+00  2.330150e+00  2.397400e+00  2.465430e+00  2.531260e+00  2.588660e+00  
2.631390e+00  2.660190e+00  2.676260e+00  2.679920e+00  2.685580e+00  2.692560e+00  
2.696950e+00  2.697340e+00  2.696020e+00  2.695780e+00  2.695970e+00  2.695990e+00  
2.696020e+00  2.696000e+00  2.019780e+00  2.060910e+00  2.101510e+00  2.141180e+00  
2.180050e+00  2.255900e+00  2.328760e+00  2.398560e+00  2.465720e+00  2.531330e+00  
2.597030e+00  2.663030e+00  2.729050e+00  2.794510e+00  2.858930e+00  2.921340e+00  
2.979600e+00  3.030330e+00  3.070300e+00  3.100280e+00  3.121260e+00  3.128870e+00  
3.138620e+00  3.148920e+00  3.157260e+00  3.157750e+00  3.154440e+00  3.153920e+00  
3.154320e+00  3.154330e+00  3.154450e+00  3.154380e+00  2.380850e+00  2.427810e+00  
2.473860e+00  2.518320e+00  2.561340e+00  2.643850e+00  2.721010e+00  2.792840e+00  
2.860030e+00  2.924300e+00  2.988150e+00  3.051830e+00  3.114940e+00  3.176550e+00  
3.235590e+00  3.290830e+00  3.340980e+00  3.384860e+00  3.421630e+00  3.452150e+00  
3.477540e+00  3.488860e+00  3.502340e+00  3.515440e+00  3.526860e+00  3.527520e+00  
3.522970e+00  3.522260e+00  3.522810e+00  3.522820e+00  3.523010e+00  3.522890e+00  
2.706030e+00  2.756910e+00  2.806570e+00  2.854090e+00  2.899660e+00  2.985960e+00  
3.065030e+00  3.136890e+00  3.202360e+00  3.263500e+00  3.323230e+00  3.381890e+00  
3.439140e+00  3.494130e+00  3.546070e+00  3.594110e+00  3.637540e+00  3.676310e+00  
3.710580e+00  3.741030e+00  3.768670e+00  3.782260e+00  3.798730e+00  3.814710e+00  
3.828440e+00  3.828850e+00  3.824260e+00  3.823350e+00  3.823860e+00  3.824160e+00  
3.823950e+00  3.824060e+00  3.261730e+00  3.318800e+00  3.373910e+00  3.425570e+00  
3.474060e+00  3.563090e+00  3.640500e+00  3.706570e+00  3.762760e+00  3.812270e+00  
3.859480e+00  3.905140e+00  3.948970e+00  3.990300e+00  4.028390e+00  4.062740e+00  
4.093470e+00  4.122050e+00  4.150300e+00  4.179790e+00  4.212410e+00  4.230300e+00  
4.249680e+00  4.266290e+00  4.282320e+00  4.284160e+00  4.280370e+00  4.279740e+00  
4.280370e+00  4.280390e+00  4.280610e+00  4.280490e+00  3.719540e+00  3.785960e+00  
3.848100e+00  3.902680e+00  3.950530e+00  4.031280e+00  4.095550e+00  4.149780e+00  
4.195880e+00  4.235640e+00  4.271640e+00  4.304350e+00  4.333850e+00  4.360190e+00  
4.383400e+00  4.404010e+00  4.423190e+00  4.444010e+00  4.469560e+00  4.499920e+00  
4.533010e+00  4.549770e+00  4.568900e+00  4.586300e+00  4.602130e+00  4.604900e+00  
4.604030e+00  4.603830e+00  4.604280e+00  4.604410e+00  4.604430e+00  4.604420e+00  
4.601880e+00  4.673220e+00  4.737870e+00  4.790740e+00  4.833190e+00  4.895350e+00  
4.933070e+00  4.956790e+00  4.970140e+00  4.976710e+00  4.980780e+00  4.981230e+00  
4.974860e+00  4.962120e+00  4.951730e+00  4.951180e+00  4.959590e+00  4.971970e+00  
4.984470e+00  5.001970e+00  5.029500e+00  5.045620e+00  5.059450e+00  5.068140e+00  
5.080950e+00  5.085890e+00  5.093280e+00  5.094310e+00  5.094380e+00  5.094310e+00  
5.094350e+00  5.094400e+00  5.259080e+00  5.313910e+00  5.363960e+00  5.405560e+00  
5.439580e+00  5.489470e+00  5.513960e+00  5.514890e+00  5.496270e+00  5.465000e+00  
5.429760e+00  5.393490e+00  5.358000e+00  5.325840e+00  5.300920e+00  5.286250e+00  
5.280860e+00  5.280220e+00  5.280780e+00  5.286620e+00  5.302310e+00  5.312310e+00  
5.317830e+00  5.317690e+00  5.323360e+00  5.329260e+00  5.343790e+00  5.345850e+00  
5.345370e+00  5.345450e+00  5.345170e+00  5.345380e+00  6.174810e+00  6.215640e+00  
6.250090e+00  6.273330e+00  6.286720e+00  6.291000e+00  6.264610e+00  6.211210e+00  
6.137260e+00  6.052760e+00  5.969340e+00  5.891030e+00  5.819390e+00  5.756150e+00  
5.704180e+00  5.664830e+00  5.636300e+00  5.612250e+00  5.587760e+00  5.568140e+00  
5.559010e+00  5.555820e+00  5.545040e+00  5.529170e+00  5.521090e+00  5.526000e+00  
5.547310e+00  5.550520e+00  5.549370e+00  5.549430e+00  5.548910e+00  5.549270e+00  
6.831850e+00  6.855370e+00  6.871480e+00  6.874620e+00  6.866600e+00  6.826110e+00  
6.752950e+00  6.652410e+00  6.532760e+00  6.406210e+00  6.286500e+00  6.177790e+00  
6.081050e+00  5.996440e+00  5.924730e+00  5.865160e+00  5.815710e+00  5.770150e+00  
5.723830e+00  5.682170e+00  5.650990e+00  5.636760e+00  5.614720e+00  5.589780e+00  
5.572460e+00  5.574660e+00  5.593620e+00  5.596580e+00  5.595280e+00  5.595310e+00  
5.594790e+00  5.595150e+00  7.353900e+00  7.358340e+00  7.354800e+00  7.337330e+00  
7.308120e+00  7.225030e+00  7.109490e+00  6.967960e+00  6.809940e+00  6.648860e+00  
6.499750e+00  6.366520e+00  6.249440e+00  6.147190e+00  6.058460e+00  5.980880e+00  
5.912500e+00  5.848000e+00  5.783540e+00  5.723890e+00  5.674410e+00  5.651660e+00  
5.622900e+00  5.594410e+00  5.572080e+00  5.570860e+00  5.581610e+00  5.583380e+00  
5.582260e+00  5.582260e+00  5.581910e+00  5.582120e+00  7.961810e+00  7.880580e+00  
7.797860e+00  7.712840e+00  7.627330e+00  7.460500e+00  7.297310e+00  7.137920e+00  
6.982490e+00  6.831160e+00  6.684420e+00  6.543130e+00  6.408100e+00  6.279460e+00  
6.158570e+00  6.046600e+00  5.944680e+00  5.854520e+00  5.777300e+00  5.710830e+00  
5.655470e+00  5.635350e+00  5.622380e+00  5.610960e+00  5.552330e+00  5.523980e+00  
5.539640e+00  5.546380e+00  5.543590e+00  5.541630e+00  5.544940e+00  5.542910e+00  
8.461170e+00  8.446070e+00  8.411860e+00  8.344580e+00  8.250970e+00  8.020430e+00  
7.760540e+00  7.509580e+00  7.274580e+00  7.056580e+00  6.857170e+00  6.676540e+00  
6.512810e+00  6.363250e+00  6.224930e+00  6.096110e+00  5.976600e+00  5.866600e+00  
5.766000e+00  5.673040e+00  5.584410e+00  5.541570e+00  5.502990e+00  5.477190e+00  
5.449950e+00  5.438190e+00  5.419860e+00  5.417090e+00  5.416810e+00  5.417150e+00  
5.416680e+00  5.416860e+00  8.992080e+00  8.940730e+00  8.870070e+00  8.766150e+00  
8.636430e+00  8.338140e+00  8.018640e+00  7.717710e+00  7.441150e+00  7.188270e+00  
6.958400e+00  6.750630e+00  6.561580e+00  6.387550e+00  6.225130e+00  6.072680e+00  
5.930140e+00  5.798030e+00  5.676570e+00  5.563800e+00  5.457340e+00  5.407250e+00  
5.362620e+00  5.333350e+00  5.302880e+00  5.287510e+00  5.259970e+00  5.255550e+00  
5.255310e+00  5.255970e+00  5.255080e+00  5.255490e+00  9.875660e+00  9.741210e+00  
9.588910e+00  9.406150e+00  9.201290e+00  8.766500e+00  8.331730e+00  7.937250e+00  
7.585580e+00  7.272690e+00  6.993840e+00  6.742020e+00  6.507160e+00  6.282920e+00  
6.071000e+00  5.873530e+00  5.690910e+00  5.520940e+00  5.362580e+00  5.215640e+00  
5.075230e+00  5.005410e+00  4.941850e+00  4.897800e+00  4.849810e+00  4.834520e+00  
4.812350e+00  4.809190e+00  4.808740e+00  4.808860e+00  4.808760e+00  4.808630e+00  
1.051830e+01  1.022690e+01  9.940070e+00  9.661720e+00  9.393450e+00  8.888580e+00  
8.422160e+00  7.991960e+00  7.595920e+00  7.232600e+00  6.901220e+00  6.599420e+00  
6.324140e+00  6.071620e+00  5.836630e+00  5.615850e+00  5.410460e+00  5.219900e+00  
5.042130e+00  4.868600e+00  4.692640e+00  4.606540e+00  4.526450e+00  4.468070e+00  
4.405070e+00  4.390360e+00  4.385710e+00  4.385700e+00  4.384150e+00  4.383830e+00  
4.383590e+00  4.383680e+00  1.102230e+01  1.069170e+01  1.035750e+01  1.001810e+01  
9.678530e+00  9.020460e+00  8.411250e+00  7.874010e+00  7.405290e+00  6.995440e+00  
6.634550e+00  6.308540e+00  5.998730e+00  5.696710e+00  5.411460e+00  5.149340e+00  
4.907740e+00  4.679980e+00  4.459800e+00  4.250840e+00  4.056720e+00  3.963740e+00  
3.869180e+00  3.792810e+00  3.720500e+00  3.704670e+00  3.697960e+00  3.697320e+00  
3.695760e+00  3.695410e+00  3.695310e+00  3.695310e+00  1.139770e+01  1.094730e+01  
1.051190e+01  1.010300e+01  9.718340e+00  9.006950e+00  8.367690e+00  7.793330e+00  
7.279010e+00  6.817760e+00  6.402880e+00  6.028770e+00  5.689420e+00  5.377600e+00  
5.083720e+00  4.801410e+00  4.531800e+00  4.277690e+00  4.040170e+00  3.815600e+00  
3.603020e+00  3.502060e+00  3.403360e+00  3.326940e+00  3.251950e+00  3.232690e+00  
3.215560e+00  3.213470e+00  3.212090e+00  3.211890e+00  3.211780e+00  3.211770e+00  
1.160000e+01  1.110230e+01  1.062390e+01  1.017930e+01  9.764160e+00  8.998560e+00  
8.315770e+00  7.705790e+00  7.161440e+00  6.673690e+00  6.233660e+00  5.835250e+00  
5.472880e+00  5.140130e+00  4.828720e+00  4.532980e+00  4.252790e+00  3.988620e+00  
3.740750e+00  3.505890e+00  3.283390e+00  3.177530e+00  3.074070e+00  2.994010e+00  
2.915680e+00  2.895510e+00  2.876860e+00  2.874460e+00  2.872960e+00  2.872790e+00  
2.872650e+00  2.872680e+00  1.173720e+01  1.120550e+01  1.069660e+01  1.022750e+01  
9.791660e+00  8.988700e+00  8.275920e+00  7.641660e+00  7.076340e+00  6.569390e+00  
6.110690e+00  5.694030e+00  5.314340e+00  4.965970e+00  4.641940e+00  4.337150e+00  
4.050400e+00  3.780210e+00  3.525500e+00  3.284000e+00  3.054680e+00  2.944890e+00  
2.836690e+00  2.752130e+00  2.670010e+00  2.649640e+00  2.632470e+00  2.630260e+00  
2.628530e+00  2.628380e+00  2.628160e+00  2.628220e+00  1.190830e+01  1.133150e+01  
1.078300e+01  1.028340e+01  9.822630e+00  8.974150e+00  8.225200e+00  7.562500e+00  
6.972720e+00  6.443230e+00  5.962640e+00  5.524780e+00  5.124980e+00  4.758280e+00  
4.418840e+00  4.102000e+00  3.805450e+00  3.525840e+00  3.260440e+00  3.008040e+00  
2.766510e+00  2.649650e+00  2.533770e+00  2.442360e+00  2.352850e+00  2.331200e+00  
2.314940e+00  2.312960e+00  2.311030e+00  2.310850e+00  2.310590e+00  2.310520e+00  
1.200670e+01  1.140270e+01  1.083090e+01  1.031440e+01  9.840660e+00  8.968500e+00  
8.201650e+00  7.525200e+00  6.924170e+00  6.384750e+00  5.895010e+00  5.448600e+00  
5.040670e+00  4.666010e+00  4.318460e+00  3.993230e+00  3.687990e+00  3.399430e+00  
3.124580e+00  2.861230e+00  2.606920e+00  2.482830e+00  2.360040e+00  2.263130e+00  
2.166170e+00  2.142090e+00  2.123440e+00  2.121310e+00  2.119410e+00  2.119140e+00  
2.118940e+00  2.118660e+00  1.211350e+01  1.148050e+01  1.088540e+01  1.035490e+01  
9.872040e+00  8.982440e+00  8.204680e+00  7.518380e+00  6.909070e+00  6.362860e+00  
5.867980e+00  5.417450e+00  5.005480e+00  4.625590e+00  4.269970e+00  3.932940e+00  
3.612940e+00  3.308120e+00  3.015390e+00  2.728520e+00  2.442180e+00  2.297690e+00  
2.151140e+00  2.032700e+00  1.914330e+00  1.883980e+00  1.859340e+00  1.856520e+00  
1.854250e+00  1.853890e+00  1.853680e+00  1.853390e+00  1.213720e+01  1.150000e+01  
1.090350e+01  1.037630e+01  9.898550e+00  9.016170e+00  8.244790e+00  7.561390e+00  
6.953360e+00  6.408140e+00  5.914930e+00  5.466570e+00  5.056570e+00  4.677570e+00  
4.320560e+00  3.979150e+00  3.652090e+00  3.338060e+00  3.033420e+00  2.728340e+00  
2.411990e+00  2.245930e+00  2.069530e+00  1.921580e+00  1.779550e+00  1.745090e+00  
1.717300e+00  1.713680e+00  1.710470e+00  1.710220e+00  1.709800e+00  1.710910e+00  
1.211510e+01  1.148440e+01  1.089840e+01  1.038820e+01  9.930370e+00  9.083250e+00  
8.339040e+00  7.676170e+00  7.083200e+00  6.548610e+00  6.062460e+00  5.618470e+00  
5.211150e+00  4.834320e+00  4.480310e+00  4.142640e+00  3.817240e+00  3.497800e+00  
3.175780e+00  2.837900e+00  2.466480e+00  2.260610e+00  2.033120e+00  1.832490e+00  
1.633610e+00  1.592790e+00  1.565600e+00  1.561590e+00  1.554980e+00  1.553750e+00  
1.554200e+00  1.562130e+00  1.202910e+01  1.142790e+01  1.087170e+01  1.039140e+01  
9.961480e+00  9.156670e+00  8.437610e+00  7.789430e+00  7.204920e+00  6.677050e+00  
6.199590e+00  5.766320e+00  5.370520e+00  5.004330e+00  4.657640e+00  4.322440e+00  
3.995260e+00  3.670870e+00  3.339280e+00  2.979540e+00  2.564830e+00  2.327040e+00  
2.060180e+00  1.820180e+00  1.564660e+00  1.506450e+00  1.484550e+00  1.482640e+00  
1.472180e+00  1.469550e+00  1.472050e+00  1.483890e+00  1.197380e+01  1.138420e+01  
1.084230e+01  1.038060e+01  9.970420e+00  9.198490e+00  8.505180e+00  7.877910e+00  
7.310320e+00  6.796070e+00  6.329550e+00  5.905020e+00  5.516290e+00  5.155960e+00  
4.814390e+00  4.483590e+00  4.159520e+00  3.835720e+00  3.499820e+00  3.125470e+00  
2.678010e+00  2.413510e+00  2.109520e+00  1.831710e+00  1.528060e+00  1.456620e+00  
1.435290e+00  1.434170e+00  1.420920e+00  1.417440e+00  1.421200e+00  1.434080e+00  
1.192210e+01  1.134290e+01  1.081380e+01  1.036890e+01  9.976250e+00  9.232240e+00  
8.561560e+00  7.952850e+00  7.400540e+00  6.898790e+00  6.442520e+00  6.026450e+00  
5.644790e+00  5.290580e+00  4.954550e+00  4.628850e+00  4.308930e+00  3.987410e+00  
3.649840e+00  3.265290e+00  2.792080e+00  2.505500e+00  2.169840e+00  1.858210e+00  
1.509850e+00  1.425230e+00  1.402370e+00  1.401710e+00  1.386230e+00  1.382120e+00  
1.386900e+00  1.398680e+00  1.183440e+01  1.127240e+01  1.076470e+01  1.034750e+01  
9.983480e+00  9.283950e+00  8.650390e+00  8.072670e+00  7.546310e+00  7.066310e+00  
6.628360e+00  6.227850e+00  5.859700e+00  5.517600e+00  5.192940e+00  4.878090e+00  
4.567830e+00  4.253360e+00  3.917080e+00  3.520730e+00  3.010430e+00  2.689520e+00  
2.302170e+00  1.932180e+00  1.502950e+00  1.392790e+00  1.361700e+00  1.361080e+00  
1.342400e+00  1.337410e+00  1.343350e+00  1.352420e+00  1.183060e+01  1.126850e+01  
1.076460e+01  1.035720e+01  1.000530e+01  9.324170e+00  8.708560e+00  8.148460e+00  
7.639530e+00  7.176820e+00  6.755930e+00  6.372210e+00  6.020250e+00  5.693200e+00  
5.381480e+00  5.076870e+00  4.774830e+00  4.467850e+00  4.140820e+00  3.759920e+00  
3.255320e+00  2.906320e+00  2.435440e+00  1.971380e+00  1.503870e+00  1.398350e+00  
1.343240e+00  1.333180e+00  1.314840e+00  1.314760e+00  1.310670e+00  1.322270e+00  
1.172010e+01  1.118170e+01  1.070500e+01  1.033040e+01  1.001200e+01  9.386390e+00  
8.818780e+00  8.300960e+00  7.829540e+00  7.400380e+00  7.009910e+00  6.654100e+00  
6.328190e+00  6.025840e+00  5.737880e+00  5.456140e+00  5.175860e+00  4.888740e+00  
4.577520e+00  4.202620e+00  3.678220e+00  3.296190e+00  2.758720e+00  2.202200e+00  
1.575440e+00  1.410310e+00  1.314150e+00  1.300470e+00  1.278600e+00  1.277530e+00  
1.273500e+00  1.281490e+00  1.165270e+01  1.112970e+01  1.067010e+01  1.031530e+01  
1.001720e+01  9.426240e+00  8.888960e+00  8.398430e+00  7.951690e+00  7.545210e+00  
7.175860e+00  6.840070e+00  6.533570e+00  6.250420e+00  5.981850e+00  5.719900e+00  
5.459710e+00  5.192570e+00  4.899730e+00  4.537140e+00  4.009830e+00  3.614460e+00  
3.045570e+00  2.431100e+00  1.667150e+00  1.445670e+00  1.302830e+00  1.284460e+00  
1.260170e+00  1.258160e+00  1.254490e+00  1.259770e+00  1.154190e+01  1.104760e+01  
1.061810e+01  1.029480e+01  1.002700e+01  9.485580e+00  8.988290e+00  8.530740e+00  
8.111820e+00  7.730190e+00  7.384780e+00  7.073170e+00  6.791950e+00  6.536400e+00  
6.299080e+00  6.072470e+00  5.849840e+00  5.617940e+00  5.354300e+00  5.015880e+00  
4.504630e+00  4.108290e+00  3.517730e+00  2.830150e+00  1.856670e+00  1.556240e+00  
1.297840e+00  1.265160e+00  1.242710e+00  1.239730e+00  1.234770e+00  1.237610e+00  
1.151820e+01  1.103020e+01  1.060840e+01  1.029530e+01  1.003850e+01  9.516420e+00  
9.037650e+00  8.598290e+00  8.197180e+00  7.833090e+00  7.505000e+00  7.211030e+00  
6.948640e+00  6.714190e+00  6.501670e+00  6.303780e+00  6.111000e+00  5.903710e+00  
5.656290e+00  5.336040e+00  4.857380e+00  4.483930e+00  3.912390e+00  3.194040e+00  
2.031320e+00  1.648090e+00  1.312410e+00  1.267110e+00  1.232520e+00  1.227910e+00  
1.224670e+00  1.226170e+00  1.150310e+01  1.102060e+01  1.060490e+01  1.029850e+01  
1.004860e+01  9.539030e+00  9.072110e+00  8.644410e+00  8.254930e+00  7.902570e+00  
7.586530e+00  7.305140e+00  7.056180e+00  6.836350e+00  6.640050e+00  6.460510e+00  
6.289060e+00  6.107090e+00  5.888430e+00  5.595310e+00  5.138070e+00  4.775400e+00  
4.216070e+00  3.488810e+00  2.210390e+00  1.748620e+00  1.326970e+00  1.269600e+00  
1.227710e+00  1.221520e+00  1.218150e+00  1.219180e+00  1.149400e+01  1.101610e+01  
1.060480e+01  1.030310e+01  1.005750e+01  9.556200e+00  9.097230e+00  8.677590e+00  
8.296340e+00  7.952450e+00  7.645210e+00  7.373200e+00  7.134390e+00  6.925760e+00  
6.742040e+00  6.576950e+00  6.422660e+00  6.261640e+00  6.067750e+00  5.799540e+00  
5.364710e+00  5.014440e+00  4.470280e+00  3.743120e+00  2.377410e+00  1.847080e+00  
1.344300e+00  1.274780e+00  1.224990e+00  1.217460e+00  1.213720e+00  1.214480e+00  
1.148110e+01  1.101150e+01  1.060780e+01  1.031220e+01  1.007200e+01  9.581260e+00  
9.132230e+00  8.722610e+00  8.351900e+00  8.019350e+00  7.724720e+00  7.466670e+00  
7.243280e+00  7.051510e+00  6.885850e+00  6.740320e+00  6.608690e+00  6.476210e+00  
6.319350e+00  6.097030e+00  5.717190e+00  5.397440e+00  4.880660e+00  4.151050e+00  
2.666970e+00  2.043110e+00  1.386440e+00  1.287980e+00  1.221240e+00  1.215480e+00  
1.205200e+00  1.208740e+00  1.147570e+01  1.101150e+01  1.061240e+01  1.032030e+01  
1.008310e+01  9.598610e+00  9.155860e+00  8.752820e+00  8.388960e+00  8.063560e+00  
7.776340e+00  7.526290e+00  7.311860e+00  7.130460e+00  6.977310e+00  6.847180e+00  
6.734570e+00  6.625420e+00  6.496960e+00  6.308520e+00  5.970300e+00  5.677100e+00  
5.192500e+00  4.481850e+00  2.926730e+00  2.219150e+00  1.428860e+00  1.306700e+00  
1.221180e+00  1.213720e+00  1.201230e+00  1.204960e+00  1.146580e+01  1.101260e+01  
1.062250e+01  1.033590e+01  1.010270e+01  9.627130e+00  9.193170e+00  8.799080e+00  
8.444240e+00  8.128090e+00  7.850440e+00  7.610770e+00  7.408140e+00  7.240920e+00  
7.105710e+00  6.998930e+00  6.917070e+00  6.848940e+00  6.774150e+00  6.651190e+00  
6.391370e+00  6.145990e+00  5.720230e+00  5.071400e+00  3.479000e+00  2.608650e+00  
1.529230e+00  1.358140e+00  1.227610e+00  1.211820e+00  1.199660e+00  1.200130e+00  
1.145020e+01  1.101020e+01  1.062970e+01  1.034690e+01  1.011450e+01  9.642690e+00  
9.212260e+00  8.822180e+00  8.471880e+00  8.161170e+00  7.890000e+00  7.657580e+00  
7.462280e+00  7.302550e+00  7.176460e+00  7.081950e+00  7.016510e+00  6.970280e+00  
6.925850e+00  6.848700e+00  6.652090e+00  6.444530e+00  6.072740e+00  5.483920e+00  
3.898520e+00  2.924920e+00  1.634580e+00  1.420290e+00  1.235440e+00  1.213810e+00  
1.193850e+00  1.197750e+00  1.142050e+01  1.100520e+01  1.064080e+01  1.036030e+01  
1.012460e+01  9.654470e+00  9.228020e+00  8.843480e+00  8.499720e+00  8.195890e+00  
7.931370e+00  7.705730e+00  7.518200e+00  7.367380e+00  7.250030e+00  7.164420e+00  
7.112800e+00  7.095070e+00  7.100860e+00  7.084640e+00  6.960760e+00  6.808880e+00  
6.515220e+00  6.003420e+00  4.493210e+00  3.483120e+00  1.830920e+00  1.524970e+00  
1.255300e+00  1.223720e+00  1.194700e+00  1.195190e+00  1.138170e+01  1.099100e+01  
1.064340e+01  1.036690e+01  1.012940e+01  9.661500e+00  9.237260e+00  8.855150e+00  
8.514040e+00  8.213170e+00  7.951960e+00  7.730040e+00  7.546800e+00  7.400980e+00  
7.289530e+00  7.211110e+00  7.168840e+00  7.164130e+00  7.189570e+00  7.205620e+00  
7.136220e+00  7.023770e+00  6.781460e+00  6.336040e+00  4.936360e+00  3.895770e+00  
2.012680e+00  1.635450e+00  1.277730e+00  1.232920e+00  1.194700e+00  1.193850e+00  
1.135320e+01  1.098030e+01  1.064470e+01  1.037100e+01  1.013200e+01  9.665400e+00  
9.242510e+00  8.861890e+00  8.522460e+00  8.223460e+00  7.964370e+00  7.744840e+00  
7.564330e+00  7.421670e+00  7.313870e+00  7.239880e+00  7.203330e+00  7.206660e+00  
7.244520e+00  7.281710e+00  7.249620e+00  7.165540e+00  6.962470e+00  6.570440e+00  
5.272640e+00  4.227630e+00  2.182040e+00  1.741960e+00  1.300870e+00  1.242450e+00  
1.195560e+00  1.193480e+00  1.131150e+01  1.095920e+01  1.063910e+01  1.037240e+01  
1.013570e+01  9.673120e+00  9.251420e+00  8.870960e+00  8.531260e+00  8.231920e+00  
7.972840e+00  7.753840e+00  7.574750e+00  7.435010e+00  7.332950e+00  7.267600e+00  
7.239340e+00  7.243140e+00  7.271230e+00  7.309900e+00  7.320080e+00  7.273840e+00  
7.107620e+00  6.745700e+00  5.526070e+00  4.507140e+00  2.343440e+00  1.844050e+00  
1.324090e+00  1.252770e+00  1.196290e+00  1.192380e+00  1.128580e+01  1.094880e+01  
1.063920e+01  1.037500e+01  1.013730e+01  9.676380e+00  9.256300e+00  8.877320e+00  
8.539030e+00  8.241190e+00  7.983830e+00  7.766820e+00  7.590020e+00  7.452950e+00  
7.354130e+00  7.292820e+00  7.269890e+00  7.281120e+00  7.320210e+00  7.376510e+00  
7.419370e+00  7.403660e+00  7.291750e+00  7.000210e+00  5.903310e+00  4.940340e+00  
2.644440e+00  2.036200e+00  1.370230e+00  1.272510e+00  1.199890e+00  1.192380e+00  
1.126930e+01  1.094220e+01  1.063930e+01  1.037670e+01  1.013820e+01  9.678340e+00  
9.259300e+00  8.881270e+00  8.543840e+00  8.246890e+00  7.990530e+00  7.774710e+00  
7.599290e+00  7.463850e+00  7.367020e+00  7.308220e+00  7.288570e+00  7.304390e+00  
7.350310e+00  7.417640e+00  7.480740e+00  7.484580e+00  7.410850e+00  7.172620e+00  
6.174090e+00  5.268010e+00  2.911820e+00  2.212890e+00  1.415810e+00  1.293030e+00  
1.204860e+00  1.192140e+00  1.124520e+01  1.093260e+01  1.063950e+01  1.037900e+01  
1.013940e+01  9.680680e+00  9.262970e+00  8.886260e+00  8.550200e+00  8.254770e+00  
8.000220e+00  7.786230e+00  7.612250e+00  7.477990e+00  7.383300e+00  7.328550e+00  
7.314600e+00  7.336650e+00  7.389790e+00  7.472350e+00  7.569680e+00  7.601970e+00  
7.572260e+00  7.412830e+00  6.653340e+00  5.854450e+00  3.438120e+00  2.592580e+00  
1.529590e+00  1.345610e+00  1.227230e+00  1.191410e+00  1.123130e+01  1.092740e+01  
1.064010e+01  1.038090e+01  1.014050e+01  9.682280e+00  9.265070e+00  8.888880e+00  
8.553420e+00  8.258660e+00  8.004810e+00  7.791610e+00  7.618550e+00  7.485400e+00  
7.392170e+00  7.339340e+00  7.327860e+00  7.353070e+00  7.410460e+00  7.500260e+00  
7.614530e+00  7.664340e+00  7.663320e+00  7.543670e+00  6.922940e+00  6.259770e+00  
3.863650e+00  2.907980e+00  1.636450e+00  1.407470e+00  1.238310e+00  1.191040e+00  
1.121620e+01  1.092170e+01  1.064090e+01  1.038340e+01  1.014230e+01  9.684430e+00  
9.267480e+00  8.891650e+00  8.556610e+00  8.262230e+00  8.008700e+00  7.796080e+00  
7.624430e+00  7.493570e+00  7.402300e+00  7.350500e+00  7.340010e+00  7.368480e+00  
7.433360e+00  7.533360e+00  7.655990e+00  7.715090e+00  7.757950e+00  7.722590e+00  
7.236030e+00  6.671790e+00  4.539830e+00  3.461770e+00  1.831750e+00  1.513280e+00  
1.256080e+00  1.190920e+00  1.122830e+01  1.093130e+01  1.064750e+01  1.038600e+01  
1.014130e+01  9.680490e+00  9.263310e+00  8.888540e+00  8.555280e+00  8.262960e+00  
8.011230e+00  7.800010e+00  7.629160e+00  7.497960e+00  7.404110e+00  7.347570e+00  
7.334010e+00  7.369460e+00  7.455240e+00  7.569980e+00  7.685880e+00  7.742590e+00  
7.794690e+00  7.793860e+00  7.439360e+00  6.953310e+00  4.986330e+00  3.874200e+00  
2.017140e+00  1.623810e+00  1.279390e+00  1.190800e+00  1.122320e+01  1.092920e+01  
1.064730e+01  1.038640e+01  1.014150e+01  9.680910e+00  9.263960e+00  8.889380e+00  
8.556310e+00  8.264160e+00  8.012640e+00  7.801660e+00  7.631060e+00  7.500180e+00  
7.406720e+00  7.350730e+00  7.337910e+00  7.374430e+00  7.461790e+00  7.579070e+00  
7.699830e+00  7.761390e+00  7.823130e+00  7.841000e+00  7.560560e+00  7.146620e+00  
5.323480e+00  4.200980e+00  2.196920e+00  1.731270e+00  1.302580e+00  1.190670e+00  
1.121940e+01  1.092760e+01  1.064730e+01  1.038670e+01  1.014160e+01  9.681170e+00  
9.264350e+00  8.889910e+00  8.556970e+00  8.264980e+00  8.013580e+00  7.802760e+00  
7.632340e+00  7.501680e+00  7.408490e+00  7.352860e+00  7.340510e+00  7.377690e+00  
7.466110e+00  7.585150e+00  7.709350e+00  7.774180e+00  7.842210e+00  7.872690e+00  
7.645790e+00  7.285090e+00  5.586000e+00  4.472520e+00  2.364220e+00  1.838730e+00  
1.325230e+00  1.190610e+00  1.119510e+01  1.091330e+01  1.064110e+01  1.038530e+01  
1.014310e+01  9.686050e+00  9.269910e+00  8.894880e+00  8.560640e+00  8.267110e+00  
8.014540e+00  7.802980e+00  7.632470e+00  7.502860e+00  7.413240e+00  7.363650e+00  
7.356250e+00  7.389060e+00  7.460360e+00  7.570670e+00  7.715050e+00  7.795580e+00  
7.874810e+00  7.915450e+00  7.757090e+00  7.471740e+00  5.974620e+00  4.903030e+00  
2.664730e+00  2.046810e+00  1.370970e+00  1.190640e+00  1.119240e+01  1.091220e+01  
1.064110e+01  1.038570e+01  1.014340e+01  9.686490e+00  9.270400e+00  8.895310e+00  
8.560990e+00  8.267410e+00  8.014920e+00  7.803570e+00  7.633340e+00  7.504060e+00  
7.414750e+00  7.365460e+00  7.358380e+00  7.391560e+00  7.463540e+00  7.575510e+00  
7.722400e+00  7.804620e+00  7.890010e+00  7.945290e+00  7.834360e+00  7.586770e+00  
6.250020e+00  5.236660e+00  2.929390e+00  2.236080e+00  1.413940e+00  1.190490e+00  