3.472480e+00  3.507290e+00  3.540790e+00  3.571960e+00  3.601040e+00  3.654110e+00  
3.699830e+00  3.738380e+00  3.770480e+00  3.797720e+00  3.822270e+00  3.844820e+00  
3.865890e+00  3.886250e+00  3.907680e+00  3.931410e+00  3.956480e+00  3.980170e+00  
3.999980e+00  4.016940e+00  4.032000e+00  4.038450e+00  4.044180e+00  4.048200e+00  
4.052520e+00  4.053560e+00  4.054310e+00  4.054390e+00  4.054460e+00  4.054470e+00  
4.054490e+00  4.054500e+00  4.152860e+00  4.187790e+00  4.220860e+00  4.250650e+00  
4.277510e+00  4.324280e+00  4.361100e+00  4.388380e+00  4.407220e+00  4.419830e+00  
4.429100e+00  4.435880e+00  4.440740e+00  4.444300e+00  4.448090e+00  4.453270e+00  
4.459220e+00  4.464200e+00  4.466790e+00  4.468310e+00  4.470350e+00  4.471430e+00  
4.472020e+00  4.471460e+00  4.468660e+00  4.467890e+00  4.467300e+00  4.467210e+00  
4.467120e+00  4.467130e+00  4.467120e+00  4.467110e+00  4.663460e+00  4.700930e+00  
4.735790e+00  4.766070e+00  4.792260e+00  4.834900e+00  4.863800e+00  4.879720e+00  
4.884430e+00  4.881210e+00  4.874270e+00  4.864810e+00  4.853490e+00  4.841090e+00  
4.829110e+00  4.818790e+00  4.809640e+00  4.800110e+00  4.789010e+00  4.777920e+00  
4.768790e+00  4.764810e+00  4.760070e+00  4.754960e+00  4.747940e+00  4.746130e+00  
4.744680e+00  4.744490e+00  4.744310e+00  4.744320e+00  4.744300e+00  4.744290e+00  
5.406050e+00  5.456430e+00  5.500530e+00  5.533620e+00  5.557110e+00  5.583540e+00  
5.587360e+00  5.577230e+00  5.556020e+00  5.526480e+00  5.492220e+00  5.454840e+00  
5.415980e+00  5.377130e+00  5.338810e+00  5.301750e+00  5.266440e+00  5.233440e+00  
5.203140e+00  5.174920e+00  5.147760e+00  5.134260e+00  5.120460e+00  5.109030e+00  
5.096520e+00  5.093280e+00  5.090740e+00  5.090420e+00  5.090170e+00  5.090130e+00  
5.090130e+00  5.090110e+00  5.945270e+00  6.001740e+00  6.049760e+00  6.082950e+00  
6.103200e+00  6.116100e+00  6.098940e+00  6.063740e+00  6.015340e+00  5.958670e+00  
5.899710e+00  5.839600e+00  5.778190e+00  5.716410e+00  5.656240e+00  5.599790e+00  
5.547330e+00  5.498270e+00  5.452150e+00  5.409210e+00  5.368750e+00  5.348670e+00  
5.328400e+00  5.312190e+00  5.295800e+00  5.291740e+00  5.288470e+00  5.288040e+00  
5.287730e+00  5.287690e+00  5.287650e+00  5.287660e+00  6.366010e+00  6.425690e+00  
6.474990e+00  6.506100e+00  6.521430e+00  6.518750e+00  6.480330e+00  6.421490e+00  
6.348510e+00  6.267810e+00  6.186830e+00  6.106590e+00  6.026000e+00  5.945680e+00  
5.868240e+00  5.796420e+00  5.730190e+00  5.668190e+00  5.609340e+00  5.554640e+00  
5.503720e+00  5.478490e+00  5.453290e+00  5.433580e+00  5.414210e+00  5.409400e+00  
5.405580e+00  5.405080e+00  5.404720e+00  5.404670e+00  5.404620e+00  5.404630e+00  
6.708890e+00  6.769640e+00  6.818320e+00  6.845830e+00  6.855070e+00  6.835500e+00  
6.775920e+00  6.694630e+00  6.599160e+00  6.496910e+00  6.396360e+00  6.298410e+00  
6.201460e+00  6.105820e+00  6.014340e+00  5.929820e+00  5.852090e+00  5.779270e+00  
5.709900e+00  5.645450e+00  5.585870e+00  5.556630e+00  5.527640e+00  5.505190e+00  
5.483330e+00  5.477920e+00  5.473620e+00  5.473070e+00  5.472660e+00  5.472590e+00  
5.472550e+00  5.472550e+00  7.244380e+00  7.302570e+00  7.345790e+00  7.362830e+00  
7.357540e+00  7.301920e+00  7.200900e+00  7.078290e+00  6.943310e+00  6.804240e+00  
6.670350e+00  6.542600e+00  6.419150e+00  6.299810e+00  6.186880e+00  6.082420e+00  
5.986150e+00  5.895900e+00  5.810050e+00  5.730200e+00  5.656970e+00  5.621950e+00  
5.587640e+00  5.561220e+00  5.535200e+00  5.528810e+00  5.523730e+00  5.523080e+00  
5.522580e+00  5.522510e+00  5.522470e+00  5.522470e+00  7.652250e+00  7.703980e+00  
7.738360e+00  7.742490e+00  7.721180e+00  7.628910e+00  7.488700e+00  7.329260e+00  
7.160620e+00  6.991130e+00  6.829890e+00  6.677790e+00  6.533430e+00  6.396140e+00  
6.267170e+00  6.147350e+00  6.036430e+00  5.932410e+00  5.833800e+00  5.742020e+00  
5.658310e+00  5.619160e+00  5.581110e+00  5.551830e+00  5.522520e+00  5.515350e+00  
5.509640e+00  5.508900e+00  5.508360e+00  5.508280e+00  5.508220e+00  5.508220e+00  
8.370080e+00  8.398580e+00  8.405440e+00  8.374720e+00  8.313350e+00  8.135460e+00  
7.909610e+00  7.673720e+00  7.438440e+00  7.210690e+00  6.997990e+00  6.800330e+00  
6.617230e+00  6.446550e+00  6.287950e+00  6.139880e+00  6.002040e+00  5.872540e+00  
5.750130e+00  5.636370e+00  5.533550e+00  5.486580e+00  5.441390e+00  5.406780e+00  
5.372000e+00  5.363520e+00  5.356750e+00  5.355880e+00  5.355230e+00  5.355130e+00  
5.355060e+00  5.355050e+00  9.117480e+00  8.985660e+00  8.851060e+00  8.712160e+00  
8.572460e+00  8.301550e+00  8.038010e+00  7.781780e+00  7.532880e+00  7.291440e+00  
7.057670e+00  6.831860e+00  6.616230e+00  6.410500e+00  6.216520e+00  6.033860e+00  
5.863970e+00  5.708580e+00  5.568970e+00  5.443310e+00  5.334250e+00  5.291530e+00  
5.261300e+00  5.240750e+00  5.169540e+00  5.135420e+00  5.143460e+00  5.149220e+00  
5.146570e+00  5.144710e+00  5.148010e+00  5.145940e+00  9.741190e+00  9.556650e+00  
9.369130e+00  9.177200e+00  8.985580e+00  8.617460e+00  8.263890e+00  7.924270e+00  
7.598610e+00  7.287170e+00  6.988780e+00  6.705550e+00  6.439050e+00  6.188460e+00  
5.956080e+00  5.741700e+00  5.546260e+00  5.371330e+00  5.217290e+00  5.078780e+00  
4.954260e+00  4.901890e+00  4.859690e+00  4.826920e+00  4.741410e+00  4.705500e+00  
4.719790e+00  4.726740e+00  4.722900e+00  4.720600e+00  4.724240e+00  4.721980e+00  
9.936250e+00  9.838080e+00  9.711440e+00  9.536220e+00  9.325840e+00  8.862350e+00  
8.380710e+00  7.932640e+00  7.524700e+00  7.155520e+00  6.821500e+00  6.518590e+00  
6.239480e+00  5.976860e+00  5.734460e+00  5.512820e+00  5.308280e+00  5.114790e+00  
4.928770e+00  4.756240e+00  4.600660e+00  4.527410e+00  4.458490e+00  4.409440e+00  
4.367160e+00  4.357000e+00  4.349050e+00  4.348060e+00  4.347300e+00  4.347180e+00  
4.347130e+00  4.347130e+00  1.024920e+01  1.010690e+01  9.936380e+00  9.718160e+00  
9.466900e+00  8.931730e+00  8.391710e+00  7.898050e+00  7.454490e+00  7.056050e+00  
6.697090e+00  6.371750e+00  6.072080e+00  5.789560e+00  5.527690e+00  5.288210e+00  
5.066500e+00  4.856870e+00  4.655710e+00  4.467270e+00  4.295060e+00  4.214910e+00  
4.140920e+00  4.089560e+00  4.045820e+00  4.035670e+00  4.027830e+00  4.026850e+00  
4.026110e+00  4.025990e+00  4.025940e+00  4.025930e+00  1.066380e+01  1.035800e+01  
1.005120e+01  9.744200e+00  9.443650e+00  8.880120e+00  8.356070e+00  7.869000e+00  
7.416600e+00  6.996090e+00  6.606550e+00  6.248190e+00  5.920290e+00  5.617510e+00  
5.337880e+00  5.081060e+00  4.844190e+00  4.626840e+00  4.426230e+00  4.231450e+00  
4.035470e+00  3.942620e+00  3.863440e+00  3.814670e+00  3.769600e+00  3.759950e+00  
3.751790e+00  3.750840e+00  3.750130e+00  3.749950e+00  3.750100e+00  3.749950e+00  
1.099690e+01  1.063230e+01  1.026870e+01  9.908440e+00  9.558920e+00  8.909960e+00  
8.314270e+00  7.767700e+00  7.266430e+00  6.805650e+00  6.383610e+00  6.001000e+00  
5.653130e+00  5.333210e+00  5.036410e+00  4.761820e+00  4.506100e+00  4.267630e+00  
4.043580e+00  3.824450e+00  3.605660e+00  3.503190e+00  3.417580e+00  3.366480e+00  
3.318460e+00  3.307720e+00  3.299830e+00  3.299020e+00  3.298280e+00  3.298120e+00  
3.298150e+00  3.298060e+00  1.122600e+01  1.081350e+01  1.040430e+01  1.000230e+01  
9.615020e+00  8.900800e+00  8.251760e+00  7.661360e+00  7.124270e+00  6.635400e+00  
6.191400e+00  5.792500e+00  5.431640e+00  5.100530e+00  4.792420e+00  4.505340e+00  
4.236880e+00  3.983920e+00  3.743600e+00  3.507500e+00  3.272440e+00  3.162450e+00  
3.070350e+00  3.014920e+00  2.963040e+00  2.951640e+00  2.943390e+00  2.942540e+00  
2.941770e+00  2.941620e+00  2.941590e+00  2.941520e+00  1.152670e+01  1.106660e+01  
1.060270e+01  1.013420e+01  9.672840e+00  8.810890e+00  8.039790e+00  7.373120e+00  
6.794030e+00  6.284770e+00  5.829530e+00  5.417720e+00  5.037640e+00  4.680240e+00  
4.343870e+00  4.029450e+00  3.737380e+00  3.461070e+00  3.197050e+00  2.942380e+00  
2.694570e+00  2.575160e+00  2.466030e+00  2.391780e+00  2.331460e+00  2.318610e+00  
2.308860e+00  2.307650e+00  2.306760e+00  2.306630e+00  2.306550e+00  2.306510e+00  
1.184940e+01  1.123570e+01  1.064380e+01  1.009110e+01  9.579250e+00  8.665280e+00  
7.872950e+00  7.181700e+00  6.573420e+00  6.033990e+00  5.554350e+00  5.124400e+00  
4.733970e+00  4.373240e+00  4.032350e+00  3.706840e+00  3.400660e+00  3.114220e+00  
2.844240e+00  2.582430e+00  2.322980e+00  2.196160e+00  2.075700e+00  1.989600e+00  
1.922700e+00  1.908230e+00  1.896580e+00  1.895250e+00  1.894170e+00  1.893990e+00  
1.893930e+00  1.893900e+00  1.223710e+01  1.147920e+01  1.076190e+01  1.011640e+01  
9.535030e+00  8.512690e+00  7.646120e+00  6.906370e+00  6.272140e+00  5.717460e+00  
5.223110e+00  4.778270e+00  4.372690e+00  3.997370e+00  3.643550e+00  3.306730e+00  
2.989680e+00  2.696670e+00  2.422200e+00  2.154470e+00  1.885830e+00  1.752690e+00  
1.624510e+00  1.530010e+00  1.451230e+00  1.433350e+00  1.419010e+00  1.417350e+00  
1.415960e+00  1.415760e+00  1.415660e+00  1.415640e+00  1.254760e+01  1.168110e+01  
1.087440e+01  1.017130e+01  9.552300e+00  8.470710e+00  7.565380e+00  6.793740e+00  
6.136030e+00  5.565110e+00  5.057130e+00  4.599000e+00  4.179610e+00  3.790750e+00  
3.427720e+00  3.087390e+00  2.768830e+00  2.471670e+00  2.192270e+00  1.919900e+00  
1.648860e+00  1.514190e+00  1.383550e+00  1.284800e+00  1.196310e+00  1.176050e+00  
1.159800e+00  1.157570e+00  1.156030e+00  1.155880e+00  1.155650e+00  1.155660e+00  
1.284230e+01  1.188790e+01  1.100970e+01  1.026280e+01  9.616120e+00  8.487470e+00  
7.554040e+00  6.762670e+00  6.089330e+00  5.504510e+00  4.981130e+00  4.507520e+00  
4.077040e+00  3.682470e+00  3.315050e+00  2.969090e+00  2.643990e+00  2.340310e+00  
2.057530e+00  1.784420e+00  1.510990e+00  1.373410e+00  1.239310e+00  1.136690e+00  
1.040990e+00  1.018120e+00  1.000020e+00  9.976900e-01  9.959700e-01  9.957300e-01  
9.955810e-01  9.954990e-01  1.310490e+01  1.208160e+01  1.114880e+01  1.037070e+01  
9.705540e+00  8.541540e+00  7.585610e+00  6.778620e+00  6.091010e+00  5.492790e+00  
4.956830e+00  4.471820e+00  4.032180e+00  3.630930e+00  3.258090e+00  2.907050e+00  
2.576830e+00  2.267510e+00  1.979040e+00  1.703300e+00  1.427140e+00  1.287420e+00  
1.149580e+00  1.042110e+00  9.396900e-01  9.148400e-01  8.950800e-01  8.925300e-01  
8.906500e-01  8.903900e-01  8.902200e-01  8.901190e-01  1.354520e+01  1.242620e+01  
1.141860e+01  1.059980e+01  9.911320e+00  8.697160e+00  7.706350e+00  6.876890e+00  
6.169040e+00  5.551120e+00  4.996930e+00  4.495630e+00  4.041510e+00  3.627480e+00  
3.243510e+00  2.882610e+00  2.542780e+00  2.222420e+00  1.920480e+00  1.634380e+00  
1.349800e+00  1.204480e+00  1.058300e+00  9.410800e-01  8.254400e-01  7.966900e-01  
7.736500e-01  7.706700e-01  7.684600e-01  7.681500e-01  7.679510e-01  7.678310e-01  
1.389750e+01  1.271810e+01  1.166390e+01  1.082120e+01  1.011970e+01  8.874040e+00  
7.860740e+00  7.015070e+00  6.293300e+00  5.662420e+00  5.097000e+00  4.585560e+00  
4.120830e+00  3.695290e+00  3.300460e+00  2.930000e+00  2.580730e+00  2.249310e+00  
1.933310e+00  1.631980e+00  1.335530e+00  1.183240e+00  1.027680e+00  9.001700e-01  
7.707100e-01  7.379300e-01  7.115500e-01  7.081200e-01  7.055800e-01  7.052300e-01  
7.049980e-01  7.048820e-01  1.452020e+01  1.328210e+01  1.218280e+01  1.131620e+01  
1.059700e+01  9.295840e+00  8.246050e+00  7.372750e+00  6.633300e+00  5.988830e+00  
5.410350e+00  4.885040e+00  4.404670e+00  3.960970e+00  3.545030e+00  3.150590e+00  
2.775560e+00  2.417820e+00  2.073610e+00  1.735940e+00  1.399820e+00  1.226470e+00  
1.043490e+00  8.875900e-01  7.230600e-01  6.801200e-01  6.457800e-01  6.415800e-01  
6.380200e-01  6.376000e-01  6.372110e-01  6.372110e-01  1.494960e+01  1.366490e+01  
1.253410e+01  1.166050e+01  1.094580e+01  9.646150e+00  8.601370e+00  7.721160e+00  
6.969690e+00  6.311550e+00  5.720380e+00  5.183340e+00  4.691700e+00  4.236500e+00  
3.807890e+00  3.398800e+00  3.006770e+00  2.629060e+00  2.260670e+00  1.891790e+00  
1.513470e+00  1.316420e+00  1.102670e+00  9.161300e-01  7.169500e-01  6.646900e-01  
6.225300e-01  6.173600e-01  6.131100e-01  6.125800e-01  6.120890e-01  6.120490e-01  
1.548380e+01  1.414960e+01  1.299090e+01  1.212490e+01  1.143660e+01  1.018120e+01  
9.158090e+00  8.283950e+00  7.527880e+00  6.859070e+00  6.254120e+00  5.701710e+00  
5.194180e+00  4.723570e+00  4.281020e+00  3.858870e+00  3.451480e+00  3.051030e+00  
2.647250e+00  2.224890e+00  1.766150e+00  1.516790e+00  1.245580e+00  1.003230e+00  
7.348900e-01  6.620200e-01  6.047900e-01  5.983100e-01  5.932900e-01  5.925430e-01  
5.918690e-01  5.907750e-01  1.566210e+01  1.436580e+01  1.325240e+01  1.244310e+01  
1.181130e+01  1.062770e+01  9.621280e+00  8.735960e+00  7.954820e+00  7.261190e+00  
6.642980e+00  6.088480e+00  5.586200e+00  5.123580e+00  4.685650e+00  4.260750e+00  
3.843400e+00  3.426140e+00  2.996480e+00  2.531490e+00  2.004720e+00  1.709920e+00  
1.388550e+00  1.101320e+00  7.654000e-01  6.677300e-01  5.969400e-01  5.898100e-01  
5.838500e-01  5.827790e-01  5.819700e-01  5.797420e-01  1.586080e+01  1.454160e+01  
1.342190e+01  1.263310e+01  1.203340e+01  1.089540e+01  9.916450e+00  9.050170e+00  
8.281720e+00  7.595920e+00  6.981810e+00  6.428620e+00  5.925700e+00  5.461090e+00  
5.020260e+00  4.591420e+00  4.168290e+00  3.741860e+00  3.296720e+00  2.803740e+00  
2.227310e+00  1.895140e+00  1.523630e+00  1.191410e+00  7.970300e-01  6.804700e-01  
5.929300e-01  5.837900e-01  5.772100e-01  5.761660e-01  5.747680e-01  5.717160e-01  
1.599110e+01  1.465450e+01  1.353290e+01  1.276670e+01  1.219820e+01  1.109810e+01  
1.014540e+01  9.297950e+00  8.543240e+00  7.867030e+00  7.259350e+00  6.710160e+00  
6.209410e+00  5.745670e+00  5.304730e+00  4.874750e+00  4.448810e+00  4.016740e+00  
3.560680e+00  3.046460e+00  2.430300e+00  2.067090e+00  1.652950e+00  1.278200e+00  
8.298800e-01  6.954100e-01  5.908400e-01  5.794400e-01  5.720500e-01  5.710720e-01  
5.691380e-01  5.657350e-01  1.614200e+01  1.478270e+01  1.366360e+01  1.293960e+01  
1.242540e+01  1.138590e+01  1.047930e+01  9.666820e+00  8.938980e+00  8.283230e+00  
7.690990e+00  7.153310e+00  6.661090e+00  6.203580e+00  5.767070e+00  5.339610e+00  
4.913460e+00  4.476710e+00  4.007890e+00  3.464920e+00  2.789980e+00  2.378250e+00  
1.894080e+00  1.442400e+00  8.962900e-01  7.284800e-01  5.903800e-01  5.741000e-01  
5.643900e-01  5.634900e-01  5.609440e-01  5.570680e-01  1.621730e+01  1.484730e+01  
1.373480e+01  1.304470e+01  1.257190e+01  1.158050e+01  1.071170e+01  9.929380e+00  
9.225750e+00  8.589550e+00  8.013210e+00  7.488550e+00  7.007070e+00  6.558540e+00  
6.129550e+00  5.708100e+00  5.285900e+00  4.849880e+00  4.376030e+00  3.816370e+00  
3.101540e+00  2.654000e+00  2.115050e+00  1.596710e+00  9.620100e-01  7.634800e-01  
5.930500e-01  5.716600e-01  5.588700e-01  5.579400e-01  5.549320e-01  5.509640e-01  
1.627920e+01  1.490740e+01  1.381480e+01  1.317930e+01  1.277140e+01  1.186680e+01  
1.106650e+01  1.034130e+01  9.685540e+00  9.090210e+00  8.549130e+00  8.055400e+00  
7.601480e+00  7.177890e+00  6.771620e+00  6.370540e+00  5.965780e+00  5.542660e+00  
5.073440e+00  4.500650e+00  3.733440e+00  3.230100e+00  2.596370e+00  1.953130e+00  
1.120210e+00  8.530100e-01  6.066400e-01  5.723500e-01  5.498600e-01  5.484480e-01  
5.452880e-01  5.419310e-01  1.628570e+01  1.491760e+01  1.384010e+01  1.323750e+01  
1.286830e+01  1.202060e+01  1.126600e+01  1.058050e+01  9.959350e+00  9.394890e+00  
8.881800e+00  8.413890e+00  7.984260e+00  7.583840e+00  7.199870e+00  6.820170e+00  
6.435750e+00  6.031320e+00  5.577280e+00  5.010820e+00  4.226470e+00  3.694260e+00  
3.001830e+00  2.269300e+00  1.268300e+00  9.407000e-01  6.246100e-01  5.779600e-01  
5.447000e-01  5.423980e-01  5.396040e-01  5.368650e-01  1.627210e+01  1.490630e+01  
1.384540e+01  1.328190e+01  1.295940e+01  1.218040e+01  1.148270e+01  1.084820e+01  
1.027320e+01  9.751370e+00  9.278400e+00  8.849030e+00  8.457140e+00  8.094290e+00  
7.748040e+00  7.406440e+00  7.060730e+00  6.695540e+00  6.279930e+00  5.745740e+00  
4.969420e+00  4.415910e+00  3.659880e+00  2.809190e+00  1.537170e+00  1.105890e+00  
6.646200e-01  5.952400e-01  5.401200e-01  5.354210e-01  5.330890e-01  5.313570e-01  
1.623730e+01  1.488220e+01  1.383840e+01  1.330230e+01  1.300970e+01  1.227450e+01  
1.161210e+01  1.100760e+01  1.045790e+01  9.958110e+00  9.504770e+00  9.094290e+00  
8.722800e+00  8.384960e+00  8.072610e+00  7.775530e+00  7.479890e+00  7.158910e+00  
6.773550e+00  6.263370e+00  5.507720e+00  4.956190e+00  4.180860e+00  3.263560e+00  
1.784250e+00  1.260690e+00  7.048100e-01  6.137000e-01  5.392500e-01  5.336690e-01  
5.298840e-01  5.284420e-01  1.620470e+01  1.486150e+01  1.383180e+01  1.331290e+01  
1.303770e+01  1.232900e+01  1.168850e+01  1.110360e+01  1.057210e+01  1.009000e+01  
9.654940e+00  9.263680e+00  8.912660e+00  8.596770e+00  8.307940e+00  8.036310e+00  
7.769100e+00  7.480720e+00  7.132130e+00  6.658990e+00  5.932790e+00  5.387960e+00  
4.604400e+00  3.648280e+00  2.018210e+00  1.401440e+00  7.450800e-01  6.351900e-01  
5.405300e-01  5.320590e-01  5.278630e-01  5.266270e-01  1.617340e+01  1.484420e+01  
1.382790e+01  1.332120e+01  1.305690e+01  1.236650e+01  1.174120e+01  1.117040e+01  
1.065220e+01  1.018340e+01  9.762120e+00  9.385570e+00  9.050360e+00  8.751590e+00  
8.481380e+00  8.230270e+00  7.986480e+00  7.725790e+00  7.409760e+00  6.971940e+00  
6.278560e+00  5.745160e+00  4.961880e+00  3.981470e+00  2.234330e+00  1.535110e+00  
7.843800e-01  6.568200e-01  5.429600e-01  5.315360e-01  5.265580e-01  5.253980e-01  
1.612170e+01  1.481990e+01  1.382670e+01  1.333640e+01  1.308450e+01  1.241730e+01  
1.181160e+01  1.125950e+01  1.075930e+01  1.030890e+01  9.906850e+00  9.550830e+00  
9.237980e+00  8.963820e+00  8.720990e+00  8.500880e+00  8.293430e+00  8.076730e+00  
7.814250e+00  7.438770e+00  6.811490e+00  6.306990e+00  5.537840e+00  4.534660e+00  
2.621040e+00  1.787190e+00  8.598500e-01  6.994800e-01  5.497100e-01  5.323910e-01  
5.249980e-01  5.238380e-01  1.608700e+01  1.480700e+01  1.383140e+01  1.335130e+01  
1.310600e+01  1.245260e+01  1.185900e+01  1.131860e+01  1.083010e+01  1.039140e+01  
1.000180e+01  9.659060e+00  9.360850e+00  9.103160e+00  8.879270e+00  8.681430e+00  
8.500790e+00  8.317120e+00  8.095910e+00  7.771750e+00  7.205680e+00  6.732320e+00  
5.986050e+00  4.979440e+00  2.958360e+00  2.021140e+00  9.315700e-01  7.409000e-01  
5.577800e-01  5.346790e-01  5.241790e-01  5.228880e-01  1.602690e+01  1.479010e+01  
1.384710e+01  1.338260e+01  1.314420e+01  1.250860e+01  1.193100e+01  1.140690e+01  
1.093450e+01  1.051250e+01  1.014020e+01  9.816300e+00  9.539070e+00  9.305670e+00  
9.110830e+00  8.948540e+00  8.811990e+00  8.683520e+00  8.532920e+00  8.302690e+00  
7.861880e+00  7.461030e+00  6.782030e+00  5.803480e+00  3.649830e+00  2.534500e+00  
1.097420e+00  8.387400e-01  5.801500e-01  5.435160e-01  5.235440e-01  5.216060e-01  
1.593980e+01  1.476100e+01  1.385870e+01  1.340650e+01  1.316730e+01  1.254060e+01  
1.197110e+01  1.145520e+01  1.099110e+01  1.057780e+01  1.021470e+01  9.900920e+00  
9.635180e+00  9.415400e+00  9.237290e+00  9.096080e+00  8.986260e+00  8.891830e+00  
8.786050e+00  8.618970e+00  8.270460e+00  7.929300e+00  7.315900e+00  6.384590e+00  
4.192500e+00  2.965940e+00  1.248750e+00  9.299200e-01  6.033700e-01  5.543860e-01  
5.236820e-01  5.208740e-01  1.570390e+01  1.467130e+01  1.386850e+01  1.343990e+01  
1.318970e+01  1.257280e+01  1.201220e+01  1.150470e+01  1.104920e+01  1.064490e+01  
1.029190e+01  9.989460e+00  9.736810e+00  9.532610e+00  9.373530e+00  9.256120e+00  
9.176610e+00  9.121670e+00  9.069510e+00  8.980860e+00  8.754840e+00  8.501270e+00  
7.999210e+00  7.170440e+00  5.006120e+00  3.658670e+00  1.521520e+00  1.098010e+00  
6.493100e-01  5.779610e-01  5.250550e-01  5.202640e-01  1.549930e+01  1.459040e+01  
1.387110e+01  1.346100e+01  1.319940e+01  1.258820e+01  1.203220e+01  1.152920e+01  
1.107810e+01  1.067860e+01  1.033110e+01  1.003500e+01  9.789770e+00  9.594360e+00  
9.445880e+00  9.341490e+00  9.278640e+00  9.245910e+00  9.224940e+00  9.183290e+00  
9.034790e+00  8.841610e+00  8.425400e+00  7.688820e+00  5.601460e+00  4.201330e+00  
1.764630e+00  1.251430e+00  6.934700e-01  6.019130e-01  5.276490e-01  5.202640e-01  
1.535000e+01  1.453070e+01  1.387170e+01  1.347460e+01  1.320460e+01  1.259690e+01  
1.204400e+01  1.154370e+01  1.109550e+01  1.069910e+01  1.035510e+01  1.006300e+01  
9.822440e+00  9.632620e+00  9.490840e+00  9.394650e+00  9.342360e+00  9.323950e+00  
9.323540e+00  9.313420e+00  9.218670e+00  9.069440e+00  8.719720e+00  8.061140e+00  
6.063930e+00  4.644750e+00  1.985280e+00  1.393610e+00  7.358200e-01  6.254730e-01  
5.309450e-01  5.200200e-01  1.524410e+01  1.449020e+01  1.387560e+01  1.348840e+01  
1.321200e+01  1.260370e+01  1.204950e+01  1.155000e+01  1.110440e+01  1.071170e+01  
1.037150e+01  1.008330e+01  9.846660e+00  9.660760e+00  9.523070e+00  9.431450e+00  
9.385200e+00  9.376270e+00  9.391380e+00  9.405980e+00  9.350240e+00  9.232020e+00  
8.936080e+00  8.345290e+00  6.432540e+00  5.019770e+00  2.197240e+00  1.526100e+00  
7.769700e-01  6.482390e-01  5.349730e-01  5.202640e-01  1.511320e+01  1.443750e+01  
1.387560e+01  1.349970e+01  1.321580e+01  1.261080e+01  1.205940e+01  1.156280e+01  
1.111990e+01  1.073030e+01  1.039340e+01  1.010870e+01  9.876130e+00  9.694940e+00  
9.563010e+00  9.478660e+00  9.442010e+00  9.446350e+00  9.480910e+00  9.526360e+00  
9.524970e+00  9.453090e+00  9.233860e+00  8.746080e+00  7.000970e+00  5.618100e+00  
2.595390e+00  1.770200e+00  8.545400e-01  6.927190e-01  5.437010e-01  5.192870e-01  
1.503130e+01  1.440410e+01  1.387490e+01  1.350590e+01  1.321730e+01  1.261460e+01  
1.206570e+01  1.157100e+01  1.113000e+01  1.074200e+01  1.040690e+01  1.012450e+01  
9.894340e+00  9.716050e+00  9.587680e+00  9.507820e+00  9.477140e+00  9.489790e+00  
9.536600e+00  9.601940e+00  9.636350e+00  9.595650e+00  9.429870e+00  9.019130e+00  
7.421200e+00  6.082840e+00  2.942050e+00  1.990750e+00  9.274890e-01  7.353210e-01  
5.529790e-01  5.192870e-01  1.490720e+01  1.435360e+01  1.387370e+01  1.351500e+01  
1.321900e+01  1.261980e+01  1.207450e+01  1.158270e+01  1.114390e+01  1.075810e+01  
1.042540e+01  1.014580e+01  9.919200e+00  9.744960e+00  9.621460e+00  9.547780e+00  
9.525270e+00  9.549460e+00  9.613310e+00  9.706780e+00  9.793290e+00  9.799280e+00  
9.716240e+00  9.433570e+00  8.124130e+00  6.907700e+00  3.654190e+00  2.484680e+00  
1.094850e+00  8.346860e-01  5.771480e-01  5.189210e-01  1.483710e+01  1.432560e+01  
1.387390e+01  1.352080e+01  1.322040e+01  1.262230e+01  1.207840e+01  1.158780e+01  
1.115040e+01  1.076620e+01  1.043550e+01  1.015780e+01  9.932470e+00  9.759090e+00  
9.637420e+00  9.567840e+00  9.551230e+00  9.581610e+00  9.651770e+00  9.758090e+00  
9.880030e+00  9.917850e+00  9.870410e+00  9.637570e+00  8.574040e+00  7.528320e+00  
4.184780e+00  2.896400e+00  1.248280e+00  9.338990e-01  6.025390e-01  5.191650e-01  
1.476070e+01  1.429550e+01  1.387500e+01  1.352850e+01  1.322340e+01  1.262630e+01  
1.208290e+01  1.159310e+01  1.115670e+01  1.077340e+01  1.044360e+01  1.016730e+01  
9.944500e+00  9.774730e+00  9.656520e+00  9.589540e+00  9.575840e+00  9.612170e+00  
9.694000e+00  9.817190e+00  9.961450e+00  1.002170e+01  1.003830e+01  9.925840e+00  
9.099510e+00  8.167760e+00  5.041550e+00  3.630590e+00  1.518660e+00  1.095120e+00  
6.498410e-01  5.190430e-01  1.472080e+01  1.427970e+01  1.387540e+01  1.353220e+01  
1.322460e+01  1.262780e+01  1.208460e+01  1.159530e+01  1.115950e+01  1.077700e+01  
1.044800e+01  1.017270e+01  9.950810e+00  9.782150e+00  9.665310e+00  9.600150e+00  
9.588850e+00  9.628330e+00  9.714870e+00  9.845770e+00  1.000550e+01  1.008070e+01  
1.012520e+01  1.006420e+01  9.412670e+00  8.608400e+00  5.648040e+00  4.185020e+00  
1.760370e+00  1.249180e+00  6.949460e-01  5.190430e-01  1.469590e+01  1.426960e+01  
1.387530e+01  1.353420e+01  1.322490e+01  1.262830e+01  1.208550e+01  1.159650e+01  
1.116110e+01  1.077920e+01  1.045080e+01  1.017600e+01  9.954730e+00  9.786680e+00  
9.670650e+00  9.606580e+00  9.596800e+00  9.638280e+00  9.727780e+00  9.863510e+00  
1.003280e+01  1.011730e+01  1.017910e+01  1.015090e+01  9.619320e+00  8.910600e+00  
6.112990e+00  4.633930e+00  2.007770e+00  1.392460e+00  7.381590e-01  5.175780e-01  
1.467840e+01  1.426260e+01  1.387520e+01  1.353540e+01  1.322500e+01  1.262870e+01  
1.208620e+01  1.159750e+01  1.116240e+01  1.078070e+01  1.045270e+01  1.017820e+01  
9.957340e+00  9.789730e+00  9.674240e+00  9.610910e+00  9.602130e+00  9.644980e+00  
9.736510e+00  9.875560e+00  1.005140e+01  1.014220e+01  1.021580e+01  1.021020e+01  
9.766390e+00  9.132730e+00  6.486710e+00  5.012270e+00  2.253020e+00  1.527050e+00  
7.785640e-01  5.195310e-01  1.465520e+01  1.425320e+01  1.387520e+01  1.353730e+01  
1.322550e+01  1.262970e+01  1.208750e+01  1.159920e+01  1.116440e+01  1.078300e+01  
1.045520e+01  1.018100e+01  9.960530e+00  9.793520e+00  9.678790e+00  9.616350e+00  
9.608730e+00  9.653250e+00  9.747400e+00  9.890650e+00  1.007460e+01  1.017350e+01  
1.026230e+01  1.028600e+01  9.963010e+00  9.440990e+00  7.057790e+00  5.620740e+00  
2.678460e+00  1.829160e+00  8.569340e-01  5.205080e-01  1.464150e+01  1.424790e+01  
1.387540e+01  1.353880e+01  1.322630e+01  1.263070e+01  1.208880e+01  1.160070e+01  
1.116600e+01  1.078480e+01  1.045760e+01  1.018380e+01  9.963130e+00  9.795180e+00  
9.680010e+00  9.618560e+00  9.612920e+00  9.659230e+00  9.753910e+00  9.897970e+00  
1.008800e+01  1.019470e+01  1.029280e+01  1.032560e+01  1.007640e+01  9.670650e+00  
7.487880e+00  6.080400e+00  3.035750e+00  2.097840e+00  9.257810e-01  5.175780e-01  