8.772200e-01  8.947840e-01  9.124800e-01  9.304180e-01  9.486200e-01  9.858300e-01  
1.024140e+00  1.063580e+00  1.104210e+00  1.146140e+00  1.189560e+00  1.234660e+00  
1.281690e+00  1.331180e+00  1.384030e+00  1.440240e+00  1.496760e+00  1.546100e+00  
1.580940e+00  1.604210e+00  1.620830e+00  1.628000e+00  1.639110e+00  1.650390e+00  
1.652170e+00  1.652170e+00  1.653670e+00  1.653430e+00  1.652960e+00  1.653460e+00  
1.653500e+00  1.653660e+00  1.209550e+00  1.230720e+00  1.252090e+00  1.273820e+00  
1.295960e+00  1.341550e+00  1.388920e+00  1.438060e+00  1.488960e+00  1.541550e+00  
1.595730e+00  1.651360e+00  1.708110e+00  1.765530e+00  1.823010e+00  1.879620e+00  
1.934090e+00  1.984680e+00  2.029270e+00  2.066160e+00  2.090350e+00  2.093210e+00  
2.086260e+00  2.076220e+00  2.094950e+00  2.111290e+00  2.106640e+00  2.103000e+00  
2.103070e+00  2.104100e+00  2.103190e+00  2.104310e+00  1.510700e+00  1.535330e+00  
1.560120e+00  1.585220e+00  1.610710e+00  1.663020e+00  1.717060e+00  1.772800e+00  
1.830160e+00  1.889020e+00  1.949170e+00  2.010380e+00  2.072220e+00  2.134070e+00  
2.195110e+00  2.254210e+00  2.309880e+00  2.360150e+00  2.402920e+00  2.437290e+00  
2.459440e+00  2.461890e+00  2.455400e+00  2.446930e+00  2.469370e+00  2.486660e+00  
2.479550e+00  2.475540e+00  2.476320e+00  2.477430e+00  2.475890e+00  2.477140e+00  
2.025200e+00  2.059670e+00  2.093930e+00  2.127820e+00  2.161480e+00  2.228460e+00  
2.294580e+00  2.359590e+00  2.423320e+00  2.485740e+00  2.547010e+00  2.607050e+00  
2.665870e+00  2.723710e+00  2.781600e+00  2.839890e+00  2.896380e+00  2.946480e+00  
2.985460e+00  3.013160e+00  3.032150e+00  3.040200e+00  3.048690e+00  3.056100e+00  
3.063300e+00  3.064200e+00  3.063850e+00  3.064220e+00  3.065070e+00  3.064930e+00  
3.063850e+00  3.063960e+00  2.454040e+00  2.499660e+00  2.544310e+00  2.587270e+00  
2.628680e+00  2.707660e+00  2.780830e+00  2.848180e+00  2.910310e+00  2.968810e+00  
3.026020e+00  3.082340e+00  3.137710e+00  3.191940e+00  3.245220e+00  3.297280e+00  
3.346340e+00  3.389280e+00  3.423250e+00  3.449580e+00  3.470020e+00  3.478570e+00  
3.489190e+00  3.499900e+00  3.509080e+00  3.509770e+00  3.506890e+00  3.508270e+00  
3.510190e+00  3.508370e+00  3.507830e+00  3.507360e+00  2.825120e+00  2.879940e+00  
2.933100e+00  2.983300e+00  3.030740e+00  3.118470e+00  3.195760e+00  3.262790e+00  
3.320890e+00  3.373040e+00  3.423440e+00  3.472980e+00  3.521640e+00  3.569170e+00  
3.615590e+00  3.660540e+00  3.702530e+00  3.739000e+00  3.767860e+00  3.791200e+00  
3.811850e+00  3.821960e+00  3.834550e+00  3.847020e+00  3.857830e+00  3.858310e+00  
3.853970e+00  3.855810e+00  3.858370e+00  3.855900e+00  3.855160e+00  3.854550e+00  
3.152240e+00  3.214310e+00  3.274080e+00  3.329740e+00  3.381520e+00  3.474980e+00  
3.553830e+00  3.618500e+00  3.670980e+00  3.715510e+00  3.757900e+00  3.799470e+00  
3.840250e+00  3.880050e+00  3.918860e+00  3.956380e+00  3.991330e+00  4.021560e+00  
4.045520e+00  4.065900e+00  4.086400e+00  4.097600e+00  4.111450e+00  4.124860e+00  
4.136590e+00  4.137010e+00  4.132050e+00  4.134060e+00  4.136920e+00  4.134150e+00  
4.133340e+00  4.132660e+00  3.708750e+00  3.779630e+00  3.847160e+00  3.908740e+00  
3.964680e+00  4.061930e+00  4.138270e+00  4.194590e+00  4.233930e+00  4.262340e+00  
4.287880e+00  4.312540e+00  4.336520e+00  4.359980e+00  4.383150e+00  4.406110e+00  
4.428020e+00  4.447160e+00  4.462620e+00  4.477720e+00  4.497000e+00  4.509020e+00  
4.523130e+00  4.535980e+00  4.547870e+00  4.548640e+00  4.544410e+00  4.546250e+00  
4.548820e+00  4.546370e+00  4.545630e+00  4.545020e+00  4.170790e+00  4.244720e+00  
4.314560e+00  4.377120e+00  4.432840e+00  4.526710e+00  4.595670e+00  4.640990e+00  
4.666440e+00  4.679130e+00  4.688410e+00  4.696660e+00  4.704350e+00  4.712030e+00  
4.720400e+00  4.730080e+00  4.740530e+00  4.750250e+00  4.758570e+00  4.768970e+00  
4.786050e+00  4.797500e+00  4.809770e+00  4.819920e+00  4.830480e+00  4.831880e+00  
4.829950e+00  4.831130e+00  4.832760e+00  4.831270e+00  4.830840e+00  4.830500e+00  
5.056680e+00  5.138090e+00  5.211010e+00  5.268960e+00  5.313540e+00  5.372900e+00  
5.399340e+00  5.405470e+00  5.396930e+00  5.380080e+00  5.362470e+00  5.343710e+00  
5.320400e+00  5.291920e+00  5.264350e+00  5.243160e+00  5.228520e+00  5.218780e+00  
5.213030e+00  5.214540e+00  5.223720e+00  5.228380e+00  5.231830e+00  5.233630e+00  
5.237600e+00  5.240370e+00  5.245620e+00  5.244930e+00  5.243510e+00  5.244550e+00  
5.245730e+00  5.246000e+00  5.732070e+00  5.786770e+00  5.835680e+00  5.874390e+00  
5.903970e+00  5.941530e+00  5.949220e+00  5.929820e+00  5.888720e+00  5.834790e+00  
5.778860e+00  5.724000e+00  5.671460e+00  5.622410e+00  5.578610e+00  5.541380e+00  
5.510660e+00  5.484850e+00  5.463230e+00  5.449330e+00  5.446720e+00  5.447540e+00  
5.442140e+00  5.431910e+00  5.428740e+00  5.432520e+00  5.444430e+00  5.441280e+00  
5.436680e+00  5.441510e+00  5.443030e+00  5.444230e+00  6.690480e+00  6.711920e+00  
6.727110e+00  6.731380e+00  6.726370e+00  6.696370e+00  6.639200e+00  6.558690e+00  
6.461190e+00  6.356140e+00  6.254240e+00  6.158890e+00  6.070800e+00  5.990130e+00  
5.917430e+00  5.852370e+00  5.794660e+00  5.742390e+00  5.694710e+00  5.655740e+00  
5.629240e+00  5.617360e+00  5.595850e+00  5.569830e+00  5.553520e+00  5.556930e+00  
5.575260e+00  5.569600e+00  5.561460e+00  5.569780e+00  5.572340e+00  5.574370e+00  
7.500030e+00  7.440650e+00  7.379700e+00  7.316260e+00  7.251950e+00  7.126000e+00  
7.001830e+00  6.879410e+00  6.758960e+00  6.640710e+00  6.524610e+00  6.411470e+00  
6.302100e+00  6.196460e+00  6.095750e+00  6.000380e+00  5.911390e+00  5.830190e+00  
5.758090e+00  5.694800e+00  5.642890e+00  5.624830e+00  5.614490e+00  5.606550e+00  
5.557130e+00  5.534770e+00  5.558030e+00  5.562280e+00  5.553300e+00  5.553070e+00  
5.567630e+00  5.563600e+00  8.000400e+00  7.917230e+00  7.832520e+00  7.745410e+00  
7.657800e+00  7.486990e+00  7.319970e+00  7.156840e+00  6.997800e+00  6.843060e+00  
6.692920e+00  6.548200e+00  6.409980e+00  6.278200e+00  6.154360e+00  6.039340e+00  
5.934270e+00  5.840730e+00  5.759610e+00  5.688100e+00  5.625440e+00  5.600270e+00  
5.580820e+00  5.563210e+00  5.501020e+00  5.474940e+00  5.496870e+00  5.502180e+00  
5.494640e+00  5.493590e+00  5.504090e+00  5.501100e+00  8.399770e+00  8.295470e+00  
8.189720e+00  8.081760e+00  7.973710e+00  7.763730e+00  7.559540e+00  7.361290e+00  
7.169170e+00  6.983240e+00  6.804110e+00  6.632750e+00  6.470100e+00  6.316250e+00  
6.172690e+00  6.040830e+00  5.921760e+00  5.817140e+00  5.727560e+00  5.648410e+00  
5.576800e+00  5.546290e+00  5.520540e+00  5.496870e+00  5.427040e+00  5.397830e+00  
5.414540e+00  5.420650e+00  5.415990e+00  5.414120e+00  5.419010e+00  5.417050e+00  
8.858380e+00  8.811300e+00  8.744490e+00  8.643730e+00  8.516710e+00  8.223490e+00  
7.909360e+00  7.615130e+00  7.346430e+00  7.101750e+00  6.879890e+00  6.679180e+00  
6.495310e+00  6.324650e+00  6.166520e+00  6.021070e+00  5.886910e+00  5.761910e+00  
5.643140e+00  5.526490e+00  5.412090e+00  5.360160e+00  5.315040e+00  5.285050e+00  
5.250980e+00  5.237860e+00  5.217960e+00  5.219540e+00  5.223500e+00  5.220210e+00  
5.216530e+00  5.215820e+00  9.301860e+00  9.225220e+00  9.127990e+00  8.995380e+00  
8.835920e+00  8.479490e+00  8.106910e+00  7.761260e+00  7.447830e+00  7.164710e+00  
6.909830e+00  6.680500e+00  6.470600e+00  6.275450e+00  6.094200e+00  5.927170e+00  
5.773100e+00  5.629520e+00  5.493030e+00  5.357730e+00  5.223690e+00  5.163560e+00  
5.113340e+00  5.081970e+00  5.044060e+00  5.027380e+00  4.999300e+00  5.002130e+00  
5.008590e+00  5.003500e+00  4.997780e+00  4.996650e+00  1.004170e+01  9.884720e+00  
9.709910e+00  9.504800e+00  9.278060e+00  8.801500e+00  8.326260e+00  7.891320e+00  
7.499780e+00  7.149110e+00  6.836270e+00  6.554780e+00  6.295080e+00  6.050900e+00  
5.822940e+00  5.612410e+00  5.418970e+00  5.238400e+00  5.067360e+00  4.902660e+00  
4.743920e+00  4.669590e+00  4.600880e+00  4.551200e+00  4.498680e+00  4.482300e+00  
4.462170e+00  4.462630e+00  4.465060e+00  4.462550e+00  4.459780e+00  4.459140e+00  
1.062010e+01  1.030530e+01  9.995400e+00  9.694620e+00  9.404680e+00  8.858850e+00  
8.353920e+00  7.887330e+00  7.456670e+00  7.060440e+00  6.697920e+00  6.366650e+00  
6.063560e+00  5.785220e+00  5.527330e+00  5.287390e+00  5.066670e+00  4.864420e+00  
4.678120e+00  4.498110e+00  4.316380e+00  4.226940e+00  4.141840e+00  4.077980e+00  
4.011580e+00  3.997890e+00  3.993790e+00  3.991010e+00  3.986490e+00  3.988480e+00  
3.990640e+00  3.991080e+00  1.108780e+01  1.071750e+01  1.034750e+01  9.978740e+00  
9.615280e+00  8.919210e+00  8.279470e+00  7.712820e+00  7.213540e+00  6.770030e+00  
6.371630e+00  6.009580e+00  5.674110e+00  5.359030e+00  5.063690e+00  4.787690e+00  
4.530180e+00  4.288960e+00  4.061240e+00  3.849130e+00  3.652250e+00  3.556520e+00  
3.459970e+00  3.382920e+00  3.309330e+00  3.293750e+00  3.286510e+00  3.283310e+00  
3.279430e+00  3.281000e+00  3.282870e+00  3.283000e+00  1.146510e+01  1.096960e+01  
1.049240e+01  1.004770e+01  9.632160e+00  8.868390e+00  8.187710e+00  7.580260e+00  
7.039240e+00  6.555340e+00  6.119780e+00  5.726350e+00  5.368880e+00  5.040400e+00  
4.732050e+00  4.438010e+00  4.158930e+00  3.896720e+00  3.651890e+00  3.421120e+00  
3.204220e+00  3.102040e+00  3.003160e+00  2.927420e+00  2.852970e+00  2.833590e+00  
2.816060e+00  2.815020e+00  2.814580e+00  2.813290e+00  2.812790e+00  2.812460e+00  
1.168880e+01  1.113390e+01  1.060350e+01  1.011590e+01  9.664810e+00  8.840520e+00  
8.114730e+00  7.473520e+00  6.906720e+00  6.401960e+00  5.947410e+00  5.535850e+00  
5.161200e+00  4.816640e+00  4.493670e+00  4.186660e+00  3.895920e+00  3.622710e+00  
3.367880e+00  3.127600e+00  2.901070e+00  2.794160e+00  2.691350e+00  2.613240e+00  
2.536550e+00  2.516500e+00  2.497850e+00  2.496960e+00  2.496760e+00  2.495130e+00  
2.494490e+00  2.494440e+00  1.184680e+01  1.125110e+01  1.068440e+01  1.016830e+01  
9.694010e+00  8.828950e+00  8.072320e+00  7.407910e+00  6.822480e+00  6.301770e+00  
5.832340e+00  5.406540e+00  5.018380e+00  4.661250e+00  4.327090e+00  4.010560e+00  
3.711620e+00  3.431110e+00  3.169560e+00  2.923520e+00  2.690930e+00  2.580460e+00  
2.473380e+00  2.391300e+00  2.311720e+00  2.291880e+00  2.275140e+00  2.273610e+00  
2.272480e+00  2.271760e+00  2.271380e+00  2.271710e+00  1.205410e+01  1.141060e+01  
1.080250e+01  1.025550e+01  9.756370e+00  8.845710e+00  8.053320e+00  7.361330e+00  
6.752380e+00  6.210130e+00  5.720060e+00  5.274420e+00  4.867360e+00  4.492650e+00  
4.142850e+00  3.812970e+00  3.502470e+00  3.211400e+00  2.939250e+00  2.683020e+00  
2.438860e+00  2.321530e+00  2.206900e+00  2.118180e+00  2.032450e+00  2.011990e+00  
1.996860e+00  1.994520e+00  1.992280e+00  1.992630e+00  1.992580e+00  1.992860e+00  
1.218290e+01  1.151710e+01  1.089040e+01  1.033090e+01  9.822570e+00  8.892830e+00  
8.084530e+00  7.378820e+00  6.756950e+00  6.201980e+00  5.699340e+00  5.241460e+00  
4.822630e+00  4.436730e+00  4.076600e+00  3.737290e+00  3.417940e+00  3.118020e+00  
2.836150e+00  2.568380e+00  2.310810e+00  2.185870e+00  2.063950e+00  1.969530e+00  
1.876980e+00  1.854440e+00  1.837330e+00  1.834960e+00  1.832800e+00  1.832960e+00  
1.832890e+00  1.832430e+00  1.236040e+01  1.167520e+01  1.103440e+01  1.046920e+01  
9.958580e+00  9.019880e+00  8.204510e+00  7.488280e+00  6.854390e+00  6.286790e+00  
5.772090e+00  5.302700e+00  4.872500e+00  4.474760e+00  4.101550e+00  3.747420e+00  
3.411490e+00  3.093150e+00  2.790020e+00  2.495010e+00  2.202670e+00  2.056510e+00  
1.910200e+00  1.793850e+00  1.679570e+00  1.650660e+00  1.627180e+00  1.624600e+00  
1.622530e+00  1.622060e+00  1.621780e+00  1.621230e+00  1.244980e+01  1.175940e+01  
1.111680e+01  1.055530e+01  1.005050e+01  9.119910e+00  8.311680e+00  7.598390e+00  
6.965490e+00  6.398510e+00  5.885180e+00  5.417570e+00  4.988640e+00  4.590500e+00  
4.213560e+00  3.851470e+00  3.503950e+00  3.171430e+00  2.851440e+00  2.534140e+00  
2.209380e+00  2.041220e+00  1.864740e+00  1.718410e+00  1.578540e+00  1.544480e+00  
1.517120e+00  1.513570e+00  1.510460e+00  1.510250e+00  1.509960e+00  1.511170e+00  
1.253300e+01  1.183630e+01  1.119380e+01  1.064290e+01  1.015470e+01  9.256730e+00  
8.476810e+00  7.787730e+00  7.174820e+00  6.623300e+00  6.120420e+00  5.659000e+00  
5.233090e+00  4.835950e+00  4.459200e+00  4.096290e+00  3.744180e+00  3.398580e+00  
3.053050e+00  2.696250e+00  2.312610e+00  2.103410e+00  1.874010e+00  1.672280e+00  
1.469830e+00  1.427020e+00  1.400010e+00  1.396000e+00  1.389090e+00  1.388240e+00  
1.390560e+00  1.393710e+00  1.255470e+01  1.186080e+01  1.122560e+01  1.068940e+01  
1.021960e+01  9.355080e+00  8.601700e+00  7.935580e+00  7.342400e+00  6.807630e+00  
6.318510e+00  5.868110e+00  5.450710e+00  5.059610e+00  4.686300e+00  4.323960e+00  
3.969310e+00  3.617530e+00  3.260120e+00  2.880040e+00  2.451950e+00  2.206740e+00  
1.926660e+00  1.673180e+00  1.416390e+00  1.363930e+00  1.337070e+00  1.332930e+00  
1.322930e+00  1.321610e+00  1.325900e+00  1.329470e+00  1.255030e+01  1.186240e+01  
1.123680e+01  1.071640e+01  1.026460e+01  9.430100e+00  8.700630e+00  8.054800e+00  
7.478940e+00  6.958890e+00  6.482110e+00  6.041890e+00  5.632840e+00  5.248400e+00  
4.880110e+00  4.521020e+00  4.167530e+00  3.814190e+00  3.450620e+00  3.054920e+00  
2.592980e+00  2.318510e+00  1.994780e+00  1.696500e+00  1.389420e+00  1.326080e+00  
1.297140e+00  1.292940e+00  1.280760e+00  1.278970e+00  1.284330e+00  1.287120e+00  
1.253430e+01  1.185350e+01  1.123830e+01  1.073330e+01  1.029840e+01  9.490020e+00  
8.781700e+00  8.153520e+00  7.592600e+00  7.085280e+00  6.619330e+00  6.188370e+00  
5.787230e+00  5.409570e+00  5.047040e+00  4.692600e+00  4.342290e+00  3.990010e+00  
3.623680e+00  3.217340e+00  2.728990e+00  2.430300e+00  2.069310e+00  1.731110e+00  
1.377410e+00  1.302590e+00  1.269520e+00  1.265150e+00  1.251390e+00  1.249190e+00  
1.255070e+00  1.256860e+00  1.240330e+01  1.177470e+01  1.121190e+01  1.075850e+01  
1.036890e+01  9.620340e+00  8.946920e+00  8.336100e+00  7.782470e+00  7.279860e+00  
6.822990e+00  6.406200e+00  6.023130e+00  5.665840e+00  5.323490e+00  4.986740e+00  
4.650120e+00  4.304780e+00  3.933790e+00  3.501930e+00  2.958710e+00  2.622600e+00  
2.220670e+00  1.838240e+00  1.388270e+00  1.269530e+00  1.231680e+00  1.230670e+00  
1.213400e+00  1.209370e+00  1.217350e+00  1.216060e+00  1.243240e+01  1.179950e+01  
1.123740e+01  1.079230e+01  1.041410e+01  9.682240e+00  9.025900e+00  8.432640e+00  
7.897070e+00  7.412950e+00  6.974830e+00  6.576760e+00  6.211860e+00  5.871260e+00  
5.542490e+00  5.215200e+00  4.884650e+00  4.543550e+00  4.178150e+00  3.759350e+00  
3.221630e+00  2.857730e+00  2.372310e+00  1.894290e+00  1.395980e+00  1.276510e+00  
1.215270e+00  1.205920e+00  1.188360e+00  1.188240e+00  1.186890e+00  1.189450e+00  
1.234840e+01  1.174050e+01  1.120750e+01  1.079820e+01  1.045660e+01  9.783740e+00  
9.177200e+00  8.626910e+00  8.128620e+00  7.677290e+00  7.268470e+00  6.897130e+00  
6.557340e+00  6.241100e+00  5.936800e+00  5.634390e+00  5.328570e+00  5.010640e+00  
4.663520e+00  4.249580e+00  3.684650e+00  3.281570e+00  2.722290e+00  2.144540e+00  
1.478510e+00  1.297450e+00  1.188510e+00  1.174610e+00  1.154050e+00  1.152770e+00  
1.150810e+00  1.151670e+00  1.229040e+01  1.169970e+01  1.118600e+01  1.079930e+01  
1.048050e+01  9.845820e+00  9.271740e+00  8.749880e+00  8.276590e+00  7.847690e+00  
7.459330e+00  7.107180e+00  6.785980e+00  6.488530e+00  6.204050e+00  5.922960e+00  
5.639730e+00  5.344920e+00  5.019060e+00  4.618010e+00  4.046160e+00  3.625600e+00  
3.029260e+00  2.387560e+00  1.577920e+00  1.339480e+00  1.178680e+00  1.158960e+00  
1.135870e+00  1.133620e+00  1.131480e+00  1.131480e+00  1.217110e+01  1.161210e+01  
1.113200e+01  1.078150e+01  1.049810e+01  9.922030e+00  9.396250e+00  8.914680e+00  
8.475050e+00  8.074510e+00  7.710620e+00  7.380580e+00  7.081010e+00  6.807120e+00  
6.551540e+00  6.306970e+00  6.067380e+00  5.820770e+00  5.540040e+00  5.160070e+00  
4.565320e+00  4.120700e+00  3.498670e+00  2.804080e+00  1.803790e+00  1.467140e+00  
1.173410e+00  1.138950e+00  1.120030e+00  1.116090e+00  1.101930e+00  1.110350e+00  
1.215790e+01  1.160560e+01  1.113390e+01  1.079450e+01  1.052300e+01  9.967380e+00  
9.460800e+00  8.997940e+00  8.576710e+00  8.194600e+00  7.849400e+00  7.538630e+00  
7.259110e+00  7.006320e+00  6.773010e+00  6.552150e+00  6.338540e+00  6.121220e+00  
5.874380e+00  5.533470e+00  4.976130e+00  4.539850e+00  3.901420e+00  3.150260e+00  
1.989710e+00  1.578580e+00  1.193640e+00  1.141230e+00  1.106860e+00  1.102570e+00  
1.091610e+00  1.099610e+00  1.215470e+01  1.160690e+01  1.114040e+01  1.080730e+01  
1.054240e+01  9.998740e+00  9.503730e+00  9.052690e+00  8.643590e+00  8.274120e+00  
7.942200e+00  7.645470e+00  7.380930e+00  7.144140e+00  6.927800e+00  6.725080e+00  
6.531500e+00  6.337280e+00  6.118290e+00  5.812140e+00  5.294510e+00  4.873860e+00  
4.235010e+00  3.449580e+00  2.163420e+00  1.686280e+00  1.217860e+00  1.148450e+00  
1.098400e+00  1.093370e+00  1.086240e+00  1.092530e+00  1.214290e+01  1.160500e+01  
1.114780e+01  1.082270e+01  1.056480e+01  1.003200e+01  9.544990e+00  9.100010e+00  
8.695880e+00  8.331180e+00  8.004890e+00  7.715310e+00  7.460200e+00  7.236150e+00  
7.037380e+00  6.857090e+00  6.687030e+00  6.509030e+00  6.295310e+00  6.000230e+00  
5.523280e+00  5.141110e+00  4.551720e+00  3.773950e+00  2.331760e+00  1.769110e+00  
1.227900e+00  1.152840e+00  1.100560e+00  1.093070e+00  1.089040e+00  1.088150e+00  
1.212870e+01  1.160190e+01  1.115460e+01  1.083760e+01  1.058650e+01  1.006660e+01  
9.590950e+00  9.156960e+00  8.763870e+00  8.410810e+00  8.097360e+00  7.822090e+00  
7.582920e+00  7.376510e+00  7.197060e+00  7.038160e+00  6.893030e+00  6.745780e+00  
6.571030e+00  6.324040e+00  5.905210e+00  5.555510e+00  4.995020e+00  4.212290e+00  
2.637180e+00  1.974570e+00  1.273780e+00  1.168740e+00  1.097170e+00  1.091210e+00  
1.080410e+00  1.082400e+00  1.212240e+01  1.160250e+01  1.116130e+01  1.084870e+01  
1.060130e+01  1.008890e+01  9.620320e+00  9.193550e+00  8.807840e+00  8.462430e+00  
8.157020e+00  7.890500e+00  7.661110e+00  7.466050e+00  7.300230e+00  7.157950e+00  
7.033170e+00  6.910820e+00  6.766280e+00  6.555460e+00  6.181160e+00  5.859440e+00  
5.331910e+00  4.567090e+00  2.912840e+00  2.160330e+00  1.319160e+00  1.189610e+00  
1.097570e+00  1.089540e+00  1.076290e+00  1.078980e+00  1.211130e+01  1.160510e+01  
1.117460e+01  1.086840e+01  1.062520e+01  1.012210e+01  9.662470e+00  9.244990e+00  
8.869120e+00  8.534490e+00  8.241140e+00  7.987940e+00  7.773120e+00  7.594480e+00  
7.448630e+00  7.331770e+00  7.239580e+00  7.159240e+00  7.069500e+00  6.931070e+00  
6.645990e+00  6.372560e+00  5.901160e+00  5.197260e+00  3.506050e+00  2.569800e+00  
1.425200e+00  1.247380e+00  1.104520e+00  1.089400e+00  1.073940e+00  1.074460e+00  
1.210860e+01  1.161140e+01  1.118670e+01  1.088070e+01  1.063580e+01  1.013440e+01  
9.679270e+00  9.268260e+00  8.900030e+00  8.573430e+00  8.287720e+00  8.041970e+00  
7.835020e+00  7.664850e+00  7.527270e+00  7.419330e+00  7.341530e+00  7.290820e+00  
7.251100e+00  7.165410e+00  6.928960e+00  6.695200e+00  6.291380e+00  5.642500e+00  
3.923310e+00  2.934990e+00  1.539000e+00  1.304010e+00  1.113250e+00  1.092440e+00  
1.072600e+00  1.072020e+00  1.205230e+01  1.159180e+01  1.119240e+01  1.089360e+01  
1.064740e+01  1.015140e+01  9.701580e+00  9.296050e+00  8.933560e+00  8.613150e+00  
8.334220e+00  8.096130e+00  7.898000e+00  7.738210e+00  7.613140e+00  7.520790e+00  
7.463100e+00  7.439600e+00  7.438770e+00  7.411890e+00  7.266570e+00  7.095160e+00  
6.768450e+00  6.207900e+00  4.580540e+00  3.499650e+00  1.748960e+00  1.425780e+00  
1.135210e+00  1.100670e+00  1.071010e+00  1.069580e+00  1.200300e+01  1.157300e+01  
1.119450e+01  1.090080e+01  1.065260e+01  1.015940e+01  9.712400e+00  9.309780e+00  
8.950380e+00  8.633330e+00  8.358060e+00  8.124060e+00  7.930610e+00  7.776300e+00  
7.657800e+00  7.573620e+00  7.526580e+00  7.517860e+00  7.539010e+00  7.547410e+00  
7.460470e+00  7.331110e+00  7.059400e+00  6.568870e+00  5.052750e+00  3.937890e+00  
1.943610e+00  1.544050e+00  1.159110e+00  1.110160e+00  1.071110e+00  1.068240e+00  
1.194630e+01  1.154570e+01  1.118860e+01  1.090320e+01  1.065660e+01  1.016880e+01  
9.724230e+00  9.322640e+00  8.963580e+00  8.646980e+00  8.372920e+00  8.140870e+00  
7.949820e+00  7.798870e+00  7.686860e+00  7.613220e+00  7.577650e+00  7.573890e+00  
7.591930e+00  7.613810e+00  7.577590e+00  7.483440e+00  7.260900e+00  6.850300e+00  
5.437280e+00  4.242170e+00  2.124910e+00  1.672310e+00  1.184080e+00  1.110890e+00  
1.077090e+00  1.067840e+00  1.192110e+01  1.153570e+01  1.118880e+01  1.090590e+01  
1.065830e+01  1.017200e+01  9.728770e+00  9.328500e+00  8.970770e+00  8.655530e+00  
8.382930e+00  8.152510e+00  7.963370e+00  7.814740e+00  7.705640e+00  7.635720e+00  
7.604930e+00  7.607430e+00  7.634510e+00  7.671670e+00  7.665230e+00  7.595960e+00  
7.408040e+00  7.040430e+00  5.718570e+00  4.542870e+00  2.294140e+00  1.778560e+00  
1.209170e+00  1.121580e+00  1.080260e+00  1.067320e+00  1.188940e+01  1.152330e+01  
1.118960e+01  1.090990e+01  1.066090e+01  1.017610e+01  9.734510e+00  9.335880e+00  
8.979900e+00  8.666500e+00  8.395890e+00  8.167650e+00  7.981030e+00  7.835400e+00  
7.730090e+00  7.664980e+00  7.640410e+00  7.650970e+00  7.689440e+00  7.746090e+00  
7.780070e+00  7.746750e+00  7.610310e+00  7.306220e+00  6.135210e+00  5.024500e+00  
2.606490e+00  1.975880e+00  1.259130e+00  1.144900e+00  1.086120e+00  1.066530e+00  
1.186880e+01  1.151550e+01  1.119050e+01  1.091290e+01  1.066310e+01  1.017920e+01  
9.738260e+00  9.340540e+00  8.985580e+00  8.673130e+00  8.403240e+00  8.175910e+00  
7.991140e+00  7.848510e+00  7.746370e+00  7.683920e+00  7.662270e+00  7.677510e+00  
7.723780e+00  7.790770e+00  7.848480e+00  7.844040e+00  7.753330e+00  7.485400e+00  
6.392070e+00  5.411740e+00  2.900180e+00  2.153180e+00  1.306340e+00  1.174760e+00  
1.082670e+00  1.066410e+00  1.183880e+01  1.150390e+01  1.119160e+01  1.091700e+01  
1.066570e+01  1.018280e+01  9.742960e+00  9.346450e+00  8.992850e+00  8.681940e+00  
8.413890e+00  8.188650e+00  8.006130e+00  7.865960e+00  7.766820e+00  7.708260e+00  
7.691800e+00  7.714190e+00  7.770940e+00  7.855500e+00  7.945850e+00  7.972370e+00  
7.943660e+00  7.770770e+00  6.879620e+00  6.025390e+00  3.486760e+00  2.563360e+00  
1.424630e+00  1.233380e+00  1.095880e+00  1.065920e+00  1.182180e+01  1.149730e+01  
1.119200e+01  1.091890e+01  1.066670e+01  1.018450e+01  9.745380e+00  9.349510e+00  
8.996570e+00  8.686380e+00  8.419150e+00  8.194890e+00  8.013500e+00  7.874700e+00  
7.777210e+00  7.720740e+00  7.707010e+00  7.733080e+00  7.795250e+00  7.889280e+00  
7.997080e+00  8.039720e+00  8.044490e+00  7.929170e+00  7.182990e+00  6.427080e+00  
3.945950e+00  2.913300e+00  1.538080e+00  1.293810e+00  1.109220e+00  1.065640e+00  
1.180360e+01  1.149010e+01  1.119220e+01  1.092070e+01  1.066750e+01  1.018620e+01  
9.747830e+00  9.352670e+00  9.000360e+00  8.690830e+00  8.424340e+00  8.200960e+00  
8.020690e+00  7.883290e+00  7.787550e+00  7.733220e+00  7.722260e+00  7.752090e+00  
7.819890e+00  7.923860e+00  8.050030e+00  8.109230e+00  8.147950e+00  8.097900e+00  
7.548200e+00  6.932070e+00  4.627320e+00  3.474790e+00  1.749690e+00  1.414340e+00  
1.135430e+00  1.065410e+00  1.181490e+01  1.149960e+01  1.119910e+01  1.092380e+01  
1.066680e+01  1.018220e+01  9.743500e+00  9.349460e+00  8.999110e+00  8.691820e+00  
8.427290e+00  8.205400e+00  8.025980e+00  7.888290e+00  7.789870e+00  7.730690e+00  
7.716620e+00  7.753980e+00  7.844020e+00  7.964100e+00  8.084170e+00  8.141510e+00  
8.191100e+00  8.180100e+00  7.773450e+00  7.236090e+00  5.104580e+00  3.915400e+00  
1.946010e+00  1.532890e+00  1.159640e+00  1.065320e+00  1.180880e+01  1.149720e+01  
1.119920e+01  1.092450e+01  1.066720e+01  1.018290e+01  9.744410e+00  9.350570e+00  
9.000400e+00  8.693310e+00  8.428980e+00  8.207320e+00  8.028170e+00  7.890820e+00  
7.792890e+00  7.734360e+00  7.721220e+00  7.759870e+00  7.851780e+00  7.974600e+00  
8.099920e+00  8.162950e+00  8.224730e+00  8.236380e+00  7.909510e+00  7.447440e+00  
5.466540e+00  4.266160e+00  2.138880e+00  1.647520e+00  1.184020e+00  1.065240e+00  
1.180440e+01  1.149550e+01  1.119930e+01  1.092500e+01  1.066750e+01  1.018330e+01  
9.744990e+00  9.351280e+00  9.001260e+00  8.694280e+00  8.430100e+00  8.208590e+00  
8.029640e+00  7.892530e+00  7.794920e+00  7.736830e+00  7.724300e+00  7.763800e+00  
7.856950e+00  7.981700e+00  8.110660e+00  8.177520e+00  8.247280e+00  8.274350e+00  
8.006070e+00  7.600190e+00  5.749770e+00  4.558570e+00  2.318230e+00  1.760350e+00  
1.208130e+00  1.065200e+00  1.177830e+01  1.148050e+01  1.119310e+01  1.092400e+01  
1.066940e+01  1.018850e+01  9.750700e+00  9.356290e+00  9.004940e+00  8.696520e+00  
8.431190e+00  8.209040e+00  8.030050e+00  7.894090e+00  7.800200e+00  7.748480e+00  
7.741170e+00  7.776130e+00  7.851470e+00  7.967590e+00  8.118730e+00  8.202190e+00  
8.282920e+00  8.321710e+00  8.134560e+00  7.806020e+00  6.170520e+00  5.023430e+00  
2.639580e+00  1.982910e+00  1.256350e+00  1.065090e+00  1.177470e+01  1.147880e+01  
1.119280e+01  1.092410e+01  1.066930e+01  1.018870e+01  9.750990e+00  9.356600e+00  
9.005190e+00  8.696740e+00  8.431570e+00  8.209700e+00  8.031080e+00  7.895490e+00  
7.802000e+00  7.750690e+00  7.743770e+00  7.779150e+00  7.855130e+00  7.972950e+00  
8.127010e+00  8.212830e+00  8.300800e+00  8.352440e+00  8.212240e+00  7.939110e+00  
6.471100e+00  5.382880e+00  2.921030e+00  2.182500e+00  1.302980e+00  1.065120e+00  