1.355610e+00  1.379690e+00  1.403810e+00  1.427990e+00  1.452270e+00  1.501120e+00  
1.550150e+00  1.599100e+00  1.647670e+00  1.695530e+00  1.742380e+00  1.787950e+00  
1.831990e+00  1.874560e+00  1.916180e+00  1.957250e+00  1.997210e+00  2.035380e+00  
2.071190e+00  2.105290e+00  2.138320e+00  2.154540e+00  2.171930e+00  2.188030e+00  
2.210480e+00  2.217840e+00  2.222210e+00  2.222440e+00  2.222920e+00  2.223050e+00  
2.222830e+00  2.223560e+00  1.782840e+00  1.813000e+00  1.842890e+00  1.872320e+00  
1.901340e+00  1.958370e+00  2.013670e+00  2.066990e+00  2.118160e+00  2.167290e+00  
2.214640e+00  2.260270e+00  2.304270e+00  2.347170e+00  2.390390e+00  2.434970e+00  
2.480050e+00  2.523550e+00  2.563590e+00  2.601460e+00  2.638760e+00  2.657090e+00  
2.675540e+00  2.690610e+00  2.707720e+00  2.712280e+00  2.715730e+00  2.716240e+00  
2.716580e+00  2.716550e+00  2.716610e+00  2.720890e+00  2.147610e+00  2.183580e+00  
2.218820e+00  2.252780e+00  2.285570e+00  2.348220e+00  2.406460e+00  2.460310e+00  
2.510190e+00  2.557260e+00  2.603220e+00  2.648370e+00  2.692660e+00  2.736020e+00  
2.778780e+00  2.821210e+00  2.863140e+00  2.904600e+00  2.945590e+00  2.986020e+00  
3.025170e+00  3.043760e+00  3.061980e+00  3.076160e+00  3.090920e+00  3.094830e+00  
3.097850e+00  3.098220e+00  3.098520e+00  3.098510e+00  3.098510e+00  3.102230e+00  
2.753540e+00  2.796760e+00  2.838640e+00  2.878150e+00  2.915490e+00  2.984690e+00  
3.045940e+00  3.099400e+00  3.145990e+00  3.187830e+00  3.227810e+00  3.266590e+00  
3.304250e+00  3.340800e+00  3.376730e+00  3.412450e+00  3.447970e+00  3.483440e+00  
3.519110e+00  3.555270e+00  3.591790e+00  3.609780e+00  3.627390e+00  3.640700e+00  
3.653320e+00  3.656490e+00  3.659080e+00  3.659370e+00  3.659620e+00  3.659680e+00  
3.659690e+00  3.658940e+00  3.242770e+00  3.293530e+00  3.341720e+00  3.385370e+00  
3.424940e+00  3.494580e+00  3.552530e+00  3.601480e+00  3.642860e+00  3.678760e+00  
3.712130e+00  3.743600e+00  3.773330e+00  3.801380e+00  3.828110e+00  3.854030e+00  
3.879580e+00  3.906010e+00  3.934330e+00  3.963680e+00  3.993850e+00  4.009860e+00  
4.025980e+00  4.038260e+00  4.049290e+00  4.052130e+00  4.054430e+00  4.054660e+00  
4.054860e+00  4.054920e+00  4.054960e+00  4.050540e+00  3.655850e+00  3.707320e+00  
3.756430e+00  3.801370e+00  3.842500e+00  3.915260e+00  3.974360e+00  4.020290e+00  
4.054740e+00  4.081130e+00  4.104060e+00  4.124740e+00  4.143550e+00  4.161100e+00  
4.178580e+00  4.197010e+00  4.216120e+00  4.234990e+00  4.253140e+00  4.272560e+00  
4.295790e+00  4.309090e+00  4.323140e+00  4.334250e+00  4.343600e+00  4.345990e+00  
4.348050e+00  4.348240e+00  4.348390e+00  4.348510e+00  4.348660e+00  4.342040e+00  
4.014990e+00  4.064480e+00  4.111750e+00  4.155090e+00  4.194880e+00  4.265800e+00  
4.323850e+00  4.368870e+00  4.401490e+00  4.423480e+00  4.437640e+00  4.445220e+00  
4.447970e+00  4.448970e+00  4.453770e+00  4.466470e+00  4.484570e+00  4.500400e+00  
4.508020e+00  4.514780e+00  4.530010e+00  4.541040e+00  4.552920e+00  4.562120e+00  
4.569650e+00  4.571530e+00  4.573270e+00  4.573390e+00  4.573560e+00  4.573780e+00  
4.573610e+00  4.566160e+00  4.597460e+00  4.648170e+00  4.695980e+00  4.738690e+00  
4.776840e+00  4.842140e+00  4.891270e+00  4.924260e+00  4.942110e+00  4.947250e+00  
4.943270e+00  4.931910e+00  4.915310e+00  4.897390e+00  4.884610e+00  4.881680e+00  
4.885540e+00  4.886800e+00  4.878320e+00  4.869050e+00  4.870010e+00  4.874570e+00  
4.880250e+00  4.884880e+00  4.888250e+00  4.889130e+00  4.890070e+00  4.890100e+00  
4.890200e+00  4.890340e+00  4.890200e+00  4.883670e+00  5.062870e+00  5.112890e+00  
5.159420e+00  5.199820e+00  5.234770e+00  5.291740e+00  5.329850e+00  5.349360e+00  
5.351710e+00  5.339990e+00  5.318580e+00  5.289590e+00  5.255580e+00  5.221040e+00  
5.193100e+00  5.176840e+00  5.168530e+00  5.157120e+00  5.134370e+00  5.111210e+00  
5.100000e+00  5.098340e+00  5.097360e+00  5.096520e+00  5.095470e+00  5.095400e+00  
5.095410e+00  5.095360e+00  5.095370e+00  5.095460e+00  5.095380e+00  5.092100e+00  
5.913890e+00  5.966080e+00  6.012300e+00  6.048020e+00  6.074420e+00  6.105430e+00  
6.106380e+00  6.080270e+00  6.032700e+00  5.972810e+00  5.911680e+00  5.852020e+00  
5.794730e+00  5.740260e+00  5.688940e+00  5.640850e+00  5.595280e+00  5.550120e+00  
5.504140e+00  5.460960e+00  5.425210e+00  5.409840e+00  5.392870e+00  5.378290e+00  
5.368310e+00  5.366000e+00  5.363750e+00  5.363520e+00  5.363360e+00  5.363250e+00  
5.363250e+00  5.368900e+00  6.511590e+00  6.577150e+00  6.629650e+00  6.659320e+00  
6.669470e+00  6.650410e+00  6.592880e+00  6.519190e+00  6.436360e+00  6.349930e+00  
6.266130e+00  6.185260e+00  6.105710e+00  6.026570e+00  5.950350e+00  5.878670e+00  
5.811210e+00  5.746200e+00  5.683120e+00  5.626630e+00  5.574440e+00  5.544500e+00  
5.513980e+00  5.491450e+00  5.473830e+00  5.469180e+00  5.465410e+00  5.465110e+00  
5.464820e+00  5.464550e+00  5.464600e+00  5.477050e+00  7.387930e+00  7.413710e+00  
7.428500e+00  7.424080e+00  7.403400e+00  7.328390e+00  7.213130e+00  7.070280e+00  
6.912570e+00  6.756840e+00  6.620360e+00  6.501710e+00  6.390100e+00  6.278680e+00  
6.172200e+00  6.073450e+00  5.981380e+00  5.892200e+00  5.804140e+00  5.723890e+00  
5.647190e+00  5.601550e+00  5.554100e+00  5.518430e+00  5.490900e+00  5.483480e+00  
5.477420e+00  5.476930e+00  5.476480e+00  5.476070e+00  5.476070e+00  5.495120e+00  
7.992890e+00  7.986270e+00  7.968670e+00  7.931990e+00  7.879580e+00  7.743510e+00  
7.568860e+00  7.367370e+00  7.154280e+00  6.950080e+00  6.775100e+00  6.626230e+00  
6.488770e+00  6.352990e+00  6.224360e+00  6.106260e+00  5.996980e+00  5.891640e+00  
5.787180e+00  5.689490e+00  5.594630e+00  5.540530e+00  5.484760e+00  5.442430e+00  
5.407890e+00  5.398760e+00  5.391340e+00  5.390650e+00  5.390050e+00  5.389650e+00  
5.389770e+00  5.405520e+00  8.445660e+00  8.415060e+00  8.371590e+00  8.305860e+00  
8.222340e+00  8.023320e+00  7.789590e+00  7.538670e+00  7.285400e+00  7.047800e+00  
6.843620e+00  6.668710e+00  6.508290e+00  6.352310e+00  6.205770e+00  6.071910e+00  
5.948680e+00  5.830840e+00  5.714430e+00  5.602590e+00  5.493090e+00  5.434930e+00  
5.376140e+00  5.331110e+00  5.291060e+00  5.280840e+00  5.272610e+00  5.271700e+00  
5.270970e+00  5.270730e+00  5.270810e+00  5.279790e+00  8.801900e+00  8.753770e+00  
8.689580e+00  8.597700e+00  8.484320e+00  8.223000e+00  7.932290e+00  7.639370e+00  
7.356600e+00  7.095710e+00  6.868450e+00  6.670470e+00  6.489130e+00  6.315660e+00  
6.153800e+00  6.006360e+00  5.870970e+00  5.742670e+00  5.616840e+00  5.493050e+00  
5.371380e+00  5.311580e+00  5.252580e+00  5.206980e+00  5.162440e+00  5.151490e+00  
5.142770e+00  5.141630e+00  5.140800e+00  5.140670e+00  5.140600e+00  5.140760e+00  
9.335050e+00  9.258150e+00  9.158640e+00  9.020370e+00  8.853060e+00  8.479460e+00  
8.089690e+00  7.729890e+00  7.405300e+00  7.112920e+00  6.850180e+00  6.613690e+00  
6.396500e+00  6.193570e+00  6.005920e+00  5.835130e+00  5.678690e+00  5.532340e+00  
5.390860e+00  5.248180e+00  5.108020e+00  5.046160e+00  4.987480e+00  4.941530e+00  
4.890350e+00  4.878360e+00  4.868940e+00  4.867490e+00  4.866490e+00  4.866620e+00  
4.866580e+00  4.852780e+00  9.888680e+00  9.656710e+00  9.425380e+00  9.195890e+00  
8.971530e+00  8.546630e+00  8.148680e+00  7.776460e+00  7.429030e+00  7.105520e+00  
6.805550e+00  6.529940e+00  6.277050e+00  6.044670e+00  5.830970e+00  5.635960e+00  
5.459390e+00  5.300770e+00  5.156780e+00  5.012870e+00  4.856570e+00  4.778720e+00  
4.712590e+00  4.671110e+00  4.619490e+00  4.602690e+00  4.593370e+00  4.592620e+00  
4.591140e+00  4.591190e+00  4.590940e+00  4.572750e+00  1.051110e+01  1.019110e+01  
9.875230e+00  9.567420e+00  9.270600e+00  8.715280e+00  8.205100e+00  7.736470e+00  
7.306390e+00  6.913420e+00  6.556320e+00  6.232800e+00  5.939430e+00  5.671790e+00  
5.424810e+00  5.195780e+00  4.985680e+00  4.792920e+00  4.614940e+00  4.441080e+00  
4.263410e+00  4.177370e+00  4.101160e+00  4.049430e+00  3.990240e+00  3.973210e+00  
3.962180e+00  3.961130e+00  3.959760e+00  3.959630e+00  3.959440e+00  3.953370e+00  
1.086960e+01  1.048530e+01  1.010860e+01  9.745820e+00  9.399140e+00  8.754790e+00  
8.168520e+00  7.635460e+00  7.151230e+00  6.712690e+00  6.317930e+00  5.962660e+00  
5.641750e+00  5.349480e+00  5.078890e+00  4.825710e+00  4.591000e+00  4.373800e+00  
4.171650e+00  3.977190e+00  3.785510e+00  3.693370e+00  3.607420e+00  3.544680e+00  
3.480420e+00  3.465160e+00  3.452380e+00  3.450900e+00  3.449810e+00  3.449490e+00  
3.449400e+00  3.459960e+00  1.132700e+01  1.082910e+01  1.034840e+01  9.898400e+00  
9.477880e+00  8.710340e+00  8.029370e+00  7.424370e+00  6.886680e+00  6.405690e+00  
5.972650e+00  5.581360e+00  5.225470e+00  4.898300e+00  4.591860e+00  4.301230e+00  
4.027880e+00  3.774740e+00  3.541340e+00  3.324290e+00  3.122260e+00  3.027040e+00  
2.932990e+00  2.860110e+00  2.793610e+00  2.777160e+00  2.763710e+00  2.762190e+00  
2.760940e+00  2.760660e+00  2.760410e+00  2.767580e+00  1.160710e+01  1.103970e+01  
1.049610e+01  9.994380e+00  9.530060e+00  8.685540e+00  7.942870e+00  7.287760e+00  
6.710310e+00  6.197420e+00  5.737060e+00  5.321780e+00  4.944860e+00  4.599080e+00  
4.275920e+00  3.969790e+00  3.680970e+00  3.410810e+00  3.159620e+00  2.924810e+00  
2.707740e+00  2.607330e+00  2.512110e+00  2.440670e+00  2.370500e+00  2.353340e+00  
2.339950e+00  2.338360e+00  2.336970e+00  2.336850e+00  2.336700e+00  2.333860e+00  
1.180970e+01  1.119360e+01  1.060670e+01  1.007090e+01  9.578170e+00  8.681970e+00  
7.898170e+00  7.209760e+00  6.605000e+00  6.069530e+00  5.589670e+00  5.157020e+00  
4.764630e+00  4.405110e+00  4.069750e+00  3.752730e+00  3.453710e+00  3.173160e+00  
2.911680e+00  2.666850e+00  2.439480e+00  2.333970e+00  2.234550e+00  2.160640e+00  
2.088640e+00  2.071320e+00  2.057890e+00  2.056260e+00  2.054840e+00  2.054730e+00  
2.054500e+00  2.050780e+00  1.197100e+01  1.131780e+01  1.069870e+01  1.013860e+01  
9.626300e+00  8.693660e+00  7.881350e+00  7.170820e+00  6.547610e+00  5.996190e+00  
5.502030e+00  5.056260e+00  4.651800e+00  4.281290e+00  3.936100e+00  3.610430e+00  
3.303670e+00  3.015860e+00  2.747370e+00  2.495920e+00  2.260390e+00  2.150000e+00  
2.045480e+00  1.967760e+00  1.894150e+00  1.876630e+00  1.862950e+00  1.861310e+00  
1.859870e+00  1.859750e+00  1.859570e+00  1.857760e+00  1.222490e+01  1.151710e+01  
1.085170e+01  1.025920e+01  9.722260e+00  8.744390e+00  7.898580e+00  7.164250e+00  
6.521510e+00  5.952170e+00  5.440240e+00  4.976830e+00  4.555110e+00  4.168040e+00  
3.807550e+00  3.468210e+00  3.149200e+00  2.850270e+00  2.570740e+00  2.307750e+00  
2.057370e+00  1.937920e+00  1.823990e+00  1.739000e+00  1.660420e+00  1.641750e+00  
1.627050e+00  1.625300e+00  1.623790e+00  1.623610e+00  1.623440e+00  1.624310e+00  
1.242100e+01  1.167550e+01  1.097910e+01  1.036650e+01  9.816040e+00  8.814570e+00  
7.953870e+00  7.210270e+00  6.560420e+00  5.983650e+00  5.462610e+00  4.988670e+00  
4.555510e+00  4.156580e+00  3.784460e+00  3.434110e+00  3.104730e+00  2.795920e+00  
2.506220e+00  2.230900e+00  1.965540e+00  1.837230e+00  1.714400e+00  1.622280e+00  
1.536410e+00  1.515760e+00  1.499500e+00  1.497580e+00  1.495940e+00  1.495730e+00  
1.495540e+00  1.496580e+00  1.273170e+01  1.194580e+01  1.121830e+01  1.058990e+01  
1.003160e+01  9.014770e+00  8.148000e+00  7.397810e+00  6.741200e+00  6.156370e+00  
5.625470e+00  5.139880e+00  4.693400e+00  4.279360e+00  3.890120e+00  3.520620e+00  
3.170460e+00  2.839840e+00  2.526310e+00  2.220890e+00  1.917550e+00  1.766400e+00  
1.617240e+00  1.501290e+00  1.391990e+00  1.365180e+00  1.343700e+00  1.341190e+00  
1.339110e+00  1.338830e+00  1.338620e+00  1.338650e+00  1.288940e+01  1.210430e+01  
1.138090e+01  1.076190e+01  1.021410e+01  9.209690e+00  8.350180e+00  7.599100e+00  
6.937700e+00  6.347380e+00  5.812830e+00  5.325030e+00  4.876530e+00  4.459140e+00  
4.063110e+00  3.682270e+00  3.316960e+00  2.968530e+00  2.634460e+00  2.302840e+00  
1.963170e+00  1.788810e+00  1.609000e+00  1.463110e+00  1.326980e+00  1.294180e+00  
1.267740e+00  1.264500e+00  1.261740e+00  1.261400e+00  1.261120e+00  1.261500e+00  
1.303680e+01  1.227050e+01  1.157040e+01  1.098160e+01  1.046580e+01  9.511340e+00  
8.682020e+00  7.946580e+00  7.290860e+00  6.700450e+00  6.163430e+00  5.671980e+00  
5.219240e+00  4.797560e+00  4.397650e+00  4.012310e+00  3.638200e+00  3.270760e+00  
2.903230e+00  2.524050e+00  2.118840e+00  1.900850e+00  1.666400e+00  1.463920e+00  
1.262170e+00  1.218250e+00  1.189010e+00  1.185250e+00  1.179440e+00  1.178340e+00  
1.178790e+00  1.182980e+00  1.306880e+01  1.233500e+01  1.166910e+01  1.111700e+01  
1.063650e+01  9.734350e+00  8.933310e+00  8.211770e+00  7.560960e+00  6.972170e+00  
6.438070e+00  5.951280e+00  5.504040e+00  5.087360e+00  4.690070e+00  4.303440e+00  
3.923690e+00  3.545510e+00  3.159510e+00  2.747370e+00  2.286710e+00  2.030360e+00  
1.750150e+00  1.503090e+00  1.237100e+00  1.172920e+00  1.145100e+00  1.143010e+00  
1.133720e+00  1.131320e+00  1.133510e+00  1.139770e+00  1.309650e+01  1.237200e+01  
1.172030e+01  1.119010e+01  1.073400e+01  9.871120e+00  9.099070e+00  8.399940e+00  
7.766220e+00  7.190150e+00  6.665210e+00  6.184740e+00  5.741650e+00  5.327570e+00  
4.931900e+00  4.545930e+00  4.165160e+00  3.782830e+00  3.386790e+00  2.952940e+00  
2.450710e+00  2.162460e+00  1.839180e+00  1.549540e+00  1.227970e+00  1.147540e+00  
1.116900e+00  1.115300e+00  1.103620e+00  1.100450e+00  1.103790e+00  1.110230e+00  
1.310470e+01  1.238760e+01  1.174790e+01  1.123700e+01  1.080210e+01  9.971280e+00  
9.224260e+00  8.545030e+00  7.927110e+00  7.363420e+00  6.848110e+00  6.375070e+00  
5.937720e+00  5.528190e+00  5.136310e+00  4.753440e+00  4.374460e+00  3.991440e+00  
3.589800e+00  3.140350e+00  2.604940e+00  2.289950e+00  1.929560e+00  1.601230e+00  
1.228590e+00  1.132620e+00  1.097080e+00  1.095570e+00  1.082080e+00  1.078350e+00  
1.082210e+00  1.087280e+00  1.308360e+01  1.238110e+01  1.176350e+01  1.128640e+01  
1.088770e+01  1.010930e+01  9.404820e+00  8.759850e+00  8.169590e+00  7.628100e+00  
7.130590e+00  6.672000e+00  6.246700e+00  5.847870e+00  5.466450e+00  5.094130e+00  
4.724620e+00  4.347580e+00  3.943420e+00  3.471850e+00  2.880040e+00  2.518820e+00  
2.096080e+00  1.705290e+00  1.259180e+00  1.134830e+00  1.059700e+00  1.058500e+00  
1.059620e+00  1.056580e+00  1.046020e+00  1.055420e+00  1.306280e+01  1.237020e+01  
1.176780e+01  1.131410e+01  1.094080e+01  1.019950e+01  9.526180e+00  8.907580e+00  
8.339720e+00  7.817360e+00  7.336360e+00  6.892250e+00  6.479970e+00  6.093280e+00  
5.723740e+00  5.363200e+00  5.004730e+00  4.636600e+00  4.236000e+00  3.755060e+00  
3.128520e+00  2.734110e+00  2.261140e+00  1.813230e+00  1.290950e+00  1.140740e+00  
1.043780e+00  1.040430e+00  1.041140e+00  1.037840e+00  1.025210e+00  1.033690e+00  
1.308820e+01  1.239770e+01  1.180560e+01  1.137510e+01  1.102930e+01  1.033100e+01  
9.697340e+00  9.116800e+00  8.585770e+00  8.099440e+00  7.653860e+00  7.244550e+00  
6.866370e+00  6.512460e+00  6.173230e+00  5.839690e+00  5.505380e+00  5.159230e+00  
4.779220e+00  4.317190e+00  3.683250e+00  3.244590e+00  2.660970e+00  2.068110e+00  
1.365320e+00  1.167310e+00  1.040850e+00  1.025800e+00  1.005840e+00  1.003480e+00  
1.001320e+00  1.002200e+00  1.305120e+01  1.237210e+01  1.179500e+01  1.138510e+01  
1.106170e+01  1.040060e+01  9.799340e+00  9.248460e+00  8.744770e+00  8.284130e+00  
7.863020e+00  7.477500e+00  7.122830e+00  6.792630e+00  6.477590e+00  6.168830e+00  
5.859670e+00  5.538190e+00  5.179840e+00  4.729460e+00  4.084200e+00  3.623770e+00  
2.996550e+00  2.332000e+00  1.475830e+00  1.218600e+00  1.034790e+00  1.012810e+00  
9.907700e-01  9.879400e-01  9.857600e-01  9.852100e-01  1.296470e+01  1.230570e+01  
1.175270e+01  1.137330e+01  1.108170e+01  1.047330e+01  9.917880e+00  9.408060e+00  
8.941570e+00  8.515260e+00  8.126540e+00  7.772440e+00  7.449360e+00  7.152250e+00  
6.873400e+00  6.605010e+00  6.340200e+00  6.065510e+00  5.751340e+00  5.327850e+00  
4.672490e+00  4.188020e+00  3.517090e+00  2.773720e+00  1.710810e+00  1.356770e+00  
1.038970e+00  9.987500e-01  9.750300e-01  9.717250e-01  9.614870e-01  9.671630e-01  
1.295650e+01  1.230080e+01  1.175370e+01  1.138440e+01  1.110450e+01  1.051610e+01  
9.980040e+00  9.489960e+00  9.043680e+00  8.638390e+00  8.271640e+00  7.940650e+00  
7.641970e+00  7.370600e+00  7.118600e+00  6.878200e+00  6.643350e+00  6.401690e+00  
6.124890e+00  5.743620e+00  5.127420e+00  4.650220e+00  3.958580e+00  3.150310e+00  
1.910020e+00  1.475690e+00  1.061940e+00  1.003140e+00  9.632300e-01  9.596020e-01  
9.531860e-01  9.576420e-01  1.293580e+01  1.229270e+01  1.175800e+01  1.140080e+01  
1.113170e+01  1.055950e+01  1.003480e+01  9.553520e+00  9.114780e+00  8.717670e+00  
8.361650e+00  8.044510e+00  7.763050e+00  7.512500e+00  7.285110e+00  7.072290e+00  
6.864970e+00  6.644430e+00  6.381210e+00  6.024720e+00  5.463750e+00  5.023540e+00  
4.359400e+00  3.521150e+00  2.094850e+00  1.578110e+00  1.076020e+00  1.005480e+00  
9.619300e-01  9.590760e-01  9.523010e-01  9.518430e-01  1.292940e+01  1.229050e+01  
1.176020e+01  1.140760e+01  1.114330e+01  1.058040e+01  1.006540e+01  9.594420e+00  
9.166180e+00  8.779510e+00  8.433610e+00  8.126630e+00  7.856040e+00  7.618020e+00  
7.406150e+00  7.212900e+00  7.029230e+00  6.835570e+00  6.600900e+00  6.271570e+00  
5.734450e+00  5.306960e+00  4.657700e+00  3.818280e+00  2.287990e+00  1.685990e+00  
1.095480e+00  1.014120e+00  9.607900e-01  9.541300e-01  9.501880e-01  9.478760e-01  
1.293600e+01  1.230030e+01  1.177290e+01  1.142270e+01  1.116090e+01  1.060580e+01  
1.010130e+01  9.643890e+00  9.231240e+00  8.861380e+00  8.532610e+00  8.242990e+00  
7.990010e+00  7.769780e+00  7.575590e+00  7.401210e+00  7.242770e+00  7.090520e+00  
6.917860e+00  6.652090e+00  6.161480e+00  5.756440e+00  5.138100e+00  4.299780e+00  
2.616760e+00  1.903470e+00  1.143870e+00  1.033020e+00  9.585700e-01  9.517450e-01  
9.446240e-01  9.428420e-01  1.290940e+01  1.228660e+01  1.177050e+01  1.142860e+01  
1.117350e+01  1.063040e+01  1.013610e+01  9.687490e+00  9.282540e+00  8.919720e+00  
8.597750e+00  8.315460e+00  8.071490e+00  7.863630e+00  7.687660e+00  7.538300e+00  
7.408190e+00  7.279160e+00  7.122460e+00  6.888750e+00  6.465380e+00  6.099500e+00  
5.510360e+00  4.680890e+00  2.917670e+00  2.094720e+00  1.193070e+00  1.060160e+00  
9.595700e-01  9.501610e-01  9.390870e-01  9.398190e-01  1.288750e+01  1.228340e+01  
1.178200e+01  1.144880e+01  1.119920e+01  1.066800e+01  1.018400e+01  9.745150e+00  
9.350130e+00  8.998180e+00  8.688750e+00  8.420950e+00  8.193720e+00  8.005170e+00  
7.851300e+00  7.727870e+00  7.630210e+00  7.544740e+00  7.447690e+00  7.292770e+00  
6.975440e+00  6.675430e+00  6.151980e+00  5.366060e+00  3.525290e+00  2.544640e+00  
1.314800e+00  1.119570e+00  9.667100e-01  9.513590e-01  9.371950e-01  9.356080e-01  
1.287590e+01  1.228770e+01  1.179690e+01  1.146570e+01  1.121430e+01  1.068470e+01  
1.020450e+01  9.770960e+00  9.382690e+00  9.038580e+00  8.737680e+00  8.478910e+00  
8.261070e+00  8.081950e+00  7.937020e+00  7.823000e+00  7.740300e+00  7.685490e+00  
7.641460e+00  7.548030e+00  7.290380e+00  7.031130e+00  6.575890e+00  5.851170e+00  
3.985570e+00  2.923870e+00  1.435970e+00  1.185660e+00  9.765500e-01  9.543880e-01  
9.348910e-01  9.335330e-01  1.279770e+01  1.225960e+01  1.180340e+01  1.148130e+01  
1.122770e+01  1.070430e+01  1.022990e+01  9.802220e+00  9.420040e+00  9.082400e+00  
8.788540e+00  8.537700e+00  8.329020e+00  8.160740e+00  8.029090e+00  7.931660e+00  
7.870550e+00  7.845150e+00  7.843300e+00  7.813710e+00  7.656220e+00  7.467560e+00  
7.102740e+00  6.477810e+00  4.693980e+00  3.526400e+00  1.662710e+00  1.318010e+00  
1.000140e+00  9.622150e-01  9.335940e-01  9.312740e-01  1.272990e+01  1.223350e+01  
1.180560e+01  1.149030e+01  1.123350e+01  1.071330e+01  1.024190e+01  9.817340e+00  
9.438470e+00  9.104320e+00  8.814280e+00  8.567730e+00  8.363980e+00  8.201550e+00  
8.076950e+00  7.988280e+00  7.938630e+00  7.929130e+00  7.950820e+00  7.958680e+00  
7.864040e+00  7.722730e+00  7.423560e+00  6.880180e+00  5.206390e+00  3.997170e+00  
1.872060e+00  1.444990e+00  1.025690e+00  9.717250e-01  9.342960e-01  9.302980e-01  
1.265860e+01  1.220000e+01  1.179920e+01  1.149350e+01  1.123770e+01  1.072310e+01  
1.025450e+01  9.831180e+00  9.452760e+00  9.119080e+00  8.830260e+00  8.585740e+00  
8.384460e+00  8.225520e+00  8.107880e+00  8.030580e+00  7.993370e+00  7.989310e+00  
8.007570e+00  8.029140e+00  7.989280e+00  7.888220e+00  7.645100e+00  7.187380e+00  
5.623180e+00  4.338680e+00  2.063900e+00  1.576990e+00  1.052680e+00  9.746860e-01  
9.412840e-01  9.296880e-01  1.262240e+01  1.218590e+01  1.180030e+01  1.149840e+01  
1.124100e+01  1.072740e+01  1.025950e+01  9.837310e+00  9.460360e+00  9.128090e+00  
8.840340e+00  8.597000e+00  8.398000e+00  8.242720e+00  8.129190e+00  8.055880e+00  
8.023020e+00  8.024940e+00  8.052220e+00  8.087720e+00  8.082720e+00  8.017330e+00  
7.814400e+00  7.379170e+00  5.896420e+00  4.704050e+00  2.251680e+00  1.679870e+00  
1.078610e+00  9.938930e-01  9.374690e-01  9.295650e-01  1.257850e+01  1.216880e+01  
1.180130e+01  1.150360e+01  1.124410e+01  1.073230e+01  1.026580e+01  9.845220e+00  
9.469960e+00  9.139600e+00  8.854050e+00  8.613220e+00  8.417040e+00  8.265010e+00  
8.155300e+00  8.086830e+00  8.060410e+00  8.071450e+00  8.112240e+00  8.169290e+00  
8.203610e+00  8.174030e+00  8.033610e+00  7.682900e+00  6.351460e+00  5.212200e+00  
2.594280e+00  1.894080e+00  1.131860e+00  1.017570e+00  9.420470e-01  9.286500e-01  
1.255150e+01  1.215820e+01  1.180180e+01  1.150660e+01  1.124580e+01  1.073520e+01  
1.026990e+01  9.850260e+00  9.475970e+00  9.146680e+00  8.862450e+00  8.623200e+00  
8.428820e+00  8.278780e+00  8.171420e+00  8.105960e+00  8.083550e+00  8.100170e+00  
8.149230e+00  8.219870e+00  8.279260e+00  8.272840e+00  8.175600e+00  7.887400e+00  
6.680730e+00  5.600950e+00  2.896990e+00  2.090250e+00  1.184470e+00  1.042450e+00  
9.470520e-01  9.284670e-01  1.251110e+01  1.214240e+01  1.180260e+01  1.151100e+01  
1.124780e+01  1.073890e+01  1.027540e+01  9.857250e+00  9.484190e+00  9.156240e+00  
8.873740e+00  8.636650e+00  8.444690e+00  8.297370e+00  8.193290e+00  8.132040e+00  
8.115180e+00  8.139330e+00  8.199600e+00  8.289280e+00  8.384110e+00  8.410760e+00  
8.378370e+00  8.192510e+00  7.220520e+00  6.277020e+00  3.522770e+00  2.524870e+00  
1.312330e+00  1.107900e+00  9.601140e-01  9.281620e-01  1.248780e+01  1.213320e+01  
1.180280e+01  1.151320e+01  1.124880e+01  1.074070e+01  1.027810e+01  9.860700e+00  
9.488350e+00  9.161120e+00  8.879470e+00  8.643350e+00  8.452560e+00  8.306680e+00  
8.204400e+00  8.145380e+00  8.131440e+00  8.159480e+00  8.225540e+00  8.325260e+00  
8.439060e+00  8.483300e+00  8.485910e+00  8.361320e+00  7.555300e+00  6.718890e+00  
4.011980e+00  2.898620e+00  1.434930e+00  1.175050e+00  9.730680e-01  9.279170e-01  
1.246250e+01  1.212310e+01  1.180310e+01  1.151580e+01  1.124990e+01  1.074250e+01  
1.028040e+01  9.863820e+00  9.492320e+00  9.165990e+00  8.885180e+00  8.649970e+00  
8.460290e+00  8.315860e+00  8.215400e+00  8.158680e+00  8.147710e+00  8.179750e+00  
8.251820e+00  8.361920e+00  8.495550e+00  8.558190e+00  8.596900e+00  8.541560e+00  
7.954680e+00  7.272930e+00  4.739750e+00  3.500290e+00  1.663090e+00  1.307360e+00  
9.992070e-01  9.277340e-01  1.247080e+01  1.213170e+01  1.181030e+01  1.151910e+01  
1.124890e+01  1.073800e+01  1.027550e+01  9.860110e+00  9.490860e+00  9.167060e+00  
8.888400e+00  8.654770e+00  8.465950e+00  8.321190e+00  8.217940e+00  8.156120e+00  
8.141910e+00  8.181880e+00  8.277410e+00  8.404710e+00  8.531890e+00  8.592260e+00  
8.643620e+00  8.631020e+00  8.196330e+00  7.605500e+00  5.255170e+00  3.975080e+00  
1.872640e+00  1.435520e+00  1.024600e+00  9.277340e-01  1.246190e+01  1.212790e+01  
1.181000e+01  1.151960e+01  1.124910e+01  1.073840e+01  1.027620e+01  9.861040e+00  
9.492020e+00  9.168480e+00  8.890080e+00  8.656720e+00  8.468240e+00  8.323900e+00  
8.221170e+00  8.160050e+00  8.146790e+00  8.188110e+00  8.285610e+00  8.415940e+00  
8.549080e+00  8.615620e+00  8.679620e+00  8.690710e+00  8.343060e+00  7.835300e+00  
5.648910e+00  4.355850e+00  2.082460e+00  1.558260e+00  1.051030e+00  9.273680e-01  
1.245580e+01  1.212530e+01  1.180990e+01  1.152000e+01  1.124920e+01  1.073870e+01  
1.027660e+01  9.861650e+00  9.492810e+00  9.169430e+00  8.891220e+00  8.658060e+00  
8.469830e+00  8.325760e+00  8.223390e+00  8.162720e+00  8.150080e+00  8.192300e+00  
8.291110e+00  8.423540e+00  8.560750e+00  8.631430e+00  8.703750e+00  8.730910e+00  
8.446520e+00  8.001210e+00  5.959380e+00  4.674710e+00  2.277180e+00  1.678100e+00  
1.076170e+00  9.274900e-01  1.242650e+01  1.210880e+01  1.180340e+01  1.151910e+01  
1.125110e+01  1.074410e+01  1.028250e+01  9.866890e+00  9.496770e+00  9.171960e+00  
8.892570e+00  8.658680e+00  8.470350e+00  8.327470e+00  8.228990e+00  8.175020e+00  
8.167870e+00  8.205380e+00  8.285530e+00  8.408750e+00  8.568690e+00  8.656840e+00  
8.742840e+00  8.783170e+00  8.579630e+00  8.228290e+00  6.425000e+00  5.183100e+00  
2.624440e+00  1.920170e+00  1.129390e+00  9.274900e-01  1.242330e+01  1.210750e+01  
1.180340e+01  1.151930e+01  1.125100e+01  1.074440e+01  1.028330e+01  9.867850e+00  
9.497580e+00  9.172550e+00  8.893120e+00  8.659410e+00  8.471400e+00  8.328940e+00  
8.230930e+00  8.177400e+00  8.170700e+00  8.208630e+00  8.289400e+00  8.414060e+00  
8.577550e+00  8.668950e+00  8.760270e+00  8.813140e+00  8.669610e+00  8.371850e+00  
6.757860e+00  5.578510e+00  2.927180e+00  2.133420e+00  1.181640e+00  9.272160e-01  