1.562590e+00  1.588510e+00  1.614380e+00  1.640170e+00  1.665910e+00  1.717320e+00  
1.768310e+00  1.818560e+00  1.867710e+00  1.915370e+00  1.961200e+00  2.004980e+00  
2.046530e+00  2.086150e+00  2.124820e+00  2.163390e+00  2.201600e+00  2.239080e+00  
2.275690e+00  2.312460e+00  2.350440e+00  2.369810e+00  2.389850e+00  2.407400e+00  
2.431850e+00  2.439970e+00  2.444840e+00  2.445260e+00  2.445910e+00  2.445960e+00  
2.446160e+00  2.446070e+00  2.030290e+00  2.058280e+00  2.086100e+00  2.113650e+00  
2.141030e+00  2.195500e+00  2.249200e+00  2.301800e+00  2.352950e+00  2.402270e+00  
2.449450e+00  2.494260e+00  2.536670e+00  2.576980e+00  2.616330e+00  2.655690e+00  
2.694970e+00  2.734120e+00  2.773630e+00  2.815820e+00  2.862650e+00  2.886310e+00  
2.906640e+00  2.919720e+00  2.938240e+00  2.945000e+00  2.948390e+00  2.948560e+00  
2.949070e+00  2.949140e+00  2.949270e+00  2.949210e+00  2.424250e+00  2.454420e+00  
2.484280e+00  2.513590e+00  2.542500e+00  2.599540e+00  2.655050e+00  2.708620e+00  
2.759840e+00  2.808300e+00  2.853670e+00  2.895740e+00  2.934680e+00  2.970990e+00  
3.006320e+00  3.042140e+00  3.078620e+00  3.115980e+00  3.155060e+00  3.198390e+00  
3.247840e+00  3.272690e+00  3.292300e+00  3.302680e+00  3.318280e+00  3.324550e+00  
3.327120e+00  3.327130e+00  3.327590e+00  3.327650e+00  3.327790e+00  3.327710e+00  
3.057120e+00  3.096930e+00  3.135430e+00  3.171640e+00  3.205780e+00  3.269010e+00  
3.324840e+00  3.373300e+00  3.414990e+00  3.451450e+00  3.484850e+00  3.515760e+00  
3.544590e+00  3.571980e+00  3.599500e+00  3.628570e+00  3.659260e+00  3.691380e+00  
3.724900e+00  3.760860e+00  3.799900e+00  3.819680e+00  3.837630e+00  3.849820e+00  
3.862710e+00  3.865960e+00  3.868360e+00  3.868640e+00  3.868910e+00  3.868930e+00  
3.868980e+00  3.868970e+00  3.558180e+00  3.609610e+00  3.657820e+00  3.700340e+00  
3.737780e+00  3.801090e+00  3.850710e+00  3.890570e+00  3.922340e+00  3.948260e+00  
3.971320e+00  3.992170e+00  4.010980e+00  4.028120e+00  4.044770e+00  4.062230e+00  
4.081060e+00  4.102260e+00  4.126730e+00  4.154320e+00  4.184150e+00  4.199380e+00  
4.214310e+00  4.225410e+00  4.235480e+00  4.238000e+00  4.240020e+00  4.240270e+00  
4.240470e+00  4.240490e+00  4.240500e+00  4.240520e+00  3.967740e+00  4.034100e+00  
4.094210e+00  4.143340e+00  4.182780e+00  4.240920e+00  4.278820e+00  4.308080e+00  
4.331140e+00  4.348940e+00  4.362880e+00  4.373240e+00  4.380350e+00  4.385110e+00  
4.389820e+00  4.396650e+00  4.405950e+00  4.417670e+00  4.431730e+00  4.448200e+00  
4.467750e+00  4.479130e+00  4.490790e+00  4.499650e+00  4.507280e+00  4.509260e+00  
4.510840e+00  4.511040e+00  4.511200e+00  4.511210e+00  4.511220e+00  4.511240e+00  
4.333910e+00  4.392090e+00  4.446510e+00  4.494250e+00  4.535820e+00  4.603580e+00  
4.649800e+00  4.675890e+00  4.685320e+00  4.684220e+00  4.680460e+00  4.676160e+00  
4.671840e+00  4.668140e+00  4.665830e+00  4.665630e+00  4.667200e+00  4.669250e+00  
4.671130e+00  4.675490e+00  4.685840e+00  4.693530e+00  4.701590e+00  4.707650e+00  
4.712910e+00  4.714300e+00  4.715460e+00  4.715580e+00  4.715690e+00  4.715710e+00  
4.715720e+00  4.715750e+00  4.916190e+00  4.978680e+00  5.036260e+00  5.085150e+00  
5.126030e+00  5.188010e+00  5.222630e+00  5.232070e+00  5.221150e+00  5.198040e+00  
5.172980e+00  5.148630e+00  5.125500e+00  5.104130e+00  5.084750e+00  5.067590e+00  
5.052040e+00  5.036230e+00  5.019200e+00  5.004560e+00  4.997250e+00  4.996900e+00  
4.997310e+00  4.997700e+00  4.997720e+00  4.997840e+00  4.997970e+00  4.997970e+00  
4.997990e+00  4.998000e+00  4.998000e+00  4.998020e+00  5.379800e+00  5.442260e+00  
5.498970e+00  5.545520e+00  5.582820e+00  5.634880e+00  5.655920e+00  5.648820e+00  
5.619330e+00  5.577040e+00  5.533640e+00  5.492120e+00  5.452950e+00  5.416550e+00  
5.382670e+00  5.351110e+00  5.321010e+00  5.290020e+00  5.256970e+00  5.226300e+00  
5.204030e+00  5.196550e+00  5.189440e+00  5.183670e+00  5.178540e+00  5.177390e+00  
5.176440e+00  5.176310e+00  5.176210e+00  5.176220e+00  5.176220e+00  5.176240e+00  
6.235370e+00  6.288100e+00  6.333760e+00  6.366970e+00  6.389140e+00  6.407730e+00  
6.391270e+00  6.343920e+00  6.273030e+00  6.190090e+00  6.108830e+00  6.032410e+00  
5.961450e+00  5.895640e+00  5.833990e+00  5.775200e+00  5.717900e+00  5.658820e+00  
5.596200e+00  5.535840e+00  5.485080e+00  5.463180e+00  5.439760e+00  5.419870e+00  
5.403940e+00  5.400120e+00  5.396730e+00  5.396310e+00  5.396000e+00  5.395940e+00  
5.395950e+00  5.395960e+00  6.842080e+00  6.879020e+00  6.908130e+00  6.923500e+00  
6.927000e+00  6.907610e+00  6.852550e+00  6.767020e+00  6.659390e+00  6.542180e+00  
6.429910e+00  6.325940e+00  6.230740e+00  6.143330e+00  6.062130e+00  5.984780e+00  
5.909550e+00  5.832330e+00  5.750750e+00  5.670920e+00  5.600200e+00  5.567460e+00  
5.531300e+00  5.500280e+00  5.476550e+00  5.470780e+00  5.465510e+00  5.464890e+00  
5.464430e+00  5.464320e+00  5.464340e+00  5.464300e+00  7.681100e+00  7.681950e+00  
7.674210e+00  7.651550e+00  7.616630e+00  7.522110e+00  7.394720e+00  7.240960e+00  
7.070500e+00  6.896990e+00  6.735020e+00  6.588520e+00  6.457140e+00  6.338710e+00  
6.230640e+00  6.128820e+00  6.030960e+00  5.931870e+00  5.828020e+00  5.724750e+00  
5.628030e+00  5.580550e+00  5.527630e+00  5.482480e+00  5.448610e+00  5.440260e+00  
5.432580e+00  5.431690e+00  5.431050e+00  5.430870e+00  5.430910e+00  5.430790e+00  
8.258360e+00  8.223650e+00  8.180200e+00  8.121670e+00  8.051340e+00  7.889380e+00  
7.699370e+00  7.488560e+00  7.267120e+00  7.048940e+00  6.848370e+00  6.669010e+00  
6.510150e+00  6.368430e+00  6.240040e+00  6.120070e+00  6.005830e+00  5.891830e+00  
5.773950e+00  5.656210e+00  5.543150e+00  5.486920e+00  5.425650e+00  5.374310e+00  
5.333700e+00  5.323640e+00  5.314670e+00  5.313630e+00  5.312850e+00  5.312660e+00  
5.312680e+00  5.312540e+00  8.693310e+00  8.625550e+00  8.549220e+00  8.458200e+00  
8.356270e+00  8.135110e+00  7.891260e+00  7.632410e+00  7.368800e+00  7.113900e+00  
6.881920e+00  6.675760e+00  6.494260e+00  6.333100e+00  6.187360e+00  6.051780e+00  
5.923450e+00  5.797080e+00  5.668480e+00  5.540340e+00  5.416110e+00  5.354770e+00  
5.290270e+00  5.237520e+00  5.191880e+00  5.180580e+00  5.170960e+00  5.169820e+00  
5.168920e+00  5.168760e+00  5.168730e+00  5.168640e+00  9.039270e+00  8.941110e+00  
8.834720e+00  8.714360e+00  8.584180e+00  8.310810e+00  8.020200e+00  7.720300e+00  
7.421100e+00  7.135350e+00  6.876910e+00  6.648210e+00  6.447300e+00  6.269220e+00  
6.107950e+00  5.958290e+00  5.817120e+00  5.679720e+00  5.542160e+00  5.405830e+00  
5.273440e+00  5.209050e+00  5.144110e+00  5.092430e+00  5.042860e+00  5.030570e+00  
5.020650e+00  5.019460e+00  5.018460e+00  5.018330e+00  5.018250e+00  5.018220e+00  
9.505650e+00  9.415740e+00  9.302160e+00  9.148110e+00  8.964160e+00  8.558060e+00  
8.138320e+00  7.752990e+00  7.407020e+00  7.096750e+00  6.818940e+00  6.569040e+00  
6.338030e+00  6.120410e+00  5.919480e+00  5.738660e+00  5.574740e+00  5.421960e+00  
5.273840e+00  5.124320e+00  4.976440e+00  4.909740e+00  4.845870e+00  4.795690e+00  
4.740450e+00  4.727340e+00  4.716980e+00  4.715560e+00  4.714530e+00  4.714410e+00  
4.714280e+00  4.714360e+00  1.003960e+01  9.791280e+00  9.543630e+00  9.297920e+00  
9.057810e+00  8.603760e+00  8.179120e+00  7.782470e+00  7.412640e+00  7.068580e+00  
6.749840e+00  6.457300e+00  6.189130e+00  5.943000e+00  5.717150e+00  5.511790e+00  
5.326580e+00  5.160850e+00  5.011120e+00  4.862290e+00  4.701130e+00  4.620440e+00  
4.550270e+00  4.504520e+00  4.449740e+00  4.432810e+00  4.422560e+00  4.421800e+00  
4.420410e+00  4.420090e+00  4.420210e+00  4.420210e+00  1.063030e+01  1.029280e+01  
9.959580e+00  9.634720e+00  9.321510e+00  8.736140e+00  8.198760e+00  7.705360e+00  
7.252610e+00  6.838970e+00  6.463100e+00  6.122620e+00  5.813880e+00  5.532430e+00  
5.273450e+00  5.034550e+00  4.816750e+00  4.618200e+00  4.436080e+00  4.259180e+00  
4.078970e+00  3.991610e+00  3.913530e+00  3.859900e+00  3.799980e+00  3.783350e+00  
3.772020e+00  3.770930e+00  3.769620e+00  3.769400e+00  3.769310e+00  3.769320e+00  
1.097490e+01  1.056970e+01  1.017260e+01  9.790520e+00  9.425810e+00  8.749110e+00  
8.134620e+00  7.576840e+00  7.070910e+00  6.613310e+00  6.202050e+00  5.832420e+00  
5.498910e+00  5.195610e+00  4.915560e+00  4.654550e+00  4.413680e+00  4.191750e+00  
3.985920e+00  3.788350e+00  3.593900e+00  3.500740e+00  3.414530e+00  3.352320e+00  
3.289050e+00  3.274150e+00  3.261680e+00  3.260150e+00  3.259030e+00  3.258890e+00  
3.258690e+00  3.258610e+00  1.140050e+01  1.088020e+01  1.037820e+01  9.908700e+00  
9.470540e+00  8.671980e+00  7.964660e+00  7.337360e+00  6.781250e+00  6.285330e+00  
5.840740e+00  5.440690e+00  5.078010e+00  4.745310e+00  4.433800e+00  4.138170e+00  
3.860000e+00  3.602380e+00  3.364830e+00  3.144200e+00  2.939680e+00  2.843940e+00  
2.750510e+00  2.679240e+00  2.615030e+00  2.599330e+00  2.586560e+00  2.585070e+00  
2.583850e+00  2.583660e+00  2.583560e+00  2.583390e+00  1.169080e+01  1.108510e+01  
1.050710e+01  9.977790e+00  9.491550e+00  8.614080e+00  7.850380e+00  7.182580e+00  
6.598050e+00  6.080530e+00  5.615320e+00  5.194460e+00  4.811410e+00  4.459270e+00  
4.130130e+00  3.818920e+00  3.525930e+00  3.252530e+00  2.998860e+00  2.761610e+00  
2.541780e+00  2.440230e+00  2.345040e+00  2.274970e+00  2.207430e+00  2.191130e+00  
2.178460e+00  2.176960e+00  2.175670e+00  2.175530e+00  2.175360e+00  2.175330e+00  
1.190610e+01  1.124160e+01  1.061230e+01  1.004400e+01  9.526940e+00  8.596550e+00  
7.794720e+00  7.099070e+00  6.493550e+00  5.959180e+00  5.478260e+00  5.042010e+00  
4.644190e+00  4.278270e+00  3.936840e+00  3.614950e+00  3.312270e+00  3.029150e+00  
2.765960e+00  2.519140e+00  2.288670e+00  2.181570e+00  2.081710e+00  2.008810e+00  
1.939270e+00  1.922760e+00  1.910020e+00  1.908510e+00  1.907180e+00  1.907050e+00  
1.906870e+00  1.906990e+00  1.207890e+01  1.137250e+01  1.070700e+01  1.011240e+01  
9.574710e+00  8.607230e+00  7.778050e+00  7.062510e+00  6.441070e+00  5.893060e+00  
5.399520e+00  4.951230e+00  4.542000e+00  4.165530e+00  3.814630e+00  3.484480e+00  
3.174400e+00  2.884340e+00  2.614330e+00  2.360930e+00  2.121980e+00  2.009720e+00  
1.904400e+00  1.827330e+00  1.755830e+00  1.739060e+00  1.726020e+00  1.724470e+00  
1.723110e+00  1.722960e+00  1.722800e+00  1.722980e+00  1.234740e+01  1.158750e+01  
1.087700e+01  1.025140e+01  9.690570e+00  8.678490e+00  7.815120e+00  7.074470e+00  
6.431770e+00  5.864300e+00  5.352320e+00  4.886600e+00  4.460920e+00  4.069050e+00  
3.703960e+00  3.360880e+00  3.038940e+00  2.737760e+00  2.456350e+00  2.190970e+00  
1.936750e+00  1.815110e+00  1.699780e+00  1.614660e+00  1.537490e+00  1.519390e+00  
1.505170e+00  1.503490e+00  1.502040e+00  1.501860e+00  1.501700e+00  1.501750e+00  
1.255080e+01  1.176090e+01  1.102630e+01  1.038590e+01  9.814820e+00  8.781170e+00  
7.900800e+00  7.146270e+00  6.490870e+00  5.910930e+00  5.386780e+00  4.909370e+00  
4.472480e+00  4.069720e+00  3.693980e+00  3.340420e+00  3.008180e+00  2.696810e+00  
2.404590e+00  2.126230e+00  1.856760e+00  1.726090e+00  1.601340e+00  1.508360e+00  
1.423300e+00  1.403070e+00  1.387140e+00  1.385260e+00  1.383660e+00  1.383460e+00  
1.383280e+00  1.383070e+00  1.288540e+01  1.206470e+01  1.130740e+01  1.065790e+01  
1.008340e+01  9.037110e+00  8.148180e+00  7.380670e+00  6.710490e+00  6.115050e+00  
5.576000e+00  5.084220e+00  4.633010e+00  4.215170e+00  3.822550e+00  3.449770e+00  
3.096370e+00  2.762490e+00  2.445450e+00  2.135850e+00  1.827550e+00  1.673660e+00  
1.521860e+00  1.404150e+00  1.294610e+00  1.267960e+00  1.246570e+00  1.244060e+00  
1.242000e+00  1.241720e+00  1.241510e+00  1.241310e+00  1.307860e+01  1.225090e+01  
1.149170e+01  1.084810e+01  1.028250e+01  9.247180e+00  8.366660e+00  7.600250e+00  
6.927520e+00  6.328230e+00  5.785860e+00  5.291030e+00  4.836170e+00  4.413030e+00  
4.011890e+00  3.626590e+00  3.257360e+00  2.905380e+00  2.567650e+00  2.231350e+00  
1.885580e+00  1.708000e+00  1.525220e+00  1.377430e+00  1.240310e+00  1.207330e+00  
1.180790e+00  1.177560e+00  1.174800e+00  1.174450e+00  1.174200e+00  1.174760e+00  
1.328960e+01  1.245860e+01  1.170430e+01  1.107900e+01  1.053850e+01  9.547320e+00  
8.699070e+00  7.955370e+00  7.297480e+00  6.706430e+00  6.166450e+00  5.669450e+00  
5.209380e+00  4.779530e+00  4.371840e+00  3.979890e+00  3.600200e+00  3.227930e+00  
2.855730e+00  2.470950e+00  2.058510e+00  1.836600e+00  1.598550e+00  1.393450e+00  
1.189150e+00  1.144210e+00  1.114020e+00  1.110180e+00  1.104460e+00  1.103410e+00  
1.103910e+00  1.106140e+00  1.329650e+01  1.251520e+01  1.181040e+01  1.123330e+01  
1.073590e+01  9.803910e+00  8.981090e+00  8.243120e+00  7.580260e+00  6.982840e+00  
6.442830e+00  5.952120e+00  5.502230e+00  5.083400e+00  4.683420e+00  4.292850e+00  
3.907820e+00  3.522970e+00  3.128940e+00  2.707760e+00  2.237650e+00  1.976700e+00  
1.692460e+00  1.442500e+00  1.172530e+00  1.106450e+00  1.076450e+00  1.074140e+00  
1.065120e+00  1.062890e+00  1.065030e+00  1.067380e+00  1.333950e+01  1.256450e+01  
1.187170e+01  1.131580e+01  1.084290e+01  9.950070e+00  9.156130e+00  8.440750e+00  
7.795430e+00  7.211410e+00  6.681450e+00  6.198100e+00  5.753460e+00  5.338190e+00  
4.940420e+00  4.550590e+00  4.164040e+00  3.774020e+00  3.368480e+00  2.923940e+00  
2.410640e+00  2.117010e+00  1.788860e+00  1.495820e+00  1.169150e+00  1.086160e+00  
1.052020e+00  1.050040e+00  1.038850e+00  1.035920e+00  1.039010e+00  1.040560e+00  
1.335980e+01  1.259010e+01  1.190790e+01  1.137120e+01  1.092010e+01  1.005940e+01  
9.290620e+00  8.595290e+00  7.966050e+00  7.394850e+00  6.875040e+00  6.399710e+00  
5.961420e+00  5.551230e+00  5.157530e+00  4.770670e+00  4.385360e+00  3.993700e+00  
3.581290e+00  3.119770e+00  2.572010e+00  2.251000e+00  1.885070e+00  1.552750e+00  
1.173990e+00  1.074910e+00  1.034650e+00  1.032600e+00  1.019820e+00  1.016430e+00  
1.020090e+00  1.020540e+00  1.335570e+01  1.259830e+01  1.193710e+01  1.143490e+01  
1.102140e+01  1.021410e+01  9.488400e+00  8.827730e+00  8.226490e+00  7.677810e+00  
7.176220e+00  6.715760e+00  6.289940e+00  5.890770e+00  5.507610e+00  5.130940e+00  
4.754270e+00  4.367250e+00  3.950480e+00  3.464750e+00  2.858450e+00  2.489970e+00  
2.060150e+00  1.663870e+00  1.210000e+00  1.081970e+00  1.001170e+00  9.989500e-01  
1.000060e+00  9.973980e-01  9.868770e-01  9.923100e-01  1.334710e+01  1.259830e+01  
1.195180e+01  1.147410e+01  1.108710e+01  1.031790e+01  9.624080e+00  8.990180e+00  
8.411590e+00  7.882220e+00  7.397260e+00  6.951360e+00  6.538620e+00  6.151590e+00  
5.780110e+00  5.414740e+00  5.048370e+00  4.669160e+00  4.254540e+00  3.757950e+00  
3.115480e+00  2.713070e+00  2.232050e+00  1.777370e+00  1.245600e+00  1.091090e+00  
9.873700e-01  9.827000e-01  9.832000e-01  9.802400e-01  9.681400e-01  9.737550e-01  
1.338870e+01  1.264150e+01  1.200570e+01  1.155290e+01  1.119590e+01  1.047240e+01  
9.820000e+00  9.225470e+00  8.684630e+00  8.191870e+00  7.742650e+00  7.331760e+00  
6.953140e+00  6.598730e+00  6.257070e+00  5.917710e+00  5.573860e+00  5.214220e+00  
4.816780e+00  4.334640e+00  3.680530e+00  3.233610e+00  2.645040e+00  2.047570e+00  
1.328320e+00  1.122060e+00  9.855400e-01  9.698200e-01  9.510400e-01  9.486090e-01  
9.471700e-01  9.459230e-01  1.335660e+01  1.262230e+01  1.200330e+01  1.157350e+01  
1.124110e+01  1.055770e+01  9.939660e+00  9.375840e+00  8.862670e+00  8.395360e+00  
7.969970e+00  7.581930e+00  7.225770e+00  6.894100e+00  6.575990e+00  6.261280e+00  
5.942790e+00  5.608140e+00  5.232330e+00  4.760540e+00  4.092040e+00  3.621780e+00  
2.988830e+00  2.318970e+00  1.443450e+00  1.177110e+00  9.812100e-01  9.581200e-01  
9.372900e-01  9.345910e-01  9.329680e-01  9.309390e-01  1.327620e+01  1.256340e+01  
1.197020e+01  1.157320e+01  1.127510e+01  1.064820e+01  1.007800e+01  9.556430e+00  
9.080830e+00  8.647650e+00  8.253940e+00  7.896260e+00  7.570460e+00  7.270660e+00  
6.987860e+00  6.713120e+00  6.439180e+00  6.152200e+00  5.822340e+00  5.380410e+00  
4.704360e+00  4.208270e+00  3.524060e+00  2.766650e+00  1.681060e+00  1.319490e+00  
9.903200e-01  9.474900e-01  9.218500e-01  9.190600e-01  9.104920e-01  9.151610e-01  
1.326660e+01  1.255850e+01  1.197300e+01  1.158810e+01  1.130360e+01  1.069930e+01  
1.015020e+01  9.649440e+00  9.194580e+00  8.782470e+00  8.410380e+00  8.075240e+00  
7.773150e+00  7.498450e+00  7.242220e+00  6.995800e+00  6.752710e+00  6.500190e+00  
6.209480e+00  5.811210e+00  5.174380e+00  4.684730e+00  3.978020e+00  3.153030e+00  
1.885000e+00  1.441450e+00  1.015040e+00  9.533900e-01  9.110600e-01  9.078060e-01  
9.035950e-01  9.066770e-01  1.325980e+01  1.255660e+01  1.197700e+01  1.159960e+01  
1.132320e+01  1.073270e+01  1.019690e+01  9.709700e+00  9.268660e+00  8.870920e+00  
8.513970e+00  8.194920e+00  7.910110e+00  7.654000e+00  7.417780e+00  7.192990e+00  
6.974020e+00  6.749270e+00  6.491620e+00  6.133390e+00  5.539890e+00  5.065670e+00  
4.354890e+00  3.487500e+00  2.075490e+00  1.558070e+00  1.042680e+00  9.634100e-01  
9.044100e-01  9.003700e-01  9.000780e-01  9.014280e-01  1.323160e+01  1.254280e+01  
1.197660e+01  1.161090e+01  1.134430e+01  1.076900e+01  1.024390e+01  9.764320e+00  
9.329030e+00  8.936480e+00  8.585590e+00  8.274300e+00  7.999730e+00  7.757610e+00  
7.540730e+00  7.340950e+00  7.149170e+00  6.945970e+00  6.700520e+00  6.359310e+00  
5.807110e+00  5.367600e+00  4.697930e+00  3.830250e+00  2.266970e+00  1.663100e+00  
1.052810e+00  9.648900e-01  9.094200e-01  9.061320e-01  8.981930e-01  8.978580e-01  
1.321600e+01  1.253800e+01  1.198160e+01  1.162380e+01  1.136400e+01  1.080270e+01  
1.029140e+01  9.826090e+00  9.405010e+00  9.026330e+00  8.688700e+00  8.390660e+00  
8.130510e+00  7.905570e+00  7.711040e+00  7.540690e+00  7.385510e+00  7.224730e+00  
7.026600e+00  6.738970e+00  6.244070e+00  5.832700e+00  5.190780e+00  4.324870e+00  
2.616330e+00  1.876380e+00  1.100820e+00  9.893300e-01  9.090500e-01  9.023970e-01  
8.935390e-01  8.935550e-01  1.320300e+01  1.253520e+01  1.198730e+01  1.163540e+01  
1.138000e+01  1.082730e+01  1.032420e+01  9.866860e+00  9.453790e+00  9.083480e+00  
8.754810e+00  8.466620e+00  8.217560e+00  8.005390e+00  7.825910e+00  7.673670e+00  
7.540930e+00  7.408620e+00  7.246860e+00  7.005120e+00  6.565280e+00  6.183680e+00  
5.571360e+00  4.717180e+00  2.918650e+00  2.076990e+00  1.152370e+00  1.015480e+00  
9.104500e-01  9.007260e-01  8.904720e-01  8.908690e-01  1.317880e+01  1.253190e+01  
1.200050e+01  1.165800e+01  1.140840e+01  1.086790e+01  1.037480e+01  9.926990e+00  
9.523420e+00  9.163790e+00  8.847740e+00  8.574530e+00  8.342920e+00  8.150890e+00  
7.994260e+00  7.868480e+00  7.768790e+00  7.681250e+00  7.581480e+00  7.421580e+00  
7.092680e+00  6.780390e+00  6.234650e+00  5.419980e+00  3.536870e+00  2.537590e+00  
1.279200e+00  1.077950e+00  9.180400e-01  9.026700e-01  8.889850e-01  8.871150e-01  
1.314860e+01  1.252480e+01  1.200990e+01  1.167290e+01  1.142370e+01  1.088820e+01  
1.040000e+01  9.957190e+00  9.559210e+00  9.206120e+00  8.897750e+00  8.633190e+00  
8.410950e+00  8.229130e+00  8.084690e+00  7.974300e+00  7.894320e+00  7.832270e+00  
7.767740e+00  7.663290e+00  7.418020e+00  7.156820e+00  6.669520e+00  5.908960e+00  
4.027310e+00  2.915260e+00  1.401290e+00  1.149090e+00  9.289800e-01  9.057310e-01  
8.862610e-01  8.853760e-01  1.305830e+01  1.249050e+01  1.201400e+01  1.168710e+01  
1.143520e+01  1.090670e+01  1.042530e+01  9.989620e+00  9.598790e+00  9.252740e+00  
8.951300e+00  8.694230e+00  8.481020e+00  8.310600e+00  8.179990e+00  8.086520e+00  
8.028420e+00  7.996600e+00  7.974750e+00  7.929630e+00  7.780710e+00  7.599850e+00  
7.228120e+00  6.586220e+00  4.740660e+00  3.511190e+00  1.639050e+00  1.290990e+00  
9.541500e-01  9.093550e-01  8.865760e-01  8.835750e-01  1.297890e+01  1.245890e+01  
1.201500e+01  1.169590e+01  1.144060e+01  1.091570e+01  1.043770e+01  1.000530e+01  
9.617730e+00  9.275110e+00  8.977550e+00  8.724910e+00  8.516820e+00  8.352480e+00  
8.229130e+00  8.144580e+00  8.098150e+00  8.082540e+00  8.084620e+00  8.077530e+00  
7.993270e+00  7.862440e+00  7.561460e+00  7.005170e+00  5.266970e+00  3.991710e+00  
1.851860e+00  1.421330e+00  9.810500e-01  9.186020e-01  8.888090e-01  8.825380e-01  
1.292250e+01  1.243760e+01  1.201750e+01  1.170380e+01  1.144530e+01  1.092140e+01  
1.044400e+01  1.001270e+01  9.627120e+00  9.287100e+00  8.992870e+00  8.743870e+00  
8.538940e+00  8.377240e+00  8.257520e+00  8.178890e+00  8.140970e+00  8.136620e+00  
8.154660e+00  8.175910e+00  8.135240e+00  8.032210e+00  7.780840e+00  7.302890e+00  
5.682650e+00  4.373230e+00  2.046880e+00  1.546910e+00  1.008130e+00  9.278870e-01  
8.937990e-01  8.818360e-01  1.288140e+01  1.242140e+01  1.201840e+01  1.170890e+01  
1.144850e+01  1.092540e+01  1.044870e+01  1.001870e+01  9.634690e+00  9.296240e+00  
9.003250e+00  8.755580e+00  8.553050e+00  8.395020e+00  8.279410e+00  8.204720e+00  
8.171200e+00  8.173090e+00  8.200770e+00  8.236480e+00  8.230500e+00  8.163430e+00  
7.955610e+00  7.505600e+00  5.964590e+00  4.741710e+00  2.239980e+00  1.653920e+00  
1.035030e+00  9.468230e-01  8.902130e-01  8.814700e-01  1.283150e+01  1.240180e+01  
1.201930e+01  1.171450e+01  1.145150e+01  1.093000e+01  1.045480e+01  1.002650e+01  
9.644520e+00  9.308260e+00  9.017560e+00  8.772370e+00  8.572640e+00  8.417900e+00  
8.306240e+00  8.236550e+00  8.209660e+00  8.220830e+00  8.262200e+00  8.320150e+00  
8.354770e+00  8.324280e+00  8.180810e+00  7.819290e+00  6.435650e+00  5.263020e+00  
2.590100e+00  1.872240e+00  1.090360e+00  9.719540e-01  8.946990e-01  8.811040e-01  
1.280090e+01  1.238980e+01  1.201990e+01  1.171790e+01  1.145330e+01  1.093290e+01  
1.045890e+01  1.003170e+01  9.650780e+00  9.315710e+00  9.026380e+00  8.782740e+00  
8.584750e+00  8.432010e+00  8.322780e+00  8.256180e+00  8.233440e+00  8.250310e+00  
8.300140e+00  8.372130e+00  8.432470e+00  8.425420e+00  8.326000e+00  8.029790e+00  
6.777630e+00  5.662860e+00  2.898880e+00  2.071900e+00  1.144910e+00  9.983220e-01  
8.995360e-01  8.808590e-01  1.275520e+01  1.237190e+01  1.202070e+01  1.172260e+01  
1.145530e+01  1.093680e+01  1.046460e+01  1.003900e+01  9.659480e+00  9.325850e+00  
9.038240e+00  8.796680e+00  8.601090e+00  8.451130e+00  8.345290e+00  8.283040e+00  
8.265980e+00  8.290560e+00  8.351850e+00  8.443460e+00  8.540050e+00  8.566430e+00  
8.532730e+00  8.342740e+00  7.338920e+00  6.360010e+00  3.536720e+00  2.514590e+00  
1.277000e+00  1.067070e+00  9.124450e-01  8.804930e-01  1.272900e+01  1.236160e+01  
1.202110e+01  1.172530e+01  1.145660e+01  1.093880e+01  1.046750e+01  1.004260e+01  
9.663770e+00  9.330850e+00  9.044070e+00  8.803530e+00  8.609190e+00  8.460720e+00  
8.356720e+00  8.296780e+00  8.282700e+00  8.311260e+00  8.378500e+00  8.480320e+00  
8.596270e+00  8.640740e+00  8.642550e+00  8.515420e+00  7.686130e+00  6.816790e+00  
4.035220e+00  2.896510e+00  1.403230e+00  1.137050e+00  9.254460e-01  8.801270e-01  
1.270070e+01  1.235050e+01  1.202140e+01  1.172800e+01  1.145750e+01  1.094040e+01  
1.046970e+01  1.004560e+01  9.667720e+00  9.335930e+00  9.050550e+00  8.811340e+00  
8.617690e+00  8.469470e+00  8.366710e+00  8.310060e+00  8.300640e+00  8.333290e+00  
8.403480e+00  8.513290e+00  8.659190e+00  8.731270e+00  8.755060e+00  8.655800e+00  
8.101410e+00  7.502290e+00  4.738340e+00  3.455340e+00  1.640040e+00  1.291840e+00  
9.523930e-01  8.803710e-01  1.270690e+01  1.235820e+01  1.202870e+01  1.173170e+01  
1.145690e+01  1.093640e+01  1.046550e+01  1.004240e+01  9.666360e+00  9.336650e+00  
9.052940e+00  8.815100e+00  8.622960e+00  8.475690e+00  8.370710e+00  8.307940e+00  
8.293640e+00  8.334480e+00  8.431810e+00  8.561470e+00  8.690910e+00  8.752210e+00  
8.804210e+00  8.791280e+00  8.346400e+00  7.734480e+00  5.304790e+00  3.997220e+00  
1.851980e+00  1.405670e+00  9.786380e-01  8.806150e-01  1.269690e+01  1.235400e+01  
1.202840e+01  1.173230e+01  1.145700e+01  1.093690e+01  1.046610e+01  1.004340e+01  
9.667640e+00  9.338190e+00  9.054750e+00  8.817190e+00  8.625380e+00  8.478520e+00  
8.374060e+00  8.311990e+00  8.298660e+00  8.340890e+00  8.440260e+00  8.573080e+00  
8.708660e+00  8.776230e+00  8.840820e+00  8.851900e+00  8.497770e+00  7.971720e+00  
5.708250e+00  4.387390e+00  2.067430e+00  1.531310e+00  1.005490e+00  8.796390e-01  
1.268990e+01  1.235110e+01  1.202830e+01  1.173270e+01  1.145720e+01  1.093730e+01  
1.046670e+01  1.004410e+01  9.668530e+00  9.339250e+00  9.055990e+00  8.818630e+00  
8.627040e+00  8.480450e+00  8.376350e+00  8.314740e+00  8.302040e+00  8.345180e+00  
8.445930e+00  8.580920e+00  8.720740e+00  8.792490e+00  8.865450e+00  8.892840e+00  
8.604220e+00  8.142830e+00  6.027210e+00  4.714510e+00  2.267830e+00  1.653410e+00  
1.032840e+00  8.802490e-01  1.265870e+01  1.233360e+01  1.202160e+01  1.173200e+01  
1.145940e+01  1.094300e+01  1.047310e+01  1.004970e+01  9.672690e+00  9.341860e+00  
9.057390e+00  8.819340e+00  8.627680e+00  8.482240e+00  8.382050e+00  8.327240e+00  
8.320180e+00  8.358550e+00  8.440380e+00  8.565960e+00  8.728900e+00  8.818710e+00  
8.906010e+00  8.946410e+00  8.738990e+00  8.377320e+00  6.507310e+00  5.236600e+00  
2.624110e+00  1.902220e+00  1.087280e+00  8.797610e-01  1.265520e+01  1.233210e+01  
1.202130e+01  1.173190e+01  1.145900e+01  1.094350e+01  1.047430e+01  1.005120e+01  
9.673890e+00  9.342640e+00  9.057990e+00  8.820020e+00  8.628670e+00  8.483710e+00  
8.384050e+00  8.329720e+00  8.323080e+00  8.361920e+00  8.444340e+00  8.571380e+00  
8.738150e+00  8.831510e+00  8.924380e+00  8.977290e+00  8.830230e+00  8.525130e+00  
6.852330e+00  5.643180e+00  2.933600e+00  2.121090e+00  1.141850e+00  8.798370e-01  