3.317020e+00  3.350570e+00  3.382930e+00  3.413190e+00  3.441570e+00  3.493740e+00  
3.539330e+00  3.578490e+00  3.611920e+00  3.641070e+00  3.667980e+00  3.693310e+00  
3.717550e+00  3.741440e+00  3.766660e+00  3.794380e+00  3.823710e+00  3.852050e+00  
3.876880e+00  3.898620e+00  3.917460e+00  3.925410e+00  3.932800e+00  3.938440e+00  
3.944630e+00  3.946180e+00  3.947340e+00  3.947480e+00  3.947610e+00  3.947620e+00  
3.947640e+00  3.947660e+00  3.987280e+00  4.020810e+00  4.052600e+00  4.081350e+00  
4.107380e+00  4.153040e+00  4.189600e+00  4.217520e+00  4.237970e+00  4.253200e+00  
4.266130e+00  4.277560e+00  4.287900e+00  4.297490e+00  4.307290e+00  4.318060e+00  
4.329440e+00  4.340440e+00  4.350130e+00  4.358990e+00  4.367450e+00  4.371320e+00  
4.374730e+00  4.376380e+00  4.375240e+00  4.374870e+00  4.374640e+00  4.374590e+00  
4.374540e+00  4.374570e+00  4.374550e+00  4.374540e+00  4.494630e+00  4.530860e+00  
4.564650e+00  4.594140e+00  4.619790e+00  4.661980e+00  4.691390e+00  4.708790e+00  
4.716010e+00  4.716280e+00  4.713790e+00  4.709670e+00  4.704440e+00  4.698610e+00  
4.693200e+00  4.689090e+00  4.686070e+00  4.683280e+00  4.680040e+00  4.677120e+00  
4.675380e+00  4.674710e+00  4.673150e+00  4.670390e+00  4.665120e+00  4.663700e+00  
4.662610e+00  4.662450e+00  4.662310e+00  4.662310e+00  4.662300e+00  4.662280e+00  
5.238300e+00  5.287880e+00  5.331490e+00  5.364620e+00  5.388590e+00  5.416930e+00  
5.423800e+00  5.417490e+00  5.400740e+00  5.376200e+00  5.347260e+00  5.315510e+00  
5.282580e+00  5.249910e+00  5.217950e+00  5.187490e+00  5.159050e+00  5.133340e+00  
5.110780e+00  5.090490e+00  5.070900e+00  5.060860e+00  5.050220e+00  5.040990e+00  
5.030480e+00  5.027700e+00  5.025540e+00  5.025260e+00  5.025050e+00  5.025020e+00  
5.025010e+00  5.024990e+00  5.782580e+00  5.838480e+00  5.886340e+00  5.920090e+00  
5.941560e+00  5.958330e+00  5.946850e+00  5.918700e+00  5.877820e+00  5.827980e+00  
5.773890e+00  5.717580e+00  5.661000e+00  5.606030e+00  5.553230e+00  5.503500e+00  
5.457290e+00  5.414800e+00  5.376050e+00  5.340510e+00  5.306720e+00  5.289770e+00  
5.272360e+00  5.258200e+00  5.243920e+00  5.240370e+00  5.237470e+00  5.237090e+00  
5.236820e+00  5.236770e+00  5.236750e+00  5.236750e+00  6.208360e+00  6.267950e+00  
6.317680e+00  6.350110e+00  6.367540e+00  6.370760e+00  6.340330e+00  6.290850e+00  
6.227420e+00  6.154710e+00  6.078550e+00  6.001310e+00  5.925080e+00  5.851950e+00  
5.782350e+00  5.717160e+00  5.656690e+00  5.600620e+00  5.548610e+00  5.500480e+00  
5.455100e+00  5.432680e+00  5.410060e+00  5.392170e+00  5.374870e+00  5.370660e+00  
5.367180e+00  5.366710e+00  5.366390e+00  5.366350e+00  5.366300e+00  5.366330e+00  
6.555280e+00  6.616500e+00  6.666340e+00  6.696230e+00  6.708860e+00  6.697890e+00  
6.648430e+00  6.577410e+00  6.491500e+00  6.397250e+00  6.302370e+00  6.208790e+00  
6.116890e+00  6.028000e+00  5.943730e+00  5.865780e+00  5.794050e+00  5.726910e+00  
5.663170e+00  5.604310e+00  5.549940e+00  5.522890e+00  5.495990e+00  5.475250e+00  
5.455470e+00  5.450540e+00  5.446610e+00  5.446110e+00  5.445730e+00  5.445670e+00  
5.445650e+00  5.445660e+00  7.098530e+00  7.158240e+00  7.203790e+00  7.224550e+00  
7.224120e+00  7.180070e+00  7.091820e+00  6.981530e+00  6.857600e+00  6.727740e+00  
6.600760e+00  6.478560e+00  6.361090e+00  6.249020e+00  6.143470e+00  6.045480e+00  
5.954790e+00  5.869500e+00  5.788230e+00  5.712600e+00  5.643080e+00  5.609640e+00  
5.576910e+00  5.551860e+00  5.527540e+00  5.521560e+00  5.516800e+00  5.516190e+00  
5.515730e+00  5.515650e+00  5.515620e+00  5.515630e+00  7.512200e+00  7.566520e+00  
7.604330e+00  7.613320e+00  7.597980e+00  7.519300e+00  7.393440e+00  7.247310e+00  
7.090460e+00  6.931080e+00  6.778260e+00  6.633570e+00  6.496620e+00  6.367220e+00  
6.245750e+00  6.132360e+00  6.026820e+00  5.927380e+00  5.832760e+00  5.744260e+00  
5.663120e+00  5.625140e+00  5.588320e+00  5.560120e+00  5.532040e+00  5.525170e+00  
5.519710e+00  5.519000e+00  5.518480e+00  5.518400e+00  5.518340e+00  5.518350e+00  
8.239410e+00  8.272840e+00  8.285380e+00  8.261640e+00  8.208140e+00  8.046760e+00  
7.837050e+00  7.615240e+00  7.392350e+00  7.176140e+00  6.975040e+00  6.788850e+00  
6.616270e+00  6.454720e+00  6.303900e+00  6.162500e+00  6.030220e+00  5.905310e+00  
5.786530e+00  5.675100e+00  5.573570e+00  5.527310e+00  5.482820e+00  5.448670e+00  
5.413990e+00  5.405550e+00  5.398820e+00  5.397940e+00  5.397280e+00  5.397190e+00  
5.397130e+00  5.397120e+00  8.732120e+00  8.741030e+00  8.726100e+00  8.669900e+00  
8.580740e+00  8.346420e+00  8.066910e+00  7.784830e+00  7.511500e+00  7.253510e+00  
7.017410e+00  6.801580e+00  6.602500e+00  6.415770e+00  6.242360e+00  6.080770e+00  
5.930200e+00  5.787820e+00  5.651770e+00  5.524630e+00  5.409590e+00  5.356730e+00  
5.305750e+00  5.266830e+00  5.228430e+00  5.218980e+00  5.211470e+00  5.210500e+00  
5.209770e+00  5.209670e+00  5.209610e+00  5.209600e+00  9.387710e+00  9.347060e+00  
9.279210e+00  9.164630e+00  9.014400e+00  8.661400e+00  8.274330e+00  7.902680e+00  
7.556710e+00  7.240080e+00  6.954380e+00  6.696380e+00  6.457890e+00  6.232410e+00  
6.023960e+00  5.832900e+00  5.656790e+00  5.489990e+00  5.329050e+00  5.179630e+00  
5.045280e+00  4.981750e+00  4.920370e+00  4.874520e+00  4.832500e+00  4.822050e+00  
4.813770e+00  4.812720e+00  4.811930e+00  4.811790e+00  4.811750e+00  4.811760e+00  
9.821820e+00  9.734620e+00  9.619010e+00  9.454870e+00  9.255230e+00  8.811060e+00  
8.345910e+00  7.911750e+00  7.516320e+00  7.159740e+00  6.839790e+00  6.551210e+00  
6.284320e+00  6.031100e+00  5.796940e+00  5.583780e+00  5.387840e+00  5.202350e+00  
5.023100e+00  4.856220e+00  4.705310e+00  4.633760e+00  4.565500e+00  4.515790e+00  
4.471840e+00  4.461100e+00  4.452630e+00  4.451580e+00  4.450760e+00  4.450630e+00  
4.450570e+00  4.450590e+00  1.013950e+01  1.000950e+01  9.851180e+00  9.644570e+00  
9.404160e+00  8.887860e+00  8.363650e+00  7.883740e+00  7.452750e+00  7.066750e+00  
6.720860e+00  6.408380e+00  6.119640e+00  5.845840e+00  5.591940e+00  5.360820e+00  
5.147810e+00  4.946550e+00  4.752820e+00  4.571110e+00  4.405010e+00  4.327380e+00  
4.254770e+00  4.203180e+00  4.157920e+00  4.147210e+00  4.138840e+00  4.137780e+00  
4.136990e+00  4.136880e+00  4.136820e+00  4.136810e+00  1.056210e+01  1.026720e+01  
9.971430e+00  9.675160e+00  9.384940e+00  8.840210e+00  8.332960e+00  7.860930e+00  
7.422040e+00  7.013780e+00  6.635320e+00  6.286960e+00  5.968090e+00  5.673760e+00  
5.402200e+00  5.153180e+00  4.924130e+00  4.714740e+00  4.522310e+00  4.335600e+00  
4.146930e+00  4.057100e+00  3.979920e+00  3.931630e+00  3.885550e+00  3.875130e+00  
3.866590e+00  3.865620e+00  3.864840e+00  3.864640e+00  3.864780e+00  3.864640e+00  
1.090450e+01  1.055150e+01  1.019940e+01  9.850360e+00  9.511360e+00  8.881030e+00  
8.301450e+00  7.768820e+00  7.279640e+00  6.829480e+00  6.416770e+00  6.042200e+00  
5.701450e+00  5.388200e+00  5.097980e+00  4.829950e+00  4.581120e+00  4.350110e+00  
4.134190e+00  3.923760e+00  3.713860e+00  3.615570e+00  3.533250e+00  3.483710e+00  
3.435640e+00  3.424270e+00  3.416200e+00  3.415410e+00  3.414590e+00  3.414430e+00  
3.414450e+00  3.414350e+00  1.114040e+01  1.074040e+01  1.034330e+01  9.952730e+00  
9.575990e+00  8.880210e+00  8.246570e+00  7.669110e+00  7.142910e+00  6.663240e+00  
6.227050e+00  5.834550e+00  5.479190e+00  5.153250e+00  4.850370e+00  4.568790e+00  
4.306300e+00  4.060120e+00  3.827540e+00  3.600130e+00  3.374520e+00  3.269280e+00  
3.181260e+00  3.128250e+00  3.077250e+00  3.065430e+00  3.057230e+00  3.056430e+00  
3.055620e+00  3.055460e+00  3.055420e+00  3.055340e+00  1.150290e+01  1.100460e+01  
1.051610e+01  1.004630e+01  9.600730e+00  8.789850e+00  8.067850e+00  7.422150e+00  
6.842380e+00  6.322740e+00  5.858350e+00  5.442910e+00  5.067750e+00  4.722660e+00  
4.397790e+00  4.088870e+00  3.798380e+00  3.524410e+00  3.266340e+00  3.018670e+00  
2.779100e+00  2.665620e+00  2.561490e+00  2.490030e+00  2.432490e+00  2.420240e+00  
2.410800e+00  2.409730e+00  2.408830e+00  2.408700e+00  2.408610e+00  2.408580e+00  
1.176850e+01  1.117510e+01  1.060150e+01  1.006380e+01  9.564190e+00  8.669160e+00  
7.889590e+00  7.206590e+00  6.603500e+00  6.067310e+00  5.589650e+00  5.161040e+00  
4.771880e+00  4.412980e+00  4.075030e+00  3.753650e+00  3.452030e+00  3.169780e+00  
2.903530e+00  2.646480e+00  2.394230e+00  2.271940e+00  2.156210e+00  2.074010e+00  
2.010880e+00  1.997310e+00  1.986390e+00  1.985150e+00  1.984150e+00  1.983970e+00  
1.983920e+00  1.983900e+00  1.215330e+01  1.141790e+01  1.072050e+01  1.009030e+01  
9.520540e+00  8.516080e+00  7.661220e+00  6.928780e+00  6.298600e+00  5.746100e+00  
5.252940e+00  4.808870e+00  4.404070e+00  4.030050e+00  3.678410e+00  3.344670e+00  
3.030930e+00  2.740410e+00  2.467710e+00  2.202610e+00  1.938890e+00  1.809250e+00  
1.685290e+00  1.594920e+00  1.520890e+00  1.504290e+00  1.490980e+00  1.489440e+00  
1.488170e+00  1.487980e+00  1.487890e+00  1.487890e+00  1.246450e+01  1.161760e+01  
1.082780e+01  1.013750e+01  9.528490e+00  8.464190e+00  7.571280e+00  6.807790e+00  
6.154690e+00  5.586310e+00  5.080030e+00  4.623330e+00  4.205570e+00  3.818790e+00  
3.458000e+00  3.119910e+00  2.803400e+00  2.507780e+00  2.229530e+00  1.958980e+00  
1.691430e+00  1.559500e+00  1.432590e+00  1.337870e+00  1.254380e+00  1.235530e+00  
1.220410e+00  1.218330e+00  1.216910e+00  1.216770e+00  1.216550e+00  1.216570e+00  
1.274590e+01  1.181740e+01  1.096070e+01  1.022790e+01  9.590470e+00  8.476060e+00  
7.550800e+00  6.764390e+00  6.094450e+00  5.513700e+00  4.996590e+00  4.529400e+00  
4.102190e+00  3.707380e+00  3.339820e+00  2.995840e+00  2.673790e+00  2.372360e+00  
2.090030e+00  1.816960e+00  1.546240e+00  1.412040e+00  1.281510e+00  1.181990e+00  
1.091050e+00  1.069940e+00  1.053110e+00  1.050810e+00  1.049210e+00  1.049050e+00  
1.048810e+00  1.048780e+00  1.299660e+01  1.200560e+01  1.109850e+01  1.033510e+01  
9.677680e+00  8.524040e+00  7.572530e+00  6.769230e+00  6.085980e+00  5.494110e+00  
4.967160e+00  4.490850e+00  4.055300e+00  3.653210e+00  3.279350e+00  2.929870e+00  
2.602660e+00  2.295790e+00  2.008010e+00  1.732130e+00  1.458030e+00  1.321220e+00  
1.186640e+00  1.082210e+00  9.844800e-01  9.613500e-01  9.429100e-01  9.404100e-01  
9.386500e-01  9.384600e-01  9.382100e-01  9.381400e-01  1.341470e+01  1.235200e+01  
1.138610e+01  1.058430e+01  9.896910e+00  8.673290e+00  7.669700e+00  6.840140e+00  
6.142260e+00  5.539050e+00  4.999630e+00  4.510510e+00  4.063650e+00  3.651550e+00  
3.266280e+00  2.902920e+00  2.561160e+00  2.241880e+00  1.943980e+00  1.659810e+00  
1.375570e+00  1.232260e+00  1.088820e+00  9.746400e-01  8.641700e-01  8.368600e-01  
8.150300e-01  8.124200e-01  8.102200e-01  8.099500e-01  8.097100e-01  8.096190e-01  
1.375070e+01  1.263210e+01  1.162300e+01  1.079920e+01  1.009990e+01  8.847220e+00  
7.822940e+00  6.978340e+00  6.266960e+00  5.650100e+00  5.097390e+00  4.595930e+00  
4.137800e+00  3.715270e+00  3.320220e+00  2.947360e+00  2.595750e+00  2.265230e+00  
1.953700e+00  1.654740e+00  1.358220e+00  1.207550e+00  1.054560e+00  9.302000e-01  
8.061100e-01  7.747600e-01  7.496700e-01  7.466400e-01  7.441000e-01  7.437900e-01  
7.435100e-01  7.434600e-01  1.435720e+01  1.316120e+01  1.209560e+01  1.124880e+01  
1.054170e+01  9.262820e+00  8.226500e+00  7.361690e+00  6.627460e+00  5.986440e+00  
5.410610e+00  4.887510e+00  4.409080e+00  3.967160e+00  3.552970e+00  3.160360e+00  
2.787260e+00  2.431610e+00  2.089580e+00  1.753600e+00  1.418530e+00  1.246190e+00  
1.065590e+00  9.131700e-01  7.544500e-01  7.133100e-01  6.804100e-01  6.764000e-01  
6.730000e-01  6.725990e-01  6.722170e-01  6.722600e-01  1.476290e+01  1.352840e+01  
1.243780e+01  1.158800e+01  1.088760e+01  9.613110e+00  8.582580e+00  7.711060e+00  
6.964380e+00  6.308840e+00  5.719170e+00  5.183120e+00  4.692270e+00  4.238010e+00  
3.810880e+00  3.403980e+00  3.014550e+00  2.639470e+00  2.273400e+00  1.906430e+00  
1.529700e+00  1.333770e+00  1.122450e+00  9.394700e-01  7.465500e-01  6.962600e-01  
6.557100e-01  6.507600e-01  6.466700e-01  6.461600e-01  6.457000e-01  6.455800e-01  
1.526970e+01  1.399570e+01  1.288490e+01  1.204670e+01  1.137430e+01  1.014470e+01  
9.135070e+00  8.268090e+00  7.515090e+00  6.847500e+00  6.243610e+00  5.692490e+00  
5.186540e+00  4.717820e+00  4.277500e+00  3.857870e+00  3.453200e+00  3.055460e+00  
2.654290e+00  2.234570e+00  1.778860e+00  1.531510e+00  1.263200e+00  1.024500e+00  
7.620800e-01  6.915000e-01  6.365100e-01  6.303100e-01  6.254200e-01  6.246970e-01  
6.241910e-01  6.223750e-01  1.545830e+01  1.421540e+01  1.314350e+01  1.235590e+01  
1.173500e+01  1.057180e+01  9.578830e+00  8.703540e+00  7.929700e+00  7.241400e+00  
6.626950e+00  6.075030e+00  5.574540e+00  5.113270e+00  4.676730e+00  4.253580e+00  
3.838420e+00  3.423910e+00  2.997670e+00  2.536800e+00  2.015050e+00  1.723220e+00  
1.405120e+00  1.121190e+00  7.907400e-01  6.953400e-01  6.274800e-01  6.208400e-01  
6.150300e-01  6.139830e-01  6.135250e-01  6.099240e-01  1.565420e+01  1.438910e+01  
1.331070e+01  1.254200e+01  1.195110e+01  1.083050e+01  9.863390e+00  9.006400e+00  
8.245210e+00  7.565180e+00  6.955630e+00  6.406090e+00  5.906140e+00  5.444100e+00  
5.005720e+00  4.579500e+00  4.159230e+00  3.736050e+00  3.294690e+00  2.806190e+00  
2.235280e+00  1.906460e+00  1.538750e+00  1.209890e+00  8.207500e-01  7.063900e-01  
6.223600e-01  6.139000e-01  6.076200e-01  6.066320e-01  6.056520e-01  6.011350e-01  
1.578320e+01  1.450100e+01  1.342010e+01  1.267220e+01  1.211040e+01  1.102500e+01  
1.008280e+01  9.243930e+00  8.496330e+00  7.826240e+00  7.223830e+00  6.679260e+00  
6.182640e+00  5.722650e+00  5.285260e+00  4.858740e+00  4.436330e+00  4.007970e+00  
3.556030e+00  3.046540e+00  2.436180e+00  2.076520e+00  1.666530e+00  1.295300e+00  
8.520600e-01  7.197800e-01  6.192400e-01  6.087000e-01  6.018000e-01  6.008950e-01  
5.996090e-01  5.943600e-01  1.593260e+01  1.462820e+01  1.354880e+01  1.283980e+01  
1.232820e+01  1.129970e+01  1.040110e+01  9.595960e+00  8.874910e+00  8.225710e+00  
7.639810e+00  7.108340e+00  6.622130e+00  6.170370e+00  5.739250e+00  5.316810e+00  
4.895370e+00  4.463200e+00  3.999050e+00  3.461110e+00  2.792190e+00  2.384200e+00  
1.904580e+00  1.456890e+00  9.157600e-01  7.502000e-01  6.169900e-01  6.018900e-01  
5.931100e-01  5.923350e-01  5.902400e-01  5.847170e-01  1.600640e+01  1.469150e+01  
1.361790e+01  1.294040e+01  1.246770e+01  1.148450e+01  1.062200e+01  9.846080e+00  
9.148930e+00  8.519520e+00  7.950210e+00  7.432790e+00  6.958640e+00  6.517330e+00  
6.095140e+00  5.679840e+00  5.263290e+00  4.832530e+00  4.363780e+00  3.809370e+00  
3.100600e+00  2.656870e+00  2.122650e+00  1.608810e+00  9.792000e-01  7.830800e-01  
6.181800e-01  5.982400e-01  5.868400e-01  5.860940e-01  5.835570e-01  5.780640e-01  
1.606230e+01  1.474650e+01  1.369240e+01  1.306700e+01  1.265590e+01  1.175610e+01  
1.096030e+01  1.024030e+01  9.590590e+00  9.002180e+00  8.468790e+00  7.983340e+00  
7.538160e+00  7.123420e+00  6.725580e+00  6.332180e+00  5.934350e+00  5.517550e+00  
5.054160e+00  4.487080e+00  3.726120e+00  3.226670e+00  2.597980e+00  1.959990e+00  
1.133330e+00  8.689200e-01  6.290200e-01  5.966600e-01  5.766500e-01  5.756190e-01  
5.727840e-01  5.682370e-01  1.606180e+01  1.475130e+01  1.371320e+01  1.312010e+01  
1.274680e+01  1.190310e+01  1.115250e+01  1.047190e+01  9.856670e+00  9.299040e+00  
8.793540e+00  8.333920e+00  7.913090e+00  7.521670e+00  7.146380e+00  6.774690e+00  
6.397580e+00  5.999880e+00  5.552090e+00  4.991760e+00  4.214060e+00  3.685910e+00  
2.998810e+00  2.272070e+00  1.278670e+00  9.541500e-01  6.450500e-01  6.006500e-01  
5.707600e-01  5.690420e-01  5.662840e-01  5.626830e-01  1.603650e+01  1.473200e+01  
1.371300e+01  1.315970e+01  1.283300e+01  1.205860e+01  1.136550e+01  1.073640e+01  
1.016700e+01  9.651580e+00  9.185490e+00  8.763490e+00  8.379280e+00  8.024310e+00  
7.685720e+00  7.351340e+00  7.012460e+00  6.653870e+00  6.244800e+00  5.717420e+00  
4.948840e+00  4.400040e+00  3.650010e+00  2.805960e+00  1.544010e+00  1.116140e+00  
6.824300e-01  6.157400e-01  5.652500e-01  5.614230e-01  5.589070e-01  5.568240e-01  
1.600810e+01  1.471070e+01  1.370520e+01  1.317600e+01  1.287620e+01  1.214220e+01  
1.148360e+01  1.088570e+01  1.034510e+01  9.856650e+00  9.416520e+00  9.020020e+00  
8.661520e+00  8.333010e+00  8.022220e+00  7.717480e+00  7.410700e+00  7.087260e+00  
6.716480e+00  6.228360e+00  5.489850e+00  4.942020e+00  4.165080e+00  3.249870e+00  
1.788450e+00  1.266870e+00  7.219400e-01  6.348300e-01  5.638600e-01  5.574610e-01  
5.550230e-01  5.536350e-01  1.596090e+01  1.468220e+01  1.369670e+01  1.318930e+01  
1.291050e+01  1.220840e+01  1.157400e+01  1.099540e+01  1.047020e+01  9.994580e+00  
9.565840e+00  9.180770e+00  8.835490e+00  8.524580e+00  8.239380e+00  7.969900e+00  
7.704660e+00  7.420560e+00  7.080300e+00  6.617460e+00  5.901440e+00  5.362070e+00  
4.585300e+00  3.637260e+00  2.020900e+00  1.408320e+00  7.595500e-01  6.530600e-01  
5.644700e-01  5.571700e-01  5.532260e-01  5.516970e-01  1.592750e+01  1.466370e+01  
1.369250e+01  1.319810e+01  1.293090e+01  1.224820e+01  1.162990e+01  1.106560e+01  
1.055370e+01  1.009070e+01  9.674730e+00  9.302930e+00  8.971920e+00  8.676740e+00  
8.409440e+00  8.160690e+00  7.919330e+00  7.662400e+00  7.352640e+00  6.923710e+00  
6.241920e+00  5.715430e+00  4.939840e+00  3.967710e+00  2.235140e+00  1.540990e+00  
7.977900e-01  6.737200e-01  5.663700e-01  5.563680e-01  5.517200e-01  5.503690e-01  
1.587520e+01  1.463910e+01  1.369170e+01  1.321440e+01  1.296040e+01  1.230200e+01  
1.170410e+01  1.115860e+01  1.066430e+01  1.021880e+01  9.820710e+00  9.467830e+00  
9.157460e+00  8.885410e+00  8.644770e+00  8.427220e+00  8.222640e+00  8.008830e+00  
7.749720e+00  7.380770e+00  6.766280e+00  6.270490e+00  5.510630e+00  4.516430e+00  
2.618680e+00  1.791170e+00  8.716700e-01  7.149000e-01  5.721800e-01  5.566770e-01  
5.499950e-01  5.486910e-01  1.584230e+01  1.462740e+01  1.369700e+01  1.323010e+01  
1.298290e+01  1.233840e+01  1.175220e+01  1.121820e+01  1.073510e+01  1.030090e+01  
9.914610e+00  9.574570e+00  9.278380e+00  9.022480e+00  8.800600e+00  8.605330e+00  
8.427520e+00  8.246180e+00  8.026940e+00  7.707780e+00  7.154010e+00  6.689830e+00  
5.953930e+00  4.957390e+00  2.953290e+00  2.023220e+00  9.422000e-01  7.551900e-01  
5.794300e-01  5.584300e-01  5.490530e-01  5.476610e-01  1.578900e+01  1.461440e+01  
1.371450e+01  1.326200e+01  1.302120e+01  1.239310e+01  1.182200e+01  1.130320e+01  
1.083520e+01  1.041720e+01  1.004830e+01  9.727350e+00  9.452750e+00  9.221730e+00  
9.029180e+00  8.869190e+00  8.734770e+00  8.607870e+00  8.458530e+00  8.231490e+00  
7.799530e+00  7.406650e+00  6.739180e+00  5.773400e+00  3.639160e+00  2.532340e+00  
1.105990e+00  8.510500e-01  6.001000e-01  5.659830e-01  5.482100e-01  5.462650e-01  
1.571030e+01  1.458930e+01  1.372690e+01  1.328540e+01  1.304340e+01  1.242320e+01  
1.185920e+01  1.134800e+01  1.088810e+01  1.047860e+01  1.011920e+01  9.808850e+00  
9.546410e+00  9.329630e+00  9.154070e+00  9.014840e+00  8.906510e+00  8.813370e+00  
8.709100e+00  8.544500e+00  8.201730e+00  7.866770e+00  7.264690e+00  6.347740e+00  
4.177370e+00  2.960250e+00  1.255940e+00  9.408400e-01  6.220100e-01  5.757850e-01  
5.482940e-01  5.455930e-01  1.551400e+01  1.452200e+01  1.374570e+01  1.332100e+01  
1.306460e+01  1.244800e+01  1.188990e+01  1.138720e+01  1.093770e+01  1.054010e+01  
1.019360e+01  9.897080e+00  9.649010e+00  9.447010e+00  9.286110e+00  9.162910e+00  
9.078450e+00  9.030090e+00  9.000990e+00  8.928330e+00  8.686600e+00  8.421350e+00  
7.928650e+00  7.125770e+00  4.983130e+00  3.647160e+00  1.526270e+00  1.107520e+00  
6.663900e-01  5.972270e-01  5.494380e-01  5.449220e-01  1.529720e+01  1.443040e+01  
1.374030e+01  1.333870e+01  1.307560e+01  1.246800e+01  1.191500e+01  1.141580e+01  
1.096940e+01  1.057500e+01  1.023240e+01  9.940860e+00  9.699400e+00  9.506700e+00  
9.359710e+00  9.255730e+00  9.192700e+00  9.160430e+00  9.141590e+00  9.103290e+00  
8.956710e+00  8.764190e+00  8.355270e+00  7.633330e+00  5.573190e+00  4.185980e+00  
1.768140e+00  1.259380e+00  7.091300e-01  6.198960e-01  5.514530e-01  5.446780e-01  
1.515840e+01  1.437280e+01  1.373750e+01  1.334750e+01  1.307700e+01  1.247540e+01  
1.192810e+01  1.143300e+01  1.098950e+01  1.059730e+01  1.025690e+01  9.967900e+00  
9.729970e+00  9.542240e+00  9.402110e+00  9.307170e+00  9.255910e+00  9.238560e+00  
9.239430e+00  9.230550e+00  9.137210e+00  8.989870e+00  8.645380e+00  7.998110e+00  
6.031420e+00  4.625520e+00  1.988580e+00  1.400310e+00  7.499400e-01  6.427920e-01  
5.542600e-01  5.441890e-01  1.506160e+01  1.433370e+01  1.373730e+01  1.335580e+01  
1.308000e+01  1.248080e+01  1.193570e+01  1.144270e+01  1.100140e+01  1.061150e+01  
1.027340e+01  9.987010e+00  9.752050e+00  9.567870e+00  9.432150e+00  9.342780e+00  
9.298810e+00  9.291420e+00  9.306660e+00  9.320280e+00  9.266390e+00  9.151950e+00  
8.858500e+00  8.275080e+00  6.399860e+00  4.994180e+00  2.199110e+00  1.532730e+00  
7.898300e-01  6.650240e-01  5.575560e-01  5.439450e-01  1.493920e+01  1.428430e+01  
1.373720e+01  1.336650e+01  1.308380e+01  1.248770e+01  1.194540e+01  1.145520e+01  
1.101680e+01  1.062990e+01  1.029490e+01  1.001190e+01  9.780790e+00  9.601160e+00  
9.471150e+00  9.388910e+00  9.354340e+00  9.359980e+00  9.394320e+00  9.438210e+00  
9.438550e+00  9.370760e+00  9.152370e+00  8.669120e+00  6.962840e+00  5.584760e+00  
2.593230e+00  1.776390e+00  8.660300e-01  7.082520e-01  5.653080e-01  5.441890e-01  
1.486150e+01  1.425440e+01  1.373960e+01  1.337580e+01  1.308840e+01  1.249250e+01  
1.195010e+01  1.146070e+01  1.102410e+01  1.063970e+01  1.030760e+01  1.002770e+01  
9.799890e+00  9.623500e+00  9.496730e+00  9.417940e+00  9.387860e+00  9.400750e+00  
9.447670e+00  9.513410e+00  9.549260e+00  9.509930e+00  9.346210e+00  8.940940e+00  
7.370450e+00  6.050190e+00  2.937780e+00  1.994140e+00  9.381510e-01  7.491910e-01  
5.744630e-01  5.437010e-01  1.474510e+01  1.420790e+01  1.374010e+01  1.338620e+01  
1.309180e+01  1.249840e+01  1.195820e+01  1.147120e+01  1.103670e+01  1.065470e+01  
1.032540e+01  1.004860e+01  9.824240e+00  9.651800e+00  9.529670e+00  9.456910e+00  
9.434840e+00  9.459000e+00  9.522510e+00  9.615740e+00  9.703280e+00  9.710670e+00  
9.629380e+00  9.350100e+00  8.061670e+00  6.864930e+00  3.644330e+00  2.485080e+00  
1.103480e+00  8.465580e-01  5.970460e-01  5.434570e-01  1.467900e+01  1.418180e+01  
1.374090e+01  1.339260e+01  1.309400e+01  1.250150e+01  1.196220e+01  1.147630e+01  
1.104300e+01  1.066220e+01  1.033430e+01  1.005910e+01  9.836590e+00  9.666290e+00  
9.546620e+00  9.477030e+00  9.459130e+00  9.489210e+00  9.561440e+00  9.669100e+00  
9.784230e+00  9.817390e+00  9.783540e+00  9.582230e+00  8.495730e+00  7.408730e+00  
4.195140e+00  2.921150e+00  1.254030e+00  9.372860e-01  6.203000e-01  5.434570e-01  
1.460830e+01  1.415390e+01  1.374170e+01  1.339930e+01  1.309630e+01  1.250470e+01  
1.196620e+01  1.148110e+01  1.104890e+01  1.066950e+01  1.034300e+01  1.006950e+01  
9.848830e+00  9.680770e+00  9.563740e+00  9.497490e+00  9.484000e+00  9.520100e+00  
9.601350e+00  9.723800e+00  9.867580e+00  9.928170e+00  9.946360e+00  9.836510e+00  
9.020090e+00  8.104780e+00  5.019830e+00  3.619660e+00  1.524010e+00  1.104130e+00  
6.662900e-01  5.438230e-01  1.457130e+01  1.413900e+01  1.374160e+01  1.340230e+01  
1.309700e+01  1.250600e+01  1.196810e+01  1.148350e+01  1.105200e+01  1.067320e+01  
1.034740e+01  1.007460e+01  9.854880e+00  9.687910e+00  9.572280e+00  9.507760e+00  
9.496590e+00  9.535780e+00  9.621700e+00  9.751780e+00  9.910510e+00  9.985600e+00  
1.003140e+01  9.972770e+00  9.328390e+00  8.538310e+00  5.620630e+00  4.168610e+00  
1.764390e+00  1.256710e+00  7.100220e-01  5.429690e-01  1.454820e+01  1.412960e+01  
1.374130e+01  1.340380e+01  1.309700e+01  1.250650e+01  1.196920e+01  1.148520e+01  
1.105400e+01  1.067560e+01  1.035020e+01  1.007790e+01  9.858620e+00  9.692260e+00  
9.577430e+00  9.514000e+00  9.504290e+00  9.545410e+00  9.634260e+00  9.769070e+00  
9.937170e+00  1.002130e+01  1.008400e+01  1.005780e+01  9.532370e+00  8.836100e+00  
6.080980e+00  4.613320e+00  2.009780e+00  1.399290e+00  7.521970e-01  5.429690e-01  
1.453200e+01  1.412290e+01  1.374100e+01  1.340470e+01  1.309690e+01  1.250680e+01  
1.196980e+01  1.148620e+01  1.105540e+01  1.067720e+01  1.035200e+01  1.008000e+01  
9.861130e+00  9.695160e+00  9.580880e+00  9.518160e+00  9.509460e+00  9.551920e+00  
9.642730e+00  9.780760e+00  9.955280e+00  1.004570e+01  1.011980e+01  1.011570e+01  
9.677680e+00  9.055380e+00  6.450740e+00  4.988030e+00  2.251270e+00  1.533120e+00  
7.910160e-01  5.410160e-01  1.451010e+01  1.411420e+01  1.374110e+01  1.340670e+01  
1.309760e+01  1.250760e+01  1.197100e+01  1.148750e+01  1.105690e+01  1.067910e+01  
1.035430e+01  1.008270e+01  9.864300e+00  9.698880e+00  9.585230e+00  9.523390e+00  
9.515850e+00  9.559970e+00  9.653250e+00  9.795310e+00  9.977870e+00  1.007620e+01  
1.016490e+01  1.018990e+01  9.873010e+00  9.359580e+00  7.014950e+00  5.590490e+00  
2.671000e+00  1.831050e+00  8.671880e-01  5.439450e-01  1.449620e+01  1.410910e+01  
1.374220e+01  1.340930e+01  1.309940e+01  1.250910e+01  1.197180e+01  1.148800e+01  
1.105750e+01  1.068000e+01  1.035550e+01  1.008420e+01  9.866200e+00  9.701150e+00  
9.587920e+00  9.526520e+00  9.519580e+00  9.564590e+00  9.659290e+00  9.803720e+00  
9.990960e+00  1.009410e+01  1.019220e+01  1.023590e+01  1.000000e+01  9.564130e+00  
7.431350e+00  6.059600e+00  3.026420e+00  2.088070e+00  9.382320e-01  5.410160e-01  