1.394980e+00  1.419450e+00  1.443940e+00  1.468460e+00  1.493050e+00  1.542450e+00  
1.591890e+00  1.641100e+00  1.689780e+00  1.737590e+00  1.784190e+00  1.829330e+00  
1.872800e+00  1.914670e+00  1.955620e+00  1.996100e+00  2.035660e+00  2.073650e+00  
2.109600e+00  2.144170e+00  2.178090e+00  2.194930e+00  2.213000e+00  2.229650e+00  
2.252490e+00  2.259930e+00  2.264750e+00  2.265040e+00  2.265360e+00  2.265430e+00  
2.265230e+00  2.265910e+00  1.829600e+00  1.857940e+00  1.886170e+00  1.914230e+00  
1.942190e+00  1.997960e+00  2.053180e+00  2.107510e+00  2.160550e+00  2.211920e+00  
2.261250e+00  2.308290e+00  2.352930e+00  2.395420e+00  2.436840e+00  2.478080e+00  
2.518900e+00  2.559020e+00  2.598520e+00  2.639080e+00  2.681900e+00  2.702930e+00  
2.721410e+00  2.733870e+00  2.750800e+00  2.757040e+00  2.762090e+00  2.762660e+00  
2.761620e+00  2.760590e+00  2.761400e+00  2.765080e+00  2.200280e+00  2.233370e+00  
2.266020e+00  2.297920e+00  2.329180e+00  2.390200e+00  2.448680e+00  2.504320e+00  
2.556920e+00  2.606520e+00  2.653390e+00  2.697590e+00  2.739360e+00  2.779400e+00  
2.819570e+00  2.861350e+00  2.904160e+00  2.946350e+00  2.986630e+00  3.026790e+00  
3.067760e+00  3.087350e+00  3.105870e+00  3.119640e+00  3.134620e+00  3.138850e+00  
3.143280e+00  3.143780e+00  3.143020e+00  3.142520e+00  3.142670e+00  3.145940e+00  
2.810940e+00  2.852730e+00  2.893280e+00  2.931650e+00  2.968030e+00  3.035850e+00  
3.096400e+00  3.149720e+00  3.196500e+00  3.238390e+00  3.277730e+00  3.315100e+00  
3.350730e+00  3.384980e+00  3.418950e+00  3.453580e+00  3.488640e+00  3.523560e+00  
3.558120e+00  3.593790e+00  3.631840e+00  3.650990e+00  3.668600e+00  3.680870e+00  
3.693850e+00  3.697190e+00  3.699310e+00  3.699470e+00  3.700010e+00  3.700290e+00  
3.700160e+00  3.699520e+00  3.302610e+00  3.353920e+00  3.402450e+00  3.446070e+00  
3.485280e+00  3.553560e+00  3.609610e+00  3.656590e+00  3.696030e+00  3.730080e+00  
3.761640e+00  3.791300e+00  3.819110e+00  3.845110e+00  3.869830e+00  3.893970e+00  
3.918060e+00  3.943410e+00  3.971110e+00  4.000360e+00  4.030750e+00  4.046770e+00  
4.062800e+00  4.074810e+00  4.085580e+00  4.088710e+00  4.088880e+00  4.088500e+00  
4.090360e+00  4.091590e+00  4.090730e+00  4.086850e+00  3.717100e+00  3.770100e+00  
3.820510e+00  3.866310e+00  3.907850e+00  3.980280e+00  4.037570e+00  4.080400e+00  
4.110890e+00  4.133080e+00  4.152420e+00  4.170240e+00  4.186950e+00  4.202920e+00  
4.218980e+00  4.235860e+00  4.253300e+00  4.270600e+00  4.287500e+00  4.306110e+00  
4.329090e+00  4.342390e+00  4.356150e+00  4.366640e+00  4.375750e+00  4.378540e+00  
4.377370e+00  4.376530e+00  4.379090e+00  4.381350e+00  4.379940e+00  4.374150e+00  
4.071060e+00  4.127450e+00  4.180660e+00  4.228230e+00  4.270590e+00  4.342330e+00  
4.395740e+00  4.431840e+00  4.453370e+00  4.465380e+00  4.474510e+00  4.482410e+00  
4.489530e+00  4.496300e+00  4.503360e+00  4.511370e+00  4.520040e+00  4.528510e+00  
4.536490e+00  4.546300e+00  4.561130e+00  4.570950e+00  4.581940e+00  4.590810e+00  
4.597930e+00  4.600300e+00  4.598350e+00  4.597300e+00  4.600170e+00  4.602790e+00  
4.601040e+00  4.594240e+00  4.652100e+00  4.711910e+00  4.767570e+00  4.815870e+00  
4.857440e+00  4.923980e+00  4.967290e+00  4.988990e+00  4.992830e+00  4.985470e+00  
4.975350e+00  4.964680e+00  4.953860e+00  4.943460e+00  4.933870e+00  4.925550e+00  
4.918140e+00  4.910480e+00  4.902120e+00  4.895840e+00  4.895680e+00  4.898650e+00  
4.903130e+00  4.907260e+00  4.910080e+00  4.911350e+00  4.909050e+00  4.908060e+00  
4.910480e+00  4.912740e+00  4.911190e+00  4.905520e+00  5.115920e+00  5.175960e+00  
5.231100e+00  5.277570e+00  5.316150e+00  5.374130e+00  5.405450e+00  5.412270e+00  
5.399130e+00  5.373880e+00  5.346280e+00  5.318810e+00  5.291990e+00  5.266370e+00  
5.242160e+00  5.219650e+00  5.198350e+00  5.176810e+00  5.154350e+00  5.134250e+00  
5.121120e+00  5.117790e+00  5.115390e+00  5.113810e+00  5.112260e+00  5.112250e+00  
5.110470e+00  5.109890e+00  5.111100e+00  5.112270e+00  5.111480e+00  5.108280e+00  
5.975500e+00  6.028540e+00  6.075330e+00  6.111110e+00  6.137090e+00  6.166090e+00  
6.163580e+00  6.132890e+00  6.080090e+00  6.015020e+00  5.949570e+00  5.886570e+00  
5.826830e+00  5.770530e+00  5.717560e+00  5.667550e+00  5.619690e+00  5.571650e+00  
5.522190e+00  5.475490e+00  5.436870e+00  5.420360e+00  5.402320e+00  5.386960e+00  
5.375870e+00  5.372880e+00  5.373100e+00  5.373720e+00  5.371490e+00  5.369550e+00  
5.370790e+00  5.375920e+00  6.573030e+00  6.635780e+00  6.685590e+00  6.712790e+00  
6.720710e+00  6.697850e+00  6.637290e+00  6.560970e+00  6.475650e+00  6.386580e+00  
6.299660e+00  6.215470e+00  6.133130e+00  6.052000e+00  5.974000e+00  5.900180e+00  
5.830180e+00  5.762270e+00  5.695990e+00  5.635960e+00  5.580320e+00  5.549050e+00  
5.517290e+00  5.493970e+00  5.475200e+00  5.469170e+00  5.471110e+00  5.472580e+00  
5.467410e+00  5.463850e+00  5.466130e+00  5.477290e+00  7.448190e+00  7.458420e+00  
7.460420e+00  7.448060e+00  7.423730e+00  7.350240e+00  7.243560e+00  7.109610e+00  
6.957440e+00  6.800050e+00  6.651540e+00  6.515860e+00  6.393030e+00  6.281600e+00  
6.179950e+00  6.085070e+00  5.995130e+00  5.905590e+00  5.813370e+00  5.723160e+00  
5.640050e+00  5.599210e+00  5.552200e+00  5.511550e+00  5.482930e+00  5.474590e+00  
5.476600e+00  5.478820e+00  5.471620e+00  5.465190e+00  5.469420e+00  5.486080e+00  
8.046080e+00  8.024380e+00  7.994020e+00  7.948670e+00  7.891330e+00  7.753840e+00  
7.586250e+00  7.395550e+00  7.191750e+00  6.988620e+00  6.800640e+00  6.631570e+00  
6.480990e+00  6.346200e+00  6.224160e+00  6.110780e+00  6.003650e+00  5.897710e+00  
5.789230e+00  5.682400e+00  5.581860e+00  5.532180e+00  5.476700e+00  5.429620e+00  
5.393800e+00  5.383790e+00  5.383320e+00  5.385000e+00  5.378490e+00  5.372830e+00  
5.376340e+00  5.390620e+00  8.501100e+00  8.448220e+00  8.386680e+00  8.310230e+00  
8.222370e+00  8.027060e+00  7.806050e+00  7.567090e+00  7.320490e+00  7.080020e+00  
6.860350e+00  6.664640e+00  6.491930e+00  6.338420e+00  6.199700e+00  6.070980e+00  
5.949540e+00  5.830280e+00  5.709310e+00  5.590080e+00  5.476800e+00  5.421480e+00  
5.362480e+00  5.313670e+00  5.272330e+00  5.261440e+00  5.256890e+00  5.257320e+00  
5.253240e+00  5.249990e+00  5.252110e+00  5.260250e+00  8.846690e+00  8.790580e+00  
8.719090e+00  8.621150e+00  8.502900e+00  8.234900e+00  7.940960e+00  7.647150e+00  
7.364540e+00  7.103180e+00  6.873250e+00  6.671170e+00  6.486170e+00  6.310460e+00  
6.146960e+00  5.997840e+00  5.860770e+00  5.731010e+00  5.603930e+00  5.478200e+00  
5.353840e+00  5.293040e+00  5.232980e+00  5.186250e+00  5.140030e+00  5.128580e+00  
5.119550e+00  5.118400e+00  5.117450e+00  5.117270e+00  5.117230e+00  5.117350e+00  
9.368140e+00  9.289940e+00  9.188760e+00  9.048180e+00  8.878090e+00  8.498310e+00  
8.102090e+00  7.736270e+00  7.406370e+00  7.109710e+00  6.843990e+00  6.605380e+00  
6.386010e+00  6.180490e+00  5.990320e+00  5.817610e+00  5.659750e+00  5.512330e+00  
5.369920e+00  5.225840e+00  5.083860e+00  5.021290e+00  4.961810e+00  4.914680e+00  
4.861930e+00  4.850660e+00  4.834520e+00  4.831100e+00  4.835250e+00  4.838870e+00  
4.836000e+00  4.824460e+00  9.925140e+00  9.689600e+00  9.454750e+00  9.221800e+00  
8.994090e+00  8.562870e+00  8.159050e+00  7.781390e+00  7.428930e+00  7.100730e+00  
6.796450e+00  6.516920e+00  6.260500e+00  6.025030e+00  5.808730e+00  5.611730e+00  
5.433770e+00  5.274330e+00  5.129950e+00  4.985700e+00  4.828490e+00  4.749770e+00  
4.682270e+00  4.639610e+00  4.588600e+00  4.570950e+00  4.552720e+00  4.550360e+00  
4.555570e+00  4.560060e+00  4.556760e+00  4.539790e+00  1.054470e+01  1.022080e+01  
9.901150e+00  9.589640e+00  9.289250e+00  8.727190e+00  8.210720e+00  7.736210e+00  
7.300610e+00  6.902490e+00  6.540590e+00  6.212660e+00  5.915290e+00  5.644130e+00  
5.394290e+00  5.163240e+00  4.951950e+00  4.758770e+00  4.580940e+00  4.407250e+00  
4.229140e+00  4.142600e+00  4.065790e+00  4.013620e+00  3.954450e+00  3.937050e+00  
3.923040e+00  3.921460e+00  3.922260e+00  3.923590e+00  3.922520e+00  3.917110e+00  
1.089690e+01  1.050840e+01  1.012760e+01  9.761050e+00  9.410780e+00  8.759760e+00  
8.167450e+00  7.628890e+00  7.139630e+00  6.696490e+00  6.297580e+00  5.938560e+00  
5.614290e+00  5.319090e+00  5.046150e+00  4.791250e+00  4.555480e+00  4.337810e+00  
4.135600e+00  3.941060e+00  3.748950e+00  3.656650e+00  3.570960e+00  3.508550e+00  
3.443180e+00  3.428020e+00  3.420170e+00  3.419600e+00  3.414620e+00  3.411700e+00  
3.413390e+00  3.422850e+00  1.133790e+01  1.083770e+01  1.035460e+01  9.902070e+00  
9.479020e+00  8.706230e+00  8.019900e+00  7.409690e+00  6.867230e+00  6.382240e+00  
5.946280e+00  5.553030e+00  5.195870e+00  4.867840e+00  4.560570e+00  4.268970e+00  
3.994610e+00  3.740570e+00  3.506460e+00  3.288940e+00  3.086720e+00  2.991580e+00  
2.897810e+00  2.825410e+00  2.759110e+00  2.742220e+00  2.732130e+00  2.731690e+00  
2.727920e+00  2.725380e+00  2.726810e+00  2.733150e+00  1.162090e+01  1.104550e+01  
1.049470e+01  9.987500e+00  9.518930e+00  8.668280e+00  7.922100e+00  7.265250e+00  
6.687160e+00  6.173960e+00  5.712960e+00  5.296660e+00  4.918440e+00  4.571210e+00  
4.246710e+00  3.939500e+00  3.649880e+00  3.379180e+00  3.127690e+00  2.892640e+00  
2.675280e+00  2.574760e+00  2.479610e+00  2.408380e+00  2.338760e+00  2.321980e+00  
2.307370e+00  2.305340e+00  2.305020e+00  2.305830e+00  2.305010e+00  2.302460e+00  
1.182610e+01  1.119820e+01  1.060110e+01  1.005790e+01  9.559890e+00  8.657170e+00  
7.871220e+00  7.183410e+00  6.580670e+00  6.047230e+00  5.568140e+00  5.135030e+00  
4.741300e+00  4.379990e+00  4.042980e+00  3.724830e+00  3.425170e+00  3.144310e+00  
2.882780e+00  2.637800e+00  2.409950e+00  2.304140e+00  2.204620e+00  2.130830e+00  
2.059360e+00  2.042480e+00  2.027470e+00  2.025290e+00  2.025220e+00  2.026310e+00  
2.025250e+00  2.021970e+00  1.198940e+01  1.132250e+01  1.069170e+01  1.012320e+01  
9.605250e+00  8.666010e+00  7.852300e+00  7.143590e+00  6.523720e+00  5.975450e+00  
5.482740e+00  5.036780e+00  4.630990e+00  4.258560e+00  3.911630e+00  3.584840e+00  
3.277510e+00  2.989540e+00  2.721060e+00  2.469440e+00  2.233260e+00  2.122450e+00  
2.017740e+00  1.940110e+00  1.866920e+00  1.849670e+00  1.835410e+00  1.833540e+00  
1.832670e+00  1.833040e+00  1.832590e+00  1.830930e+00  1.224620e+01  1.152530e+01  
1.084870e+01  1.024830e+01  9.706120e+00  8.721860e+00  7.874410e+00  7.141440e+00  
6.501460e+00  5.934720e+00  5.423960e+00  4.960350e+00  4.537470e+00  4.148760e+00  
3.786800e+00  3.446510e+00  3.127000e+00  2.827820e+00  2.548120e+00  2.284760e+00  
2.033580e+00  1.913660e+00  1.799470e+00  1.714550e+00  1.636270e+00  1.617630e+00  
1.603600e+00  1.602050e+00  1.600130e+00  1.599560e+00  1.599660e+00  1.600450e+00  
1.244440e+01  1.168930e+01  1.098460e+01  1.036610e+01  9.811540e+00  8.804090e+00  
7.940360e+00  7.195690e+00  6.545850e+00  5.969330e+00  5.448120e+00  4.973570e+00  
4.539510e+00  4.139540e+00  3.766500e+00  3.415450e+00  3.085530e+00  2.776250e+00  
2.486000e+00  2.210020e+00  1.943870e+00  1.815160e+00  1.692080e+00  1.599960e+00  
1.514380e+00  1.493770e+00  1.478110e+00  1.476370e+00  1.474350e+00  1.473790e+00  
1.473850e+00  1.474790e+00  1.276200e+01  1.197120e+01  1.123930e+01  1.060760e+01  
1.004660e+01  9.024050e+00  8.152090e+00  7.397150e+00  6.736400e+00  6.148250e+00  
5.615060e+00  5.128070e+00  4.680820e+00  4.266380e+00  3.876770e+00  3.506760e+00  
3.155940e+00  2.824510e+00  2.510030e+00  2.203620e+00  1.899390e+00  1.747830e+00  
1.598330e+00  1.482210e+00  1.373130e+00  1.346450e+00  1.324890e+00  1.322340e+00  
1.320390e+00  1.320210e+00  1.319930e+00  1.319950e+00  1.292860e+01  1.213560e+01  
1.140550e+01  1.078180e+01  1.023050e+01  9.219660e+00  8.355450e+00  7.600630e+00  
6.936310e+00  6.343650e+00  5.807210e+00  5.317890e+00  4.868160e+00  4.449720e+00  
4.052750e+00  3.671040e+00  3.304940e+00  2.955830e+00  2.621120e+00  2.288600e+00  
1.947630e+00  1.772570e+00  1.592170e+00  1.446000e+00  1.309890e+00  1.277130e+00  
1.250810e+00  1.247610e+00  1.244800e+00  1.244410e+00  1.244170e+00  1.244580e+00  
1.309030e+01  1.230610e+01  1.159080e+01  1.099190e+01  1.046940e+01  9.506750e+00  
8.675360e+00  7.941540e+00  7.289150e+00  6.701850e+00  6.166020e+00  5.673880e+00  
5.219130e+00  4.794770e+00  4.392320e+00  4.005110e+00  3.629800e+00  3.261700e+00  
2.893800e+00  2.513930e+00  2.107180e+00  1.888140e+00  1.652610e+00  1.449260e+00  
1.246930e+00  1.203360e+00  1.176000e+00  1.172280e+00  1.165080e+00  1.163390e+00  
1.163940e+00  1.168090e+00  1.309250e+01  1.235160e+01  1.168010e+01  1.112480e+01  
1.064250e+01  9.737320e+00  8.934350e+00  8.211570e+00  7.560070e+00  6.970960e+00  
6.436830e+00  5.950190e+00  5.503150e+00  5.086600e+00  4.689160e+00  4.302000e+00  
3.921320e+00  3.541810e+00  3.154080e+00  2.739960e+00  2.277170e+00  2.019680e+00  
1.738300e+00  1.490210e+00  1.223090e+00  1.159380e+00  1.135000e+00  1.133010e+00  
1.121070e+00  1.117590e+00  1.119780e+00  1.126340e+00  1.311740e+01  1.238570e+01  
1.172840e+01  1.119530e+01  1.073780e+01  9.872540e+00  9.099180e+00  8.399420e+00  
7.765610e+00  7.189820e+00  6.665460e+00  6.185710e+00  5.743340e+00  5.329820e+00  
4.934300e+00  4.547910e+00  4.166130e+00  3.782210e+00  3.384070e+00  2.947800e+00  
2.443030e+00  2.153450e+00  1.828760e+00  1.537900e+00  1.214930e+00  1.135010e+00  
1.108340e+00  1.106830e+00  1.091990e+00  1.087520e+00  1.090640e+00  1.097170e+00  
1.312570e+01  1.240110e+01  1.175560e+01  1.124190e+01  1.080590e+01  9.972770e+00  
9.224680e+00  8.545070e+00  7.927340e+00  7.364280e+00  6.849880e+00  6.377900e+00  
5.941620e+00  5.532940e+00  5.141410e+00  4.758180e+00  4.378100e+00  3.993270e+00  
3.589200e+00  3.136990e+00  2.598730e+00  2.282250e+00  1.920280e+00  1.590590e+00  
1.216360e+00  1.120860e+00  1.089280e+00  1.087840e+00  1.071070e+00  1.065990e+00  
1.069850e+00  1.075070e+00  1.310740e+01  1.239690e+01  1.177330e+01  1.129340e+01  
1.089370e+01  1.011330e+01  9.407830e+00  8.762600e+00  8.172670e+00  7.631950e+00  
7.135540e+00  6.678220e+00  6.254200e+00  5.856430e+00  5.475530e+00  5.102960e+00  
4.732360e+00  4.353370e+00  3.946440e+00  3.471510e+00  2.875980e+00  2.512740e+00  
2.087930e+00  1.695680e+00  1.248870e+00  1.124930e+00  1.051580e+00  1.050490e+00  
1.050030e+00  1.045870e+00  1.033020e+00  1.043210e+00  1.309170e+01  1.239040e+01  
1.178140e+01  1.132490e+01  1.095050e+01  1.020680e+01  9.532260e+00  8.913220e+00  
8.345550e+00  7.823900e+00  7.344010e+00  6.901220e+00  6.490320e+00  6.104800e+00  
5.735850e+00  5.375030e+00  5.015360e+00  4.645080e+00  4.241400e+00  3.756780e+00  
3.126200e+00  2.729630e+00  2.254410e+00  1.804830e+00  1.281500e+00  1.131500e+00  
1.035800e+00  1.032460e+00  1.031740e+00  1.027500e+00  1.013310e+00  1.022950e+00  
1.312920e+01  1.242880e+01  1.182910e+01  1.139500e+01  1.104780e+01  1.034600e+01  
9.710330e+00  9.128750e+00  8.597530e+00  8.111700e+00  7.667150e+00  7.259230e+00  
6.882520e+00  6.529880e+00  6.191160e+00  5.856990e+00  5.520840e+00  5.171660e+00  
4.787580e+00  4.321130e+00  3.683240e+00  3.242960e+00  2.658080e+00  2.063720e+00  
1.357010e+00  1.158000e+00  1.032960e+00  1.018280e+00  9.961700e-01  9.922920e-01  
9.912740e-01  9.916990e-01  1.309940e+01  1.241030e+01  1.182550e+01  1.141210e+01  
1.108710e+01  1.042240e+01  9.818780e+00  9.266410e+00  8.762020e+00  8.301290e+00  
7.880630e+00  7.495910e+00  7.142200e+00  6.812830e+00  6.498040e+00  6.188580e+00  
5.877680e+00  5.553400e+00  5.191180e+00  4.736340e+00  4.086650e+00  3.624250e+00  
2.995430e+00  2.329120e+00  1.468710e+00  1.210230e+00  1.026350e+00  1.004470e+00  
9.811300e-01  9.773660e-01  9.759220e-01  9.750440e-01  1.302090e+01  1.235200e+01  
1.179150e+01  1.140880e+01  1.111590e+01  1.050410e+01  9.945930e+00  9.434110e+00  
8.966180e+00  8.538970e+00  8.149740e+00  7.795450e+00  7.472370e+00  7.175270e+00  
6.896150e+00  6.626950e+00  6.360690e+00  6.083840e+00  5.766680e+00  5.339500e+00  
4.679720e+00  4.192590e+00  3.518560e+00  2.772070e+00  1.704880e+00  1.349660e+00  
1.030210e+00  9.895500e-01  9.652600e-01  9.618990e-01  9.515990e-01  9.573970e-01  
1.301590e+01  1.235050e+01  1.179610e+01  1.142380e+01  1.114280e+01  1.055110e+01  
1.001240e+01  9.520200e+00  9.072290e+00  8.665740e+00  8.298080e+00  7.966470e+00  
7.667360e+00  7.395580e+00  7.143010e+00  6.901670e+00  6.665420e+00  6.421820e+00  
6.142410e+00  5.757840e+00  5.137410e+00  4.657540e+00  3.962580e+00  3.150750e+00  
1.905070e+00  1.469090e+00  1.053160e+00  9.938500e-01  9.534400e-01  9.498370e-01  
9.436650e-01  9.479980e-01  1.300080e+01  1.234590e+01  1.180220e+01  1.144070e+01  
1.116990e+01  1.059380e+01  1.006690e+01  9.584640e+00  9.145680e+00  8.748500e+00  
8.392030e+00  8.073980e+00  7.791250e+00  7.539200e+00  7.310300e+00  7.096130e+00  
6.887530e+00  6.665560e+00  6.400520e+00  6.041180e+00  5.475600e+00  5.032350e+00  
4.364810e+00  3.523280e+00  2.091550e+00  1.572320e+00  1.067040e+00  9.960400e-01  
9.523500e-01  9.495770e-01  9.427800e-01  9.423220e-01  1.299190e+01  1.234270e+01  
1.180490e+01  1.144910e+01  1.118370e+01  1.061780e+01  1.010070e+01  9.628200e+00  
9.198940e+00  8.811400e+00  8.464470e+00  8.156300e+00  7.884410e+00  7.645030e+00  
7.431910e+00  7.237540e+00  7.052860e+00  6.858070e+00  6.621840e+00  6.289910e+00  
5.748280e+00  5.317640e+00  4.664560e+00  3.821410e+00  2.285550e+00  1.680910e+00  
1.086660e+00  1.004730e+00  9.512600e-01  9.447380e-01  9.408110e-01  9.383540e-01  
1.299620e+01  1.235180e+01  1.181810e+01  1.146570e+01  1.120360e+01  1.064610e+01  
1.013960e+01  9.680250e+00  9.265830e+00  8.894370e+00  8.564130e+00  8.273170e+00  
8.018980e+00  7.797650e+00  7.602470e+00  7.427170e+00  7.267830e+00  7.114610e+00  
6.940680e+00  6.672780e+00  6.178300e+00  5.770250e+00  5.147790e+00  4.305000e+00  
2.615560e+00  1.899360e+00  1.135490e+00  1.023960e+00  9.491300e-01  9.424010e-01  
9.353000e-01  9.334490e-01  1.296830e+01  1.233760e+01  1.181590e+01  1.147230e+01  
1.121720e+01  1.067220e+01  1.017600e+01  9.725250e+00  9.318280e+00  8.953500e+00  
8.629780e+00  8.345950e+00  8.100670e+00  7.891750e+00  7.714980e+00  7.565040e+00  
7.434440e+00  7.304700e+00  7.146740e+00  6.911130e+00  6.484450e+00  6.115620e+00  
5.522190e+00  4.688060e+00  2.917830e+00  2.091170e+00  1.185100e+00  1.051490e+00  
9.502000e-01  9.407650e-01  9.296260e-01  9.304200e-01  1.294620e+01  1.233470e+01  
1.182830e+01  1.149360e+01  1.124410e+01  1.071090e+01  1.022480e+01  9.783660e+00  
9.386300e+00  9.032240e+00  8.721090e+00  8.451990e+00  8.223820e+00  8.034600e+00  
7.880160e+00  7.756150e+00  7.657910e+00  7.571770e+00  7.473940e+00  7.317840e+00  
6.998230e+00  6.695900e+00  6.168230e+00  5.376780e+00  3.527510e+00  2.543120e+00  
1.307750e+00  1.111450e+00  9.574000e-01  9.420780e-01  9.280240e-01  9.262700e-01  
1.293610e+01  1.234010e+01  1.184360e+01  1.151020e+01  1.125840e+01  1.072670e+01  
1.024440e+01  9.808940e+00  9.418930e+00  9.073300e+00  8.771000e+00  8.511010e+00  
8.292100e+00  8.112060e+00  7.966360e+00  7.851730e+00  7.768530e+00  7.713350e+00  
7.668960e+00  7.574880e+00  7.315440e+00  7.054150e+00  6.594970e+00  5.864830e+00  
3.989920e+00  2.923660e+00  1.429620e+00  1.178090e+00  9.673710e-01  9.450570e-01  
9.257510e-01  9.243770e-01  1.285590e+01  1.231110e+01  1.185000e+01  1.152600e+01  
1.127180e+01  1.074620e+01  1.026970e+01  9.840170e+00  9.456350e+00  9.117270e+00  
8.822130e+00  8.570190e+00  8.360570e+00  8.191540e+00  8.059250e+00  7.961320e+00  
7.899830e+00  7.874140e+00  7.872060e+00  7.842110e+00  7.683540e+00  7.493420e+00  
7.125570e+00  6.495790e+00  4.701420e+00  3.528450e+00  1.657570e+00  1.311240e+00  
9.911300e-01  9.528810e-01  9.247130e-01  9.223020e-01  1.276450e+01  1.226880e+01  
1.184240e+01  1.152990e+01  1.127610e+01  1.075870e+01  1.028770e+01  9.861530e+00  
9.479770e+00  9.142210e+00  8.849020e+00  8.599980e+00  8.394810e+00  8.232630e+00  
8.110950e+00  8.027550e+00  7.981770e+00  7.966410e+00  7.968490e+00  7.961440e+00  
7.878790e+00  7.751360e+00  7.459370e+00  6.920520e+00  5.226520e+00  3.973070e+00  
1.868590e+00  1.446740e+00  1.017920e+00  9.574050e-01  9.269100e-01  9.212040e-01  
1.271340e+01  1.224970e+01  1.184520e+01  1.153770e+01  1.128120e+01  1.076470e+01  
1.029420e+01  9.869190e+00  9.489190e+00  9.154140e+00  8.864160e+00  8.618640e+00  
8.416540e+00  8.256970e+00  8.138810e+00  8.061130e+00  8.023650e+00  8.019370e+00  
8.037390e+00  8.058660e+00  8.018310e+00  7.916650e+00  7.671800e+00  7.210120e+00  
5.634910e+00  4.345310e+00  2.060450e+00  1.571060e+00  1.044040e+00  9.656520e-01  
9.322200e-01  9.205320e-01  1.267620e+01  1.223520e+01  1.184610e+01  1.154250e+01  
1.128440e+01  1.076890e+01  1.029910e+01  9.875280e+00  9.496840e+00  9.163260e+00  
8.874330e+00  8.630020e+00  8.430210e+00  8.274320e+00  8.160310e+00  8.086650e+00  
8.053550e+00  8.055300e+00  8.082430e+00  8.117710e+00  8.112180e+00  8.046160e+00  
7.842120e+00  7.404030e+00  5.909950e+00  4.711390e+00  2.249210e+00  1.674680e+00  
1.070140e+00  9.848120e-01  9.283910e-01  9.202880e-01  1.263130e+01  1.221760e+01  
1.184700e+01  1.154780e+01  1.128740e+01  1.077360e+01  1.030530e+01  9.883210e+00  
9.506540e+00  9.174930e+00  8.888230e+00  8.646420e+00  8.449430e+00  8.296800e+00  
8.186660e+00  8.117890e+00  8.091270e+00  8.102210e+00  8.142950e+00  8.199920e+00  
8.233890e+00  8.203810e+00  8.062550e+00  7.709680e+00  6.368180e+00  5.222220e+00  
2.593330e+00  1.889690e+00  1.123760e+00  1.008690e+00  9.329070e-01  9.194950e-01  
1.260370e+01  1.220680e+01  1.184760e+01  1.155080e+01  1.128900e+01  1.077650e+01  
1.030930e+01  9.888280e+00  9.512600e+00  9.182050e+00  8.896710e+00  8.656500e+00  
8.461320e+00  8.310700e+00  8.202920e+00  8.137190e+00  8.114620e+00  8.131210e+00  
8.180270e+00  8.250940e+00  8.310100e+00  8.303270e+00  8.205280e+00  7.915360e+00  
6.699950e+00  5.613270e+00  2.897240e+00  2.086540e+00  1.176720e+00  1.033940e+00  
9.379580e-01  9.194340e-01  1.256250e+01  1.219060e+01  1.184830e+01  1.155520e+01  
1.129110e+01  1.078020e+01  1.031500e+01  9.895350e+00  9.520930e+00  9.191750e+00  
8.908150e+00  8.670080e+00  8.477340e+00  8.329450e+00  8.224990e+00  8.163490e+00  
8.146550e+00  8.170750e+00  8.231170e+00  8.321030e+00  8.415830e+00  8.442210e+00  
8.409170e+00  8.222130e+00  7.243910e+00  6.293550e+00  3.525420e+00  2.522770e+00  
1.305380e+00  1.099950e+00  9.510040e-01  9.187010e-01  1.253870e+01  1.218130e+01  
1.184870e+01  1.155760e+01  1.129220e+01  1.078220e+01  1.031770e+01  9.898800e+00  
9.525090e+00  9.196650e+00  8.913910e+00  8.676850e+00  8.485300e+00  8.338870e+00  
8.236210e+00  8.176990e+00  8.162980e+00  8.191080e+00  8.257330e+00  8.357340e+00  
8.471280e+00  8.515380e+00  8.517450e+00  8.391890e+00  7.581060e+00  6.738310e+00  
4.016450e+00  2.898080e+00  1.428650e+00  1.167620e+00  9.638980e-01  9.184570e-01  
1.251260e+01  1.217100e+01  1.184910e+01  1.156040e+01  1.129340e+01  1.078390e+01  
1.032010e+01  9.901920e+00  9.529080e+00  9.201550e+00  8.919670e+00  8.683540e+00  
8.493130e+00  8.348160e+00  8.247350e+00  8.190420e+00  8.179410e+00  8.211550e+00  
8.283840e+00  8.394310e+00  8.528310e+00  8.590990e+00  8.629380e+00  8.573290e+00  
7.982930e+00  7.296020e+00  4.747080e+00  3.502350e+00  1.657980e+00  1.300700e+00  
9.903560e-01  9.183350e-01  1.252040e+01  1.217920e+01  1.185620e+01  1.156370e+01  
1.129260e+01  1.077960e+01  1.031530e+01  9.898240e+00  9.527540e+00  9.202500e+00  
8.922790e+00  8.688280e+00  8.498790e+00  8.353540e+00  8.249920e+00  8.187910e+00  
8.173660e+00  8.213790e+00  8.309630e+00  8.437360e+00  8.564940e+00  8.625380e+00  
8.676590e+00  8.663460e+00  8.225880e+00  7.630710e+00  5.264870e+00  3.979290e+00  
1.868450e+00  1.429500e+00  1.015750e+00  9.184570e-01  1.251120e+01  1.217540e+01  
1.185590e+01  1.156430e+01  1.129270e+01  1.077990e+01  1.031600e+01  9.899200e+00  
9.528750e+00  9.203960e+00  8.924510e+00  8.690280e+00  8.501130e+00  8.356290e+00  
8.253200e+00  8.191890e+00  8.178580e+00  8.220070e+00  8.317920e+00  8.448760e+00  
8.582310e+00  8.648970e+00  8.712870e+00  8.723520e+00  8.373600e+00  7.861970e+00  
5.660590e+00  4.361930e+00  2.079350e+00  1.553040e+00  1.041750e+00  9.184570e-01  
1.250500e+01  1.217280e+01  1.185570e+01  1.156470e+01  1.129280e+01  1.078030e+01  
1.031640e+01  9.899850e+00  9.529570e+00  9.204950e+00  8.925680e+00  8.691660e+00  
8.502740e+00  8.358160e+00  8.255430e+00  8.194570e+00  8.181910e+00  8.224300e+00  
8.323480e+00  8.456410e+00  8.594120e+00  8.664930e+00  8.737210e+00  8.764040e+00  
8.477740e+00  8.028940e+00  5.972790e+00  4.682450e+00  2.275130e+00  1.673400e+00  
1.068120e+00  9.180910e-01  1.247540e+01  1.215600e+01  1.184920e+01  1.156370e+01  
1.129470e+01  1.078570e+01  1.032250e+01  9.905260e+00  9.533660e+00  9.207520e+00  
8.927060e+00  8.692330e+00  8.503340e+00  8.359930e+00  8.261080e+00  8.206910e+00  
8.199750e+00  8.237430e+00  8.317950e+00  8.441650e+00  8.602140e+00  8.690570e+00  
8.776700e+00  8.816770e+00  8.611420e+00  8.257500e+00  6.441300e+00  5.193570e+00  
2.624100e+00  1.916560e+00  1.120120e+00  9.184570e-01  1.247220e+01  1.215470e+01  
1.184900e+01  1.156370e+01  1.129450e+01  1.078630e+01  1.032370e+01  9.906570e+00  
9.534630e+00  9.208120e+00  8.927550e+00  8.693020e+00  8.504400e+00  8.361440e+00  
8.263060e+00  8.209340e+00  8.202630e+00  8.240740e+00  8.321850e+00  8.446960e+00  
8.611050e+00  8.702800e+00  8.794380e+00  8.847140e+00  8.701950e+00  8.402270e+00  
6.776580e+00  5.591150e+00  2.928120e+00  2.130980e+00  1.173340e+00  9.182130e-01  