4.262090e+00  4.303170e+00  4.342260e+00  4.377850e+00  4.410270e+00  4.467290e+00  
4.513040e+00  4.547700e+00  4.572180e+00  4.588490e+00  4.599410e+00  4.605610e+00  
4.607490e+00  4.605630e+00  4.601720e+00  4.597130e+00  4.591510e+00  4.584110e+00  
4.574830e+00  4.566630e+00  4.562990e+00  4.562560e+00  4.560800e+00  4.557430e+00  
4.552640e+00  4.551130e+00  4.549790e+00  4.549610e+00  4.549470e+00  4.549450e+00  
4.549450e+00  4.549450e+00  4.955530e+00  5.001930e+00  5.045300e+00  5.083330e+00  
5.116510e+00  5.171040e+00  5.208690e+00  5.230020e+00  5.236760e+00  5.232270e+00  
5.221040e+00  5.204190e+00  5.182270e+00  5.156130e+00  5.127580e+00  5.098200e+00  
5.067620e+00  5.034890e+00  4.999780e+00  4.965040e+00  4.934370e+00  4.920870e+00  
4.907430e+00  4.896790e+00  4.887150e+00  4.884710e+00  4.882620e+00  4.882360e+00  
4.882180e+00  4.882150e+00  4.882120e+00  4.882090e+00  5.463710e+00  5.512180e+00  
5.556680e+00  5.594190e+00  5.625380e+00  5.672540e+00  5.698240e+00  5.703540e+00  
5.691080e+00  5.665650e+00  5.633390e+00  5.595930e+00  5.554000e+00  5.508730e+00  
5.462000e+00  5.415460e+00  5.368580e+00  5.319930e+00  5.268780e+00  5.218060e+00  
5.171860e+00  5.150980e+00  5.130590e+00  5.114970e+00  5.100880e+00  5.097460e+00  
5.094630e+00  5.094290e+00  5.094020e+00  5.094000e+00  5.093980e+00  5.093930e+00  
6.184600e+00  6.242740e+00  6.292490e+00  6.327500e+00  6.349690e+00  6.366660e+00  
6.353100e+00  6.320150e+00  6.271940e+00  6.212680e+00  6.147580e+00  6.078280e+00  
6.005790e+00  5.931640e+00  5.856970e+00  5.783290e+00  5.711010e+00  5.640510e+00  
5.572020e+00  5.505150e+00  5.441130e+00  5.411560e+00  5.383340e+00  5.362070e+00  
5.340990e+00  5.335990e+00  5.332020e+00  5.331500e+00  5.331120e+00  5.331070e+00  
5.331020e+00  5.331010e+00  6.709780e+00  6.753030e+00  6.789350e+00  6.813490e+00  
6.826960e+00  6.829470e+00  6.798380e+00  6.737210e+00  6.652040e+00  6.552590e+00  
6.450340e+00  6.348510e+00  6.248050e+00  6.150770e+00  6.057700e+00  5.969930e+00  
5.886360e+00  5.803600e+00  5.719460e+00  5.638170e+00  5.565710e+00  5.533370e+00  
5.501160e+00  5.475310e+00  5.450110e+00  5.444050e+00  5.439200e+00  5.438590e+00  
5.438090e+00  5.438050e+00  5.438000e+00  5.438000e+00  7.109580e+00  7.146700e+00  
7.175760e+00  7.190700e+00  7.193400e+00  7.171480e+00  7.112380e+00  7.020680e+00  
6.903990e+00  6.773860e+00  6.643700e+00  6.517170e+00  6.395260e+00  6.279640e+00  
6.170740e+00  6.069140e+00  5.973530e+00  5.879900e+00  5.785720e+00  5.695850e+00  
5.617110e+00  5.582430e+00  5.547620e+00  5.519180e+00  5.491070e+00  5.484270e+00  
5.478810e+00  5.478140e+00  5.477570e+00  5.477510e+00  5.477460e+00  5.477470e+00  
7.433530e+00  7.463520e+00  7.484480e+00  7.489660e+00  7.481360e+00  7.435360e+00  
7.349590e+00  7.229680e+00  7.084540e+00  6.927220e+00  6.772710e+00  6.624900e+00  
6.484790e+00  6.353680e+00  6.231490e+00  6.118150e+00  6.012200e+00  5.909290e+00  
5.806670e+00  5.709740e+00  5.626030e+00  5.589620e+00  5.552880e+00  5.522580e+00  
5.492550e+00  5.485250e+00  5.479370e+00  5.478650e+00  5.478050e+00  5.477990e+00  
5.477930e+00  5.477940e+00  7.913400e+00  7.959460e+00  7.986530e+00  7.980550e+00  
7.947190e+00  7.829110e+00  7.663520e+00  7.482240e+00  7.294370e+00  7.105730e+00  
6.922880e+00  6.747600e+00  6.580780e+00  6.423320e+00  6.275040e+00  6.135960e+00  
6.006420e+00  5.885830e+00  5.773680e+00  5.669860e+00  5.576480e+00  5.535130e+00  
5.495220e+00  5.463940e+00  5.431370e+00  5.423490e+00  5.417220e+00  5.416380e+00  
5.415780e+00  5.415710e+00  5.415650e+00  5.415630e+00  8.294220e+00  8.327700e+00  
8.339980e+00  8.315460e+00  8.260910e+00  8.097340e+00  7.884670e+00  7.658450e+00  
7.429260e+00  7.204290e+00  6.991190e+00  6.790450e+00  6.600950e+00  6.422000e+00  
6.254480e+00  6.098690e+00  5.954650e+00  5.820850e+00  5.696370e+00  5.582570e+00  
5.482000e+00  5.437350e+00  5.394690e+00  5.361970e+00  5.328580e+00  5.320480e+00  
5.314040e+00  5.313190e+00  5.312570e+00  5.312490e+00  5.312420e+00  5.312420e+00  
8.967720e+00  8.967440e+00  8.942200e+00  8.873860e+00  8.771530e+00  8.510400e+00  
8.201900e+00  7.887800e+00  7.580520e+00  7.288670e+00  7.020880e+00  6.774060e+00  
6.543410e+00  6.324490e+00  6.120760e+00  5.932920e+00  5.760250e+00  5.599520e+00  
5.449050e+00  5.313190e+00  5.194930e+00  5.141320e+00  5.091370e+00  5.055400e+00  
5.021640e+00  5.013510e+00  5.007100e+00  5.006280e+00  5.005680e+00  5.005600e+00  
5.005520e+00  5.005520e+00  9.475790e+00  9.388650e+00  9.287910e+00  9.164020e+00  
9.023600e+00  8.719350e+00  8.383310e+00  8.026250e+00  7.661890e+00  7.307570e+00  
6.980950e+00  6.684310e+00  6.417710e+00  6.176260e+00  5.955970e+00  5.750470e+00  
5.558750e+00  5.378560e+00  5.208470e+00  5.050420e+00  4.909570e+00  4.848040e+00  
4.791750e+00  4.752200e+00  4.718110e+00  4.710990e+00  4.704440e+00  4.703530e+00  
4.702980e+00  4.702940e+00  4.702870e+00  4.702870e+00  1.011110e+01  9.951870e+00  
9.779460e+00  9.585080e+00  9.377400e+00  8.953700e+00  8.515900e+00  8.073260e+00  
7.637830e+00  7.224430e+00  6.845440e+00  6.504090e+00  6.198200e+00  5.920830e+00  
5.666770e+00  5.428640e+00  5.204400e+00  4.991710e+00  4.789220e+00  4.598960e+00  
4.426410e+00  4.349630e+00  4.279660e+00  4.231840e+00  4.195640e+00  4.189930e+00  
4.183540e+00  4.182460e+00  4.181930e+00  4.181950e+00  4.181770e+00  4.181890e+00  
1.046100e+01  1.031840e+01  1.014380e+01  9.914990e+00  9.649420e+00  9.084850e+00  
8.513640e+00  7.988610e+00  7.514540e+00  7.088070e+00  6.702810e+00  6.352870e+00  
6.028560e+00  5.720050e+00  5.432070e+00  5.165560e+00  4.916520e+00  4.680270e+00  
4.454410e+00  4.244260e+00  4.050380e+00  3.957630e+00  3.874460e+00  3.821210e+00  
3.782560e+00  3.774340e+00  3.768280e+00  3.767580e+00  3.767040e+00  3.766940e+00  
3.766920e+00  3.766920e+00  1.093770e+01  1.061770e+01  1.029390e+01  9.965240e+00  
9.641560e+00  9.037080e+00  8.475470e+00  7.953280e+00  7.467810e+00  7.016610e+00  
6.597150e+00  6.209770e+00  5.854900e+00  5.525640e+00  5.220470e+00  4.937880e+00  
4.674270e+00  4.428900e+00  4.198750e+00  3.973720e+00  3.748100e+00  3.641040e+00  
3.548840e+00  3.491950e+00  3.447170e+00  3.441150e+00  3.433420e+00  3.432230e+00  
3.431860e+00  3.431730e+00  3.431940e+00  3.431780e+00  1.114860e+01  1.079270e+01  
1.043370e+01  1.007140e+01  9.716370e+00  9.058280e+00  8.452240e+00  7.893920e+00  
7.379400e+00  6.904250e+00  6.466600e+00  6.066160e+00  5.701300e+00  5.363780e+00  
5.050040e+00  4.758780e+00  4.485200e+00  4.227960e+00  3.983650e+00  3.742190e+00  
3.498420e+00  3.382380e+00  3.283020e+00  3.222060e+00  3.172580e+00  3.165130e+00  
3.156960e+00  3.155790e+00  3.155330e+00  3.155200e+00  3.155330e+00  3.155190e+00  
1.144320e+01  1.102900e+01  1.061340e+01  1.019760e+01  9.793680e+00  9.052990e+00  
8.379840e+00  7.767720e+00  7.210760e+00  6.701970e+00  6.238660e+00  5.821540e+00  
5.443910e+00  5.096080e+00  4.771350e+00  4.468210e+00  4.181460e+00  3.908120e+00  
3.644310e+00  3.380100e+00  3.110980e+00  2.981990e+00  2.871230e+00  2.802230e+00  
2.743260e+00  2.733040e+00  2.723520e+00  2.722260e+00  2.721610e+00  2.721480e+00  
2.721500e+00  2.721390e+00  1.164420e+01  1.118260e+01  1.072160e+01  1.026400e+01  
9.822620e+00  9.019320e+00  8.296760e+00  7.645330e+00  7.057340e+00  6.525690e+00  
6.045810e+00  5.618120e+00  5.232990e+00  4.879210e+00  4.548020e+00  4.237040e+00  
3.942490e+00  3.659410e+00  3.383700e+00  3.105770e+00  2.821430e+00  2.684150e+00  
2.564660e+00  2.487790e+00  2.419850e+00  2.407260e+00  2.396060e+00  2.394620e+00  
2.393780e+00  2.393650e+00  2.393590e+00  2.393490e+00  1.200350e+01  1.141890e+01  
1.084580e+01  1.029540e+01  9.777760e+00  8.858080e+00  8.058920e+00  7.358060e+00  
6.737430e+00  6.185980e+00  5.694690e+00  5.255590e+00  4.858260e+00  4.490480e+00  
4.141810e+00  3.808700e+00  3.494360e+00  3.194790e+00  2.907440e+00  2.622920e+00  
2.334400e+00  2.191080e+00  2.054370e+00  1.955020e+00  1.872090e+00  1.853690e+00  
1.839100e+00  1.837400e+00  1.836000e+00  1.835810e+00  1.835680e+00  1.835630e+00  
1.227050e+01  1.158240e+01  1.091760e+01  1.029600e+01  9.723380e+00  8.721080e+00  
7.867820e+00  7.134420e+00  6.496000e+00  5.933560e+00  5.435560e+00  4.989780e+00  
4.584350e+00  4.208270e+00  3.851330e+00  3.509670e+00  3.188580e+00  2.887820e+00  
2.601790e+00  2.318480e+00  2.027780e+00  1.880410e+00  1.735250e+00  1.625180e+00  
1.531370e+00  1.509670e+00  1.492160e+00  1.490110e+00  1.488420e+00  1.488160e+00  
1.488050e+00  1.488000e+00  1.268480e+01  1.184230e+01  1.104510e+01  1.032820e+01  
9.686540e+00  8.577630e+00  7.651230e+00  6.870180e+00  6.208630e+00  5.634520e+00  
5.125130e+00  4.667970e+00  4.250960e+00  3.864210e+00  3.498640e+00  3.150090e+00  
2.822320e+00  2.520650e+00  2.237250e+00  1.957190e+00  1.669440e+00  1.522200e+00  
1.374050e+00  1.257110e+00  1.149190e+00  1.122960e+00  1.101860e+00  1.099350e+00  
1.097250e+00  1.096960e+00  1.096780e+00  1.096750e+00  1.302950e+01  1.206310e+01  
1.116610e+01  1.039010e+01  9.714240e+00  8.553280e+00  7.594400e+00  6.782610e+00  
6.096580e+00  5.504930e+00  4.980520e+00  4.509010e+00  4.078460e+00  3.679930e+00  
3.307890e+00  2.958800e+00  2.631890e+00  2.327320e+00  2.041110e+00  1.760310e+00  
1.476550e+00  1.331260e+00  1.183910e+00  1.064770e+00  9.471600e-01  9.181400e-01  
8.949200e-01  8.918000e-01  8.895500e-01  8.893000e-01  8.890200e-01  8.889900e-01  
1.334390e+01  1.228550e+01  1.131620e+01  1.049970e+01  9.800830e+00  8.595790e+00  
7.608690e+00  6.773560e+00  6.067480e+00  5.460240e+00  4.923090e+00  4.439950e+00  
3.999140e+00  3.592160e+00  3.213510e+00  2.859340e+00  2.527800e+00  2.217780e+00  
1.928370e+00  1.647610e+00  1.365070e+00  1.220390e+00  1.072180e+00  9.501400e-01  
8.256500e-01  7.942200e-01  7.691800e-01  7.658400e-01  7.634100e-01  7.631300e-01  
7.628400e-01  7.627700e-01  1.361300e+01  1.251390e+01  1.150990e+01  1.066830e+01  
9.945320e+00  8.676350e+00  7.640790e+00  6.783820e+00  6.069650e+00  5.458980e+00  
4.916160e+00  4.425150e+00  3.976990e+00  3.563890e+00  3.178050e+00  2.814660e+00  
2.473590e+00  2.156320e+00  1.863530e+00  1.583350e+00  1.299650e+00  1.154040e+00  
1.003530e+00  8.779300e-01  7.474800e-01  7.139400e-01  6.871200e-01  6.838600e-01  
6.811200e-01  6.807990e-01  6.804600e-01  6.804090e-01  1.413020e+01  1.291950e+01  
1.182930e+01  1.094300e+01  1.019480e+01  8.864530e+00  7.786250e+00  6.905670e+00  
6.172090e+00  5.542460e+00  4.981460e+00  4.473670e+00  4.010300e+00  3.583640e+00  
3.185920e+00  2.811990e+00  2.460630e+00  2.131570e+00  1.824290e+00  1.534290e+00  
1.244300e+00  1.094650e+00  9.375800e-01  8.037100e-01  6.605200e-01  6.230300e-01  
5.929800e-01  5.893000e-01  5.862200e-01  5.858600e-01  5.854800e-01  5.854110e-01  
1.458960e+01  1.328710e+01  1.212600e+01  1.120290e+01  1.043500e+01  9.060970e+00  
7.955450e+00  7.058820e+00  6.312850e+00  5.670820e+00  5.097270e+00  4.577570e+00  
4.103210e+00  3.666270e+00  3.258790e+00  2.875220e+00  2.513560e+00  2.172280e+00  
1.849750e+00  1.543700e+00  1.242830e+00  1.086650e+00  9.208100e-01  7.772600e-01  
6.202400e-01  5.786100e-01  5.452100e-01  5.411000e-01  5.376600e-01  5.372600e-01  
5.368500e-01  5.367800e-01  1.543140e+01  1.398250e+01  1.271060e+01  1.173480e+01  
1.094300e+01  9.515300e+00  8.389660e+00  7.469160e+00  6.700450e+00  6.035720e+00  
5.440450e+00  4.900230e+00  4.406450e+00  3.950720e+00  3.524260e+00  3.120490e+00  
2.736170e+00  2.367730e+00  2.011650e+00  1.664880e+00  1.324740e+00  1.147580e+00  
9.545200e-01  7.827800e-01  5.895500e-01  5.376000e-01  4.959700e-01  4.908300e-01  
4.865200e-01  4.859900e-01  4.855390e-01  4.855180e-01  1.594620e+01  1.442820e+01  
1.310900e+01  1.212160e+01  1.133490e+01  9.906440e+00  8.786280e+00  7.855830e+00  
7.071040e+00  6.388630e+00  5.777340e+00  5.222720e+00  4.715560e+00  4.246680e+00  
3.806260e+00  3.386860e+00  2.984630e+00  2.595110e+00  2.213290e+00  1.833320e+00  
1.448490e+00  1.247740e+00  1.023840e+00  8.210500e-01  5.919100e-01  5.302000e-01  
4.801900e-01  4.739300e-01  4.688700e-01  4.682690e-01  4.676200e-01  4.676000e-01  
1.636100e+01  1.486310e+01  1.358130e+01  1.265830e+01  1.194260e+01  1.060320e+01  
9.500590e+00  8.543110e+00  7.708800e+00  6.975310e+00  6.327430e+00  5.750780e+00  
5.231970e+00  4.757020e+00  4.310130e+00  3.879530e+00  3.460320e+00  3.046400e+00  
2.628170e+00  2.188910e+00  1.711310e+00  1.453890e+00  1.176850e+00  9.253900e-01  
6.254900e-01  5.366700e-01  4.707000e-01  4.633800e-01  4.567200e-01  4.555230e-01  
4.549100e-01  4.536740e-01  1.669250e+01  1.515100e+01  1.385170e+01  1.295400e+01  
1.228520e+01  1.102150e+01  9.957690e+00  9.022480e+00  8.197520e+00  7.464120e+00  
6.809530e+00  6.221490e+00  5.688410e+00  5.197930e+00  4.735910e+00  4.291100e+00  
3.857450e+00  3.426790e+00  2.985600e+00  2.509260e+00  1.968510e+00  1.664160e+00  
1.330330e+00  1.027640e+00  6.632100e-01  5.544000e-01  4.701400e-01  4.601100e-01  
4.515600e-01  4.501700e-01  4.486690e-01  4.468080e-01  1.690080e+01  1.532710e+01  
1.401930e+01  1.315120e+01  1.252820e+01  1.132840e+01  1.030140e+01  9.389560e+00  
8.578010e+00  7.850360e+00  7.195670e+00  6.603320e+00  6.063110e+00  5.564000e+00  
5.093110e+00  4.639670e+00  4.196830e+00  3.754860e+00  3.297270e+00  2.792960e+00  
2.202610e+00  1.860100e+00  1.473820e+00  1.125820e+00  7.028300e-01  5.751200e-01  
4.718100e-01  4.586600e-01  4.478800e-01  4.463040e-01  4.441760e-01  4.419250e-01  
1.704210e+01  1.544170e+01  1.412910e+01  1.329140e+01  1.271120e+01  1.156200e+01  
1.056870e+01  9.679580e+00  8.882810e+00  8.163640e+00  7.512620e+00  6.920280e+00  
6.377530e+00  5.874300e+00  5.398690e+00  4.940310e+00  4.491700e+00  4.041980e+00  
3.572260e+00  3.046310e+00  2.416040e+00  2.041850e+00  1.611250e+00  1.219520e+00  
7.426300e-01  5.969300e-01  4.745900e-01  4.581500e-01  4.448900e-01  4.431300e-01  
4.404910e-01  4.382320e-01  1.721770e+01  1.557750e+01  1.426130e+01  1.347710e+01  
1.296810e+01  1.189560e+01  1.095900e+01  1.011080e+01  9.343300e+00  8.644040e+00  
8.005570e+00  7.420090e+00  6.879950e+00  6.376440e+00  5.898900e+00  5.437440e+00  
4.983870e+00  4.525650e+00  4.040410e+00  3.484100e+00  2.794130e+00  2.370390e+00  
1.867120e+00  1.395200e+00  8.206900e-01  6.413000e-01  4.820600e-01  4.590000e-01  
4.402900e-01  4.380910e-01  4.350130e-01  4.326170e-01  1.731860e+01  1.565390e+01  
1.433840e+01  1.359450e+01  1.313780e+01  1.212200e+01  1.122960e+01  1.041570e+01  
9.674770e+00  8.995730e+00  8.372470e+00  7.798120e+00  7.265940e+00  6.767960e+00  
6.294240e+00  5.835120e+00  5.381980e+00  4.921270e+00  4.428200e+00  3.853030e+00  
3.121610e+00  2.661160e+00  2.101210e+00  1.559270e+00  8.957300e-01  6.851400e-01  
4.909500e-01  4.614400e-01  4.369100e-01  4.341880e-01  4.310680e-01  4.287720e-01  
1.744360e+01  1.575280e+01  1.444380e+01  1.375800e+01  1.337630e+01  1.245490e+01  
1.163680e+01  1.088520e+01  1.019650e+01  9.561740e+00  8.976150e+00  8.433990e+00  
7.929410e+00  7.455110e+00  7.001520e+00  6.558960e+00  6.118390e+00  5.664880e+00  
5.170170e+00  4.575720e+00  3.786400e+00  3.267470e+00  2.609130e+00  1.937140e+00  
1.070140e+00  7.898000e-01  5.157500e-01  4.710500e-01  4.315500e-01  4.272580e-01  
4.248580e-01  4.228520e-01  1.750460e+01  1.579980e+01  1.449380e+01  1.383840e+01  
1.349710e+01  1.263220e+01  1.185960e+01  1.114920e+01  1.049780e+01  9.897460e+00  
9.343870e+00  8.831700e+00  8.355300e+00  7.907370e+00  7.477880e+00  7.056740e+00  
6.634820e+00  6.196630e+00  5.712250e+00  5.118250e+00  4.305660e+00  3.754920e+00  
3.034990e+00  2.270220e+00  1.228750e+00  8.873400e-01  5.414700e-01  4.829500e-01  
4.290100e-01  4.229600e-01  4.212720e-01  4.194950e-01  1.756940e+01  1.584070e+01  
1.453260e+01  1.390970e+01  1.361410e+01  1.281170e+01  1.209220e+01  1.143270e+01  
1.082990e+01  1.027750e+01  9.771420e+00  9.306530e+00  8.877190e+00  8.475740e+00  
8.090960e+00  7.711820e+00  7.329250e+00  6.927560e+00  6.475480e+00  5.904740e+00  
5.089340e+00  4.511800e+00  3.723390e+00  2.835880e+00  1.510920e+00  1.065280e+00  
5.920000e-01  5.089200e-01  4.286200e-01  4.188390e-01  4.173280e-01  4.159240e-01  
1.760300e+01  1.586370e+01  1.455580e+01  1.395060e+01  1.367890e+01  1.290800e+01  
1.221580e+01  1.158330e+01  1.100730e+01  1.048250e+01  1.000500e+01  9.570430e+00  
9.173490e+00  8.806870e+00  8.459640e+00  8.120780e+00  7.781230e+00  7.424480e+00  
7.016170e+00  6.478420e+00  5.670680e+00  5.081860e+00  4.262840e+00  3.305800e+00  
1.769620e+00  1.225630e+00  6.401100e-01  5.346700e-01  4.314700e-01  4.190640e-01  
4.146480e-01  4.139730e-01  1.759380e+01  1.585790e+01  1.455740e+01  1.396590e+01  
1.370970e+01  1.296150e+01  1.228940e+01  1.167680e+01  1.112100e+01  1.061690e+01  
1.016120e+01  9.749760e+00  9.377630e+00  9.037780e+00  8.719370e+00  8.411550e+00  
8.105470e+00  7.784480e+00  7.412790e+00  6.907070e+00  6.118840e+00  5.532730e+00  
4.706360e+00  3.709820e+00  2.011040e+00  1.372350e+00  6.859500e-01  5.610600e-01  
4.359500e-01  4.195020e-01  4.135820e-01  4.127660e-01  1.753740e+01  1.582420e+01  
1.454480e+01  1.397170e+01  1.373110e+01  1.300640e+01  1.235080e+01  1.175130e+01  
1.120650e+01  1.071350e+01  1.027090e+01  9.875280e+00  9.522250e+00  9.205370e+00  
8.914440e+00  8.637900e+00  8.363060e+00  8.065190e+00  7.706100e+00  7.222160e+00  
6.479550e+00  5.915740e+00  5.089970e+00  4.057740e+00  2.231580e+00  1.511230e+00  
7.299600e-01  5.871400e-01  4.412700e-01  4.204670e-01  4.130480e-01  4.119380e-01  
1.752080e+01  1.582570e+01  1.456050e+01  1.399530e+01  1.375950e+01  1.304810e+01  
1.240840e+01  1.182860e+01  1.130620e+01  1.083720e+01  1.041910e+01  1.004860e+01  
9.721540e+00  9.432000e+00  9.170090e+00  8.926040e+00  8.692400e+00  8.453690e+00  
8.173330e+00  7.760170e+00  7.052700e+00  6.498050e+00  5.686410e+00  4.640550e+00  
2.632860e+00  1.773410e+00  8.119700e-01  6.355100e-01  4.528800e-01  4.254530e-01  
4.121280e-01  4.109190e-01  1.747700e+01  1.580920e+01  1.456530e+01  1.401160e+01  
1.378250e+01  1.308510e+01  1.245740e+01  1.188950e+01  1.137890e+01  1.092240e+01  
1.051750e+01  1.016150e+01  9.850890e+00  9.580290e+00  9.340700e+00  9.123310e+00  
8.921840e+00  8.722070e+00  8.488520e+00  8.129000e+00  7.478360e+00  6.950870e+00  
6.159790e+00  5.107780e+00  2.982130e+00  2.017500e+00  8.887000e-01  6.816400e-01  
4.651500e-01  4.311330e-01  4.117280e-01  4.103390e-01  1.736440e+01  1.576220e+01  
1.456850e+01  1.403940e+01  1.382170e+01  1.315020e+01  1.254270e+01  1.199180e+01  
1.149620e+01  1.105410e+01  1.066440e+01  1.032560e+01  1.003590e+01  9.792190e+00  
9.588730e+00  9.418860e+00  9.274500e+00  9.135500e+00  8.966870e+00  8.701310e+00  
8.194170e+00  7.745260e+00  7.008270e+00  5.969990e+00  3.711280e+00  2.549520e+00  
1.062470e+00  7.883400e-01  4.959400e-01  4.469570e-01  4.118350e-01  4.094240e-01  
1.722980e+01  1.571250e+01  1.457840e+01  1.406780e+01  1.384880e+01  1.318790e+01  
1.258780e+01  1.204380e+01  1.155540e+01  1.112170e+01  1.074220e+01  1.041530e+01  
1.013840e+01  9.908650e+00  9.722300e+00  9.574860e+00  9.460070e+00  9.360300e+00  
9.245230e+00  9.056810e+00  8.650600e+00  8.256340e+00  7.581710e+00  6.592520e+00  
4.283480e+00  2.992640e+00  1.218800e+00  8.861400e-01  5.254600e-01  4.635700e-01  
4.128420e-01  4.091800e-01  1.689080e+01  1.557690e+01  1.458110e+01  1.410300e+01  
1.386830e+01  1.322120e+01  1.263250e+01  1.209870e+01  1.161910e+01  1.119380e+01  
1.082270e+01  1.050560e+01  1.024150e+01  1.002890e+01  9.863740e+00  9.742240e+00  
9.660550e+00  9.605040e+00  9.551770e+00  9.453340e+00  9.191900e+00  8.900240e+00  
8.333580e+00  7.424480e+00  5.130770e+00  3.724050e+00  1.499170e+00  1.061390e+00  
5.803900e-01  4.953310e-01  4.172970e-01  4.086910e-01  1.660600e+01  1.546380e+01  
1.458330e+01  1.412900e+01  1.387650e+01  1.323340e+01  1.264810e+01  1.211890e+01  
1.164500e+01  1.122660e+01  1.086360e+01  1.055490e+01  1.029890e+01  1.009400e+01  
9.938140e+00  9.829230e+00  9.764700e+00  9.732760e+00  9.714240e+00  9.674390e+00  
9.506140e+00  9.277450e+00  8.801810e+00  7.996200e+00  5.773280e+00  4.281540e+00  
1.742320e+00  1.219690e+00  6.315210e-01  5.254210e-01  4.233400e-01  4.084470e-01  
1.639880e+01  1.538030e+01  1.458270e+01  1.414530e+01  1.387990e+01  1.323970e+01  
1.265750e+01  1.213170e+01  1.166170e+01  1.124740e+01  1.088840e+01  1.058380e+01  
1.033250e+01  1.013300e+01  9.983800e+00  9.883410e+00  9.829990e+00  9.812940e+00  
9.815940e+00  9.811730e+00  9.709660e+00  9.534400e+00  9.130740e+00  8.400910e+00  
6.262750e+00  4.749460e+00  1.964440e+00  1.364800e+00  6.789990e-01  5.537410e-01  
4.296880e-01  4.079590e-01  1.625510e+01  1.532230e+01  1.458240e+01  1.415700e+01  
1.388270e+01  1.324460e+01  1.266420e+01  1.214090e+01  1.167350e+01  1.126160e+01  
1.090470e+01  1.060240e+01  1.035450e+01  1.016010e+01  1.001650e+01  9.921620e+00  
9.874830e+00  9.867840e+00  9.886800e+00  9.905450e+00  9.848960e+00  9.719290e+00  
9.380680e+00  8.709360e+00  6.633210e+00  5.147270e+00  2.189350e+00  1.502370e+00  
7.232400e-01  5.805210e-01  4.346920e-01  4.077150e-01  1.607480e+01  1.524850e+01  
1.458000e+01  1.416930e+01  1.388410e+01  1.325080e+01  1.267530e+01  1.215570e+01  
1.169130e+01  1.128180e+01  1.092710e+01  1.062750e+01  1.038310e+01  1.019330e+01  
1.005600e+01  9.969730e+00  9.934100e+00  9.941100e+00  9.978860e+00  1.002900e+01  
1.003470e+01  9.960550e+00  9.711060e+00  9.154130e+00  7.245010e+00  5.768650e+00  
2.604990e+00  1.753200e+00  8.065400e-01  6.314090e-01  4.478760e-01  4.080810e-01  
1.595820e+01  1.520310e+01  1.458270e+01  1.418220e+01  1.388970e+01  1.325650e+01  
1.268060e+01  1.216170e+01  1.169900e+01  1.129180e+01  1.094020e+01  1.064390e+01  
1.040300e+01  1.021670e+01  1.008270e+01  9.999890e+00  9.968990e+00  9.984140e+00  
1.003600e+01  1.010800e+01  1.014990e+01  1.010980e+01  9.927710e+00  9.463620e+00  
7.690460e+00  6.261360e+00  2.966840e+00  1.976840e+00  8.844420e-01  6.779630e-01  
4.618530e-01  4.078980e-01  1.580890e+01  1.514960e+01  1.459170e+01  1.419990e+01  
1.389270e+01  1.325790e+01  1.268360e+01  1.216770e+01  1.170890e+01  1.130610e+01  
1.095900e+01  1.066720e+01  1.043030e+01  1.024710e+01  1.011410e+01  1.003050e+01  
1.000250e+01  1.003530e+01  1.012710e+01  1.024300e+01  1.032180e+01  1.031680e+01  
1.022200e+01  9.918500e+00  8.476230e+00  7.127270e+00  3.705160e+00  2.489250e+00  
1.060200e+00  7.852170e-01  4.939420e-01  4.079590e-01  1.570890e+01  1.510940e+01  
1.459160e+01  1.420810e+01  1.389460e+01  1.326140e+01  1.268840e+01  1.217370e+01  
1.171600e+01  1.131440e+01  1.096860e+01  1.067820e+01  1.044300e+01  1.026170e+01  
1.013130e+01  1.005110e+01  1.002770e+01  1.006700e+01  1.016790e+01  1.029790e+01  
1.040410e+01  1.042760e+01  1.038960e+01  1.017940e+01  8.961680e+00  7.723700e+00  
4.285870e+00  2.953410e+00  1.217700e+00  8.827970e-01  5.249630e-01  4.082030e-01  
1.557770e+01  1.505070e+01  1.458330e+01  1.421420e+01  1.389790e+01  1.327010e+01  
1.269890e+01  1.218430e+01  1.172590e+01  1.132370e+01  1.097810e+01  1.068850e+01  
1.045420e+01  1.027490e+01  1.015030e+01  1.008130e+01  1.006940e+01  1.010940e+01  
1.019560e+01  1.032490e+01  1.048190e+01  1.055320e+01  1.057520e+01  1.044530e+01  
9.536870e+00  8.547610e+00  5.157320e+00  3.673190e+00  1.496160e+00  1.063490e+00  
5.817870e-01  4.082030e-01  1.552120e+01  1.502790e+01  1.458310e+01  1.421860e+01  
1.389870e+01  1.327140e+01  1.270060e+01  1.218650e+01  1.172870e+01  1.132710e+01  
1.098170e+01  1.069250e+01  1.045960e+01  1.028280e+01  1.016060e+01  1.009280e+01  
1.008180e+01  1.012410e+01  1.021630e+01  1.035630e+01  1.052700e+01  1.060770e+01  
1.065830e+01  1.060200e+01  9.901610e+00  8.993890e+00  5.801980e+00  4.275130e+00  
1.743620e+00  1.217450e+00  6.328120e-01  4.052730e-01  1.548620e+01  1.501360e+01  
1.458270e+01  1.422100e+01  1.389880e+01  1.327160e+01  1.270100e+01  1.218750e+01  
1.173030e+01  1.132930e+01  1.098440e+01  1.069570e+01  1.046350e+01  1.028740e+01  
1.016610e+01  1.009940e+01  1.008980e+01  1.013420e+01  1.022930e+01  1.037370e+01  
1.055430e+01  1.064520e+01  1.071210e+01  1.068760e+01  1.012950e+01  9.334300e+00  
6.292710e+00  4.745630e+00  1.992000e+00  1.364690e+00  6.787110e-01  4.062500e-01  
1.546240e+01  1.500390e+01  1.458240e+01  1.422230e+01  1.389830e+01  1.327140e+01  
1.270120e+01  1.218800e+01  1.173130e+01  1.133090e+01  1.098690e+01  1.069920e+01  
1.046690e+01  1.029000e+01  1.016830e+01  1.010290e+01  1.009560e+01  1.014210e+01  
1.023820e+01  1.038430e+01  1.057290e+01  1.067310e+01  1.075100e+01  1.073680e+01  
1.027470e+01  9.619000e+00  6.691060e+00  5.120900e+00  2.255820e+00  1.510440e+00  
7.221680e-01  4.082030e-01  1.542930e+01  1.499070e+01  1.458260e+01  1.422540e+01  
1.389960e+01  1.327320e+01  1.270340e+01  1.219040e+01  1.173360e+01  1.133310e+01  
1.098880e+01  1.070100e+01  1.046960e+01  1.029450e+01  1.017440e+01  1.010930e+01  
1.010190e+01  1.014930e+01  1.024900e+01  1.040030e+01  1.059570e+01  1.070210e+01  
1.079650e+01  1.082380e+01  1.050000e+01  9.925860e+00  7.295570e+00  5.782700e+00  
2.715180e+00  1.818300e+00  8.085940e-01  4.121090e-01  1.541040e+01  1.498320e+01  
1.458290e+01  1.422750e+01  1.390070e+01  1.327510e+01  1.270580e+01  1.219300e+01  
1.173620e+01  1.133560e+01  1.099170e+01  1.070430e+01  1.047260e+01  1.029630e+01  
1.017550e+01  1.011120e+01  1.010560e+01  1.015490e+01  1.025550e+01  1.040840e+01  
1.060920e+01  1.072210e+01  1.082890e+01  1.087310e+01  1.062440e+01  1.016250e+01  
7.754630e+00  6.269840e+00  3.096240e+00  2.108610e+00  8.823240e-01  4.062500e-01  