1.282070e+00  1.305390e+00  1.328780e+00  1.352280e+00  1.375910e+00  1.423590e+00  
1.471670e+00  1.519870e+00  1.567960e+00  1.615630e+00  1.662580e+00  1.708540e+00  
1.753270e+00  1.796730e+00  1.839340e+00  1.881320e+00  1.922060e+00  1.960750e+00  
1.996690e+00  2.030310e+00  2.061940e+00  2.076990e+00  2.092950e+00  2.107730e+00  
2.128940e+00  2.136130e+00  2.140340e+00  2.140400e+00  2.140430e+00  2.140440e+00  
2.140270e+00  2.141080e+00  1.699440e+00  1.726790e+00  1.754090e+00  1.781330e+00  
1.808560e+00  1.863150e+00  1.917620e+00  1.971650e+00  2.024900e+00  2.077020e+00  
2.127670e+00  2.176570e+00  2.223560e+00  2.268740e+00  2.312890e+00  2.356590e+00  
2.399400e+00  2.440760e+00  2.480310e+00  2.519060e+00  2.557550e+00  2.575760e+00  
2.592350e+00  2.604410e+00  2.620330e+00  2.626460e+00  2.633140e+00  2.633040e+00  
2.630220e+00  2.629380e+00  2.629870e+00  2.633790e+00  2.058620e+00  2.089220e+00  
2.119650e+00  2.149790e+00  2.179730e+00  2.239320e+00  2.298090e+00  2.355650e+00  
2.411580e+00  2.465460e+00  2.516870e+00  2.565550e+00  2.611460e+00  2.654890e+00  
2.697070e+00  2.739060e+00  2.780590e+00  2.821360e+00  2.861330e+00  2.901880e+00  
2.943590e+00  2.963260e+00  2.979420e+00  2.989120e+00  3.003330e+00  3.009440e+00  
3.014910e+00  3.014720e+00  3.012480e+00  3.011820e+00  3.012250e+00  3.015500e+00  
2.646410e+00  2.687580e+00  2.727700e+00  2.765970e+00  2.802570e+00  2.871630e+00  
2.934510e+00  2.991180e+00  3.042140e+00  3.088750e+00  3.133020e+00  3.175360e+00  
3.215920e+00  3.254940e+00  3.293390e+00  3.332020e+00  3.370380e+00  3.407610e+00  
3.443100e+00  3.478140e+00  3.513810e+00  3.531290e+00  3.547790e+00  3.559950e+00  
3.572940e+00  3.576180e+00  3.577920e+00  3.578300e+00  3.579270e+00  3.579450e+00  
3.579440e+00  3.578550e+00  3.126990e+00  3.174740e+00  3.220800e+00  3.263890e+00  
3.304250e+00  3.378170e+00  3.442140e+00  3.496360e+00  3.541880e+00  3.581090e+00  
3.617340e+00  3.651400e+00  3.683590e+00  3.714260e+00  3.744530e+00  3.775250e+00  
3.805990e+00  3.835700e+00  3.863740e+00  3.891910e+00  3.922210e+00  3.938010e+00  
3.953750e+00  3.965780e+00  3.977360e+00  3.979700e+00  3.977830e+00  3.978490e+00  
3.982320e+00  3.983170e+00  3.983060e+00  3.978330e+00  3.531920e+00  3.584630e+00  
3.635070e+00  3.681500e+00  3.724220e+00  3.800370e+00  3.863170e+00  3.913010e+00  
3.951520e+00  3.982050e+00  4.009170e+00  4.034040e+00  4.057040e+00  4.078680e+00  
4.100140e+00  4.122380e+00  4.144910e+00  4.166540e+00  4.186520e+00  4.207030e+00  
4.230850e+00  4.244280e+00  4.258540e+00  4.270010e+00  4.280050e+00  4.281680e+00  
4.277420e+00  4.278260e+00  4.283890e+00  4.285170e+00  4.284910e+00  4.277830e+00  
3.886970e+00  3.938890e+00  3.988590e+00  4.034380e+00  4.076610e+00  4.152260e+00  
4.214850e+00  4.264140e+00  4.300800e+00  4.326690e+00  4.344710e+00  4.356200e+00  
4.362880e+00  4.367920e+00  4.377010e+00  4.394280e+00  4.416910e+00  4.436370e+00  
4.446050e+00  4.454170e+00  4.470980e+00  4.482860e+00  4.495560e+00  4.505640e+00  
4.514230e+00  4.513970e+00  4.509600e+00  4.510690e+00  4.516610e+00  4.518260e+00  
4.517360e+00  4.509770e+00  4.466990e+00  4.521410e+00  4.572870e+00  4.619110e+00  
4.660640e+00  4.732180e+00  4.786790e+00  4.824470e+00  4.846320e+00  4.855050e+00  
4.854550e+00  4.846710e+00  4.833780e+00  4.819840e+00  4.811690e+00  4.814210e+00  
4.823790e+00  4.829760e+00  4.824000e+00  4.816990e+00  4.821370e+00  4.827800e+00  
4.835190e+00  4.841140e+00  4.845840e+00  4.844970e+00  4.840690e+00  4.841570e+00  
4.846640e+00  4.848090e+00  4.847230e+00  4.840700e+00  4.934300e+00  4.988360e+00  
5.038860e+00  5.083080e+00  5.121680e+00  5.185310e+00  5.229170e+00  5.253540e+00  
5.259970e+00  5.251820e+00  5.233870e+00  5.208400e+00  5.178050e+00  5.147530e+00  
5.124340e+00  5.113730e+00  5.111510e+00  5.105340e+00  5.086090e+00  5.066270e+00  
5.059810e+00  5.060700e+00  5.062010e+00  5.062740e+00  5.063180e+00  5.062400e+00  
5.059850e+00  5.060240e+00  5.062870e+00  5.063630e+00  5.063320e+00  5.059690e+00  
5.795370e+00  5.851130e+00  5.900870e+00  5.940020e+00  5.969720e+00  6.006800e+00  
6.013120e+00  5.991720e+00  5.948360e+00  5.892480e+00  5.835580e+00  5.780460e+00  
5.727960e+00  5.678440e+00  5.632030e+00  5.588720e+00  5.547930e+00  5.507720e+00  
5.467140e+00  5.429920e+00  5.400720e+00  5.388730e+00  5.374840e+00  5.362310e+00  
5.354020e+00  5.352920e+00  5.356510e+00  5.355780e+00  5.351010e+00  5.349920e+00  
5.350250e+00  5.356320e+00  6.421390e+00  6.466000e+00  6.503580e+00  6.528820e+00  
6.543270e+00  6.547580e+00  6.518440e+00  6.460070e+00  6.379630e+00  6.288280e+00  
6.199080e+00  6.115310e+00  6.037570e+00  5.965600e+00  5.898750e+00  5.835960e+00  
5.776430e+00  5.717850e+00  5.658980e+00  5.603890e+00  5.557210e+00  5.535750e+00  
5.509970e+00  5.486500e+00  5.471170e+00  5.469360e+00  5.477990e+00  5.476420e+00  
5.465780e+00  5.463400e+00  5.464110e+00  5.477290e+00  7.301810e+00  7.315960e+00  
7.322100e+00  7.314290e+00  7.294790e+00  7.231260e+00  7.134890e+00  7.011350e+00  
6.869420e+00  6.721760e+00  6.582200e+00  6.454600e+00  6.338860e+00  6.233520e+00  
6.136800e+00  6.046040e+00  5.960700e+00  5.878990e+00  5.799140e+00  5.720810e+00  
5.643960e+00  5.605680e+00  5.565320e+00  5.531590e+00  5.502760e+00  5.502250e+00  
5.511330e+00  5.508880e+00  5.494530e+00  5.490450e+00  5.493160e+00  5.510740e+00  
7.909650e+00  7.894910e+00  7.871480e+00  7.833000e+00  7.782310e+00  7.657160e+00  
7.500750e+00  7.320140e+00  7.125540e+00  6.931070e+00  6.751700e+00  6.591150e+00  
6.448790e+00  6.321680e+00  6.206250e+00  6.098140e+00  5.995500e+00  5.894510e+00  
5.792640e+00  5.694120e+00  5.603520e+00  5.559270e+00  5.508790e+00  5.464780e+00  
5.432240e+00  5.426610e+00  5.434930e+00  5.432590e+00  5.418710e+00  5.415480e+00  
5.416380e+00  5.432860e+00  8.374460e+00  8.329370e+00  8.275590e+00  8.206850e+00  
8.126480e+00  7.945100e+00  7.736790e+00  7.509280e+00  7.273060e+00  7.042190e+00  
6.831660e+00  6.644650e+00  6.480060e+00  6.333980e+00  6.201620e+00  6.077970e+00  
5.960760e+00  5.845830e+00  5.730290e+00  5.617920e+00  5.513380e+00  5.463030e+00  
5.408700e+00  5.363020e+00  5.325030e+00  5.317010e+00  5.317850e+00  5.316040e+00  
5.307720e+00  5.305870e+00  5.306270e+00  5.315800e+00  8.746890e+00  8.672580e+00  
8.589900e+00  8.492900e+00  8.385270e+00  8.153270e+00  7.899500e+00  7.631960e+00  
7.361020e+00  7.100060e+00  6.863730e+00  6.654760e+00  6.471360e+00  6.308970e+00  
6.161770e+00  6.024590e+00  5.894770e+00  5.768040e+00  5.641340e+00  5.517850e+00  
5.402240e+00  5.347580e+00  5.291970e+00  5.247090e+00  5.204780e+00  5.194390e+00  
5.186270e+00  5.185200e+00  5.183980e+00  5.183790e+00  5.183750e+00  5.184160e+00  
9.266110e+00  9.191830e+00  9.096080e+00  8.963520e+00  8.803290e+00  8.445060e+00  
8.069620e+00  7.720390e+00  7.403260e+00  7.116730e+00  6.859710e+00  6.628850e+00  
6.416750e+00  6.218190e+00  6.034300e+00  5.866820e+00  5.713290e+00  5.569590e+00  
5.430590e+00  5.290400e+00  5.153700e+00  5.094420e+00  5.038250e+00  4.994080e+00  
4.945140e+00  4.931470e+00  4.909720e+00  4.909650e+00  4.919280e+00  4.922060e+00  
4.920900e+00  4.907230e+00  9.822760e+00  9.599900e+00  9.377450e+00  9.156360e+00  
8.939880e+00  8.529050e+00  8.143130e+00  7.781170e+00  7.442350e+00  7.125940e+00  
6.831730e+00  6.560610e+00  6.311180e+00  6.081630e+00  5.870450e+00  5.677970e+00  
5.504000e+00  5.348150e+00  5.207100e+00  5.066180e+00  4.912690e+00  4.836180e+00  
4.771470e+00  4.731640e+00  4.682600e+00  4.662590e+00  4.636520e+00  4.637410e+00  
4.650730e+00  4.654340e+00  4.653200e+00  4.634280e+00  1.046640e+01  1.015700e+01  
9.851330e+00  9.552890e+00  9.264610e+00  8.724020e+00  8.225800e+00  7.766720e+00  
7.344110e+00  6.956770e+00  6.603660e+00  6.282810e+00  5.991150e+00  5.724720e+00  
5.479060e+00  5.251860e+00  5.044160e+00  4.854380e+00  4.679770e+00  4.508830e+00  
4.332630e+00  4.246780e+00  4.170710e+00  4.119350e+00  4.061030e+00  4.042960e+00  
4.026090e+00  4.025580e+00  4.029300e+00  4.030400e+00  4.029790e+00  4.023320e+00  
1.084220e+01  1.046810e+01  1.010100e+01  9.746970e+00  9.408130e+00  8.777040e+00  
8.201280e+00  7.676420e+00  7.198400e+00  6.764380e+00  6.372700e+00  6.019360e+00  
5.699600e+00  5.408190e+00  5.138690e+00  4.887140e+00  4.654650e+00  4.440230e+00  
4.241200e+00  4.049300e+00  3.858540e+00  3.766210e+00  3.679830e+00  3.616420e+00  
3.551140e+00  3.537820e+00  3.534390e+00  3.531960e+00  3.522580e+00  3.520230e+00  
3.520940e+00  3.531250e+00  1.130040e+01  1.081660e+01  1.034860e+01  9.909030e+00  
9.496890e+00  8.741900e+00  8.068900e+00  7.468600e+00  6.933500e+00  6.454290e+00  
6.023300e+00  5.634520e+00  5.281460e+00  4.957240e+00  4.653450e+00  4.364910e+00  
4.093280e+00  3.841730e+00  3.609960e+00  3.394170e+00  3.192470e+00  3.096970e+00  
3.002270e+00  2.928530e+00  2.860900e+00  2.845180e+00  2.838160e+00  2.835950e+00  
2.829070e+00  2.827640e+00  2.827700e+00  2.835210e+00  1.158880e+01  1.102930e+01  
1.049310e+01  9.997740e+00  9.539030e+00  8.704420e+00  7.970090e+00  7.322020e+00  
6.750400e+00  6.242280e+00  5.785760e+00  5.373580e+00  4.999170e+00  4.655410e+00  
4.333890e+00  4.029090e+00  3.741440e+00  3.472560e+00  3.222840e+00  2.989210e+00  
2.772440e+00  2.671780e+00  2.575940e+00  2.503750e+00  2.432920e+00  2.415170e+00  
2.398890e+00  2.397540e+00  2.398420e+00  2.398790e+00  2.398480e+00  2.395690e+00  
1.179510e+01  1.118320e+01  1.060040e+01  1.006840e+01  9.579550e+00  8.691670e+00  
7.916410e+00  7.236400e+00  6.639300e+00  6.110220e+00  5.635120e+00  5.205740e+00  
4.815520e+00  4.457410e+00  4.123090e+00  3.807000e+00  3.508950e+00  3.229500e+00  
2.969320e+00  2.725580e+00  2.498710e+00  2.393140e+00  2.293320e+00  2.218790e+00  
2.146120e+00  2.128070e+00  2.110960e+00  2.109660e+00  2.111140e+00  2.111660e+00  
2.111280e+00  2.107420e+00  1.195690e+01  1.130640e+01  1.069000e+01  1.013270e+01  
9.623380e+00  8.698290e+00  7.894500e+00  7.192740e+00  6.577780e+00  6.033290e+00  
5.544050e+00  5.101470e+00  4.698910e+00  4.329480e+00  3.985040e+00  3.660150e+00  
3.354270e+00  3.067490e+00  2.800190e+00  2.549770e+00  2.314970e+00  2.204740e+00  
2.100050e+00  2.021830e+00  1.947410e+00  1.929410e+00  1.914060e+00  1.912530e+00  
1.912280e+00  1.912400e+00  1.912170e+00  1.910370e+00  1.220510e+01  1.150200e+01  
1.084070e+01  1.025160e+01  9.717990e+00  8.747800e+00  7.909900e+00  7.183250e+00  
6.547480e+00  5.983890e+00  5.476050e+00  5.015270e+00  4.595140e+00  4.209010e+00  
3.849290e+00  3.510810e+00  3.192750e+00  2.894830e+00  2.616310e+00  2.354350e+00  
2.105100e+00  1.986180e+00  1.872470e+00  1.787240e+00  1.707720e+00  1.688910e+00  
1.675090e+00  1.673200e+00  1.670700e+00  1.670310e+00  1.670180e+00  1.671140e+00  
1.239080e+01  1.165500e+01  1.096680e+01  1.036030e+01  9.814700e+00  8.822130e+00  
7.968470e+00  7.230390e+00  6.584940e+00  6.011600e+00  5.493180e+00  5.021170e+00  
4.589510e+00  4.191790e+00  3.820790e+00  3.471590e+00  3.143330e+00  2.835560e+00  
2.546810e+00  2.272570e+00  2.008630e+00  1.881080e+00  1.758770e+00  1.666660e+00  
1.579960e+00  1.559160e+00  1.543660e+00  1.541610e+00  1.539100e+00  1.538710e+00  
1.538580e+00  1.539610e+00  1.268150e+01  1.191200e+01  1.119830e+01  1.057940e+01  
1.002790e+01  9.021680e+00  8.160980e+00  7.414010e+00  6.758940e+00  6.175050e+00  
5.645310e+00  5.161220e+00  4.716500e+00  4.304340e+00  3.916930e+00  3.549090e+00  
3.200400e+00  2.871030e+00  2.558650e+00  2.254670e+00  1.953260e+00  1.803160e+00  
1.654850e+00  1.539240e+00  1.429540e+00  1.402480e+00  1.380550e+00  1.378040e+00  
1.376190e+00  1.375970e+00  1.375740e+00  1.375710e+00  1.283240e+01  1.206070e+01  
1.134850e+01  1.073710e+01  1.019470e+01  9.199870e+00  8.346970e+00  7.600780e+00  
6.943130e+00  6.355890e+00  5.824060e+00  5.338740e+00  4.892550e+00  4.477300e+00  
4.083230e+00  3.704200e+00  3.340520e+00  2.993630e+00  2.661130e+00  2.331420e+00  
1.994070e+00  1.820850e+00  1.641940e+00  1.496490e+00  1.360340e+00  1.327510e+00  
1.301130e+00  1.297870e+00  1.295000e+00  1.294620e+00  1.294360e+00  1.294780e+00  
1.292380e+01  1.219080e+01  1.151850e+01  1.094800e+01  1.044370e+01  9.502560e+00  
8.675080e+00  7.935070e+00  7.272400e+00  6.677100e+00  6.140760e+00  5.655050e+00  
5.211360e+00  4.799900e+00  4.408710e+00  4.028920e+00  3.657760e+00  3.291690e+00  
2.924660e+00  2.545160e+00  2.139820e+00  1.923260e+00  1.693260e+00  1.495380e+00  
1.291110e+00  1.244930e+00  1.221010e+00  1.217780e+00  1.208730e+00  1.206550e+00  
1.207790e+00  1.211670e+00  1.298220e+01  1.225890e+01  1.160130e+01  1.105380e+01  
1.057600e+01  9.680040e+00  8.885060e+00  8.169870e+00  7.525660e+00  6.943600e+00  
6.416320e+00  5.936290e+00  5.495610e+00  5.085030e+00  4.692980e+00  4.310490e+00  
3.933900e+00  3.558060e+00  3.173900e+00  2.763780e+00  2.305750e+00  2.050850e+00  
1.771990e+00  1.525880e+00  1.261530e+00  1.199520e+00  1.177980e+00  1.175410e+00  
1.160820e+00  1.156930e+00  1.159700e+00  1.166020e+00  1.300210e+01  1.228790e+01  
1.164410e+01  1.111780e+01  1.066370e+01  9.806070e+00  9.039690e+00  8.346920e+00  
7.720090e+00  7.151330e+00  6.633990e+00  6.161220e+00  5.725680e+00  5.318710e+00  
4.929140e+00  4.547970e+00  4.170780e+00  3.791030e+00  3.396950e+00  2.965260e+00  
2.466010e+00  2.179510e+00  1.857910e+00  1.569480e+00  1.250070e+00  1.172300e+00  
1.149280e+00  1.147200e+00  1.129330e+00  1.124370e+00  1.128340e+00  1.134340e+00  
1.300470e+01  1.229810e+01  1.166630e+01  1.115900e+01  1.072570e+01  9.899650e+00  
9.158050e+00  8.485080e+00  7.874120e+00  7.317930e+00  6.810520e+00  6.345550e+00  
5.916210e+00  5.514240e+00  5.128900e+00  4.751200e+00  4.376100e+00  3.995880e+00  
3.596390e+00  3.149330e+00  2.617290e+00  2.304290e+00  1.945910e+00  1.619060e+00  
1.249000e+00  1.155900e+00  1.128450e+00  1.126530e+00  1.106760e+00  1.101170e+00  
1.105820e+00  1.110720e+00  1.297560e+01  1.228480e+01  1.167580e+01  1.120220e+01  
1.080480e+01  1.003100e+01  9.331720e+00  8.692850e+00  8.109360e+00  7.575220e+00  
7.085500e+00  6.634910e+00  6.217600e+00  5.826400e+00  5.451730e+00  5.084900e+00  
4.719690e+00  4.345950e+00  3.944420e+00  3.475610e+00  2.887460e+00  2.528460e+00  
2.108240e+00  1.719910e+00  1.278570e+00  1.157060e+00  1.086820e+00  1.085840e+00  
1.084210e+00  1.079680e+00  1.066960e+00  1.076900e+00  1.295100e+01  1.227090e+01  
1.167760e+01  1.122750e+01  1.085520e+01  1.011840e+01  9.450170e+00  8.837400e+00  
8.275990e+00  7.760630e+00  7.287040e+00  6.850540e+00  6.445920e+00  6.066590e+00  
5.703640e+00  5.348560e+00  4.994520e+00  4.629930e+00  4.232310e+00  3.754620e+00  
3.132350e+00  2.740570e+00  2.270670e+00  1.825790e+00  1.308690e+00  1.161270e+00  
1.069050e+00  1.066060e+00  1.064590e+00  1.059950e+00  1.045470e+00  1.054930e+00  
1.297550e+01  1.229800e+01  1.171510e+01  1.128760e+01  1.094220e+01  1.024770e+01  
9.618420e+00  9.043110e+00  8.518010e+00  8.038170e+00  7.599510e+00  7.197390e+00  
6.826360e+00  6.479270e+00  6.145870e+00  5.816820e+00  5.485800e+00  5.142120e+00  
4.764640e+00  4.307260e+00  3.681510e+00  3.247400e+00  2.667070e+00  2.076400e+00  
1.378890e+00  1.184300e+00  1.064660e+00  1.049980e+00  1.026610e+00  1.022820e+00  
1.021310e+00  1.022140e+00  1.293660e+01  1.227180e+01  1.170480e+01  1.129840e+01  
1.097560e+01  1.031860e+01  9.721750e+00  9.175770e+00  8.677390e+00  8.222390e+00  
7.807190e+00  7.427700e+00  7.079030e+00  6.754520e+00  6.444450e+00  6.139660e+00  
5.833600e+00  5.514740e+00  5.159340e+00  4.714190e+00  4.077850e+00  3.622440e+00  
2.999070e+00  2.337450e+00  1.487930e+00  1.234140e+00  1.056510e+00  1.035020e+00  
1.010700e+00  1.006900e+00  1.005100e+00  1.004610e+00  1.284670e+01  1.220400e+01  
1.166300e+01  1.128820e+01  1.099790e+01  1.039480e+01  9.844180e+00  9.338960e+00  
8.876880e+00  8.454840e+00  8.070240e+00  7.720140e+00  7.400930e+00  7.107570e+00  
6.832350e+00  6.567440e+00  6.306080e+00  6.034950e+00  5.724730e+00  5.306230e+00  
4.657820e+00  4.177990e+00  3.512960e+00  2.775940e+00  1.722250e+00  1.371110e+00  
1.057420e+00  1.018050e+00  9.946200e-01  9.910130e-01  9.796140e-01  9.860840e-01  
1.283880e+01  1.220010e+01  1.166530e+01  1.130080e+01  1.102220e+01  1.043900e+01  
9.907600e+00  9.421850e+00  8.979580e+00  8.577990e+00  8.214720e+00  7.886990e+00  
7.591380e+00  7.322960e+00  7.073840e+00  6.836310e+00  6.604430e+00  6.365990e+00  
6.092990e+00  5.716650e+00  5.107530e+00  4.635250e+00  3.950070e+00  3.149050e+00  
1.919700e+00  1.488770e+00  1.079430e+00  1.021560e+00  9.823200e-01  9.784930e-01  
9.711300e-01  9.763180e-01  1.283570e+01  1.220050e+01  1.167030e+01  1.131190e+01  
1.104000e+01  1.046880e+01  9.949190e+00  9.475950e+00  9.046850e+00  8.659270e+00  
8.310960e+00  7.999300e+00  7.720990e+00  7.471070e+00  7.241540e+00  7.024790e+00  
6.815630e+00  6.603100e+00  6.360970e+00  6.022680e+00  5.456140e+00  4.999850e+00  
4.312360e+00  3.471840e+00  2.104180e+00  1.601880e+00  1.105140e+00  1.029890e+00  
9.746000e-01  9.701420e-01  9.667660e-01  9.702760e-01  1.281550e+01  1.219250e+01  
1.167370e+01  1.132520e+01  1.106170e+01  1.050320e+01  9.992540e+00  9.525760e+00  
9.101560e+00  8.718620e+00  8.376000e+00  8.071870e+00  7.803750e+00  7.567890e+00  
7.357930e+00  7.166450e+00  6.984560e+00  6.792910e+00  6.561010e+00  6.236390e+00  
5.707520e+00  5.285990e+00  4.644120e+00  3.812120e+00  2.292930e+00  1.696070e+00  
1.112560e+00  1.032210e+00  9.791900e-01  9.723490e-01  9.683610e-01  9.661870e-01  
1.282170e+01  1.220250e+01  1.168690e+01  1.134110e+01  1.108020e+01  1.052960e+01  
1.002940e+01  9.575690e+00  9.166420e+00  8.799620e+00  8.473600e+00  8.186440e+00  
7.935670e+00  7.717410e+00  7.525000e+00  7.352250e+00  7.195410e+00  7.044900e+00  
6.874510e+00  6.612560e+00  6.128930e+00  5.729460e+00  5.119010e+00  4.289560e+00  
2.619350e+00  1.911660e+00  1.160120e+00  1.050520e+00  9.768500e-01  9.698820e-01  
9.626940e-01  9.610520e-01  1.281030e+01  1.220000e+01  1.169200e+01  1.135150e+01  
1.109490e+01  1.055260e+01  1.006010e+01  9.614090e+00  9.212660e+00  8.854030e+00  
8.536740e+00  8.259150e+00  8.019140e+00  7.813310e+00  7.635560e+00  7.480470e+00  
7.345280e+00  7.221660e+00  7.085100e+00  6.865040e+00  6.432910e+00  6.063940e+00  
5.485910e+00  4.668090e+00  2.908710e+00  2.111490e+00  1.208690e+00  1.072940e+00  
9.776200e-01  9.687250e-01  9.593120e-01  9.579160e-01  1.277320e+01  1.218530e+01  
1.169580e+01  1.136720e+01  1.111880e+01  1.059220e+01  1.011220e+01  9.676570e+00  
9.284310e+00  8.934700e+00  8.627430e+00  8.361600e+00  8.136160e+00  7.949250e+00  
7.796890e+00  7.674830e+00  7.578480e+00  7.494260e+00  7.398540e+00  7.245550e+00  
6.932130e+00  6.636220e+00  6.120430e+00  5.345010e+00  3.521150e+00  2.547730e+00  
1.328660e+00  1.135490e+00  9.848000e-01  9.693950e-01  9.552000e-01  9.536740e-01  
1.276360e+01  1.219040e+01  1.171040e+01  1.138330e+01  1.113290e+01  1.060780e+01  
1.013150e+01  9.701440e+00  9.316210e+00  8.974720e+00  8.676070e+00  8.419190e+00  
8.202940e+00  8.025130e+00  7.881360e+00  7.768420e+00  7.686720e+00  7.632910e+00  
7.590000e+00  7.498030e+00  7.243340e+00  6.987490e+00  6.539170e+00  5.824440e+00  
3.977070e+00  2.924480e+00  1.448580e+00  1.200550e+00  9.944300e-01  9.725340e-01  
9.527280e-01  9.515380e-01  1.266960e+01  1.214990e+01  1.170800e+01  1.139380e+01  
1.114450e+01  1.063000e+01  1.016140e+01  9.737270e+00  9.356880e+00  9.019950e+00  
8.726510e+00  8.476200e+00  8.268570e+00  8.102580e+00  7.975500e+00  7.884750e+00  
7.828640e+00  7.798280e+00  7.777800e+00  7.734940e+00  7.592730e+00  7.420940e+00  
7.069230e+00  6.460450e+00  4.687870e+00  3.494530e+00  1.675580e+00  1.339180e+00  
1.018460e+00  9.762020e-01  9.513850e-01  9.494630e-01  1.260310e+01  1.212380e+01  
1.170960e+01  1.140230e+01  1.115030e+01  1.063910e+01  1.017360e+01  9.752480e+00  
9.375150e+00  9.041470e+00  8.751640e+00  8.505500e+00  8.302760e+00  8.142530e+00  
8.022440e+00  7.940360e+00  7.895610e+00  7.881080e+00  7.883930e+00  7.877800e+00  
7.797210e+00  7.672470e+00  7.386770e+00  6.859750e+00  5.197190e+00  3.960280e+00  
1.881390e+00  1.465360e+00  1.044030e+00  9.847030e-01  9.536340e-01  9.482120e-01  
1.255570e+01  1.210640e+01  1.171260e+01  1.141000e+01  1.115550e+01  1.064500e+01  
1.017980e+01  9.759650e+00  9.384020e+00  9.052810e+00  8.766210e+00  8.523580e+00  
8.323920e+00  8.166250e+00  8.049600e+00  7.972990e+00  7.936210e+00  7.932530e+00  
7.951290e+00  7.973640e+00  7.934940e+00  7.834990e+00  7.594840e+00  7.143920e+00  
5.600070e+00  4.325780e+00  2.070900e+00  1.588760e+00  1.069620e+00  9.924160e-01  
9.589540e-01  9.476320e-01  1.252120e+01  1.209310e+01  1.171380e+01  1.141480e+01  
1.115880e+01  1.064910e+01  1.018450e+01  9.765430e+00  9.391320e+00  9.061610e+00  
8.776070e+00  8.534610e+00  8.337170e+00  8.183130e+00  8.070560e+00  7.997910e+00  
7.965460e+00  7.967600e+00  7.995120e+00  8.031130e+00  8.027460e+00  7.963330e+00  
7.762440e+00  7.332060e+00  5.869920e+00  4.689610e+00  2.256640e+00  1.690170e+00  
1.095260e+00  1.011700e+00  9.553220e-01  9.471440e-01  1.247930e+01  1.207680e+01  
1.171490e+01  1.142000e+01  1.116190e+01  1.065360e+01  1.019040e+01  9.772940e+00  
9.400600e+00  9.072870e+00  8.789520e+00  8.550520e+00  8.355830e+00  8.204990e+00  
8.096190e+00  8.028330e+00  8.002230e+00  8.013350e+00  8.054160e+00  8.111390e+00  
8.146720e+00  8.118220e+00  7.979460e+00  7.632480e+00  6.318940e+00  5.192490e+00  
2.596340e+00  1.902850e+00  1.147870e+00  1.034910e+00  9.598390e-01  9.467160e-01  
1.245340e+01  1.206670e+01  1.171550e+01  1.142300e+01  1.116360e+01  1.065640e+01  
1.019430e+01  9.777810e+00  9.406460e+00  9.079820e+00  8.797800e+00  8.560340e+00  
8.367380e+00  8.218470e+00  8.111980e+00  8.047090e+00  8.024980e+00  8.041600e+00  
8.090530e+00  8.161110e+00  8.221150e+00  8.215700e+00  8.120040e+00  7.834960e+00  
6.643550e+00  5.576810e+00  2.896640e+00  2.097710e+00  1.199870e+00  1.059400e+00  
9.647980e-01  9.464720e-01  1.241480e+01  1.205150e+01  1.171610e+01  1.142700e+01  
1.116550e+01  1.066010e+01  1.019980e+01  9.784700e+00  9.414560e+00  9.089230e+00  
8.808880e+00  8.573510e+00  8.382900e+00  8.236680e+00  8.133400e+00  8.072670e+00  
8.056040e+00  8.080120e+00  8.140080e+00  8.229300e+00  8.324190e+00  8.351470e+00  
8.320570e+00  8.137210e+00  7.175890e+00  6.244790e+00  3.517560e+00  2.529190e+00  
1.326300e+00  1.123830e+00  9.778440e-01  9.458010e-01  1.239270e+01  1.204280e+01  
1.171640e+01  1.142930e+01  1.116660e+01  1.066190e+01  1.020250e+01  9.788120e+00  
9.418640e+00  9.093960e+00  8.814430e+00  8.580020e+00  8.390600e+00  8.245770e+00  
8.144260e+00  8.085730e+00  8.071970e+00  8.099880e+00  8.165560e+00  8.264730e+00  
8.378190e+00  8.422780e+00  8.426560e+00  8.304080e+00  7.506580e+00  6.681400e+00  
4.003070e+00  2.899800e+00  1.447560e+00  1.189930e+00  9.909210e-01  9.456180e-01  
1.236850e+01  1.203320e+01  1.171670e+01  1.143170e+01  1.116760e+01  1.066380e+01  
1.020500e+01  9.791350e+00  9.422590e+00  9.098690e+00  8.819950e+00  8.586450e+00  
8.398140e+00  8.254750e+00  8.155030e+00  8.098720e+00  8.087840e+00  8.119710e+00  
8.191340e+00  8.300830e+00  8.433810e+00  8.496320e+00  8.535610e+00  8.481910e+00  
7.901740e+00  7.228890e+00  4.725200e+00  3.496300e+00  1.673420e+00  1.320510e+00  
1.016880e+00  9.455570e-01  1.237750e+01  1.204200e+01  1.172370e+01  1.143470e+01  
1.116640e+01  1.065930e+01  1.020010e+01  9.787780e+00  9.421210e+00  9.099760e+00  
8.823120e+00  8.591150e+00  8.403680e+00  8.259960e+00  8.157420e+00  8.096020e+00  
8.081920e+00  8.121640e+00  8.216540e+00  8.343030e+00  8.469560e+00  8.529790e+00  
8.581470e+00  8.569920e+00  8.140710e+00  7.557850e+00  5.236120e+00  3.966880e+00  
1.881090e+00  1.447300e+00  1.041870e+00  9.454350e-01  1.236900e+01  1.203840e+01  
1.172340e+01  1.143530e+01  1.116660e+01  1.065970e+01  1.020090e+01  9.788750e+00  
9.422420e+00  9.101220e+00  8.824810e+00  8.593110e+00  8.405980e+00  8.262630e+00  
8.160590e+00  8.099860e+00  8.086670e+00  8.127700e+00  8.224530e+00  8.354020e+00  
8.486390e+00  8.552740e+00  8.616920e+00  8.628810e+00  8.285660e+00  7.785020e+00  
5.626070e+00  4.344010e+00  2.088770e+00  1.569180e+00  1.067930e+00  9.450680e-01  
1.236310e+01  1.203590e+01  1.172330e+01  1.143560e+01  1.116660e+01  1.066000e+01  
1.020130e+01  9.789380e+00  9.423200e+00  9.102170e+00  8.825940e+00  8.594440e+00  
8.407520e+00  8.264440e+00  8.162750e+00  8.102460e+00  8.089870e+00  8.131760e+00  
8.229870e+00  8.361430e+00  8.497840e+00  8.568270e+00  8.640650e+00  8.668420e+00  
8.387900e+00  7.949060e+00  5.933240e+00  4.659650e+00  2.281470e+00  1.688600e+00  
1.093020e+00  9.450680e-01  1.233410e+01  1.201940e+01  1.171670e+01  1.143470e+01  
1.116860e+01  1.066540e+01  1.020730e+01  9.794640e+00  9.427150e+00  9.104640e+00  
8.827260e+00  8.595060e+00  8.408060e+00  8.266140e+00  8.168290e+00  8.114640e+00  
8.107500e+00  8.144680e+00  8.224220e+00  8.346570e+00  8.505530e+00  8.593270e+00  
8.679030e+00  8.719740e+00  8.519610e+00  8.173100e+00  6.393190e+00  5.162640e+00  
2.625370e+00  1.927370e+00  1.145020e+00  9.451900e-01  1.233080e+01  1.201800e+01  
1.171660e+01  1.143470e+01  1.116840e+01  1.066580e+01  1.020820e+01  9.795720e+00  
9.427990e+00  9.105160e+00  8.827690e+00  8.595670e+00  8.409040e+00  8.267590e+00  
8.170250e+00  8.117050e+00  8.110340e+00  8.147920e+00  8.228040e+00  8.351760e+00  
8.514240e+00  8.605110e+00  8.695930e+00  8.748950e+00  8.608800e+00  8.314700e+00  
6.721310e+00  5.553420e+00  2.925390e+00  2.139040e+00  1.196040e+00  9.451450e-01  