5.107700e-01  5.219240e-01  5.333300e-01  5.451890e-01  5.575000e-01  5.833200e-01  
6.106100e-01  6.391400e-01  6.689000e-01  6.999200e-01  7.322800e-01  7.661500e-01  
8.019400e-01  8.399500e-01  8.801600e-01  9.221900e-01  9.648900e-01  1.005670e+00  
1.041490e+00  1.071400e+00  1.094900e+00  1.104260e+00  1.112720e+00  1.118840e+00  
1.125020e+00  1.126510e+00  1.127690e+00  1.127840e+00  1.127950e+00  1.127970e+00  
1.127980e+00  1.127650e+00  7.315500e-01  7.485020e-01  7.656100e-01  7.830010e-01  
8.007000e-01  8.370100e-01  8.745300e-01  9.132800e-01  9.532700e-01  9.945200e-01  
1.037150e+00  1.081190e+00  1.126730e+00  1.174000e+00  1.223510e+00  1.275300e+00  
1.327730e+00  1.377020e+00  1.419050e+00  1.453730e+00  1.480780e+00  1.491030e+00  
1.501480e+00  1.510320e+00  1.518020e+00  1.519860e+00  1.521480e+00  1.521620e+00  
1.521730e+00  1.521820e+00  1.521910e+00  1.513180e+00  9.456300e-01  9.674340e-01  
9.893500e-01  1.011470e+00  1.033830e+00  1.079280e+00  1.125650e+00  1.172870e+00  
1.220940e+00  1.269950e+00  1.320080e+00  1.371400e+00  1.423870e+00  1.477710e+00  
1.533420e+00  1.591020e+00  1.648710e+00  1.702510e+00  1.748270e+00  1.786230e+00  
1.816560e+00  1.828560e+00  1.841050e+00  1.851750e+00  1.861200e+00  1.863460e+00  
1.865450e+00  1.865640e+00  1.865790e+00  1.865890e+00  1.866030e+00  1.857910e+00  
1.346360e+00  1.376370e+00  1.406330e+00  1.436200e+00  1.466050e+00  1.525820e+00  
1.585430e+00  1.644770e+00  1.703830e+00  1.762920e+00  1.822490e+00  1.882590e+00  
1.943080e+00  2.003930e+00  2.065480e+00  2.127580e+00  2.188560e+00  2.245230e+00  
2.294420e+00  2.336710e+00  2.372580e+00  2.387910e+00  2.403920e+00  2.417540e+00  
2.430110e+00  2.433180e+00  2.435790e+00  2.436100e+00  2.436350e+00  2.436390e+00  
2.436410e+00  2.436470e+00  1.710050e+00  1.746630e+00  1.782890e+00  1.818610e+00  
1.853900e+00  1.923530e+00  1.991590e+00  2.058050e+00  2.123020e+00  2.186980e+00  
2.250790e+00  2.314550e+00  2.378150e+00  2.441320e+00  2.503700e+00  2.564730e+00  
2.623420e+00  2.678650e+00  2.729090e+00  2.773800e+00  2.813150e+00  2.831810e+00  
2.850630e+00  2.865740e+00  2.881010e+00  2.884750e+00  2.887790e+00  2.888330e+00  
2.888610e+00  2.888470e+00  2.888550e+00  2.896850e+00  2.038650e+00  2.081260e+00  
2.123100e+00  2.163610e+00  2.202950e+00  2.279050e+00  2.351730e+00  2.421640e+00  
2.489060e+00  2.554690e+00  2.619620e+00  2.683830e+00  2.747010e+00  2.808680e+00  
2.868580e+00  2.926390e+00  2.981540e+00  3.033990e+00  3.083550e+00  3.129360e+00  
3.171480e+00  3.191920e+00  3.212640e+00  3.229370e+00  3.246420e+00  3.250590e+00  
3.254030e+00  3.254690e+00  3.255000e+00  3.254710e+00  3.255000e+00  3.269040e+00  
2.336790e+00  2.384480e+00  2.430910e+00  2.475130e+00  2.517410e+00  2.597630e+00  
2.672490e+00  2.743370e+00  2.810820e+00  2.875690e+00  2.939300e+00  3.001620e+00  
3.062250e+00  3.120600e+00  3.176550e+00  3.230030e+00  3.280860e+00  3.329840e+00  
3.377660e+00  3.423580e+00  3.467350e+00  3.488990e+00  3.511000e+00  3.528820e+00  
3.547090e+00  3.551590e+00  3.555290e+00  3.556040e+00  3.556360e+00  3.556050e+00  
3.556400e+00  3.573000e+00  2.855060e+00  2.910640e+00  2.963950e+00  3.013260e+00  
3.059020e+00  3.142540e+00  3.216780e+00  3.284790e+00  3.347530e+00  3.406220e+00  
3.462620e+00  3.516830e+00  3.568620e+00  3.617570e+00  3.663850e+00  3.707760e+00  
3.749720e+00  3.791440e+00  3.834540e+00  3.878580e+00  3.923070e+00  3.945690e+00  
3.968850e+00  3.987670e+00  4.007130e+00  4.011990e+00  4.015950e+00  4.016700e+00  
4.017050e+00  4.016780e+00  4.016780e+00  4.031980e+00  3.291240e+00  3.352490e+00  
3.410450e+00  3.462610e+00  3.509620e+00  3.592130e+00  3.661640e+00  3.722910e+00  
3.777350e+00  3.826460e+00  3.872450e+00  3.915700e+00  3.956420e+00  3.994650e+00  
4.030750e+00  4.065340e+00  4.099070e+00  4.133870e+00  4.171610e+00  4.212160e+00  
4.255030e+00  4.277330e+00  4.300310e+00  4.319070e+00  4.338550e+00  4.343490e+00  
4.347450e+00  4.348070e+00  4.348450e+00  4.348380e+00  4.348450e+00  4.354740e+00  
4.143410e+00  4.212810e+00  4.276550e+00  4.330330e+00  4.375280e+00  4.445710e+00  
4.495050e+00  4.532080e+00  4.559550e+00  4.580100e+00  4.597300e+00  4.612080e+00  
4.625160e+00  4.637300e+00  4.649690e+00  4.663720e+00  4.680030e+00  4.699590e+00  
4.723460e+00  4.752410e+00  4.786490e+00  4.805030e+00  4.824530e+00  4.840750e+00  
4.857650e+00  4.861970e+00  4.865510e+00  4.865820e+00  4.866090e+00  4.866390e+00  
4.866330e+00  4.850340e+00  4.789030e+00  4.848650e+00  4.903790e+00  4.951020e+00  
4.991070e+00  5.053670e+00  5.091870e+00  5.107580e+00  5.105020e+00  5.091480e+00  
5.076140e+00  5.061660e+00  5.049050e+00  5.039460e+00  5.034390e+00  5.035010e+00  
5.040660e+00  5.048560e+00  5.056890e+00  5.069810e+00  5.092640e+00  5.107700e+00  
5.122240e+00  5.132880e+00  5.145960e+00  5.149370e+00  5.152000e+00  5.152150e+00  
5.152300e+00  5.152710e+00  5.152710e+00  5.124020e+00  5.717930e+00  5.768250e+00  
5.812480e+00  5.845980e+00  5.869890e+00  5.895200e+00  5.889860e+00  5.857480e+00  
5.804580e+00  5.741460e+00  5.680220e+00  5.624650e+00  5.575640e+00  5.533980e+00  
5.500700e+00  5.475940e+00  5.458410e+00  5.443590e+00  5.428210e+00  5.417170e+00  
5.416900e+00  5.420770e+00  5.423810e+00  5.425100e+00  5.429080e+00  5.430170e+00  
5.430930e+00  5.430860e+00  5.430820e+00  5.431060e+00  5.430790e+00  5.401860e+00  
6.399580e+00  6.435620e+00  6.464570e+00  6.481070e+00  6.486660e+00  6.473120e+00  
6.426480e+00  6.351680e+00  6.256820e+00  6.154030e+00  6.057180e+00  5.970310e+00  
5.894150e+00  5.828570e+00  5.773740e+00  5.728540e+00  5.691340e+00  5.657030e+00  
5.621870e+00  5.590880e+00  5.570700e+00  5.564620e+00  5.557440e+00  5.550460e+00  
5.546380e+00  5.545470e+00  5.544570e+00  5.544340e+00  5.544170e+00  5.544450e+00  
5.544310e+00  5.523930e+00  6.921750e+00  6.973460e+00  7.009030e+00  7.016460e+00  
7.000210e+00  6.922610e+00  6.806660e+00  6.683480e+00  6.560220e+00  6.440100e+00  
6.326760e+00  6.221680e+00  6.125730e+00  6.038730e+00  5.961180e+00  5.892650e+00  
5.832830e+00  5.779780e+00  5.731750e+00  5.689140e+00  5.651780e+00  5.634620e+00  
5.618390e+00  5.606450e+00  5.595040e+00  5.592290e+00  5.590170e+00  5.589810e+00  
5.589570e+00  5.589710e+00  5.589600e+00  5.579960e+00  7.380340e+00  7.419020e+00  
7.440010e+00  7.430210e+00  7.394840e+00  7.277110e+00  7.121840e+00  6.964000e+00  
6.810950e+00  6.665010e+00  6.529050e+00  6.403900e+00  6.289300e+00  6.184450e+00  
6.089810e+00  6.005150e+00  5.929930e+00  5.861910e+00  5.799190e+00  5.742450e+00  
5.691370e+00  5.667150e+00  5.643700e+00  5.626010e+00  5.608950e+00  5.604890e+00  
5.601640e+00  5.601220e+00  5.600910e+00  5.600850e+00  5.600800e+00  5.601390e+00  
8.306090e+00  8.210320e+00  8.113280e+00  8.014320e+00  7.915230e+00  7.722180e+00  
7.533990e+00  7.350840e+00  7.172930e+00  7.000340e+00  6.833680e+00  6.674110e+00  
6.522020e+00  6.377830e+00  6.242800e+00  6.118620e+00  6.006380e+00  5.907900e+00  
5.824190e+00  5.751990e+00  5.690430e+00  5.666940e+00  5.650290e+00  5.635530e+00  
5.572440e+00  5.542500e+00  5.556230e+00  5.562710e+00  5.559510e+00  5.557210e+00  
5.560420e+00  5.573490e+00  8.685900e+00  8.662770e+00  8.619500e+00  8.541400e+00  
8.435700e+00  8.180080e+00  7.898210e+00  7.632420e+00  7.388910e+00  7.166830e+00  
6.965130e+00  6.781860e+00  6.612360e+00  6.453490e+00  6.306030e+00  6.171190e+00  
6.047850e+00  5.933380e+00  5.825900e+00  5.726950e+00  5.635820e+00  5.591240e+00  
5.547210e+00  5.513180e+00  5.480020e+00  5.472110e+00  5.465680e+00  5.465010e+00  
5.464470e+00  5.463990e+00  5.464110e+00  5.485350e+00  9.779320e+00  9.580970e+00  
9.383800e+00  9.189140e+00  8.998850e+00  8.635770e+00  8.293570e+00  7.971410e+00  
7.668730e+00  7.385590e+00  7.122210e+00  6.878270e+00  6.652840e+00  6.444540e+00  
6.251610e+00  6.073560e+00  5.911580e+00  5.765650e+00  5.633970e+00  5.505890e+00  
5.371820e+00  5.305250e+00  5.244730e+00  5.202720e+00  5.157700e+00  5.145910e+00  
5.136940e+00  5.136080e+00  5.135190e+00  5.134830e+00  5.135130e+00  5.145750e+00  
1.034980e+01  1.008900e+01  9.831960e+00  9.581960e+00  9.340390e+00  8.884180e+00  
8.460920e+00  8.068960e+00  7.706870e+00  7.373690e+00  7.068980e+00  6.791000e+00  
6.537370e+00  6.305020e+00  6.089560e+00  5.888170e+00  5.702160e+00  5.531110e+00  
5.372910e+00  5.217740e+00  5.057880e+00  4.979980e+00  4.910680e+00  4.863580e+00  
4.810250e+00  4.795060e+00  4.784750e+00  4.783730e+00  4.782580e+00  4.782480e+00  
4.782320e+00  4.776000e+00  1.098230e+01  1.063380e+01  1.029340e+01  9.967870e+00  
9.657210e+00  9.075880e+00  8.543980e+00  8.058530e+00  7.617390e+00  7.217400e+00  
6.856050e+00  6.530190e+00  6.235710e+00  5.967680e+00  5.719150e+00  5.485310e+00  
5.266600e+00  5.063510e+00  4.872880e+00  4.685340e+00  4.494530e+00  4.402390e+00  
4.320600e+00  4.264760e+00  4.200530e+00  4.181890e+00  4.169470e+00  4.168310e+00  
4.166940e+00  4.166790e+00  4.166530e+00  4.159180e+00  1.127460e+01  1.089740e+01  
1.052430e+01  1.015920e+01  9.803830e+00  9.127820e+00  8.510950e+00  7.964520e+00  
7.482710e+00  7.054280e+00  6.668040e+00  6.316750e+00  5.993230e+00  5.692280e+00  
5.412020e+00  5.150960e+00  4.907880e+00  4.680130e+00  4.464750e+00  4.260110e+00  
4.065480e+00  3.971700e+00  3.879590e+00  3.808010e+00  3.736890e+00  3.719130e+00  
3.705020e+00  3.703230e+00  3.701880e+00  3.701670e+00  3.701600e+00  3.702710e+00  
1.151370e+01  1.105800e+01  1.061900e+01  1.020910e+01  9.824960e+00  9.114010e+00  
8.476620e+00  7.904340e+00  7.390890e+00  6.928280e+00  6.508630e+00  6.127240e+00  
5.780150e+00  5.462800e+00  5.169280e+00  4.895020e+00  4.638550e+00  4.397200e+00  
4.168890e+00  3.951450e+00  3.744940e+00  3.645840e+00  3.546670e+00  3.467760e+00  
3.391200e+00  3.372860e+00  3.358250e+00  3.356480e+00  3.354830e+00  3.354550e+00  
3.354490e+00  3.357300e+00  1.164540e+01  1.115640e+01  1.068730e+01  1.025270e+01  
9.847490e+00  9.098740e+00  8.430950e+00  7.834190e+00  7.300090e+00  6.819270e+00  
6.382720e+00  5.985330e+00  5.623150e+00  5.291760e+00  4.985590e+00  4.700190e+00  
4.433780e+00  4.183200e+00  3.946020e+00  3.719940e+00  3.503780e+00  3.399240e+00  
3.294260e+00  3.210430e+00  3.129090e+00  3.109880e+00  3.094690e+00  3.092790e+00  
3.090970e+00  3.090690e+00  3.090610e+00  3.092130e+00  1.178810e+01  1.125590e+01  
1.074830e+01  1.028330e+01  9.852490e+00  9.057120e+00  8.351740e+00  7.725030e+00  
7.165620e+00  6.662470e+00  6.205560e+00  5.789430e+00  5.409900e+00  5.062440e+00  
4.741440e+00  4.442410e+00  4.162990e+00  3.899380e+00  3.648300e+00  3.407870e+00  
3.175510e+00  3.062030e+00  2.948250e+00  2.857370e+00  2.767410e+00  2.745280e+00  
2.727810e+00  2.725720e+00  2.723800e+00  2.723530e+00  2.723410e+00  2.722860e+00  
1.184940e+01  1.129200e+01  1.076250e+01  1.028100e+01  9.836860e+00  9.016870e+00  
8.291840e+00  7.649340e+00  7.076660e+00  6.562050e+00  6.095150e+00  5.670300e+00  
5.282990e+00  4.928280e+00  4.600180e+00  4.293770e+00  4.006360e+00  3.733690e+00  
3.471910e+00  3.218870e+00  2.972100e+00  2.850600e+00  2.729100e+00  2.632150e+00  
2.533790e+00  2.508130e+00  2.487790e+00  2.485520e+00  2.483620e+00  2.483310e+00  
2.483130e+00  2.482490e+00  1.186290e+01  1.128150e+01  1.073240e+01  1.023850e+01  
9.785760e+00  8.948040e+00  8.209750e+00  7.554150e+00  6.969430e+00  6.444130e+00  
5.968470e+00  5.536500e+00  5.143220e+00  4.783070e+00  4.449260e+00  4.136180e+00  
3.840400e+00  3.556470e+00  3.278990e+00  3.003260e+00  2.724870e+00  2.582740e+00  
2.436710e+00  2.317080e+00  2.196520e+00  2.165500e+00  2.140350e+00  2.137440e+00  
2.135110e+00  2.134750e+00  2.134460e+00  2.134200e+00  1.180750e+01  1.122620e+01  
1.067910e+01  1.019040e+01  9.743830e+00  8.914630e+00  8.182620e+00  7.529120e+00  
6.944120e+00  6.417570e+00  5.940920e+00  5.508390e+00  5.114880e+00  4.754730e+00  
4.421100e+00  4.108050e+00  3.811450e+00  3.524610e+00  3.240160e+00  2.949810e+00  
2.643640e+00  2.480600e+00  2.305740e+00  2.157290e+00  2.013420e+00  1.980250e+00  
1.953220e+00  1.949650e+00  1.946380e+00  1.945980e+00  1.945700e+00  1.946690e+00  
1.165950e+01  1.109660e+01  1.056960e+01  1.010360e+01  9.679780e+00  8.887160e+00  
8.179680e+00  7.542110e+00  6.967550e+00  6.449260e+00  5.981450e+00  5.558260e+00  
5.173610e+00  4.820560e+00  4.490290e+00  4.176000e+00  3.874950e+00  3.583040e+00  
3.292080e+00  2.983560e+00  2.634780e+00  2.437930e+00  2.218960e+00  2.023450e+00  
1.820630e+00  1.776570e+00  1.754930e+00  1.752610e+00  1.745880e+00  1.744420e+00  
1.745790e+00  1.755620e+00  1.154440e+01  1.099660e+01  1.048690e+01  1.004150e+01  
9.639060e+00  8.882910e+00  8.202300e+00  7.584980e+00  7.025010e+00  6.516610e+00  
6.054820e+00  5.635170e+00  5.253260e+00  4.904210e+00  4.582010e+00  4.280640e+00  
3.994080e+00  3.711880e+00  3.419550e+00  3.094450e+00  2.705960e+00  2.475520e+00  
2.209560e+00  1.967210e+00  1.723960e+00  1.677120e+00  1.653770e+00  1.650620e+00  
1.642220e+00  1.640550e+00  1.642460e+00  1.660890e+00  1.144740e+01  1.091350e+01  
1.041950e+01  9.992600e+00  9.609080e+00  8.883950e+00  8.226980e+00  7.628270e+00  
7.083150e+00  6.586900e+00  6.135570e+00  5.725120e+00  5.351380e+00  5.009620e+00  
4.693990e+00  4.398440e+00  4.116640e+00  3.837390e+00  3.544370e+00  3.210480e+00  
2.797130e+00  2.543350e+00  2.241100e+00  1.959660e+00  1.670880e+00  1.615280e+00  
1.593960e+00  1.591530e+00  1.581090e+00  1.578780e+00  1.582520e+00  1.603030e+00  
1.137010e+01  1.084700e+01  1.036580e+01  9.954700e+00  9.587350e+00  8.888000e+00  
8.251760e+00  7.670010e+00  7.138940e+00  6.654600e+00  6.213740e+00  5.812570e+00  
5.447110e+00  5.112710e+00  4.803510e+00  4.513410e+00  4.235980e+00  3.959640e+00  
3.666850e+00  3.327220e+00  2.895270e+00  2.622590e+00  2.289380e+00  1.972750e+00  
1.641050e+00  1.576100e+00  1.555520e+00  1.553710e+00  1.541540e+00  1.538800e+00  
1.543210e+00  1.564450e+00  1.125530e+01  1.074850e+01  1.028690e+01  9.900780e+00  
9.559110e+00  8.900130e+00  8.297950e+00  7.745020e+00  7.238670e+00  6.775850e+00  
6.354150e+00  5.970210e+00  5.620230e+00  5.299690e+00  5.002630e+00  4.722870e+00  
4.453950e+00  4.184000e+00  3.893790e+00  3.547860e+00  3.089240e+00  2.787170e+00  
2.403730e+00  2.028630e+00  1.623520e+00  1.537200e+00  1.505440e+00  1.504660e+00  
1.495350e+00  1.493230e+00  1.499880e+00  1.515380e+00  1.117470e+01  1.068030e+01  
1.023360e+01  9.865930e+00  9.543310e+00  8.914710e+00  8.338780e+00  7.808680e+00  
7.322390e+00  6.877510e+00  6.472180e+00  6.103250e+00  5.767020e+00  5.458960e+00  
5.172900e+00  4.902470e+00  4.641340e+00  4.377670e+00  4.091530e+00  3.744650e+00  
3.271320e+00  2.948860e+00  2.526270e+00  2.101060e+00  1.628210e+00  1.522990e+00  
1.480140e+00  1.478870e+00  1.469200e+00  1.466950e+00  1.473510e+00  1.485840e+00  
1.110050e+01  1.061280e+01  1.017740e+01  9.828500e+00  9.527820e+00  8.939200e+00  
8.403590e+00  7.914020e+00  7.467540e+00  7.060700e+00  6.690480e+00  6.353540e+00  
6.046090e+00  5.763000e+00  5.496970e+00  5.241390e+00  4.992110e+00  4.741460e+00  
4.472390e+00  4.143960e+00  3.671750e+00  3.321730e+00  2.823290e+00  2.296420e+00  
1.683010e+00  1.524020e+00  1.461530e+00  1.454090e+00  1.433930e+00  1.434650e+00  
1.430420e+00  1.446290e+00  1.104150e+01  1.056640e+01  1.014520e+01  9.813030e+00  
9.529660e+00  8.971240e+00  8.462710e+00  7.998100e+00  7.574800e+00  7.189710e+00  
6.840110e+00  6.522960e+00  6.234640e+00  5.970150e+00  5.722080e+00  5.483740e+00  
5.251030e+00  5.016150e+00  4.761530e+00  4.443980e+00  3.972240e+00  3.612270e+00  
3.086360e+00  2.506900e+00  1.767770e+00  1.556850e+00  1.452570e+00  1.441200e+00  
1.418590e+00  1.418000e+00  1.414310e+00  1.425780e+00  1.094240e+01  1.049640e+01  
1.010480e+01  9.802600e+00  9.547430e+00  9.034410e+00  8.561380e+00  8.125230e+00  
7.725520e+00  7.361810e+00  7.033970e+00  6.739830e+00  6.476150e+00  6.238380e+00  
6.019360e+00  5.812050e+00  5.610720e+00  5.403870e+00  5.171510e+00  4.874370e+00  
4.420660e+00  4.062140e+00  3.516790e+00  2.870740e+00  1.948030e+00  1.669140e+00  
1.447700e+00  1.423140e+00  1.406610e+00  1.403980e+00  1.400330e+00  1.405880e+00  
1.092400e+01  1.048480e+01  1.010120e+01  9.808900e+00  9.564210e+00  9.069720e+00  
8.614190e+00  8.195010e+00  7.811890e+00  7.464610e+00  7.153190e+00  6.875740e+00  
6.629270e+00  6.409470e+00  6.209330e+00  6.021950e+00  5.841710e+00  5.656960e+00  
5.448100e+00  5.177770e+00  4.753710e+00  4.406930e+00  3.860210e+00  3.178800e+00  
2.119530e+00  1.770620e+00  1.462290e+00  1.423350e+00  1.399090e+00  1.396130e+00  
1.389160e+00  1.395630e+00  1.092320e+01  1.048640e+01  1.010590e+01  9.818050e+00  
9.578370e+00  9.093800e+00  8.648890e+00  8.241020e+00  7.869470e+00  7.533660e+00  
7.233230e+00  6.966640e+00  6.731650e+00  6.524950e+00  6.340940e+00  6.173230e+00  
6.014480e+00  5.848670e+00  5.653000e+00  5.393350e+00  4.987970e+00  4.663530e+00  
4.156030e+00  3.481780e+00  2.277200e+00  1.852400e+00  1.480660e+00  1.431690e+00  
1.394550e+00  1.388800e+00  1.386290e+00  1.389650e+00  1.091980e+01  1.048670e+01  
1.011000e+01  9.826040e+00  9.590260e+00  9.113340e+00  8.676110e+00  8.276090e+00  
7.912530e+00  7.584740e+00  7.292260e+00  7.033740e+00  6.807290e+00  6.609960e+00  
6.436700e+00  6.281660e+00  6.137970e+00  5.990040e+00  5.814860e+00  5.576410e+00  
5.191820e+00  4.879180e+00  4.385620e+00  3.714000e+00  2.436260e+00  1.945730e+00  
1.496540e+00  1.436540e+00  1.392830e+00  1.385460e+00  1.382810e+00  1.385620e+00  
1.091280e+01  1.048700e+01  1.011710e+01  9.838720e+00  9.608000e+00  9.141060e+00  
8.713430e+00  8.323140e+00  7.969640e+00  7.652470e+00  7.371390e+00  7.125230e+00  
6.912150e+00  6.729280e+00  6.571460e+00  6.433210e+00  6.309090e+00  6.186040e+00  
6.043400e+00  5.845430e+00  5.509420e+00  5.223960e+00  4.755470e+00  4.085340e+00  
2.709740e+00  2.132590e+00  1.534390e+00  1.446630e+00  1.389810e+00  1.384990e+00  
1.375550e+00  1.380490e+00  1.092860e+01  1.050150e+01  1.013030e+01  9.850830e+00  
9.619560e+00  9.154280e+00  8.731120e+00  8.347590e+00  8.002380e+00  7.694120e+00  
7.421560e+00  7.183460e+00  6.978180e+00  6.803020e+00  6.653030e+00  6.524050e+00  
6.414580e+00  6.318990e+00  6.218890e+00  6.058430e+00  5.738100e+00  5.463280e+00  
5.030210e+00  4.397310e+00  2.956470e+00  2.295400e+00  1.569750e+00  1.462340e+00  
1.390490e+00  1.382070e+00  1.374880e+00  1.377440e+00  1.090550e+01  1.049170e+01  
1.013160e+01  9.859990e+00  9.634720e+00  9.181090e+00  8.767950e+00  8.393390e+00  
8.056290e+00  7.755660e+00  7.490690e+00  7.260950e+00  7.065990e+00  6.904810e+00  
6.775060e+00  6.673970e+00  6.597460e+00  6.533170e+00  6.461420e+00  6.348150e+00  
6.114220e+00  5.894230e+00  5.518880e+00  4.937560e+00  3.462100e+00  2.650990e+00  
1.663030e+00  1.510040e+00  1.394390e+00  1.383000e+00  1.366940e+00  1.373540e+00  
1.088740e+01  1.048610e+01  1.013540e+01  9.868130e+00  9.644640e+00  9.195660e+00  
8.786260e+00  8.415040e+00  8.081290e+00  7.784540e+00  7.524660e+00  7.301330e+00  
7.114060e+00  6.961730e+00  6.841830e+00  6.751840e+00  6.689520e+00  6.645850e+00  
6.604360e+00  6.531200e+00  6.353060e+00  6.170460e+00  5.834920e+00  5.297080e+00  
3.852030e+00  2.965530e+00  1.753520e+00  1.553150e+00  1.401660e+00  1.385350e+00  
1.368500e+00  1.370850e+00  1.084790e+01  1.047250e+01  1.014000e+01  9.878060e+00  
9.654050e+00  9.208990e+00  8.803200e+00  8.435830e+00  8.106350e+00  7.814640e+00  
7.560840e+00  7.344650e+00  7.165600e+00  7.022710e+00  6.913750e+00  6.836850e+00  
6.790860e+00  6.768370e+00  6.757330e+00  6.735460e+00  6.639240e+00  6.508050e+00  
6.233560e+00  5.766370e+00  4.420510e+00  3.458220e+00  1.931040e+00  1.656470e+00  
1.418330e+00  1.392930e+00  1.364500e+00  1.369140e+00  1.081430e+01  1.045970e+01  
1.014140e+01  9.883150e+00  9.658010e+00  9.215460e+00  8.812070e+00  8.446860e+00  
8.119650e+00  7.830700e+00  7.580510e+00  7.368520e+00  7.193590e+00  7.054600e+00  
6.950210e+00  6.879610e+00  6.843120e+00  6.835840e+00  6.847260e+00  6.851510e+00  
6.786690e+00  6.687290e+00  6.487150e+00  6.122770e+00  4.817820e+00  3.777800e+00  
2.115000e+00  1.780490e+00  1.433850e+00  1.385700e+00  1.369090e+00  1.368260e+00  
1.078900e+01  1.045000e+01  1.014250e+01  9.886980e+00  9.660930e+00  9.219720e+00  
8.817500e+00  8.453610e+00  8.127880e+00  7.840640e+00  7.592460e+00  7.382770e+00  
7.210450e+00  7.074450e+00  6.973510e+00  6.907070e+00  6.875950e+00  6.876190e+00  
6.899240e+00  6.923350e+00  6.893030e+00  6.818890e+00  6.652780e+00  6.335770e+00  
5.128870e+00  4.084230e+00  2.268650e+00  1.877790e+00  1.454760e+00  1.393250e+00  
1.372590e+00  1.367610e+00  1.077090e+01  1.044230e+01  1.014200e+01  9.888450e+00  
9.662030e+00  9.222590e+00  8.822180e+00  8.459990e+00  8.135630e+00  7.849190e+00  
7.600970e+00  7.391120e+00  7.219620e+00  7.086130e+00  6.989080e+00  6.927350e+00  
6.900980e+00  6.904320e+00  6.929550e+00  6.965860e+00  6.977430e+00  6.934170e+00  
6.777190e+00  6.442430e+00  5.344530e+00  4.420000e+00  2.410160e+00  1.945040e+00  
1.475940e+00  1.418460e+00  1.367130e+00  1.367190e+00  1.074950e+01  1.043500e+01  
1.014430e+01  9.893090e+00  9.665500e+00  9.226130e+00  8.825690e+00  8.464120e+00  
8.141210e+00  7.857030e+00  7.611850e+00  7.405260e+00  7.236380e+00  7.104550e+00  
7.009200e+00  6.950260e+00  6.928390e+00  6.939150e+00  6.976570e+00  7.033010e+00  
7.072080e+00  7.048440e+00  6.939290e+00  6.695630e+00  5.728790e+00  4.766500e+00  
2.681430e+00  2.142060e+00  1.520310e+00  1.421980e+00  1.378510e+00  1.366640e+00  
1.073520e+01  1.042960e+01  1.014500e+01  9.895340e+00  9.667240e+00  9.228550e+00  
8.828760e+00  8.468080e+00  8.146130e+00  7.862770e+00  7.618120e+00  7.412080e+00  
7.244510e+00  7.114970e+00  7.022210e+00  6.965670e+00  6.946470e+00  6.961090e+00  
7.004380e+00  7.068170e+00  7.128950e+00  7.133190e+00  7.061560e+00  6.839040e+00  
5.939920e+00  5.111980e+00  2.933810e+00  2.292090e+00  1.560390e+00  1.450930e+00  
1.373410e+00  1.366210e+00  1.071470e+01  1.042180e+01  1.014580e+01  9.898120e+00  
9.668990e+00  9.231160e+00  8.832400e+00  8.473030e+00  8.152590e+00  7.870690e+00  
7.627230e+00  7.422320e+00  7.256170e+00  7.128630e+00  7.038440e+00  6.985130e+00  
6.970160e+00  6.990710e+00  7.042870e+00  7.121370e+00  7.208560e+00  7.238580e+00  
7.222570e+00  7.083680e+00  6.344100e+00  5.625440e+00  3.446610e+00  2.653990e+00  
1.660910e+00  1.498000e+00  1.384490e+00  1.366090e+00  1.070300e+01  1.041730e+01  
1.014610e+01  9.899540e+00  9.669840e+00  9.232590e+00  8.834370e+00  8.475520e+00  
8.155580e+00  7.874220e+00  7.631430e+00  7.427310e+00  7.262090e+00  7.135640e+00  
7.046750e+00  6.995110e+00  6.982380e+00  7.005970e+00  7.062770e+00  7.149280e+00  
7.250470e+00  7.293460e+00  7.306940e+00  7.218130e+00  6.595140e+00  5.961820e+00  
3.847640e+00  2.959770e+00  1.757600e+00  1.546780e+00  1.395780e+00  1.365720e+00  
1.069060e+01  1.041240e+01  1.014630e+01  9.900910e+00  9.670650e+00  9.234060e+00  
8.836440e+00  8.477950e+00  8.158270e+00  7.877290e+00  7.635230e+00  7.432140e+00  
7.268030e+00  7.142720e+00  7.055150e+00  7.005210e+00  6.994710e+00  7.021410e+00  
7.082940e+00  7.177850e+00  7.293930e+00  7.350030e+00  7.392170e+00  7.358880e+00  
6.898410e+00  6.386650e+00  4.441730e+00  3.448400e+00  1.938450e+00  1.645320e+00  
1.419060e+00  1.365600e+00  1.068480e+01  1.041010e+01  1.014640e+01  9.901510e+00  
9.670840e+00  9.234410e+00  8.837040e+00  8.478840e+00  8.159560e+00  7.879140e+00  
7.637830e+00  7.435400e+00  7.271350e+00  7.145570e+00  7.058220e+00  7.009970e+00  
7.001970e+00  7.030190e+00  7.091270e+00  7.187640e+00  7.320220e+00  7.392220e+00  
7.435260e+00  7.391330e+00  7.077050e+00  6.752680e+00  4.822420e+00  3.768490e+00  
2.111150e+00  1.765350e+00  1.442200e+00  1.365600e+00  1.069910e+01  1.042040e+01  
1.015270e+01  9.903950e+00  9.670190e+00  9.230820e+00  8.833040e+00  8.475650e+00  
8.157800e+00  7.878960e+00  7.638820e+00  7.437280e+00  7.274240e+00  7.149020e+00  
7.059450e+00  7.005560e+00  6.992790e+00  7.027020e+00  7.109690e+00  7.220840e+00  
7.335350e+00  7.394030e+00  7.453510e+00  7.470710e+00  7.203250e+00  6.822650e+00  
5.170860e+00  4.136530e+00  2.272230e+00  1.839530e+00  1.461690e+00  1.365420e+00  
1.069610e+01  1.041920e+01  1.015270e+01  9.904320e+00  9.670420e+00  9.231180e+00  
8.833510e+00  8.476230e+00  8.158510e+00  7.879770e+00  7.639750e+00  7.438360e+00  
7.275480e+00  7.150450e+00  7.061140e+00  7.007600e+00  6.995310e+00  7.030200e+00  
7.113840e+00  7.226450e+00  7.343900e+00  7.405730e+00  7.471880e+00  7.502050e+00  
7.284120e+00  6.952050e+00  5.414540e+00  4.388080e+00  2.425150e+00  1.936850e+00  
1.482480e+00  1.365390e+00  1.067360e+01  1.040580e+01  1.014680e+01  9.903000e+00  
9.671790e+00  9.235740e+00  8.838710e+00  8.480940e+00  8.162080e+00  7.881970e+00  
7.640770e+00  7.438600e+00  7.275590e+00  7.151640e+00  7.065770e+00  7.017980e+00  
7.010310e+00  7.040890e+00  7.108160e+00  7.212670e+00  7.349970e+00  7.426560e+00  
7.501400e+00  7.540800e+00  7.393570e+00  7.122820e+00  5.765330e+00  4.779790e+00  
2.701900e+00  2.128360e+00  1.523010e+00  1.365330e+00  1.067130e+01  1.040460e+01  
1.014630e+01  9.902620e+00  9.671310e+00  9.235510e+00  8.838750e+00  8.481110e+00  
8.162340e+00  7.882510e+00  7.641880e+00  7.440230e+00  7.277090e+00  7.152290e+00  
7.065970e+00  7.018910e+00  7.012750e+00  7.044440e+00  7.111390e+00  7.215170e+00  
7.356720e+00  7.440060e+00  7.520540e+00  7.553570e+00  7.436940e+00  7.280890e+00  
6.004940e+00  5.026590e+00  2.943650e+00  2.331420e+00  1.553710e+00  1.365720e+00  