1.433650e+00  1.458670e+00  1.483680e+00  1.508690e+00  1.533730e+00  1.583960e+00  
1.634090e+00  1.683860e+00  1.732900e+00  1.780880e+00  1.827440e+00  1.872320e+00  
1.915300e+00  1.956520e+00  1.996700e+00  2.036420e+00  2.075250e+00  2.112640e+00  
2.148260e+00  2.183110e+00  2.218360e+00  2.236380e+00  2.255870e+00  2.273620e+00  
2.296450e+00  2.303310e+00  2.307910e+00  2.308380e+00  2.308940e+00  2.308970e+00  
2.309150e+00  2.309580e+00  1.879380e+00  1.907570e+00  1.935640e+00  1.963510e+00  
1.991260e+00  2.046580e+00  2.101290e+00  2.155040e+00  2.207480e+00  2.258200e+00  
2.306870e+00  2.353230e+00  2.397200e+00  2.439050e+00  2.479860e+00  2.520560e+00  
2.560940e+00  2.600790e+00  2.640290e+00  2.681300e+00  2.725210e+00  2.746980e+00  
2.766070e+00  2.778900e+00  2.796660e+00  2.802910e+00  2.806110e+00  2.806330e+00  
2.806820e+00  2.806810e+00  2.806990e+00  2.811040e+00  2.254800e+00  2.288210e+00  
2.321060e+00  2.352940e+00  2.383980e+00  2.444060e+00  2.501010e+00  2.554660e+00  
2.605130e+00  2.652900e+00  2.698820e+00  2.742990e+00  2.785410e+00  2.826240e+00  
2.866270e+00  2.906260e+00  2.946270e+00  2.986650e+00  3.027700e+00  3.069360e+00  
3.110880e+00  3.130940e+00  3.150210e+00  3.164730e+00  3.179970e+00  3.184100e+00  
3.187200e+00  3.187560e+00  3.187870e+00  3.187860e+00  3.187900e+00  3.191160e+00  
2.870050e+00  2.911680e+00  2.952030e+00  2.990110e+00  3.026140e+00  3.093080e+00  
3.152490e+00  3.204460e+00  3.249710e+00  3.289940e+00  3.327570e+00  3.363230e+00  
3.397180e+00  3.429830e+00  3.462390e+00  3.495830e+00  3.529970e+00  3.564170e+00  
3.598180e+00  3.633690e+00  3.672230e+00  3.691860e+00  3.709930e+00  3.722440e+00  
3.735470e+00  3.738750e+00  3.741200e+00  3.741490e+00  3.741740e+00  3.741770e+00  
3.741840e+00  3.741100e+00  3.364310e+00  3.414520e+00  3.462160e+00  3.505240e+00  
3.544200e+00  3.612400e+00  3.668190e+00  3.713910e+00  3.751180e+00  3.782660e+00  
3.811860e+00  3.839450e+00  3.865250e+00  3.889200e+00  3.912050e+00  3.934660e+00  
3.957550e+00  3.981860e+00  4.008610e+00  4.037320e+00  4.067800e+00  4.083950e+00  
4.100030e+00  4.112060e+00  4.122710e+00  4.125400e+00  4.127560e+00  4.127800e+00  
4.127980e+00  4.128060e+00  4.128200e+00  4.123960e+00  3.767800e+00  3.833560e+00  
3.893420e+00  3.942920e+00  3.983290e+00  4.044720e+00  4.087970e+00  4.124560e+00  
4.156290e+00  4.183080e+00  4.205060e+00  4.222710e+00  4.237280e+00  4.250000e+00  
4.262120e+00  4.274880e+00  4.288690e+00  4.304140e+00  4.321740e+00  4.341250e+00  
4.363120e+00  4.375650e+00  4.389030e+00  4.399740e+00  4.408540e+00  4.410530e+00  
4.412380e+00  4.412550e+00  4.412720e+00  4.412870e+00  4.412810e+00  4.406620e+00  
4.132660e+00  4.189110e+00  4.242290e+00  4.289690e+00  4.331770e+00  4.402620e+00  
4.454710e+00  4.489070e+00  4.508480e+00  4.518090e+00  4.524590e+00  4.529730e+00  
4.534010e+00  4.538000e+00  4.542580e+00  4.548560e+00  4.555600e+00  4.562640e+00  
4.569150e+00  4.577640e+00  4.591540e+00  4.601000e+00  4.611500e+00  4.619940e+00  
4.626470e+00  4.628150e+00  4.629670e+00  4.629790e+00  4.629870e+00  4.629970e+00  
4.630100e+00  4.622560e+00  4.714690e+00  4.774440e+00  4.829940e+00  4.877930e+00  
4.919050e+00  4.984330e+00  5.025890e+00  5.045410e+00  5.046710e+00  5.036560e+00  
5.023520e+00  5.009830e+00  4.996010e+00  4.982700e+00  4.970470e+00  4.959910e+00  
4.950570e+00  4.941050e+00  4.930660e+00  4.922430e+00  4.920610e+00  4.922840e+00  
4.926420e+00  4.929780e+00  4.931820e+00  4.932440e+00  4.933090e+00  4.933110e+00  
4.933120e+00  4.933210e+00  4.933170e+00  4.927000e+00  5.179870e+00  5.239600e+00  
5.294320e+00  5.340190e+00  5.378020e+00  5.434150e+00  5.463130e+00  5.467220e+00  
5.451070e+00  5.422680e+00  5.391940e+00  5.361430e+00  5.331660e+00  5.303260e+00  
5.276490e+00  5.251660e+00  5.228210e+00  5.204430e+00  5.179490e+00  5.156920e+00  
5.141610e+00  5.137260e+00  5.133680e+00  5.131080e+00  5.128680e+00  5.128230e+00  
5.127900e+00  5.127840e+00  5.127770e+00  5.127800e+00  5.127840e+00  5.124570e+00  
6.041880e+00  6.093870e+00  6.139490e+00  6.173910e+00  6.198370e+00  6.224030e+00  
6.217780e+00  6.183110e+00  6.126290e+00  6.057380e+00  5.988500e+00  5.922530e+00  
5.860220e+00  5.801670e+00  5.746550e+00  5.694330e+00  5.644070e+00  5.593280e+00  
5.540640e+00  5.490660e+00  5.449030e+00  5.431100e+00  5.411500e+00  5.394760e+00  
5.382810e+00  5.380040e+00  5.377420e+00  5.377140e+00  5.376930e+00  5.376820e+00  
5.376740e+00  5.382080e+00  6.655790e+00  6.694820e+00  6.726570e+00  6.745570e+00  
6.753490e+00  6.744460e+00  6.701660e+00  6.629650e+00  6.535930e+00  6.431960e+00  
6.331090e+00  6.236590e+00  6.149070e+00  6.068050e+00  5.992660e+00  5.921400e+00  
5.852950e+00  5.784010e+00  5.712600e+00  5.643650e+00  5.582980e+00  5.554670e+00  
5.522470e+00  5.494480e+00  5.475310e+00  5.470750e+00  5.466310e+00  5.465870e+00  
5.465570e+00  5.465350e+00  5.465580e+00  5.477540e+00  7.508840e+00  7.516900e+00  
7.516620e+00  7.501830e+00  7.474960e+00  7.396240e+00  7.284160e+00  7.144870e+00  
6.987660e+00  6.825790e+00  6.673600e+00  6.535040e+00  6.410020e+00  6.296870e+00  
6.193640e+00  6.097020e+00  6.005050e+00  5.913090e+00  5.817960e+00  5.724460e+00  
5.637830e+00  5.595180e+00  5.546410e+00  5.504200e+00  5.474970e+00  5.467870e+00  
5.460990e+00  5.460310e+00  5.459870e+00  5.459520e+00  5.459590e+00  5.477290e+00  
8.099410e+00  8.075290e+00  8.042450e+00  7.994500e+00  7.934470e+00  7.791540e+00  
7.618480e+00  7.422470e+00  7.213680e+00  7.006120e+00  6.814490e+00  6.642510e+00  
6.489660e+00  6.353080e+00  6.229450e+00  6.114430e+00  6.005550e+00  5.897600e+00  
5.786730e+00  5.677070e+00  5.573200e+00  5.521730e+00  5.464580e+00  5.416120e+00  
5.379780e+00  5.370860e+00  5.362640e+00  5.361780e+00  5.361170e+00  5.360820e+00  
5.361150e+00  5.376460e+00  8.539270e+00  8.499000e+00  8.446020e+00  8.371100e+00  
8.278960e+00  8.065350e+00  7.821740e+00  7.566430e+00  7.311980e+00  7.072830e+00  
6.863230e+00  6.680270e+00  6.512760e+00  6.352510e+00  6.202900e+00  6.065820e+00  
5.939160e+00  5.817910e+00  5.698020e+00  5.581410e+00  5.465690e+00  5.404770e+00  
5.343340e+00  5.296170e+00  5.253700e+00  5.242900e+00  5.234220e+00  5.233230e+00  
5.232450e+00  5.232190e+00  5.232240e+00  5.240480e+00  8.884510e+00  8.827540e+00  
8.754720e+00  8.654630e+00  8.533620e+00  8.259240e+00  7.958910e+00  7.659980e+00  
7.373370e+00  7.108660e+00  6.875570e+00  6.670500e+00  6.482850e+00  6.304930e+00  
6.139520e+00  5.988700e+00  5.850040e+00  5.718680e+00  5.589890e+00  5.462150e+00  
5.335200e+00  5.272890e+00  5.211460e+00  5.163870e+00  5.117090e+00  5.105580e+00  
5.096390e+00  5.095190e+00  5.094330e+00  5.094200e+00  5.094120e+00  5.094190e+00  
9.398650e+00  9.316380e+00  9.211500e+00  9.067890e+00  8.895330e+00  8.511600e+00  
8.111820e+00  7.741940e+00  7.407650e+00  7.106740e+00  6.837440e+00  6.595960e+00  
6.374210e+00  6.166610e+00  5.974530e+00  5.799970e+00  5.640340e+00  5.491300e+00  
5.347420e+00  5.201980e+00  5.058250e+00  4.994430e+00  4.933720e+00  4.886100e+00  
4.833120e+00  4.820640e+00  4.810830e+00  4.809340e+00  4.808300e+00  4.808390e+00  
4.808290e+00  4.795170e+00  9.947670e+00  9.709180e+00  9.471450e+00  9.235770e+00  
9.005490e+00  8.569500e+00  8.161290e+00  7.779610e+00  7.423470e+00  7.091890e+00  
6.784500e+00  6.502180e+00  6.243210e+00  6.005420e+00  5.787030e+00  5.588170e+00  
5.408570e+00  5.247650e+00  5.101900e+00  4.956260e+00  4.797620e+00  4.718310e+00  
4.650470e+00  4.607450e+00  4.554470e+00  4.537460e+00  4.527750e+00  4.526950e+00  
4.525470e+00  4.525390e+00  4.525390e+00  4.507320e+00  1.056260e+01  1.023480e+01  
9.911380e+00  9.596480e+00  9.293000e+00  8.725330e+00  8.203990e+00  7.725190e+00  
7.285860e+00  6.884470e+00  6.519760e+00  6.189400e+00  5.889880e+00  5.616800e+00  
5.365230e+00  5.132550e+00  4.919800e+00  4.725240e+00  4.546130e+00  4.371320e+00  
4.192400e+00  4.105630e+00  4.028690e+00  3.976430e+00  3.916910e+00  3.899890e+00  
3.888720e+00  3.887640e+00  3.886280e+00  3.886160e+00  3.885960e+00  3.880370e+00  
1.091790e+01  1.052410e+01  1.013830e+01  9.767280e+00  9.413050e+00  8.755060e+00  
8.156940e+00  7.613560e+00  7.120330e+00  6.673930e+00  6.272440e+00  5.911370e+00  
5.585420e+00  5.288820e+00  5.014590e+00  4.758440e+00  4.521460e+00  4.302610e+00  
4.099240e+00  3.903720e+00  3.710990e+00  3.618470e+00  3.532540e+00  3.470190e+00  
3.406360e+00  3.391160e+00  3.378500e+00  3.377040e+00  3.375950e+00  3.375660e+00  
3.375490e+00  3.386230e+00  1.136180e+01  1.085340e+01  1.036290e+01  9.904530e+00  
9.476660e+00  8.696080e+00  8.004190e+00  7.390100e+00  6.845000e+00  6.358050e+00  
5.920420e+00  5.525640e+00  5.167060e+00  4.837660e+00  4.529120e+00  4.236370e+00  
3.961030e+00  3.706250e+00  3.471610e+00  3.253560e+00  3.050690e+00  2.955290e+00  
2.861630e+00  2.789590e+00  2.724100e+00  2.707960e+00  2.694810e+00  2.693320e+00  
2.692080e+00  2.691800e+00  2.691830e+00  2.698360e+00  1.164260e+01  1.105860e+01  
1.050040e+01  9.987270e+00  9.514100e+00  8.656220e+00  7.905190e+00  7.245180e+00  
6.665140e+00  6.150590e+00  5.688350e+00  5.270810e+00  4.891350e+00  4.542920e+00  
4.217320e+00  3.909200e+00  3.618870e+00  3.347680e+00  3.095830e+00  2.860350e+00  
2.642350e+00  2.541550e+00  2.446470e+00  2.375750e+00  2.306740e+00  2.289960e+00  
2.276890e+00  2.275330e+00  2.273980e+00  2.273850e+00  2.273740e+00  2.271060e+00  
1.184910e+01  1.121210e+01  1.060710e+01  1.005780e+01  9.555260e+00  8.645410e+00  
7.854860e+00  7.164240e+00  6.559880e+00  6.025390e+00  5.545340e+00  5.111180e+00  
4.716370e+00  4.354010e+00  4.016080e+00  3.697210e+00  3.396970e+00  3.115660e+00  
2.853700e+00  2.608230e+00  2.379780e+00  2.273730e+00  2.174290e+00  2.100950e+00  
2.030020e+00  2.013050e+00  1.999920e+00  1.998330e+00  1.996940e+00  1.996840e+00  
1.996570e+00  1.993350e+00  1.201520e+01  1.133860e+01  1.069930e+01  1.012470e+01  
9.602080e+00  8.655520e+00  7.837220e+00  7.125800e+00  6.504440e+00  5.955290e+00  
5.461740e+00  5.014870e+00  4.608140e+00  4.234790e+00  3.887050e+00  3.559650e+00  
3.251810e+00  2.963340e+00  2.694330e+00  2.442150e+00  2.205390e+00  2.094380e+00  
1.989710e+00  1.912420e+00  1.839740e+00  1.822530e+00  1.809130e+00  1.807520e+00  
1.806120e+00  1.806000e+00  1.805830e+00  1.804500e+00  1.227600e+01  1.154490e+01  
1.085960e+01  1.025280e+01  9.705970e+00  8.714340e+00  7.862290e+00  7.126670e+00  
6.485270e+00  5.917690e+00  5.406170e+00  4.941740e+00  4.518030e+00  4.128530e+00  
3.765870e+00  3.425020e+00  3.105010e+00  2.805290e+00  2.524970e+00  2.260990e+00  
2.009210e+00  1.889030e+00  1.774730e+00  1.689870e+00  1.612040e+00  1.593640e+00  
1.579170e+00  1.577460e+00  1.575980e+00  1.575790e+00  1.575630e+00  1.576680e+00  
1.247580e+01  1.171050e+01  1.099730e+01  1.037270e+01  9.813740e+00  8.799190e+00  
7.931030e+00  7.183730e+00  6.532420e+00  5.955020e+00  5.433010e+00  4.957630e+00  
4.522750e+00  4.121990e+00  3.748210e+00  3.396530e+00  3.066030e+00  2.756220e+00  
2.465450e+00  2.188900e+00  1.922040e+00  1.792930e+00  1.669520e+00  1.577270e+00  
1.492020e+00  1.471640e+00  1.455580e+00  1.453690e+00  1.452070e+00  1.451870e+00  
1.451700e+00  1.452330e+00  1.279680e+01  1.199610e+01  1.125600e+01  1.061880e+01  
1.005390e+01  9.024810e+00  8.148770e+00  7.391250e+00  6.728920e+00  6.139650e+00  
5.605430e+00  5.117420e+00  4.669150e+00  4.253720e+00  3.863190e+00  3.492340e+00  
3.140790e+00  2.808780e+00  2.493810e+00  2.186800e+00  1.881710e+00  1.729620e+00  
1.579610e+00  1.463160e+00  1.354140e+00  1.327510e+00  1.306150e+00  1.303650e+00  
1.301590e+00  1.301310e+00  1.301110e+00  1.300710e+00  1.297010e+01  1.216660e+01  
1.142780e+01  1.079830e+01  1.024290e+01  9.225460e+00  8.357110e+00  7.599640e+00  
6.933590e+00  6.339680e+00  5.802010e+00  5.311420e+00  4.860410e+00  4.440750e+00  
4.042680e+00  3.660060e+00  3.293140e+00  2.943260e+00  2.607720e+00  2.274360e+00  
1.932580e+00  1.757160e+00  1.576380e+00  1.429900e+00  1.293530e+00  1.260700e+00  
1.234250e+00  1.231010e+00  1.228250e+00  1.227910e+00  1.227650e+00  1.228290e+00  
1.314860e+01  1.235180e+01  1.162610e+01  1.102000e+01  1.049260e+01  9.521710e+00  
8.685130e+00  7.947940e+00  7.293390e+00  6.704530e+00  6.167260e+00  5.673690e+00  
5.217520e+00  4.791730e+00  4.387910e+00  3.999360e+00  3.622730e+00  3.253340e+00  
2.884180e+00  2.503240e+00  2.095770e+00  1.876540e+00  1.640870e+00  1.437370e+00  
1.234250e+00  1.189730e+00  1.159990e+00  1.156190e+00  1.150400e+00  1.149320e+00  
1.149810e+00  1.152830e+00  1.315970e+01  1.240690e+01  1.172540e+01  1.116340e+01  
1.067620e+01  9.762290e+00  8.952710e+00  8.224790e+00  7.569340e+00  6.977280e+00  
6.440980e+00  5.952750e+00  5.504550e+00  5.087040e+00  4.688620e+00  4.300260e+00  
3.918190e+00  3.537100e+00  3.147740e+00  2.732130e+00  2.268260e+00  2.010470e+00  
1.728980e+00  1.480820e+00  1.212580e+00  1.147240e+00  1.118300e+00  1.116100e+00  
1.106890e+00  1.104590e+00  1.106840e+00  1.110350e+00  1.319230e+01  1.244780e+01  
1.177980e+01  1.123950e+01  1.077680e+01  9.902200e+00  9.121730e+00  8.416440e+00  
7.778400e+00  7.199460e+00  6.672790e+00  6.191420e+00  5.747880e+00  5.333430e+00  
4.936880e+00  4.549190e+00  4.165810e+00  3.780080e+00  3.379990e+00  2.941950e+00  
2.435920e+00  2.145960e+00  1.821100e+00  1.530120e+00  1.205650e+00  1.123700e+00  
1.091380e+00  1.089610e+00  1.078090e+00  1.075040e+00  1.078170e+00  1.081150e+00  
1.320470e+01  1.246690e+01  1.181050e+01  1.128940e+01  1.084810e+01  1.000550e+01  
9.250120e+00  8.564850e+00  7.942790e+00  7.376490e+00  6.859760e+00  6.386150e+00  
5.948720e+00  5.539100e+00  5.146510e+00  4.761890e+00  4.380080e+00  3.993210e+00  
3.586950e+00  3.132710e+00  2.592990e+00  2.276050e+00  1.913810e+00  1.583870e+00  
1.207830e+00  1.110100e+00  1.072390e+00  1.070630e+00  1.057380e+00  1.053820e+00  
1.057600e+00  1.059400e+00  1.319020e+01  1.246610e+01  1.183130e+01  1.134410e+01  
1.093940e+01  1.014950e+01  9.436760e+00  8.785860e+00  8.191620e+00  7.647730e+00  
7.149070e+00  6.690220e+00  6.265140e+00  5.866510e+00  5.484560e+00  5.110460e+00  
4.737840e+00  4.356430e+00  3.946870e+00  3.469580e+00  2.872490e+00  2.508750e+00  
2.083440e+00  1.690400e+00  1.240390e+00  1.114120e+00  1.036320e+00  1.034680e+00  
1.035860e+00  1.032910e+00  1.022400e+00  1.029170e+00  1.317480e+01  1.245990e+01  
1.184000e+01  1.137660e+01  1.099750e+01  1.024480e+01  9.563350e+00  8.938850e+00  
8.367050e+00  7.842360e+00  7.360310e+00  6.916040e+00  6.504130e+00  6.117770e+00  
5.747730e+00  5.385300e+00  5.023510e+00  4.650600e+00  4.244000e+00  3.756690e+00  
3.124180e+00  2.726900e+00  2.250960e+00  1.800300e+00  1.273470e+00  1.121140e+00  
1.021140e+00  1.017240e+00  1.017900e+00  1.014690e+00  1.002080e+00  1.008540e+00  
1.320890e+01  1.249570e+01  1.188580e+01  1.144580e+01  1.109490e+01  1.038560e+01  
9.744000e+00  9.157800e+00  8.623030e+00  8.134560e+00  7.688120e+00  7.278890e+00  
6.901250e+00  6.547810e+00  6.208020e+00  5.872210e+00  5.533800e+00  5.181690e+00  
4.794070e+00  4.323730e+00  3.682300e+00  3.240900e+00  2.655820e+00  2.061160e+00  
1.350740e+00  1.149010e+00  1.018610e+00  1.003290e+00  9.837300e-01  9.813710e-01  
9.794370e-01  9.791910e-01  1.317530e+01  1.247410e+01  1.187990e+01  1.146140e+01  
1.113360e+01  1.046250e+01  9.853860e+00  9.297440e+00  8.789900e+00  8.326780e+00  
7.904330e+00  7.518300e+00  7.163590e+00  6.833360e+00  6.517490e+00  6.206460e+00  
5.893440e+00  5.566340e+00  5.200550e+00  4.741360e+00  4.087170e+00  3.623220e+00  
2.994200e+00  2.327660e+00  1.462910e+00  1.201710e+00  1.013230e+00  9.908300e-01  
9.692200e-01  9.664520e-01  9.644660e-01  9.632110e-01  1.309280e+01  1.241240e+01  
1.184320e+01  1.145620e+01  1.116110e+01  1.054430e+01  9.982070e+00  9.466930e+00  
8.996380e+00  8.567090e+00  8.176310e+00  7.820850e+00  7.496850e+00  7.198870e+00  
6.918650e+00  6.647870e+00  6.379470e+00  6.099890e+00  5.779380e+00  5.348520e+00  
4.684990e+00  4.195970e+00  3.519810e+00  2.770850e+00  1.698770e+00  1.341670e+00  
1.019390e+00  9.781700e-01  9.537200e-01  9.506450e-01  9.408570e-01  9.464110e-01  
1.308460e+01  1.240840e+01  1.184600e+01  1.147000e+01  1.118750e+01  1.059160e+01  
1.004940e+01  9.554360e+00  9.104100e+00  8.695650e+00  8.326480e+00  7.993640e+00  
7.693500e+00  7.420780e+00  7.167110e+00  6.924370e+00  6.686280e+00  6.440370e+00  
6.158110e+00  5.770180e+00  5.145870e+00  4.663750e+00  3.966100e+00  3.151130e+00  
1.899760e+00  1.461780e+00  1.043110e+00  9.832200e-01  9.424100e-01  9.389650e-01  
9.333500e-01  9.371340e-01  1.306640e+01  1.240150e+01  1.185060e+01  1.148610e+01  
1.121430e+01  1.063490e+01  1.010510e+01  9.620290e+00  9.179060e+00  8.779880e+00  
8.421690e+00  8.102150e+00  7.818130e+00  7.564960e+00  7.335090e+00  7.119960e+00  
6.910260e+00  6.686790e+00  6.419410e+00  6.056570e+00  5.486040e+00  5.039950e+00  
4.369750e+00  3.525640e+00  2.087980e+00  1.565930e+00  1.057140e+00  9.856500e-01  
9.418300e-01  9.391590e-01  9.323810e-01  9.317630e-01  1.305660e+01  1.239770e+01  
1.185280e+01  1.149420e+01  1.122800e+01  1.065900e+01  1.013930e+01  9.664460e+00  
9.233110e+00  8.843660e+00  8.495020e+00  8.185310e+00  7.912030e+00  7.671440e+00  
7.457270e+00  7.262020e+00  7.076460e+00  6.880580e+00  6.642660e+00  6.307930e+00  
5.761720e+00  5.327960e+00  4.671310e+00  3.824580e+00  2.282730e+00  1.675320e+00  
1.077170e+00  9.946300e-01  9.409000e-01  9.344810e-01  9.305650e-01  9.281010e-01  
1.305970e+01  1.240600e+01  1.186560e+01  1.151070e+01  1.124810e+01  1.068790e+01  
1.017900e+01  9.717390e+00  9.300980e+00  8.927660e+00  8.595750e+00  8.303270e+00  
8.047720e+00  7.825190e+00  7.628970e+00  7.452770e+00  7.292680e+00  7.138710e+00  
6.963830e+00  6.694190e+00  6.196080e+00  5.784930e+00  5.157860e+00  4.309990e+00  
2.613990e+00  1.894930e+00  1.126670e+00  1.014400e+00  9.390200e-01  9.323480e-01  
9.252960e-01  9.233470e-01  1.303160e+01  1.239180e+01  1.186350e+01  1.151740e+01  
1.126180e+01  1.071430e+01  1.021570e+01  9.762890e+00  9.353970e+00  8.987430e+00  
8.662140e+00  8.376890e+00  8.130330e+00  7.920240e+00  7.742410e+00  7.591480e+00  
7.460010e+00  7.329540e+00  7.171040e+00  6.934800e+00  6.505330e+00  6.132850e+00  
5.534240e+00  4.694950e+00  2.917760e+00  2.087390e+00  1.176800e+00  1.042410e+00  
9.402600e-01  9.307750e-01  9.198760e-01  9.204100e-01  1.300910e+01  1.238890e+01  
1.187620e+01  1.153930e+01  1.128930e+01  1.075370e+01  1.026540e+01  9.822150e+00  
9.422940e+00  9.067210e+00  8.754570e+00  8.484150e+00  8.254800e+00  8.064480e+00  
7.909070e+00  7.784130e+00  7.685060e+00  7.598320e+00  7.500060e+00  7.343270e+00  
7.021590e+00  6.716860e+00  6.184670e+00  5.387340e+00  3.529650e+00  2.541600e+00  
1.300530e+00  1.103040e+00  9.476500e-01  9.323310e-01  9.183200e-01  9.166260e-01  
1.299860e+01  1.239430e+01  1.189190e+01  1.155630e+01  1.130400e+01  1.076980e+01  
1.028530e+01  9.847870e+00  9.456070e+00  9.108820e+00  8.805070e+00  8.543790e+00  
8.323740e+00  8.142720e+00  7.996140e+00  7.880710e+00  7.796810e+00  7.740970e+00  
7.695950e+00  7.601050e+00  7.339960e+00  7.076820e+00  6.613950e+00  5.878530e+00  
3.994370e+00  2.923480e+00  1.423140e+00  1.170310e+00  9.578310e-01  9.353450e-01  
9.161220e-01  9.147950e-01  1.291670e+01  1.236480e+01  1.189850e+01  1.157250e+01  
1.131760e+01  1.078970e+01  1.031100e+01  9.879580e+00  9.494020e+00  9.153420e+00  
8.856940e+00  8.603820e+00  8.393190e+00  8.223290e+00  8.090210e+00  7.991550e+00  
7.929380e+00  7.903070e+00  7.900350e+00  7.869640e+00  7.709760e+00  7.518370e+00  
7.147950e+00  6.513910e+00  4.709100e+00  3.530570e+00  1.652360e+00  1.304340e+00  
9.818500e-01  9.432470e-01  9.152220e-01  9.127810e-01  1.282330e+01  1.232160e+01  
1.189080e+01  1.157650e+01  1.132200e+01  1.080240e+01  1.032920e+01  9.901240e+00  
9.517790e+00  9.178760e+00  8.884250e+00  8.634090e+00  8.427950e+00  8.264950e+00  
8.142570e+00  8.058540e+00  8.012200e+00  7.996250e+00  7.997690e+00  7.989930e+00  
7.906310e+00  7.777960e+00  7.484070e+00  6.941420e+00  5.236540e+00  3.977500e+00  
1.864290e+00  1.440380e+00  1.008860e+00  9.478530e-01  9.176030e-01  9.117280e-01  
1.277110e+01  1.230210e+01  1.189360e+01  1.158440e+01  1.132710e+01  1.080840e+01  
1.033590e+01  9.909070e+00  9.527460e+00  9.190940e+00  8.899660e+00  8.653000e+00  
8.449950e+00  8.289560e+00  8.170770e+00  8.092610e+00  8.054730e+00  8.050040e+00  
8.067450e+00  8.087880e+00  8.046590e+00  7.944460e+00  7.698170e+00  7.232880e+00  
5.646720e+00  4.352000e+00  2.056920e+00  1.565010e+00  1.035210e+00  9.564820e-01  
9.229130e-01  9.111330e-01  1.273310e+01  1.228720e+01  1.189450e+01  1.158920e+01  
1.133030e+01  1.081260e+01  1.034090e+01  9.915280e+00  9.535230e+00  9.200210e+00  
8.910030e+00  8.664620e+00  8.463880e+00  8.307230e+00  8.192620e+00  8.118450e+00  
8.084950e+00  8.086380e+00  8.113150e+00  8.147780e+00  8.141170e+00  8.074590e+00  
7.869560e+00  7.428770e+00  5.923440e+00  4.718780e+00  2.246780e+00  1.669460e+00  
1.061500e+00  9.755040e-01  9.190520e-01  9.106450e-01  1.268700e+01  1.226920e+01  
1.189550e+01  1.159460e+01  1.133340e+01  1.081740e+01  1.034720e+01  9.923350e+00  
9.545080e+00  9.212050e+00  8.924130e+00  8.681270e+00  8.483420e+00  8.330080e+00  
8.219360e+00  8.150160e+00  8.123230e+00  8.133930e+00  8.174390e+00  8.231040e+00  
8.264270e+00  8.233400e+00  8.091140e+00  7.736210e+00  6.384850e+00  5.232280e+00  
2.592390e+00  1.885290e+00  1.115510e+00  9.996720e-01  9.236300e-01  9.101560e-01  
1.265870e+01  1.225810e+01  1.189600e+01  1.159780e+01  1.133510e+01  1.082040e+01  
1.035140e+01  9.928520e+00  9.551260e+00  9.219330e+00  8.932780e+00  8.691540e+00  
8.495500e+00  8.344170e+00  8.235880e+00  8.169740e+00  8.146920e+00  8.163310e+00  
8.212210e+00  8.282820e+00  8.341440e+00  8.333690e+00  8.234570e+00  7.942930e+00  
6.719140e+00  5.625540e+00  2.897530e+00  2.082830e+00  1.168840e+00  1.025160e+00  
9.286500e-01  9.100340e-01  1.261640e+01  1.224150e+01  1.189680e+01  1.160230e+01  
1.133720e+01  1.082420e+01  1.035710e+01  9.935720e+00  9.559740e+00  9.229190e+00  
8.944390e+00  8.705320e+00  8.511760e+00  8.363230e+00  8.258300e+00  8.196490e+00  
8.179360e+00  8.203470e+00  8.263850e+00  8.353920e+00  8.448530e+00  8.474000e+00  
8.439730e+00  8.251280e+00  7.267220e+00  6.310000e+00  3.528110e+00  2.520640e+00  
1.298290e+00  1.091810e+00  9.415590e-01  9.094850e-01  1.259210e+01  1.223200e+01  
1.189720e+01  1.160480e+01  1.133840e+01  1.082620e+01  1.035990e+01  9.939250e+00  
9.563990e+00  9.234190e+00  8.950250e+00  8.712210e+00  8.519870e+00  8.372820e+00  
8.269720e+00  8.210210e+00  8.196070e+00  8.224140e+00  8.290430e+00  8.390710e+00  
8.504620e+00  8.548080e+00  8.549010e+00  8.422130e+00  7.606630e+00  6.757630e+00  
4.021040e+00  2.897610e+00  1.422280e+00  1.160020e+00  9.546810e-01  9.093020e-01  
1.256540e+01  1.222150e+01  1.189770e+01  1.160770e+01  1.133970e+01  1.082800e+01  
1.036240e+01  9.942450e+00  9.568070e+00  9.239200e+00  8.956160e+00  8.719030e+00  
8.527820e+00  8.382290e+00  8.281050e+00  8.223880e+00  8.212770e+00  8.244970e+00  
8.317440e+00  8.428150e+00  8.562280e+00  8.624760e+00  8.662420e+00  8.605000e+00  
8.010840e+00  7.318940e+00  4.754550e+00  3.504520e+00  1.652820e+00  1.293990e+00  
9.810790e-01  9.093020e-01  1.257290e+01  1.222980e+01  1.190490e+01  1.161120e+01  
1.133890e+01  1.082380e+01  1.035750e+01  9.938780e+00  9.566550e+00  9.240170e+00  
8.959320e+00  8.723840e+00  8.533590e+00  8.387740e+00  8.283730e+00  8.221450e+00  
8.207120e+00  8.247360e+00  8.343490e+00  8.471580e+00  8.599370e+00  8.659680e+00  
8.710330e+00  8.696140e+00  8.255210e+00  7.655730e+00  5.274700e+00  3.983670e+00  
1.864320e+00  1.423610e+00  1.006710e+00  9.089360e-01  1.256350e+01  1.222580e+01  
1.190470e+01  1.161170e+01  1.133910e+01  1.082420e+01  1.035830e+01  9.939760e+00  
9.567770e+00  9.241650e+00  8.961050e+00  8.725880e+00  8.535960e+00  8.390520e+00  
8.287040e+00  8.225480e+00  8.212120e+00  8.253750e+00  8.351930e+00  8.483180e+00  
8.617050e+00  8.683640e+00  8.747060e+00  8.756760e+00  8.403960e+00  7.888410e+00  
5.672280e+00  4.368130e+00  2.076380e+00  1.547700e+00  1.033200e+00  9.093020e-01  
1.255710e+01  1.222310e+01  1.190450e+01  1.161220e+01  1.133920e+01  1.082450e+01  
1.035870e+01  9.940430e+00  9.568630e+00  9.242680e+00  8.962270e+00  8.727300e+00  
8.537620e+00  8.392470e+00  8.289340e+00  8.228250e+00  8.215530e+00  8.258070e+00  
8.357610e+00  8.490990e+00  8.629040e+00  8.699870e+00  8.771730e+00  8.797740e+00  
8.508790e+00  8.056360e+00  5.986190e+00  4.690310e+00  2.273270e+00  1.668460e+00  
1.059450e+00  9.088130e-01  1.252720e+01  1.220610e+01  1.189770e+01  1.161100e+01  
1.134100e+01  1.083000e+01  1.036480e+01  9.945880e+00  9.572760e+00  9.245300e+00  
8.963690e+00  8.728000e+00  8.538250e+00  8.394280e+00  8.295050e+00  8.240680e+00  
8.233510e+00  8.271340e+00  8.352170e+00  8.476300e+00  8.637230e+00  8.725820e+00  
8.811910e+00  8.851340e+00  8.643050e+00  8.286610e+00  6.457610e+00  5.204110e+00  
2.623980e+00  1.912900e+00  1.112180e+00  9.090580e-01  1.252380e+01  1.220460e+01  
1.189740e+01  1.161090e+01  1.134050e+01  1.083020e+01  1.036580e+01  9.947110e+00  
9.573720e+00  9.245910e+00  8.964220e+00  8.728730e+00  8.539340e+00  8.395790e+00  
8.297030e+00  8.243120e+00  8.236410e+00  8.274680e+00  8.356110e+00  8.481720e+00  
8.646400e+00  8.738340e+00  8.830010e+00  8.882290e+00  8.734270e+00  8.432180e+00  
6.795240e+00  5.603990e+00  2.929290e+00  2.128300e+00  1.165530e+00  9.089360e-01  