2.802430e+00  2.833970e+00  2.864620e+00  2.893690e+00  2.921340e+00  2.973250e+00  
3.020170e+00  3.062240e+00  3.100010e+00  3.134650e+00  3.167850e+00  3.200180e+00  
3.232070e+00  3.264200e+00  3.298100e+00  3.334880e+00  3.373930e+00  3.413250e+00  
3.450500e+00  3.484440e+00  3.513260e+00  3.525550e+00  3.538370e+00  3.549900e+00  
3.563660e+00  3.567380e+00  3.570330e+00  3.570690e+00  3.571020e+00  3.571050e+00  
3.571090e+00  3.571090e+00  3.442840e+00  3.467860e+00  3.492290e+00  3.515710e+00  
3.538340e+00  3.582080e+00  3.623200e+00  3.661380e+00  3.696300e+00  3.727690e+00  
3.755390e+00  3.779460e+00  3.800400e+00  3.819140e+00  3.837850e+00  3.858550e+00  
3.881710e+00  3.907690e+00  3.936720e+00  3.968320e+00  4.000660e+00  4.015220e+00  
4.025420e+00  4.029340e+00  4.035870e+00  4.038870e+00  4.039560e+00  4.039470e+00  
4.039640e+00  4.039610e+00  4.039820e+00  4.039700e+00  3.941730e+00  3.966320e+00  
3.990040e+00  4.012270e+00  4.033330e+00  4.073080e+00  4.108890e+00  4.140380e+00  
4.167170e+00  4.188960e+00  4.205610e+00  4.217260e+00  4.224670e+00  4.229220e+00  
4.233740e+00  4.240980e+00  4.251670e+00  4.266560e+00  4.286290e+00  4.310620e+00  
4.337850e+00  4.350160e+00  4.356480e+00  4.355550e+00  4.357790e+00  4.360310e+00  
4.359840e+00  4.359530e+00  4.359640e+00  4.359600e+00  4.359840e+00  4.359690e+00  
4.678980e+00  4.716310e+00  4.750760e+00  4.780120e+00  4.804940e+00  4.843800e+00  
4.867520e+00  4.877100e+00  4.874670e+00  4.864050e+00  4.850150e+00  4.834520e+00  
4.818100e+00  4.802230e+00  4.788990e+00  4.780230e+00  4.775710e+00  4.773700e+00  
4.772790e+00  4.774160e+00  4.778950e+00  4.781690e+00  4.781820e+00  4.778990e+00  
4.776050e+00  4.775240e+00  4.774370e+00  4.774250e+00  4.774170e+00  4.774150e+00  
4.774170e+00  4.774160e+00  5.226330e+00  5.278750e+00  5.324670e+00  5.359160e+00  
5.383610e+00  5.410640e+00  5.413350e+00  5.400650e+00  5.376400e+00  5.344850e+00  
5.311230e+00  5.276850e+00  5.242000e+00  5.207490e+00  5.174720e+00  5.145310e+00  
5.119800e+00  5.098470e+00  5.081640e+00  5.069750e+00  5.060090e+00  5.053610e+00  
5.046030e+00  5.039320e+00  5.032650e+00  5.030850e+00  5.029370e+00  5.029190e+00  
5.029050e+00  5.029020e+00  5.029010e+00  5.029020e+00  5.656810e+00  5.720850e+00  
5.775410e+00  5.813310e+00  5.836630e+00  5.852220e+00  5.835580e+00  5.801980e+00  
5.757090e+00  5.706280e+00  5.655780e+00  5.605830e+00  5.554330e+00  5.501350e+00  
5.450510e+00  5.405300e+00  5.365770e+00  5.330330e+00  5.298080e+00  5.271430e+00  
5.248810e+00  5.235780e+00  5.222050e+00  5.211240e+00  5.201560e+00  5.199050e+00  
5.197040e+00  5.196790e+00  5.196600e+00  5.196560e+00  5.196550e+00  5.196560e+00  
6.026780e+00  6.077630e+00  6.121940e+00  6.154730e+00  6.177150e+00  6.197370e+00  
6.184130e+00  6.141240e+00  6.075460e+00  5.997470e+00  5.920020e+00  5.846430e+00  
5.777310e+00  5.713420e+00  5.654550e+00  5.600750e+00  5.551310e+00  5.503810e+00  
5.456720e+00  5.413440e+00  5.378160e+00  5.362830e+00  5.344830e+00  5.328320e+00  
5.316340e+00  5.313510e+00  5.310810e+00  5.310480e+00  5.310260e+00  5.310210e+00  
5.310240e+00  5.310210e+00  6.590680e+00  6.639790e+00  6.680930e+00  6.708010e+00  
6.722600e+00  6.722650e+00  6.683480e+00  6.610240e+00  6.511650e+00  6.400940e+00  
6.293520e+00  6.193250e+00  6.100510e+00  6.015490e+00  5.936930e+00  5.863740e+00  
5.794780e+00  5.726850e+00  5.658070e+00  5.593230e+00  5.538500e+00  5.514670e+00  
5.488950e+00  5.466960e+00  5.449490e+00  5.445360e+00  5.441700e+00  5.441270e+00  
5.440930e+00  5.440870e+00  5.440870e+00  5.440860e+00  7.022350e+00  7.064510e+00  
7.097780e+00  7.115420e+00  7.119370e+00  7.096140e+00  7.031240e+00  6.930810e+00  
6.804740e+00  6.667720e+00  6.536580e+00  6.415260e+00  6.304110e+00  6.202730e+00  
6.109150e+00  6.021350e+00  5.937750e+00  5.854360e+00  5.768860e+00  5.687250e+00  
5.617380e+00  5.586980e+00  5.555420e+00  5.529250e+00  5.506720e+00  5.501370e+00  
5.496820e+00  5.496270e+00  5.495830e+00  5.495760e+00  5.495750e+00  5.495750e+00  
7.763820e+00  7.810750e+00  7.839450e+00  7.836370e+00  7.806770e+00  7.696990e+00  
7.540290e+00  7.368030e+00  7.190710e+00  7.016670e+00  6.854890e+00  6.704850e+00  
6.563720e+00  6.428720e+00  6.300880e+00  6.180210e+00  6.066000e+00  5.955620e+00  
5.847150e+00  5.742660e+00  5.645680e+00  5.600970e+00  5.558070e+00  5.525420e+00  
5.492670e+00  5.484770e+00  5.478530e+00  5.477710e+00  5.477100e+00  5.477020e+00  
5.476960e+00  5.476960e+00  8.285660e+00  8.305070e+00  8.305070e+00  8.271390e+00  
8.210400e+00  8.039810e+00  7.826830e+00  7.605030e+00  7.384250e+00  7.171140e+00  
6.972750e+00  6.789650e+00  6.621270e+00  6.464910e+00  6.319130e+00  6.180940e+00  
6.049570e+00  5.922690e+00  5.798550e+00  5.678660e+00  5.565790e+00  5.512780e+00  
5.461250e+00  5.421730e+00  5.382940e+00  5.373460e+00  5.365930e+00  5.364950e+00  
5.364230e+00  5.364130e+00  5.364050e+00  5.364040e+00  9.016440e+00  8.944730e+00  
8.862670e+00  8.762900e+00  8.650060e+00  8.404100e+00  8.131080e+00  7.839640e+00  
7.541500e+00  7.251950e+00  6.985900e+00  6.747330e+00  6.535320e+00  6.346040e+00  
6.175840e+00  6.018920e+00  5.871810e+00  5.727230e+00  5.580220e+00  5.437310e+00  
5.306890e+00  5.246060e+00  5.182970e+00  5.131510e+00  5.086940e+00  5.076030e+00  
5.066780e+00  5.065680e+00  5.064810e+00  5.064660e+00  5.064620e+00  5.064580e+00  
9.487050e+00  9.365080e+00  9.233410e+00  9.085380e+00  8.926490e+00  8.597010e+00  
8.251220e+00  7.897380e+00  7.546330e+00  7.211970e+00  6.907280e+00  6.635380e+00  
6.394920e+00  6.180510e+00  5.987440e+00  5.809800e+00  5.643850e+00  5.483190e+00  
5.323260e+00  5.168640e+00  5.025580e+00  4.958140e+00  4.888770e+00  4.833010e+00  
4.785200e+00  4.773520e+00  4.763650e+00  4.762480e+00  4.761540e+00  4.761380e+00  
4.761340e+00  4.761290e+00  9.831680e+00  9.666290e+00  9.492120e+00  9.303360e+00  
9.106100e+00  8.708150e+00  8.303890e+00  7.901010e+00  7.509230e+00  7.140550e+00  
6.806880e+00  6.510010e+00  6.247970e+00  6.013900e+00  5.801730e+00  5.605800e+00  
5.422290e+00  5.246400e+00  5.074710e+00  4.909990e+00  4.756850e+00  4.685010e+00  
4.613070e+00  4.556730e+00  4.507010e+00  4.494930e+00  4.484950e+00  4.483760e+00  
4.482800e+00  4.482660e+00  4.482590e+00  4.482550e+00  1.009870e+01  9.895440e+00  
9.684400e+00  9.460710e+00  9.230930e+00  8.775720e+00  8.323330e+00  7.880820e+00  
7.456670e+00  7.060850e+00  6.704410e+00  6.388280e+00  6.109130e+00  5.859080e+00  
5.630480e+00  5.418090e+00  5.218210e+00  5.027960e+00  4.845300e+00  4.671400e+00  
4.509690e+00  4.434680e+00  4.362060e+00  4.306980e+00  4.256030e+00  4.243730e+00  
4.233920e+00  4.232750e+00  4.231760e+00  4.231640e+00  4.231540e+00  4.231530e+00  
1.058910e+01  1.027560e+01  9.962750e+00  9.652410e+00  9.350300e+00  8.785150e+00  
8.262140e+00  7.778580e+00  7.331990e+00  6.919170e+00  6.539170e+00  6.192830e+00  
5.877030e+00  5.587110e+00  5.319850e+00  5.074940e+00  4.850310e+00  4.645170e+00  
4.456730e+00  4.273640e+00  4.088090e+00  3.999630e+00  3.923790e+00  3.875690e+00  
3.824340e+00  3.810500e+00  3.801160e+00  3.800300e+00  3.799240e+00  3.799010e+00  
3.799060e+00  3.798990e+00  1.085530e+01  1.049380e+01  1.013500e+01  9.782080e+00  
9.440900e+00  8.807100e+00  8.226510e+00  7.694530e+00  7.207450e+00  6.761660e+00  
6.354870e+00  5.987360e+00  5.654010e+00  5.348740e+00  5.066410e+00  4.805660e+00  
4.564980e+00  4.342520e+00  4.135850e+00  3.935720e+00  3.737200e+00  3.644480e+00  
3.566300e+00  3.517790e+00  3.465400e+00  3.450970e+00  3.442000e+00  3.441260e+00  
3.440180e+00  3.439970e+00  3.439920e+00  3.439910e+00  1.126380e+01  1.080990e+01  
1.036400e+01  9.933050e+00  9.522010e+00  8.766610e+00  8.086580e+00  7.472860e+00  
6.918190e+00  6.418880e+00  5.971930e+00  5.572240e+00  5.212650e+00  4.884700e+00  
4.580090e+00  4.294660e+00  4.029260e+00  3.780240e+00  3.544980e+00  3.316950e+00  
3.094190e+00  2.990540e+00  2.901520e+00  2.844690e+00  2.788850e+00  2.775840e+00  
2.766420e+00  2.765420e+00  2.764510e+00  2.764380e+00  2.764210e+00  2.764240e+00  
1.150910e+01  1.097460e+01  1.045550e+01  9.964110e+00  9.502870e+00  8.665730e+00  
7.925110e+00  7.268060e+00  6.683120e+00  6.161850e+00  5.699020e+00  5.285990e+00  
4.913200e+00  4.570890e+00  4.248400e+00  3.940320e+00  3.650370e+00  3.380470e+00  
3.129830e+00  2.892710e+00  2.665770e+00  2.557950e+00  2.456160e+00  2.383840e+00  
2.327520e+00  2.315160e+00  2.305180e+00  2.304050e+00  2.303130e+00  2.302970e+00  
2.302920e+00  2.302870e+00  1.189830e+01  1.122550e+01  1.058460e+01  9.999830e+00  
9.466390e+00  8.516730e+00  7.699180e+00  6.991720e+00  6.377790e+00  5.837250e+00  
5.354740e+00  4.920850e+00  4.526370e+00  4.162810e+00  3.821360e+00  3.497060e+00  
3.191870e+00  2.909040e+00  2.645030e+00  2.392250e+00  2.146900e+00  2.029070e+00  
1.918280e+00  1.839530e+00  1.776570e+00  1.762660e+00  1.751550e+00  1.750280e+00  
1.749240e+00  1.749070e+00  1.748990e+00  1.748950e+00  1.219000e+01  1.142170e+01  
1.069890e+01  1.005540e+01  9.478480e+00  8.457990e+00  7.593290e+00  6.853880e+00  
6.220510e+00  5.667470e+00  5.172310e+00  4.724480e+00  4.316040e+00  3.939330e+00  
3.586520e+00  3.252920e+00  2.939230e+00  2.647720e+00  2.376830e+00  2.115950e+00  
1.860740e+00  1.737740e+00  1.622760e+00  1.540490e+00  1.470290e+00  1.454510e+00  
1.442150e+00  1.440710e+00  1.439500e+00  1.439340e+00  1.439220e+00  1.439200e+00  
1.243720e+01  1.159910e+01  1.081790e+01  1.013490e+01  9.529620e+00  8.459070e+00  
7.561130e+00  6.799250e+00  6.150230e+00  5.585670e+00  5.079580e+00  4.620340e+00  
4.200710e+00  3.813710e+00  3.452030e+00  3.111150e+00  2.791140e+00  2.493390e+00  
2.217390e+00  1.951940e+00  1.690520e+00  1.563490e+00  1.443560e+00  1.356090e+00  
1.279530e+00  1.262060e+00  1.248360e+00  1.246760e+00  1.245400e+00  1.245230e+00  
1.245100e+00  1.245080e+00  1.265460e+01  1.176330e+01  1.093850e+01  1.022770e+01  
9.602990e+00  8.495090e+00  7.571630e+00  6.793290e+00  6.131610e+00  5.556400e+00  
5.040350e+00  4.571430e+00  4.142580e+00  3.747170e+00  3.378130e+00  3.030980e+00  
2.705460e+00  2.402360e+00  2.121100e+00  1.851830e+00  1.585130e+00  1.454400e+00  
1.329330e+00  1.236330e+00  1.153840e+00  1.134760e+00  1.119690e+00  1.117930e+00  
1.116430e+00  1.116230e+00  1.116090e+00  1.116070e+00  1.302360e+01  1.205850e+01  
1.117440e+01  1.042820e+01  9.780230e+00  8.623020e+00  7.663540e+00  6.861730e+00  
6.180640e+00  5.587560e+00  5.054960e+00  4.570930e+00  4.128270e+00  3.720210e+00  
3.339540e+00  2.981570e+00  2.645630e+00  2.331930e+00  2.038890e+00  1.759010e+00  
1.480910e+00  1.342780e+00  1.207900e+00  1.104560e+00  1.010170e+00  9.876800e-01  
9.697700e-01  9.676500e-01  9.658700e-01  9.656300e-01  9.654700e-01  9.654110e-01  
1.332740e+01  1.231530e+01  1.139440e+01  1.062800e+01  9.967870e+00  8.782300e+00  
7.801430e+00  6.983200e+00  6.287500e+00  5.680540e+00  5.135340e+00  4.640210e+00  
4.187710e+00  3.770500e+00  3.380690e+00  3.013170e+00  2.667080e+00  2.342260e+00  
2.036400e+00  1.742260e+00  1.450870e+00  1.304750e+00  1.160000e+00  1.046620e+00  
9.396300e-01  9.134900e-01  8.926100e-01  8.901300e-01  8.880400e-01  8.877800e-01  
8.875600e-01  8.874480e-01  1.389610e+01  1.281490e+01  1.184210e+01  1.105170e+01  
1.038040e+01  9.165600e+00  8.168680e+00  7.329580e+00  6.612250e+00  5.983670e+00  
5.418560e+00  4.905190e+00  4.435570e+00  4.001450e+00  3.593760e+00  3.206440e+00  
2.838340e+00  2.488640e+00  2.153780e+00  1.824210e+00  1.493800e+00  1.325310e+00  
1.152730e+00  1.011720e+00  8.721000e-01  8.369100e-01  8.087100e-01  8.053000e-01  
8.024400e-01  8.021000e-01  8.017700e-01  8.017380e-01  1.428780e+01  1.316620e+01  
1.216510e+01  1.136650e+01  1.069690e+01  9.481910e+00  8.489680e+00  7.647680e+00  
6.923810e+00  6.286530e+00  5.711590e+00  5.187420e+00  4.706140e+00  4.259500e+00  
3.838260e+00  3.436080e+00  3.051470e+00  2.683000e+00  2.325680e+00  1.966640e+00  
1.595320e+00  1.402740e+00  1.199080e+00  1.027570e+00  8.552100e-01  8.114000e-01  
7.761800e-01  7.719200e-01  7.683400e-01  7.678700e-01  7.675390e-01  7.676110e-01  
1.478430e+01  1.359670e+01  1.255360e+01  1.175290e+01  1.110530e+01  9.941220e+00  
8.989610e+00  8.170910e+00  7.454700e+00  6.812180e+00  6.221200e+00  5.675950e+00  
5.175770e+00  4.715290e+00  4.282230e+00  3.866800e+00  3.464230e+00  3.068180e+00  
2.673600e+00  2.277610e+00  1.844030e+00  1.592710e+00  1.323560e+00  1.093330e+00  
8.567000e-01  7.967800e-01  7.483200e-01  7.422500e-01  7.377000e-01  7.368790e-01  
7.370340e-01  7.365650e-01  1.483060e+01  1.373850e+01  1.278460e+01  1.206110e+01  
1.147430e+01  1.037460e+01  9.425360e+00  8.583980e+00  7.836420e+00  7.168760e+00  
6.570450e+00  6.031140e+00  5.540580e+00  5.087420e+00  4.658060e+00  4.241870e+00  
3.833850e+00  3.427100e+00  3.009820e+00  2.560010e+00  2.052410e+00  1.769110e+00  
1.460540e+00  1.186880e+00  8.759400e-01  7.895500e-01  7.331200e-01  7.279600e-01  
7.216700e-01  7.204300e-01  7.214050e-01  7.196960e-01  1.497270e+01  1.387230e+01  
1.292200e+01  1.222100e+01  1.166460e+01  1.060960e+01  9.689310e+00  8.868330e+00  
8.134690e+00  7.475900e+00  6.882510e+00  6.345180e+00  5.854500e+00  5.399840e+00  
4.968250e+00  4.549150e+00  4.136730e+00  3.722560e+00  3.291900e+00  2.816540e+00  
2.262150e+00  1.943280e+00  1.586740e+00  1.268330e+00  8.986700e-01  7.935700e-01  
7.237700e-01  7.174100e-01  7.105500e-01  7.092740e-01  7.103420e-01  7.078250e-01  
1.506190e+01  1.395520e+01  1.300980e+01  1.233120e+01  1.180310e+01  1.078530e+01  
9.891610e+00  9.090270e+00  8.371110e+00  7.722630e+00  7.136340e+00  6.603600e+00  
6.115700e+00  5.662540e+00  5.231640e+00  4.812470e+00  4.398590e+00  3.980400e+00  
3.540730e+00  3.046160e+00  2.454220e+00  2.105590e+00  1.707970e+00  1.347780e+00  
9.240300e-01  8.012700e-01  7.173400e-01  7.094900e-01  7.021500e-01  7.009470e-01  
7.020110e-01  6.987300e-01  1.515880e+01  1.404490e+01  1.311040e+01  1.247120e+01  
1.199060e+01  1.103130e+01  1.018330e+01  9.417210e+00  8.725550e+00  8.098340e+00  
7.528380e+00  7.008160e+00  6.529860e+00  6.084190e+00  5.659290e+00  5.244630e+00  
4.832970e+00  4.412910e+00  3.963650e+00  3.443510e+00  2.795920e+00  2.400480e+00  
1.934950e+00  1.499880e+00  9.783800e-01  8.229400e-01  7.100400e-01  6.986400e-01  
6.901600e-01  6.890980e-01  6.898800e-01  6.856690e-01  1.520260e+01  1.408700e+01  
1.316330e+01  1.255470e+01  1.211000e+01  1.119580e+01  1.038420e+01  9.647700e+00  
8.980250e+00  8.372900e+00  7.819370e+00  7.312850e+00  6.846150e+00  6.410510e+00  
5.994420e+00  5.587370e+00  5.181580e+00  4.764490e+00  4.312620e+00  3.778210e+00  
3.092920e+00  2.662800e+00  2.143840e+00  1.644250e+00  1.034750e+00  8.493000e-01  
7.073300e-01  6.919100e-01  6.819000e-01  6.810040e-01  6.811830e-01  6.770020e-01  
1.523220e+01  1.412340e+01  1.322260e+01  1.266200e+01  1.227260e+01  1.143670e+01  
1.068890e+01  1.000690e+01  9.386140e+00  8.819370e+00  8.301490e+00  7.826750e+00  
7.388850e+00  6.979730e+00  6.588300e+00  6.204010e+00  5.818490e+00  5.417630e+00  
4.974160e+00  4.430640e+00  3.697040e+00  3.213180e+00  2.601830e+00  1.980620e+00  
1.176890e+00  9.241500e-01  7.107300e-01  6.844500e-01  6.691400e-01  6.684380e-01  
6.675420e-01  6.634520e-01  1.523110e+01  1.412910e+01  1.324320e+01  1.271060e+01  
1.235350e+01  1.156710e+01  1.086040e+01  1.021510e+01  9.627240e+00  9.090510e+00  
8.600380e+00  8.151740e+00  7.738680e+00  7.353520e+00  6.985240e+00  6.623270e+00  
6.259150e+00  5.878280e+00  5.451690e+00  4.916810e+00  4.169140e+00  3.658130e+00  
2.989930e+00  2.281740e+00  1.314380e+00  1.002150e+00  7.212000e-01  6.840100e-01  
6.619500e-01  6.611480e-01  6.593630e-01  6.560670e-01  1.522120e+01  1.412430e+01  
1.325390e+01  1.275350e+01  1.243420e+01  1.170580e+01  1.104900e+01  1.044980e+01  
9.904720e+00  9.408650e+00  8.957720e+00  8.547410e+00  8.172390e+00  7.825260e+00  
7.495030e+00  7.171090e+00  6.845410e+00  6.503550e+00  6.115720e+00  5.614930e+00  
4.879440e+00  4.350050e+00  3.621620e+00  2.798910e+00  1.569330e+00  1.154490e+00  
7.505300e-01  6.925900e-01  6.547000e-01  6.528300e-01  6.499100e-01  6.481630e-01  
1.521130e+01  1.411870e+01  1.325810e+01  1.277590e+01  1.247740e+01  1.178130e+01  
1.115310e+01  1.058120e+01  1.006230e+01  9.591970e+00  9.166840e+00  8.782720e+00  
8.434570e+00  8.115280e+00  7.813860e+00  7.519810e+00  7.225750e+00  6.917910e+00  
6.566950e+00  6.104660e+00  5.400300e+00  4.873440e+00  4.120640e+00  3.229510e+00  
1.805580e+00  1.298820e+00  7.842100e-01  7.068600e-01  6.518100e-01  6.482200e-01  
6.447600e-01  6.439290e-01  1.519300e+01  1.411030e+01  1.326140e+01  1.279350e+01  
1.250970e+01  1.183680e+01  1.122860e+01  1.067450e+01  1.017170e+01  9.715840e+00  
9.303620e+00  8.932100e+00  8.598000e+00  8.296720e+00  8.020870e+00  7.761470e+00  
7.507010e+00  7.234200e+00  6.908220e+00  6.472590e+00  5.799170e+00  5.281820e+00  
4.528280e+00  3.605000e+00  2.031930e+00  1.431570e+00  8.167000e-01  7.240200e-01  
6.515000e-01  6.454500e-01  6.421850e-01  6.413080e-01  1.516490e+01  1.409710e+01  
1.326210e+01  1.280660e+01  1.253340e+01  1.187760e+01  1.128260e+01  1.073980e+01  
1.024720e+01  9.801620e+00  9.401010e+00  9.042740e+00  8.723680e+00  8.439270e+00  
8.182080e+00  7.943320e+00  7.712270e+00  7.466550e+00  7.170970e+00  6.764800e+00  
6.120750e+00  5.619080e+00  4.870950e+00  3.926270e+00  2.239800e+00  1.563940e+00  
8.506800e-01  7.387100e-01  6.518700e-01  6.452500e-01  6.409110e-01  6.395490e-01  
1.515230e+01  1.410000e+01  1.327800e+01  1.283150e+01  1.256530e+01  1.192400e+01  
1.134370e+01  1.081710e+01  1.034160e+01  9.914560e+00  9.533710e+00  9.196430e+00  
8.899490e+00  8.637970e+00  8.403730e+00  8.188930e+00  7.988170e+00  7.789150e+00  
7.560780e+00  7.221810e+00  6.624110e+00  6.142040e+00  5.417920e+00  4.464120e+00  
2.607650e+00  1.808750e+00  9.187100e-01  7.747100e-01  6.552000e-01  6.439900e-01  
6.382570e-01  6.372760e-01  1.512930e+01  1.409390e+01  1.328560e+01  1.284760e+01  
1.258720e+01  1.195780e+01  1.138830e+01  1.087190e+01  1.040700e+01  9.990700e+00  
9.621250e+00  9.296300e+00  9.013050e+00  8.767140e+00  8.551050e+00  8.357730e+00  
8.182840e+00  8.015460e+00  7.826160e+00  7.534530e+00  6.992420e+00  6.540540e+00  
5.844060e+00  4.893260e+00  2.932310e+00  2.034810e+00  9.845300e-01  8.108900e-01  
6.600600e-01  6.442810e-01  6.368560e-01  6.358950e-01  1.506080e+01  1.406760e+01  
1.329270e+01  1.287380e+01  1.262460e+01  1.201720e+01  1.146390e+01  1.096090e+01  
1.050750e+01  1.010260e+01  9.746160e+00  9.436850e+00  9.173060e+00  8.952000e+00  
8.768370e+00  8.616190e+00  8.488920e+00  8.369290e+00  8.228470e+00  8.013170e+00  
7.602230e+00  7.229550e+00  6.597500e+00  5.676410e+00  3.608400e+00  2.528170e+00  
1.139750e+00  8.989000e-01  6.752100e-01  6.489120e-01  6.353530e-01  6.340640e-01  
1.499910e+01  1.404790e+01  1.330240e+01  1.289230e+01  1.264250e+01  1.204270e+01  
1.149690e+01  1.100240e+01  1.055800e+01  1.016250e+01  9.815720e+00  9.516780e+00  
9.264350e+00  9.056180e+00  8.887700e+00  8.754010e+00  8.650280e+00  8.561980e+00  
8.463950e+00  8.307690e+00  7.981270e+00  7.666020e+00  7.104790e+00  6.242610e+00  
4.132330e+00  2.931120e+00  1.284690e+00  9.877100e-01  6.937800e-01  6.530080e-01  
6.351800e-01  6.330870e-01  1.482440e+01  1.398130e+01  1.330950e+01  1.291740e+01  
1.266020e+01  1.206940e+01  1.153220e+01  1.104620e+01  1.061040e+01  1.022390e+01  
9.886760e+00  9.598410e+00  9.358010e+00  9.163970e+00  9.012690e+00  8.900690e+00  
8.825190e+00  8.774870e+00  8.729700e+00  8.649770e+00  8.438480e+00  8.203110e+00  
7.742270e+00  6.981160e+00  4.922230e+00  3.598060e+00  1.546200e+00  1.146570e+00  
7.314100e-01  6.692810e-01  6.364290e-01  6.321410e-01  1.467200e+01  1.392070e+01  
1.331130e+01  1.293340e+01  1.266860e+01  1.208310e+01  1.155050e+01  1.106880e+01  
1.063710e+01  1.025490e+01  9.922090e+00  9.638700e+00  9.404170e+00  9.217510e+00  
9.076100e+00  8.977400e+00  8.919330e+00  8.891320e+00  8.876010e+00  8.842180e+00  
8.707720e+00  8.528300e+00  8.138660e+00  7.449580e+00  5.484610e+00  4.137820e+00  
1.784810e+00  1.289420e+00  7.677500e-01  6.901440e-01  6.367190e-01  6.314700e-01  
1.456010e+01  1.387650e+01  1.331290e+01  1.294520e+01  1.267430e+01  1.209090e+01  
1.155960e+01  1.107980e+01  1.065060e+01  1.027200e+01  9.943850e+00  9.665710e+00  
9.436090e+00  9.253740e+00  9.117220e+00  9.025310e+00  8.976670e+00  8.961830e+00  
8.966350e+00  8.965970e+00  8.882740e+00  8.737950e+00  8.407320e+00  7.805690e+00  
5.948960e+00  4.553890e+00  1.991830e+00  1.426970e+00  8.065100e-01  7.070500e-01  
6.422270e-01  6.314700e-01  1.448170e+01  1.384520e+01  1.331360e+01  1.295330e+01  
1.267840e+01  1.209690e+01  1.156700e+01  1.108860e+01  1.066120e+01  1.028440e+01  
9.958170e+00  9.682350e+00  9.456020e+00  9.278130e+00  9.146550e+00  9.059700e+00  
9.016980e+00  9.010800e+00  9.028760e+00  9.048460e+00  9.004230e+00  8.896400e+00  
8.617780e+00  8.062630e+00  6.274100e+00  4.925210e+00  2.206220e+00  1.555420e+00  
8.420400e-01  7.272260e-01  6.413570e-01  6.315920e-01  1.438510e+01  1.380680e+01  
1.331450e+01  1.296300e+01  1.268290e+01  1.210380e+01  1.157600e+01  1.110000e+01  
1.067520e+01  1.030120e+01  9.978040e+00  9.705540e+00  9.482950e+00  9.309390e+00  
9.183070e+00  9.102920e+00  9.068980e+00  9.074960e+00  9.110850e+00  9.159020e+00  
9.166070e+00  9.103140e+00  8.898250e+00  8.439470e+00  6.809650e+00  5.498810e+00  
2.589810e+00  1.792730e+00  9.125900e-01  7.652740e-01  6.471560e-01  6.303710e-01  
1.432520e+01  1.378310e+01  1.331520e+01  1.296890e+01  1.268520e+01  1.210770e+01  
1.158170e+01  1.110740e+01  1.068420e+01  1.031190e+01  9.990500e+00  9.719860e+00  
9.499500e+00  9.328680e+00  9.205730e+00  9.129700e+00  9.101160e+00  9.114680e+00  
9.161820e+00  9.228090e+00  9.268380e+00  9.235510e+00  9.082980e+00  8.697420e+00  
7.203930e+00  5.942440e+00  2.924740e+00  2.007900e+00  9.800010e-01  8.027040e-01  
6.535640e-01  6.311040e-01  1.423470e+01  1.374730e+01  1.331610e+01  1.297740e+01  
1.268830e+01  1.211310e+01  1.158950e+01  1.111760e+01  1.069670e+01  1.032660e+01  
1.000740e+01  9.739210e+00  9.521880e+00  9.355000e+00  9.236770e+00  9.166420e+00  
9.145250e+00  9.169100e+00  9.231860e+00  9.323710e+00  9.411680e+00  9.423010e+00  
9.351890e+00  9.089770e+00  7.861080e+00  6.724470e+00  3.612940e+00  2.487690e+00  
1.137330e+00  8.928830e-01  6.716310e-01  6.306150e-01  1.418320e+01  1.372680e+01  
1.331640e+01  1.298190e+01  1.268950e+01  1.211540e+01  1.159310e+01  1.112230e+01  
1.070260e+01  1.033390e+01  1.001650e+01  9.750100e+00  9.533910e+00  9.367620e+00  
9.251090e+00  9.184680e+00  9.169210e+00  9.198550e+00  9.266330e+00  9.369820e+00  
9.492510e+00  9.534310e+00  9.494130e+00  9.274680e+00  8.285400e+00  7.322420e+00  
4.119600e+00  2.874590e+00  1.284330e+00  9.882510e-01  6.916500e-01  6.301270e-01  
1.412700e+01  1.370420e+01  1.331650e+01  1.298690e+01  1.269120e+01  1.211830e+01  
1.159680e+01  1.112700e+01  1.070830e+01  1.034070e+01  1.002460e+01  9.759680e+00  
9.545210e+00  9.380970e+00  9.266930e+00  9.203660e+00  9.192370e+00  9.227520e+00  
9.303800e+00  9.420840e+00  9.570120e+00  9.638620e+00  9.649150e+00  9.512670e+00  
8.771370e+00  8.001060e+00  4.922910e+00  3.540090e+00  1.546720e+00  1.152040e+00  
7.292480e-01  6.301270e-01  1.409700e+01  1.369230e+01  1.331680e+01  1.298980e+01  
1.269240e+01  1.212000e+01  1.159890e+01  1.112940e+01  1.071100e+01  1.034360e+01  
1.002770e+01  9.763340e+00  9.550340e+00  9.388430e+00  9.276270e+00  9.213720e+00  
9.202940e+00  9.240980e+00  9.324490e+00  9.451310e+00  9.606260e+00  9.680000e+00  
9.728240e+00  9.678470e+00  9.067380e+00  8.319710e+00  5.534210e+00  4.116790e+00  
1.780460e+00  1.287020e+00  7.685550e-01  6.303710e-01  1.407890e+01  1.368520e+01  
1.331700e+01  1.299150e+01  1.269290e+01  1.212060e+01  1.159980e+01  1.113050e+01  
1.071250e+01  1.034550e+01  1.003020e+01  9.766360e+00  9.553910e+00  9.392550e+00  
9.281090e+00  9.219510e+00  9.210120e+00  9.250030e+00  9.336200e+00  9.467320e+00  
9.631210e+00  9.713710e+00  9.776950e+00  9.756890e+00  9.262870e+00  8.605190e+00  
5.979660e+00  4.547820e+00  2.018340e+00  1.425780e+00  8.059390e-01  6.303710e-01  
1.406630e+01  1.368030e+01  1.331720e+01  1.299270e+01  1.269320e+01  1.212100e+01  
1.160030e+01  1.113130e+01  1.071350e+01  1.034690e+01  1.003190e+01  9.768420e+00  
9.556340e+00  9.395350e+00  9.284370e+00  9.223440e+00  9.214970e+00  9.256130e+00  
9.344120e+00  9.478120e+00  9.648100e+00  9.736670e+00  9.810060e+00  9.810260e+00  
9.402200e+00  8.815430e+00  6.335960e+00  4.910420e+00  2.248010e+00  1.556520e+00  
8.425290e-01  6.303710e-01  1.404930e+01  1.367350e+01  1.331730e+01  1.299420e+01  
1.269370e+01  1.212160e+01  1.160130e+01  1.113250e+01  1.071510e+01  1.034900e+01  
1.003420e+01  9.770990e+00  9.559230e+00  9.398780e+00  9.288470e+00  9.228380e+00  
9.220960e+00  9.263640e+00  9.353950e+00  9.491670e+00  9.669170e+00  9.765280e+00  
9.852290e+00  9.879430e+00  9.587250e+00  9.104550e+00  6.876140e+00  5.492280e+00  
2.650000e+00  1.840580e+00  9.133910e-01  6.293950e-01  1.403850e+01  1.366760e+01  
1.331470e+01  1.299240e+01  1.269170e+01  1.212180e+01  1.160360e+01  1.113600e+01  
1.071880e+01  1.035200e+01  1.003630e+01  9.771960e+00  9.559510e+00  9.399060e+00  
9.289390e+00  9.230510e+00  9.224840e+00  9.269630e+00  9.361680e+00  9.498930e+00  
9.678770e+00  9.782660e+00  9.879940e+00  9.923420e+00  9.707690e+00  9.290940e+00  
7.262230e+00  5.951340e+00  2.997400e+00  2.083070e+00  9.809570e-01  6.289060e-01  