1.147380e+00  1.168850e+00  1.190430e+00  1.212220e+00  1.234240e+00  1.279000e+00  
1.324580e+00  1.370840e+00  1.417590e+00  1.464620e+00  1.511690e+00  1.558550e+00  
1.604930e+00  1.650670e+00  1.695840e+00  1.740310e+00  1.783300e+00  1.823760e+00  
1.860590e+00  1.893650e+00  1.922280e+00  1.934550e+00  1.946920e+00  1.958180e+00  
1.975840e+00  1.982250e+00  1.985180e+00  1.984980e+00  1.984830e+00  1.984830e+00  
1.984560e+00  1.985520e+00  1.537190e+00  1.562840e+00  1.588530e+00  1.614320e+00  
1.640250e+00  1.692640e+00  1.745560e+00  1.798790e+00  1.852100e+00  1.905180e+00  
1.957740e+00  2.009550e+00  2.060320e+00  2.109950e+00  2.158740e+00  2.206750e+00  
2.253220e+00  2.297120e+00  2.337430e+00  2.374100e+00  2.406340e+00  2.420000e+00  
2.432640e+00  2.442520e+00  2.456100e+00  2.461450e+00  2.467230e+00  2.467070e+00  
2.464440e+00  2.463690e+00  2.463990e+00  2.467710e+00  1.877110e+00  1.906450e+00  
1.935720e+00  1.964900e+00  1.994070e+00  2.052630e+00  2.111160e+00  2.169340e+00  
2.226810e+00  2.283240e+00  2.338210e+00  2.391450e+00  2.442730e+00  2.492060e+00  
2.540070e+00  2.587170e+00  2.632700e+00  2.675830e+00  2.715860e+00  2.753420e+00  
2.788430e+00  2.803890e+00  2.817390e+00  2.826660e+00  2.838750e+00  2.843380e+00  
2.848240e+00  2.848150e+00  2.846080e+00  2.845490e+00  2.845760e+00  2.848750e+00  
2.445810e+00  2.485040e+00  2.523510e+00  2.560640e+00  2.596580e+00  2.665640e+00  
2.730350e+00  2.790570e+00  2.846590e+00  2.899290e+00  2.950090e+00  2.999170e+00  
3.046520e+00  3.092210e+00  3.136890e+00  3.180970e+00  3.223660e+00  3.263660e+00  
3.299910e+00  3.333420e+00  3.365040e+00  3.379840e+00  3.394500e+00  3.406060e+00  
3.417550e+00  3.420310e+00  3.421550e+00  3.421930e+00  3.423100e+00  3.423360e+00  
3.423320e+00  3.422120e+00  2.912000e+00  2.961970e+00  3.009710e+00  3.053520e+00  
3.093840e+00  3.166660e+00  3.230500e+00  3.288320e+00  3.340900e+00  3.389080e+00  
3.434200e+00  3.476770e+00  3.517410e+00  3.556450e+00  3.593870e+00  3.629690e+00  
3.663710e+00  3.696190e+00  3.727240e+00  3.756460e+00  3.784390e+00  3.798770e+00  
3.813780e+00  3.826020e+00  3.837110e+00  3.838280e+00  3.836730e+00  3.837560e+00  
3.841280e+00  3.842330e+00  3.841640e+00  3.837100e+00  3.310610e+00  3.363780e+00  
3.414920e+00  3.462440e+00  3.506610e+00  3.586490e+00  3.654150e+00  3.709910e+00  
3.755230e+00  3.793250e+00  3.828290e+00  3.861360e+00  3.892730e+00  3.922650e+00  
3.951960e+00  3.981210e+00  4.009670e+00  4.035770e+00  4.058510e+00  4.080410e+00  
4.104700e+00  4.118170e+00  4.132900e+00  4.145050e+00  4.154940e+00  4.156460e+00  
4.151960e+00  4.152830e+00  4.158660e+00  4.159950e+00  4.159670e+00  4.152590e+00  
3.660240e+00  3.713810e+00  3.765340e+00  3.813260e+00  3.857880e+00  3.938860e+00  
4.007520e+00  4.063550e+00  4.107530e+00  4.141220e+00  4.167410e+00  4.187310e+00  
4.202550e+00  4.216050e+00  4.233290e+00  4.258120e+00  4.287480e+00  4.312390e+00  
4.325910e+00  4.336690e+00  4.355980e+00  4.369290e+00  4.383500e+00  4.394720e+00  
4.403820e+00  4.403510e+00  4.399020e+00  4.400160e+00  4.406270e+00  4.408010e+00  
4.406950e+00  4.399170e+00  4.233980e+00  4.291700e+00  4.346600e+00  4.396510e+00  
4.441880e+00  4.521330e+00  4.584120e+00  4.630140e+00  4.660420e+00  4.677580e+00  
4.685540e+00  4.686120e+00  4.681550e+00  4.675850e+00  4.675930e+00  4.686690e+00  
4.704290e+00  4.717440e+00  4.717550e+00  4.715900e+00  4.726190e+00  4.735810e+00  
4.746300e+00  4.754440e+00  4.760690e+00  4.760050e+00  4.755830e+00  4.756780e+00  
4.762090e+00  4.763590e+00  4.762480e+00  4.755860e+00  4.698250e+00  4.756740e+00  
4.811790e+00  4.860760e+00  4.904220e+00  4.977640e+00  5.031280e+00  5.065280e+00  
5.081100e+00  5.082020e+00  5.072810e+00  5.055750e+00  5.033540e+00  5.010970e+00  
4.995860e+00  4.993710e+00  5.000180e+00  5.002490e+00  4.991050e+00  4.978990e+00  
4.980920e+00  4.986160e+00  4.991650e+00  4.995370e+00  4.998310e+00  4.998020e+00  
4.995730e+00  4.996220e+00  4.999070e+00  4.999890e+00  4.999420e+00  4.995910e+00  
5.560540e+00  5.621660e+00  5.676980e+00  5.722060e+00  5.757900e+00  5.807430e+00  
5.826260e+00  5.817130e+00  5.785480e+00  5.740420e+00  5.693230e+00  5.646780e+00  
5.602020e+00  5.559770e+00  5.520820e+00  5.485810e+00  5.454260e+00  5.424250e+00  
5.394710e+00  5.369200e+00  5.352030e+00  5.345990e+00  5.337690e+00  5.329200e+00  
5.325150e+00  5.325100e+00  5.329510e+00  5.328850e+00  5.324120e+00  5.323010e+00  
5.323300e+00  5.329350e+00  6.180940e+00  6.249290e+00  6.306160e+00  6.342920e+00  
6.362290e+00  6.364900e+00  6.330350e+00  6.277090e+00  6.212080e+00  6.141950e+00  
6.074150e+00  6.008530e+00  5.942180e+00  5.874050e+00  5.808580e+00  5.749310e+00  
5.696060e+00  5.646820e+00  5.601050e+00  5.564390e+00  5.533600e+00  5.513420e+00  
5.492310e+00  5.476940e+00  5.465970e+00  5.465010e+00  5.475130e+00  5.473690e+00  
5.462930e+00  5.460030e+00  5.461120e+00  5.474610e+00  7.094080e+00  7.114530e+00  
7.127240e+00  7.126440e+00  7.114210e+00  7.065310e+00  6.983650e+00  6.874600e+00  
6.746620e+00  6.612060e+00  6.484540e+00  6.367840e+00  6.262010e+00  6.165850e+00  
6.077780e+00  5.995480e+00  5.918250e+00  5.844030e+00  5.771660e+00  5.704430e+00  
5.645490e+00  5.616760e+00  5.580890e+00  5.547840e+00  5.527940e+00  5.526010e+00  
5.540060e+00  5.537690e+00  5.521300e+00  5.517610e+00  5.518920e+00  5.538820e+00  
7.730660e+00  7.718060e+00  7.697630e+00  7.663620e+00  7.618620e+00  7.507220e+00  
7.367380e+00  7.205170e+00  7.029400e+00  6.852430e+00  6.687490e+00  6.538090e+00  
6.404020e+00  6.283040e+00  6.172730e+00  6.069970e+00  5.974030e+00  5.883010e+00  
5.795010e+00  5.709570e+00  5.626590e+00  5.585640e+00  5.542630e+00  5.506770e+00  
5.475890e+00  5.474730e+00  5.482730e+00  5.480320e+00  5.466660e+00  5.462780e+00  
5.464540e+00  5.481930e+00  8.213800e+00  8.171640e+00  8.121660e+00  8.058190e+00  
7.984260e+00  7.817880e+00  7.627100e+00  7.418630e+00  7.201560e+00  6.988280e+00  
6.792160e+00  6.616190e+00  6.459750e+00  6.319710e+00  6.192400e+00  6.073990e+00  
5.963180e+00  5.857420e+00  5.754300e+00  5.653530e+00  5.555670e+00  5.508060e+00  
5.459850e+00  5.421250e+00  5.386070e+00  5.381310e+00  5.382500e+00  5.380640e+00  
5.372270e+00  5.369960e+00  5.371220e+00  5.381350e+00  8.567570e+00  8.537610e+00  
8.489930e+00  8.411690e+00  8.309500e+00  8.066800e+00  7.796100e+00  7.530570e+00  
7.279480e+00  7.048460e+00  6.843290e+00  6.660530e+00  6.491420e+00  6.329830e+00  
6.179140e+00  6.041800e+00  5.915850e+00  5.796840e+00  5.680950e+00  5.568970e+00  
5.461730e+00  5.409720e+00  5.358670e+00  5.319410e+00  5.281090e+00  5.271830e+00  
5.265300e+00  5.264240e+00  5.262690e+00  5.262360e+00  5.262370e+00  5.263430e+00  
9.139460e+00  9.076500e+00  8.992110e+00  8.870910e+00  8.721760e+00  8.384000e+00  
8.027040e+00  7.694600e+00  7.392540e+00  7.119210e+00  6.873330e+00  6.651960e+00  
6.448620e+00  6.258540e+00  6.082430e+00  5.921600e+00  5.773880e+00  5.635600e+00  
5.502090e+00  5.367520e+00  5.237210e+00  5.181850e+00  5.129970e+00  5.089450e+00  
5.044150e+00  5.031370e+00  5.010000e+00  5.010080e+00  5.020100e+00  5.022990e+00  
5.021420e+00  5.007810e+00  9.714250e+00  9.505310e+00  9.296510e+00  9.088580e+00  
8.884550e+00  8.496220e+00  8.130030e+00  7.785240e+00  7.461290e+00  7.157650e+00  
6.874270e+00  6.612160e+00  6.370250e+00  6.147100e+00  5.941720e+00  5.754750e+00  
5.586090e+00  5.435500e+00  5.299710e+00  5.163930e+00  5.015380e+00  4.941470e+00  
4.879920e+00  4.843260e+00  4.797400e+00  4.777770e+00  4.751360e+00  4.752440e+00  
4.766630e+00  4.770490e+00  4.768800e+00  4.749510e+00  1.038450e+01  1.009310e+01  
9.804720e+00  9.522450e+00  9.249050e+00  8.734470e+00  8.257900e+00  7.816640e+00  
7.408560e+00  7.032760e+00  6.688520e+00  6.374300e+00  6.087550e+00  5.824980e+00  
5.582950e+00  5.359690e+00  5.156280e+00  4.971250e+00  4.801660e+00  4.635070e+00  
4.461480e+00  4.376420e+00  4.301540e+00  4.251660e+00  4.194940e+00  4.176990e+00  
4.159490e+00  4.159100e+00  4.163560e+00  4.164830e+00  4.164400e+00  4.156980e+00  
1.076460e+01  1.041110e+01  1.006370e+01  9.727900e+00  9.405620e+00  8.803390e+00  
8.251530e+00  7.746220e+00  7.283990e+00  6.862420e+00  6.480090e+00  6.133500e+00  
5.818320e+00  5.529730e+00  5.261730e+00  5.010680e+00  4.777930e+00  4.563030e+00  
4.364560e+00  4.176980e+00  3.996020e+00  3.908420e+00  3.821240e+00  3.752410e+00  
3.688440e+00  3.678340e+00  3.672230e+00  3.669200e+00  3.660660e+00  3.658450e+00  
3.659420e+00  3.669560e+00  1.123930e+01  1.077890e+01  1.033280e+01  9.912280e+00  
9.516750e+00  8.789310e+00  8.137390e+00  7.552740e+00  7.028730e+00  6.556790e+00  
6.130020e+00  5.743300e+00  5.391390e+00  5.068810e+00  4.769020e+00  4.487460e+00  
4.223710e+00  3.976920e+00  3.744710e+00  3.527240e+00  3.326430e+00  3.232070e+00  
3.137620e+00  3.062500e+00  2.992530e+00  2.977950e+00  2.969930e+00  2.967610e+00  
2.960860e+00  2.959120e+00  2.959900e+00  2.967040e+00  1.154380e+01  1.100510e+01  
1.048780e+01  1.000840e+01  9.562980e+00  8.750020e+00  8.031800e+00  7.395730e+00  
6.833020e+00  6.331940e+00  5.881610e+00  5.475060e+00  5.105810e+00  4.766740e+00  
4.449210e+00  4.147550e+00  3.862340e+00  3.595320e+00  3.347010e+00  3.114500e+00  
2.898420e+00  2.797770e+00  2.701360e+00  2.628030e+00  2.555380e+00  2.537060e+00  
2.520170e+00  2.518770e+00  2.519730e+00  2.520130e+00  2.519760e+00  2.516850e+00  
1.175520e+01  1.116130e+01  1.059490e+01  1.007640e+01  9.598790e+00  8.729870e+00  
7.969290e+00  7.300810e+00  6.712790e+00  6.191230e+00  5.722720e+00  5.299300e+00  
4.914430e+00  4.560920e+00  4.230150e+00  3.916490e+00  3.620050e+00  3.342020e+00  
3.083380e+00  2.841060e+00  2.615120e+00  2.509680e+00  2.409360e+00  2.333720e+00  
2.258990e+00  2.240270e+00  2.222530e+00  2.221170e+00  2.222670e+00  2.223210e+00  
2.222790e+00  2.219120e+00  1.191480e+01  1.128160e+01  1.068070e+01  1.013580e+01  
9.636930e+00  8.729740e+00  7.940010e+00  7.249490e+00  6.643570e+00  6.106630e+00  
5.624030e+00  5.187370e+00  4.790010e+00  4.424910e+00  4.083700e+00  3.760840e+00  
3.456260e+00  3.170800e+00  2.905240e+00  2.656500e+00  2.422960e+00  2.313030e+00  
2.207970e+00  2.128720e+00  2.052210e+00  2.033550e+00  2.017720e+00  2.016110e+00  
2.015740e+00  2.015830e+00  2.015560e+00  2.014190e+00  1.214820e+01  1.146490e+01  
1.082100e+01  1.024520e+01  9.722290e+00  8.770590e+00  7.946650e+00  7.230590e+00  
6.603050e+00  6.046160e+00  5.544110e+00  5.088420e+00  4.672740e+00  4.290360e+00  
3.933530e+00  3.597050e+00  3.280500e+00  2.984140e+00  2.707590e+00  2.447590e+00  
2.200090e+00  2.081820e+00  1.968190e+00  1.882340e+00  1.801070e+00  1.781670e+00  
1.767510e+00  1.765540e+00  1.762860e+00  1.762430e+00  1.762330e+00  1.763610e+00  
1.231540e+01  1.160390e+01  1.093690e+01  1.034610e+01  9.812700e+00  8.840520e+00  
8.001160e+00  7.272960e+00  6.634430e+00  6.066330e+00  5.552370e+00  5.084360e+00  
4.656300e+00  4.261810e+00  3.893670e+00  3.546920e+00  3.220830e+00  2.915110e+00  
2.628380e+00  2.356180e+00  2.094310e+00  1.967760e+00  1.846030e+00  1.753830e+00  
1.665840e+00  1.644550e+00  1.628650e+00  1.626560e+00  1.624020e+00  1.623620e+00  
1.623480e+00  1.624280e+00  1.257500e+01  1.183540e+01  1.114720e+01  1.054680e+01  
1.000900e+01  9.025140e+00  8.178790e+00  7.440910e+00  6.791480e+00  6.211450e+00  
5.685030e+00  5.204120e+00  4.762540e+00  4.353620e+00  3.969640e+00  3.605380e+00  
3.260200e+00  2.933870e+00  2.623980e+00  2.322580e+00  2.024140e+00  1.875540e+00  
1.728370e+00  1.613180e+00  1.502850e+00  1.475480e+00  1.453230e+00  1.450700e+00  
1.448920e+00  1.448720e+00  1.448450e+00  1.448010e+00  1.271360e+01  1.196940e+01  
1.128050e+01  1.068540e+01  1.015500e+01  9.180360e+00  8.341000e+00  7.604430e+00  
6.953690e+00  6.371910e+00  5.845020e+00  5.364410e+00  4.922760e+00  4.511940e+00  
4.122210e+00  3.747340e+00  3.387610e+00  3.044340e+00  2.715250e+00  2.389220e+00  
2.055850e+00  1.884370e+00  1.706530e+00  1.561270e+00  1.424770e+00  1.391770e+00  
1.365320e+00  1.362020e+00  1.358980e+00  1.358560e+00  1.358310e+00  1.359310e+00  
1.284720e+01  1.210310e+01  1.142070e+01  1.084260e+01  1.033440e+01  9.399490e+00  
8.590420e+00  7.876540e+00  7.242160e+00  6.671470e+00  6.151060e+00  5.673240e+00  
5.231700e+00  4.819280e+00  4.427210e+00  4.048760e+00  3.681060e+00  3.320210e+00  
2.959980e+00  2.589010e+00  2.192430e+00  1.978190e+00  1.746090e+00  1.544330e+00  
1.343380e+00  1.300930e+00  1.274920e+00  1.270690e+00  1.261670e+00  1.259690e+00  
1.260990e+00  1.267090e+00  1.282800e+01  1.212440e+01  1.148250e+01  1.094420e+01  
1.047200e+01  9.588280e+00  8.804410e+00  8.100220e+00  7.466920e+00  6.895750e+00  
6.379280e+00  5.909920e+00  5.479630e+00  5.078960e+00  4.695940e+00  4.321350e+00  
3.951600e+00  3.581770e+00  3.203070e+00  2.798380e+00  2.346000e+00  2.093780e+00  
1.817140e+00  1.572350e+00  1.309040e+00  1.247310e+00  1.225460e+00  1.222690e+00  
1.207810e+00  1.203900e+00  1.207340e+00  1.215820e+00  1.283320e+01  1.213840e+01  
1.150970e+01  1.099130e+01  1.054150e+01  9.694270e+00  8.938250e+00  8.256430e+00  
7.641020e+00  7.084110e+00  6.578890e+00  6.118350e+00  5.694930e+00  5.299560e+00  
4.920540e+00  4.548460e+00  4.179000e+00  3.805880e+00  3.417720e+00  2.992030e+00  
2.499350e+00  2.216170e+00  1.897620e+00  1.611150e+00  1.293680e+00  1.216480e+00  
1.193330e+00  1.191020e+00  1.172770e+00  1.167820e+00  1.172700e+00  1.181520e+00  
1.282450e+01  1.213750e+01  1.152060e+01  1.102040e+01  1.059050e+01  9.773840e+00  
9.042110e+00  8.380000e+00  7.780700e+00  7.236870e+00  6.742310e+00  6.290480e+00  
5.874240e+00  5.484910e+00  5.111060e+00  4.743200e+00  4.376440e+00  4.003310e+00  
3.610150e+00  3.169600e+00  2.644940e+00  2.335860e+00  1.981300e+00  1.657120e+00  
1.289880e+00  1.197650e+00  1.170400e+00  1.168250e+00  1.147960e+00  1.142390e+00  
1.148010e+00  1.155760e+00  1.278010e+01  1.210970e+01  1.151570e+01  1.104820e+01  
1.065290e+01  9.887400e+00  9.197340e+00  8.569070e+00  7.997340e+00  7.475950e+00  
6.999710e+00  6.563080e+00  6.159830e+00  5.782250e+00  5.419950e+00  5.063670e+00  
4.707360e+00  4.341140e+00  3.946420e+00  3.484990e+00  2.905930e+00  2.552120e+00  
2.137330e+00  1.753140e+00  1.315810e+00  1.195530e+00  1.126190e+00  1.125120e+00  
1.123110e+00  1.118580e+00  1.106320e+00  1.119870e+00  1.274510e+01  1.208640e+01  
1.150860e+01  1.106450e+01  1.069380e+01  9.964930e+00  9.305620e+00  8.703250e+00  
8.153420e+00  7.650700e+00  7.190550e+00  6.768040e+00  6.377550e+00  6.011990e+00  
5.661570e+00  5.317260e+00  4.972330e+00  4.615560e+00  4.225130e+00  3.755460e+00  
3.143410e+00  2.757750e+00  2.294540e+00  1.855160e+00  1.343550e+00  1.197780e+00  
1.107070e+00  1.104140e+00  1.102330e+00  1.097700e+00  1.083980e+00  1.095700e+00  
1.276040e+01  1.210530e+01  1.153810e+01  1.111580e+01  1.077090e+01  1.008310e+01  
9.461940e+00  8.896420e+00  8.382440e+00  7.914940e+00  7.489520e+00  7.101240e+00  
6.744230e+00  6.410640e+00  6.089210e+00  5.769830e+00  5.446450e+00  5.109040e+00  
4.737900e+00  4.290310e+00  3.680250e+00  3.254900e+00  2.681400e+00  2.095790e+00  
1.408630e+00  1.218140e+00  1.101860e+00  1.087410e+00  1.062860e+00  1.058520e+00  
1.058920e+00  1.061310e+00  1.271620e+01  1.207540e+01  1.152550e+01  1.112500e+01  
1.080290e+01  1.015280e+01  9.564070e+00  9.027380e+00  8.539330e+00  8.095560e+00  
7.692290e+00  7.325170e+00  6.988970e+00  6.676510e+00  6.377160e+00  6.081150e+00  
5.782210e+00  5.469410e+00  5.120490e+00  4.685770e+00  4.066510e+00  3.620990e+00  
3.005990e+00  2.351220e+00  1.514460e+00  1.265360e+00  1.093060e+00  1.072130e+00  
1.046630e+00  1.042310e+00  1.041970e+00  1.042590e+00  1.261860e+01  1.200390e+01  
1.148300e+01  1.111600e+01  1.082770e+01  1.023340e+01  9.691560e+00  9.195180e+00  
8.741960e+00  8.328860e+00  7.953240e+00  7.612120e+00  7.301810e+00  7.017160e+00  
6.750200e+00  6.492980e+00  6.238880e+00  5.974910e+00  5.672450e+00  5.263790e+00  
4.629570e+00  4.159460e+00  3.506850e+00  2.782680e+00  1.745880e+00  1.399360e+00  
1.091730e+00  1.053710e+00  1.031220e+00  1.027340e+00  1.014950e+00  1.022460e+00  
1.261030e+01  1.200080e+01  1.148740e+01  1.113120e+01  1.085480e+01  1.028110e+01  
9.758450e+00  9.281130e+00  8.846940e+00  8.453150e+00  8.097390e+00  7.776950e+00  
7.488400e+00  7.226790e+00  6.984230e+00  6.753060e+00  6.527450e+00  6.295540e+00  
6.029960e+00  5.663300e+00  5.068430e+00  4.606210e+00  3.934390e+00  3.148010e+00  
1.939610e+00  1.514810e+00  1.113020e+00  1.056780e+00  1.018860e+00  1.014750e+00  
1.006410e+00  1.012210e+00  1.259830e+01  1.199890e+01  1.149560e+01  1.114960e+01  
1.088260e+01  1.032340e+01  9.812010e+00  9.344070e+00  8.918420e+00  8.533680e+00  
8.188840e+00  7.881600e+00  7.608870e+00  7.365970e+00  7.145300e+00  6.938530e+00  
6.737190e+00  6.523720e+00  6.270570e+00  5.930050e+00  5.394790e+00  4.971840e+00  
4.327720e+00  3.509290e+00  2.115080e+00  1.612390e+00  1.127700e+00  1.059490e+00  
1.016200e+00  1.012880e+00  1.006200e+00  1.006160e+00  1.258760e+01  1.199510e+01  
1.149850e+01  1.115880e+01  1.089780e+01  1.034890e+01  9.846810e+00  9.387760e+00  
8.970780e+00  8.594800e+00  8.259110e+00  7.961820e+00  7.700120e+00  7.469810e+00  
7.263850e+00  7.074430e+00  6.893410e+00  6.703260e+00  6.476200e+00  6.163980e+00  
5.658780e+00  5.251740e+00  4.621260e+00  3.793330e+00  2.294850e+00  1.721460e+00  
1.148910e+00  1.066490e+00  1.013620e+00  1.009720e+00  1.001400e+00  1.001770e+00  
1.259750e+01  1.200810e+01  1.151420e+01  1.117690e+01  1.091850e+01  1.037740e+01  
9.885510e+00  9.439310e+00  9.036800e+00  8.676000e+00  8.355310e+00  8.072850e+00  
7.826240e+00  7.611710e+00  7.422760e+00  7.253410e+00  7.100080e+00  6.953510e+00  
6.788260e+00  6.534230e+00  6.064360e+00  5.675710e+00  5.080770e+00  4.269040e+00  
2.624980e+00  1.928390e+00  1.192330e+00  1.084940e+00  1.012380e+00  1.005150e+00  
9.977490e-01  9.964070e-01  1.258690e+01  1.200600e+01  1.151940e+01  1.118740e+01  
1.093300e+01  1.040010e+01  9.915920e+00  9.477240e+00  9.082260e+00  8.729290e+00  
8.416930e+00  8.143620e+00  7.907300e+00  7.704710e+00  7.529990e+00  7.377900e+00  
7.245820e+00  7.125740e+00  6.993690e+00  6.780360e+00  6.360100e+00  6.001260e+00  
5.439190e+00  4.640620e+00  2.909920e+00  2.125340e+00  1.239600e+00  1.106370e+00  
1.012930e+00  1.003850e+00  9.942860e-01  9.930420e-01  1.255130e+01  1.199160e+01  
1.152260e+01  1.120200e+01  1.095560e+01  1.043770e+01  9.965410e+00  9.536600e+00  
9.150360e+00  8.806020e+00  8.503390e+00  8.241640e+00  8.019750e+00  7.835940e+00  
7.686430e+00  7.567150e+00  7.473540e+00  7.392250e+00  7.299940e+00  7.151430e+00  
6.846020e+00  6.558140e+00  6.057470e+00  5.303520e+00  3.514830e+00  2.554880e+00  
1.356380e+00  1.166910e+00  1.019760e+00  1.004120e+00  9.900670e-01  9.886170e-01  
1.254390e+01  1.199690e+01  1.153610e+01  1.121630e+01  1.096780e+01  1.045100e+01  
9.982210e+00  9.558870e+00  9.179710e+00  8.843540e+00  8.549640e+00  8.296940e+00  
8.084260e+00  7.909580e+00  7.768570e+00  7.658110e+00  7.578700e+00  7.527050e+00  
7.486400e+00  7.397470e+00  7.149130e+00  6.900440e+00  6.466550e+00  5.772420e+00  
3.961890e+00  2.927130e+00  1.473900e+00  1.229970e+00  1.028890e+00  1.007340e+00  
9.875180e-01  9.865110e-01  1.245750e+01  1.195960e+01  1.153360e+01  1.122580e+01  
1.097830e+01  1.047130e+01  1.000980e+01  9.592330e+00  9.218050e+00  8.886600e+00  
8.597980e+00  8.351800e+00  8.147660e+00  7.984540e+00  7.859830e+00  7.771030e+00  
7.716560e+00  7.687700e+00  7.668810e+00  7.628150e+00  7.490550e+00  7.323920e+00  
6.982850e+00  6.391530e+00  4.659540e+00  3.487060e+00  1.696800e+00  1.365900e+00  
1.052410e+00  1.011250e+00  9.856410e-01  9.840090e-01  1.239640e+01  1.193690e+01  
1.153730e+01  1.123610e+01  1.098620e+01  1.048160e+01  1.002180e+01  9.606310e+00  
9.234460e+00  8.906040e+00  8.621080e+00  8.379240e+00  8.180020e+00  8.022440e+00  
7.904500e+00  7.824380e+00  7.781190e+00  7.767390e+00  7.770830e+00  7.769660e+00  
7.699870e+00  7.578150e+00  7.288160e+00  6.753650e+00  5.152040e+00  3.972250e+00  
1.896470e+00  1.482220e+00  1.076640e+00  1.025250e+00  9.861150e-01  9.827880e-01  
1.235150e+01  1.191930e+01  1.153840e+01  1.124180e+01  1.098990e+01  1.048710e+01  
1.002880e+01  9.614990e+00  9.245030e+00  8.918620e+00  8.635810e+00  8.396400e+00  
8.200090e+00  8.046080e+00  7.932420e+00  7.857540e+00  7.821200e+00  7.817100e+00  
7.835020e+00  7.856210e+00  7.826780e+00  7.740120e+00  7.502820e+00  7.030090e+00  
5.521330e+00  4.348420e+00  2.086810e+00  1.599080e+00  1.102140e+00  1.035630e+00  
9.875180e-01  9.824220e-01  1.232070e+01  1.190730e+01  1.153910e+01  1.124560e+01  
1.099240e+01  1.049080e+01  1.003350e+01  9.620820e+00  9.252140e+00  8.927180e+00  
8.645890e+00  8.408180e+00  8.213860e+00  8.062290e+00  7.951530e+00  7.880220e+00  
7.848580e+00  7.851210e+00  7.879150e+00  7.916040e+00  7.915410e+00  7.854610e+00  
7.658860e+00  7.237810e+00  5.813870e+00  4.660710e+00  2.267340e+00  1.710970e+00  
1.127900e+00  1.046410e+00  9.893800e-01  9.815670e-01  1.228240e+01  1.189240e+01  
1.154020e+01  1.125040e+01  1.099540e+01  1.049520e+01  1.003940e+01  9.628230e+00  
9.261270e+00  8.938180e+00  8.658960e+00  8.423550e+00  8.231850e+00  8.083370e+00  
7.976290e+00  7.909600e+00  7.884120e+00  7.895430e+00  7.936270e+00  7.993750e+00  
8.031110e+00  8.005320e+00  7.870630e+00  7.531200e+00  6.252400e+00  5.153100e+00  
2.601210e+00  1.920650e+00  1.179360e+00  1.068910e+00  9.939270e-01  9.810790e-01  
1.225870e+01  1.188320e+01  1.154080e+01  1.125330e+01  1.099710e+01  1.049780e+01  
1.004290e+01  9.632690e+00  9.266820e+00  8.944940e+00  8.667030e+00  8.433090e+00  
8.243000e+00  8.096380e+00  7.991550e+00  7.927720e+00  7.906090e+00  7.922720e+00  
7.971440e+00  8.041830e+00  8.103110e+00  8.099790e+00  8.007660e+00  7.729510e+00  
6.569870e+00  5.528870e+00  2.896610e+00  2.112900e+00  1.230220e+00  1.092570e+00  
9.990080e-01  9.808960e-01  1.222300e+01  1.186940e+01  1.154180e+01  1.125750e+01  
1.099920e+01  1.050120e+01  1.004760e+01  9.638760e+00  9.274320e+00  8.953980e+00  
8.677870e+00  8.445920e+00  8.258060e+00  8.113970e+00  8.012210e+00  7.952400e+00  
7.936080e+00  7.959920e+00  8.019310e+00  8.107710e+00  8.202480e+00  8.230870e+00  
8.202980e+00  8.026040e+00  7.089790e+00  6.180960e+00  3.507820e+00  2.538260e+00  
1.353950e+00  1.154950e+00  1.012150e+00  9.805910e-01  1.220260e+01  1.186140e+01  
1.154210e+01  1.125960e+01  1.100020e+01  1.050290e+01  1.005010e+01  9.641940e+00  
9.278140e+00  8.958510e+00  8.683190e+00  8.452210e+00  8.265500e+00  8.122760e+00  
8.022680e+00  7.964980e+00  7.951430e+00  7.978980e+00  8.043880e+00  8.141970e+00  
8.254600e+00  8.299530e+00  8.306130e+00  8.189590e+00  7.411230e+00  6.606860e+00  
3.986000e+00  2.902830e+00  1.472770e+00  1.219250e+00  1.025280e+00  9.802250e-01  
1.218050e+01  1.185260e+01  1.154230e+01  1.126180e+01  1.100130e+01  1.050470e+01  
1.005260e+01  9.645190e+00  9.281990e+00  8.962970e+00  8.688390e+00  8.458330e+00  
8.272760e+00  8.131430e+00  8.033080e+00  7.977540e+00  7.966770e+00  7.998120e+00  
8.068730e+00  8.176920e+00  8.308340e+00  8.370370e+00  8.411770e+00  8.362570e+00  
7.794680e+00  7.140860e+00  4.696790e+00  3.489210e+00  1.694360e+00  1.346750e+00  
1.051210e+00  9.799190e-01  1.219030e+01  1.186150e+01  1.154910e+01  1.126470e+01  
1.100020e+01  1.050050e+01  1.004810e+01  9.641890e+00  9.280710e+00  8.964000e+00  
8.691410e+00  8.462820e+00  8.278080e+00  8.136420e+00  8.035320e+00  7.974740e+00  
7.960750e+00  7.999840e+00  8.093340e+00  8.218010e+00  8.343020e+00  8.402960e+00  
8.455370e+00  8.446230e+00  8.028970e+00  7.462260e+00  5.198100e+00  3.951180e+00  
1.898820e+00  1.471180e+00  1.075680e+00  9.798580e-01  1.218250e+01  1.185820e+01  
1.154890e+01  1.126530e+01  1.100040e+01  1.050100e+01  1.004900e+01  9.642950e+00  
9.282010e+00  8.965500e+00  8.693140e+00  8.464780e+00  8.280320e+00  8.138980e+00  
8.038360e+00  7.978420e+00  7.965330e+00  8.005710e+00  8.101080e+00  8.228650e+00  
8.359160e+00  8.424830e+00  8.489000e+00  8.502520e+00  8.170790e+00  7.685270e+00  
5.580230e+00  4.320790e+00  2.102080e+00  1.590910e+00  1.101320e+00  9.798580e-01  
1.217690e+01  1.185590e+01  1.154880e+01  1.126560e+01  1.100050e+01  1.050130e+01  
1.004940e+01  9.643590e+00  9.282810e+00  8.966450e+00  8.694240e+00  8.466070e+00  
8.281800e+00  8.140720e+00  8.040400e+00  7.980900e+00  7.968400e+00  8.009620e+00  
8.106260e+00  8.235810e+00  8.370120e+00  8.439620e+00  8.511530e+00  8.540430e+00  
8.270990e+00  7.846270e+00  5.880590e+00  4.629800e+00  2.290810e+00  1.708340e+00  
1.126280e+00  9.796750e-01  1.214910e+01  1.183980e+01  1.154210e+01  1.126430e+01  
1.100200e+01  1.050650e+01  1.005530e+01  9.648820e+00  9.286700e+00  8.968830e+00  
8.695420e+00  8.466540e+00  8.282230e+00  8.142320e+00  8.045860e+00  7.992900e+00  
7.985750e+00  8.022240e+00  8.100490e+00  8.220840e+00  8.377680e+00  8.464500e+00  
8.548540e+00  8.589230e+00  8.400680e+00  8.062680e+00  6.328750e+00  5.122050e+00  
2.628220e+00  1.942690e+00  1.176760e+00  9.798580e-01  1.214590e+01  1.183860e+01  
1.154220e+01  1.126460e+01  1.100200e+01  1.050650e+01  1.005550e+01  9.649150e+00  
9.287100e+00  8.969280e+00  8.695970e+00  8.467260e+00  8.283230e+00  8.143730e+00  
8.047710e+00  7.995170e+00  7.988440e+00  8.025330e+00  8.104160e+00  8.226120e+00  
8.385960e+00  8.475390e+00  8.566760e+00  8.621020e+00  8.481220e+00  8.198030e+00  
6.648290e+00  5.503790e+00  2.923050e+00  2.151000e+00  1.226440e+00  9.796520e-01  