6.803600e-01  6.937210e-01  7.073400e-01  7.214230e-01  7.359700e-01  7.663100e-01  
7.981900e-01  8.314100e-01  8.660500e-01  9.023400e-01  9.406300e-01  9.814300e-01  
1.025590e+00  1.073970e+00  1.127250e+00  1.185120e+00  1.244440e+00  1.297030e+00  
1.333600e+00  1.352960e+00  1.364800e+00  1.374380e+00  1.382720e+00  1.385620e+00  
1.382430e+00  1.381320e+00  1.381190e+00  1.381160e+00  1.380970e+00  1.380940e+00  
1.380920e+00  1.380950e+00  9.472000e-01  9.675350e-01  9.879400e-01  1.008480e+00  
1.029180e+00  1.071180e+00  1.114050e+00  1.157940e+00  1.203160e+00  1.250320e+00  
1.300200e+00  1.353090e+00  1.408970e+00  1.467650e+00  1.528660e+00  1.590940e+00  
1.652490e+00  1.709310e+00  1.755960e+00  1.787060e+00  1.796140e+00  1.793280e+00  
1.794370e+00  1.800050e+00  1.800070e+00  1.798210e+00  1.799090e+00  1.799540e+00  
1.799390e+00  1.799240e+00  1.799540e+00  1.799280e+00  1.202090e+00  1.227200e+00  
1.252380e+00  1.277700e+00  1.303210e+00  1.354900e+00  1.407440e+00  1.460780e+00  
1.515000e+00  1.570320e+00  1.627070e+00  1.685480e+00  1.745720e+00  1.808200e+00  
1.873820e+00  1.942450e+00  2.010580e+00  2.070130e+00  2.112710e+00  2.139030e+00  
2.150580e+00  2.151220e+00  2.153790e+00  2.157960e+00  2.157750e+00  2.157780e+00  
2.158440e+00  2.158490e+00  2.158410e+00  2.158450e+00  2.158390e+00  2.158330e+00  
1.665820e+00  1.700100e+00  1.734180e+00  1.767920e+00  1.801420e+00  1.867960e+00  
1.933590e+00  1.998230e+00  2.062000e+00  2.125440e+00  2.189410e+00  2.254050e+00  
2.319310e+00  2.385180e+00  2.452030e+00  2.519390e+00  2.584310e+00  2.640760e+00  
2.682700e+00  2.710740e+00  2.725920e+00  2.729120e+00  2.734390e+00  2.741160e+00  
2.745340e+00  2.745670e+00  2.744250e+00  2.743990e+00  2.744170e+00  2.744190e+00  
2.744220e+00  2.744150e+00  2.076350e+00  2.118000e+00  2.159080e+00  2.199170e+00  
2.238390e+00  2.314790e+00  2.387980e+00  2.457920e+00  2.524980e+00  2.590330e+00  
2.655650e+00  2.721100e+00  2.786320e+00  2.850630e+00  2.913320e+00  2.973430e+00  
3.029400e+00  3.079250e+00  3.120770e+00  3.152750e+00  3.173310e+00  3.179250e+00  
3.186300e+00  3.194460e+00  3.204520e+00  3.205590e+00  3.202090e+00  3.201290e+00  
3.201660e+00  3.201900e+00  3.201570e+00  3.201770e+00  2.442800e+00  2.489730e+00  
2.535770e+00  2.580240e+00  2.623300e+00  2.705950e+00  2.783310e+00  2.855320e+00  
2.922500e+00  2.986370e+00  3.049090e+00  3.110910e+00  3.171520e+00  3.230320e+00  
3.286860e+00  3.340500e+00  3.390170e+00  3.434780e+00  3.473100e+00  3.504100e+00  
3.526680e+00  3.535660e+00  3.547960e+00  3.561550e+00  3.572910e+00  3.572860e+00  
3.568780e+00  3.568030e+00  3.568450e+00  3.568680e+00  3.568540e+00  3.568640e+00  
2.770840e+00  2.821850e+00  2.871630e+00  2.919220e+00  2.964830e+00  3.051130e+00  
3.130020e+00  3.201480e+00  3.266250e+00  3.326250e+00  3.384230e+00  3.440590e+00  
3.495080e+00  3.547180e+00  3.596690e+00  3.643250e+00  3.686180e+00  3.725090e+00  
3.759640e+00  3.789830e+00  3.815830e+00  3.828130e+00  3.843480e+00  3.858880e+00  
3.872030e+00  3.872330e+00  3.867930e+00  3.867070e+00  3.867540e+00  3.867820e+00  
3.867630e+00  3.867790e+00  3.332400e+00  3.388730e+00  3.443140e+00  3.494160e+00  
3.542090e+00  3.630210e+00  3.706970e+00  3.772530e+00  3.828090e+00  3.876460e+00  
3.921570e+00  3.964180e+00  4.004240e+00  4.041650e+00  4.076660e+00  4.109590e+00  
4.140330e+00  4.169390e+00  4.197480e+00  4.225720e+00  4.255640e+00  4.271920e+00  
4.290440e+00  4.307080e+00  4.321980e+00  4.323280e+00  4.319960e+00  4.319220e+00  
4.319720e+00  4.319990e+00  4.319770e+00  4.320000e+00  3.790660e+00  3.857250e+00  
3.919430e+00  3.973840e+00  4.021340e+00  4.101050e+00  4.163870e+00  4.216420e+00  
4.260660e+00  4.298510e+00  4.332560e+00  4.362970e+00  4.389280e+00  4.411600e+00  
4.431520e+00  4.450750e+00  4.469880e+00  4.490180e+00  4.513300e+00  4.541010e+00  
4.572680e+00  4.588660e+00  4.606840e+00  4.623290e+00  4.638030e+00  4.640520e+00  
4.639470e+00  4.639250e+00  4.639690e+00  4.639790e+00  4.639800e+00  4.639890e+00  
4.675400e+00  4.746710e+00  4.811130e+00  4.863410e+00  4.904990e+00  4.964910e+00  
5.000070e+00  5.021380e+00  5.032350e+00  5.036190e+00  5.036940e+00  5.034470e+00  
5.027480e+00  5.016510e+00  5.006350e+00  5.001480e+00  5.002530e+00  5.009010e+00  
5.020460e+00  5.037290e+00  5.061440e+00  5.076640e+00  5.089770e+00  5.097730e+00  
5.109080e+00  5.113490e+00  5.120140e+00  5.121080e+00  5.121130e+00  5.121060e+00  
5.121090e+00  5.121160e+00  5.333240e+00  5.387690e+00  5.437140e+00  5.477750e+00  
5.510460e+00  5.557060e+00  5.577520e+00  5.574140e+00  5.551490e+00  5.517290e+00  
5.481090e+00  5.445590e+00  5.411860e+00  5.380940e+00  5.354280e+00  5.333320e+00  
5.318760e+00  5.310790e+00  5.309590e+00  5.315520e+00  5.328560e+00  5.336580e+00  
5.341320e+00  5.341340e+00  5.344580e+00  5.350330e+00  5.363420e+00  5.365620e+00  
5.365330e+00  5.364900e+00  5.365300e+00  5.365110e+00  6.245080e+00  6.285190e+00  
6.318710e+00  6.340660e+00  6.352480e+00  6.353020e+00  6.322250e+00  6.264210e+00  
6.185800e+00  6.097690e+00  6.012130e+00  5.933040e+00  5.861450e+00  5.798170e+00  
5.744490e+00  5.700670e+00  5.665680e+00  5.635430e+00  5.607010e+00  5.584950e+00  
5.573790e+00  5.569670e+00  5.557810e+00  5.540820e+00  5.531180e+00  5.535520e+00  
5.556220e+00  5.559360e+00  5.558180e+00  5.558230e+00  5.557730e+00  5.557920e+00  
6.899450e+00  6.921130e+00  6.935290e+00  6.936300e+00  6.926020e+00  6.880850e+00  
6.802900e+00  6.697670e+00  6.573690e+00  6.443490e+00  6.321060e+00  6.210480e+00  
6.112400e+00  6.026390e+00  5.952350e+00  5.888880e+00  5.834380e+00  5.783960e+00  
5.734130e+00  5.689890e+00  5.656500e+00  5.641260e+00  5.618020e+00  5.591920e+00  
5.573160e+00  5.574940e+00  5.593620e+00  5.596550e+00  5.595200e+00  5.595250e+00  
5.594700e+00  5.594940e+00  7.418270e+00  7.419930e+00  7.413580e+00  7.393280e+00  
7.361260e+00  7.272770e+00  7.152190e+00  7.006020e+00  6.843820e+00  6.679000e+00  
6.526590e+00  6.390430e+00  6.270650e+00  6.165780e+00  6.074200e+00  5.993380e+00  
5.921420e+00  5.853430e+00  5.785880e+00  5.723510e+00  5.671660e+00  5.647820e+00  
5.617860e+00  5.588300e+00  5.564780e+00  5.563270e+00  5.573880e+00  5.575640e+00  
5.574500e+00  5.574500e+00  5.574110e+00  5.574320e+00  8.020740e+00  7.936760e+00  
7.851290e+00  7.763490e+00  7.675230e+00  7.503110e+00  7.334830e+00  7.170580e+00  
7.010500e+00  6.854700e+00  6.703750e+00  6.558480e+00  6.419700e+00  6.287550e+00  
6.163420e+00  6.048480e+00  5.943880e+00  5.851330e+00  5.771960e+00  5.703430e+00  
5.645910e+00  5.624650e+00  5.610480e+00  5.597970e+00  5.537830e+00  5.509090e+00  
5.525030e+00  5.531860e+00  5.528970e+00  5.526960e+00  5.530300e+00  5.528380e+00  
8.689120e+00  8.570400e+00  8.450390e+00  8.328480e+00  8.206800e+00  7.970600e+00  
7.741490e+00  7.519630e+00  7.305210e+00  7.098240e+00  6.899400e+00  6.710030e+00  
6.530500e+00  6.361200e+00  6.203410e+00  6.059220e+00  5.929590e+00  5.816410e+00  
5.720430e+00  5.637020e+00  5.563820e+00  5.534300e+00  5.511480e+00  5.491480e+00  
5.421340e+00  5.387400e+00  5.390570e+00  5.394730e+00  5.391320e+00  5.389670e+00  
5.392120e+00  5.391020e+00  9.034810e+00  8.980720e+00  8.907030e+00  8.799600e+00  
8.666080e+00  8.360150e+00  8.033720e+00  7.727280e+00  7.446260e+00  7.189250e+00  
6.954870e+00  6.742110e+00  6.547820e+00  6.368760e+00  6.202660e+00  6.048570e+00  
5.905840e+00  5.773380e+00  5.650100e+00  5.534480e+00  5.425010e+00  5.373660e+00  
5.328060e+00  5.298330e+00  5.267750e+00  5.252400e+00  5.224810e+00  5.220370e+00  
5.220140e+00  5.220810e+00  5.219920e+00  5.220640e+00  9.904740e+00  9.766830e+00  
9.610880e+00  9.424150e+00  9.215160e+00  8.772290e+00  8.330200e+00  7.929520e+00  
7.572660e+00  7.255350e+00  6.972610e+00  6.717100e+00  6.478270e+00  6.249880e+00  
6.034650e+00  5.835350e+00  5.651840e+00  5.480510e+00  5.319490e+00  5.169890e+00  
5.027580e+00  4.956620e+00  4.891960e+00  4.847280e+00  4.799240e+00  4.784030e+00  
4.762070e+00  4.758930e+00  4.758470e+00  4.758590e+00  4.758480e+00  4.758330e+00  
1.054180e+01  1.024480e+01  9.952600e+00  9.669280e+00  9.396400e+00  8.883330e+00  
8.409890e+00  7.973720e+00  7.572590e+00  7.205010e+00  6.870080e+00  6.565320e+00  
6.287510e+00  6.032690e+00  5.795470e+00  5.572310e+00  5.364410e+00  5.171160e+00  
4.990590e+00  4.814450e+00  4.636480e+00  4.549590e+00  4.468730e+00  4.409720e+00  
4.346210e+00  4.331520e+00  4.327210e+00  4.327230e+00  4.325660e+00  4.325350e+00  
4.325080e+00  4.324700e+00  1.103560e+01  1.069960e+01  1.036030e+01  1.001590e+01  
9.671630e+00  9.005060e+00  8.388680e+00  7.845630e+00  7.372180e+00  6.958320e+00  
6.593880e+00  6.265050e+00  5.953710e+00  5.651100e+00  5.364410e+00  5.098890e+00  
4.852920e+00  4.621900e+00  4.400810e+00  4.190900e+00  3.994690e+00  3.901110e+00  
3.806020e+00  3.729180e+00  3.656190e+00  3.640210e+00  3.633470e+00  3.632800e+00  
3.631180e+00  3.630840e+00  3.630740e+00  3.629910e+00  1.137490e+01  1.095190e+01  
1.053530e+01  1.013030e+01  9.738580e+00  8.998610e+00  8.329490e+00  7.741550e+00  
7.227190e+00  6.772850e+00  6.365270e+00  5.994940e+00  5.652000e+00  5.329770e+00  
5.026670e+00  4.741520e+00  4.473390e+00  4.220460e+00  3.981010e+00  3.754760e+00  
3.541430e+00  3.438930e+00  3.339790e+00  3.264070e+00  3.188170e+00  3.168750e+00  
3.151460e+00  3.149170e+00  3.147840e+00  3.147690e+00  3.147550e+00  3.147350e+00  
1.161240e+01  1.110720e+01  1.062200e+01  1.017160e+01  9.751600e+00  8.977860e+00  
8.288860e+00  7.674090e+00  7.126000e+00  6.635080e+00  6.192030e+00  5.790680e+00  
5.425480e+00  5.090090e+00  4.776410e+00  4.478840e+00  4.197160e+00  3.931660e+00  
3.682450e+00  3.446330e+00  3.222770e+00  3.116530e+00  3.012990e+00  2.933050e+00  
2.854470e+00  2.834160e+00  2.815310e+00  2.812930e+00  2.811470e+00  2.811270e+00  
2.811170e+00  2.812160e+00  1.175060e+01  1.121140e+01  1.069570e+01  1.022090e+01  
9.780220e+00  8.969260e+00  8.250410e+00  7.611490e+00  7.042520e+00  6.532540e+00  
6.071000e+00  5.651630e+00  5.269320e+00  4.918500e+00  4.592270e+00  4.285570e+00  
3.997160e+00  3.725450e+00  3.469360e+00  3.226670e+00  2.996450e+00  2.886400e+00  
2.778240e+00  2.693930e+00  2.611870e+00  2.591460e+00  2.574200e+00  2.572050e+00  
2.570400e+00  2.570210e+00  2.570010e+00  2.571690e+00  1.192090e+01  1.133790e+01  
1.078390e+01  1.027970e+01  9.815110e+00  8.960050e+00  8.205920e+00  7.539060e+00  
6.945790e+00  6.413190e+00  5.929560e+00  5.488720e+00  5.086000e+00  4.716530e+00  
4.374570e+00  4.055580e+00  3.757180e+00  3.475980e+00  3.209290e+00  2.955970e+00  
2.713930e+00  2.596940e+00  2.480990e+00  2.389670e+00  2.300720e+00  2.279210e+00  
2.263090e+00  2.261280e+00  2.259410e+00  2.259070e+00  2.258990e+00  2.259570e+00  
1.202840e+01  1.141700e+01  1.083850e+01  1.031690e+01  9.838810e+00  8.959310e+00  
8.186880e+00  7.506200e+00  6.901810e+00  6.359540e+00  5.867130e+00  5.418160e+00  
5.007720e+00  4.630550e+00  4.280520e+00  3.952860e+00  3.645360e+00  3.354980e+00  
3.078840e+00  2.814490e+00  2.559320e+00  2.434910e+00  2.312090e+00  2.215510e+00  
2.119310e+00  2.095530e+00  2.077190e+00  2.075050e+00  2.073110e+00  2.072880e+00  
2.072650e+00  2.071140e+00  1.214630e+01  1.150640e+01  1.090510e+01  1.037000e+01  
9.883300e+00  8.986940e+00  8.203950e+00  7.513420e+00  6.900570e+00  6.351250e+00  
5.853430e+00  5.400050e+00  4.985240e+00  4.602500e+00  4.243980e+00  3.904040e+00  
3.581260e+00  3.274080e+00  2.979580e+00  2.691360e+00  2.404050e+00  2.259280e+00  
2.112740e+00  1.994590e+00  1.876750e+00  1.846610e+00  1.822200e+00  1.819340e+00  
1.817010e+00  1.816690e+00  1.816410e+00  1.814790e+00  1.216670e+01  1.153400e+01  
1.094000e+01  1.041190e+01  9.930410e+00  9.036360e+00  8.253200e+00  7.562440e+00  
6.950980e+00  6.404920e+00  5.912090e+00  5.463390e+00  5.050070e+00  4.664830e+00  
4.302200e+00  3.957830e+00  3.629170e+00  3.312560e+00  3.003750e+00  2.697050e+00  
2.380770e+00  2.213150e+00  2.037170e+00  1.890950e+00  1.747450e+00  1.712960e+00  
1.685360e+00  1.681510e+00  1.678550e+00  1.678180e+00  1.677890e+00  1.680970e+00  
1.216910e+01  1.153370e+01  1.094370e+01  1.043050e+01  9.970050e+00  9.117160e+00  
8.367250e+00  7.698800e+00  7.100650e+00  6.561650e+00  6.072130e+00  5.625590e+00  
5.216120e+00  4.837030e+00  4.480000e+00  4.138180e+00  3.807770e+00  3.483020e+00  
3.156070e+00  2.814650e+00  2.442020e+00  2.236410e+00  2.009430e+00  1.809030e+00  
1.608730e+00  1.566700e+00  1.538500e+00  1.534740e+00  1.528850e+00  1.527620e+00  
1.528140e+00  1.539550e+00  1.210340e+01  1.149370e+01  1.093020e+01  1.044460e+01  
1.001050e+01  9.198230e+00  8.473180e+00  7.820060e+00  7.231450e+00  6.700140e+00  
6.219720e+00  5.783780e+00  5.385380e+00  5.016400e+00  4.666390e+00  4.327100e+00  
3.995110e+00  3.665300e+00  3.328110e+00  2.963510e+00  2.545810e+00  2.307410e+00  
2.040600e+00  1.800770e+00  1.543510e+00  1.483680e+00  1.459710e+00  1.458110e+00  
1.449040e+00  1.446600e+00  1.449100e+00  1.463130e+00  1.205700e+01  1.145830e+01  
1.090850e+01  1.044110e+01  1.002650e+01  9.246740e+00  8.547160e+00  7.914800e+00  
7.343100e+00  6.825480e+00  6.356120e+00  5.929100e+00  5.537970e+00  5.175010e+00  
4.830120e+00  4.495070e+00  4.165790e+00  3.836010e+00  3.493740e+00  3.113740e+00  
2.662640e+00  2.397270e+00  2.093030e+00  1.815100e+00  1.508980e+00  1.435500e+00  
1.411490e+00  1.410780e+00  1.399480e+00  1.396290e+00  1.399540e+00  1.414550e+00  
1.201170e+01  1.142270e+01  1.088540e+01  1.043450e+01  1.003730e+01  9.285190e+00  
8.608030e+00  7.994110e+00  7.437630e+00  6.932530e+00  6.473510e+00  6.055060e+00  
5.671150e+00  5.314440e+00  4.975170e+00  4.645170e+00  4.319870e+00  3.992030e+00  
3.647620e+00  3.256910e+00  2.779510e+00  2.491790e+00  2.155580e+00  1.843490e+00  
1.492040e+00  1.405080e+00  1.379060e+00  1.378910e+00  1.365830e+00  1.362080e+00  
1.366210e+00  1.380130e+00  1.193230e+01  1.135980e+01  1.084330e+01  1.041980e+01  
1.005120e+01  9.343140e+00  8.702800e+00  8.119610e+00  7.588950e+00  7.105560e+00  
6.664910e+00  6.262180e+00  5.891970e+00  5.547570e+00  5.219870e+00  4.900770e+00  
4.585080e+00  4.264080e+00  3.920560e+00  3.517400e+00  3.002110e+00  2.679550e+00  
2.291020e+00  1.919890e+00  1.486600e+00  1.373700e+00  1.338810e+00  1.338800e+00  
1.323120e+00  1.318550e+00  1.323910e+00  1.334840e+00  1.186950e+01  1.131020e+01  
1.080980e+01  1.040710e+01  1.005990e+01  9.385210e+00  8.773260e+00  8.214320e+00  
7.704460e+00  7.239000e+00  6.813970e+00  6.425030e+00  6.067270e+00  5.734430e+00  
5.417870e+00  5.109620e+00  4.804100e+00  4.491650e+00  4.152730e+00  3.744750e+00  
3.205130e+00  2.857300e+00  2.428150e+00  2.007690e+00  1.501390e+00  1.363870e+00  
1.315350e+00  1.314460e+00  1.297060e+00  1.292040e+00  1.297910e+00  1.305790e+00  
1.183140e+01  1.128100e+01  1.079420e+01  1.041270e+01  1.008920e+01  9.454090e+00  
8.878940e+00  8.355260e+00  7.879410e+00  7.447010e+00  7.054250e+00  6.696810e+00  
6.369600e+00  6.065780e+00  5.775410e+00  5.489770e+00  5.204030e+00  4.909960e+00  
4.590760e+00  4.208250e+00  3.678140e+00  3.293950e+00  2.754390e+00  2.195300e+00  
1.561490e+00  1.392440e+00  1.291850e+00  1.279390e+00  1.260310e+00  1.258820e+00  
1.255680e+00  1.264400e+00  1.176600e+01  1.123100e+01  1.076150e+01  1.040000e+01  
1.009690e+01  9.496660e+00  8.951910e+00  8.455450e+00  8.004160e+00  7.594280e+00  
7.222480e+00  6.884970e+00  6.577120e+00  6.292570e+00  6.021860e+00  5.756480e+00  
5.491520e+00  5.218200e+00  4.918040e+00  4.548030e+00  4.014270e+00  3.615990e+00  
3.044010e+00  2.425990e+00  1.654090e+00  1.428800e+00  1.281420e+00  1.263850e+00  
1.241780e+00  1.239430e+00  1.236450e+00  1.241940e+00  1.165960e+01  1.115070e+01  
1.070890e+01  1.037750e+01  1.010400e+01  9.552920e+00  9.049390e+00  8.588180e+00  
8.167300e+00  7.784460e+00  7.437650e+00  7.124180e+00  6.840660e+00  6.582310e+00  
6.341650e+00  6.111090e+00  5.883930e+00  5.647090e+00  5.378250e+00  5.034290e+00  
4.516750e+00  4.116530e+00  3.520860e+00  2.827520e+00  1.844660e+00  1.540690e+00  
1.278370e+00  1.245460e+00  1.223750e+00  1.220990e+00  1.215700e+00  1.218750e+00  
1.162770e+01  1.112840e+01  1.069730e+01  1.037790e+01  1.011650e+01  9.585530e+00  
9.100420e+00  8.657480e+00  8.254570e+00  7.889000e+00  7.558400e+00  7.261420e+00  
6.996800e+00  6.761300e+00  6.547670e+00  6.346920e+00  6.148140e+00  5.934660e+00  
5.683900e+00  5.359870e+00  4.876670e+00  4.501470e+00  3.920940e+00  3.181260e+00  
2.019560e+00  1.641210e+00  1.293890e+00  1.245840e+00  1.213090e+00  1.209670e+00  
1.203830e+00  1.206540e+00  1.160640e+01  1.111350e+01  1.068930e+01  1.037800e+01  
1.012490e+01  9.609110e+00  9.137460e+00  8.706210e+00  8.314020e+00  7.959390e+00  
7.641110e+00  7.357420e+00  7.106090e+00  6.883800e+00  6.684980e+00  6.502800e+00  
6.328520e+00  6.143440e+00  5.921170e+00  5.623300e+00  5.159130e+00  4.791510e+00  
4.225570e+00  3.491250e+00  2.202080e+00  1.735620e+00  1.308530e+00  1.250440e+00  
1.208340e+00  1.202120e+00  1.198780e+00  1.199310e+00  1.159080e+01  1.110440e+01  
1.068650e+01  1.038110e+01  1.013340e+01  9.627250e+00  9.164180e+00  8.740980e+00  
8.356650e+00  8.010000e+00  7.700180e+00  7.425710e+00  7.184570e+00  6.973720e+00  
6.787870e+00  6.620660e+00  6.464160e+00  6.300560e+00  6.103350e+00  5.830570e+00  
5.388920e+00  5.033690e+00  4.482650e+00  3.747820e+00  2.370380e+00  1.835130e+00  
1.326350e+00  1.255780e+00  1.205390e+00  1.197940e+00  1.194120e+00  1.194440e+00  
1.157180e+01  1.109700e+01  1.068920e+01  1.039150e+01  1.014970e+01  9.653760e+00  
9.199460e+00  8.785670e+00  8.411830e+00  8.076880e+00  7.780100e+00  7.519810e+00  
7.293590e+00  7.098560e+00  6.930850e+00  6.785470e+00  6.655220e+00  6.522900e+00  
6.362610e+00  6.133140e+00  5.743760e+00  5.419510e+00  4.898590e+00  4.162740e+00  
2.659650e+00  2.027320e+00  1.372390e+00  1.274460e+00  1.200790e+00  1.193120e+00  
1.182860e+00  1.188720e+00  1.158420e+01  1.110710e+01  1.069740e+01  1.039870e+01  
1.015720e+01  9.665330e+00  9.218140e+00  8.812860e+00  8.448230e+00  8.122530e+00  
7.834580e+00  7.583010e+00  7.366070e+00  7.180840e+00  7.022110e+00  6.885280e+00  
6.768360e+00  6.664610e+00  6.552830e+00  6.370400e+00  6.005660e+00  5.693820e+00  
5.205600e+00  4.501110e+00  2.928050e+00  2.210290e+00  1.408930e+00  1.287480e+00  
1.201830e+00  1.192340e+00  1.184080e+00  1.184570e+00  1.155500e+01  1.109560e+01  
1.070080e+01  1.041220e+01  1.017800e+01  9.699440e+00  9.262390e+00  8.865260e+00  
8.507520e+00  8.188680e+00  7.908720e+00  7.667120e+00  7.462890e+00  7.294290e+00  
7.157850e+00  7.049860e+00  6.966760e+00  6.897240e+00  6.820700e+00  6.695130e+00  
6.430570e+00  6.181040e+00  5.748570e+00  5.090800e+00  3.481520e+00  2.602900e+00  
1.512320e+00  1.339620e+00  1.207570e+00  1.191590e+00  1.179310e+00  1.179570e+00  
1.155720e+01  1.110500e+01  1.071470e+01  1.042570e+01  1.018950e+01  9.711200e+00  
9.277040e+00  8.884950e+00  8.533710e+00  8.222300e+00  7.949890e+00  7.715920e+00  
7.519240e+00  7.358050e+00  7.228550e+00  7.128130e+00  7.057520e+00  7.014150e+00  
6.983050e+00  6.910140e+00  6.696620e+00  6.482470e+00  6.110360e+00  5.505910e+00  
3.882700e+00  2.946710e+00  1.618560e+00  1.394020e+00  1.214940e+00  1.195280e+00  
1.176210e+00  1.177120e+00  1.151280e+01  1.109130e+01  1.072200e+01  1.043880e+01  
1.020140e+01  9.727430e+00  9.297550e+00  8.909980e+00  8.563570e+00  8.257450e+00  
7.990980e+00  7.763740e+00  7.574910e+00  7.423020e+00  7.304780e+00  7.218380e+00  
7.166040e+00  7.147590e+00  7.152570e+00  7.135040e+00  7.008400e+00  6.853750e+00  
6.554890e+00  6.035150e+00  4.506270e+00  3.484910e+00  1.817040e+00  1.508470e+00  
1.235500e+00  1.203350e+00  1.174070e+00  1.174320e+00  1.147310e+01  1.107680e+01  
1.072480e+01  1.044580e+01  1.020660e+01  9.734760e+00  9.307090e+00  8.921910e+00  
8.578110e+00  8.274900e+00  8.011730e+00  7.788150e+00  7.603580e+00  7.456710e+00  
7.344420e+00  7.265360e+00  7.222590e+00  7.217510e+00  7.242610e+00  7.257990e+00  
7.186580e+00  7.071860e+00  6.825070e+00  6.372400e+00  4.954240e+00  3.901990e+00  
2.001400e+00  1.620520e+00  1.258160e+00  1.212560e+00  1.174010e+00  1.172970e+00  
1.142400e+01  1.105300e+01  1.071950e+01  1.044770e+01  1.021010e+01  9.743100e+00  
9.317560e+00  8.933230e+00  8.589690e+00  8.286830e+00  8.024770e+00  7.803010e+00  
7.620590e+00  7.476710e+00  7.370330e+00  7.300950e+00  7.268650e+00  7.267700e+00  
7.289160e+00  7.316940e+00  7.293420e+00  7.211600e+00  7.011360e+00  6.636510e+00  
5.319070e+00  4.185200e+00  2.174720e+00  1.745040e+00  1.281740e+00  1.212270e+00  
1.179150e+00  1.172390e+00  1.140180e+01  1.104430e+01  1.072000e+01  1.045070e+01  
1.021230e+01  9.746380e+00  9.321710e+00  8.938400e+00  8.595970e+00  8.294140e+00  
8.032900e+00  7.812100e+00  7.631560e+00  7.490700e+00  7.387900e+00  7.322190e+00  
7.293850e+00  7.297670e+00  7.325610e+00  7.364010e+00  7.373250e+00  7.325530e+00  
7.156220e+00  6.788340e+00  5.550420e+00  4.520550e+00  2.336530e+00  1.831460e+00  
1.305010e+00  1.232650e+00  1.175540e+00  1.172120e+00  1.137430e+01  1.103330e+01  
1.072020e+01  1.045370e+01  1.021440e+01  9.749930e+00  9.326730e+00  8.944820e+00  
8.603810e+00  8.303560e+00  8.044130e+00  7.825430e+00  7.647220e+00  7.509020e+00  
7.409440e+00  7.347790e+00  7.324850e+00  7.336200e+00  7.375350e+00  7.431660e+00  
7.474080e+00  7.457330e+00  7.343040e+00  7.046570e+00  5.932840e+00  4.958670e+00  
2.640330e+00  2.025210e+00  1.351680e+00  1.252680e+00  1.179630e+00  1.170900e+00  
1.135710e+01  1.102630e+01  1.072020e+01  1.045550e+01  1.021540e+01  9.751960e+00  
9.329670e+00  8.948690e+00  8.608640e+00  8.309390e+00  8.051100e+00  7.833670e+00  
7.656920e+00  7.520380e+00  7.422770e+00  7.363560e+00  7.343840e+00  7.359780e+00  
7.405880e+00  7.473450e+00  7.536410e+00  7.539500e+00  7.463900e+00  7.221560e+00  
6.207610e+00  5.290100e+00  2.909790e+00  2.203190e+00  1.397780e+00  1.273450e+00  
1.184170e+00  1.170780e+00  1.133120e+01  1.101600e+01  1.072050e+01  1.045810e+01  
1.021680e+01  9.754690e+00  9.333680e+00  8.953970e+00  8.615200e+00  8.317310e+00  
8.060500e+00  7.844760e+00  7.669950e+00  7.535740e+00  7.440860e+00  7.384950e+00  
7.369590e+00  7.391760e+00  7.447380e+00  7.530710e+00  7.622200e+00  7.652930e+00  
7.635590e+00  7.483620e+00  6.658660e+00  5.862960e+00  3.468160e+00  2.595640e+00  
1.509920e+00  1.327950e+00  1.197080e+00  1.170170e+00  1.131700e+01  1.101050e+01  
1.072100e+01  1.046000e+01  1.021800e+01  9.756260e+00  9.335760e+00  8.956620e+00  
8.618480e+00  8.321260e+00  8.065140e+00  7.850180e+00  7.676340e+00  7.543330e+00  
7.449940e+00  7.395870e+00  7.382850e+00  7.408240e+00  7.468720e+00  7.560560e+00  
7.667440e+00  7.712320e+00  7.725360e+00  7.627960e+00  6.942530e+00  6.238710e+00  
3.905440e+00  2.929450e+00  1.617500e+00  1.384180e+00  1.210190e+00  1.170070e+00  
1.130220e+01  1.100510e+01  1.072180e+01  1.046220e+01  1.021930e+01  9.757990e+00  
9.337910e+00  8.959250e+00  8.621680e+00  8.325080e+00  8.069640e+00  7.855450e+00  
7.682560e+00  7.550770e+00  7.458910e+00  7.406750e+00  7.396200e+00  7.424880e+00  
7.490270e+00  7.591010e+00  7.714390e+00  7.773710e+00  7.816420e+00  7.779840e+00  
7.285220e+00  6.712260e+00  4.553180e+00  3.463420e+00  1.818170e+00  1.496830e+00  
1.236000e+00  1.169820e+00  1.131460e+01  1.101500e+01  1.072860e+01  1.046500e+01  
1.021850e+01  9.754130e+00  9.333760e+00  8.956120e+00  8.620320e+00  8.325770e+00  
8.072170e+00  7.859390e+00  7.687290e+00  7.555160e+00  7.460680e+00  7.403800e+00  
7.390200e+00  7.425990e+00  7.512440e+00  7.628060e+00  7.744700e+00  7.801690e+00  
7.853870e+00  7.852280e+00  7.491340e+00  6.997850e+00  5.004840e+00  3.880330e+00  
2.005350e+00  1.608770e+00  1.259470e+00  1.169690e+00  1.130940e+01  1.101280e+01  
1.072860e+01  1.046560e+01  1.021880e+01  9.754630e+00  9.334440e+00  8.956990e+00  
8.621380e+00  8.327030e+00  8.073620e+00  7.861080e+00  7.689250e+00  7.557460e+00  
7.463390e+00  7.407060e+00  7.394210e+00  7.431060e+00  7.519120e+00  7.637310e+00  
7.758880e+00  7.820790e+00  7.882760e+00  7.900200e+00  7.614520e+00  7.193860e+00  
5.345580e+00  4.210670e+00  2.187200e+00  1.717390e+00  1.282910e+00  1.169650e+00  
1.130570e+01  1.101130e+01  1.072860e+01  1.046590e+01  1.021900e+01  9.754910e+00  
9.334840e+00  8.957530e+00  8.622060e+00  8.327850e+00  8.074600e+00  7.862220e+00  
7.690590e+00  7.559020e+00  7.465240e+00  7.409250e+00  7.396900e+00  7.434430e+00  
7.523560e+00  7.643510e+00  7.768550e+00  7.833770e+00  7.902130e+00  7.932390e+00  
7.701140e+00  7.334350e+00  5.611140e+00  4.485350e+00  2.356390e+00  1.825790e+00  
1.305910e+00  1.169590e+00  1.128100e+01  1.099670e+01  1.072200e+01  1.046420e+01  
1.022010e+01  9.759580e+00  9.340310e+00  8.962460e+00  8.625730e+00  8.330050e+00  
8.075640e+00  7.862560e+00  7.690840e+00  7.560330e+00  7.470080e+00  7.420140e+00  
7.412700e+00  7.445830e+00  7.517820e+00  7.629030e+00  7.774440e+00  7.855530e+00  
7.935170e+00  7.975710e+00  7.814220e+00  7.523820e+00  6.004560e+00  4.921110e+00  
2.660230e+00  2.036320e+00  1.351440e+00  1.169530e+00  1.127830e+01  1.099530e+01  
1.072160e+01  1.046400e+01  1.021980e+01  9.759460e+00  9.340480e+00  8.962830e+00  
8.626210e+00  8.330560e+00  8.076170e+00  7.863160e+00  7.691600e+00  7.561380e+00  
7.471480e+00  7.421940e+00  7.414900e+00  7.448430e+00  7.521030e+00  7.633940e+00  
7.781970e+00  7.864730e+00  7.950610e+00  8.005940e+00  7.892580e+00  7.641140e+00  
6.284380e+00  5.259160e+00  2.927490e+00  2.226560e+00  1.395260e+00  1.169370e+00  