5.617200e-01  5.734360e-01  5.854000e-01  5.978090e-01  6.106600e-01  6.375500e-01  
6.659300e-01  6.956000e-01  7.266200e-01  7.591500e-01  7.934600e-01  8.299300e-01  
8.691600e-01  9.117900e-01  9.581900e-01  1.008080e+00  1.059300e+00  1.106320e+00  
1.142780e+00  1.167570e+00  1.185050e+00  1.194140e+00  1.202140e+00  1.206060e+00  
1.206090e+00  1.206400e+00  1.206310e+00  1.206180e+00  1.206140e+00  1.206170e+00  
1.206140e+00  1.206160e+00  7.977100e-01  8.146070e-01  8.318600e-01  8.497480e-01  
8.682500e-01  9.067600e-01  9.467700e-01  9.875700e-01  1.029120e+00  1.071730e+00  
1.115930e+00  1.162390e+00  1.212180e+00  1.266040e+00  1.323460e+00  1.383190e+00  
1.442740e+00  1.496680e+00  1.538670e+00  1.566550e+00  1.583610e+00  1.591560e+00  
1.598950e+00  1.602330e+00  1.600810e+00  1.604410e+00  1.605840e+00  1.605430e+00  
1.605440e+00  1.605610e+00  1.605460e+00  1.605470e+00  1.023550e+00  1.046550e+00  
1.069620e+00  1.092840e+00  1.116230e+00  1.163620e+00  1.211770e+00  1.260710e+00  
1.310590e+00  1.361710e+00  1.414590e+00  1.469430e+00  1.526350e+00  1.585600e+00  
1.647650e+00  1.712190e+00  1.776380e+00  1.833810e+00  1.877860e+00  1.909290e+00  
1.929390e+00  1.935270e+00  1.942300e+00  1.948270e+00  1.949040e+00  1.952010e+00  
1.953880e+00  1.953740e+00  1.953710e+00  1.953880e+00  1.953750e+00  1.953740e+00  
1.446150e+00  1.477540e+00  1.508850e+00  1.540020e+00  1.571110e+00  1.633240e+00  
1.695070e+00  1.756520e+00  1.817690e+00  1.878990e+00  1.941110e+00  2.004160e+00  
2.068050e+00  2.132760e+00  2.198570e+00  2.265090e+00  2.329830e+00  2.387800e+00  
2.434030e+00  2.469130e+00  2.493860e+00  2.502240e+00  2.511540e+00  2.520570e+00  
2.528390e+00  2.529200e+00  2.530330e+00  2.530590e+00  2.530740e+00  2.530730e+00  
2.530760e+00  2.530710e+00  1.827300e+00  1.865520e+00  1.903350e+00  1.940480e+00  
1.977050e+00  2.049000e+00  2.119190e+00  2.187790e+00  2.254900e+00  2.320940e+00  
2.386650e+00  2.452170e+00  2.517560e+00  2.582620e+00  2.646990e+00  2.709940e+00  
2.769900e+00  2.824600e+00  2.871410e+00  2.908930e+00  2.937480e+00  2.949740e+00  
2.962380e+00  2.973800e+00  2.986980e+00  2.987590e+00  2.986950e+00  2.987290e+00  
2.987840e+00  2.987850e+00  2.987870e+00  2.987820e+00  2.169950e+00  2.214360e+00  
2.257890e+00  2.299900e+00  2.340590e+00  2.419040e+00  2.493640e+00  2.565160e+00  
2.634020e+00  2.701050e+00  2.767510e+00  2.833000e+00  2.896510e+00  2.957320e+00  
3.016300e+00  3.074050e+00  3.129390e+00  3.180420e+00  3.225240e+00  3.263750e+00  
3.296900e+00  3.311930e+00  3.326420e+00  3.340310e+00  3.360370e+00  3.356640e+00  
3.356580e+00  3.357790e+00  3.358060e+00  3.357730e+00  3.358080e+00  3.357990e+00  
2.479530e+00  2.529220e+00  2.577480e+00  2.623230e+00  2.666790e+00  2.749000e+00  
2.825240e+00  2.897200e+00  2.965530e+00  3.031220e+00  3.095660e+00  3.158320e+00  
3.217810e+00  3.273300e+00  3.326310e+00  3.378090e+00  3.427870e+00  3.474540e+00  
3.517120e+00  3.556190e+00  3.592580e+00  3.609610e+00  3.626130e+00  3.642050e+00  
3.665170e+00  3.660730e+00  3.660590e+00  3.661990e+00  3.662300e+00  3.661920e+00  
3.662340e+00  3.662240e+00  3.014820e+00  3.072620e+00  3.127860e+00  3.178590e+00  
3.225330e+00  3.309910e+00  3.384280e+00  3.452010e+00  3.514250e+00  3.572280e+00  
3.627920e+00  3.680660e+00  3.729110e+00  3.772640e+00  3.813390e+00  3.853360e+00  
3.892470e+00  3.930650e+00  3.968170e+00  4.006390e+00  4.046040e+00  4.065650e+00  
4.085020e+00  4.102910e+00  4.127110e+00  4.124210e+00  4.124880e+00  4.126210e+00  
4.126560e+00  4.126230e+00  4.126590e+00  4.126540e+00  3.462510e+00  3.525970e+00  
3.585770e+00  3.639120e+00  3.686740e+00  3.769250e+00  3.837550e+00  3.897080e+00  
3.949440e+00  3.996310e+00  4.039970e+00  4.080270e+00  4.116270e+00  4.147910e+00  
4.177320e+00  4.206700e+00  4.236370e+00  4.266900e+00  4.299190e+00  4.334830e+00  
4.374540e+00  4.395080e+00  4.415830e+00  4.433720e+00  4.454870e+00  4.455680e+00  
4.457820e+00  4.458730e+00  4.459080e+00  4.458940e+00  4.459140e+00  4.459150e+00  
4.329990e+00  4.400990e+00  4.465800e+00  4.519730e+00  4.564020e+00  4.631520e+00  
4.676510e+00  4.708760e+00  4.731220e+00  4.746470e+00  4.758040e+00  4.766770e+00  
4.773380e+00  4.778740e+00  4.784420e+00  4.792150e+00  4.802670e+00  4.817020e+00  
4.836420e+00  4.862070e+00  4.894570e+00  4.913130e+00  4.932970e+00  4.946940e+00  
4.955580e+00  4.966050e+00  4.971680e+00  4.971260e+00  4.971540e+00  4.971930e+00  
4.971640e+00  4.971820e+00  4.970610e+00  5.043720e+00  5.108440e+00  5.158440e+00  
5.195490e+00  5.241910e+00  5.259750e+00  5.262850e+00  5.255440e+00  5.241000e+00  
5.223990e+00  5.206050e+00  5.188580e+00  5.172820e+00  5.159800e+00  5.150670e+00  
5.146240e+00  5.147190e+00  5.154310e+00  5.168040e+00  5.188750e+00  5.202090e+00  
5.217390e+00  5.225600e+00  5.222670e+00  5.239040e+00  5.246490e+00  5.245080e+00  
5.245270e+00  5.246010e+00  5.245400e+00  5.245610e+00  5.889070e+00  5.958360e+00  
6.015720e+00  6.052200e+00  6.070640e+00  6.070550e+00  6.034630e+00  5.983890e+00  
5.924650e+00  5.861590e+00  5.800060e+00  5.742180e+00  5.688970e+00  5.641080e+00  
5.599370e+00  5.564270e+00  5.536270e+00  5.514990e+00  5.499840e+00  5.490120e+00  
5.485540e+00  5.486110e+00  5.489000e+00  5.486150e+00  5.468810e+00  5.487050e+00  
5.494210e+00  5.492020e+00  5.492010e+00  5.492940e+00  5.492120e+00  5.492350e+00  
6.555540e+00  6.615370e+00  6.660640e+00  6.680480e+00  6.678700e+00  6.632510e+00  
6.547480e+00  6.450400e+00  6.348780e+00  6.247620e+00  6.152290e+00  6.064520e+00  
5.984470e+00  5.911840e+00  5.847540e+00  5.791620e+00  5.744230e+00  5.704150e+00  
5.669860e+00  5.640110e+00  5.613990e+00  5.603110e+00  5.594230e+00  5.583040e+00  
5.559860e+00  5.573310e+00  5.577760e+00  5.575690e+00  5.575520e+00  5.576290e+00  
5.575570e+00  5.575770e+00  7.088170e+00  7.135600e+00  7.166490e+00  7.168550e+00  
7.146440e+00  7.056340e+00  6.926970e+00  6.789730e+00  6.652700e+00  6.520350e+00  
6.397590e+00  6.285460e+00  6.183280e+00  6.089980e+00  6.006360e+00  5.932350e+00  
5.867780e+00  5.811020e+00  5.760150e+00  5.713810e+00  5.670540e+00  5.650340e+00  
5.631560e+00  5.614540e+00  5.590670e+00  5.596430e+00  5.597240e+00  5.595750e+00  
5.595460e+00  5.595890e+00  5.595430e+00  5.595580e+00  7.537020e+00  7.570310e+00  
7.585570e+00  7.569450e+00  7.527380e+00  7.395830e+00  7.226200e+00  7.053640e+00  
6.886280e+00  6.727580e+00  6.581500e+00  6.448510e+00  6.327160e+00  6.215810e+00  
6.114970e+00  6.024660e+00  5.944460e+00  5.872590e+00  5.807110e+00  5.746880e+00  
5.689940e+00  5.662220e+00  5.635230e+00  5.614080e+00  5.592270e+00  5.589410e+00  
5.586350e+00  5.585630e+00  5.585240e+00  5.585280e+00  5.585160e+00  5.585280e+00  
8.447590e+00  8.343500e+00  8.238110e+00  8.130750e+00  8.023370e+00  7.814510e+00  
7.611350e+00  7.414060e+00  7.222870e+00  7.037830e+00  6.859600e+00  6.689350e+00  
6.527600e+00  6.374670e+00  6.231920e+00  6.101160e+00  5.983500e+00  5.880800e+00  
5.793970e+00  5.719150e+00  5.654740e+00  5.629650e+00  5.611180e+00  5.594580e+00  
5.528220e+00  5.496230e+00  5.505330e+00  5.510980e+00  5.508240e+00  5.506430e+00  
5.509050e+00  5.507750e+00  8.809580e+00  8.778050e+00  8.726130e+00  8.639020e+00  
8.524220e+00  8.251170e+00  7.952940e+00  7.672050e+00  7.414670e+00  7.179920e+00  
6.966780e+00  6.773270e+00  6.594630e+00  6.427510e+00  6.272340e+00  6.130240e+00  
6.000370e+00  5.880660e+00  5.769540e+00  5.667290e+00  5.571280e+00  5.522910e+00  
5.473700e+00  5.440570e+00  5.421210e+00  5.397160e+00  5.384450e+00  5.385460e+00  
5.384820e+00  5.383930e+00  5.384600e+00  5.384550e+00  9.740590e+00  9.624860e+00  
9.490820e+00  9.325450e+00  9.136970e+00  8.731880e+00  8.323460e+00  7.952980e+00  
7.623010e+00  7.329120e+00  7.066130e+00  6.827410e+00  6.603630e+00  6.389420e+00  
6.187770e+00  6.001660e+00  5.830730e+00  5.671260e+00  5.521140e+00  5.381820e+00  
5.251880e+00  5.187730e+00  5.123570e+00  5.076580e+00  5.037440e+00  5.016800e+00  
5.004010e+00  5.003870e+00  5.002990e+00  5.002400e+00  5.002730e+00  5.002490e+00  
1.041310e+01  1.014150e+01  9.873770e+00  9.613470e+00  9.362130e+00  8.888200e+00  
8.449220e+00  8.043340e+00  7.668850e+00  7.324620e+00  7.010020e+00  6.723070e+00  
6.461010e+00  6.220390e+00  5.996310e+00  5.785580e+00  5.589520e+00  5.407660e+00  
5.238280e+00  5.073190e+00  4.906330e+00  4.825500e+00  4.751870e+00  4.699660e+00  
4.641210e+00  4.625830e+00  4.617840e+00  4.617050e+00  4.615470e+00  4.615410e+00  
4.615020e+00  4.614690e+00  1.095670e+01  1.064400e+01  1.032780e+01  1.000610e+01  
9.683970e+00  9.059230e+00  8.480540e+00  7.970190e+00  7.523800e+00  7.130570e+00  
6.779700e+00  6.460910e+00  6.161560e+00  5.875010e+00  5.604720e+00  5.353300e+00  
5.119570e+00  4.899940e+00  4.690290e+00  4.491980e+00  4.305710e+00  4.216390e+00  
4.129370e+00  4.060210e+00  3.986740e+00  3.975180e+00  3.963680e+00  3.961310e+00  
3.960080e+00  3.960180e+00  3.959800e+00  3.959010e+00  1.134310e+01  1.091660e+01  
1.050380e+01  1.011500e+01  9.748440e+00  9.069040e+00  8.456720e+00  7.904970e+00  
7.409320e+00  6.963380e+00  6.560950e+00  6.197130e+00  5.866790e+00  5.563670e+00  
5.279330e+00  5.008030e+00  4.750380e+00  4.508060e+00  4.281220e+00  4.066140e+00  
3.861510e+00  3.763680e+00  3.667150e+00  3.592050e+00  3.519350e+00  3.499950e+00  
3.484780e+00  3.483150e+00  3.481710e+00  3.481480e+00  3.481340e+00  3.481140e+00  
1.154840e+01  1.107670e+01  1.062240e+01  1.019860e+01  9.801740e+00  9.067940e+00  
8.410990e+00  7.822080e+00  7.294820e+00  6.821070e+00  6.392810e+00  6.004600e+00  
5.651540e+00  5.327880e+00  5.026140e+00  4.740980e+00  4.472000e+00  4.218830e+00  
3.980990e+00  3.754850e+00  3.539090e+00  3.435320e+00  3.332320e+00  3.252090e+00  
3.176010e+00  3.155060e+00  3.138940e+00  3.137230e+00  3.135640e+00  3.135370e+00  
3.135250e+00  3.136280e+00  1.167930e+01  1.117530e+01  1.069190e+01  1.024450e+01  
9.827380e+00  9.056910e+00  8.370120e+00  7.756670e+00  7.207990e+00  6.714520e+00  
6.267060e+00  5.860160e+00  5.489380e+00  5.149880e+00  4.835520e+00  4.541550e+00  
4.266160e+00  4.006390e+00  3.760090e+00  3.525420e+00  3.301630e+00  3.193760e+00  
3.086170e+00  3.001170e+00  2.919510e+00  2.899440e+00  2.883140e+00  2.881180e+00  
2.879450e+00  2.879170e+00  2.879030e+00  2.880860e+00  1.183380e+01  1.128710e+01  
1.076580e+01  1.028840e+01  9.846220e+00  9.029290e+00  8.304460e+00  7.660320e+00  
7.085290e+00  6.568370e+00  6.099540e+00  5.673040e+00  5.284310e+00  4.928380e+00  
4.599240e+00  4.292130e+00  4.004700e+00  3.733350e+00  3.475090e+00  3.228390e+00  
2.990950e+00  2.875360e+00  2.759840e+00  2.667960e+00  2.577750e+00  2.555830e+00  
2.538680e+00  2.536630e+00  2.534670e+00  2.534370e+00  2.534240e+00  2.534940e+00  
1.191300e+01  1.133890e+01  1.079390e+01  1.029910e+01  9.843300e+00  9.001890e+00  
8.258610e+00  7.600440e+00  7.014030e+00  6.487170e+00  6.009170e+00  5.574060e+00  
5.177150e+00  4.813270e+00  4.476260e+00  4.161190e+00  3.865460e+00  3.585130e+00  
3.316780e+00  3.058550e+00  2.808150e+00  2.685280e+00  2.562480e+00  2.464500e+00  
2.365940e+00  2.341060e+00  2.321540e+00  2.319300e+00  2.317360e+00  2.317090e+00  
2.316890e+00  2.315310e+00  1.196910e+01  1.136530e+01  1.079610e+01  1.028640e+01  
9.820750e+00  8.961720e+00  8.208070e+00  7.541130e+00  6.947500e+00  6.414180e+00  
5.930090e+00  5.489040e+00  5.086040e+00  4.715640e+00  4.371240e+00  4.047470e+00  
3.741200e+00  3.447760e+00  3.162430e+00  2.881010e+00  2.599530e+00  2.456670e+00  
2.309980e+00  2.189760e+00  2.069060e+00  2.038430e+00  2.013580e+00  2.010660e+00  
2.008350e+00  2.008050e+00  2.007770e+00  2.005950e+00  1.194550e+01  1.133890e+01  
1.076950e+01  1.026370e+01  9.803750e+00  8.953110e+00  8.206790e+00  7.543640e+00  
6.951740e+00  6.419150e+00  5.935650e+00  5.495140e+00  5.092550e+00  4.722250e+00  
4.377450e+00  4.052400e+00  3.743410e+00  3.444680e+00  3.149830e+00  2.851570e+00  
2.541010e+00  2.377140e+00  2.201970e+00  2.053610e+00  1.909430e+00  1.875330e+00  
1.847520e+00  1.843940e+00  1.840660e+00  1.840180e+00  1.839860e+00  1.842770e+00  
1.182650e+01  1.124450e+01  1.070060e+01  1.022160e+01  9.787030e+00  8.975200e+00  
8.252200e+00  7.601680e+00  7.016280e+00  6.488800e+00  6.012950e+00  5.582440e+00  
5.190690e+00  4.830090e+00  4.491030e+00  4.166150e+00  3.852730e+00  3.546870e+00  
3.240960e+00  2.918560e+00  2.559490e+00  2.359560e+00  2.139530e+00  1.944510e+00  
1.740880e+00  1.695240e+00  1.670440e+00  1.667660e+00  1.660840e+00  1.659260e+00  
1.660220e+00  1.671390e+00  1.175150e+01  1.117590e+01  1.064210e+01  1.017890e+01  
9.762970e+00  8.985620e+00  8.291230e+00  7.665200e+00  7.099760e+00  6.587180e+00  
6.120750e+00  5.695430e+00  5.306550e+00  4.948770e+00  4.615450e+00  4.300230e+00  
3.997400e+00  3.697360e+00  3.386960e+00  3.045880e+00  2.646440e+00  2.413050e+00  
2.146090e+00  1.903940e+00  1.656960e+00  1.606050e+00  1.578870e+00  1.575340e+00  
1.566470e+00  1.564420e+00  1.566160e+00  1.581300e+00  1.167220e+01  1.111020e+01  
1.059200e+01  1.014740e+01  9.750800e+00  9.004900e+00  8.334320e+00  7.727030e+00  
7.176540e+00  6.676240e+00  6.220420e+00  5.804460e+00  5.423870e+00  5.073480e+00  
4.746720e+00  4.437120e+00  4.138510e+00  3.840360e+00  3.527490e+00  3.175330e+00  
2.748490e+00  2.490720e+00  2.187010e+00  1.905750e+00  1.611920e+00  1.550780e+00  
1.523890e+00  1.520850e+00  1.509750e+00  1.507060e+00  1.509340e+00  1.525630e+00  
1.160710e+01  1.105580e+01  1.055040e+01  1.012190e+01  9.741880e+00  9.022190e+00  
8.372620e+00  7.782450e+00  7.246090e+00  6.757730e+00  6.312280e+00  5.905480e+00  
5.533000e+00  5.189820e+00  4.869400e+00  4.565230e+00  4.270900e+00  3.975230e+00  
3.661640e+00  3.302140e+00  2.854690e+00  2.577120e+00  2.242050e+00  1.925610e+00  
1.587670e+00  1.515860e+00  1.487980e+00  1.485310e+00  1.472350e+00  1.469120e+00  
1.472780e+00  1.488280e+00  1.150710e+01  1.097210e+01  1.048680e+01  1.008400e+01  
9.730400e+00  9.052020e+00  8.437080e+00  7.876060e+00  7.364570e+00  6.897620e+00  
6.471030e+00  6.080950e+00  5.723410e+00  5.393620e+00  5.085200e+00  4.791530e+00  
4.506040e+00  4.216860e+00  3.905280e+00  3.537930e+00  3.061090e+00  2.752520e+00  
2.365840e+00  1.989820e+00  1.576770e+00  1.482660e+00  1.440100e+00  1.437810e+00  
1.427800e+00  1.425030e+00  1.429080e+00  1.440430e+00  1.143400e+01  1.091180e+01  
1.044180e+01  1.005830e+01  9.724490e+00  9.077370e+00  8.489250e+00  7.951360e+00  
7.460050e+00  7.010950e+00  6.600420e+00  6.224890e+00  5.880630e+00  5.562960e+00  
5.265480e+00  4.981560e+00  4.704560e+00  4.422330e+00  4.115020e+00  3.745980e+00  
3.252370e+00  2.922130e+00  2.495260e+00  2.068330e+00  1.585440e+00  1.471060e+00  
1.415230e+00  1.412060e+00  1.401480e+00  1.398510e+00  1.401860e+00  1.411870e+00  
1.131590e+01  1.081890e+01  1.037680e+01  1.002540e+01  9.723740e+00  9.129150e+00  
8.585400e+00  8.086070e+00  7.628960e+00  7.211450e+00  6.831380e+00  6.485470e+00  
6.169730e+00  5.878880e+00  5.605240e+00  5.341170e+00  5.079920e+00  4.809140e+00  
4.510180e+00  4.151510e+00  3.660790e+00  3.309030e+00  2.814270e+00  2.280860e+00  
1.635490e+00  1.480260e+00  1.394320e+00  1.384930e+00  1.364530e+00  1.360030e+00  
1.362610e+00  1.371220e+00  1.125390e+01  1.077090e+01  1.034450e+01  1.001130e+01  
9.728220e+00  9.165550e+00  8.649870e+00  8.175890e+00  7.741950e+00  7.346040e+00  
6.986470e+00  6.660370e+00  6.364010e+00  6.092250e+00  5.837490e+00  5.592020e+00  
5.348990e+00  5.095520e+00  4.812120e+00  4.465530e+00  3.976270e+00  3.613680e+00  
3.087560e+00  2.495140e+00  1.720200e+00  1.515750e+00  1.384100e+00  1.369250e+00  
1.347130e+00  1.342600e+00  1.344730e+00  1.350040e+00  1.119380e+01  1.072560e+01  
1.031620e+01  1.000350e+01  9.741830e+00  9.216200e+00  8.733960e+00  8.290960e+00  
7.885880e+00  7.517200e+00  7.183690e+00  6.883020e+00  6.612080e+00  6.366490e+00  
6.139400e+00  5.923760e+00  5.713330e+00  5.495530e+00  5.249180e+00  4.933690e+00  
4.455820e+00  4.083000e+00  3.522530e+00  2.861740e+00  1.911640e+00  1.619400e+00  
1.379120e+00  1.351020e+00  1.332050e+00  1.329020e+00  1.323790e+00  1.328000e+00  
1.117390e+01  1.071190e+01  1.031010e+01  1.000720e+01  9.755950e+00  9.248880e+00  
8.784370e+00  8.358690e+00  7.970570e+00  7.618510e+00  7.301410e+00  7.017400e+00  
6.764110e+00  6.538070e+00  6.333640e+00  6.144060e+00  5.960840e+00  5.766350e+00  
5.536410e+00  5.237300e+00  4.786130e+00  4.434290e+00  3.896550e+00  3.211360e+00  
2.076240e+00  1.706070e+00  1.396030e+00  1.354980e+00  1.321850e+00  1.317580e+00  
1.314180e+00  1.317080e+00  1.116010e+01  1.070420e+01  1.030870e+01  1.001280e+01  
9.768580e+00  9.273840e+00  8.820710e+00  8.406000e+00  8.028610e+00  7.687390e+00  
7.381410e+00  7.109120e+00  6.868390e+00  6.656090e+00  6.466880e+00  6.294430e+00  
6.130880e+00  5.959040e+00  5.754470e+00  5.480630e+00  5.052020e+00  4.711010e+00  
4.182670e+00  3.487400e+00  2.248260e+00  1.804780e+00  1.410060e+00  1.357120e+00  
1.317570e+00  1.311730e+00  1.308380e+00  1.310550e+00  1.115160e+01  1.070060e+01  
1.031020e+01  1.001900e+01  9.779310e+00  9.292880e+00  8.847500e+00  8.440340e+00  
8.070470e+00  7.736950e+00  7.439060e+00  7.175420e+00  6.944160e+00  6.742350e+00  
6.564990e+00  6.406160e+00  6.258540e+00  6.105690e+00  5.923180e+00  5.672420e+00  
5.266280e+00  4.937410e+00  4.422070e+00  3.726130e+00  2.409020e+00  1.900980e+00  
1.426590e+00  1.361770e+00  1.315160e+00  1.307950e+00  1.304320e+00  1.306150e+00  
1.113890e+01  1.069690e+01  1.031440e+01  1.002980e+01  9.795800e+00  9.320070e+00  
8.884330e+00  8.486520e+00  8.126220e+00  7.802990e+00  7.516690e+00  7.266120e+00  
7.049360e+00  6.863440e+00  6.703000e+00  6.562260e+00  6.435510e+00  6.309020e+00  
6.160970e+00  5.953430e+00  5.599440e+00  5.299010e+00  4.808110e+00  4.110350e+00  
2.688590e+00  2.091990e+00  1.466510e+00  1.373380e+00  1.311620e+00  1.306370e+00  
1.296480e+00  1.300660e+00  1.115520e+01  1.071140e+01  1.032730e+01  1.004130e+01  
9.806430e+00  9.332140e+00  8.900930e+00  8.510200e+00  8.158650e+00  7.844810e+00  
7.567440e+00  7.325260e+00  7.116580e+00  6.938600e+00  6.786260e+00  6.655230e+00  
6.543830e+00  6.446080e+00  6.342640e+00  6.175320e+00  5.839730e+00  5.550870e+00  
5.095040e+00  4.432700e+00  2.942910e+00  2.260960e+00  1.504160e+00  1.390470e+00  
1.312160e+00  1.303160e+00  1.295640e+00  1.297550e+00  1.113050e+01  1.070110e+01  
1.032920e+01  1.005160e+01  9.823100e+00  9.360930e+00  8.939850e+00  8.557940e+00  
8.214180e+00  7.907670e+00  7.637720e+00  7.403930e+00  7.205770e+00  7.042210e+00  
6.910830e+00  6.808650e+00  6.731460e+00  6.666380e+00  6.592980e+00  6.476110e+00  
6.232420e+00  6.001410e+00  5.606390e+00  4.997760e+00  3.467750e+00  2.628260e+00  
1.603740e+00  1.443070e+00  1.316680e+00  1.303410e+00  1.287410e+00  1.292970e+00  
1.111250e+01  1.069650e+01  1.033450e+01  1.006140e+01  9.834610e+00  9.377010e+00  
8.959500e+00  8.580730e+00  8.240130e+00  7.937410e+00  7.672610e+00  7.445430e+00  
7.255250e+00  7.100850e+00  6.979450e+00  6.888370e+00  6.825320e+00  6.781190e+00  
6.739200e+00  6.664560e+00  6.480600e+00  6.290000e+00  5.937360e+00  5.373810e+00  
3.873580e+00  2.954610e+00  1.699210e+00  1.490110e+00  1.324930e+00  1.305580e+00  
1.289000e+00  1.290890e+00  1.107140e+01  1.068290e+01  1.034000e+01  1.007230e+01  
9.844640e+00  9.390630e+00  8.976690e+00  8.602140e+00  8.266400e+00  7.969250e+00  
7.710710e+00  7.490540e+00  7.308290e+00  7.163020e+00  7.052420e+00  6.974480e+00  
6.928090e+00  6.905730e+00  6.895160e+00  6.873620e+00  6.775590e+00  6.640000e+00  
6.353380e+00  5.865570e+00  4.465030e+00  3.463990e+00  1.884230e+00  1.598240e+00  
1.343360e+00  1.314450e+00  1.285400e+00  1.289060e+00  1.103540e+01  1.066900e+01  
1.034130e+01  1.007730e+01  9.848290e+00  9.396890e+00  8.985520e+00  8.613400e+00  
8.280200e+00  7.986030e+00  7.731210e+00  7.515180e+00  7.336890e+00  7.195300e+00  
7.089080e+00  7.017470e+00  6.980780e+00  6.974010e+00  6.986500e+00  6.991890e+00  
6.926440e+00  6.824230e+00  6.616600e+00  6.236810e+00  4.877550e+00  3.797360e+00  
2.072640e+00  1.724750e+00  1.360910e+00  1.309260e+00  1.290250e+00  1.287350e+00  
1.100820e+01  1.065840e+01  1.034200e+01  1.008090e+01  9.850870e+00  9.400920e+00  
8.990880e+00  8.620210e+00  8.288640e+00  7.996290e+00  7.743480e+00  7.529710e+00  
7.353980e+00  7.215310e+00  7.112530e+00  7.045110e+00  7.013890e+00  7.014760e+00  
7.038970e+00  7.064550e+00  7.034920e+00  6.959410e+00  6.787950e+00  6.457820e+00  
5.199800e+00  4.115240e+00  2.231400e+00  1.825180e+00  1.383270e+00  1.317930e+00  
1.293850e+00  1.286680e+00  1.098860e+01  1.065080e+01  1.034280e+01  1.008390e+01  
9.853170e+00  9.404080e+00  8.994730e+00  8.624980e+00  8.294530e+00  8.003270e+00  
7.751410e+00  7.538700e+00  7.364650e+00  7.228610e+00  7.129180e+00  7.065570e+00  
7.038210e+00  7.042160e+00  7.069820e+00  7.108110e+00  7.119810e+00  7.076530e+00  
6.917100e+00  6.571750e+00  5.422940e+00  4.455840e+00  2.377570e+00  1.900000e+00  
1.407390e+00  1.341520e+00  1.287230e+00  1.286130e+00  1.096480e+01  1.064160e+01  
1.034350e+01  1.008710e+01  9.855500e+00  9.407580e+00  8.999350e+00  8.630900e+00  
8.301900e+00  8.012220e+00  7.762020e+00  7.551160e+00  7.379240e+00  7.245770e+00  
7.149470e+00  7.089730e+00  7.067420e+00  7.078450e+00  7.116650e+00  7.171840e+00  
7.215180e+00  7.201390e+00  7.093170e+00  6.813470e+00  5.781110e+00  4.868290e+00  
2.666810e+00  2.085670e+00  1.450930e+00  1.359330e+00  1.290770e+00  1.285890e+00  
1.094990e+01  1.063580e+01  1.034400e+01  1.008920e+01  9.856920e+00  9.409710e+00  
9.002180e+00  8.634550e+00  8.306440e+00  8.017700e+00  7.768460e+00  7.558620e+00  
7.387980e+00  7.256140e+00  7.161790e+00  7.104460e+00  7.085250e+00  7.100630e+00  
7.145350e+00  7.211130e+00  7.273950e+00  7.279010e+00  7.207710e+00  6.979180e+00  
6.038410e+00  5.178950e+00  2.924080e+00  2.256740e+00  1.494110e+00  1.377980e+00  
1.295410e+00  1.285160e+00  1.092760e+01  1.062720e+01  1.034470e+01  1.009210e+01  
9.858780e+00  9.412550e+00  9.006020e+00  8.639500e+00  8.312600e+00  8.025090e+00  
7.777060e+00  7.568570e+00  7.399630e+00  7.269970e+00  7.178340e+00  7.124300e+00  
7.109370e+00  7.130660e+00  7.184310e+00  7.264950e+00  7.354540e+00  7.385780e+00  
7.371060e+00  7.229010e+00  6.459160e+00  5.714220e+00  3.456330e+00  2.632400e+00  
1.599550e+00  1.427790e+00  1.307070e+00  1.285030e+00  1.091520e+01  1.062240e+01  
1.034510e+01  1.009360e+01  9.859640e+00  9.413960e+00  9.008000e+00  8.642040e+00  
8.315690e+00  8.028780e+00  7.781410e+00  7.573660e+00  7.405610e+00  7.277030e+00  
7.186740e+00  7.134410e+00  7.121720e+00  7.146120e+00  7.204390e+00  7.293090e+00  
7.396980e+00  7.441410e+00  7.456380e+00  7.366110e+00  6.721650e+00  6.065170e+00  
3.871050e+00  2.948880e+00  1.700950e+00  1.480000e+00  1.319490e+00  1.284610e+00  
1.090200e+01  1.061730e+01  1.034530e+01  1.009500e+01  9.860420e+00  9.415380e+00  
9.010070e+00  8.644660e+00  8.318810e+00  8.032450e+00  7.785740e+00  7.578800e+00  
7.411640e+00  7.284120e+00  7.195130e+00  7.144530e+00  7.134160e+00  7.161700e+00  
7.224720e+00  7.321890e+00  7.440990e+00  7.498750e+00  7.542390e+00  7.509460e+00  
7.039280e+00  6.508240e+00  4.483470e+00  3.453130e+00  1.890280e+00  1.585460e+00  
1.343790e+00  1.284390e+00  1.089530e+01  1.061460e+01  1.034540e+01  1.009570e+01  
9.860790e+00  9.416060e+00  9.011080e+00  8.645950e+00  8.320360e+00  8.034270e+00  
7.787910e+00  7.581360e+00  7.414680e+00  7.287680e+00  7.199350e+00  7.149600e+00  
7.140350e+00  7.169460e+00  7.234810e+00  7.336120e+00  7.463470e+00  7.528610e+00  
7.585370e+00  7.582200e+00  7.227150e+00  6.779940e+00  4.916770e+00  3.844410e+00  
2.066930e+00  1.689180e+00  1.367080e+00  1.284270e+00  1.090980e+01  1.062500e+01  
1.035170e+01  1.009810e+01  9.859940e+00  9.412100e+00  9.006650e+00  8.642380e+00  
8.318430e+00  8.034230e+00  7.789510e+00  7.584160e+00  7.418050e+00  7.290550e+00  
7.199410e+00  7.144700e+00  7.131980e+00  7.167200e+00  7.251870e+00  7.365570e+00  
7.482740e+00  7.542880e+00  7.604190e+00  7.623560e+00  7.355540e+00  6.962120e+00  
5.234640e+00  4.162180e+00  2.238400e+00  1.791180e+00  1.388340e+00  1.284240e+00  
1.090660e+01  1.062380e+01  1.035180e+01  1.009850e+01  9.860130e+00  9.412420e+00  
9.007080e+00  8.642910e+00  8.319080e+00  8.035000e+00  7.790390e+00  7.585180e+00  
7.419250e+00  7.291940e+00  7.201080e+00  7.146730e+00  7.134480e+00  7.170390e+00  
7.256050e+00  7.371270e+00  7.491410e+00  7.554710e+00  7.622670e+00  7.655120e+00  
7.438500e+00  7.095680e+00  5.486950e+00  4.422800e+00  2.397570e+00  1.892870e+00  
1.410190e+00  1.284120e+00  1.088360e+01  1.061020e+01  1.034590e+01  1.009730e+01  
9.861610e+00  9.417100e+00  9.012350e+00  8.647580e+00  8.322480e+00  8.036950e+00  
7.791190e+00  7.585320e+00  7.419350e+00  7.293180e+00  7.205810e+00  7.157290e+00  
7.149690e+00  7.181170e+00  7.250120e+00  7.357100e+00  7.497550e+00  7.575930e+00  
7.652610e+00  7.693630e+00  7.547220e+00  7.270350e+00  5.855700e+00  4.833350e+00  
2.684590e+00  2.091310e+00  1.453120e+00  1.284120e+00  1.088080e+01  1.060910e+01  
1.034590e+01  1.009770e+01  9.861910e+00  9.417320e+00  9.012410e+00  8.647610e+00  
8.322620e+00  8.037290e+00  7.791790e+00  7.586160e+00  7.420380e+00  7.294310e+00  
7.207110e+00  7.158860e+00  7.151680e+00  7.183700e+00  7.253370e+00  7.361840e+00  
7.504330e+00  7.584470e+00  7.667900e+00  7.720000e+00  7.607400e+00  7.376920e+00  
6.111480e+00  5.144240e+00  2.938460e+00  2.274350e+00  1.493530e+00  1.284130e+00  