6.270200e-01  6.395640e-01  6.523600e-01  6.656110e-01  6.793200e-01  7.079800e-01  
7.381800e-01  7.697500e-01  8.027500e-01  8.373800e-01  8.739600e-01  9.129800e-01  
9.552600e-01  1.001680e+00  1.052860e+00  1.108550e+00  1.165850e+00  1.217150e+00  
1.253780e+00  1.274690e+00  1.288010e+00  1.297190e+00  1.305390e+00  1.308530e+00  
1.304900e+00  1.303700e+00  1.303640e+00  1.303620e+00  1.303440e+00  1.303410e+00  
1.303380e+00  1.303410e+00  8.794700e-01  8.987330e-01  9.180800e-01  9.375870e-01  
9.572900e-01  9.973600e-01  1.038380e+00  1.080500e+00  1.124040e+00  1.169540e+00  
1.217750e+00  1.268940e+00  1.323130e+00  1.380190e+00  1.439720e+00  1.500800e+00  
1.561510e+00  1.618020e+00  1.665030e+00  1.697150e+00  1.707950e+00  1.706230e+00  
1.708580e+00  1.714920e+00  1.713360e+00  1.710840e+00  1.712440e+00  1.713140e+00  
1.712950e+00  1.712740e+00  1.713110e+00  1.712810e+00  1.122610e+00  1.146570e+00  
1.170620e+00  1.194860e+00  1.219330e+00  1.269030e+00  1.319720e+00  1.371390e+00  
1.424080e+00  1.478000e+00  1.533450e+00  1.590660e+00  1.649790e+00  1.711300e+00  
1.776120e+00  1.844150e+00  1.912080e+00  1.972030e+00  2.015780e+00  2.043640e+00  
2.056750e+00  2.058350e+00  2.062430e+00  2.067750e+00  2.065990e+00  2.065630e+00  
2.067160e+00  2.067370e+00  2.067220e+00  2.067290e+00  2.067160e+00  2.067160e+00  
1.568830e+00  1.601860e+00  1.634750e+00  1.667400e+00  1.699890e+00  1.764640e+00  
1.828800e+00  1.892310e+00  1.955290e+00  2.018210e+00  2.081880e+00  2.146430e+00  
2.211810e+00  2.278040e+00  2.345480e+00  2.413640e+00  2.479600e+00  2.537320e+00  
2.580780e+00  2.610750e+00  2.628340e+00  2.632600e+00  2.638160e+00  2.644710e+00  
2.650470e+00  2.651350e+00  2.650030e+00  2.649770e+00  2.649980e+00  2.649980e+00  
2.650050e+00  2.649950e+00  1.966980e+00  2.007410e+00  2.047360e+00  2.086460e+00  
2.124830e+00  2.199870e+00  2.272170e+00  2.341710e+00  2.408830e+00  2.474630e+00  
2.540660e+00  2.607080e+00  2.673520e+00  2.739280e+00  2.803630e+00  2.865530e+00  
2.923430e+00  2.975350e+00  3.019080e+00  3.053300e+00  3.075840e+00  3.082420e+00  
3.089550e+00  3.097610e+00  3.110170e+00  3.112820e+00  3.109270e+00  3.108200e+00  
3.108530e+00  3.108820e+00  3.108400e+00  3.108670e+00  2.324360e+00  2.370210e+00  
2.415260e+00  2.458920e+00  2.501330e+00  2.583110e+00  2.660200e+00  2.732530e+00  
2.800580e+00  2.865760e+00  2.930130e+00  2.993870e+00  3.056670e+00  3.117850e+00  
3.176870e+00  3.232990e+00  3.285110e+00  3.332200e+00  3.373040e+00  3.406750e+00  
3.431950e+00  3.441540e+00  3.452840e+00  3.465150e+00  3.481330e+00  3.483710e+00  
3.478910e+00  3.477680e+00  3.478190e+00  3.478570e+00  3.478200e+00  3.478440e+00  
2.645690e+00  2.695760e+00  2.744710e+00  2.791680e+00  2.836860e+00  2.922800e+00  
3.002010e+00  3.074480e+00  3.140870e+00  3.202960e+00  3.263360e+00  3.322420e+00  
3.379850e+00  3.435040e+00  3.487660e+00  3.537250e+00  3.583090e+00  3.624830e+00  
3.662210e+00  3.695380e+00  3.724210e+00  3.737100e+00  3.751220e+00  3.765120e+00  
3.783880e+00  3.787000e+00  3.781730e+00  3.780310e+00  3.780900e+00  3.781330e+00  
3.780880e+00  3.781180e+00  3.198290e+00  3.254010e+00  3.307950e+00  3.358750e+00  
3.406690e+00  3.495430e+00  3.573610e+00  3.641330e+00  3.699710e+00  3.751400e+00  
3.800120e+00  3.846520e+00  3.890560e+00  3.931990e+00  3.970960e+00  4.007650e+00  
4.041970e+00  4.074430e+00  4.105870e+00  4.137520e+00  4.170630e+00  4.187740e+00  
4.205480e+00  4.221050e+00  4.241370e+00  4.245330e+00  4.241390e+00  4.240180e+00  
4.240780e+00  4.241180e+00  4.240760e+00  4.241090e+00  3.651650e+00  3.717530e+00  
3.779270e+00  3.833720e+00  3.881690e+00  3.963210e+00  4.028760e+00  4.084520e+00  
4.132350e+00  4.174130e+00  4.212420e+00  4.247340e+00  4.278330e+00  4.305320e+00  
4.329770e+00  4.353250e+00  4.376360e+00  4.400430e+00  4.427240e+00  4.458410e+00  
4.493930e+00  4.511920e+00  4.529980e+00  4.545350e+00  4.565360e+00  4.569100e+00  
4.567900e+00  4.567690e+00  4.568190e+00  4.568270e+00  4.568350e+00  4.568390e+00  
4.530990e+00  4.602340e+00  4.667120e+00  4.720340e+00  4.763330e+00  4.827010e+00  
4.866830e+00  4.893120e+00  4.909210e+00  4.918220e+00  4.924090e+00  4.926730e+00  
4.924930e+00  4.919270e+00  4.914320e+00  4.914440e+00  4.920250e+00  4.931430e+00  
4.947640e+00  4.969160e+00  4.996770e+00  5.013330e+00  5.031040e+00  5.044320e+00  
5.052210e+00  5.056110e+00  5.064670e+00  5.065840e+00  5.065850e+00  5.065810e+00  
5.065770e+00  5.065870e+00  5.187850e+00  5.243810e+00  5.294940e+00  5.337530e+00  
5.372440e+00  5.423870e+00  5.449720e+00  5.452100e+00  5.435470e+00  5.407320e+00  
5.377010e+00  5.347200e+00  5.318930e+00  5.293360e+00  5.272000e+00  5.256390e+00  
5.247210e+00  5.244490e+00  5.248260e+00  5.258580e+00  5.275850e+00  5.287270e+00  
5.298840e+00  5.305510e+00  5.303480e+00  5.305480e+00  5.320780e+00  5.324010e+00  
5.323620e+00  5.322950e+00  5.323790e+00  5.323290e+00  6.103770e+00  6.147000e+00  
6.183770e+00  6.209180e+00  6.224580e+00  6.232370e+00  6.208900e+00  6.158080e+00  
6.086710e+00  6.005310e+00  5.926090e+00  5.852950e+00  5.786980e+00  5.729080e+00  
5.680690e+00  5.642280e+00  5.613040e+00  5.589240e+00  5.567700e+00  5.550320e+00  
5.540530e+00  5.539480e+00  5.539900e+00  5.536360e+00  5.512930e+00  5.512280e+00  
5.535970e+00  5.539820e+00  5.538210e+00  5.538560e+00  5.537570e+00  5.538060e+00  
6.764720e+00  6.790840e+00  6.809520e+00  6.815150e+00  6.809510e+00  6.773380e+00  
6.704130e+00  6.607100e+00  6.490800e+00  6.367720e+00  6.251930e+00  6.147550e+00  
6.055240e+00  5.974780e+00  5.906180e+00  5.848270e+00  5.799660e+00  5.755760e+00  
5.712740e+00  5.673270e+00  5.641630e+00  5.629530e+00  5.618070e+00  5.604790e+00  
5.573670e+00  5.570730e+00  5.591550e+00  5.595060e+00  5.593370e+00  5.593670e+00  
5.592730e+00  5.593170e+00  7.290880e+00  7.298030e+00  7.297210e+00  7.282460e+00  
7.255930e+00  7.177930e+00  7.067130e+00  6.929990e+00  6.776020e+00  6.618730e+00  
6.473260e+00  6.343530e+00  6.229750e+00  6.130580e+00  6.044590e+00  5.969410e+00  
5.903300e+00  5.841500e+00  5.780260e+00  5.722790e+00  5.673860e+00  5.652970e+00  
5.631580e+00  5.611070e+00  5.580320e+00  5.575860e+00  5.587700e+00  5.589820e+00  
5.588490e+00  5.588650e+00  5.588020e+00  5.588330e+00  7.903840e+00  7.825230e+00  
7.745150e+00  7.662790e+00  7.579910e+00  7.418150e+00  7.259810e+00  7.105050e+00  
6.954060e+00  6.806950e+00  6.664220e+00  6.526700e+00  6.395200e+00  6.269840e+00  
6.151990e+00  6.042760e+00  5.943330e+00  5.855410e+00  5.780260e+00  5.715980e+00  
5.663350e+00  5.644910e+00  5.633900e+00  5.624210e+00  5.566600e+00  5.537940e+00  
5.553020e+00  5.559740e+00  5.557090e+00  5.555150e+00  5.558500e+00  5.556460e+00  
8.589550e+00  8.476900e+00  8.362970e+00  8.247130e+00  8.131430e+00  7.906660e+00  
7.688420e+00  7.476880e+00  7.272250e+00  7.074540e+00  6.884450e+00  6.703240e+00  
6.531340e+00  6.369130e+00  6.217910e+00  6.079650e+00  5.955370e+00  5.846910e+00  
5.754990e+00  5.674990e+00  5.604460e+00  5.575840e+00  5.553610e+00  5.534550e+00  
5.469780e+00  5.438860e+00  5.442730e+00  5.446580e+00  5.443040e+00  5.441490e+00  
5.443830e+00  5.442840e+00  8.943830e+00  8.897530e+00  8.831750e+00  8.732370e+00  
8.606840e+00  8.315880e+00  8.002750e+00  7.707720e+00  7.436520e+00  7.188180e+00  
6.961820e+00  6.756510e+00  6.569090e+00  6.396360e+00  6.235930e+00  6.086840e+00  
5.948630e+00  5.820720e+00  5.702540e+00  5.592920e+00  5.488630e+00  5.437090e+00  
5.387070e+00  5.352520e+00  5.332080e+00  5.323140e+00  5.296070e+00  5.290690e+00  
5.290320e+00  5.291250e+00  5.289880e+00  5.290890e+00  9.840050e+00  9.711240e+00  
9.564430e+00  9.386890e+00  9.186900e+00  8.760690e+00  8.333000e+00  7.944270e+00  
7.597370e+00  7.288730e+00  7.013930e+00  6.765770e+00  6.533670e+00  6.311360e+00  
6.101620e+00  5.907330e+00  5.728320e+00  5.561100e+00  5.403900e+00  5.258110e+00  
5.121870e+00  5.054320e+00  4.986510e+00  4.935910e+00  4.898630e+00  4.885940e+00  
4.862990e+00  4.859780e+00  4.859420e+00  4.859480e+00  4.859560e+00  4.859290e+00  
1.049460e+01  1.020820e+01  9.926190e+00  9.652450e+00  9.388520e+00  8.891590e+00  
8.432200e+00  8.008270e+00  7.617770e+00  7.259360e+00  6.932300e+00  6.634290e+00  
6.362370e+00  6.112770e+00  5.880350e+00  5.661740e+00  5.458190e+00  5.269140e+00  
5.092680e+00  4.920510e+00  4.746670e+00  4.662620e+00  4.586300e+00  4.531640e+00  
4.466150e+00  4.448280e+00  4.444410e+00  4.444870e+00  4.443120e+00  4.442770e+00  
4.442490e+00  4.442200e+00  1.100770e+01  1.068320e+01  1.035480e+01  1.002070e+01  
9.685910e+00  9.036050e+00  8.433590e+00  7.901890e+00  7.437620e+00  7.031200e+00  
6.672820e+00  6.349270e+00  6.043090e+00  5.745830e+00  5.464340e+00  5.203660e+00  
4.962140e+00  4.735050e+00  4.517490e+00  4.311510e+00  4.118480e+00  4.026040e+00  
3.936040e+00  3.864960e+00  3.786490e+00  3.769120e+00  3.762930e+00  3.762320e+00  
3.760690e+00  3.760390e+00  3.760190e+00  3.759510e+00  1.138730e+01  1.094320e+01  
1.051360e+01  1.010990e+01  9.729840e+00  9.026350e+00  8.393510e+00  7.824380e+00  
7.314210e+00  6.856320e+00  6.444210e+00  6.072440e+00  5.735170e+00  5.425410e+00  
5.133810e+00  4.854050e+00  4.587080e+00  4.335320e+00  4.099690e+00  3.877030e+00  
3.666600e+00  3.566460e+00  3.467600e+00  3.390530e+00  3.316730e+00  3.297850e+00  
3.280560e+00  3.278420e+00  3.277060e+00  3.276840e+00  3.276760e+00  3.276550e+00  
1.158980e+01  1.109840e+01  1.062590e+01  1.018650e+01  9.775830e+00  9.018060e+00  
8.341600e+00  7.736780e+00  7.196540e+00  6.712080e+00  6.274700e+00  5.878480e+00  
5.518070e+00  5.187270e+00  4.878070e+00  4.584900e+00  4.307430e+00  4.045640e+00  
3.799560e+00  3.566420e+00  3.345770e+00  3.240310e+00  3.135800e+00  3.054320e+00  
2.978180e+00  2.958760e+00  2.939790e+00  2.937310e+00  2.935870e+00  2.935650e+00  
2.935580e+00  2.936400e+00  1.172440e+01  1.119960e+01  1.069700e+01  1.023330e+01  
9.802100e+00  9.007030e+00  8.300450e+00  7.671090e+00  7.109650e+00  6.605890e+00  
6.149940e+00  5.735780e+00  5.358410e+00  5.012290e+00  4.690540e+00  4.388110e+00  
4.103700e+00  3.835610e+00  3.582650e+00  3.342620e+00  3.114430e+00  3.004860e+00  
2.896220e+00  2.811090e+00  2.729940e+00  2.709890e+00  2.692500e+00  2.690250e+00  
2.688540e+00  2.688370e+00  2.688220e+00  2.689610e+00  1.188390e+01  1.131620e+01  
1.077600e+01  1.028310e+01  9.827860e+00  8.988590e+00  8.246410e+00  7.588610e+00  
7.002430e+00  6.475790e+00  5.997710e+00  5.562200e+00  5.164660e+00  4.800170e+00  
4.462920e+00  4.148300e+00  3.853910e+00  3.576250e+00  3.312470e+00  3.061280e+00  
2.820560e+00  2.704010e+00  2.588400e+00  2.497090e+00  2.406860e+00  2.384750e+00  
2.368360e+00  2.366530e+00  2.364600e+00  2.364250e+00  2.364190e+00  2.364700e+00  
1.197840e+01  1.138340e+01  1.081970e+01  1.030970e+01  9.841080e+00  8.977370e+00  
8.216520e+00  7.544360e+00  6.946500e+00  6.409800e+00  5.922830e+00  5.479310e+00  
5.074320e+00  4.702530e+00  4.357620e+00  4.034690e+00  3.731480e+00  3.444770e+00  
3.171540e+00  2.909230e+00  2.655210e+00  2.531230e+00  2.408940e+00  2.312470e+00  
2.214150e+00  2.189600e+00  2.170870e+00  2.168730e+00  2.166800e+00  2.166550e+00  
2.166310e+00  2.165010e+00  1.206870e+01  1.144600e+01  1.085990e+01  1.033650e+01  
9.859310e+00  8.978710e+00  8.207100e+00  7.524950e+00  6.918570e+00  6.374710e+00  
5.882190e+00  5.434170e+00  5.024870e+00  4.647830e+00  4.295250e+00  3.961400e+00  
3.644470e+00  3.342170e+00  3.051240e+00  2.765690e+00  2.480360e+00  2.336130e+00  
2.189460e+00  2.070600e+00  1.951760e+00  1.921240e+00  1.896460e+00  1.893610e+00  
1.891320e+00  1.890960e+00  1.890740e+00  1.889310e+00  1.206910e+01  1.145230e+01  
1.087250e+01  1.035560e+01  9.883300e+00  9.005430e+00  8.234440e+00  7.552800e+00  
6.948260e+00  6.407830e+00  5.920130e+00  5.476490e+00  5.068560e+00  4.689250e+00  
4.333150e+00  3.995830e+00  3.674450e+00  3.364750e+00  3.061660e+00  2.758120e+00  
2.443210e+00  2.276790e+00  2.101660e+00  1.955400e+00  1.810760e+00  1.776400e+00  
1.749360e+00  1.745290e+00  1.742050e+00  1.741710e+00  1.741270e+00  1.743960e+00  
1.201750e+01  1.141180e+01  1.084720e+01  1.035210e+01  9.904570e+00  9.069500e+00  
8.327970e+00  7.662170e+00  7.064180e+00  6.526190e+00  6.041400e+00  5.603010e+00  
5.203890e+00  4.835730e+00  4.488090e+00  4.153050e+00  3.827930e+00  3.509040e+00  
3.189420e+00  2.854470e+00  2.486250e+00  2.283610e+00  2.062490e+00  1.867680e+00  
1.663360e+00  1.616820e+00  1.591080e+00  1.588140e+00  1.581200e+00  1.579630e+00  
1.580630e+00  1.589840e+00  1.196010e+01  1.136490e+01  1.081390e+01  1.033740e+01  
9.910440e+00  9.111530e+00  8.397880e+00  7.754850e+00  7.175240e+00  6.652060e+00  
6.179110e+00  5.750140e+00  5.358430e+00  4.996090e+00  4.652940e+00  4.320910e+00  
3.996680e+00  3.675190e+00  3.346890e+00  2.991540e+00  2.583140e+00  2.349390e+00  
2.087120e+00  1.850200e+00  1.592890e+00  1.532190e+00  1.507900e+00  1.505890e+00  
1.495700e+00  1.493170e+00  1.495790e+00  1.508300e+00  1.190260e+01  1.131820e+01  
1.078060e+01  1.032170e+01  9.913690e+00  9.146450e+00  8.457840e+00  7.835370e+00  
7.272690e+00  6.763370e+00  6.301760e+00  5.882090e+00  5.498060e+00  5.142130e+00  
4.804430e+00  4.476900e+00  4.155630e+00  3.834530e+00  3.501800e+00  3.132430e+00  
2.693180e+00  2.434260e+00  2.136690e+00  1.863070e+00  1.556420e+00  1.481450e+00  
1.457220e+00  1.456040e+00  1.443170e+00  1.439750e+00  1.443790e+00  1.456300e+00  
1.185030e+01  1.127550e+01  1.075000e+01  1.030710e+01  9.915940e+00  9.175580e+00  
8.508940e+00  7.904690e+00  7.357190e+00  6.860470e+00  6.409400e+00  5.998550e+00  
5.622020e+00  5.272600e+00  4.940740e+00  4.618360e+00  4.301130e+00  3.982100e+00  
3.647610e+00  3.268520e+00  2.805040e+00  2.525260e+00  2.197450e+00  1.890780e+00  
1.538300e+00  1.449390e+00  1.423480e+00  1.422850e+00  1.407810e+00  1.403770e+00  
1.408630e+00  1.420900e+00  1.175310e+01  1.119680e+01  1.069380e+01  1.027930e+01  
9.917320e+00  9.222300e+00  8.593300e+00  8.020230e+00  7.498640e+00  7.023470e+00  
6.590390e+00  6.194770e+00  5.831460e+00  5.494040e+00  5.173800e+00  4.862950e+00  
4.556360e+00  4.245300e+00  3.912310e+00  3.519460e+00  3.014540e+00  2.698940e+00  
2.321200e+00  1.962680e+00  1.545230e+00  1.430010e+00  1.368100e+00  1.369390e+00  
1.371070e+00  1.367650e+00  1.357790e+00  1.374020e+00  1.168350e+01  1.114100e+01  
1.065450e+01  1.026070e+01  9.919900e+00  9.258150e+00  8.657410e+00  8.108370e+00  
7.607320e+00  7.149790e+00  6.732010e+00  6.349840e+00  5.998690e+00  5.672620e+00  
5.363490e+00  5.063740e+00  4.767830e+00  4.466010e+00  4.138380e+00  3.741060e+00  
3.211520e+00  2.870420e+00  2.452230e+00  2.046010e+00  1.561160e+00  1.422350e+00  
1.342800e+00  1.343190e+00  1.345440e+00  1.341580e+00  1.328740e+00  1.345210e+00  
1.164080e+01  1.110760e+01  1.063470e+01  1.026170e+01  9.943990e+00  9.320880e+00  
8.756010e+00  8.241300e+00  7.773260e+00  7.347770e+00  6.961220e+00  6.609550e+00  
6.288010e+00  5.990200e+00  5.706860e+00  5.429750e+00  5.154030e+00  4.871150e+00  
4.563440e+00  4.190360e+00  3.670220e+00  3.298200e+00  2.783790e+00  2.245730e+00  
1.602910e+00  1.426330e+00  1.334090e+00  1.322140e+00  1.299520e+00  1.298330e+00  
1.294370e+00  1.303220e+00  1.157610e+01  1.105780e+01  1.060160e+01  1.024790e+01  
9.949930e+00  9.360630e+00  8.825360e+00  8.337270e+00  7.893370e+00  7.490100e+00  
7.124280e+00  6.792320e+00  6.489900e+00  6.211040e+00  5.946840e+00  5.689250e+00  
5.433390e+00  5.170360e+00  4.881090e+00  4.520880e+00  3.998520e+00  3.612850e+00  
3.065510e+00  2.468590e+00  1.691600e+00  1.461000e+00  1.322820e+00  1.306090e+00  
1.281210e+00  1.279130e+00  1.275390e+00  1.281620e+00  1.146940e+01  1.097860e+01  
1.055120e+01  1.022800e+01  9.959450e+00  9.418540e+00  8.922830e+00  8.467780e+00  
8.052010e+00  7.673880e+00  7.332080e+00  7.024040e+00  6.746380e+00  6.494270e+00  
6.260220e+00  6.036600e+00  5.816700e+00  5.587320e+00  5.326580e+00  4.993160e+00  
4.492300e+00  4.104980e+00  3.527140e+00  2.849160e+00  1.875090e+00  1.573440e+00  
1.317320e+00  1.285680e+00  1.264230e+00  1.261230e+00  1.255920e+00  1.259090e+00  
1.144030e+01  1.095860e+01  1.054120e+01  1.022930e+01  9.972050e+00  9.450000e+00  
8.971900e+00  8.534890e+00  8.137300e+00  7.776960e+00  7.452010e+00  7.160670e+00  
6.901010e+00  6.669730e+00  6.460920e+00  6.266300e+00  6.074050e+00  5.867750e+00  
5.625400e+00  5.310540e+00  4.840370e+00  4.477230e+00  3.915670e+00  3.192670e+00  
2.043270e+00  1.670850e+00  1.332580e+00  1.285890e+00  1.253660e+00  1.250210e+00  
1.244750e+00  1.247800e+00  1.142210e+01  1.094510e+01  1.053340e+01  1.022860e+01  
9.979180e+00  9.472030e+00  9.007910e+00  8.583250e+00  8.196910e+00  7.847600e+00  
7.534270e+00  7.255310e+00  7.008500e+00  6.790580e+00  6.596070e+00  6.418360e+00  
6.249070e+00  6.070130e+00  5.855690e+00  5.567200e+00  5.115710e+00  4.758650e+00  
4.209930e+00  3.492970e+00  2.220370e+00  1.762520e+00  1.346920e+00  1.290500e+00  
1.249070e+00  1.242980e+00  1.239620e+00  1.240810e+00  1.140870e+01  1.093740e+01  
1.053120e+01  1.023180e+01  9.987410e+00  9.489470e+00  9.033800e+00  8.617280e+00  
8.239010e+00  7.897840e+00  7.593010e+00  7.323090e+00  7.086120e+00  6.879130e+00  
6.696990e+00  6.533540e+00  6.381090e+00  6.222440e+00  6.031800e+00  5.768140e+00  
5.340230e+00  4.995200e+00  4.458430e+00  3.739290e+00  2.385170e+00  1.860130e+00  
1.363980e+00  1.295510e+00  1.246400e+00  1.238930e+00  1.235210e+00  1.236180e+00  
1.139200e+01  1.093140e+01  1.053460e+01  1.024230e+01  1.000350e+01  9.515230e+00  
9.068150e+00  8.661070e+00  8.293340e+00  7.963890e+00  7.671990e+00  7.415940e+00  
7.193440e+00  7.001650e+00  6.836840e+00  6.694180e+00  6.566770e+00  6.438030e+00  
6.283010e+00  6.061990e+00  5.686150e+00  5.371020e+00  4.861340e+00  4.139720e+00  
2.668420e+00  2.049860e+00  1.408810e+00  1.313240e+00  1.242110e+00  1.234660e+00  
1.224180e+00  1.230350e+00  1.140450e+01  1.094190e+01  1.054330e+01  1.025010e+01  
1.001140e+01  9.527120e+00  9.086790e+00  8.687740e+00  8.328690e+00  8.008070e+00  
7.724610e+00  7.477040e+00  7.263630e+00  7.081520e+00  6.925570e+00  6.791310e+00  
6.676930e+00  6.575990e+00  6.468090e+00  6.292510e+00  5.940170e+00  5.637220e+00  
5.160240e+00  4.470640e+00  2.931800e+00  2.229050e+00  1.444770e+00  1.326170e+00  
1.243190e+00  1.233820e+00  1.225690e+00  1.226810e+00  1.137730e+01  1.093200e+01  
1.054810e+01  1.026460e+01  1.003290e+01  9.560710e+00  9.129150e+00  8.737010e+00  
8.383980e+00  8.069970e+00  7.795150e+00  7.558560e+00  7.358330e+00  7.192420e+00  
7.057940e+00  6.951710e+00  6.869950e+00  6.800990e+00  6.725460e+00  6.607450e+00  
6.356480e+00  6.111530e+00  5.686960e+00  5.047730e+00  3.484270e+00  2.609510e+00  
1.545020e+00  1.379610e+00  1.248450e+00  1.234180e+00  1.219940e+00  1.222170e+00  
1.136360e+01  1.093060e+01  1.055550e+01  1.027540e+01  1.004450e+01  9.575960e+00  
9.148360e+00  8.760790e+00  8.412690e+00  8.103770e+00  7.833910e+00  7.602730e+00  
7.409220e+00  7.251990e+00  7.128080e+00  7.034590e+00  6.968920e+00  6.921330e+00  
6.875510e+00  6.800900e+00  6.614260e+00  6.411320e+00  6.036120e+00  5.445580e+00  
3.899170e+00  2.939520e+00  1.646600e+00  1.433930e+00  1.256580e+00  1.237120e+00  
1.217410e+00  1.219600e+00  1.133720e+01  1.092720e+01  1.056690e+01  1.028850e+01  
1.005390e+01  9.586840e+00  9.163170e+00  8.781200e+00  8.439770e+00  8.138030e+00  
7.875400e+00  7.651410e+00  7.465310e+00  7.315690e+00  7.199310e+00  7.114450e+00  
7.063310e+00  7.045800e+00  7.051610e+00  7.035490e+00  6.913070e+00  6.764030e+00  
6.477190e+00  5.975330e+00  4.481380e+00  3.480840e+00  1.844740e+00  1.541870e+00  
1.276030e+00  1.245070e+00  1.216430e+00  1.217290e+00  1.129880e+01  1.091290e+01  
1.056910e+01  1.029480e+01  1.005860e+01  9.593750e+00  9.172380e+00  8.792850e+00  
8.454090e+00  8.155290e+00  7.895910e+00  7.675570e+00  7.493650e+00  7.348900e+00  
7.238290e+00  7.160500e+00  7.118610e+00  7.114010e+00  7.139350e+00  7.155300e+00  
7.086780e+00  6.976230e+00  6.738750e+00  6.301250e+00  4.919000e+00  3.889550e+00  
2.024480e+00  1.651040e+00  1.298130e+00  1.254140e+00  1.215700e+00  1.215940e+00  
1.127040e+01  1.090190e+01  1.057000e+01  1.029850e+01  1.006100e+01  9.597580e+00  
9.177650e+00  8.799680e+00  8.462610e+00  8.165680e+00  7.908380e+00  7.690340e+00  
7.511070e+00  7.369390e+00  7.262360e+00  7.188880e+00  7.152630e+00  7.156000e+00  
7.193690e+00  7.230750e+00  7.199260e+00  7.116400e+00  6.916380e+00  6.530290e+00  
5.250720e+00  4.218090e+00  2.192030e+00  1.756390e+00  1.320950e+00  1.263570e+00  
1.217100e+00  1.215330e+00  1.122940e+01  1.088110e+01  1.056420e+01  1.029950e+01  
1.006430e+01  9.605090e+00  9.186410e+00  8.808670e+00  8.471410e+00  8.174210e+00  
7.916950e+00  7.699470e+00  7.521510e+00  7.382550e+00  7.281070e+00  7.216170e+00  
7.188240e+00  7.192170e+00  7.220110e+00  7.258580e+00  7.269220e+00  7.223850e+00  
7.059070e+00  6.701340e+00  5.501090e+00  4.494310e+00  2.351660e+00  1.857570e+00  
1.343870e+00  1.273700e+00  1.217830e+00  1.214360e+00  1.120370e+01  1.087070e+01  
1.056430e+01  1.030230e+01  1.006610e+01  9.608450e+00  9.191260e+00  8.814930e+00  
8.479020e+00  8.183320e+00  7.927800e+00  7.712350e+00  7.536710e+00  7.400390e+00  
7.302090e+00  7.241150e+00  7.218420e+00  7.229680e+00  7.268570e+00  7.324510e+00  
7.367540e+00  7.352430e+00  7.240830e+00  6.951740e+00  5.872990e+00  4.922380e+00  
2.649600e+00  2.047950e+00  1.389430e+00  1.293140e+00  1.221620e+00  1.214110e+00  
1.118780e+01  1.086430e+01  1.056450e+01  1.030400e+01  1.006720e+01  9.610480e+00  
9.194280e+00  8.818820e+00  8.483730e+00  8.188860e+00  7.934340e+00  7.720100e+00  
7.545890e+00  7.411290e+00  7.314990e+00  7.256490e+00  7.236920e+00  7.252660e+00  
7.298320e+00  7.365230e+00  7.428270e+00  7.432460e+00  7.358840e+00  7.122460e+00  
6.139830e+00  5.245890e+00  2.914340e+00  2.223090e+00  1.434460e+00  1.313300e+00  
1.225920e+00  1.213990e+00  1.116370e+01  1.085480e+01  1.056480e+01  1.030650e+01  
1.006870e+01  9.613250e+00  9.198340e+00  8.824030e+00  8.490050e+00  8.196340e+00  
7.943120e+00  7.730430e+00  7.558130e+00  7.425890e+00  7.332380e+00  7.277230e+00  
7.261980e+00  7.283780e+00  7.338700e+00  7.421040e+00  7.511790e+00  7.542770e+00  
7.526850e+00  7.379340e+00  6.577800e+00  5.804370e+00  3.463020e+00  2.609170e+00  
1.544100e+00  1.366120e+00  1.238530e+00  1.213500e+00  1.115030e+01  1.084960e+01  
1.056520e+01  1.030830e+01  1.006970e+01  9.614750e+00  9.200340e+00  8.826610e+00  
8.493270e+00  8.200210e+00  7.947690e+00  7.735740e+00  7.564340e+00  7.433230e+00  
7.341130e+00  7.287740e+00  7.274810e+00  7.299790e+00  7.359480e+00  7.450160e+00  
7.555800e+00  7.600490e+00  7.614640e+00  7.520850e+00  6.853750e+00  6.170190e+00  
3.892040e+00  2.936870e+00  1.649350e+00  1.420620e+00  1.251430e+00  1.213260e+00  
1.113610e+01  1.084440e+01  1.056600e+01  1.031040e+01  1.007090e+01  9.616330e+00  
9.202280e+00  8.829110e+00  8.496460e+00  8.204170e+00  7.952390e+00  7.741170e+00  
7.570630e+00  7.440560e+00  7.349820e+00  7.298260e+00  7.287740e+00  7.315990e+00  
7.380490e+00  7.479850e+00  7.601450e+00  7.660110e+00  7.703400e+00  7.669320e+00  
7.187330e+00  6.630890e+00  4.526550e+00  3.460300e+00  1.845710e+00  1.530150e+00  
1.276900e+00  1.212910e+00  1.112850e+01  1.084150e+01  1.056640e+01  1.031140e+01  
1.007160e+01  9.617120e+00  9.203270e+00  8.830370e+00  8.498080e+00  8.206180e+00  
7.954760e+00  7.743910e+00  7.573780e+00  7.444230e+00  7.354180e+00  7.303510e+00  
7.294220e+00  7.324110e+00  7.391060e+00  7.494650e+00  7.624690e+00  7.691110e+00  
7.748250e+00  7.744310e+00  7.379510e+00  6.912340e+00  4.974200e+00  3.864670e+00  
2.028670e+00  1.638610e+00  1.301030e+00  1.212710e+00  1.114360e+01  1.085210e+01  
1.057250e+01  1.031340e+01  1.007030e+01  9.612940e+00  9.198900e+00  8.826970e+00  
8.496240e+00  8.206120e+00  7.956310e+00  7.746740e+00  7.577270e+00  7.447210e+00  
7.354330e+00  7.298640e+00  7.285810e+00  7.321970e+00  7.408620e+00  7.524990e+00  
7.644890e+00  7.706120e+00  7.767770e+00  7.785950e+00  7.508250e+00  7.099550e+00  
5.301410e+00  4.191370e+00  2.206830e+00  1.745610e+00  1.322910e+00  1.212770e+00  
1.114020e+01  1.085080e+01  1.057260e+01  1.031380e+01  1.007040e+01  9.613210e+00  
9.199310e+00  8.827480e+00  8.496860e+00  8.206870e+00  7.957210e+00  7.747830e+00  
7.578550e+00  7.448730e+00  7.356140e+00  7.300810e+00  7.288450e+00  7.325270e+00  
7.412960e+00  7.531060e+00  7.654320e+00  7.718760e+00  7.786500e+00  7.816990e+00  
7.592320e+00  7.236340e+00  5.560750e+00  4.459580e+00  2.372150e+00  1.851900e+00  
1.345280e+00  1.212710e+00  1.111600e+01  1.083650e+01  1.056640e+01  1.031260e+01  
1.007210e+01  9.618130e+00  9.204770e+00  8.832290e+00  8.500360e+00  8.208880e+00  
7.958030e+00  7.747930e+00  7.578600e+00  7.449910e+00  7.360900e+00  7.311590e+00  
7.304140e+00  7.336570e+00  7.407200e+00  7.516600e+00  7.660010e+00  7.740020e+00  
7.818540e+00  7.858770e+00  7.702530e+00  7.420630e+00  5.944270e+00  4.884720e+00  
2.669360e+00  2.057740e+00  1.390320e+00  1.212620e+00  1.111320e+01  1.083520e+01  
1.056620e+01  1.031270e+01  1.007210e+01  9.618410e+00  9.205170e+00  8.832630e+00  
8.500580e+00  8.209060e+00  7.958380e+00  7.748570e+00  7.579520e+00  7.451000e+00  
7.362170e+00  7.313180e+00  7.306110e+00  7.339020e+00  7.410340e+00  7.521360e+00  
7.667270e+00  7.749010e+00  7.833320e+00  7.887640e+00  7.778880e+00  7.534260e+00  
6.216000e+00  5.214260e+00  2.931320e+00  2.244630e+00  1.432620e+00  1.212770e+00  