2.051150e+00  2.079090e+00  2.106680e+00  2.133660e+00  2.160100e+00  2.211670e+00  
2.261160e+00  2.308410e+00  2.353440e+00  2.396470e+00  2.437990e+00  2.478120e+00  
2.516890e+00  2.554730e+00  2.592720e+00  2.631830e+00  2.672120e+00  2.713570e+00  
2.755700e+00  2.796700e+00  2.834060e+00  2.851530e+00  2.870750e+00  2.889080e+00  
2.913100e+00  2.920160e+00  2.925320e+00  2.925850e+00  2.926430e+00  2.926550e+00  
2.926550e+00  2.926600e+00  2.591480e+00  2.619150e+00  2.646460e+00  2.673160e+00  
2.699380e+00  2.750890e+00  2.800660e+00  2.848370e+00  2.893660e+00  2.936210e+00  
2.975800e+00  3.012350e+00  3.046190e+00  3.078030e+00  3.109740e+00  3.143070e+00  
3.178410e+00  3.216150e+00  3.256930e+00  3.301960e+00  3.351400e+00  3.375760e+00  
3.395490e+00  3.406680e+00  3.422750e+00  3.428860e+00  3.431530e+00  3.431590e+00  
3.432030e+00  3.432070e+00  3.432260e+00  3.432160e+00  3.032010e+00  3.063990e+00  
3.095020e+00  3.124370e+00  3.152250e+00  3.204610e+00  3.251880e+00  3.294060e+00  
3.331460e+00  3.364990e+00  3.395930e+00  3.424700e+00  3.451750e+00  3.477750e+00  
3.504340e+00  3.533100e+00  3.564540e+00  3.599230e+00  3.637540e+00  3.679000e+00  
3.722200e+00  3.743380e+00  3.762530e+00  3.775210e+00  3.787070e+00  3.790180e+00  
3.792450e+00  3.792680e+00  3.792900e+00  3.792950e+00  3.792930e+00  3.792960e+00  
3.725950e+00  3.765830e+00  3.803660e+00  3.837870e+00  3.868800e+00  3.922710e+00  
3.965280e+00  3.997040e+00  4.019350e+00  4.035020e+00  4.047680e+00  4.058510e+00  
4.068260e+00  4.078000e+00  4.089730e+00  4.105250e+00  4.124630e+00  4.147060e+00  
4.171910e+00  4.200400e+00  4.233320e+00  4.250270e+00  4.264410e+00  4.272350e+00  
4.280240e+00  4.282110e+00  4.283340e+00  4.283470e+00  4.283610e+00  4.283620e+00  
4.283660e+00  4.283650e+00  4.258040e+00  4.311730e+00  4.360440e+00  4.400390e+00  
4.432560e+00  4.479780e+00  4.508060e+00  4.524560e+00  4.531970e+00  4.533210e+00  
4.532030e+00  4.529370e+00  4.525570e+00  4.521330e+00  4.518120e+00  4.517530e+00  
4.520270e+00  4.527020e+00  4.538560e+00  4.555350e+00  4.575380e+00  4.584610e+00  
4.592740e+00  4.598000e+00  4.602450e+00  4.603400e+00  4.604130e+00  4.604230e+00  
4.604300e+00  4.604310e+00  4.604310e+00  4.604320e+00  4.698420e+00  4.750180e+00  
4.797820e+00  4.838180e+00  4.871880e+00  4.922950e+00  4.951440e+00  4.959260e+00  
4.950300e+00  4.931280e+00  4.910550e+00  4.890440e+00  4.871510e+00  4.854510e+00  
4.840130e+00  4.829100e+00  4.821280e+00  4.815630e+00  4.811600e+00  4.811490e+00  
4.817970e+00  4.823060e+00  4.826200e+00  4.826520e+00  4.828390e+00  4.828890e+00  
4.829020e+00  4.829030e+00  4.829070e+00  4.829060e+00  4.829090e+00  4.829080e+00  
5.063370e+00  5.118330e+00  5.168350e+00  5.209650e+00  5.242980e+00  5.290170e+00  
5.310650e+00  5.306910e+00  5.283900e+00  5.249870e+00  5.214930e+00  5.181750e+00  
5.150820e+00  5.122650e+00  5.097250e+00  5.074820e+00  5.055110e+00  5.036940e+00  
5.019780e+00  5.006450e+00  5.000410e+00  4.999810e+00  4.997870e+00  4.994830e+00  
4.993770e+00  4.993600e+00  4.993230e+00  4.993180e+00  4.993170e+00  4.993160e+00  
4.993190e+00  4.993180e+00  5.647500e+00  5.704250e+00  5.754830e+00  5.794500e+00  
5.824310e+00  5.860200e+00  5.863760e+00  5.838510e+00  5.790930e+00  5.731480e+00  
5.672680e+00  5.617670e+00  5.566680e+00  5.519780e+00  5.475910e+00  5.434330e+00  
5.394500e+00  5.354890e+00  5.314990e+00  5.278590e+00  5.250780e+00  5.240260e+00  
5.229320e+00  5.220010e+00  5.212840e+00  5.211220e+00  5.209730e+00  5.209550e+00  
5.209430e+00  5.209410e+00  5.209400e+00  5.209420e+00  6.101880e+00  6.156160e+00  
6.203430e+00  6.238330e+00  6.262150e+00  6.283650e+00  6.269740e+00  6.224660e+00  
6.155990e+00  6.075480e+00  5.997150e+00  5.924260e+00  5.856960e+00  5.794850e+00  
5.736150e+00  5.679320e+00  5.623520e+00  5.566800e+00  5.508410e+00  5.453200e+00  
5.407630e+00  5.388900e+00  5.370210e+00  5.355120e+00  5.341990e+00  5.338900e+00  
5.336310e+00  5.335990e+00  5.335740e+00  5.335720e+00  5.335690e+00  5.335700e+00  
6.893650e+00  6.965930e+00  7.021430e+00  7.047630e+00  7.048910e+00  7.002480e+00  
6.911700e+00  6.807830e+00  6.699200e+00  6.591010e+00  6.488830e+00  6.391440e+00  
6.295510e+00  6.199000e+00  6.104790e+00  6.014880e+00  5.928530e+00  5.843010e+00  
5.756570e+00  5.672410e+00  5.594240e+00  5.557700e+00  5.522930e+00  5.497010e+00  
5.471270e+00  5.465030e+00  5.460080e+00  5.459440e+00  5.458980e+00  5.458920e+00  
5.458850e+00  5.458860e+00  7.468730e+00  7.514380e+00  7.544080e+00  7.546010e+00  
7.524770e+00  7.437980e+00  7.309470e+00  7.166270e+00  7.017340e+00  6.869830e+00  
6.731530e+00  6.602880e+00  6.482260e+00  6.367180e+00  6.256980e+00  6.150110e+00  
6.045880e+00  5.942470e+00  5.838680e+00  5.736580e+00  5.637890e+00  5.589580e+00  
5.542440e+00  5.506780e+00  5.472820e+00  5.464400e+00  5.457690e+00  5.456840e+00  
5.456210e+00  5.456110e+00  5.456050e+00  5.456030e+00  8.262160e+00  8.238520e+00  
8.205360e+00  8.155760e+00  8.093150e+00  7.943800e+00  7.762360e+00  7.556340e+00  
7.336410e+00  7.117140e+00  6.913620e+00  6.730020e+00  6.566080e+00  6.419380e+00  
6.287530e+00  6.165790e+00  6.050350e+00  5.932650e+00  5.806390e+00  5.678380e+00  
5.556770e+00  5.497540e+00  5.434700e+00  5.382950e+00  5.340020e+00  5.329470e+00  
5.320320e+00  5.319230e+00  5.318400e+00  5.318240e+00  5.318230e+00  5.318180e+00  
8.787460e+00  8.723120e+00  8.649300e+00  8.559240e+00  8.457110e+00  8.233740e+00  
7.984950e+00  7.718670e+00  7.445670e+00  7.180210e+00  6.936610e+00  6.718590e+00  
6.525690e+00  6.354500e+00  6.201870e+00  6.062920e+00  5.933140e+00  5.803400e+00  
5.666530e+00  5.527700e+00  5.393110e+00  5.326440e+00  5.255850e+00  5.197960e+00  
5.149450e+00  5.137510e+00  5.127210e+00  5.126000e+00  5.125050e+00  5.124880e+00  
5.124850e+00  5.124800e+00  9.179260e+00  9.077690e+00  8.967000e+00  8.840840e+00  
8.703950e+00  8.416540e+00  8.110740e+00  7.794680e+00  7.478800e+00  7.176520e+00  
6.901660e+00  6.657090e+00  6.441710e+00  6.250950e+00  6.080390e+00  5.924990e+00  
5.780320e+00  5.638460e+00  5.492930e+00  5.346850e+00  5.204360e+00  5.133990e+00  
5.060980e+00  5.001930e+00  4.949680e+00  4.936800e+00  4.926000e+00  4.924730e+00  
4.923710e+00  4.923530e+00  4.923480e+00  4.923440e+00  9.488320e+00  9.352800e+00  
9.208720e+00  9.050270e+00  8.882660e+00  8.539430e+00  8.184810e+00  7.826930e+00  
7.475710e+00  7.143410e+00  6.843360e+00  6.577690e+00  6.344150e+00  6.137110e+00  
5.950480e+00  5.779230e+00  5.619360e+00  5.465130e+00  5.311690e+00  5.159970e+00  
5.012220e+00  4.940160e+00  4.867570e+00  4.809980e+00  4.755060e+00  4.741500e+00  
4.730570e+00  4.729250e+00  4.728140e+00  4.728020e+00  4.727930e+00  4.727900e+00  
9.979740e+00  9.765120e+00  9.546470e+00  9.321580e+00  9.095630e+00  8.656820e+00  
8.231120e+00  7.821360e+00  7.431050e+00  7.064090e+00  6.725930e+00  6.419200e+00  
6.142810e+00  5.895030e+00  5.675580e+00  5.483760e+00  5.311420e+00  5.143490e+00  
4.969560e+00  4.800050e+00  4.645650e+00  4.573410e+00  4.502900e+00  4.447700e+00  
4.389970e+00  4.375450e+00  4.364600e+00  4.363180e+00  4.362070e+00  4.361930e+00  
4.361840e+00  4.361800e+00  1.038250e+01  1.008780e+01  9.794370e+00  9.504200e+00  
9.221910e+00  8.692400e+00  8.201950e+00  7.748080e+00  7.328660e+00  6.941720e+00  
6.586070e+00  6.262340e+00  5.967430e+00  5.697590e+00  5.449670e+00  5.223120e+00  
5.017250e+00  4.831120e+00  4.661800e+00  4.496610e+00  4.325410e+00  4.241830e+00  
4.168240e+00  4.118890e+00  4.061720e+00  4.044940e+00  4.034330e+00  4.033440e+00  
4.032090e+00  4.031820e+00  4.031840e+00  4.031780e+00  1.088900e+01  1.050130e+01  
1.011920e+01  9.748050e+00  9.391840e+00  8.731530e+00  8.131310e+00  7.585210e+00  
7.088260e+00  6.637960e+00  6.232110e+00  5.867140e+00  5.537940e+00  5.238310e+00  
4.961710e+00  4.704770e+00  4.468500e+00  4.250580e+00  4.048800e+00  3.855010e+00  
3.664560e+00  3.574810e+00  3.495340e+00  3.441250e+00  3.382270e+00  3.366440e+00  
3.355690e+00  3.354630e+00  3.353420e+00  3.353260e+00  3.353080e+00  3.353100e+00  
1.116300e+01  1.070940e+01  1.026560e+01  9.840020e+00  9.435410e+00  8.690170e+00  
8.019320e+00  7.415620e+00  6.872740e+00  6.386330e+00  5.953990e+00  5.568910e+00  
5.222770e+00  4.906620e+00  4.609760e+00  4.326310e+00  4.059890e+00  3.813680e+00  
3.588950e+00  3.380920e+00  3.186590e+00  3.095040e+00  3.005340e+00  2.937460e+00  
2.879900e+00  2.866200e+00  2.854920e+00  2.853620e+00  2.852560e+00  2.852380e+00  
2.852300e+00  2.852260e+00  1.158830e+01  1.100350e+01  1.044210e+01  9.922000e+00  
9.441210e+00  8.574950e+00  7.818240e+00  7.155290e+00  6.573630e+00  6.058210e+00  
5.597120e+00  5.182380e+00  4.806010e+00  4.460180e+00  4.136070e+00  3.828480e+00  
3.539080e+00  3.270980e+00  3.022830e+00  2.790730e+00  2.573760e+00  2.472340e+00  
2.376100e+00  2.305940e+00  2.246010e+00  2.231970e+00  2.220680e+00  2.219380e+00  
2.218320e+00  2.218150e+00  2.218050e+00  2.218020e+00  1.187570e+01  1.120330e+01  
1.056510e+01  9.986770e+00  9.460550e+00  8.520120e+00  7.711820e+00  7.012530e+00  
6.406330e+00  5.872800e+00  5.393720e+00  4.960150e+00  4.565090e+00  4.201500e+00  
3.861690e+00  3.540830e+00  3.239190e+00  2.958190e+00  2.697310e+00  2.451140e+00  
2.219380e+00  2.111360e+00  2.011710e+00  1.940880e+00  1.877050e+00  1.862280e+00  
1.850850e+00  1.849510e+00  1.848370e+00  1.848240e+00  1.848090e+00  1.848090e+00  
1.209960e+01  1.136590e+01  1.067510e+01  1.005860e+01  9.503250e+00  8.512550e+00  
7.669190e+00  6.944960e+00  6.320330e+00  5.772110e+00  5.278980e+00  4.831150e+00  
4.422200e+00  4.045730e+00  3.694770e+00  3.364710e+00  3.055020e+00  2.765970e+00  
2.497300e+00  2.243080e+00  2.001340e+00  1.887620e+00  1.782490e+00  1.707550e+00  
1.640370e+00  1.625000e+00  1.613150e+00  1.611760e+00  1.610550e+00  1.610410e+00  
1.610270e+00  1.610270e+00  1.228580e+01  1.150720e+01  1.077860e+01  1.013600e+01  
9.561210e+00  8.534580e+00  7.665500e+00  6.923350e+00  6.284500e+00  5.724030e+00  
5.219320e+00  4.760240e+00  4.340580e+00  3.954280e+00  3.594730e+00  3.257400e+00  
2.941390e+00  2.646270e+00  2.371460e+00  2.111410e+00  1.861690e+00  1.742850e+00  
1.631840e+00  1.551820e+00  1.481260e+00  1.465190e+00  1.452680e+00  1.451210e+00  
1.449940e+00  1.449790e+00  1.449670e+00  1.449650e+00  1.258560e+01  1.174820e+01  
1.097100e+01  1.029720e+01  9.700070e+00  8.628610e+00  7.725590e+00  6.959490e+00  
6.300460e+00  5.721550e+00  5.199690e+00  4.724740e+00  4.290360e+00  3.890410e+00  
3.518150e+00  3.169000e+00  2.841810e+00  2.535880e+00  2.249620e+00  1.977790e+00  
1.713350e+00  1.585250e+00  1.463550e+00  1.373980e+00  1.295330e+00  1.277200e+00  
1.262910e+00  1.261220e+00  1.259790e+00  1.259600e+00  1.259480e+00  1.259430e+00  
1.282140e+01  1.194950e+01  1.114510e+01  1.045530e+01  9.847800e+00  8.752950e+00  
7.831380e+00  7.050290e+00  6.377770e+00  5.786150e+00  5.252800e+00  4.767600e+00  
4.323910e+00  3.914930e+00  3.533280e+00  3.174020e+00  2.836200e+00  2.519460e+00  
2.221620e+00  1.936230e+00  1.656760e+00  1.519640e+00  1.387890e+00  1.289210e+00  
1.200740e+00  1.179920e+00  1.163400e+00  1.161460e+00  1.159820e+00  1.159610e+00  
1.159450e+00  1.159380e+00  1.323660e+01  1.232340e+01  1.148860e+01  1.078620e+01  
1.017390e+01  9.061850e+00  8.129280e+00  7.332120e+00  6.642020e+00  6.032770e+00  
5.483490e+00  4.983820e+00  4.526210e+00  4.102670e+00  3.704190e+00  3.324980e+00  
2.964760e+00  2.623920e+00  2.299590e+00  1.981310e+00  1.662440e+00  1.502090e+00  
1.342610e+00  1.217660e+00  1.101110e+00  1.072730e+00  1.049920e+00  1.047220e+00  
1.045010e+00  1.044710e+00  1.044450e+00  1.044440e+00  1.350310e+01  1.257340e+01  
1.172940e+01  1.102970e+01  1.042510e+01  9.322230e+00  8.398150e+00  7.601390e+00  
6.907470e+00  6.292210e+00  5.736250e+00  5.229320e+00  4.763590e+00  4.330610e+00  
3.920680e+00  3.527550e+00  3.151050e+00  2.791730e+00  2.445810e+00  2.099660e+00  
1.742210e+00  1.558140e+00  1.367680e+00  1.212350e+00  1.065550e+00  1.029680e+00  
1.000900e+00  9.974000e-01  9.944100e-01  9.940400e-01  9.938200e-01  9.937910e-01  
1.381890e+01  1.287490e+01  1.202800e+01  1.134410e+01  1.076520e+01  9.708150e+00  
8.816530e+00  8.041340e+00  7.359540e+00  6.747930e+00  6.187540e+00  5.670030e+00  
5.190060e+00  4.741920e+00  4.319010e+00  3.915530e+00  3.527050e+00  3.147170e+00  
2.766960e+00  2.371970e+00  1.945970e+00  1.716270e+00  1.469900e+00  1.256810e+00  
1.040020e+00  9.894300e-01  9.538100e-01  9.493700e-01  9.438100e-01  9.430620e-01  
9.441300e-01  9.428410e-01  1.398400e+01  1.303950e+01  1.220050e+01  1.153850e+01  
1.098780e+01  9.978450e+00  9.118180e+00  8.365750e+00  7.699550e+00  7.097470e+00  
6.541160e+00  6.023300e+00  5.539680e+00  5.085750e+00  4.656200e+00  4.245770e+00  
3.849250e+00  3.458680e+00  3.061810e+00  2.636910e+00  2.156670e+00  1.885000e+00  
1.582850e+00  1.315320e+00  1.036990e+00  9.712100e-01  9.282600e-01  9.230500e-01  
9.153900e-01  9.144060e-01  9.168700e-01  9.138790e-01  1.407640e+01  1.313440e+01  
1.230560e+01  1.166570e+01  1.114170e+01  1.017320e+01  9.341330e+00  8.610170e+00  
7.959640e+00  7.368590e+00  6.819240e+00  6.304980e+00  5.822410e+00  5.367760e+00  
4.936630e+00  4.524110e+00  4.124340e+00  3.728070e+00  3.320370e+00  2.873770e+00  
2.351260e+00  2.045280e+00  1.694260e+00  1.379130e+00  1.043990e+00  9.628400e-01  
9.111900e-01  9.051500e-01  8.960600e-01  8.949280e-01  8.985600e-01  8.939210e-01  
1.397760e+01  1.310550e+01  1.234440e+01  1.176720e+01  1.129540e+01  1.038810e+01  
9.578230e+00  8.843920e+00  8.177550e+00  7.570680e+00  7.016680e+00  6.508800e+00  
6.039940e+00  5.601770e+00  5.183820e+00  4.777130e+00  4.376000e+00  3.971750e+00  
3.548690e+00  3.075800e+00  2.513050e+00  2.182260e+00  1.804220e+00  1.460340e+00  
1.062290e+00  9.535700e-01  8.975900e-01  8.931600e-01  8.820300e-01  8.800810e-01  
8.855590e-01  8.791500e-01  1.403080e+01  1.316280e+01  1.241790e+01  1.187590e+01  
1.144430e+01  1.059090e+01  9.824290e+00  9.124410e+00  8.485630e+00  7.900620e+00  
7.363880e+00  6.869550e+00  6.411370e+00  5.981810e+00  5.571120e+00  5.170400e+00  
4.773180e+00  4.369030e+00  3.938590e+00  3.442750e+00  2.827780e+00  2.452480e+00  
2.009520e+00  1.593600e+00  1.098890e+00  9.588100e-01  8.813800e-01  8.748700e-01  
8.622300e-01  8.600920e-01  8.662720e-01  8.583980e-01  1.403570e+01  1.317630e+01  
1.244810e+01  1.193550e+01  1.153610e+01  1.072690e+01  9.996190e+00  9.325310e+00  
8.709960e+00  8.143820e+00  7.622350e+00  7.140540e+00  6.693030e+00  6.273220e+00  
5.872450e+00  5.482270e+00  5.095260e+00  4.699040e+00  4.269920e+00  3.758840e+00  
3.098180e+00  2.683250e+00  2.185120e+00  1.712370e+00  1.154220e+00  9.877700e-01  
8.639000e-01  8.547000e-01  8.540200e-01  8.530080e-01  8.456120e-01  8.447880e-01  
1.411620e+01  1.325250e+01  1.253200e+01  1.204630e+01  1.168060e+01  1.092090e+01  
1.023460e+01  9.605930e+00  9.030920e+00  8.503810e+00  8.020150e+00  7.574970e+00  
7.162520e+00  6.775430e+00  6.403360e+00  6.036760e+00  5.668720e+00  5.287670e+00  
4.871140e+00  4.370920e+00  3.696310e+00  3.235240e+00  2.626180e+00  2.006010e+00  
1.254560e+00  1.033090e+00  8.656900e-01  8.459000e-01  8.296000e-01  8.282010e-01  
8.307800e-01  8.244630e-01  1.410240e+01  1.324750e+01  1.254140e+01  1.207900e+01  
1.173950e+01  1.102190e+01  1.037170e+01  9.775830e+00  9.230940e+00  8.731990e+00  
8.275030e+00  7.855570e+00  7.468310e+00  7.106220e+00  6.759130e+00  6.417400e+00  
6.073740e+00  5.715570e+00  5.317560e+00  4.824150e+00  4.131650e+00  3.645280e+00  
2.989100e+00  2.292820e+00  1.379760e+00  1.096940e+00  8.664300e-01  8.383300e-01  
8.193400e-01  8.177720e-01  8.192140e-01  8.134770e-01  1.404120e+01  1.320130e+01  
1.251680e+01  1.208670e+01  1.178250e+01  1.112190e+01  1.052100e+01  9.969860e+00  
9.465990e+00  9.005420e+00  8.585100e+00  8.201440e+00  7.850140e+00  7.525210e+00  
7.217660e+00  6.918480e+00  6.620110e+00  6.308370e+00  5.953120e+00  5.485000e+00  
4.779910e+00  4.265290e+00  3.555100e+00  2.765340e+00  1.625200e+00  1.245150e+00  
8.874300e-01  8.375800e-01  8.057200e-01  8.039050e-01  8.008880e-01  8.020320e-01  
1.404440e+01  1.320360e+01  1.252240e+01  1.210230e+01  1.181100e+01  1.117140e+01  
1.059180e+01  1.006340e+01  9.583610e+00  9.148630e+00  8.755380e+00  8.400260e+00  
8.078660e+00  7.784030e+00  7.506010e+00  7.234830e+00  6.963630e+00  6.679660e+00  
6.355280e+00  5.925490e+00  5.265090e+00  4.767500e+00  4.052250e+00  3.202260e+00  
1.844790e+00  1.365940e+00  9.056600e-01  8.418700e-01  8.036900e-01  8.020920e-01  
7.971570e-01  7.958620e-01  1.402000e+01  1.318930e+01  1.251920e+01  1.211180e+01  
1.183300e+01  1.121370e+01  1.065130e+01  1.013820e+01  9.671790e+00  9.248730e+00  
8.866340e+00  8.522210e+00  8.213700e+00  7.937010e+00  7.685880e+00  7.452000e+00  
7.223400e+00  6.975360e+00  6.672640e+00  6.263050e+00  5.633230e+00  5.151990e+00  
4.443240e+00  3.564110e+00  2.057270e+00  1.491150e+00  9.299000e-01  8.517000e-01  
8.023100e-01  7.980840e-01  7.946090e-01  7.921140e-01  1.400260e+01  1.317910e+01  
1.251650e+01  1.211670e+01  1.184540e+01  1.123980e+01  1.068960e+01  1.018720e+01  
9.730470e+00  9.316890e+00  8.944680e+00  8.612570e+00  8.319320e+00  8.061340e+00  
7.830570e+00  7.616940e+00  7.408120e+00  7.184020e+00  6.913310e+00  6.537540e+00  
5.937550e+00  5.470220e+00  4.770240e+00  3.869230e+00  2.253170e+00  1.611350e+00  
9.583100e-01  8.656500e-01  8.010700e-01  7.963600e-01  7.898100e-01  7.895200e-01  
1.399190e+01  1.318080e+01  1.252860e+01  1.213570e+01  1.186940e+01  1.127360e+01  
1.073370e+01  1.024390e+01  9.802280e+00  9.406350e+00  9.054180e+00  8.743470e+00  
8.471310e+00  8.233230e+00  8.021620e+00  7.829240e+00  7.651270e+00  7.476200e+00  
7.274250e+00  6.966350e+00  6.410790e+00  5.960170e+00  5.283170e+00  4.382990e+00  
2.605290e+00  1.845190e+00  1.015370e+00  8.905300e-01  8.017200e-01  7.948300e-01  
7.874680e-01  7.862850e-01  1.397430e+01  1.317570e+01  1.253370e+01  1.214750e+01  
1.188610e+01  1.130010e+01  1.076920e+01  1.028830e+01  9.855650e+00  9.469050e+00  
9.126810e+00  8.826990e+00  8.567100e+00  8.343210e+00  8.148440e+00  7.976400e+00  
7.823330e+00  7.679190e+00  7.515830e+00  7.254980e+00  6.754680e+00  6.334170e+00  
5.685200e+00  4.789960e+00  2.914780e+00  2.059870e+00  1.072810e+00  9.198500e-01  
8.040900e-01  7.942450e-01  7.854080e-01  7.843020e-01  1.392280e+01  1.315610e+01  
1.253990e+01  1.216940e+01  1.191780e+01  1.135070e+01  1.083360e+01  1.036380e+01  
9.940510e+00  9.563210e+00  9.231690e+00  8.945050e+00  8.701840e+00  8.499640e+00  
8.333650e+00  8.198700e+00  8.089370e+00  7.990610e+00  7.875750e+00  7.691940e+00  
7.321820e+00  6.978380e+00  6.390400e+00  5.527020e+00  3.563750e+00  2.528450e+00  
1.211850e+00  9.951800e-01  8.136000e-01  7.962320e-01  7.831270e-01  7.816160e-01  
1.388270e+01  1.314500e+01  1.254930e+01  1.218520e+01  1.193380e+01  1.137310e+01  
1.086250e+01  1.039960e+01  9.983720e+00  9.614060e+00  9.290360e+00  9.011980e+00  
8.777980e+00  8.586580e+00  8.433880e+00  8.315850e+00  8.228320e+00  8.158050e+00  
8.081660e+00  7.953180e+00  7.667130e+00  7.382480e+00  6.867440e+00  6.064580e+00  
4.060980e+00  2.908190e+00  1.347220e+00  1.076760e+00  8.269900e-01  7.961960e-01  
7.818580e-01  7.803960e-01  1.376430e+01  1.310080e+01  1.255580e+01  1.220460e+01  
1.194890e+01  1.139550e+01  1.089170e+01  1.043570e+01  1.002690e+01  9.664700e+00  
9.348910e+00  9.079260e+00  8.855290e+00  8.675810e+00  8.537660e+00  8.438070e+00  
8.374880e+00  8.338160e+00  8.309880e+00  8.253410e+00  8.079600e+00  7.874050e+00  
7.458930e+00  6.758970e+00  4.816490e+00  3.543300e+00  1.592640e+00  1.223420e+00  
8.557400e-01  8.052440e-01  7.834170e-01  7.790000e-01  1.366090e+01  1.305980e+01  
1.255720e+01  1.221580e+01  1.195510e+01  1.140560e+01  1.090550e+01  1.045320e+01  
1.004780e+01  9.689110e+00  9.377060e+00  9.111560e+00  8.892580e+00  8.719410e+00  
8.589680e+00  8.501380e+00  8.452910e+00  8.434730e+00  8.431760e+00  8.417870e+00  
8.320220e+00  8.170220e+00  7.822810e+00  7.189280e+00  5.351330e+00  4.068910e+00  
1.819180e+00  1.353100e+00  8.837200e-01  8.227020e-01  7.832790e-01  7.781980e-01  
1.358490e+01  1.302980e+01  1.255840e+01  1.222400e+01  1.195900e+01  1.141090e+01  
1.091170e+01  1.046080e+01  1.005760e+01  9.701950e+00  9.394090e+00  9.133370e+00  
8.918770e+00  8.749240e+00  8.623410e+00  8.540350e+00  8.499380e+00  8.492470e+00  
8.507400e+00  8.523760e+00  8.471260e+00  8.352820e+00  8.066050e+00  7.528950e+00  
5.797540e+00  4.448730e+00  2.018530e+00  1.489460e+00  9.167300e-01  8.302610e-01  
7.899780e-01  7.777710e-01  1.353060e+01  1.300830e+01  1.255920e+01  1.223020e+01  
1.196260e+01  1.141530e+01  1.091670e+01  1.046690e+01  1.006530e+01  9.711420e+00  
9.405280e+00  9.146500e+00  8.934710e+00  8.769080e+00  8.647480e+00  8.568570e+00  
8.532480e+00  8.532750e+00  8.558840e+00  8.591290e+00  8.575180e+00  8.494980e+00  
8.258080e+00  7.757780e+00  6.097160e+00  4.819120e+00  2.222040e+00  1.606020e+00  
9.466600e-01  8.488160e-01  7.869260e-01  7.775880e-01  1.346460e+01  1.298230e+01  
1.256020e+01  1.223730e+01  1.196610e+01  1.142060e+01  1.092350e+01  1.047550e+01  
1.007600e+01  9.724500e+00  9.421010e+00  9.165150e+00  8.956530e+00  8.794410e+00  
8.677070e+00  8.603630e+00  8.574930e+00  8.585410e+00  8.626620e+00  8.683520e+00  
8.712050e+00  8.672270e+00  8.506580e+00  8.101980e+00  6.597410e+00  5.362970e+00  
2.586860e+00  1.832840e+00  1.007780e+00  8.785400e-01  7.911380e-01  7.771000e-01  
1.342420e+01  1.296630e+01  1.256080e+01  1.224140e+01  1.196800e+01  1.142390e+01  
1.092820e+01  1.048150e+01  1.008320e+01  9.733030e+00  9.430900e+00  9.176590e+00  
8.969810e+00  8.809950e+00  8.695400e+00  8.625430e+00  8.601250e+00  8.617980e+00  
8.668500e+00  8.740810e+00  8.797450e+00  8.783550e+00  8.667020e+00  8.334330e+00  
6.963370e+00  5.781640e+00  2.907110e+00  2.039550e+00  1.067430e+00  9.090810e-01  
7.958980e-01  7.771000e-01  1.336400e+01  1.294260e+01  1.256150e+01  1.224720e+01  
1.197020e+01  1.142830e+01  1.093500e+01  1.049030e+01  1.009360e+01  9.744960e+00  
9.444360e+00  9.191930e+00  8.987570e+00  8.830890e+00  8.720290e+00  8.655180e+00  
8.637200e+00  8.662420e+00  8.725640e+00  8.819470e+00  8.915670e+00  8.938570e+00  
8.895470e+00  8.680770e+00  7.570160e+00  6.516800e+00  3.567240e+00  2.498610e+00  
1.210000e+00  9.863970e-01  8.090210e-01  7.766110e-01  1.332980e+01  1.292910e+01  
1.256180e+01  1.225020e+01  1.197110e+01  1.143010e+01  1.093800e+01  1.049420e+01  
1.009860e+01  9.750970e+00  9.451750e+00  9.200640e+00  8.997040e+00  8.840670e+00  
8.731460e+00  8.669880e+00  8.656780e+00  8.686420e+00  8.753080e+00  8.855930e+00  
8.983020e+00  9.033400e+00  9.013460e+00  8.832100e+00  7.964310e+00  7.090420e+00  
4.047730e+00  2.858670e+00  1.346850e+00  1.074230e+00  8.255620e-01  7.771000e-01  
1.329170e+01  1.291390e+01  1.256220e+01  1.225390e+01  1.197250e+01  1.143240e+01  
1.094090e+01  1.049790e+01  1.010300e+01  9.756250e+00  9.458040e+00  9.208110e+00  
9.005890e+00  8.851150e+00  8.743960e+00  8.684910e+00  8.675180e+00  8.709470e+00  
8.782940e+00  8.896980e+00  9.046530e+00  9.119300e+00  9.141410e+00  9.031460e+00  
8.404430e+00  7.731780e+00  4.816890e+00  3.485240e+00  1.593860e+00  1.226680e+00  
8.526610e-01  7.763670e-01  1.327000e+01  1.290530e+01  1.256240e+01  1.225620e+01  
1.197380e+01  1.143390e+01  1.094230e+01  1.049940e+01  1.010480e+01  9.758320e+00  
9.460330e+00  9.210860e+00  9.009890e+00  8.857210e+00  8.751560e+00  8.692790e+00  
8.683110e+00  8.719770e+00  8.799930e+00  8.922380e+00  9.074410e+00  9.149820e+00  
9.206070e+00  9.179630e+00  8.668630e+00  8.003480e+00  5.406890e+00  4.042500e+00  
1.815850e+00  1.348510e+00  8.841550e-01  7.763670e-01  1.325640e+01  1.289980e+01  
1.256250e+01  1.225760e+01  1.197440e+01  1.143440e+01  1.094260e+01  1.049990e+01  
1.010560e+01  9.759660e+00  9.462270e+00  9.213350e+00  9.012850e+00  8.860530e+00  
8.755310e+00  8.697240e+00  8.688630e+00  8.726850e+00  8.809310e+00  8.935260e+00  
9.094240e+00  9.176670e+00  9.246090e+00  9.245360e+00  8.838450e+00  8.262940e+00  
5.828000e+00  4.450930e+00  2.041570e+00  1.480130e+00  9.146730e-01  7.763670e-01  
1.324710e+01  1.289610e+01  1.256250e+01  1.225850e+01  1.197480e+01  1.143480e+01  
1.094300e+01  1.050030e+01  1.010630e+01  9.760680e+00  9.463610e+00  9.215050e+00  
9.014850e+00  8.862780e+00  8.757880e+00  8.700250e+00  8.692340e+00  8.731610e+00  
8.815630e+00  8.943930e+00  9.107560e+00  9.194820e+00  9.273270e+00  9.289920e+00  
8.957430e+00  8.451350e+00  6.162530e+00  4.793900e+00  2.254250e+00  1.605290e+00  
9.450680e-01  7.765500e-01  1.323630e+01  1.289180e+01  1.256250e+01  1.225930e+01  
1.197480e+01  1.143530e+01  1.094400e+01  1.050170e+01  1.010790e+01  9.762410e+00  
9.465450e+00  9.217020e+00  9.017090e+00  8.865510e+00  8.761170e+00  8.704250e+00  
8.697150e+00  8.737580e+00  8.823340e+00  8.954540e+00  9.124430e+00  9.217870e+00  
9.307290e+00  9.345890e+00  9.114280e+00  8.706020e+00  6.666820e+00  5.343610e+00  
2.629850e+00  1.871150e+00  1.006710e+00  7.763800e-01  1.323200e+01  1.288930e+01  
1.256110e+01  1.225780e+01  1.197320e+01  1.143550e+01  1.094650e+01  1.050540e+01  
1.011170e+01  9.765540e+00  9.467460e+00  9.217840e+00  9.017100e+00  8.865430e+00  
8.761720e+00  8.706010e+00  8.700600e+00  8.742740e+00  8.829520e+00  8.959710e+00  
9.132270e+00  9.232890e+00  9.328630e+00  9.379040e+00  9.219350e+00  8.864510e+00  
7.023290e+00  5.780100e+00  2.959130e+00  2.096560e+00  1.066650e+00  7.766110e-01  