1.655700e+00  1.682500e+00  1.709160e+00  1.735560e+00  1.761740e+00  1.813580e+00  
1.864400e+00  1.913930e+00  1.961970e+00  2.008380e+00  2.053170e+00  2.096220e+00  
2.137410e+00  2.176990e+00  2.215870e+00  2.254850e+00  2.293910e+00  2.333170e+00  
2.372400e+00  2.410320e+00  2.445390e+00  2.462600e+00  2.482990e+00  2.503530e+00  
2.528980e+00  2.536020e+00  2.541430e+00  2.542040e+00  2.542660e+00  2.542750e+00  
2.542780e+00  2.543250e+00  2.139150e+00  2.167620e+00  2.195870e+00  2.223760e+00  
2.251370e+00  2.306040e+00  2.359570e+00  2.411600e+00  2.461740e+00  2.509630e+00  
2.554950e+00  2.597540e+00  2.637460e+00  2.675220e+00  2.712290e+00  2.750020e+00  
2.788520e+00  2.827890e+00  2.868660e+00  2.912650e+00  2.961060e+00  2.985290e+00  
3.005870e+00  3.018830e+00  3.037180e+00  3.043900e+00  3.047130e+00  3.047300e+00  
3.047810e+00  3.047800e+00  3.048050e+00  3.050900e+00  2.540740e+00  2.574340e+00  
2.607170e+00  2.638660e+00  2.668960e+00  2.726760e+00  2.780320e+00  2.829570e+00  
2.874780e+00  2.916770e+00  2.956770e+00  2.995030e+00  3.031750e+00  3.067220e+00  
3.102480e+00  3.138540e+00  3.175720e+00  3.214560e+00  3.255610e+00  3.298920e+00  
3.343740e+00  3.365860e+00  3.386520e+00  3.401210e+00  3.416130e+00  3.420190e+00  
3.423200e+00  3.423530e+00  3.423830e+00  3.423840e+00  3.423830e+00  3.426330e+00  
3.190680e+00  3.231510e+00  3.270770e+00  3.307250e+00  3.341230e+00  3.403040e+00  
3.455910e+00  3.500130e+00  3.536640e+00  3.567590e+00  3.595870e+00  3.622290e+00  
3.647300e+00  3.671520e+00  3.696380e+00  3.723140e+00  3.751910e+00  3.782360e+00  
3.814470e+00  3.849590e+00  3.888730e+00  3.908790e+00  3.926610e+00  3.938180e+00  
3.950260e+00  3.953270e+00  3.955440e+00  3.955690e+00  3.955920e+00  3.955950e+00  
3.955990e+00  3.955310e+00  3.702800e+00  3.753340e+00  3.800510e+00  3.841720e+00  
3.877610e+00  3.937270e+00  3.982580e+00  4.017540e+00  4.044080e+00  4.064740e+00  
4.082920e+00  4.099260e+00  4.113700e+00  4.126560e+00  4.139190e+00  4.153090e+00  
4.168870e+00  4.187420e+00  4.209690e+00  4.235860e+00  4.264870e+00  4.279440e+00  
4.293460e+00  4.303710e+00  4.312980e+00  4.315280e+00  4.317100e+00  4.317300e+00  
4.317460e+00  4.317530e+00  4.317460e+00  4.314210e+00  4.129300e+00  4.180380e+00  
4.228400e+00  4.270980e+00  4.308590e+00  4.371520e+00  4.417130e+00  4.446440e+00  
4.461980e+00  4.468430e+00  4.471870e+00  4.473940e+00  4.475240e+00  4.476540e+00  
4.479050e+00  4.483900e+00  4.491010e+00  4.499560e+00  4.509180e+00  4.521860e+00  
4.539970e+00  4.550890e+00  4.561210e+00  4.568310e+00  4.575350e+00  4.577180e+00  
4.578590e+00  4.578720e+00  4.578840e+00  4.578910e+00  4.578950e+00  4.573910e+00  
4.489040e+00  4.543190e+00  4.593630e+00  4.637510e+00  4.675390e+00  4.736400e+00  
4.776770e+00  4.797860e+00  4.802910e+00  4.797650e+00  4.789410e+00  4.780200e+00  
4.770610e+00  4.761460e+00  4.753750e+00  4.748480e+00  4.745450e+00  4.743540e+00  
4.742200e+00  4.743730e+00  4.751190e+00  4.757310e+00  4.763550e+00  4.768080e+00  
4.772580e+00  4.773810e+00  4.774820e+00  4.774880e+00  4.774950e+00  4.775010e+00  
4.774990e+00  4.769290e+00  5.072680e+00  5.129610e+00  5.181790e+00  5.225570e+00  
5.261710e+00  5.315470e+00  5.343500e+00  5.347860e+00  5.332940e+00  5.306180e+00  
5.276920e+00  5.247620e+00  5.218870e+00  5.191460e+00  5.165990e+00  5.143080e+00  
5.122200e+00  5.101660e+00  5.080510e+00  5.061930e+00  5.050350e+00  5.047710e+00  
5.045780e+00  5.044450e+00  5.043500e+00  5.043440e+00  5.043410e+00  5.043360e+00  
5.043330e+00  5.043400e+00  5.043430e+00  5.038390e+00  5.533000e+00  5.589550e+00  
5.640520e+00  5.681660e+00  5.713950e+00  5.757350e+00  5.771510e+00  5.759150e+00  
5.725560e+00  5.679530e+00  5.631810e+00  5.585170e+00  5.540210e+00  5.497570e+00  
5.457440e+00  5.419970e+00  5.384330e+00  5.348190e+00  5.310260e+00  5.274710e+00  
5.247200e+00  5.237010e+00  5.227340e+00  5.219820e+00  5.213420e+00  5.212010e+00  
5.210850e+00  5.210690e+00  5.210560e+00  5.210570e+00  5.210600e+00  5.207950e+00  
6.374550e+00  6.422630e+00  6.463660e+00  6.492300e+00  6.510050e+00  6.520530e+00  
6.496930e+00  6.443350e+00  6.366890e+00  6.278690e+00  6.191940e+00  6.109700e+00  
6.032730e+00  5.960860e+00  5.893360e+00  5.829120e+00  5.766600e+00  5.702140e+00  
5.633630e+00  5.566920e+00  5.509530e+00  5.484410e+00  5.458250e+00  5.436660e+00  
5.418870e+00  5.414630e+00  5.410940e+00  5.410510e+00  5.410180e+00  5.410090e+00  
5.410060e+00  5.414430e+00  6.950470e+00  7.008430e+00  7.052090e+00  7.070790e+00  
7.068370e+00  7.021910e+00  6.935300e+00  6.832650e+00  6.721680e+00  6.608360e+00  
6.499450e+00  6.396100e+00  6.298100e+00  6.204310e+00  6.114170e+00  6.026560e+00  
5.941030e+00  5.856320e+00  5.772040e+00  5.691470e+00  5.614100e+00  5.573770e+00  
5.533810e+00  5.503950e+00  5.477460e+00  5.470740e+00  5.465370e+00  5.464800e+00  
5.464340e+00  5.464130e+00  5.463870e+00  5.474000e+00  7.787520e+00  7.788870e+00  
7.780960e+00  7.756960e+00  7.719730e+00  7.618630e+00  7.482220e+00  7.317660e+00  
7.135540e+00  6.950720e+00  6.778980e+00  6.624490e+00  6.486740e+00  6.363310e+00  
6.251170e+00  6.145770e+00  6.044430e+00  5.941260e+00  5.832110e+00  5.722560e+00  
5.618970e+00  5.567970e+00  5.511960e+00  5.464820e+00  5.428960e+00  5.420170e+00  
5.412140e+00  5.411300e+00  5.410700e+00  5.410420e+00  5.410160e+00  5.425290e+00  
8.353900e+00  8.320390e+00  8.277240e+00  8.217470e+00  8.144630e+00  7.975190e+00  
7.774580e+00  7.551030e+00  7.315910e+00  7.084660e+00  6.873200e+00  6.685340e+00  
6.520090e+00  6.373690e+00  6.241660e+00  6.118510e+00  6.001210e+00  5.883700e+00  
5.761390e+00  5.638360e+00  5.519220e+00  5.459720e+00  5.395350e+00  5.341870e+00  
5.299490e+00  5.289070e+00  5.279770e+00  5.278770e+00  5.278030e+00  5.277710e+00  
5.277710e+00  5.291750e+00  8.783620e+00  8.715600e+00  8.638160e+00  8.544570e+00  
8.438920e+00  8.208310e+00  7.952500e+00  7.680110e+00  7.402500e+00  7.134520e+00  
6.891760e+00  6.677240e+00  6.489510e+00  6.323750e+00  6.174320e+00  6.035470e+00  
5.903990e+00  5.774330e+00  5.642010e+00  5.509540e+00  5.380190e+00  5.315960e+00  
5.248550e+00  5.193640e+00  5.146410e+00  5.134770e+00  5.124850e+00  5.123720e+00  
5.122840e+00  5.122600e+00  5.122410e+00  5.130250e+00  9.103700e+00  9.034220e+00  
8.947500e+00  8.831230e+00  8.692700e+00  8.383270e+00  8.049650e+00  7.721670e+00  
7.410370e+00  7.124760e+00  6.873970e+00  6.653830e+00  6.453010e+00  6.263170e+00  
6.086930e+00  5.926340e+00  5.778810e+00  5.639480e+00  5.503220e+00  5.366690e+00  
5.228460e+00  5.160100e+00  5.092440e+00  5.039850e+00  4.988370e+00  4.975720e+00  
4.965610e+00  4.964310e+00  4.963340e+00  4.963190e+00  4.963110e+00  4.963080e+00  
9.591000e+00  9.493880e+00  9.372440e+00  9.209440e+00  9.016030e+00  8.591820e+00  
8.156240e+00  7.758530e+00  7.403030e+00  7.084940e+00  6.800050e+00  6.543650e+00  
6.306910e+00  6.084200e+00  5.878600e+00  5.693360e+00  5.525320e+00  5.368950e+00  
5.218020e+00  5.066390e+00  4.916100e+00  4.847440e+00  4.781440e+00  4.729620e+00  
4.673100e+00  4.659680e+00  4.649140e+00  4.647570e+00  4.646470e+00  4.646510e+00  
4.646300e+00  4.634520e+00  1.011840e+01  9.858980e+00  9.600360e+00  9.343980e+00  
9.093810e+00  8.622060e+00  8.182370e+00  7.773050e+00  7.392740e+00  7.040100e+00  
6.714480e+00  6.416640e+00  6.144360e+00  5.894910e+00  5.665940e+00  5.457310e+00  
5.268600e+00  5.099100e+00  4.945470e+00  4.793260e+00  4.630010e+00  4.548630e+00  
4.477470e+00  4.430490e+00  4.374440e+00  4.357310e+00  4.346950e+00  4.346000e+00  
4.344520e+00  4.344420e+00  4.344240e+00  4.328370e+00  1.068630e+01  1.033650e+01  
9.991260e+00  9.655030e+00  9.331340e+00  8.728180e+00  8.176460e+00  7.671650e+00  
7.210020e+00  6.789710e+00  6.409090e+00  6.065390e+00  5.754520e+00  5.471430e+00  
5.210590e+00  4.969110e+00  4.748020e+00  4.545420e+00  4.358820e+00  4.178270e+00  
3.996620e+00  3.909360e+00  3.831340e+00  3.777510e+00  3.717180e+00  3.700420e+00  
3.689170e+00  3.688040e+00  3.686710e+00  3.686580e+00  3.686370e+00  3.681520e+00  
1.101130e+01  1.059490e+01  1.018690e+01  9.794530e+00  9.420450e+00  8.728150e+00  
8.101310e+00  7.533960e+00  7.020750e+00  6.557830e+00  6.142930e+00  5.770950e+00  
5.435880e+00  5.131330e+00  4.849720e+00  4.586440e+00  4.342600e+00  4.117060e+00  
3.907150e+00  3.706170e+00  3.510170e+00  3.417050e+00  3.331210e+00  3.269500e+00  
3.206640e+00  3.191770e+00  3.179510e+00  3.178090e+00  3.177040e+00  3.176800e+00  
3.176700e+00  3.186040e+00  1.143320e+01  1.089850e+01  1.038310e+01  9.902250e+00  
9.454690e+00  8.642160e+00  7.925710e+00  7.292780e+00  6.733360e+00  6.235120e+00  
5.788130e+00  5.385380e+00  5.019740e+00  4.683900e+00  4.369370e+00  4.071020e+00  
3.790490e+00  3.530870e+00  3.291530e+00  3.069120e+00  2.862770e+00  2.766300e+00  
2.672750e+00  2.602080e+00  2.539020e+00  2.523710e+00  2.511270e+00  2.509860e+00  
2.508700e+00  2.508480e+00  2.508390e+00  2.514280e+00  1.171270e+01  1.109950e+01  
1.051420e+01  9.978150e+00  9.485640e+00  8.597400e+00  7.824490e+00  7.148810e+00  
6.557760e+00  6.034960e+00  5.565600e+00  5.141530e+00  4.755940e+00  4.401710e+00  
4.070730e+00  3.757820e+00  3.463250e+00  3.188420e+00  2.933380e+00  2.694570e+00  
2.472850e+00  2.370350e+00  2.274620e+00  2.204710e+00  2.138410e+00  2.122550e+00  
2.110240e+00  2.108780e+00  2.107520e+00  2.107400e+00  2.107190e+00  2.104830e+00  
1.192300e+01  1.125510e+01  1.062200e+01  1.004970e+01  9.528270e+00  8.588980e+00  
7.777960e+00  7.073270e+00  6.459560e+00  5.918360e+00  5.432480e+00  4.992850e+00  
4.592800e+00  4.225400e+00  3.882780e+00  3.559720e+00  3.255860e+00  2.971600e+00  
2.707300e+00  2.459110e+00  2.226780e+00  2.118610e+00  2.017870e+00  1.944710e+00  
1.876200e+00  1.860100e+00  1.847680e+00  1.846190e+00  1.844890e+00  1.844780e+00  
1.844540e+00  1.841610e+00  1.209510e+01  1.138660e+01  1.071870e+01  1.012120e+01  
9.580110e+00  8.604560e+00  7.766340e+00  7.041550e+00  6.411500e+00  5.856280e+00  
5.357620e+00  4.906030e+00  4.494830e+00  4.117200e+00  3.765420e+00  3.434320e+00  
3.123250e+00  2.832170e+00  2.561150e+00  2.306500e+00  2.065720e+00  1.952320e+00  
1.845910e+00  1.768300e+00  1.697560e+00  1.681120e+00  1.668330e+00  1.666810e+00  
1.665480e+00  1.665340e+00  1.665200e+00  1.663970e+00  1.237280e+01  1.160770e+01  
1.089240e+01  1.026270e+01  9.697790e+00  8.677010e+00  7.805040e+00  7.056340e+00  
6.406480e+00  5.833160e+00  5.317040e+00  4.848600e+00  4.421290e+00  4.028390e+00  
3.662450e+00  3.318450e+00  2.995500e+00  2.693290e+00  2.410830e+00  2.144200e+00  
1.888190e+00  1.765410e+00  1.648890e+00  1.562990e+00  1.486080e+00  1.468150e+00  
1.454050e+00  1.452390e+00  1.450960e+00  1.450780e+00  1.450640e+00  1.451540e+00  
1.259290e+01  1.179120e+01  1.104610e+01  1.039780e+01  9.820380e+00  8.775800e+00  
7.887200e+00  7.126620e+00  6.466700e+00  5.883390e+00  5.356700e+00  4.877360e+00  
4.438990e+00  4.035010e+00  3.658140e+00  3.303460e+00  2.970050e+00  2.657490e+00  
2.364010e+00  2.084230e+00  1.812990e+00  1.681250e+00  1.555400e+00  1.461630e+00  
1.376410e+00  1.356220e+00  1.340280e+00  1.338410e+00  1.336820e+00  1.336610e+00  
1.336450e+00  1.336980e+00  1.296430e+01  1.212000e+01  1.134260e+01  1.067860e+01  
1.009380e+01  9.031810e+00  8.134450e+00  7.363050e+00  6.691660e+00  6.095960e+00  
5.556240e+00  5.063200e+00  4.610310e+00  4.190600e+00  3.796160e+00  3.421810e+00  
3.066940e+00  2.731540e+00  2.412780e+00  2.101270e+00  1.790990e+00  1.636050e+00  
1.483160e+00  1.364530e+00  1.254210e+00  1.227380e+00  1.205850e+00  1.203320e+00  
1.201240e+00  1.200960e+00  1.200750e+00  1.200400e+00  1.317800e+01  1.232540e+01  
1.154490e+01  1.088610e+01  1.030960e+01  9.257270e+00  8.366980e+00  7.595130e+00  
6.919650e+00  6.318700e+00  5.774490e+00  5.277490e+00  4.820270e+00  4.394780e+00  
3.991570e+00  3.604590e+00  3.233860e+00  2.880230e+00  2.540510e+00  2.201920e+00  
1.853770e+00  1.674940e+00  1.490740e+00  1.341680e+00  1.203450e+00  1.170190e+00  
1.143420e+00  1.140160e+00  1.137380e+00  1.137020e+00  1.136770e+00  1.137360e+00  
1.340290e+01  1.255400e+01  1.178460e+01  1.114890e+01  1.060050e+01  9.594480e+00  
8.734120e+00  7.979920e+00  7.312990e+00  6.714340e+00  6.168270e+00  5.666520e+00  
5.202790e+00  4.770130e+00  4.360270e+00  3.966560e+00  3.585310e+00  3.211360e+00  
2.837050e+00  2.449510e+00  2.033510e+00  1.809620e+00  1.569540e+00  1.362790e+00  
1.156760e+00  1.111200e+00  1.080440e+00  1.076570e+00  1.070900e+00  1.069850e+00  
1.070400e+00  1.073240e+00  1.342730e+01  1.262720e+01  1.190680e+01  1.131940e+01  
1.081480e+01  9.868920e+00  9.034530e+00  8.286260e+00  7.614180e+00  7.008420e+00  
6.460870e+00  5.963370e+00  5.507430e+00  5.083350e+00  4.679040e+00  4.285100e+00  
3.897540e+00  3.510780e+00  3.115020e+00  2.691510e+00  2.217770e+00  1.954520e+00  
1.667740e+00  1.415600e+00  1.143160e+00  1.076130e+00  1.045120e+00  1.042750e+00  
1.033870e+00  1.031660e+00  1.033860e+00  1.037110e+00  1.347650e+01  1.268350e+01  
1.197620e+01  1.141150e+01  1.093290e+01  1.002830e+01  9.223670e+00  8.498150e+00  
7.843150e+00  7.249880e+00  6.711100e+00  6.219430e+00  5.767100e+00  5.344980e+00  
4.941560e+00  4.547450e+00  4.157900e+00  3.765840e+00  3.358710e+00  2.911940e+00  
2.394780e+00  2.098510e+00  1.767300e+00  1.471690e+00  1.142100e+00  1.057960e+00  
1.022240e+00  1.020120e+00  1.009190e+00  1.006330e+00  1.009430e+00  1.012050e+00  
1.349880e+01  1.271190e+01  1.201620e+01  1.147220e+01  1.101690e+01  1.014640e+01  
9.368020e+00  8.663040e+00  8.024100e+00  7.443210e+00  6.913820e+00  6.429160e+00  
5.982020e+00  5.563790e+00  5.163400e+00  4.771510e+00  4.382740e+00  3.988850e+00  
3.574870e+00  3.111180e+00  2.559410e+00  2.235540e+00  1.866160e+00  1.530910e+00  
1.148830e+00  1.048420e+00  1.006030e+00  1.003760e+00  9.913400e-01  9.880220e-01  
9.917280e-01  9.932370e-01  1.349370e+01  1.272030e+01  1.204740e+01  1.154040e+01  
1.112510e+01  1.031120e+01  9.578060e+00  8.908960e+00  8.298520e+00  7.740010e+00  
7.228120e+00  6.757220e+00  6.321150e+00  5.912420e+00  5.521170e+00  5.138410e+00  
4.757550e+00  4.367920e+00  3.949500e+00  3.461570e+00  2.850960e+00  2.479300e+00  
2.045430e+00  1.645510e+00  1.187500e+00  1.057880e+00  9.746500e-01  9.719400e-01  
9.729400e-01  9.703830e-01  9.603880e-01  9.664310e-01  1.348240e+01  1.271840e+01  
1.206130e+01  1.158030e+01  1.119330e+01  1.041970e+01  9.720120e+00  9.078970e+00  
8.491870e+00  7.952970e+00  7.457680e+00  7.000990e+00  6.577430e+00  6.180090e+00  
5.799760e+00  5.427630e+00  5.056500e+00  4.674280e+00  4.257770e+00  3.758890e+00  
3.112020e+00  2.706220e+00  2.220750e+00  1.761820e+00  1.225120e+00  1.068750e+00  
9.621100e-01  9.568200e-01  9.571100e-01  9.543460e-01  9.426880e-01  9.486080e-01  
1.351590e+01  1.275480e+01  1.211000e+01  1.165630e+01  1.130170e+01  1.057740e+01  
9.922130e+00  9.322380e+00  8.774390e+00  8.272890e+00  7.813640e+00  7.391830e+00  
7.001920e+00  6.636630e+00  6.285650e+00  5.939420e+00  5.591050e+00  5.228880e+00  
4.829960e+00  4.344990e+00  3.684360e+00  3.232800e+00  2.639220e+00  2.037350e+00  
1.312040e+00  1.103030e+00  9.612900e-01  9.451200e-01  9.270000e-01  9.245430e-01  
9.235500e-01  9.225620e-01  1.348150e+01  1.273230e+01  1.210390e+01  1.167320e+01  
1.134350e+01  1.066020e+01  1.004010e+01  9.472120e+00  8.953010e+00  8.478250e+00  
8.044170e+00  7.646540e+00  7.280320e+00  6.938780e+00  6.612060e+00  6.290720e+00  
5.967560e+00  5.629880e+00  5.251870e+00  4.776430e+00  4.100670e+00  3.625460e+00  
2.987220e+00  2.312410e+00  1.429550e+00  1.160060e+00  9.580900e-01  9.343600e-01  
9.141400e-01  9.114720e-01  9.101640e-01  9.082950e-01  1.340440e+01  1.267320e+01  
1.206770e+01  1.166820e+01  1.137190e+01  1.074340e+01  1.017070e+01  9.645640e+00  
9.165620e+00  8.727230e+00  8.327600e+00  7.963480e+00  7.630850e+00  7.324130e+00  
7.034780e+00  6.754240e+00  6.475180e+00  6.183650e+00  5.849530e+00  5.402920e+00  
4.720520e+00  4.220000e+00  3.529740e+00  2.765290e+00  1.668930e+00  1.303960e+00  
9.697200e-01  9.256800e-01  8.990610e-01  8.964610e-01  8.888550e-01  8.931880e-01  
1.339720e+01  1.266880e+01  1.206920e+01  1.168060e+01  1.139710e+01  1.078990e+01  
1.023770e+01  9.733480e+00  9.274780e+00  8.858500e+00  8.481970e+00  8.142160e+00  
7.835220e+00  7.555590e+00  7.294540e+00  7.043500e+00  6.795950e+00  6.538970e+00  
6.243550e+00  5.839830e+00  5.195880e+00  4.701440e+00  3.988280e+00  3.155670e+00  
1.875110e+00  1.427450e+00  9.953600e-01  9.323900e-01  8.888100e-01  8.856960e-01  
8.824160e-01  8.850100e-01  1.337120e+01  1.265640e+01  1.207060e+01  1.169560e+01  
1.142440e+01  1.083540e+01  1.029620e+01  9.801840e+00  9.351330e+00  8.943520e+00  
8.577710e+00  8.251580e+00  7.961790e+00  7.703390e+00  7.468370e+00  7.247670e+00  
7.031390e+00  6.799320e+00  6.519900e+00  6.139790e+00  5.544800e+00  5.083830e+00  
4.397880e+00  3.538570e+00  2.072500e+00  1.536540e+00  1.009250e+00  9.349200e-01  
8.898200e-01  8.874170e-01  8.806990e-01  8.800200e-01  1.336360e+01  1.265310e+01  
1.207180e+01  1.170150e+01  1.143520e+01  1.085580e+01  1.032650e+01  9.842980e+00  
9.403750e+00  9.007490e+00  8.653320e+00  8.339150e+00  8.062030e+00  7.817600e+00  
7.598490e+00  7.396380e+00  7.201950e+00  6.995370e+00  6.745280e+00  6.397420e+00  
5.835560e+00  5.389840e+00  4.712950e+00  3.838170e+00  2.262570e+00  1.652440e+00  
1.033880e+00  9.445900e-01  8.880400e-01  8.847390e-01  8.768460e-01  8.766480e-01  
1.335400e+01  1.265150e+01  1.207740e+01  1.171290e+01  1.145170e+01  1.088430e+01  
1.036840e+01  9.899730e+00  9.476210e+00  9.095670e+00  8.756480e+00  8.457000e+00  
8.195450e+00  7.969000e+00  7.772560e+00  7.599710e+00  7.441580e+00  7.277790e+00  
7.076410e+00  6.783540e+00  6.279120e+00  5.860950e+00  5.210760e+00  4.336760e+00  
2.615000e+00  1.867700e+00  1.083090e+00  9.699500e-01  8.878800e-01  8.810840e-01  
8.724370e-01  8.724060e-01  1.334030e+01  1.264800e+01  1.208240e+01  1.172360e+01  
1.146680e+01  1.090800e+01  1.040040e+01  9.939830e+00  9.524610e+00  9.152810e+00  
8.822950e+00  8.533710e+00  8.283610e+00  8.070250e+00  7.889120e+00  7.734610e+00  
7.599190e+00  7.464320e+00  7.300190e+00  7.054210e+00  6.605460e+00  6.216990e+00  
5.595800e+00  4.732580e+00  2.919680e+00  2.070210e+00  1.135670e+00  9.968600e-01  
8.894200e-01  8.794590e-01  8.695220e-01  8.699340e-01  1.330820e+01  1.263970e+01  
1.209300e+01  1.174540e+01  1.149550e+01  1.095070e+01  1.045410e+01  1.000330e+01  
9.597340e+00  9.235610e+00  8.917630e+00  8.642630e+00  8.409450e+00  8.215990e+00  
8.058070e+00  7.931140e+00  7.830350e+00  7.741640e+00  7.640230e+00  7.477210e+00  
7.141640e+00  6.823410e+00  6.268370e+00  5.442400e+00  3.542080e+00  2.535240e+00  
1.264790e+00  1.060690e+00  8.971800e-01  8.816490e-01  8.680730e-01  8.662720e-01  
1.329160e+01  1.264210e+01  1.210810e+01  1.176270e+01  1.151060e+01  1.096780e+01  
1.047550e+01  1.003080e+01  9.632420e+00  9.279230e+00  8.970050e+00  8.703990e+00  
8.479850e+00  8.295410e+00  8.146180e+00  8.028870e+00  7.943800e+00  7.887290e+00  
7.841400e+00  7.743340e+00  7.471900e+00  7.196960e+00  6.712340e+00  5.948230e+00  
4.017560e+00  2.923950e+00  1.391230e+00  1.131100e+00  9.081500e-01  8.843710e-01  
8.661040e-01  8.646240e-01  1.317450e+01  1.259210e+01  1.210570e+01  1.177620e+01  
1.152500e+01  1.099390e+01  1.050940e+01  1.007000e+01  9.675530e+00  9.326020e+00  
9.021730e+00  8.762470e+00  8.547670e+00  8.376220e+00  8.244950e+00  8.151080e+00  
8.092780e+00  8.060890e+00  8.038810e+00  7.992920e+00  7.841180e+00  7.656650e+00  
7.277180e+00  6.623640e+00  4.756470e+00  3.517050e+00  1.628760e+00  1.276720e+00  
9.341900e-01  8.884050e-01  8.661130e-01  8.627320e-01  1.309440e+01  1.256110e+01  
1.210790e+01  1.178580e+01  1.153020e+01  1.100190e+01  1.052040e+01  1.008460e+01  
9.693760e+00  9.348170e+00  9.048120e+00  8.793500e+00  8.583920e+00  8.418540e+00  
8.294480e+00  8.209510e+00  8.162950e+00  8.147400e+00  8.149670e+00  8.142530e+00  
8.056890e+00  7.923490e+00  7.616170e+00  7.049030e+00  5.287730e+00  4.001910e+00  
1.843730e+00  1.408390e+00  9.616200e-01  8.981090e-01  8.683620e-01  8.618740e-01  
1.303810e+01  1.254060e+01  1.211130e+01  1.179400e+01  1.153440e+01  1.100650e+01  
1.052560e+01  1.009110e+01  9.702490e+00  9.359850e+00  9.063420e+00  8.812600e+00  
8.606250e+00  8.443500e+00  8.323070e+00  8.244070e+00  8.206100e+00  8.201890e+00  
8.220140e+00  8.241570e+00  8.200510e+00  8.096010e+00  7.839640e+00  7.351320e+00  
5.707100e+00  4.388290e+00  2.040390e+00  1.534630e+00  9.892800e-01  9.080050e-01  
8.731690e-01  8.613280e-01  1.299640e+01  1.252460e+01  1.211260e+01  1.179920e+01  
1.153720e+01  1.100990e+01  1.052970e+01  1.009650e+01  9.709850e+00  9.369020e+00  
9.073910e+00  8.824380e+00  8.620370e+00  8.461330e+00  8.345010e+00  8.269970e+00  
8.236450e+00  8.238620e+00  8.266750e+00  8.302890e+00  8.296580e+00  8.228380e+00  
8.017190e+00  7.559160e+00  5.992720e+00  4.757660e+00  2.235700e+00  1.643500e+00  
1.016680e+00  9.267690e-01  8.696290e-01  8.609010e-01  1.294430e+01  1.250420e+01  
1.211360e+01  1.180500e+01  1.154030e+01  1.101440e+01  1.053550e+01  1.010420e+01  
9.719610e+00  9.381070e+00  9.088280e+00  8.841240e+00  8.640010e+00  8.484220e+00  
8.371870e+00  8.301860e+00  8.275040e+00  8.286550e+00  8.328550e+00  8.387210e+00  
8.422150e+00  8.391120e+00  8.245620e+00  7.878050e+00  6.470390e+00  5.284120e+00  
2.588910e+00  1.863540e+00  1.073020e+00  9.526980e-01  8.740390e-01  8.604740e-01  
1.291140e+01  1.249110e+01  1.211400e+01  1.180840e+01  1.154200e+01  1.101740e+01  
1.053990e+01  1.010960e+01  9.726000e+00  9.388550e+00  9.097090e+00  8.851600e+00  
8.652140e+00  8.498330e+00  8.388410e+00  8.321520e+00  8.298870e+00  8.316120e+00  
8.366620e+00  8.439540e+00  8.500590e+00  8.493370e+00  8.392660e+00  8.091850e+00  
6.817700e+00  5.688310e+00  2.900140e+00  2.064650e+00  1.128480e+00  9.797520e-01  
8.791200e-01  8.603520e-01  1.286160e+01  1.247120e+01  1.211440e+01  1.181330e+01  
1.154440e+01  1.102190e+01  1.054630e+01  1.011750e+01  9.734930e+00  9.398630e+00  
9.108810e+00  8.865480e+00  8.668520e+00  8.517470e+00  8.410920e+00  8.348360e+00  
8.331410e+00  8.356420e+00  8.418470e+00  8.511200e+00  8.608930e+00  8.635570e+00  
8.601620e+00  8.409320e+00  7.388560e+00  6.394040e+00  3.542810e+00  2.510710e+00  
1.262540e+00  1.050050e+00  8.918460e-01  8.598630e-01  1.283360e+01  1.246010e+01  
1.211460e+01  1.181600e+01  1.154550e+01  1.102410e+01  1.054950e+01  1.012130e+01  
9.739340e+00  9.403610e+00  9.114600e+00  8.872310e+00  8.676610e+00  8.527080e+00  
8.422360e+00  8.362090e+00  8.348080e+00  8.377090e+00  8.445120e+00  8.548160e+00  
8.665440e+00  8.710430e+00  8.712460e+00  8.584150e+00  7.741810e+00  6.857250e+00  
4.045030e+00  2.896070e+00  1.390400e+00  1.121330e+00  9.049070e-01  8.598630e-01  
1.280430e+01  1.244860e+01  1.211510e+01  1.181880e+01  1.154640e+01  1.102540e+01  
1.055140e+01  1.012420e+01  9.743230e+00  9.408780e+00  9.121150e+00  8.880110e+00  
8.685070e+00  8.535790e+00  8.432360e+00  8.375400e+00  8.366030e+00  8.399120e+00  
8.470160e+00  8.581140e+00  8.728430e+00  8.801290e+00  8.825940e+00  8.726640e+00  
8.163310e+00  7.551400e+00  4.754760e+00  3.460790e+00  1.629810e+00  1.278080e+00  
9.324950e-01  8.591310e-01  1.278770e+01  1.244210e+01  1.211540e+01  1.182070e+01  
1.154730e+01  1.102650e+01  1.055260e+01  1.012560e+01  9.745050e+00  9.410880e+00  
9.123350e+00  8.882580e+00  8.688630e+00  8.541280e+00  8.439280e+00  8.382460e+00  
8.373010e+00  8.408380e+00  8.485930e+00  8.604600e+00  8.752690e+00  8.827300e+00  
8.885720e+00  8.867090e+00  8.402200e+00  7.795040e+00  5.330630e+00  4.003380e+00  
1.843560e+00  1.392880e+00  9.597170e-01  8.591310e-01  1.279910e+01  1.245200e+01  
1.212270e+01  1.182390e+01  1.154650e+01  1.102210e+01  1.054760e+01  1.012140e+01  
9.742630e+00  9.410640e+00  9.125070e+00  8.885790e+00  8.692640e+00  8.544840e+00  
8.439770e+00  8.377420e+00  8.364130e+00  8.406810e+00  8.507050e+00  8.641040e+00  
8.778000e+00  8.846380e+00  8.911920e+00  8.923690e+00  8.566160e+00  8.030890e+00  
5.732780e+00  4.400780e+00  2.061700e+00  1.520320e+00  9.863280e-01  8.588870e-01  
1.276960e+01  1.243500e+01  1.211570e+01  1.182260e+01  1.154810e+01  1.102700e+01  
1.055300e+01  1.012640e+01  9.746610e+00  9.413370e+00  9.126620e+00  8.886430e+00  
8.692960e+00  8.546120e+00  8.444820e+00  8.389080e+00  8.381230e+00  8.418960e+00  
8.500050e+00  8.624160e+00  8.782940e+00  8.868150e+00  8.946470e+00  8.967380e+00  
8.666830e+00  8.208960e+00  6.058450e+00  4.728720e+00  2.264300e+00  1.642610e+00  
1.014770e+00  8.594970e-01  1.275900e+01  1.243050e+01  1.211540e+01  1.182340e+01  
1.154850e+01  1.102800e+01  1.055420e+01  1.012760e+01  9.747850e+00  9.414650e+00  
9.128060e+00  8.888190e+00  8.695070e+00  8.548600e+00  8.447740e+00  8.392590e+00  
8.385550e+00  8.424390e+00  8.507020e+00  8.633760e+00  8.798230e+00  8.889000e+00  
8.977240e+00  9.018360e+00  8.810470e+00  8.442970e+00  6.541190e+00  5.258840e+00  
2.624650e+00  1.895810e+00  1.070190e+00  8.593750e-01  1.275210e+01  1.242710e+01  
1.211460e+01  1.182340e+01  1.154880e+01  1.102940e+01  1.055620e+01  1.012960e+01  
9.749230e+00  9.415370e+00  9.128570e+00  8.888870e+00  8.696140e+00  8.550120e+00  
8.449730e+00  8.395040e+00  8.388460e+00  8.427710e+00  8.510930e+00  8.639100e+00  
8.807410e+00  8.901730e+00  8.995640e+00  9.049410e+00  8.902300e+00  8.592810e+00  
6.891190e+00  5.669930e+00  2.936990e+00  2.116820e+00  1.125490e+00  8.592680e-01  