6.619800e-01  6.764630e-01  6.910400e-01  7.057910e-01  7.207400e-01  7.512700e-01  
7.827100e-01  8.152200e-01  8.490600e-01  8.846500e-01  9.226200e-01  9.633700e-01  
1.007380e+00  1.055250e+00  1.107890e+00  1.165190e+00  1.223880e+00  1.275390e+00  
1.311020e+00  1.333700e+00  1.348330e+00  1.353290e+00  1.360390e+00  1.366580e+00  
1.362290e+00  1.360530e+00  1.360600e+00  1.360620e+00  1.360350e+00  1.360400e+00  
1.360260e+00  1.360320e+00  9.438000e-01  9.608600e-01  9.781600e-01  9.959030e-01  
1.014140e+00  1.052160e+00  1.092350e+00  1.134850e+00  1.179810e+00  1.227330e+00  
1.277540e+00  1.330480e+00  1.386050e+00  1.444000e+00  1.503770e+00  1.564420e+00  
1.624560e+00  1.681710e+00  1.731470e+00  1.765790e+00  1.774650e+00  1.770490e+00  
1.770930e+00  1.777080e+00  1.777430e+00  1.775390e+00  1.776260e+00  1.776740e+00  
1.776580e+00  1.776420e+00  1.776760e+00  1.776520e+00  1.195590e+00  1.217680e+00  
1.240000e+00  1.262730e+00  1.285930e+00  1.333810e+00  1.383720e+00  1.435690e+00  
1.489720e+00  1.545800e+00  1.603810e+00  1.663660e+00  1.725040e+00  1.787520e+00  
1.850440e+00  1.912840e+00  1.973300e+00  2.029830e+00  2.079710e+00  2.119990e+00  
2.143190e+00  2.142500e+00  2.128710e+00  2.110870e+00  2.125480e+00  2.142920e+00  
2.137630e+00  2.133860e+00  2.134260e+00  2.135140e+00  2.132890e+00  2.134430e+00  
1.660640e+00  1.690040e+00  1.719540e+00  1.749240e+00  1.779250e+00  1.840370e+00  
1.902800e+00  1.966380e+00  2.030900e+00  2.096130e+00  2.161770e+00  2.227620e+00  
2.293550e+00  2.359470e+00  2.425750e+00  2.492080e+00  2.556040e+00  2.612920e+00  
2.657170e+00  2.685850e+00  2.700080e+00  2.704940e+00  2.710660e+00  2.716310e+00  
2.721010e+00  2.721140e+00  2.719740e+00  2.719510e+00  2.719630e+00  2.719700e+00  
2.719660e+00  2.719680e+00  2.056000e+00  2.095380e+00  2.134350e+00  2.172600e+00  
2.210270e+00  2.284380e+00  2.356400e+00  2.426200e+00  2.493980e+00  2.560450e+00  
2.626680e+00  2.692710e+00  2.758300e+00  2.823010e+00  2.886630e+00  2.948460e+00  
3.006490e+00  3.057380e+00  3.097770e+00  3.127460e+00  3.146460e+00  3.152790e+00  
3.162300e+00  3.173280e+00  3.180840e+00  3.181120e+00  3.177840e+00  3.177310e+00  
3.177680e+00  3.177700e+00  3.177800e+00  3.177740e+00  2.404070e+00  2.452730e+00  
2.500380e+00  2.546240e+00  2.590480e+00  2.674860e+00  2.753120e+00  2.825250e+00  
2.892060e+00  2.955510e+00  3.018380e+00  3.081090e+00  3.143230e+00  3.203980e+00  
3.262410e+00  3.317440e+00  3.367890e+00  3.412770e+00  3.450890e+00  3.481280e+00  
3.502990e+00  3.511690e+00  3.524340e+00  3.538750e+00  3.550200e+00  3.549860e+00  
3.545650e+00  3.544910e+00  3.545320e+00  3.545550e+00  3.545430e+00  3.545480e+00  
2.715090e+00  2.771540e+00  2.826400e+00  2.878420e+00  2.927800e+00  3.019740e+00  
3.101630e+00  3.173650e+00  3.237200e+00  3.295370e+00  3.352530e+00  3.409450e+00  
3.465780e+00  3.520620e+00  3.572920e+00  3.621560e+00  3.665700e+00  3.704950e+00  
3.739050e+00  3.768190e+00  3.792940e+00  3.804860e+00  3.820680e+00  3.837170e+00  
3.850470e+00  3.850430e+00  3.845880e+00  3.845040e+00  3.845520e+00  3.845800e+00  
3.845630e+00  3.845700e+00  3.249140e+00  3.317650e+00  3.383400e+00  3.444250e+00  
3.500440e+00  3.600620e+00  3.683290e+00  3.749190e+00  3.801060e+00  3.844490e+00  
3.886920e+00  3.929940e+00  3.973100e+00  4.015300e+00  4.054730e+00  4.089960e+00  
4.121010e+00  4.149430e+00  4.177000e+00  4.204850e+00  4.234530e+00  4.250920e+00  
4.269990e+00  4.287300e+00  4.302250e+00  4.303810e+00  4.300090e+00  4.299460e+00  
4.300050e+00  4.300080e+00  4.300260e+00  4.300180e+00  3.699790e+00  3.774090e+00  
3.844800e+00  3.909130e+00  3.967410e+00  4.068170e+00  4.146480e+00  4.203460e+00  
4.242680e+00  4.271080e+00  4.297800e+00  4.324950e+00  4.352400e+00  4.379600e+00  
4.405470e+00  4.429300e+00  4.451260e+00  4.472460e+00  4.494530e+00  4.519870e+00  
4.551420e+00  4.569810e+00  4.589060e+00  4.604690e+00  4.620270e+00  4.622980e+00  
4.621880e+00  4.621620e+00  4.622130e+00  4.622150e+00  4.622300e+00  4.622240e+00  
4.584850e+00  4.659820e+00  4.729840e+00  4.791060e+00  4.844090e+00  4.929380e+00  
4.985530e+00  5.014500e+00  5.021080e+00  5.013920e+00  5.004070e+00  4.994430e+00  
4.985930e+00  4.979520e+00  4.976370e+00  4.977550e+00  4.982730e+00  4.990180e+00  
4.999340e+00  5.015410e+00  5.044260e+00  5.062100e+00  5.075910e+00  5.082720e+00  
5.095200e+00  5.100210e+00  5.107130e+00  5.108040e+00  5.108100e+00  5.108110e+00  
5.108090e+00  5.108150e+00  5.251210e+00  5.316840e+00  5.376790e+00  5.426690e+00  
5.467410e+00  5.526430e+00  5.554320e+00  5.553710e+00  5.530050e+00  5.492650e+00  
5.453000e+00  5.414490e+00  5.378630e+00  5.347120e+00  5.322460e+00  5.306430e+00  
5.298030e+00  5.293160e+00  5.289410e+00  5.293670e+00  5.313390e+00  5.326390e+00  
5.331620e+00  5.328300e+00  5.334380e+00  5.340360e+00  5.354260e+00  5.356240e+00  
5.355800e+00  5.355840e+00  5.355630e+00  5.355800e+00  6.220470e+00  6.258100e+00  
6.289480e+00  6.309900e+00  6.320760e+00  6.320800e+00  6.291270e+00  6.235770e+00  
6.160580e+00  6.075310e+00  5.991230e+00  5.912190e+00  5.839610e+00  5.775070e+00  
5.721120e+00  5.678890e+00  5.646630e+00  5.618350e+00  5.590070e+00  5.569570e+00  
5.564830e+00  5.564570e+00  5.553240e+00  5.533940e+00  5.526380e+00  5.531460e+00  
5.552360e+00  5.555520e+00  5.554390e+00  5.554420e+00  5.553950e+00  5.554280e+00  
6.917540e+00  6.926830e+00  6.929760e+00  6.921580e+00  6.904100e+00  6.849580e+00  
6.768750e+00  6.665930e+00  6.547840e+00  6.424310e+00  6.306400e+00  6.197750e+00  
6.099480e+00  6.012120e+00  5.937050e+00  5.874070e+00  5.821190e+00  5.772390e+00  
5.723460e+00  5.681280e+00  5.652880e+00  5.640390e+00  5.617650e+00  5.590120e+00  
5.573060e+00  5.575400e+00  5.594190e+00  5.597130e+00  5.595830e+00  5.595840e+00  
5.595350e+00  5.595690e+00  7.458170e+00  7.442720e+00  7.420830e+00  7.387780e+00  
7.345680e+00  7.243840e+00  7.118540e+00  6.974720e+00  6.819540e+00  6.663110e+00  
6.516750e+00  6.383740e+00  6.264680e+00  6.158940e+00  6.066350e+00  5.985510e+00  
5.914480e+00  5.847930e+00  5.782030e+00  5.721830e+00  5.672930e+00  5.650490e+00  
5.621010e+00  5.591130e+00  5.568710e+00  5.567530e+00  5.578250e+00  5.580010e+00  
5.578900e+00  5.578880e+00  5.578540e+00  5.578750e+00  7.897130e+00  7.860630e+00  
7.817580e+00  7.763220e+00  7.699980e+00  7.557260e+00  7.393150e+00  7.213230e+00  
7.025220e+00  6.839550e+00  6.668080e+00  6.513830e+00  6.376660e+00  6.254960e+00  
6.146860e+00  6.050060e+00  5.962790e+00  5.880770e+00  5.800700e+00  5.725520e+00  
5.659210e+00  5.628800e+00  5.595680e+00  5.566870e+00  5.541820e+00  5.536950e+00  
5.536650e+00  5.536770e+00  5.536070e+00  5.536030e+00  5.535880e+00  5.535960e+00  
8.554640e+00  8.509210e+00  8.449610e+00  8.365590e+00  8.262610e+00  8.027190e+00  
7.771350e+00  7.521960e+00  7.285270e+00  7.063890e+00  6.861160e+00  6.677700e+00  
6.511690e+00  6.360460e+00  6.221130e+00  6.092010e+00  5.972800e+00  5.863460e+00  
5.763080e+00  5.667500e+00  5.573560e+00  5.529280e+00  5.490430e+00  5.465190e+00  
5.437470e+00  5.425390e+00  5.407010e+00  5.404260e+00  5.403980e+00  5.404330e+00  
5.403870e+00  5.404050e+00  9.046440e+00  8.979680e+00  8.895950e+00  8.783030e+00  
8.647800e+00  8.345070e+00  8.025550e+00  7.723860e+00  7.445360e+00  7.189850e+00  
6.957270e+00  6.746880e+00  6.555440e+00  6.379460e+00  6.216000e+00  6.063730e+00  
5.922300e+00  5.791400e+00  5.670060e+00  5.554510e+00  5.442400e+00  5.390200e+00  
5.344930e+00  5.316440e+00  5.286000e+00  5.270160e+00  5.242420e+00  5.238050e+00  
5.237840e+00  5.238470e+00  5.237660e+00  5.238050e+00  9.859560e+00  9.736720e+00  
9.593500e+00  9.415430e+00  9.211670e+00  8.773080e+00  8.331410e+00  7.932270e+00  
7.578200e+00  7.264040e+00  6.983900e+00  6.730530e+00  6.493740e+00  6.267400e+00  
6.053720e+00  5.855280e+00  5.672510e+00  5.503030e+00  5.344980e+00  5.195200e+00  
5.050320e+00  4.980830e+00  4.917620e+00  4.873230e+00  4.824790e+00  4.809410e+00  
4.787200e+00  4.784030e+00  4.783560e+00  4.783680e+00  4.783580e+00  4.783440e+00  
1.050090e+01  1.021160e+01  9.926590e+00  9.649800e+00  9.382780e+00  8.879780e+00  
8.414340e+00  7.984310e+00  7.587700e+00  7.223130e+00  6.889940e+00  6.585820e+00  
6.307830e+00  6.052380e+00  5.814540e+00  5.591240e+00  5.383710e+00  5.191460e+00  
5.012600e+00  4.838910e+00  4.664000e+00  4.578570e+00  4.498390e+00  4.439150e+00  
4.375660e+00  4.361120e+00  4.356450e+00  4.356410e+00  4.354840e+00  4.354520e+00  
4.354270e+00  4.354350e+00  1.106890e+01  1.068710e+01  1.031480e+01  9.959710e+00  
9.621740e+00  8.991390e+00  8.416810e+00  7.894150e+00  7.420580e+00  6.992100e+00  
6.605460e+00  6.256730e+00  5.940900e+00  5.652130e+00  5.382590e+00  5.126830e+00  
4.885110e+00  4.657980e+00  4.442750e+00  4.232780e+00  4.024320e+00  3.924000e+00  
3.831300e+00  3.763770e+00  3.689660e+00  3.671660e+00  3.665460e+00  3.665360e+00  
3.663560e+00  3.663230e+00  3.662830e+00  3.663020e+00  1.137030e+01  1.092590e+01  
1.049560e+01  1.009030e+01  9.708110e+00  8.998910e+00  8.358870e+00  7.781710e+00  
7.263530e+00  6.798470e+00  6.380780e+00  6.004880e+00  5.664500e+00  5.352110e+00  
5.057720e+00  4.774760e+00  4.504370e+00  4.249570e+00  4.011510e+00  3.786150e+00  
3.572240e+00  3.470580e+00  3.371610e+00  3.295320e+00  3.220020e+00  3.200670e+00  
3.183470e+00  3.181370e+00  3.179970e+00  3.179780e+00  3.179660e+00  3.179650e+00  
1.158290e+01  1.108810e+01  1.061220e+01  1.016920e+01  9.754920e+00  8.989580e+00  
8.305320e+00  7.692780e+00  7.145330e+00  6.654600e+00  6.212250e+00  5.812190e+00  
5.448690e+00  5.115140e+00  4.803090e+00  4.506710e+00  4.225950e+00  3.961340e+00  
3.713120e+00  3.477510e+00  3.253510e+00  3.146860e+00  3.043260e+00  2.963580e+00  
2.885000e+00  2.864700e+00  2.845960e+00  2.843590e+00  2.842120e+00  2.841940e+00  
2.841820e+00  2.841840e+00  1.172940e+01  1.119810e+01  1.068950e+01  1.022030e+01  
9.784110e+00  8.979820e+00  8.265040e+00  7.628350e+00  7.060480e+00  6.551170e+00  
6.090550e+00  5.672390e+00  5.291520e+00  4.942190e+00  4.617300e+00  4.311690e+00  
4.024170e+00  3.753280e+00  3.497980e+00  3.255830e+00  3.025720e+00  2.915600e+00  
2.807380e+00  2.723050e+00  2.640850e+00  2.620390e+00  2.603120e+00  2.600950e+00  
2.599290e+00  2.599120e+00  2.598940e+00  2.598990e+00  1.191170e+01  1.133260e+01  
1.078200e+01  1.028080e+01  9.818610e+00  8.967550e+00  8.216420e+00  7.551800e+00  
6.960270e+00  6.429070e+00  5.946740e+00  5.507080e+00  5.105490e+00  4.737070e+00  
4.396120e+00  4.078040e+00  3.780500e+00  3.500070e+00  3.234090e+00  2.981450e+00  
2.740110e+00  2.623420e+00  2.507530e+00  2.416020e+00  2.326670e+00  2.305030e+00  
2.288780e+00  2.286930e+00  2.285050e+00  2.284730e+00  2.284640e+00  2.284490e+00  
1.202620e+01  1.141600e+01  1.083870e+01  1.031800e+01  9.840860e+00  8.963500e+00  
8.193310e+00  7.514870e+00  6.912630e+00  6.372290e+00  5.881470e+00  5.433790e+00  
5.024440e+00  4.648270e+00  4.299260e+00  3.972680e+00  3.666220e+00  3.376640e+00  
3.101020e+00  2.837220e+00  2.582860e+00  2.458850e+00  2.336130e+00  2.239310e+00  
2.142680e+00  2.118740e+00  2.100260e+00  2.098110e+00  2.096160e+00  2.095910e+00  
2.095690e+00  2.095400e+00  1.214940e+01  1.150750e+01  1.090440e+01  1.036790e+01  
9.880430e+00  8.983940e+00  8.202200e+00  7.513870e+00  6.903700e+00  6.357020e+00  
5.861310e+00  5.409590e+00  4.996100e+00  4.614480e+00  4.257090e+00  3.918390e+00  
3.596880e+00  3.290880e+00  2.997380e+00  2.709930e+00  2.423070e+00  2.278430e+00  
2.131960e+00  2.013790e+00  1.895680e+00  1.865450e+00  1.840960e+00  1.838100e+00  
1.835770e+00  1.835440e+00  1.835220e+00  1.834930e+00  1.217900e+01  1.153310e+01  
1.092900e+01  1.039580e+01  9.913430e+00  9.024000e+00  8.248330e+00  7.562470e+00  
6.953170e+00  6.407140e+00  5.913060e+00  5.463610e+00  5.052270e+00  4.671690e+00  
4.312860e+00  3.969420e+00  3.640270e+00  3.324440e+00  3.018480e+00  2.712620e+00  
2.396040e+00  2.230090e+00  2.053860e+00  1.906050e+00  1.763970e+00  1.729370e+00  
1.701390e+00  1.697860e+00  1.694810e+00  1.694480e+00  1.694100e+00  1.695240e+00  
1.215790e+01  1.152080e+01  1.092910e+01  1.041460e+01  9.953310e+00  9.100430e+00  
8.352090e+00  7.686250e+00  7.091140e+00  6.554930e+00  6.067430e+00  5.622160e+00  
5.213550e+00  4.835240e+00  4.479370e+00  4.139370e+00  3.811330e+00  3.489290e+00  
3.165090e+00  2.825950e+00  2.454550e+00  2.249070e+00  2.021880e+00  1.821190e+00  
1.621230e+00  1.579660e+00  1.551930e+00  1.548180e+00  1.542300e+00  1.541120e+00  
1.541630e+00  1.548950e+00  1.207110e+01  1.146510e+01  1.090470e+01  1.042130e+01  
9.988830e+00  9.179430e+00  8.456630e+00  7.805320e+00  7.218190e+00  6.688100e+00  
6.208740e+00  5.773780e+00  5.376390e+00  5.008620e+00  4.660180e+00  4.322970e+00  
3.993540e+00  3.666720e+00  3.332750e+00  2.971150e+00  2.555590e+00  2.317770e+00  
2.051050e+00  1.810970e+00  1.553840e+00  1.494450e+00  1.471540e+00  1.470080e+00  
1.460960e+00  1.458540e+00  1.460750e+00  1.472170e+00  1.201400e+01  1.142040e+01  
1.087510e+01  1.041080e+01  9.998700e+00  9.223200e+00  8.526850e+00  7.896950e+00  
7.327080e+00  6.810760e+00  6.342360e+00  5.916070e+00  5.525620e+00  5.163520e+00  
4.819970e+00  4.486950e+00  4.160410e+00  3.833990e+00  3.495490e+00  3.119080e+00  
2.670640e+00  2.406040e+00  2.102010e+00  1.823890e+00  1.518020e+00  1.445070e+00  
1.422330e+00  1.421810e+00  1.410440e+00  1.407220e+00  1.410640e+00  1.422850e+00  
1.196000e+01  1.137730e+01  1.084550e+01  1.039860e+01  1.000460e+01  9.257910e+00  
8.584870e+00  7.974000e+00  7.419700e+00  6.916080e+00  6.458000e+00  6.040130e+00  
5.656680e+00  5.300560e+00  4.962420e+00  4.634360e+00  4.311830e+00  3.987540e+00  
3.647220e+00  3.260460e+00  2.786110e+00  2.499330e+00  2.163480e+00  1.851310e+00  
1.500270e+00  1.413890e+00  1.389250e+00  1.389310e+00  1.376140e+00  1.372320e+00  
1.376460e+00  1.388060e+00  1.186790e+01  1.130330e+01  1.079370e+01  1.037550e+01  
1.001110e+01  9.310320e+00  8.675500e+00  8.096400e+00  7.568610e+00  7.087070e+00  
6.647470e+00  6.245210e+00  5.875170e+00  5.531000e+00  5.204070e+00  4.886680e+00  
4.573670e+00  4.256280e+00  3.917080e+00  3.518300e+00  3.006550e+00  2.685220e+00  
2.297370e+00  1.926430e+00  1.493900e+00  1.381670e+00  1.348200e+00  1.348410e+00  
1.332630e+00  1.328010e+00  1.333220e+00  1.341550e+00  1.179660e+01  1.124630e+01  
1.075380e+01  1.035720e+01  1.001480e+01  9.348650e+00  8.743220e+00  8.189120e+00  
7.682640e+00  7.219370e+00  6.795540e+00  6.407060e+00  6.049320e+00  5.716470e+00  
5.400420e+00  5.093670e+00  4.790660e+00  4.481720e+00  4.147150e+00  3.743690e+00  
3.207930e+00  2.861550e+00  2.433350e+00  2.013380e+00  1.508180e+00  1.371390e+00  
1.324300e+00  1.323620e+00  1.306110e+00  1.301050e+00  1.306670e+00  1.312440e+00  
1.174670e+01  1.120710e+01  1.072990e+01  1.035560e+01  1.003800e+01  9.413210e+00  
8.846010e+00  8.328160e+00  7.856300e+00  7.426360e+00  7.034750e+00  6.677480e+00  
6.349790e+00  6.045380e+00  5.755050e+00  5.470670e+00  5.187480e+00  4.897220e+00  
4.582800e+00  4.205110e+00  3.678740e+00  3.295830e+00  2.757080e+00  2.198740e+00  
1.567520e+00  1.399790e+00  1.300400e+00  1.288060e+00  1.268920e+00  1.267300e+00  
1.264160e+00  1.271360e+00  1.167910e+01  1.115490e+01  1.069490e+01  1.034080e+01  
1.004370e+01  9.453970e+00  8.917350e+00  8.426950e+00  7.979910e+00  7.572690e+00  
7.202220e+00  6.864980e+00  6.556680e+00  6.271500e+00  6.000710e+00  5.736380e+00  
5.473700e+00  5.203880e+00  4.908190e+00  4.542750e+00  4.012660e+00  3.615800e+00  
3.045130e+00  2.428500e+00  1.659790e+00  1.435840e+00  1.289840e+00  1.272440e+00  
1.250310e+00  1.247880e+00  1.244780e+00  1.249630e+00  1.155860e+01  1.106210e+01  
1.063140e+01  1.030900e+01  1.004310e+01  9.505960e+00  9.013740e+00  8.561390e+00  
8.147040e+00  7.768340e+00  7.423270e+00  7.109580e+00  6.824460e+00  6.564000e+00  
6.322130e+00  6.092690e+00  5.870340e+00  5.644000e+00  5.388040e+00  5.039600e+00  
4.487480e+00  4.071290e+00  3.485600e+00  2.828520e+00  1.877780e+00  1.555730e+00  
1.280840e+00  1.250870e+00  1.235880e+00  1.231660e+00  1.215330e+00  1.226810e+00  
1.154590e+01  1.105380e+01  1.062920e+01  1.031530e+01  1.005880e+01  9.538360e+00  
9.062600e+00  8.627040e+00  8.229840e+00  7.868910e+00  7.542350e+00  7.248060e+00  
6.983330e+00  6.744310e+00  6.524700e+00  6.318450e+00  6.120880e+00  5.922000e+00  
5.697490e+00  5.385480e+00  4.869190e+00  4.461830e+00  3.862530e+00  3.154490e+00  
2.055090e+00  1.662410e+00  1.299750e+00  1.252420e+00  1.222810e+00  1.218140e+00  
1.204900e+00  1.215330e+00  1.153900e+01  1.105510e+01  1.063850e+01  1.033250e+01  
1.008320e+01  9.573310e+00  9.105300e+00  8.675910e+00  8.284420e+00  7.930090e+00  
7.612430e+00  7.329830e+00  7.079990e+00  6.859430e+00  6.662380e+00  6.481890e+00  
6.309250e+00  6.125830e+00  5.905390e+00  5.609740e+00  5.148680e+00  4.783360e+00  
4.220710e+00  3.489970e+00  2.205900e+00  1.741610e+00  1.317100e+00  1.259380e+00  
1.217360e+00  1.211110e+00  1.207820e+00  1.208650e+00  1.153490e+01  1.105420e+01  
1.064100e+01  1.033850e+01  1.009270e+01  9.590240e+00  9.129850e+00  8.708620e+00  
8.325720e+00  7.980250e+00  7.671650e+00  7.398450e+00  7.158640e+00  6.949130e+00  
6.764610e+00  6.598710e+00  6.443510e+00  6.281330e+00  6.085830e+00  5.815280e+00  
5.376850e+00  5.024010e+00  4.476390e+00  3.745390e+00  2.373600e+00  1.840770e+00  
1.334940e+00  1.264800e+00  1.214560e+00  1.207090e+00  1.203330e+00  1.203950e+00  
1.152760e+01  1.105370e+01  1.064670e+01  1.034930e+01  1.010810e+01  9.615070e+00  
9.164180e+00  8.753050e+00  8.381060e+00  8.047410e+00  7.751710e+00  7.492660e+00  
7.268320e+00  7.075630e+00  6.909150e+00  6.762840e+00  6.630450e+00  6.497080e+00  
6.338980e+00  6.114790e+00  5.731770e+00  5.409580e+00  4.889270e+00  4.155470e+00  
2.664460e+00  2.037760e+00  1.377550e+00  1.278350e+00  1.210820e+00  1.204990e+00  
1.194760e+00  1.198000e+00  1.152370e+01  1.105480e+01  1.065210e+01  1.035790e+01  
1.011940e+01  9.632310e+00  9.187600e+00  8.783110e+00  8.418140e+00  8.091840e+00  
7.803740e+00  7.552810e+00  7.337490e+00  7.155240e+00  7.001330e+00  6.870490e+00  
6.757190e+00  6.647290e+00  6.517800e+00  6.327780e+00  5.986740e+00  5.691220e+00  
5.203110e+00  4.488120e+00  2.925440e+00  2.214510e+00  1.420060e+00  1.297130e+00  
1.210770e+00  1.203190e+00  1.190610e+00  1.194580e+00  1.151240e+01  1.105490e+01  
1.066140e+01  1.037290e+01  1.013860e+01  9.660730e+00  9.225010e+00  8.829610e+00  
8.473780e+00  8.156840e+00  7.878430e+00  7.638070e+00  7.434750e+00  7.266870e+00  
7.131050e+00  7.023710e+00  6.941300e+00  6.872590e+00  6.797090e+00  6.673040e+00  
6.411070e+00  6.163670e+00  5.734490e+00  5.081080e+00  3.480270e+00  2.605630e+00  
1.520320e+00  1.348490e+00  1.217300e+00  1.201370e+00  1.189320e+00  1.189580e+00  
1.149340e+01  1.104970e+01  1.066640e+01  1.038230e+01  1.014950e+01  9.676760e+00  
9.245680e+00  8.854800e+00  8.503450e+00  8.191250e+00  7.918130e+00  7.683830e+00  
7.487570e+00  7.328130e+00  7.202560e+00  7.108020e+00  7.042100e+00  6.995280e+00  
6.950110e+00  6.870550e+00  6.675000e+00  6.470510e+00  6.089220e+00  5.482240e+00  
3.899610e+00  2.941180e+00  1.623650e+00  1.403270e+00  1.225370e+00  1.204670e+00  
1.187010e+00  1.187070e+00  1.146300e+01  1.104480e+01  1.067820e+01  1.039660e+01  
1.016020e+01  9.688500e+00  9.260620e+00  8.874800e+00  8.529900e+00  8.225080e+00  
7.959700e+00  7.733370e+00  7.545260e+00  7.393970e+00  7.276250e+00  7.190360e+00  
7.138500e+00  7.120600e+00  7.126200e+00  7.109560e+00  6.984550e+00  6.831390e+00  
6.535190e+00  6.019430e+00  4.499770e+00  3.483860e+00  1.823590e+00  1.516420e+00  
1.245220e+00  1.213330e+00  1.184390e+00  1.184450e+00  1.142380e+01  1.103060e+01  
1.068100e+01  1.040350e+01  1.016530e+01  9.695740e+00  9.270050e+00  8.886620e+00  
8.544340e+00  8.242430e+00  7.980310e+00  7.757630e+00  7.573760e+00  7.427430e+00  
7.315570e+00  7.236900e+00  7.194490e+00  7.189750e+00  7.215240e+00  7.231230e+00  
7.161180e+00  7.047760e+00  6.803340e+00  6.354340e+00  4.945320e+00  3.898880e+00  
2.007030e+00  1.627910e+00  1.267790e+00  1.222570e+00  1.183900e+00  1.183470e+00  
1.137520e+01  1.100620e+01  1.067430e+01  1.040400e+01  1.016790e+01  9.704360e+00  
9.282050e+00  8.900030e+00  8.557780e+00  8.255290e+00  7.992860e+00  7.770540e+00  
7.588310e+00  7.445780e+00  7.341260e+00  7.273490e+00  7.242130e+00  7.240620e+00  
7.259410e+00  7.283840e+00  7.268880e+00  7.199490e+00  6.995570e+00  6.585560e+00  
5.278760e+00  4.239040e+00  2.179750e+00  1.732260e+00  1.289160e+00  1.234700e+00  
1.184510e+00  1.182620e+00  1.135340e+01  1.099890e+01  1.067700e+01  1.040930e+01  
1.017190e+01  9.707680e+00  9.284520e+00  8.902720e+00  8.561750e+00  8.261260e+00  
8.001110e+00  7.781180e+00  7.601370e+00  7.461140e+00  7.358820e+00  7.293400e+00  
7.265180e+00  7.269080e+00  7.297200e+00  7.335930e+00  7.346030e+00  7.299320e+00  
7.131890e+00  6.767150e+00  5.538150e+00  4.514030e+00  2.340380e+00  1.837880e+00  
1.314400e+00  1.242580e+00  1.185910e+00  1.181880e+00  1.132740e+01  1.098850e+01  
1.067730e+01  1.041200e+01  1.017350e+01  9.710950e+00  9.289410e+00  8.909080e+00  
8.569500e+00  8.270510e+00  8.012140e+00  7.794300e+00  7.616850e+00  7.479290e+00  
7.380170e+00  7.318750e+00  7.295850e+00  7.307190e+00  7.346390e+00  7.402880e+00  
7.445870e+00  7.429910e+00  7.317160e+00  7.023440e+00  5.918070e+00  4.949680e+00  
2.642690e+00  2.030780e+00  1.360820e+00  1.262480e+00  1.189820e+00  1.181760e+00  
1.131100e+01  1.098190e+01  1.067730e+01  1.041360e+01  1.017450e+01  9.712880e+00  
9.292360e+00  8.912930e+00  8.574250e+00  8.276190e+00  8.018930e+00  7.802400e+00  
7.626420e+00  7.490510e+00  7.393340e+00  7.334360e+00  7.314660e+00  7.330570e+00  
7.376650e+00  7.444250e+00  7.507560e+00  7.511240e+00  7.436950e+00  7.197030e+00  
6.190930e+00  5.279150e+00  2.910890e+00  2.208020e+00  1.406670e+00  1.283120e+00  
1.194370e+00  1.181270e+00  1.128570e+01  1.097180e+01  1.067750e+01  1.041620e+01  
1.017580e+01  9.715540e+00  9.296300e+00  8.918090e+00  8.580630e+00  8.283870e+00  
8.028110e+00  7.813300e+00  7.639250e+00  7.505610e+00  7.411130e+00  7.355460e+00  
7.340160e+00  7.362270e+00  7.417770e+00  7.500910e+00  7.592430e+00  7.623460e+00  
7.606990e+00  7.456880e+00  6.638720e+00  5.848420e+00  3.466660e+00  2.598820e+00  
1.518240e+00  1.337210e+00  1.207030e+00  1.180790e+00  1.127150e+01  1.096630e+01  
1.067800e+01  1.041800e+01  1.017690e+01  9.717100e+00  9.298360e+00  8.920730e+00  
8.583890e+00  8.287800e+00  8.032740e+00  7.818700e+00  7.645570e+00  7.513060e+00  
7.420010e+00  7.366140e+00  7.353220e+00  7.378570e+00  7.438870e+00  7.530450e+00  
7.637210e+00  7.682220e+00  7.695820e+00  7.599900e+00  6.920510e+00  6.221760e+00  
3.901900e+00  2.931130e+00  1.625270e+00  1.393050e+00  1.220210e+00  1.180480e+00  
1.125640e+01  1.096070e+01  1.067870e+01  1.042020e+01  1.017830e+01  9.718860e+00  
9.300480e+00  8.923390e+00  8.587220e+00  8.291810e+00  8.037370e+00  7.823970e+00  
7.651690e+00  7.520350e+00  7.428790e+00  7.376840e+00  7.366350e+00  7.394990e+00  
7.460170e+00  7.560560e+00  7.683620e+00  7.742920e+00  7.785900e+00  7.750290e+00  
7.260610e+00  6.692180e+00  4.546520e+00  3.462590e+00  1.824910e+00  1.505040e+00  
1.245900e+00  1.180270e+00  1.126870e+01  1.097040e+01  1.068540e+01  1.042300e+01  
1.017750e+01  9.715060e+00  9.296400e+00  8.920310e+00  8.585880e+00  8.292500e+00  
8.039890e+00  7.827920e+00  7.656460e+00  7.524790e+00  7.430620e+00  7.373930e+00  
7.360350e+00  7.395980e+00  7.482130e+00  7.597350e+00  7.713680e+00  7.770590e+00  
7.822850e+00  7.821910e+00  7.465180e+00  6.975850e+00  4.995790e+00  3.877360e+00  
2.011230e+00  1.616220e+00  1.269320e+00  1.180180e+00  1.126350e+01  1.096840e+01  
1.068550e+01  1.042360e+01  1.017780e+01  9.715560e+00  9.297080e+00  8.921160e+00  
8.586910e+00  8.293720e+00  8.041310e+00  7.829580e+00  7.658400e+00  7.527080e+00  
7.433320e+00  7.377170e+00  7.364350e+00  7.401020e+00  7.488740e+00  7.606490e+00  
7.727680e+00  7.789460e+00  7.851370e+00  7.869240e+00  7.587220e+00  7.170400e+00  
5.334600e+00  4.205830e+00  2.192050e+00  1.724400e+00  1.292740e+00  1.180080e+00  
1.126000e+01  1.096700e+01  1.068550e+01  1.042390e+01  1.017790e+01  9.715830e+00  
9.297480e+00  8.921670e+00  8.587560e+00  8.294510e+00  8.042240e+00  7.830700e+00  
7.659720e+00  7.528630e+00  7.435180e+00  7.379390e+00  7.367040e+00  7.404400e+00  
7.493160e+00  7.612650e+00  7.737260e+00  7.802300e+00  7.870500e+00  7.901050e+00  
7.672970e+00  7.309730e+00  5.598510e+00  4.478830e+00  2.360240e+00  1.832310e+00  
1.315800e+00  1.180050e+00  1.123560e+01  1.095260e+01  1.067910e+01  1.042250e+01  
1.017930e+01  9.720560e+00  9.302900e+00  8.926530e+00  8.591150e+00  8.296620e+00  
8.043190e+00  7.830940e+00  7.659890e+00  7.529910e+00  7.440010e+00  7.390250e+00  
7.382800e+00  7.415750e+00  7.487400e+00  7.598130e+00  7.743020e+00  7.823890e+00  
7.903290e+00  7.943930e+00  7.785070e+00  7.497550e+00  5.989420e+00  4.911960e+00  
2.662470e+00  2.041440e+00  1.360720e+00  1.179960e+00  1.123190e+01  1.095100e+01  
1.067900e+01  1.042280e+01  1.017960e+01  9.720930e+00  9.303200e+00  8.926720e+00  
8.591270e+00  8.296770e+00  8.043500e+00  7.831500e+00  7.660710e+00  7.530920e+00  
7.441290e+00  7.391910e+00  7.384910e+00  7.418300e+00  7.490500e+00  7.602890e+00  
7.750420e+00  7.832950e+00  7.918620e+00  7.974030e+00  7.862490e+00  7.613600e+00  
6.267480e+00  5.248040e+00  2.928410e+00  2.231450e+00  1.405030e+00  1.179810e+00  