 29000  0  0  63.54      180717  2  0.0         1.0000E+50  0.0
91912  0  0.0         0.0         0.0         0.0         0.0
 1.000000000E+00 2.000000000E+00
 3.000000000E+00 2.000000000E+00
 5.000000000E+00 2.000000000E+00
 6.000000000E+00 4.000000000E+00
 8.000000000E+00 2.000000000E+00
 1.000000000E+01 2.000000000E+00
 1.100000000E+01 4.000000000E+00
 1.300000000E+01 4.000000000E+00
 1.400000000E+01 6.000000000E+00
 1.600000000E+01 1.000000000E+00
                                                                       1
 29000  0  0  63.54      180717  2  0.0         1.0000E+50  0.0
91913  0  0.0         0.0         0.0         0.0         0.0
 1.000000000E+00 8.986000000E-03
 3.000000000E+00 1.103000000E-03
 5.000000000E+00 9.580000000E-04
 6.000000000E+00 9.380000000E-04
 8.000000000E+00 1.270000000E-04
 1.000000000E+01 8.200000000E-05
 1.100000000E+01 8.000000000E-05
 1.300000000E+01 1.100000000E-05
 1.400000000E+01 1.040000000E-05
 1.600000000E+01 7.730000000E-06
                                                                       1
 29000  0  0  63.54      180717  2  0.0         1.0000E+50  0.0
91914  0  0.0         0.0         0.0         0.0         0.0
 1.000000000E+00 1.155001230E-02
 3.000000000E+00 2.239919713E-03
 5.000000000E+00 2.192986761E-03
 6.000000000E+00 2.115850409E-03
 8.000000000E+00 5.073192314E-04
 1.000000000E+01 4.442770186E-04
 1.100000000E+01 4.325918315E-04
 1.300000000E+01 3.041080278E-04
 1.400000000E+01 2.919746939E-04
 1.600000000E+01 3.258341772E-05
                                                                       1
 29000  0  0  63.54      180717  2  0.0         1.0000E+50  0.0
91915  0  0.0         0.0         0.0         0.0         0.0
 1.000000000E+00 2.750600000E-10
 3.000000000E+00 1.234600000E-09
 5.000000000E+00 1.069300000E-09
 6.000000000E+00 1.086700000E-09
 8.000000000E+00 3.729900000E-09
 1.000000000E+01 3.865500000E-09
 1.100000000E+01 3.919500000E-09
 1.300000000E+01 5.058700000E-09
 1.400000000E+01 5.105000000E-09
 1.600000000E+01 1.594100000E-08
                                                                       1
 29000  0  0  63.54      180717  2  0.0         1.0000E+50  0.0
91921  0  0.0         0.0         0.0         0.0         0.0
 1.000000000E+00 6.424200000E-07
 3.000000000E+00 4.545800000E-09
 5.000000000E+00 5.496300000E-09
 6.000000000E+00 5.387700000E-09
 8.000000000E+00 2.763900000E-11
 1.000000000E+01 9.096900000E-11
 1.100000000E+01 8.428700000E-11
                                                                       1
 29000  0  0  63.54      180717  2  0.0         1.0000E+50  0.0
91922  0  0.0         0.0         0.0         0.0         0.0
 1.000000000E+00 7.946100000E-07
 3.000000000E+00 9.126600000E-06
 5.000000000E+00 5.931500000E-07
 6.000000000E+00 6.080900000E-07
 8.000000000E+00 4.726200000E-06
 1.000000000E+01 3.561500000E-06
 1.100000000E+01 3.457900000E-06
                                                                       1
 29000  0  0  63.54      180717  2  0.0         1.0000E+50  0.0
92935  0  0.0         0.0         0.0         0.0         0.0
 1.000000000E+00 4.927047352E-05
 3.000000000E+00 4.528921453E-05
 5.000000000E+00 3.047054260E-05
 6.000000000E+00 3.027285966E-05
 8.000000000E+00 2.937872588E-05
 1.000000000E+01 2.023372919E-05
 1.100000000E+01 2.024967891E-05
 1.300000000E+01 1.100000000E-05
 1.400000000E+01 1.040000000E-05
 1.600000000E+01 7.730000000E-06
                                                                       1
 29000  0  7  63.54      180717  2  0.0         1.0000E+50  0.0
92933  0  0.0         0.0         0.0         0.0         0.0
 1.000000000E+00 4.463890000E-01
 3.000000000E+00 9.173670000E-03
 5.000000000E+00 9.324670000E-03
 6.000000000E+00 8.825020000E-03
 8.000000000E+00 4.514990000E-05
 1.000000000E+01 2.148800000E-05
 1.100000000E+01 1.866810000E-05
                                                                       1
 29000  0  7  63.54      180717  2  0.0         1.0000E+50  0.0
92934  0  0.0         0.0         0.0         0.0         0.0
 1.000000000E+00 3.538513816E-03
 3.000000000E+00 8.306429868E-06
 5.000000000E+00 8.294880974E-06
 6.000000000E+00 7.688060075E-06
 8.000000000E+00 2.484271235E-09
 1.000000000E+01 1.548261863E-09
 1.100000000E+01 1.307587978E-09
                                                                       1
 29000  0  9  63.54      180717  2  0.0         1.0000E+50  0.0
92933  0  0.0         0.0         0.0         0.0         0.0
 1.000000000E+00 3.966160000E+00
 3.000000000E+00 3.521130000E+00
 5.000000000E+00 2.079170000E+00
 6.000000000E+00 2.066360000E+00
 8.000000000E+00 1.865030000E+00
 1.000000000E+01 9.999790000E-01
 1.100000000E+01 9.999810000E-01
                                                                       1
 29000  0  9  63.54      180717  2  0.0         1.0000E+50  0.0
92934  0  0.0         0.0         0.0         0.0         0.0
 1.000000000E+00 5.398211490E-03
 3.000000000E+00 1.049408885E-03
 5.000000000E+00 9.192344465E-04
 6.000000000E+00 9.000393604E-04
 8.000000000E+00 9.761876051E-05
 1.000000000E+01 6.176474286E-05
 1.100000000E+01 5.974898536E-05
                                                                       1
 29000  0  7  63.54      180717  2  0.0         1.0000E+50  0.0
92931 91  0.0         1.          0.0         0.0         0.0
  5.00000000E+00  1.31119000E-01  8.02800000E-03
  6.00000000E+00  2.55668000E-01  8.04800000E-03
  1.00000000E+01  1.58899000E-02  8.90400000E-03
  1.10000000E+01  3.10908000E-02  8.90600000E-03
  1.30000000E+01  1.79389000E-05  8.97500000E-03
  1.40000000E+01  2.59348000E-05  8.97560000E-03
                                                                       1
 29000  0  9  63.54      180717  2  0.0         1.0000E+50  0.0
92932 91  0.0         1.          0.0         0.0         0.0
  3.00000000E+00  3.00000000E+00  3.88567000E-02  6.78000000E-03
  3.00000000E+00  5.00000000E+00  4.31908000E-02  6.92500000E-03
  3.00000000E+00  6.00000000E+00  7.68383000E-02  6.94500000E-03
  3.00000000E+00  8.00000000E+00  1.04073000E-02  7.75600000E-03
  3.00000000E+00  1.00000000E+01  5.57458000E-03  7.80100000E-03
  3.00000000E+00  1.10000000E+01  9.82486000E-03  7.80300000E-03
  3.00000000E+00  1.30000000E+01  2.80672000E-04  7.87200000E-03
  3.00000000E+00  1.40000000E+01  3.81309000E-04  7.87260000E-03
  3.00000000E+00  1.60000000E+01  3.54221000E-04  7.87527000E-03
  5.00000000E+00  5.00000000E+00  7.65781000E-03  7.07000000E-03
  5.00000000E+00  6.00000000E+00  1.81191000E-01  7.09000000E-03
  5.00000000E+00  8.00000000E+00  4.90291000E-03  7.90100000E-03
  5.00000000E+00  1.00000000E+01  1.85044000E-03  7.94600000E-03
  5.00000000E+00  1.10000000E+01  1.99826000E-02  7.94800000E-03
  5.00000000E+00  1.30000000E+01  3.89071000E-04  8.01700000E-03
  5.00000000E+00  1.40000000E+01  1.43235000E-03  8.01760000E-03
  5.00000000E+00  1.60000000E+01  1.62596000E-04  8.02027000E-03
  6.00000000E+00  6.00000000E+00  1.00194000E-01  7.11000000E-03
  6.00000000E+00  8.00000000E+00  8.76108000E-03  7.92100000E-03
  6.00000000E+00  1.00000000E+01  2.00201000E-02  7.96600000E-03
  6.00000000E+00  1.10000000E+01  2.24684000E-02  7.96800000E-03
  6.00000000E+00  1.30000000E+01  1.77886000E-03  8.03700000E-03
  6.00000000E+00  1.40000000E+01  1.73429000E-03  8.03760000E-03
  6.00000000E+00  1.60000000E+01  2.92272000E-04  8.04027000E-03
  8.00000000E+00  8.00000000E+00  7.62703000E-04  8.73200000E-03
  8.00000000E+00  1.00000000E+01  7.04830000E-04  8.77700000E-03
  8.00000000E+00  1.10000000E+01  1.24470000E-03  8.77900000E-03
  8.00000000E+00  1.30000000E+01  3.21362000E-05  8.84800000E-03
  8.00000000E+00  1.40000000E+01  4.49905000E-05  8.84860000E-03
  8.00000000E+00  1.60000000E+01  5.14183000E-05  8.85127000E-03
  1.00000000E+01  1.00000000E+01  1.20557000E-04  8.82200000E-03
  1.00000000E+01  1.10000000E+01  2.52309000E-03  8.82400000E-03
  1.00000000E+01  1.30000000E+01  3.72645000E-05  8.89300000E-03
  1.00000000E+01  1.40000000E+01  1.46859000E-04  8.89360000E-03
  1.00000000E+01  1.60000000E+01  2.41126000E-05  8.89627000E-03
  1.10000000E+01  1.10000000E+01  1.52046000E-03  8.82600000E-03
  1.10000000E+01  1.30000000E+01  1.96192000E-04  8.89500000E-03
  1.10000000E+01  1.40000000E+01  1.86855000E-04  8.89560000E-03
  1.10000000E+01  1.60000000E+01  4.43756000E-05  8.89827000E-03
  1.30000000E+01  1.40000000E+01  1.10707000E-05  8.96460000E-03
  1.30000000E+01  1.60000000E+01  2.21424000E-06  8.96727000E-03
  1.40000000E+01  1.40000000E+01  4.12417000E-06  8.96520000E-03
  1.40000000E+01  1.60000000E+01  4.12417000E-06  8.96787000E-03
                                                                       1
 29000  0  7  63.54      180717  2  0.0         1.0000E+50  0.0
92931 91  0.0         3.          0.0         0.0         0.0
  5.00000000E+00  1.91460000E-05  1.45000000E-04
  6.00000000E+00  8.71820000E-05  1.65000000E-04
  1.00000000E+01  6.88360000E-04  1.02100000E-03
  1.10000000E+01  1.06520000E-03  1.02300000E-03
  1.30000000E+01  2.60100000E-06  1.09200000E-03
  1.40000000E+01  3.42210000E-06  1.09260000E-03
                                                                       1
 29000  0  9  63.54      180717  2  0.0         1.0000E+50  0.0
92932 91  0.0         3.          0.0         0.0         0.0
  5.00000000E+00  1.00000000E+01  4.78361000E-02  6.30000000E-05
  5.00000000E+00  1.10000000E+01  6.92207000E-02  6.50000000E-05
  5.00000000E+00  1.30000000E+01  4.64820000E-02  1.34000000E-04
  5.00000000E+00  1.40000000E+01  7.46387000E-02  1.34600000E-04
  5.00000000E+00  1.60000000E+01  1.99240000E-03  1.37270000E-04
  6.00000000E+00  8.00000000E+00  1.07359000E-01  3.80000000E-05
  6.00000000E+00  1.00000000E+01  5.88771000E-02  8.30000000E-05
  6.00000000E+00  1.10000000E+01  1.25939000E-01  8.50000000E-05
  6.00000000E+00  1.30000000E+01  1.14171000E-01  1.54000000E-04
  6.00000000E+00  1.40000000E+01  1.62177000E-01  1.54600000E-04
  6.00000000E+00  1.60000000E+01  3.56746000E-03  1.57270000E-04
  8.00000000E+00  8.00000000E+00  1.12747000E-02  8.49000000E-04
  8.00000000E+00  1.00000000E+01  2.04284000E-02  8.94000000E-04
  8.00000000E+00  1.10000000E+01  3.97086000E-02  8.96000000E-04
  8.00000000E+00  1.30000000E+01  2.10300000E-02  9.65000000E-04
  8.00000000E+00  1.40000000E+01  3.08047000E-02  9.65600000E-04
  8.00000000E+00  1.60000000E+01  6.83622000E-04  9.68270000E-04
  1.00000000E+01  1.00000000E+01  3.03846000E-04  9.39000000E-04
  1.00000000E+01  1.10000000E+01  6.94692000E-04  9.41000000E-04
  1.00000000E+01  1.30000000E+01  3.37886000E-04  1.01000000E-03
  1.00000000E+01  1.40000000E+01  6.64782000E-03  1.01060000E-03
  1.00000000E+01  1.60000000E+01  5.86257000E-04  1.01327000E-03
  1.10000000E+01  1.10000000E+01  1.07698000E-03  9.43000000E-04
  1.10000000E+01  1.30000000E+01  7.13355000E-03  1.01200000E-03
  1.10000000E+01  1.40000000E+01  5.09460000E-03  1.01260000E-03
  1.10000000E+01  1.60000000E+01  1.18286000E-03  1.01527000E-03
  1.30000000E+01  1.30000000E+01  5.63180000E-04  1.08100000E-03
  1.30000000E+01  1.40000000E+01  2.86944000E-02  1.08160000E-03
  1.30000000E+01  1.60000000E+01  5.17393000E-04  1.08427000E-03
  1.40000000E+01  1.40000000E+01  8.31045000E-03  1.08220000E-03
  1.40000000E+01  1.60000000E+01  8.00352000E-04  1.08487000E-03
                                                                       1
 29000  0  7  63.54      180717  2  0.0         1.0000E+50  0.0
92931 91  0.0         5.          0.0         0.0         0.0
  6.00000000E+00  5.18584000E-10  2.00000000E-05
  8.00000000E+00  4.65603000E-03  8.31000000E-04
  1.10000000E+01  1.62541000E-05  8.78000000E-04
  1.30000000E+01  4.42993000E-03  9.47000000E-04
  1.60000000E+01  1.20891000E-04  9.50270000E-04
                                                                       1
 29000  0  9  63.54      180717  2  0.0         1.0000E+50  0.0
92932 91  0.0         5.          0.0         0.0         0.0
  6.00000000E+00  1.60000000E+01  8.94776000E-03  1.22700000E-05
  8.00000000E+00  8.00000000E+00  3.62933000E-03  7.04000000E-04
  8.00000000E+00  1.00000000E+01  6.68802000E-02  7.49000000E-04
  8.00000000E+00  1.10000000E+01  5.61858000E-03  7.51000000E-04
  8.00000000E+00  1.30000000E+01  3.11852000E-03  8.20000000E-04
  8.00000000E+00  1.40000000E+01  6.83737000E-03  8.20600000E-04
  8.00000000E+00  1.60000000E+01  2.10585000E-04  8.23270000E-04
  1.00000000E+01  1.00000000E+01  5.77499000E-02  7.94000000E-04
  1.00000000E+01  1.10000000E+01  1.98084000E-01  7.96000000E-04
  1.00000000E+01  1.30000000E+01  6.92466000E-02  8.65000000E-04
  1.00000000E+01  1.40000000E+01  1.31715000E-01  8.65600000E-04
  1.00000000E+01  1.60000000E+01  2.26721000E-03  8.68270000E-04
  1.10000000E+01  1.10000000E+01  5.52451000E-03  7.98000000E-04
  1.10000000E+01  1.30000000E+01  8.26916000E-02  8.67000000E-04
  1.10000000E+01  1.40000000E+01  1.22043000E-02  8.67600000E-04
  1.10000000E+01  1.60000000E+01  1.70255000E-04  8.70270000E-04
  1.30000000E+01  1.30000000E+01  5.84943000E-02  9.36000000E-04
  1.30000000E+01  1.40000000E+01  2.65016000E-01  9.36600000E-04
  1.30000000E+01  1.60000000E+01  1.12427000E-04  9.39270000E-04
  1.40000000E+01  1.40000000E+01  1.20386000E-02  9.37200000E-04
  1.40000000E+01  1.60000000E+01  2.19538000E-04  9.39870000E-04
                                                                       1
 29000  0  7  63.54      180717  2  0.0         1.0000E+50  0.0
92931 91  0.0         6.          0.0         0.0         0.0
  8.00000000E+00  4.33818000E-03  8.11000000E-04
  1.00000000E+01  8.20307000E-06  8.56000000E-04
  1.10000000E+01  7.94827000E-06  8.58000000E-04
  1.30000000E+01  3.70919000E-04  9.27000000E-04
  1.40000000E+01  3.97209000E-03  9.27600000E-04
  1.60000000E+01  1.06190000E-04  9.30270000E-04
                                                                       1
 29000  0  9  63.54      180717  2  0.0         1.0000E+50  0.0
92932 91  0.0         6.          0.0         0.0         0.0
  8.00000000E+00  8.00000000E+00  3.73446000E-03  6.84000000E-04
  8.00000000E+00  1.00000000E+01  2.60360000E-03  7.29000000E-04
  8.00000000E+00  1.10000000E+01  6.94080000E-02  7.31000000E-04
  8.00000000E+00  1.30000000E+01  4.66601000E-03  8.00000000E-04
  8.00000000E+00  1.40000000E+01  5.73035000E-03  8.00600000E-04
  8.00000000E+00  1.60000000E+01  2.17322000E-04  8.03270000E-04
  1.00000000E+01  1.00000000E+01  9.75756000E-04  7.74000000E-04
  1.00000000E+01  1.10000000E+01  1.05475000E-01  7.76000000E-04
  1.00000000E+01  1.30000000E+01  4.55055000E-03  8.45000000E-04
  1.00000000E+01  1.40000000E+01  4.33586000E-02  8.45600000E-04
  1.00000000E+01  1.60000000E+01  7.98344000E-05  8.48270000E-04
  1.10000000E+01  1.10000000E+01  1.54845000E-01  7.78000000E-04
  1.10000000E+01  1.30000000E+01  1.01637000E-01  8.47000000E-04
  1.10000000E+01  1.40000000E+01  1.52475000E-01  8.47600000E-04
  1.10000000E+01  1.60000000E+01  2.34172000E-03  8.50270000E-04
  1.30000000E+01  1.30000000E+01  9.71767000E-03  9.16000000E-04
  1.30000000E+01  1.40000000E+01  1.96561000E-01  9.16600000E-04
  1.30000000E+01  1.60000000E+01  1.50793000E-04  9.19270000E-04
  1.40000000E+01  1.40000000E+01  1.32479000E-01  9.17200000E-04
  1.40000000E+01  1.60000000E+01  1.90728000E-04  9.19870000E-04
                                                                       1
 29000  0  7  63.54      180717  2  0.0         1.0000E+50  0.0
92931 91  0.0         8.          0.0         0.0         0.0
  1.00000000E+01  8.17583000E-06  4.50000000E-05
  1.10000000E+01  2.00565000E-05  4.70000000E-05
                                                                       1
 29000  0  9  63.54      180717  2  0.0         1.0000E+50  0.0
92932 91  0.0         8.          0.0         0.0         0.0
  1.00000000E+01  1.30000000E+01  7.90941000E-02  3.40000000E-05
  1.00000000E+01  1.40000000E+01  1.74485000E-01  3.46000000E-05
  1.00000000E+01  1.60000000E+01  1.88508000E-02  3.72700000E-05
  1.10000000E+01  1.30000000E+01  2.48773000E-01  3.60000000E-05
  1.10000000E+01  1.40000000E+01  3.08941000E-01  3.66000000E-05
  1.10000000E+01  1.60000000E+01  3.49061000E-02  3.92700000E-05
  1.30000000E+01  1.30000000E+01  3.64835000E-03  1.05000000E-04
  1.30000000E+01  1.40000000E+01  5.39118000E-02  1.05600000E-04
  1.30000000E+01  1.60000000E+01  1.58988000E-02  1.08270000E-04
  1.40000000E+01  1.40000000E+01  2.70922000E-02  1.06200000E-04
  1.40000000E+01  1.60000000E+01  3.43707000E-02  1.08870000E-04
                                                                       1
 29000  0  7  63.54      180717  2  0.0         1.0000E+50  0.0
92931 91  0.0         10.         0.0         0.0         0.0
  1.30000000E+01  1.91500000E-05  7.10000000E-05
  1.60000000E+01  2.33800000E-06  7.42700000E-05
                                                                       1
 29000  0  9  63.54      180717  2  0.0         1.0000E+50  0.0
92932 91  0.0         10.         0.0         0.0         0.0
  1.30000000E+01  1.30000000E+01  1.53632000E-01  6.00000000E-05
  1.30000000E+01  1.40000000E+01  7.98786000E-01  6.06000000E-05
  1.30000000E+01  1.60000000E+01  1.91501000E-02  6.32700000E-05
  1.40000000E+01  1.40000000E+01  2.43355000E-02  6.12000000E-05
  1.40000000E+01  1.60000000E+01  4.07449000E-03  6.38700000E-05
                                                                       1
 29000  0  7  63.54      180717  2  0.0         1.0000E+50  0.0
92931 91  0.0         11.         0.0         0.0         0.0
  1.30000000E+01  1.74600000E-06  6.90000000E-05
  1.40000000E+01  1.59670000E-05  6.96000000E-05
  1.60000000E+01  9.55071000E-07  7.22700000E-05
                                                                       1
 29000  0  9  63.54      180717  2  0.0         1.0000E+50  0.0
92932 91  0.0         11.         0.0         0.0         0.0
  1.30000000E+01  1.30000000E+01  2.35524000E-02  5.80000000E-05
  1.30000000E+01  1.40000000E+01  5.54813000E-01  5.86000000E-05
  1.30000000E+01  1.60000000E+01  4.32518000E-03  6.12700000E-05
  1.40000000E+01  1.40000000E+01  3.96490000E-01  5.92000000E-05
  1.40000000E+01  1.60000000E+01  2.08001000E-02  6.18700000E-05
                                                                       1
