 32000  0  0  72.59      180717  2  0.0         1.0000E+50  0.0
91912  0  0.0         0.0         0.0         0.0         0.0
 1.000000000E+00 2.000000000E+00
 3.000000000E+00 2.000000000E+00
 5.000000000E+00 2.000000000E+00
 6.000000000E+00 4.000000000E+00
 8.000000000E+00 2.000000000E+00
 1.000000000E+01 2.000000000E+00
 1.100000000E+01 4.000000000E+00
 1.300000000E+01 4.000000000E+00
 1.400000000E+01 6.000000000E+00
 1.600000000E+01 2.000000000E+00
 1.800000000E+01 6.700000000E-01
 1.900000000E+01 1.330000000E+00
                                                                       1
 32000  0  0  72.59      180717  2  0.0         1.0000E+50  0.0
91913  0  0.0         0.0         0.0         0.0         0.0
 1.000000000E+00 1.110700000E-02
 3.000000000E+00 1.413000000E-03
 5.000000000E+00 1.251000000E-03
 6.000000000E+00 1.220000000E-03
 8.000000000E+00 1.840000000E-04
 1.000000000E+01 1.300000000E-04
 1.100000000E+01 1.250000000E-04
 1.300000000E+01 3.300000000E-05
 1.400000000E+01 3.200000000E-05
 1.600000000E+01 1.430000000E-05
 1.800000000E+01 7.900000000E-06
 1.900000000E+01 7.900000000E-06
                                                                       1
 32000  0  0  72.59      180717  2  0.0         1.0000E+50  0.0
91914  0  0.0         0.0         0.0         0.0         0.0
 1.000000000E+00 1.418809605E-02
 3.000000000E+00 2.797584825E-03
 5.000000000E+00 2.758398200E-03
 6.000000000E+00 2.640439974E-03
 8.000000000E+00 6.550913250E-04
 1.000000000E+01 5.901344876E-04
 1.100000000E+01 5.636901904E-04
 1.300000000E+01 3.719513138E-04
 1.400000000E+01 3.620633674E-04
 1.600000000E+01 7.359952639E-05
 1.800000000E+01 5.125276923E-05
 1.900000000E+01 5.008775835E-05
                                                                       1
 32000  0  0  72.59      180717  2  0.0         1.0000E+50  0.0
91915  0  0.0         0.0         0.0         0.0         0.0
 1.000000000E+00 2.480300000E-10
 3.000000000E+00 1.103300000E-09
 5.000000000E+00 9.503400000E-10
 6.000000000E+00 9.692600000E-10
 8.000000000E+00 3.265400000E-09
 1.000000000E+01 3.328700000E-09
 1.100000000E+01 3.382800000E-09
 1.300000000E+01 3.704400000E-09
 1.400000000E+01 3.728800000E-09
 1.600000000E+01 1.073100000E-08
 1.800000000E+01 1.464300000E-08
 1.900000000E+01 1.499500000E-08
                                                                       1
 32000  0  0  72.59      180717  2  0.0         1.0000E+50  0.0
91921  0  0.0         0.0         0.0         0.0         0.0
 1.000000000E+00 9.953300000E-07
 3.000000000E+00 8.046000000E-09
 5.000000000E+00 1.142500000E-08
 6.000000000E+00 1.118600000E-08
 8.000000000E+00 4.547300000E-11
 1.000000000E+01 1.483900000E-10
 1.100000000E+01 1.351300000E-10
 1.300000000E+01 3.630300000E-13
 1.400000000E+01 3.413500000E-13
                                                                       1
 32000  0  0  72.59      180717  2  0.0         1.0000E+50  0.0
91922  0  0.0         0.0         0.0         0.0         0.0
 1.000000000E+00 8.509700000E-07
 3.000000000E+00 8.703200000E-06
 5.000000000E+00 8.302000000E-07
 6.000000000E+00 8.290200000E-07
 8.000000000E+00 4.134300000E-06
 1.000000000E+01 3.990700000E-06
 1.100000000E+01 3.714000000E-06
 1.300000000E+01 4.519400000E-08
 1.400000000E+01 4.356100000E-08
                                                                       1
 32000  0  0  72.59      180717  2  0.0         1.0000E+50  0.0
92935  0  0.0         0.0         0.0         0.0         0.0
 1.000000000E+00 1.030320527E-04
 3.000000000E+00 9.793783827E-05
 5.000000000E+00 6.909348534E-05
 6.000000000E+00 6.829765129E-05
 8.000000000E+00 6.194184212E-05
 1.000000000E+01 4.677749266E-05
 1.100000000E+01 4.658125300E-05
 1.300000000E+01 2.038408810E-05
 1.400000000E+01 2.053664310E-05
 1.600000000E+01 1.430000000E-05
 1.800000000E+01 7.900000000E-06
 1.900000000E+01 7.900000000E-06
                                                                       1
 32000  0  7  72.59      180717  2  0.0         1.0000E+50  0.0
92933  0  0.0         0.0         0.0         0.0         0.0
 1.000000000E+00 5.457300000E-01
 3.000000000E+00 1.358970000E-02
 5.000000000E+00 1.437840000E-02
 6.000000000E+00 1.354720000E-02
 8.000000000E+00 9.900830000E-05
 1.000000000E+01 6.744660000E-05
 1.100000000E+01 5.950450000E-05
 1.300000000E+01 9.849010000E-08
 1.400000000E+01 7.945430000E-08
                                                                       1
 32000  0  7  72.59      180717  2  0.0         1.0000E+50  0.0
92934  0  0.0         0.0         0.0         0.0         0.0
 1.000000000E+00 5.298240726E-03
 3.000000000E+00 1.587360351E-05
 5.000000000E+00 1.672896113E-05
 6.000000000E+00 1.535645568E-05
 8.000000000E+00 7.975037322E-09
 1.000000000E+01 6.343342866E-09
 1.100000000E+01 5.286515843E-09
 1.300000000E+01 2.708762751E-12
 1.400000000E+01 2.123772715E-12
                                                                       1
 32000  0  9  72.59      180717  2  0.0         1.0000E+50  0.0
92933  0  0.0         0.0         0.0         0.0         0.0
 1.000000000E+00 7.480600000E+00
 3.000000000E+00 7.020630000E+00
 5.000000000E+00 4.744650000E+00
 6.000000000E+00 4.647370000E+00
 8.000000000E+00 3.959960000E+00
 1.000000000E+01 2.862600000E+00
 1.100000000E+01 2.843810000E+00
 1.300000000E+01 1.000000000E+00
 1.400000000E+01 1.000000000E+00
                                                                       1
 32000  0  9  72.59      180717  2  0.0         1.0000E+50  0.0
92934  0  0.0         0.0         0.0         0.0         0.0
 1.000000000E+00 5.705728224E-03
 3.000000000E+00 1.299188155E-03
 5.000000000E+00 1.165181838E-03
 6.000000000E+00 1.136342002E-03
 8.000000000E+00 1.220497406E-04
 1.000000000E+01 8.321617715E-05
 1.100000000E+01 7.841344615E-05
 1.300000000E+01 1.261591190E-05
 1.400000000E+01 1.146335690E-05
                                                                       1
 32000  0  7  72.59      180717  2  0.0         1.0000E+50  0.0
92931 91  0.0         1.          0.0         0.0         0.0
  5.00000000E+00  1.58539000E-01  9.85600000E-03
  6.00000000E+00  3.07699000E-01  9.88700000E-03
  1.00000000E+01  2.04929000E-02  1.09770000E-02
  1.10000000E+01  4.00378000E-02  1.09820000E-02
  1.30000000E+01  3.76288000E-05  1.10740000E-02
  1.40000000E+01  5.42778000E-05  1.10750000E-02
  1.80000000E+01  3.34229000E-04  1.10991000E-02
  1.90000000E+01  6.40897000E-04  1.10991000E-02
                                                                       1
 32000  0  9  72.59      180717  2  0.0         1.0000E+50  0.0
92932 91  0.0         1.          0.0         0.0         0.0
  3.00000000E+00  3.00000000E+00  3.25471000E-02  8.28100000E-03
  3.00000000E+00  5.00000000E+00  3.62601000E-02  8.44300000E-03
  3.00000000E+00  6.00000000E+00  6.26273000E-02  8.47400000E-03
  3.00000000E+00  8.00000000E+00  9.10971000E-03  9.51000000E-03
  3.00000000E+00  1.00000000E+01  5.01396000E-03  9.56400000E-03
  3.00000000E+00  1.10000000E+01  8.58195000E-03  9.56900000E-03
  3.00000000E+00  1.30000000E+01  3.16672000E-04  9.66100000E-03
  3.00000000E+00  1.40000000E+01  4.20718000E-04  9.66200000E-03
  3.00000000E+00  1.60000000E+01  8.97199000E-04  9.67970000E-03
  3.00000000E+00  1.80000000E+01  1.13101000E-04  9.68610000E-03
  3.00000000E+00  1.90000000E+01  1.91507000E-04  9.68610000E-03
  5.00000000E+00  5.00000000E+00  6.28049000E-03  8.60500000E-03
  5.00000000E+00  6.00000000E+00  1.46842000E-01  8.63600000E-03
  5.00000000E+00  8.00000000E+00  4.27491000E-03  9.67200000E-03
  5.00000000E+00  1.00000000E+01  1.61954000E-03  9.72600000E-03
  5.00000000E+00  1.10000000E+01  1.72482000E-02  9.73100000E-03
  5.00000000E+00  1.30000000E+01  4.32771000E-04  9.82300000E-03
  5.00000000E+00  1.40000000E+01  1.58332000E-03  9.82400000E-03
  5.00000000E+00  1.60000000E+01  4.11663000E-04  9.84170000E-03
  5.00000000E+00  1.80000000E+01  3.61908000E-05  9.84810000E-03
  5.00000000E+00  1.90000000E+01  3.79997000E-04  9.84810000E-03
  6.00000000E+00  6.00000000E+00  8.04323000E-02  8.66700000E-03
  6.00000000E+00  8.00000000E+00  7.41318000E-03  9.70300000E-03
  6.00000000E+00  1.00000000E+01  1.72491000E-02  9.75700000E-03
  6.00000000E+00  1.10000000E+01  1.92391000E-02  9.76200000E-03
  6.00000000E+00  1.30000000E+01  1.95727000E-03  9.85400000E-03
  6.00000000E+00  1.40000000E+01  1.89997000E-03  9.85500000E-03
  6.00000000E+00  1.60000000E+01  7.14768000E-04  9.87270000E-03
  6.00000000E+00  1.80000000E+01  3.79995000E-04  9.87910000E-03
  6.00000000E+00  1.90000000E+01  4.23724000E-04  9.87910000E-03
  8.00000000E+00  8.00000000E+00  6.64256000E-04  1.07390000E-02
  8.00000000E+00  1.00000000E+01  6.27637000E-04  1.07930000E-02
  8.00000000E+00  1.10000000E+01  1.07842000E-03  1.07980000E-02
  8.00000000E+00  1.30000000E+01  3.66379000E-05  1.08900000E-02
  8.00000000E+00  1.40000000E+01  4.77878000E-05  1.08910000E-02
  8.00000000E+00  1.60000000E+01  1.30617000E-04  1.09087000E-02
  8.00000000E+00  1.80000000E+01  1.43361000E-05  1.09151000E-02
  8.00000000E+00  1.90000000E+01  2.38939000E-05  1.09151000E-02
  1.00000000E+01  1.00000000E+01  1.08143000E-04  1.08470000E-02
  1.00000000E+01  1.10000000E+01  2.22355000E-03  1.08520000E-02
  1.00000000E+01  1.30000000E+01  4.26022000E-05  1.09440000E-02
  1.00000000E+01  1.40000000E+01  1.63854000E-04  1.09450000E-02
  1.00000000E+01  1.60000000E+01  6.22650000E-05  1.09627000E-02
  1.00000000E+01  1.80000000E+01  4.91562000E-06  1.09691000E-02
  1.00000000E+01  1.90000000E+01  4.91562000E-05  1.09691000E-02
  1.10000000E+01  1.10000000E+01  1.30262000E-03  1.08570000E-02
  1.10000000E+01  1.30000000E+01  2.13129000E-04  1.09490000E-02
  1.10000000E+01  1.40000000E+01  2.02891000E-04  1.09500000E-02
  1.10000000E+01  1.60000000E+01  1.10828000E-04  1.09677000E-02
  1.10000000E+01  1.80000000E+01  5.11497000E-05  1.09741000E-02
  1.10000000E+01  1.90000000E+01  5.79706000E-05  1.09741000E-02
  1.30000000E+01  1.40000000E+01  1.38250000E-05  1.10420000E-02
  1.30000000E+01  1.60000000E+01  3.07229000E-06  1.10597000E-02
  1.30000000E+01  1.80000000E+01  1.53614000E-06  1.10661000E-02
  1.30000000E+01  1.90000000E+01  4.60843000E-06  1.10661000E-02
  1.40000000E+01  1.40000000E+01  3.51519000E-06  1.10430000E-02
  1.40000000E+01  1.60000000E+01  5.27277000E-06  1.10607000E-02
  1.40000000E+01  1.80000000E+01  3.51519000E-06  1.10671000E-02
  1.40000000E+01  1.90000000E+01  5.27277000E-06  1.10671000E-02
  1.60000000E+01  1.60000000E+01  6.03137000E-06  1.10784000E-02
  1.60000000E+01  1.80000000E+01  1.50789000E-06  1.10848000E-02
  1.60000000E+01  1.90000000E+01  1.50789000E-06  1.10848000E-02
                                                                       1
 32000  0  7  72.59      180717  2  0.0         1.0000E+50  0.0
92931 91  0.0         3.          0.0         0.0         0.0
  5.00000000E+00  1.51430000E-05  1.62000000E-04
  6.00000000E+00  7.96502000E-05  1.93000000E-04
  1.00000000E+01  8.45872000E-04  1.28300000E-03
  1.10000000E+01  1.42280000E-03  1.28800000E-03
  1.30000000E+01  3.68421000E-06  1.38000000E-03
  1.40000000E+01  5.30451000E-06  1.38100000E-03
  1.80000000E+01  1.48270000E-05  1.40510000E-03
  1.90000000E+01  2.65231000E-05  1.40510000E-03
                                                                       1
 32000  0  9  72.59      180717  2  0.0         1.0000E+50  0.0
92932 91  0.0         3.          0.0         0.0         0.0
  5.00000000E+00  1.00000000E+01  2.93906000E-02  3.20000000E-05
  5.00000000E+00  1.10000000E+01  7.66285000E-02  3.70000000E-05
  5.00000000E+00  1.30000000E+01  5.23468000E-02  1.29000000E-04
  5.00000000E+00  1.40000000E+01  8.41045000E-02  1.30000000E-04
  5.00000000E+00  1.60000000E+01  6.56453000E-03  1.47700000E-04
  5.00000000E+00  1.80000000E+01  1.07022000E-03  1.54100000E-04
  5.00000000E+00  1.90000000E+01  1.49538000E-03  1.54100000E-04
  6.00000000E+00  1.00000000E+01  6.62188000E-02  6.30000000E-05
  6.00000000E+00  1.10000000E+01  1.40867000E-01  6.80000000E-05
  6.00000000E+00  1.30000000E+01  1.37184000E-01  1.60000000E-04
  6.00000000E+00  1.40000000E+01  1.95406000E-01  1.61000000E-04
  6.00000000E+00  1.60000000E+01  1.14422000E-02  1.78700000E-04
  6.00000000E+00  1.80000000E+01  1.26724000E-03  1.85100000E-04
  6.00000000E+00  1.90000000E+01  2.73520000E-03  1.85100000E-04
  8.00000000E+00  8.00000000E+00  9.30105000E-03  1.04500000E-03
  8.00000000E+00  1.00000000E+01  1.73140000E-02  1.09900000E-03
  8.00000000E+00  1.10000000E+01  3.35117000E-02  1.10400000E-03
  8.00000000E+00  1.30000000E+01  2.12224000E-02  1.19600000E-03
  8.00000000E+00  1.40000000E+01  3.10544000E-02  1.19700000E-03
  8.00000000E+00  1.60000000E+01  1.64237000E-03  1.21470000E-03
  8.00000000E+00  1.80000000E+01  3.87441000E-04  1.22110000E-03
  8.00000000E+00  1.90000000E+01  7.46872000E-04  1.22110000E-03
  1.00000000E+01  1.00000000E+01  2.10803000E-04  1.15300000E-03
  1.00000000E+01  1.10000000E+01  6.27118000E-04  1.15800000E-03
  1.00000000E+01  1.30000000E+01  3.31250000E-04  1.25000000E-03
  1.00000000E+01  1.40000000E+01  6.42174000E-03  1.25100000E-03
  1.00000000E+01  1.60000000E+01  1.30644000E-03  1.26870000E-03
  1.00000000E+01  1.80000000E+01  7.08612000E-06  1.27510000E-03
  1.00000000E+01  1.90000000E+01  1.32861000E-05  1.27510000E-03
  1.10000000E+01  1.10000000E+01  8.84258000E-04  1.16300000E-03
  1.10000000E+01  1.30000000E+01  6.95861000E-03  1.25500000E-03
  1.10000000E+01  1.40000000E+01  4.94497000E-03  1.25600000E-03
  1.10000000E+01  1.60000000E+01  2.74808000E-03  1.27370000E-03
  1.10000000E+01  1.80000000E+01  1.44332000E-05  1.28010000E-03
  1.10000000E+01  1.90000000E+01  3.36779000E-05  1.28010000E-03
  1.30000000E+01  1.30000000E+01  7.49570000E-04  1.34700000E-03
  1.30000000E+01  1.40000000E+01  3.60391000E-02  1.34800000E-03
  1.30000000E+01  1.60000000E+01  1.57125000E-03  1.36570000E-03
  1.30000000E+01  1.80000000E+01  9.91045000E-06  1.37210000E-03
  1.30000000E+01  1.90000000E+01  1.43252000E-04  1.37210000E-03
  1.40000000E+01  1.40000000E+01  9.96323000E-03  1.34900000E-03
  1.40000000E+01  1.60000000E+01  2.30184000E-03  1.36670000E-03
  1.40000000E+01  1.80000000E+01  1.41448000E-04  1.37310000E-03
  1.40000000E+01  1.90000000E+01  1.04504000E-04  1.37310000E-03
  1.60000000E+01  1.60000000E+01  7.11711000E-05  1.38440000E-03
  1.60000000E+01  1.80000000E+01  2.97275000E-05  1.39080000E-03
  1.60000000E+01  1.90000000E+01  5.76616000E-05  1.39080000E-03
                                                                       1
 32000  0  7  72.59      180717  2  0.0         1.0000E+50  0.0
92931 91  0.0         5.          0.0         0.0         0.0
  6.00000000E+00  9.43262000E-10  3.10000000E-05
  8.00000000E+00  4.21451000E-03  1.06700000E-03
  1.10000000E+01  2.07200000E-05  1.12600000E-03
  1.30000000E+01  9.33232000E-03  1.21800000E-03
  1.60000000E+01  1.44440000E-04  1.23670000E-03
  1.90000000E+01  4.58571000E-08  1.24310000E-03
                                                                       1
 32000  0  9  72.59      180717  2  0.0         1.0000E+50  0.0
92932 91  0.0         5.          0.0         0.0         0.0
  6.00000000E+00  1.60000000E+01  2.12506000E-02  1.67000000E-05
  6.00000000E+00  1.80000000E+01  1.68144000E-02  2.31000000E-05
  6.00000000E+00  1.90000000E+01  6.82712000E-03  2.31000000E-05
  8.00000000E+00  8.00000000E+00  2.76386000E-03  8.83000000E-04
  8.00000000E+00  1.00000000E+01  5.25910000E-02  9.37000000E-04
  8.00000000E+00  1.10000000E+01  4.57629000E-03  9.42000000E-04
  8.00000000E+00  1.30000000E+01  2.56586000E-03  1.03400000E-03
  8.00000000E+00  1.40000000E+01  6.38209000E-03  1.03500000E-03
  8.00000000E+00  1.60000000E+01  4.67685000E-04  1.05270000E-03
  8.00000000E+00  1.80000000E+01  9.45124000E-04  1.05910000E-03
  8.00000000E+00  1.90000000E+01  9.41889000E-05  1.05910000E-03
  1.00000000E+01  1.00000000E+01  4.69479000E-02  9.91000000E-04
  1.00000000E+01  1.10000000E+01  1.59553000E-01  9.96000000E-04
  1.00000000E+01  1.30000000E+01  6.70130000E-02  1.08800000E-03
  1.00000000E+01  1.40000000E+01  1.25891000E-01  1.08900000E-03
  1.00000000E+01  1.60000000E+01  5.26147000E-03  1.10670000E-03
  1.00000000E+01  1.80000000E+01  1.91298000E-03  1.11310000E-03
  1.00000000E+01  1.90000000E+01  3.51092000E-03  1.11310000E-03
  1.10000000E+01  1.10000000E+01  4.43617000E-03  1.00100000E-03
  1.10000000E+01  1.30000000E+01  8.14962000E-02  1.09300000E-03
  1.10000000E+01  1.40000000E+01  1.17142000E-02  1.09400000E-03
  1.10000000E+01  1.60000000E+01  4.05949000E-04  1.11170000E-03
  1.10000000E+01  1.80000000E+01  2.94231000E-03  1.11810000E-03
  1.10000000E+01  1.90000000E+01  1.75372000E-04  1.11810000E-03
  1.30000000E+01  1.30000000E+01  6.17886000E-02  1.18500000E-03
  1.30000000E+01  1.40000000E+01  2.78216000E-01  1.18600000E-03
  1.30000000E+01  1.60000000E+01  2.59582000E-04  1.20370000E-03
  1.30000000E+01  1.80000000E+01  1.20498000E-03  1.21010000E-03
  1.30000000E+01  1.90000000E+01  1.71128000E-03  1.21010000E-03
  1.40000000E+01  1.40000000E+01  1.33952000E-02  1.18700000E-03
  1.40000000E+01  1.60000000E+01  5.87874000E-04  1.20470000E-03
  1.40000000E+01  1.80000000E+01  2.17613000E-03  1.21110000E-03
  1.40000000E+01  1.90000000E+01  2.33858000E-04  1.21110000E-03
  1.60000000E+01  1.60000000E+01  1.94867000E-05  1.22240000E-03
  1.60000000E+01  1.80000000E+01  9.41898000E-05  1.22880000E-03
  1.60000000E+01  1.90000000E+01  9.74367000E-06  1.22880000E-03
  1.80000000E+01  1.80000000E+01  1.29907000E-05  1.23520000E-03
  1.80000000E+01  1.90000000E+01  3.89743000E-05  1.23520000E-03
                                                                       1
 32000  0  7  72.59      180717  2  0.0         1.0000E+50  0.0
92931 91  0.0         6.          0.0         0.0         0.0
  8.00000000E+00  4.22021000E-03  1.03600000E-03
  1.00000000E+01  1.09060000E-05  1.09000000E-03
  1.10000000E+01  1.05000000E-05  1.09500000E-03
  1.30000000E+01  8.05681000E-04  1.18700000E-03
  1.40000000E+01  8.31881000E-03  1.18800000E-03
  1.60000000E+01  1.24860000E-04  1.20570000E-03
  1.80000000E+01  2.10710000E-08  1.21210000E-03
  1.90000000E+01  1.99380000E-08  1.21210000E-03
                                                                       1
 32000  0  9  72.59      180717  2  0.0         1.0000E+50  0.0
92932 91  0.0         6.          0.0         0.0         0.0
  8.00000000E+00  8.00000000E+00  2.90445000E-03  8.52000000E-04
  8.00000000E+00  1.00000000E+01  2.09171000E-03  9.06000000E-04
  8.00000000E+00  1.10000000E+01  5.51338000E-02  9.11000000E-04
  8.00000000E+00  1.30000000E+01  4.35499000E-03  1.00300000E-03
  8.00000000E+00  1.40000000E+01  5.00277000E-03  1.00400000E-03
  8.00000000E+00  1.60000000E+01  4.92179000E-04  1.02170000E-03
  8.00000000E+00  1.80000000E+01  4.20942000E-05  1.02810000E-03
  8.00000000E+00  1.90000000E+01  9.94104000E-04  1.02810000E-03
  1.00000000E+01  1.00000000E+01  7.86833000E-04  9.60000000E-04
  1.00000000E+01  1.10000000E+01  8.61179000E-02  9.65000000E-04
  1.00000000E+01  1.30000000E+01  4.58175000E-03  1.05700000E-03
  1.00000000E+01  1.40000000E+01  4.30070000E-02  1.05800000E-03
  1.00000000E+01  1.60000000E+01  1.84567000E-04  1.07570000E-03
  1.00000000E+01  1.80000000E+01  3.23799000E-05  1.08210000E-03
  1.00000000E+01  1.90000000E+01  1.58981000E-03  1.08210000E-03
  1.10000000E+01  1.10000000E+01  1.25938000E-01  9.70000000E-04
  1.10000000E+01  1.30000000E+01  9.89277000E-02  1.06200000E-03
  1.10000000E+01  1.40000000E+01  1.49834000E-01  1.06300000E-03
  1.10000000E+01  1.60000000E+01  5.47885000E-03  1.08070000E-03
  1.10000000E+01  1.80000000E+01  1.88458000E-03  1.08710000E-03
  1.10000000E+01  1.90000000E+01  5.09672000E-03  1.08710000E-03
  1.30000000E+01  1.30000000E+01  1.11390000E-02  1.15400000E-03
  1.30000000E+01  1.40000000E+01  2.23168000E-01  1.15500000E-03
  1.30000000E+01  1.60000000E+01  4.07973000E-04  1.17270000E-03
  1.30000000E+01  1.80000000E+01  1.00382000E-04  1.17910000E-03
  1.30000000E+01  1.90000000E+01  1.75497000E-03  1.17910000E-03
  1.40000000E+01  1.40000000E+01  1.51100000E-01  1.15600000E-03
  1.40000000E+01  1.60000000E+01  4.85692000E-04  1.17370000E-03
  1.40000000E+01  1.80000000E+01  9.03387000E-04  1.18010000E-03
  1.40000000E+01  1.90000000E+01  2.80083000E-03  1.18010000E-03
  1.60000000E+01  1.60000000E+01  1.94278000E-05  1.19140000E-03
  1.60000000E+01  1.80000000E+01  3.23807000E-06  1.19780000E-03
  1.60000000E+01  1.90000000E+01  1.00384000E-04  1.19780000E-03
  1.80000000E+01  1.90000000E+01  1.94270000E-05  1.20420000E-03
  1.90000000E+01  1.90000000E+01  2.91430000E-05  1.20420000E-03
                                                                       1
 32000  0  7  72.59      180717  2  0.0         1.0000E+50  0.0
92931 91  0.0         8.          0.0         0.0         0.0
  1.00000000E+01  1.23020000E-05  5.40000000E-05
  1.10000000E+01  3.23001000E-05  5.90000000E-05
  1.80000000E+01  2.29881000E-06  1.76100000E-04
  1.90000000E+01  3.59621000E-06  1.76100000E-04
                                                                       1
 32000  0  9  72.59      180717  2  0.0         1.0000E+50  0.0
92932 91  0.0         8.          0.0         0.0         0.0
  1.00000000E+01  1.30000000E+01  5.71461000E-02  2.10000000E-05
  1.00000000E+01  1.40000000E+01  6.63447000E-02  2.20000000E-05
  1.00000000E+01  1.60000000E+01  7.86054000E-02  3.97000000E-05
  1.00000000E+01  1.80000000E+01  1.14915000E-02  4.61000000E-05
  1.00000000E+01  1.90000000E+01  2.89331000E-02  4.61000000E-05
  1.10000000E+01  1.30000000E+01  1.23544000E-01  2.60000000E-05
  1.10000000E+01  1.40000000E+01  1.98970000E-01  2.70000000E-05
  1.10000000E+01  1.60000000E+01  1.42663000E-01  4.47000000E-05
  1.10000000E+01  1.80000000E+01  2.87247000E-02  5.11000000E-05
  1.10000000E+01  1.90000000E+01  4.53399000E-02  5.11000000E-05
  1.30000000E+01  1.30000000E+01  7.38109000E-03  1.18000000E-04
  1.30000000E+01  1.40000000E+01  4.25322000E-02  1.19000000E-04
  1.30000000E+01  1.60000000E+01  5.52666000E-02  1.36700000E-04
  1.30000000E+01  1.80000000E+01  1.52754000E-03  1.43100000E-04
  1.30000000E+01  1.90000000E+01  1.42294000E-03  1.43100000E-04
  1.40000000E+01  1.40000000E+01  2.09853000E-02  1.20000000E-04
  1.40000000E+01  1.60000000E+01  8.20047000E-02  1.37700000E-04
  1.40000000E+01  1.80000000E+01  7.68680000E-04  1.44100000E-04
  1.40000000E+01  1.90000000E+01  3.35173000E-03  1.44100000E-04
  1.60000000E+01  1.60000000E+01  1.62565000E-03  1.55400000E-04
  1.60000000E+01  1.80000000E+01  4.45565000E-04  1.61800000E-04
  1.60000000E+01  1.90000000E+01  8.44393000E-04  1.61800000E-04
  1.80000000E+01  1.90000000E+01  2.23771000E-05  1.68200000E-04
  1.90000000E+01  1.90000000E+01  7.89763000E-06  1.68200000E-04
                                                                       1
 32000  0  7  72.59      180717  2  0.0         1.0000E+50  0.0
92931 91  0.0         10.         0.0         0.0         0.0
  1.30000000E+01  5.83360000E-05  9.70000000E-05
  1.60000000E+01  8.94200000E-06  1.15700000E-04
                                                                       1
 32000  0  9  72.59      180717  2  0.0         1.0000E+50  0.0
92932 91  0.0         10.         0.0         0.0         0.0
  1.30000000E+01  1.30000000E+01  1.41527000E-01  6.40000000E-05
  1.30000000E+01  1.40000000E+01  7.02595000E-01  6.50000000E-05
  1.30000000E+01  1.60000000E+01  6.04028000E-02  8.27000000E-05
  1.30000000E+01  1.80000000E+01  1.51817000E-02  8.91000000E-05
  1.30000000E+01  1.90000000E+01  2.23935000E-02  8.91000000E-05
  1.40000000E+01  1.40000000E+01  1.96458000E-02  6.60000000E-05
  1.40000000E+01  1.60000000E+01  9.92268000E-03  8.37000000E-05
  1.40000000E+01  1.80000000E+01  2.48507000E-02  9.01000000E-05
  1.40000000E+01  1.90000000E+01  2.32087000E-03  9.01000000E-05
  1.60000000E+01  1.60000000E+01  5.45470000E-05  1.01400000E-04
  1.60000000E+01  1.80000000E+01  6.92048000E-04  1.07800000E-04
  1.60000000E+01  1.90000000E+01  6.13650000E-05  1.07800000E-04
  1.80000000E+01  1.90000000E+01  2.82270000E-04  1.14200000E-04
  1.90000000E+01  1.90000000E+01  2.72720000E-06  1.14200000E-04
                                                                       1
 32000  0  7  72.59      180717  2  0.0         1.0000E+50  0.0
92931 91  0.0         11.         0.0         0.0         0.0
  1.30000000E+01  5.23161000E-06  9.20000000E-05
  1.40000000E+01  4.84271000E-05  9.30000000E-05
  1.60000000E+01  5.68871000E-06  1.10700000E-04
                                                                       1
 32000  0  9  72.59      180717  2  0.0         1.0000E+50  0.0
92932 91  0.0         11.         0.0         0.0         0.0
  1.30000000E+01  1.30000000E+01  2.36681000E-02  5.90000000E-05
  1.30000000E+01  1.40000000E+01  4.74545000E-01  6.00000000E-05
  1.30000000E+01  1.60000000E+01  1.38392000E-02  7.77000000E-05
  1.30000000E+01  1.80000000E+01  1.97076000E-03  8.41000000E-05
  1.30000000E+01  1.90000000E+01  2.00678000E-02  8.41000000E-05
  1.40000000E+01  1.40000000E+01  3.46765000E-01  6.10000000E-05
  1.40000000E+01  1.60000000E+01  6.68604000E-02  7.87000000E-05
  1.40000000E+01  1.80000000E+01  1.39276000E-02  8.51000000E-05
  1.40000000E+01  1.90000000E+01  3.71975000E-02  8.51000000E-05
  1.60000000E+01  1.60000000E+01  2.76955000E-05  9.64000000E-05
  1.60000000E+01  1.80000000E+01  3.27980000E-05  1.02800000E-04
  1.60000000E+01  1.90000000E+01  7.87878000E-04  1.02800000E-04
  1.80000000E+01  1.90000000E+01  1.69820000E-04  1.09200000E-04
  1.90000000E+01  1.90000000E+01  8.09011000E-05  1.09200000E-04
                                                                       1
 32000  0  7  72.59      180717  2  0.0         1.0000E+50  0.0
92931 91  0.0         13.         0.0         0.0         0.0
  1.80000000E+01  8.28221000E-08  2.51000000E-05
  1.90000000E+01  1.56680000E-08  2.51000000E-05
                                                                       1
 32000  0  9  72.59      180717  2  0.0         1.0000E+50  0.0
92932 91  0.0         13.         0.0         0.0         0.0
  1.60000000E+01  1.60000000E+01  4.84616000E-01  4.40000000E-06
  1.60000000E+01  1.80000000E+01  2.01976000E-01  1.08000000E-05
  1.60000000E+01  1.90000000E+01  1.62879000E-01  1.08000000E-05
  1.80000000E+01  1.90000000E+01  1.44100000E-01  1.72000000E-05
  1.90000000E+01  1.90000000E+01  6.42920000E-03  1.72000000E-05
                                                                       1
 32000  0  7  72.59      180717  2  0.0         1.0000E+50  0.0
92931 91  0.0         14.         0.0         0.0         0.0
  1.90000000E+01  7.94543000E-08  2.41000000E-05
                                                                       1
 32000  0  9  72.59      180717  2  0.0         1.0000E+50  0.0
92932 91  0.0         14.         0.0         0.0         0.0
  1.60000000E+01  1.60000000E+01  4.99340000E-01  3.40000000E-06
  1.60000000E+01  1.80000000E+01  8.22640000E-02  9.80000000E-06
  1.60000000E+01  1.90000000E+01  3.20700000E-01  9.80000000E-06
  1.80000000E+01  1.90000000E+01  5.68432000E-02  1.62000000E-05
  1.90000000E+01  1.90000000E+01  4.08532000E-02  1.62000000E-05
                                                                       1
