1.000E-03 1.372E+00 1.319E-02 4.076E+03 0.000E+00 0.000E+00 
1.500E-03 1.269E+00 2.673E-02 1.374E+03 0.000E+00 0.000E+00 
2.000E-03 1.150E+00 4.184E-02 6.162E+02 0.000E+00 0.000E+00 
3.000E-03 9.087E-01 7.075E-02 1.919E+02 0.000E+00 0.000E+00 
4.000E-03 7.082E-01 9.430E-02 8.197E+01 0.000E+00 0.000E+00 
5.000E-03 5.579E-01 1.123E-01 4.192E+01 0.000E+00 0.000E+00 
6.000E-03 4.489E-01 1.259E-01 2.407E+01 0.000E+00 0.000E+00 
8.000E-03 3.102E-01 1.440E-01 9.919E+00 0.000E+00 0.000E+00 
1.000E-02 2.305E-01 1.550E-01 4.944E+00 0.000E+00 0.000E+00 
1.500E-02 1.333E-01 1.699E-01 1.369E+00 0.000E+00 0.000E+00 
2.000E-02 8.856E-02 1.774E-01 5.439E-01 0.000E+00 0.000E+00 
3.000E-02 4.694E-02 1.829E-01 1.458E-01 0.000E+00 0.000E+00 
4.000E-02 2.874E-02 1.827E-01 5.680E-02 0.000E+00 0.000E+00 
5.000E-02 1.936E-02 1.803E-01 2.725E-02 0.000E+00 0.000E+00 
6.000E-02 1.392E-02 1.770E-01 1.493E-02 0.000E+00 0.000E+00 
8.000E-02 8.165E-03 1.697E-01 5.770E-03 0.000E+00 0.000E+00 
1.000E-01 5.349E-03 1.626E-01 2.763E-03 0.000E+00 0.000E+00 
1.500E-01 2.442E-03 1.474E-01 7.308E-04 0.000E+00 0.000E+00 
2.000E-01 1.388E-03 1.353E-01 2.887E-04 0.000E+00 0.000E+00 
3.000E-01 6.215E-04 1.179E-01 8.160E-05 0.000E+00 0.000E+00 
4.000E-01 3.506E-04 1.058E-01 3.493E-05 0.000E+00 0.000E+00 
5.000E-01 2.247E-04 9.663E-02 1.883E-05 0.000E+00 0.000E+00 
6.000E-01 1.561E-04 8.939E-02 1.173E-05 0.000E+00 0.000E+00 
8.000E-01 8.790E-05 7.856E-02 5.920E-06 0.000E+00 0.000E+00 
1.000E+00 5.627E-05 7.066E-02 3.681E-06 0.000E+00 0.000E+00 
1.022E+00 5.388E-05 6.991E-02 3.430E-06 0.000E+00 0.000E+00 
1.250E+00 3.603E-05 6.318E-02 2.329E-06 1.777E-05 0.000E+00 
1.500E+00 2.501E-05 5.742E-02 1.690E-06 9.820E-05 0.000E+00 
2.000E+00 1.407E-05 4.901E-02 1.063E-06 3.908E-04 0.000E+00 
2.044E+00 1.347E-05 4.839E-02 1.028E-06 4.212E-04 0.000E+00 
3.000E+00 6.255E-06 3.855E-02 5.937E-07 1.117E-03 1.349E-05 
4.000E+00 3.519E-06 3.216E-02 4.075E-07 1.812E-03 5.507E-05 
5.000E+00 2.252E-06 2.777E-02 3.090E-07 2.431E-03 1.097E-04 
6.000E+00 1.564E-06 2.454E-02 2.484E-07 2.987E-03 1.685E-04 
7.000E+00 1.149E-06 2.206E-02 2.075E-07 3.482E-03 2.272E-04 
8.000E+00 8.796E-07 2.008E-02 1.780E-07 3.927E-03 2.843E-04 
9.000E+00 6.951E-07 1.846E-02 1.559E-07 4.334E-03 3.389E-04 
1.000E+01 5.630E-07 1.710E-02 1.386E-07 4.699E-03 3.910E-04 
1.100E+01 4.652E-07 1.595E-02 1.248E-07 5.034E-03 4.404E-04 
1.200E+01 3.909E-07 1.496E-02 1.134E-07 5.341E-03 4.872E-04 
1.300E+01 3.331E-07 1.409E-02 1.039E-07 5.627E-03 5.315E-04 
1.400E+01 2.872E-07 1.333E-02 9.591E-08 5.893E-03 5.737E-04 
1.500E+01 2.502E-07 1.266E-02 8.906E-08 6.141E-03 6.135E-04 
1.600E+01 2.199E-07 1.205E-02 8.311E-08 6.376E-03 6.519E-04 
1.800E+01 1.737E-07 1.102E-02 7.331E-08 6.803E-03 7.230E-04 
2.000E+01 1.407E-07 1.016E-02 6.555E-08 7.186E-03 7.878E-04 
2.200E+01 1.163E-07 9.435E-03 5.930E-08 7.535E-03 8.480E-04 
2.400E+01 9.775E-08 8.817E-03 5.412E-08 7.853E-03 9.033E-04 
2.600E+01 8.329E-08 8.278E-03 4.978E-08 8.143E-03 9.548E-04 
2.800E+01 7.180E-08 7.809E-03 4.607E-08 8.412E-03 1.003E-03 
3.000E+01 6.255E-08 7.396E-03 4.289E-08 8.661E-03 1.048E-03 
4.000E+01 3.519E-08 5.875E-03 3.186E-08 9.674E-03 1.237E-03 
5.000E+01 2.252E-08 4.906E-03 2.534E-08 1.045E-02 1.385E-03 
6.000E+01 1.564E-08 4.225E-03 2.104E-08 1.106E-02 1.505E-03 
8.000E+01 8.796E-09 3.333E-03 1.571E-08 1.199E-02 1.693E-03 
1.000E+02 5.630E-09 2.767E-03 1.253E-08 1.267E-02 1.834E-03 
1.500E+02 2.502E-09 1.970E-03 8.317E-09 1.380E-02 2.081E-03 
2.000E+02 1.407E-09 1.545E-03 6.228E-09 1.450E-02 2.243E-03 
3.000E+02 6.255E-10 1.095E-03 4.142E-09 1.534E-02 2.453E-03 
4.000E+02 3.519E-10 8.574E-04 3.105E-09 1.583E-02 2.584E-03 
5.000E+02 2.251E-10 7.099E-04 2.482E-09 1.615E-02 2.675E-03 
6.000E+02 1.564E-10 6.079E-04 2.068E-09 1.639E-02 2.742E-03 
8.000E+02 8.796E-11 4.747E-04 1.550E-09 1.670E-02 2.838E-03 
1.000E+03 5.630E-11 3.905E-04 1.240E-09 1.691E-02 2.902E-03 
1.500E+03 2.502E-11 2.727E-04 8.260E-10 1.721E-02 2.999E-03 
2.000E+03 1.407E-11 2.111E-04 6.194E-10 1.738E-02 3.054E-03 
3.000E+03 6.255E-12 1.467E-04 4.129E-10 1.755E-02 3.114E-03 
4.000E+03 3.519E-12 1.133E-04 3.096E-10 1.765E-02 3.150E-03 
5.000E+03 2.251E-12 9.264E-05 2.477E-10 1.771E-02 3.172E-03 
6.000E+03 1.564E-12 7.856E-05 2.064E-10 1.776E-02 3.188E-03 
8.000E+03 8.796E-13 6.050E-05 1.548E-10 1.781E-02 3.208E-03 
1.000E+04 5.630E-13 4.939E-05 1.238E-10 1.784E-02 3.222E-03 
1.500E+04 2.502E-13 3.414E-05 8.254E-11 1.789E-02 3.240E-03 
2.000E+04 1.407E-13 2.625E-05 6.191E-11 1.792E-02 3.250E-03 
3.000E+04 6.255E-14 1.811E-05 4.129E-11 1.795E-02 3.260E-03 
4.000E+04 3.519E-14 1.390E-05 3.096E-11 1.796E-02 3.267E-03 
5.000E+04 2.251E-14 1.132E-05 2.476E-11 1.797E-02 3.270E-03 
6.000E+04 1.564E-14 9.568E-06 2.064E-11 1.798E-02 3.273E-03 
8.000E+04 8.796E-15 7.337E-06 1.548E-11 1.798E-02 3.275E-03 
1.000E+05 5.630E-15 5.967E-06 1.238E-11 1.799E-02 3.278E-03 
