 10000  0  0  20.179     180717  2  0.0         1.0000E+50  0.0
91912  0  0.0         0.0         0.0         0.0         0.0
 1.000000000E+00 2.000000000E+00
 3.000000000E+00 2.000000000E+00
 5.000000000E+00 2.000000000E+00
 6.000000000E+00 4.000000000E+00
                                                                       1
 10000  0  0  20.179     180717  2  0.0         1.0000E+50  0.0
91913  0  0.0         0.0         0.0         0.0         0.0
 1.000000000E+00 8.701000000E-04
 3.000000000E+00 4.847000000E-05
 5.000000000E+00 2.166000000E-05
 6.000000000E+00 2.166000000E-05
                                                                       1
 10000  0  0  20.179     180717  2  0.0         1.0000E+50  0.0
91914  0  0.0         0.0         0.0         0.0         0.0
 1.000000000E+00 1.296765131E-03
 3.000000000E+00 1.692693939E-04
 5.000000000E+00 1.380825000E-04
 6.000000000E+00 1.380879259E-04
                                                                       1
 10000  0  0  20.179     180717  2  0.0         1.0000E+50  0.0
91915  0  0.0         0.0         0.0         0.0         0.0
 1.000000000E+00 8.283100000E-10
 3.000000000E+00 4.630000000E-09
 5.000000000E+00 4.923500000E-09
 6.000000000E+00 4.939000000E-09
                                                                       1
 10000  0  0  20.179     180717  2  0.0         1.0000E+50  0.0
91921  0  0.0         0.0         0.0         0.0         0.0
 1.000000000E+00 3.368700000E-09
                                                                       1
 10000  0  0  20.179     180717  2  0.0         1.0000E+50  0.0
91922  0  0.0         0.0         0.0         0.0         0.0
 1.000000000E+00 2.394500000E-07
                                                                       1
 10000  0  0  20.179     180717  2  0.0         1.0000E+50  0.0
92935  0  0.0         0.0         0.0         0.0         0.0
 1.000000000E+00 5.110400311E-05
 3.000000000E+00 4.847000000E-05
 5.000000000E+00 2.166000000E-05
 6.000000000E+00 2.166000000E-05
                                                                       1
 10000  0  7  20.179     180717  2  0.0         1.0000E+50  0.0
92933  0  0.0         0.0         0.0         0.0         0.0
 1.000000000E+00 1.387300000E-02
                                                                       1
 10000  0  7  20.179     180717  2  0.0         1.0000E+50  0.0
92934  0  0.0         0.0         0.0         0.0         0.0
 1.000000000E+00 1.178951129E-05
                                                                       1
 10000  0  9  20.179     180717  2  0.0         1.0000E+50  0.0
92933  0  0.0         0.0         0.0         0.0         0.0
 1.000000000E+00 9.861270000E-01
                                                                       1
 10000  0  9  20.179     180717  2  0.0         1.0000E+50  0.0
92934  0  0.0         0.0         0.0         0.0         0.0
 1.000000000E+00 8.072063842E-04
                                                                       1
 10000  0  7  20.179     180717  2  0.0         1.0000E+50  0.0
92931 91  0.0         1.          0.0         0.0         0.0
  5.00000000E+00  4.64329000E-03  8.48440000E-04
  6.00000000E+00  9.22967000E-03  8.48440000E-04
                                                                       1
 10000  0  9  20.179     180717  2  0.0         1.0000E+50  0.0
92932 91  0.0         1.          0.0         0.0         0.0
  3.00000000E+00  3.00000000E+00  9.30584000E-02  7.73160000E-04
  3.00000000E+00  5.00000000E+00  9.21024000E-02  7.99970000E-04
  3.00000000E+00  6.00000000E+00  1.81578000E-01  7.99970000E-04
  5.00000000E+00  5.00000000E+00  1.45681000E-02  8.26780000E-04
  5.00000000E+00  6.00000000E+00  3.85131000E-01  8.26780000E-04
  6.00000000E+00  6.00000000E+00  2.19689000E-01  8.26780000E-04
                                                                       1
