 11000  0  0  22.9898    180717  2  0.0         1.0000E+50  0.0
91912  0  0.0         0.0         0.0         0.0         0.0
 1.000000000E+00 2.000000000E+00
 3.000000000E+00 2.000000000E+00
 5.000000000E+00 2.000000000E+00
 6.000000000E+00 4.000000000E+00
 8.000000000E+00 1.000000000E+00
                                                                       1
 11000  0  0  22.9898    180717  2  0.0         1.0000E+50  0.0
91913  0  0.0         0.0         0.0         0.0         0.0
 1.000000000E+00 1.075000000E-03
 3.000000000E+00 6.600000000E-05
 5.000000000E+00 3.400000000E-05
 6.000000000E+00 3.400000000E-05
 8.000000000E+00 5.140000000E-06
                                                                       1
 11000  0  0  22.9898    180717  2  0.0         1.0000E+50  0.0
91914  0  0.0         0.0         0.0         0.0         0.0
 1.000000000E+00 1.571177162E-03
 3.000000000E+00 2.007943548E-04
 5.000000000E+00 1.642959912E-04
 6.000000000E+00 1.641706240E-04
 8.000000000E+00 9.481553398E-06
                                                                       1
 11000  0  0  22.9898    180717  2  0.0         1.0000E+50  0.0
91915  0  0.0         0.0         0.0         0.0         0.0
 1.000000000E+00 7.506900000E-10
 3.000000000E+00 4.046900000E-09
 5.000000000E+00 4.035400000E-09
 6.000000000E+00 4.043100000E-09
 8.000000000E+00 2.131600000E-08
                                                                       1
 11000  0  0  22.9898    180717  2  0.0         1.0000E+50  0.0
91921  0  0.0         0.0         0.0         0.0         0.0
 1.000000000E+00 5.753400000E-09
 3.000000000E+00 8.834600000E-12
                                                                       1
 11000  0  0  22.9898    180717  2  0.0         1.0000E+50  0.0
91922  0  0.0         0.0         0.0         0.0         0.0
 1.000000000E+00 2.825400000E-07
 3.000000000E+00 5.152800000E-07
                                                                       1
 11000  0  0  22.9898    180717  2  0.0         1.0000E+50  0.0
92935  0  0.0         0.0         0.0         0.0         0.0
 1.000000000E+00 7.446870536E-05
 3.000000000E+00 4.241318859E-05
 5.000000000E+00 3.400000000E-05
 6.000000000E+00 3.400000000E-05
 8.000000000E+00 5.140000000E-06
                                                                       1
 11000  0  7  22.9898    180717  2  0.0         1.0000E+50  0.0
92933  0  0.0         0.0         0.0         0.0         0.0
 1.000000000E+00 2.003740000E-02
 3.000000000E+00 1.160190000E-04
                                                                       1
 11000  0  7  22.9898    180717  2  0.0         1.0000E+50  0.0
92934  0  0.0         0.0         0.0         0.0         0.0
 1.000000000E+00 2.075356203E-05
 3.000000000E+00 3.348210298E-09
                                                                       1
 11000  0  9  22.9898    180717  2  0.0         1.0000E+50  0.0
92933  0  0.0         0.0         0.0         0.0         0.0
 1.000000000E+00 1.423870000E+00
 3.000000000E+00 9.998840000E-01
                                                                       1
 11000  0  9  22.9898    180717  2  0.0         1.0000E+50  0.0
92934  0  0.0         0.0         0.0         0.0         0.0
 1.000000000E+00 9.797776316E-04
 3.000000000E+00 2.358343362E-05
                                                                       1
 11000  0  7  22.9898    180717  2  0.0         1.0000E+50  0.0
92931 91  0.0         1.          0.0         0.0         0.0
  5.00000000E+00  6.68996000E-03  1.04100000E-03
  6.00000000E+00  1.32959000E-02  1.04100000E-03
                                                                       1
 11000  0  9  22.9898    180717  2  0.0         1.0000E+50  0.0
92932 91  0.0         1.          0.0         0.0         0.0
  3.00000000E+00  3.00000000E+00  8.70552000E-02  9.43000000E-04
  3.00000000E+00  5.00000000E+00  8.90021000E-02  9.75000000E-04
  3.00000000E+00  6.00000000E+00  1.75052000E-01  9.75000000E-04
  3.00000000E+00  8.00000000E+00  5.73825000E-03  1.00386000E-03
  5.00000000E+00  5.00000000E+00  1.46296000E-02  1.00700000E-03
  5.00000000E+00  6.00000000E+00  3.82369000E-01  1.00700000E-03
  5.00000000E+00  8.00000000E+00  2.69932000E-03  1.03586000E-03
  6.00000000E+00  6.00000000E+00  2.18165000E-01  1.00700000E-03
  6.00000000E+00  8.00000000E+00  5.30407000E-03  1.03586000E-03
                                                                       1
 11000  0  7  22.9898    180717  2  0.0         1.0000E+50  0.0
92931 91  0.0         3.          0.0         0.0         0.0
  5.00000000E+00  3.80328000E-05  3.20000000E-05
  6.00000000E+00  7.79865000E-05  3.20000000E-05
                                                                       1
 11000  0  9  22.9898    180717  2  0.0         1.0000E+50  0.0
92932 91  0.0         3.          0.0         0.0         0.0
  5.00000000E+00  8.00000000E+00  3.34898000E-01  2.68600000E-05
  6.00000000E+00  8.00000000E+00  6.64986000E-01  2.68600000E-05
                                                                       1
