 12000  0  0  24.312     180717  2  0.0         1.0000E+50  0.0
91912  0  0.0         0.0         0.0         0.0         0.0
 1.000000000E+00 2.000000000E+00
 3.000000000E+00 2.000000000E+00
 5.000000000E+00 2.000000000E+00
 6.000000000E+00 4.000000000E+00
 8.000000000E+00 2.000000000E+00
                                                                       1
 12000  0  0  24.312     180717  2  0.0         1.0000E+50  0.0
91913  0  0.0         0.0         0.0         0.0         0.0
 1.000000000E+00 1.308000000E-03
 3.000000000E+00 9.200000000E-05
 5.000000000E+00 5.400000000E-05
 6.000000000E+00 5.400000000E-05
 8.000000000E+00 7.650000000E-06
                                                                       1
 12000  0  0  24.312     180717  2  0.0         1.0000E+50  0.0
91914  0  0.0         0.0         0.0         0.0         0.0
 1.000000000E+00 1.878488065E-03
 3.000000000E+00 2.553910127E-04
 5.000000000E+00 2.185305040E-04
 6.000000000E+00 2.181699858E-04
 8.000000000E+00 2.116240929E-05
                                                                       1
 12000  0  0  24.312     180717  2  0.0         1.0000E+50  0.0
91915  0  0.0         0.0         0.0         0.0         0.0
 1.000000000E+00 6.862000000E-10
 3.000000000E+00 3.600500000E-09
 5.000000000E+00 3.481200000E-09
 6.000000000E+00 3.492400000E-09
 8.000000000E+00 1.653100000E-08
                                                                       1
 12000  0  0  24.312     180717  2  0.0         1.0000E+50  0.0
91921  0  0.0         0.0         0.0         0.0         0.0
 1.000000000E+00 9.114400000E-09
 3.000000000E+00 1.102700000E-11
 5.000000000E+00 1.146000000E-12
 6.000000000E+00 1.151200000E-12
                                                                       1
 12000  0  0  24.312     180717  2  0.0         1.0000E+50  0.0
91922  0  0.0         0.0         0.0         0.0         0.0
 1.000000000E+00 3.244600000E-07
 3.000000000E+00 1.124900000E-06
 5.000000000E+00 4.435300000E-10
 6.000000000E+00 4.163200000E-10
                                                                       1
 12000  0  0  24.312     180717  2  0.0         1.0000E+50  0.0
92935  0  0.0         0.0         0.0         0.0         0.0
 1.000000000E+00 3.021565886E-05
 3.000000000E+00 2.117048960E-05
 5.000000000E+00 1.315862069E-05
 6.000000000E+00 1.323115220E-05
 8.000000000E+00 7.650000000E-06
                                                                       1
 12000  0  7  24.312     180717  2  0.0         1.0000E+50  0.0
92933  0  0.0         0.0         0.0         0.0         0.0
 1.000000000E+00 2.777560000E-02
 3.000000000E+00 1.815640000E-04
 5.000000000E+00 3.411390000E-06
 6.000000000E+00 3.179590000E-06
                                                                       1
 12000  0  7  24.312     180717  2  0.0         1.0000E+50  0.0
92934  0  0.0         0.0         0.0         0.0         0.0
 1.000000000E+00 3.464770243E-05
 3.000000000E+00 6.238095685E-09
 5.000000000E+00 1.617708223E-10
 6.000000000E+00 1.506632646E-10
                                                                       1
 12000  0  9  24.312     180717  2  0.0         1.0000E+50  0.0
92933  0  0.0         0.0         0.0         0.0         0.0
 1.000000000E+00 3.340170000E+00
 3.000000000E+00 1.987810000E+00
 5.000000000E+00 9.999970000E-01
 6.000000000E+00 9.999970000E-01
                                                                       1
 12000  0  9  24.312     180717  2  0.0         1.0000E+50  0.0
92934  0  0.0         0.0         0.0         0.0         0.0
 1.000000000E+00 1.243140579E-03
 3.000000000E+00 7.082323720E-05
 5.000000000E+00 4.084128382E-05
 6.000000000E+00 4.076875178E-05
                                                                       1
 12000  0  7  24.312     180717  2  0.0         1.0000E+50  0.0
92931 91  0.0         1.          0.0         0.0         0.0
  5.00000000E+00  9.27327000E-03  1.25400000E-03
  6.00000000E+00  1.84189000E-02  1.25400000E-03
                                                                       1
 12000  0  9  24.312     180717  2  0.0         1.0000E+50  0.0
92932 91  0.0         1.          0.0         0.0         0.0
  3.00000000E+00  3.00000000E+00  8.23145000E-02  1.12400000E-03
  3.00000000E+00  5.00000000E+00  8.60821000E-02  1.16200000E-03
  3.00000000E+00  6.00000000E+00  1.68838000E-01  1.16200000E-03
  3.00000000E+00  8.00000000E+00  1.26143000E-02  1.20835000E-03
  5.00000000E+00  5.00000000E+00  1.44975000E-02  1.20000000E-03
  5.00000000E+00  6.00000000E+00  3.75508000E-01  1.20000000E-03
  5.00000000E+00  8.00000000E+00  5.99323000E-03  1.24635000E-03
  6.00000000E+00  6.00000000E+00  2.14213000E-01  1.20000000E-03
  6.00000000E+00  8.00000000E+00  1.17657000E-02  1.24635000E-03
  8.00000000E+00  8.00000000E+00  4.81078000E-04  1.29270000E-03
                                                                       1
 12000  0  7  24.312     180717  2  0.0         1.0000E+50  0.0
92931 91  0.0         3.          0.0         0.0         0.0
  5.00000000E+00  5.79260000E-05  3.80000000E-05
  6.00000000E+00  1.20420000E-04  3.80000000E-05
                                                                       1
 12000  0  9  24.312     180717  2  0.0         1.0000E+50  0.0
92932 91  0.0         3.          0.0         0.0         0.0
  5.00000000E+00  8.00000000E+00  3.31220000E-01  3.03500000E-05
  6.00000000E+00  8.00000000E+00  6.56590000E-01  3.03500000E-05
  8.00000000E+00  8.00000000E+00  1.20110000E-02  7.67000000E-05
                                                                       1
 12000  0  7  24.312     180717  2  0.0         1.0000E+50  0.0
92931 91  0.0         5.          0.0         0.0         0.0
  6.00000000E+00  5.45278000E-16  0.00000000E+00
  8.00000000E+00  3.41139000E-06  4.63500000E-05
                                                                       1
 12000  0  9  24.312     180717  2  0.0         1.0000E+50  0.0
92932 91  0.0         5.          0.0         0.0         0.0
  8.00000000E+00  8.00000000E+00  9.99997000E-01  3.87000000E-05
                                                                       1
 12000  0  7  24.312     180717  2  0.0         1.0000E+50  0.0
92931 91  0.0         6.          0.0         0.0         0.0
  8.00000000E+00  3.17959000E-06  4.63500000E-05
                                                                       1
 12000  0  9  24.312     180717  2  0.0         1.0000E+50  0.0
92932 91  0.0         6.          0.0         0.0         0.0
  8.00000000E+00  8.00000000E+00  9.99997000E-01  3.87000000E-05
                                                                       1
