 13000  0  0  26.9815    180717  2  0.0         1.0000E+50  0.0
91912  0  0.0         0.0         0.0         0.0         0.0
 1.000000000E+00 2.000000000E+00
 3.000000000E+00 2.000000000E+00
 5.000000000E+00 2.000000000E+00
 6.000000000E+00 4.000000000E+00
 8.000000000E+00 2.000000000E+00
 1.000000000E+01 3.300000000E-01
 1.100000000E+01 6.700000000E-01
                                                                       1
 13000  0  0  26.9815    180717  2  0.0         1.0000E+50  0.0
91913  0  0.0         0.0         0.0         0.0         0.0
 1.000000000E+00 1.564000000E-03
 3.000000000E+00 1.210000000E-04
 5.000000000E+00 7.700000000E-05
 6.000000000E+00 7.700000000E-05
 8.000000000E+00 9.070000000E-06
 1.000000000E+01 5.990000000E-06
 1.100000000E+01 5.990000000E-06
                                                                       1
 13000  0  0  26.9815    180717  2  0.0         1.0000E+50  0.0
91914  0  0.0         0.0         0.0         0.0         0.0
 1.000000000E+00 2.210932318E-03
 3.000000000E+00 3.124147837E-04
 5.000000000E+00 2.733879310E-04
 6.000000000E+00 2.727476774E-04
 8.000000000E+00 2.993278543E-05
 1.000000000E+01 2.256069672E-05
 1.100000000E+01 2.243482546E-05
                                                                       1
 13000  0  0  26.9815    180717  2  0.0         1.0000E+50  0.0
91915  0  0.0         0.0         0.0         0.0         0.0
 1.000000000E+00 6.317600000E-10
 3.000000000E+00 3.241000000E-09
 5.000000000E+00 3.068800000E-09
 6.000000000E+00 3.079600000E-09
 8.000000000E+00 1.292900000E-08
 1.000000000E+01 1.817700000E-08
 1.100000000E+01 1.823400000E-08
                                                                       1
 13000  0  0  26.9815    180717  2  0.0         1.0000E+50  0.0
91921  0  0.0         0.0         0.0         0.0         0.0
 1.000000000E+00 1.382300000E-08
 3.000000000E+00 1.488300000E-11
 5.000000000E+00 2.691500000E-12
 6.000000000E+00 2.709200000E-12
                                                                       1
 13000  0  0  26.9815    180717  2  0.0         1.0000E+50  0.0
91922  0  0.0         0.0         0.0         0.0         0.0
 1.000000000E+00 3.651800000E-07
 3.000000000E+00 1.389500000E-06
 5.000000000E+00 5.716900000E-09
 6.000000000E+00 5.714200000E-09
                                                                       1
 13000  0  0  26.9815    180717  2  0.0         1.0000E+50  0.0
92935  0  0.0         0.0         0.0         0.0         0.0
 1.000000000E+00 3.497723182E-05
 3.000000000E+00 2.574184796E-05
 5.000000000E+00 1.501462069E-05
 6.000000000E+00 1.506607581E-05
 8.000000000E+00 9.070000000E-06
 1.000000000E+01 5.990000000E-06
 1.100000000E+01 5.990000000E-06
                                                                       1
 13000  0  7  26.9815    180717  2  0.0         1.0000E+50  0.0
92933  0  0.0         0.0         0.0         0.0         0.0
 1.000000000E+00 3.728470000E-02
 3.000000000E+00 2.707040000E-04
 5.000000000E+00 1.605320000E-05
 6.000000000E+00 1.500010000E-05
                                                                       1
 13000  0  7  26.9815    180717  2  0.0         1.0000E+50  0.0
92934  0  0.0         0.0         0.0         0.0         0.0
 1.000000000E+00 5.509156952E-05
 3.000000000E+00 1.147258883E-08
 5.000000000E+00 1.081432759E-09
 6.000000000E+00 1.009650935E-09
                                                                       1
 13000  0  9  26.9815    180717  2  0.0         1.0000E+50  0.0
92933  0  0.0         0.0         0.0         0.0         0.0
 1.000000000E+00 3.287480000E+00
 3.000000000E+00 1.980630000E+00
 5.000000000E+00 9.999840000E-01
 6.000000000E+00 9.999850000E-01
                                                                       1
 13000  0  9  26.9815    180717  2  0.0         1.0000E+50  0.0
92934  0  0.0         0.0         0.0         0.0         0.0
 1.000000000E+00 1.473927970E-03
 3.000000000E+00 9.524666695E-05
 5.000000000E+00 6.198433621E-05
 6.000000000E+00 6.193287502E-05
                                                                       1
 13000  0  7  26.9815    180717  2  0.0         1.0000E+50  0.0
92931 91  0.0         1.          0.0         0.0         0.0
  5.00000000E+00  1.23699000E-02  1.48700000E-03
  6.00000000E+00  2.45528000E-02  1.48700000E-03
  1.00000000E+01  7.55854000E-05  1.55801000E-03
  1.10000000E+01  1.50039000E-04  1.55801000E-03
                                                                       1
 13000  0  9  26.9815    180717  2  0.0         1.0000E+50  0.0
92932 91  0.0         1.          0.0         0.0         0.0
  3.00000000E+00  3.00000000E+00  7.83944000E-02  1.32200000E-03
  3.00000000E+00  5.00000000E+00  8.32180000E-02  1.36600000E-03
  3.00000000E+00  6.00000000E+00  1.62725000E-01  1.36600000E-03
  3.00000000E+00  8.00000000E+00  1.35884000E-02  1.43393000E-03
  3.00000000E+00  1.00000000E+01  8.96794000E-04  1.43701000E-03
  3.00000000E+00  1.10000000E+01  1.76485000E-03  1.43701000E-03
  5.00000000E+00  5.00000000E+00  1.42920000E-02  1.41000000E-03
  5.00000000E+00  6.00000000E+00  3.66942000E-01  1.41000000E-03
  5.00000000E+00  8.00000000E+00  6.49294000E-03  1.47793000E-03
  5.00000000E+00  1.00000000E+01  3.01318000E-04  1.48101000E-03
  5.00000000E+00  1.10000000E+01  3.65883000E-03  1.48101000E-03
  6.00000000E+00  6.00000000E+00  2.09226000E-01  1.41000000E-03
  6.00000000E+00  8.00000000E+00  1.27063000E-02  1.47793000E-03
  6.00000000E+00  1.00000000E+01  3.65189000E-03  1.48101000E-03
  6.00000000E+00  1.10000000E+01  4.20421000E-03  1.48101000E-03
  8.00000000E+00  8.00000000E+00  5.81139000E-04  1.54586000E-03
  8.00000000E+00  1.00000000E+01  7.17440000E-05  1.54894000E-03
  8.00000000E+00  1.10000000E+01  1.36311000E-04  1.54894000E-03
                                                                       1
 13000  0  7  26.9815    180717  2  0.0         1.0000E+50  0.0
92931 91  0.0         3.          0.0         0.0         0.0
  5.00000000E+00  7.90053000E-05  4.40000000E-05
  6.00000000E+00  1.70531000E-04  4.40000000E-05
  1.00000000E+01  2.07691000E-06  1.15010000E-04
  1.10000000E+01  4.02982000E-06  1.15010000E-04
                                                                       1
 13000  0  9  26.9815    180717  2  0.0         1.0000E+50  0.0
92932 91  0.0         3.          0.0         0.0         0.0
  5.00000000E+00  8.00000000E+00  2.98134000E-01  3.49300000E-05
  5.00000000E+00  1.00000000E+01  1.67498000E-02  3.80100000E-05
  5.00000000E+00  1.10000000E+01  1.46673000E-02  3.80100000E-05
  6.00000000E+00  8.00000000E+00  5.89896000E-01  3.49300000E-05
  6.00000000E+00  1.00000000E+01  1.45284000E-02  3.80100000E-05
  6.00000000E+00  1.10000000E+01  4.66786000E-02  3.80100000E-05
  8.00000000E+00  8.00000000E+00  1.12532000E-02  1.02860000E-04
  8.00000000E+00  1.00000000E+01  2.61944000E-03  1.05940000E-04
  8.00000000E+00  1.10000000E+01  5.21749000E-03  1.05940000E-04
                                                                       1
 13000  0  7  26.9815    180717  2  0.0         1.0000E+50  0.0
92931 91  0.0         5.          0.0         0.0         0.0
  6.00000000E+00  3.83922000E-15  0.00000000E+00
  8.00000000E+00  1.60531000E-05  6.79300000E-05
  1.10000000E+01  1.75611000E-10  7.10100000E-05
                                                                       1
 13000  0  9  26.9815    180717  2  0.0         1.0000E+50  0.0
92932 91  0.0         5.          0.0         0.0         0.0
  8.00000000E+00  8.00000000E+00  1.50408000E-01  5.88600000E-05
  8.00000000E+00  1.00000000E+01  8.00076000E-01  6.19400000E-05
  8.00000000E+00  1.10000000E+01  4.94996000E-02  6.19400000E-05
                                                                       1
 13000  0  7  26.9815    180717  2  0.0         1.0000E+50  0.0
92931 91  0.0         6.          0.0         0.0         0.0
  8.00000000E+00  1.49999000E-05  6.79300000E-05
  1.00000000E+01  8.20316000E-11  7.10100000E-05
  1.10000000E+01  8.10126000E-11  7.10100000E-05
                                                                       1
 13000  0  9  26.9815    180717  2  0.0         1.0000E+50  0.0
92932 91  0.0         6.          0.0         0.0         0.0
  8.00000000E+00  8.00000000E+00  1.44757000E-01  5.88600000E-05
  8.00000000E+00  1.00000000E+01  2.47625000E-02  6.19400000E-05
  8.00000000E+00  1.10000000E+01  8.30465000E-01  6.19400000E-05
                                                                       1
