 15000  0  0  30.9738    180717  2  0.0         1.0000E+50  0.0
91912  0  0.0         0.0         0.0         0.0         0.0
 1.000000000E+00 2.000000000E+00
 3.000000000E+00 2.000000000E+00
 5.000000000E+00 2.000000000E+00
 6.000000000E+00 4.000000000E+00
 8.000000000E+00 2.000000000E+00
 1.000000000E+01 1.000000000E+00
 1.100000000E+01 2.000000000E+00
                                                                       1
 15000  0  0  30.9738    180717  2  0.0         1.0000E+50  0.0
91913  0  0.0         0.0         0.0         0.0         0.0
 1.000000000E+00 2.148000000E-03
 3.000000000E+00 1.910000000E-04
 5.000000000E+00 1.350000000E-04
 6.000000000E+00 1.340000000E-04
 8.000000000E+00 1.615000000E-05
 1.000000000E+01 1.049000000E-05
 1.100000000E+01 1.049000000E-05
                                                                       1
 15000  0  0  30.9738    180717  2  0.0         1.0000E+50  0.0
91914  0  0.0         0.0         0.0         0.0         0.0
 1.000000000E+00 2.963481787E-03
 3.000000000E+00 4.545728560E-04
 5.000000000E+00 4.140232859E-04
 6.000000000E+00 4.095252569E-04
 8.000000000E+00 6.006748983E-05
 1.000000000E+01 5.502868735E-05
 1.100000000E+01 5.480489796E-05
                                                                       1
 15000  0  0  30.9738    180717  2  0.0         1.0000E+50  0.0
91915  0  0.0         0.0         0.0         0.0         0.0
 1.000000000E+00 5.452600000E-10
 3.000000000E+00 2.701200000E-09
 5.000000000E+00 2.488400000E-09
 6.000000000E+00 2.499600000E-09
 8.000000000E+00 9.654000000E-09
 1.000000000E+01 1.201300000E-08
 1.100000000E+01 1.206700000E-08
                                                                       1
 15000  0  0  30.9738    180717  2  0.0         1.0000E+50  0.0
91921  0  0.0         0.0         0.0         0.0         0.0
 1.000000000E+00 2.875000000E-08
 3.000000000E+00 4.231200000E-11
 5.000000000E+00 7.978300000E-12
 6.000000000E+00 8.063900000E-12
                                                                       1
 15000  0  0  30.9738    180717  2  0.0         1.0000E+50  0.0
91922  0  0.0         0.0         0.0         0.0         0.0
 1.000000000E+00 4.440600000E-07
 3.000000000E+00 2.030400000E-06
 5.000000000E+00 3.724900000E-08
 6.000000000E+00 3.740500000E-08
                                                                       1
 15000  0  0  30.9738    180717  2  0.0         1.0000E+50  0.0
92935  0  0.0         0.0         0.0         0.0         0.0
 1.000000000E+00 4.634644743E-05
 3.000000000E+00 3.635725568E-05
 5.000000000E+00 2.063761320E-05
 6.000000000E+00 2.057391663E-05
 8.000000000E+00 1.615000000E-05
 1.000000000E+01 1.049000000E-05
 1.100000000E+01 1.049000000E-05
                                                                       1
 15000  0  7  30.9738    180717  2  0.0         1.0000E+50  0.0
92933  0  0.0         0.0         0.0         0.0         0.0
 1.000000000E+00 6.221100000E-02
 3.000000000E+00 5.368780000E-04
 5.000000000E+00 1.073200000E-04
 6.000000000E+00 1.007290000E-04
                                                                       1
 15000  0  7  30.9738    180717  2  0.0         1.0000E+50  0.0
92934  0  0.0         0.0         0.0         0.0         0.0
 1.000000000E+00 1.244940631E-04
 3.000000000E+00 3.930140102E-08
 5.000000000E+00 1.269624838E-08
 6.000000000E+00 1.181659285E-08
                                                                       1
 15000  0  9  30.9738    180717  2  0.0         1.0000E+50  0.0
92933  0  0.0         0.0         0.0         0.0         0.0
 1.000000000E+00 3.166440000E+00
 3.000000000E+00 1.969380000E+00
 5.000000000E+00 9.998930000E-01
 6.000000000E+00 9.998990000E-01
                                                                       1
 15000  0  9  30.9738    180717  2  0.0         1.0000E+50  0.0
92934  0  0.0         0.0         0.0         0.0         0.0
 1.000000000E+00 1.977160195E-03
 3.000000000E+00 1.546033503E-04
 5.000000000E+00 1.143492885E-04
 6.000000000E+00 1.134141554E-04
                                                                       1
 15000  0  7  30.9738    180717  2  0.0         1.0000E+50  0.0
92931 91  0.0         1.          0.0         0.0         0.0
  5.00000000E+00  2.01220000E-02  2.01300000E-03
  6.00000000E+00  3.98749000E-02  2.01400000E-03
  1.00000000E+01  6.21469000E-04  2.13751000E-03
  1.10000000E+01  1.23210000E-03  2.13751000E-03
                                                                       1
 15000  0  9  30.9738    180717  2  0.0         1.0000E+50  0.0
92932 91  0.0         1.          0.0         0.0         0.0
  3.00000000E+00  3.00000000E+00  7.12845000E-02  1.76600000E-03
  3.00000000E+00  5.00000000E+00  7.70090000E-02  1.82200000E-03
  3.00000000E+00  6.00000000E+00  1.49534000E-01  1.82300000E-03
  3.00000000E+00  8.00000000E+00  1.42971000E-02  1.94085000E-03
  3.00000000E+00  1.00000000E+01  3.09277000E-03  1.94651000E-03
  3.00000000E+00  1.10000000E+01  6.00170000E-03  1.94651000E-03
  5.00000000E+00  5.00000000E+00  1.35789000E-02  1.87800000E-03
  5.00000000E+00  6.00000000E+00  3.44468000E-01  1.87900000E-03
  5.00000000E+00  8.00000000E+00  6.87552000E-03  1.99685000E-03
  5.00000000E+00  1.00000000E+01  1.05204000E-03  2.00251000E-03
  5.00000000E+00  1.10000000E+01  1.25152000E-02  2.00251000E-03
  6.00000000E+00  6.00000000E+00  1.96055000E-01  1.88000000E-03
  6.00000000E+00  8.00000000E+00  1.33713000E-02  1.99785000E-03
  6.00000000E+00  1.00000000E+01  1.25043000E-02  2.00351000E-03
  6.00000000E+00  1.10000000E+01  1.43892000E-02  2.00351000E-03
  8.00000000E+00  8.00000000E+00  7.12833000E-04  2.11570000E-03
  8.00000000E+00  1.00000000E+01  2.75938000E-04  2.12136000E-03
  8.00000000E+00  1.10000000E+01  5.34626000E-04  2.12136000E-03
  1.00000000E+01  1.00000000E+01  1.72459000E-05  2.12702000E-03
  1.00000000E+01  1.10000000E+01  3.67923000E-04  2.12702000E-03
  1.10000000E+01  1.10000000E+01  2.12700000E-04  2.12702000E-03
                                                                       1
 15000  0  7  30.9738    180717  2  0.0         1.0000E+50  0.0
92931 91  0.0         3.          0.0         0.0         0.0
  5.00000000E+00  1.18800000E-04  5.60000000E-05
  6.00000000E+00  2.78870000E-04  5.70000000E-05
  1.00000000E+01  1.42970000E-05  1.80510000E-04
  1.10000000E+01  2.50490000E-05  1.80510000E-04
                                                                       1
 15000  0  9  30.9738    180717  2  0.0         1.0000E+50  0.0
92932 91  0.0         3.          0.0         0.0         0.0
  5.00000000E+00  8.00000000E+00  2.31157000E-01  3.98500000E-05
  5.00000000E+00  1.00000000E+01  4.82015000E-02  4.55100000E-05
  5.00000000E+00  1.10000000E+01  4.87713000E-02  4.55100000E-05
  6.00000000E+00  8.00000000E+00  4.55856000E-01  4.08500000E-05
  6.00000000E+00  1.00000000E+01  4.78317000E-02  4.65100000E-05
  6.00000000E+00  1.10000000E+01  1.37702000E-01  4.65100000E-05
  8.00000000E+00  8.00000000E+00  9.19772000E-03  1.58700000E-04
  8.00000000E+00  1.00000000E+01  6.89081000E-03  1.64360000E-04
  8.00000000E+00  1.10000000E+01  1.36935000E-02  1.64360000E-04
  1.00000000E+01  1.00000000E+01  8.43928000E-05  1.70020000E-04
  1.00000000E+01  1.10000000E+01  2.67913000E-06  1.70020000E-04
  1.10000000E+01  1.10000000E+01  1.74150000E-04  1.70020000E-04
                                                                       1
 15000  0  7  30.9738    180717  2  0.0         1.0000E+50  0.0
92931 91  0.0         5.          0.0         0.0         0.0
  6.00000000E+00  7.54471000E-14  1.00000000E-06
  8.00000000E+00  1.07310000E-04  1.18850000E-04
  1.10000000E+01  9.51832000E-09  1.24510000E-04
                                                                       1
 15000  0  9  30.9738    180717  2  0.0         1.0000E+50  0.0
92932 91  0.0         5.          0.0         0.0         0.0
  8.00000000E+00  8.00000000E+00  3.84224000E-02  1.02700000E-04
  8.00000000E+00  1.00000000E+01  4.09857000E-01  1.08360000E-04
  8.00000000E+00  1.10000000E+01  2.66610000E-02  1.08360000E-04
  1.00000000E+01  1.00000000E+01  1.11541000E-01  1.14020000E-04
  1.00000000E+01  1.10000000E+01  4.01870000E-01  1.14020000E-04
  1.10000000E+01  1.10000000E+01  1.15410000E-02  1.14020000E-04
                                                                       1
 15000  0  7  30.9738    180717  2  0.0         1.0000E+50  0.0
92931 91  0.0         6.          0.0         0.0         0.0
  8.00000000E+00  1.00720000E-04  1.17850000E-04
  1.00000000E+01  4.44840000E-09  1.23510000E-04
  1.10000000E+01  4.38500000E-09  1.23510000E-04
                                                                       1
 15000  0  9  30.9738    180717  2  0.0         1.0000E+50  0.0
92932 91  0.0         6.          0.0         0.0         0.0
  8.00000000E+00  8.00000000E+00  3.74626000E-02  1.01700000E-04
  8.00000000E+00  1.00000000E+01  1.31656000E-02  1.07360000E-04
  8.00000000E+00  1.10000000E+01  4.23652000E-01  1.07360000E-04
  1.00000000E+01  1.00000000E+01  1.74570000E-03  1.13020000E-04
  1.00000000E+01  1.10000000E+01  2.10574000E-01  1.13020000E-04
  1.10000000E+01  1.10000000E+01  3.13300000E-01  1.13020000E-04
                                                                       1
