 18000  0  0  39.948     180717  2  0.0         1.0000E+50  0.0
91912  0  0.0         0.0         0.0         0.0         0.0
 1.000000000E+00 2.000000000E+00
 3.000000000E+00 2.000000000E+00
 5.000000000E+00 2.000000000E+00
 6.000000000E+00 4.000000000E+00
 8.000000000E+00 2.000000000E+00
 1.000000000E+01 2.000000000E+00
 1.100000000E+01 4.000000000E+00
                                                                       1
 18000  0  0  39.948     180717  2  0.0         1.0000E+50  0.0
91913  0  0.0         0.0         0.0         0.0         0.0
 1.000000000E+00 3.206300000E-03
 3.000000000E+00 3.265000000E-04
 5.000000000E+00 2.506000000E-04
 6.000000000E+00 2.485000000E-04
 8.000000000E+00 2.924000000E-05
 1.000000000E+01 1.594000000E-05
 1.100000000E+01 1.576000000E-05
                                                                       1
 18000  0  0  39.948     180717  2  0.0         1.0000E+50  0.0
91914  0  0.0         0.0         0.0         0.0         0.0
 1.000000000E+00 4.314318010E-03
 3.000000000E+00 7.317420955E-04
 5.000000000E+00 6.871682476E-04
 6.000000000E+00 6.779064713E-04
 8.000000000E+00 1.213985754E-04
 1.000000000E+01 1.003936525E-04
 1.100000000E+01 9.911434511E-05
                                                                       1
 18000  0  0  39.948     180717  2  0.0         1.0000E+50  0.0
91915  0  0.0         0.0         0.0         0.0         0.0
 1.000000000E+00 4.514200000E-10
 3.000000000E+00 2.160900000E-09
 5.000000000E+00 1.943900000E-09
 6.000000000E+00 1.956300000E-09
 8.000000000E+00 7.225000000E-09
 1.000000000E+01 8.383500000E-09
 1.100000000E+01 8.437600000E-09
                                                                       1
 18000  0  0  39.948     180717  2  0.0         1.0000E+50  0.0
91921  0  0.0         0.0         0.0         0.0         0.0
 1.000000000E+00 7.165700000E-08
 3.000000000E+00 2.379500000E-10
 5.000000000E+00 2.435100000E-11
 6.000000000E+00 2.481200000E-11
                                                                       1
 18000  0  0  39.948     180717  2  0.0         1.0000E+50  0.0
91922  0  0.0         0.0         0.0         0.0         0.0
 1.000000000E+00 5.576400000E-07
 3.000000000E+00 3.242300000E-06
 5.000000000E+00 1.504800000E-07
 6.000000000E+00 1.512700000E-07
                                                                       1
 18000  0  0  39.948     180717  2  0.0         1.0000E+50  0.0
92935  0  0.0         0.0         0.0         0.0         0.0
 1.000000000E+00 6.741231624E-05
 3.000000000E+00 5.599595316E-05
 5.000000000E+00 3.297666127E-05
 6.000000000E+00 3.284727690E-05
 8.000000000E+00 2.924000000E-05
 1.000000000E+01 1.594000000E-05
 1.100000000E+01 1.576000000E-05
                                                                       1
 18000  0  7  39.948     180717  2  0.0         1.0000E+50  0.0
92933  0  0.0         0.0         0.0         0.0         0.0
 1.000000000E+00 1.157830000E-01
 3.000000000E+00 1.233500000E-03
 5.000000000E+00 5.715950000E-04
 6.000000000E+00 5.394080000E-04
                                                                       1
 18000  0  7  39.948     180717  2  0.0         1.0000E+50  0.0
92934  0  0.0         0.0         0.0         0.0         0.0
 1.000000000E+00 3.410346446E-04
 3.000000000E+00 2.291312685E-07
 5.000000000E+00 1.266372433E-07
 6.000000000E+00 1.183575661E-07
                                                                       1
 18000  0  9  39.948     180717  2  0.0         1.0000E+50  0.0
92933  0  0.0         0.0         0.0         0.0         0.0
 1.000000000E+00 2.952180000E+00
 3.000000000E+00 1.955240000E+00
 5.000000000E+00 9.994280000E-01
 6.000000000E+00 9.994610000E-01
                                                                       1
 18000  0  9  39.948     180717  2  0.0         1.0000E+50  0.0
92934  0  0.0         0.0         0.0         0.0         0.0
 1.000000000E+00 2.797853947E-03
 3.000000000E+00 2.702752895E-04
 5.000000000E+00 2.174964463E-04
 6.000000000E+00 2.155339492E-04
                                                                       1
 18000  0  7  39.948     180717  2  0.0         1.0000E+50  0.0
92931 91  0.0         1.          0.0         0.0         0.0
  5.00000000E+00  3.55868000E-02  2.95570000E-03
  6.00000000E+00  7.03336000E-02  2.95780000E-03
  1.00000000E+01  2.91258000E-03  3.19036000E-03
  1.10000000E+01  5.75646000E-03  3.19054000E-03
                                                                       1
 18000  0  9  39.948     180717  2  0.0         1.0000E+50  0.0
92932 91  0.0         1.          0.0         0.0         0.0
  3.00000000E+00  3.00000000E+00  6.16844000E-02  2.55330000E-03
  3.00000000E+00  5.00000000E+00  6.75987000E-02  2.62920000E-03
  3.00000000E+00  6.00000000E+00  1.29586000E-01  2.63130000E-03
  3.00000000E+00  8.00000000E+00  1.37829000E-02  2.85056000E-03
  3.00000000E+00  1.00000000E+01  6.39436000E-03  2.86386000E-03
  3.00000000E+00  1.10000000E+01  1.22222000E-02  2.86404000E-03
  5.00000000E+00  5.00000000E+00  1.21489000E-02  2.70510000E-03
  5.00000000E+00  6.00000000E+00  3.02561000E-01  2.70720000E-03
  5.00000000E+00  8.00000000E+00  6.61466000E-03  2.92646000E-03
  5.00000000E+00  1.00000000E+01  2.20338000E-03  2.93976000E-03
  5.00000000E+00  1.10000000E+01  2.55000000E-02  2.93994000E-03
  6.00000000E+00  6.00000000E+00  1.71563000E-01  2.70930000E-03
  6.00000000E+00  8.00000000E+00  1.27069000E-02  2.92856000E-03
  6.00000000E+00  1.00000000E+01  2.55026000E-02  2.94186000E-03
  6.00000000E+00  1.10000000E+01  2.92457000E-02  2.94204000E-03
  8.00000000E+00  8.00000000E+00  7.64713000E-04  3.14782000E-03
  8.00000000E+00  1.00000000E+01  6.26469000E-04  3.16112000E-03
  8.00000000E+00  1.10000000E+01  1.20100000E-03  3.16130000E-03
  1.00000000E+01  1.00000000E+01  9.93685000E-05  3.17442000E-03
  1.00000000E+01  1.10000000E+01  2.16012000E-03  3.17460000E-03
  1.10000000E+01  1.10000000E+01  1.24429000E-03  3.17478000E-03
                                                                       1
 18000  0  7  39.948     180717  2  0.0         1.0000E+50  0.0
92931 91  0.0         3.          0.0         0.0         0.0
  5.00000000E+00  1.23859000E-04  7.59000000E-05
  6.00000000E+00  3.33608000E-04  7.80000000E-05
  1.00000000E+01  9.68363000E-05  3.10560000E-04
  1.10000000E+01  1.52699000E-04  3.10740000E-04
                                                                       1
 18000  0  9  39.948     180717  2  0.0         1.0000E+50  0.0
92932 91  0.0         3.          0.0         0.0         0.0
  5.00000000E+00  8.00000000E+00  1.55105000E-01  4.66600000E-05
  5.00000000E+00  1.00000000E+01  8.00244000E-02  5.99600000E-05
  5.00000000E+00  1.10000000E+01  9.30786000E-02  6.01400000E-05
  6.00000000E+00  8.00000000E+00  3.04564000E-01  4.87600000E-05
  6.00000000E+00  1.00000000E+01  8.98110000E-02  6.20600000E-05
  6.00000000E+00  1.10000000E+01  2.33431000E-01  6.22400000E-05
  8.00000000E+00  8.00000000E+00  7.34583000E-03  2.68020000E-04
  8.00000000E+00  1.00000000E+01  1.17252000E-02  2.81320000E-04
  8.00000000E+00  1.10000000E+01  2.31926000E-02  2.81500000E-04
  1.00000000E+01  1.00000000E+01  2.96096000E-04  2.94620000E-04
  1.00000000E+01  1.10000000E+01  7.11414000E-05  2.94800000E-04
  1.10000000E+01  1.10000000E+01  6.48915000E-04  2.94980000E-04
                                                                       1
 18000  0  7  39.948     180717  2  0.0         1.0000E+50  0.0
92931 91  0.0         5.          0.0         0.0         0.0
  6.00000000E+00  1.84940000E-12  2.10000000E-06
  8.00000000E+00  5.71349000E-04  2.21360000E-04
  1.10000000E+01  2.45970000E-07  2.34840000E-04
                                                                       1
 18000  0  9  39.948     180717  2  0.0         1.0000E+50  0.0
92932 91  0.0         5.          0.0         0.0         0.0
  8.00000000E+00  8.00000000E+00  1.21988000E-02  1.92120000E-04
  8.00000000E+00  1.00000000E+01  2.19087000E-01  2.05420000E-04
  8.00000000E+00  1.10000000E+01  1.53435000E-02  2.05600000E-04
  1.00000000E+01  1.00000000E+01  1.61746000E-01  2.18720000E-04
  1.00000000E+01  1.10000000E+01  5.74753000E-01  2.18900000E-04
  1.10000000E+01  1.10000000E+01  1.63000000E-02  2.19080000E-04
                                                                       1
 18000  0  7  39.948     180717  2  0.0         1.0000E+50  0.0
92931 91  0.0         6.          0.0         0.0         0.0
  8.00000000E+00  5.39180000E-04  2.19260000E-04
  1.00000000E+01  1.14890000E-07  2.32560000E-04
  1.10000000E+01  1.12760000E-07  2.32740000E-04
                                                                       1
 18000  0  9  39.948     180717  2  0.0         1.0000E+50  0.0
92932 91  0.0         6.          0.0         0.0         0.0
  8.00000000E+00  8.00000000E+00  1.20275000E-02  1.90020000E-04
  8.00000000E+00  1.00000000E+01  7.49704000E-03  2.03320000E-04
  8.00000000E+00  1.10000000E+01  2.26636000E-01  2.03500000E-04
  1.00000000E+01  1.00000000E+01  2.71477000E-03  2.16620000E-04
  1.00000000E+01  1.10000000E+01  3.01615000E-01  2.16800000E-04
  1.10000000E+01  1.10000000E+01  4.48970000E-01  2.16980000E-04
                                                                       1
