 21000  0  0  44.958     180717  2  0.0         1.0000E+50  0.0
91912  0  0.0         0.0         0.0         0.0         0.0
 1.000000000E+00 2.000000000E+00
 3.000000000E+00 2.000000000E+00
 5.000000000E+00 2.000000000E+00
 6.000000000E+00 4.000000000E+00
 8.000000000E+00 2.000000000E+00
 1.000000000E+01 2.000000000E+00
 1.100000000E+01 4.000000000E+00
 1.300000000E+01 4.000000000E-01
 1.400000000E+01 6.000000000E-01
 1.600000000E+01 2.000000000E+00
                                                                       1
 21000  0  0  44.958     180717  2  0.0         1.0000E+50  0.0
91913  0  0.0         0.0         0.0         0.0         0.0
 1.000000000E+00 4.494000000E-03
 3.000000000E+00 5.030000000E-04
 5.000000000E+00 4.080000000E-04
 6.000000000E+00 4.030000000E-04
 8.000000000E+00 5.500000000E-05
 1.000000000E+01 3.300000000E-05
 1.100000000E+01 3.300000000E-05
 1.300000000E+01 8.000000000E-06
 1.400000000E+01 8.000000000E-06
 1.600000000E+01 7.030000000E-06
                                                                       1
 21000  0  0  44.958     180717  2  0.0         1.0000E+50  0.0
91914  0  0.0         0.0         0.0         0.0         0.0
 1.000000000E+00 5.912702405E-03
 3.000000000E+00 1.041840620E-03
 5.000000000E+00 9.919899439E-04
 6.000000000E+00 9.722426748E-04
 8.000000000E+00 1.892176982E-04
 1.000000000E+01 1.505000000E-04
 1.100000000E+01 1.500714286E-04
 1.300000000E+01 1.123050847E-04
 1.400000000E+01 1.124090909E-04
 1.600000000E+01 2.567737288E-05
                                                                       1
 21000  0  0  44.958     180717  2  0.0         1.0000E+50  0.0
91915  0  0.0         0.0         0.0         0.0         0.0
 1.000000000E+00 3.849600000E-10
 3.000000000E+00 1.796800000E-09
 5.000000000E+00 1.592100000E-09
 6.000000000E+00 1.605600000E-09
 8.000000000E+00 5.564600000E-09
 1.000000000E+01 5.950700000E-09
 1.100000000E+01 5.989300000E-09
 1.300000000E+01 8.244500000E-09
 1.400000000E+01 8.263800000E-09
 1.600000000E+01 1.962100000E-08
                                                                       1
 21000  0  0  44.958     180717  2  0.0         1.0000E+50  0.0
91921  0  0.0         0.0         0.0         0.0         0.0
 1.000000000E+00 1.499800000E-07
 3.000000000E+00 7.612600000E-10
 5.000000000E+00 1.376200000E-10
 6.000000000E+00 1.388600000E-10
 8.000000000E+00 8.286900000E-12
 1.000000000E+01 3.309500000E-12
 1.100000000E+01 3.248700000E-12
                                                                       1
 21000  0  0  44.958     180717  2  0.0         1.0000E+50  0.0
91922  0  0.0         0.0         0.0         0.0         0.0
 1.000000000E+00 6.502200000E-07
 3.000000000E+00 4.586100000E-06
 5.000000000E+00 2.260400000E-07
 6.000000000E+00 2.278400000E-07
 8.000000000E+00 1.482600000E-06
 1.000000000E+01 5.886000000E-08
 1.100000000E+01 4.993100000E-08
                                                                       1
 21000  0  0  44.958     180717  2  0.0         1.0000E+50  0.0
92935  0  0.0         0.0         0.0         0.0         0.0
 1.000000000E+00 5.274306449E-05
 3.000000000E+00 4.220675656E-05
 5.000000000E+00 2.753299749E-05
 6.000000000E+00 2.740145698E-05
 8.000000000E+00 1.792651453E-05
 1.000000000E+01 1.136125000E-05
 1.100000000E+01 1.141575269E-05
 1.300000000E+01 8.000000000E-06
 1.400000000E+01 8.000000000E-06
 1.600000000E+01 7.030000000E-06
                                                                       1
 21000  0  7  44.958     180717  2  0.0         1.0000E+50  0.0
92933  0  0.0         0.0         0.0         0.0         0.0
 1.000000000E+00 1.889330000E-01
 3.000000000E+00 2.412770000E-03
 5.000000000E+00 1.677390000E-03
 6.000000000E+00 1.588690000E-03
 8.000000000E+00 2.306290000E-06
 1.000000000E+01 3.313300000E-09
 1.100000000E+01 2.749090000E-09
                                                                       1
 21000  0  7  44.958     180717  2  0.0         1.0000E+50  0.0
92934  0  0.0         0.0         0.0         0.0         0.0
 1.000000000E+00 7.671669985E-04
 3.000000000E+00 8.474993870E-07
 5.000000000E+00 5.900436666E-07
 6.000000000E+00 5.507515531E-07
 8.000000000E+00 4.517657199E-11
 1.000000000E+01 9.093666667E-14
 1.100000000E+01 7.532127496E-14
                                                                       1
 21000  0  9  44.958     180717  2  0.0         1.0000E+50  0.0
92933  0  0.0         0.0         0.0         0.0         0.0
 1.000000000E+00 6.759190000E+00
 3.000000000E+00 5.149940000E+00
 5.000000000E+00 3.120420000E+00
 6.000000000E+00 3.117240000E+00
 8.000000000E+00 1.974390000E+00
 1.000000000E+01 1.000000000E+00
 1.100000000E+01 1.000000000E+00
                                                                       1
 21000  0  9  44.958     180717  2  0.0         1.0000E+50  0.0
92934  0  0.0         0.0         0.0         0.0         0.0
 1.000000000E+00 3.674095069E-03
 3.000000000E+00 4.599454632E-04
 5.000000000E+00 3.798765229E-04
 6.000000000E+00 3.750474563E-04
 8.000000000E+00 3.707339517E-05
 1.000000000E+01 2.163875000E-05
 1.100000000E+01 2.158424731E-05
                                                                       1
 21000  0  7  44.958     180717  2  0.0         1.0000E+50  0.0
92931 91  0.0         1.          0.0         0.0         0.0
  5.00000000E+00  5.63841000E-02  4.08600000E-03
  6.00000000E+00  1.11130000E-01  4.09100000E-03
  1.00000000E+01  6.22301000E-03  4.46100000E-03
  1.10000000E+01  1.23040000E-02  4.46100000E-03
  1.30000000E+01  1.96120000E-07  4.48600000E-03
  1.40000000E+01  2.89041000E-07  4.48600000E-03
                                                                       1
 21000  0  9  44.958     180717  2  0.0         1.0000E+50  0.0
92932 91  0.0         1.          0.0         0.0         0.0
  3.00000000E+00  3.00000000E+00  5.44637000E-02  3.48800000E-03
  3.00000000E+00  5.00000000E+00  6.00783000E-02  3.58300000E-03
  3.00000000E+00  6.00000000E+00  1.13385000E-01  3.58800000E-03
  3.00000000E+00  8.00000000E+00  1.40482000E-02  3.93600000E-03
  3.00000000E+00  1.00000000E+01  7.19748000E-03  3.95800000E-03
  3.00000000E+00  1.10000000E+01  1.35473000E-02  3.95800000E-03
  3.00000000E+00  1.30000000E+01  2.38431000E-05  3.98300000E-03
  3.00000000E+00  1.40000000E+01  3.40637000E-05  3.98300000E-03
  3.00000000E+00  1.60000000E+01  1.53284000E-03  3.98397000E-03
  5.00000000E+00  5.00000000E+00  1.08769000E-02  3.67800000E-03
  5.00000000E+00  6.00000000E+00  2.67036000E-01  3.68300000E-03
  5.00000000E+00  8.00000000E+00  6.70028000E-03  4.03100000E-03
  5.00000000E+00  1.00000000E+01  2.47982000E-03  4.05300000E-03
  5.00000000E+00  1.10000000E+01  2.80789000E-02  4.05300000E-03
  5.00000000E+00  1.30000000E+01  3.40644000E-05  4.07800000E-03
  5.00000000E+00  1.40000000E+01  1.29436000E-04  4.07800000E-03
  5.00000000E+00  1.60000000E+01  7.15337000E-04  4.07897000E-03
  6.00000000E+00  6.00000000E+00  1.50576000E-01  3.68800000E-03
  6.00000000E+00  8.00000000E+00  1.26825000E-02  4.03600000E-03
  6.00000000E+00  1.00000000E+01  2.80366000E-02  4.05800000E-03
  6.00000000E+00  1.10000000E+01  3.20895000E-02  4.05800000E-03
  6.00000000E+00  1.30000000E+01  1.63498000E-04  4.08300000E-03
  6.00000000E+00  1.40000000E+01  1.63498000E-04  4.08300000E-03
  6.00000000E+00  1.60000000E+01  1.35901000E-03  4.08397000E-03
  8.00000000E+00  8.00000000E+00  8.95876000E-04  4.38400000E-03
  8.00000000E+00  1.00000000E+01  8.07310000E-04  4.40600000E-03
  8.00000000E+00  1.10000000E+01  1.51925000E-03  4.40600000E-03
  8.00000000E+00  1.30000000E+01  3.40645000E-06  4.43100000E-03
  8.00000000E+00  1.40000000E+01  3.40645000E-06  4.43100000E-03
  8.00000000E+00  1.60000000E+01  1.94159000E-04  4.43197000E-03
  1.00000000E+01  1.00000000E+01  1.36257000E-04  4.42800000E-03
  1.00000000E+01  1.10000000E+01  2.96706000E-03  4.42800000E-03
  1.00000000E+01  1.30000000E+01  3.40644000E-06  4.45300000E-03
  1.00000000E+01  1.40000000E+01  1.02198000E-05  4.45300000E-03
  1.00000000E+01  1.60000000E+01  8.51593000E-05  4.45397000E-03
  1.10000000E+01  1.10000000E+01  1.70995000E-03  4.42800000E-03
  1.10000000E+01  1.30000000E+01  1.36255000E-05  4.45300000E-03
  1.10000000E+01  1.40000000E+01  1.36255000E-05  4.45300000E-03
  1.10000000E+01  1.60000000E+01  1.63502000E-04  4.45397000E-03
                                                                       1
 21000  0  7  44.958     180717  2  0.0         1.0000E+50  0.0
92931 91  0.0         3.          0.0         0.0         0.0
  5.00000000E+00  7.81037000E-05  9.50000000E-05
  6.00000000E+00  2.40919000E-04  1.00000000E-04
  1.00000000E+01  2.62569000E-04  4.70000000E-04
  1.10000000E+01  3.88779000E-04  4.70000000E-04
  1.30000000E+01  1.37519000E-07  4.95000000E-04
  1.40000000E+01  2.05159000E-07  4.95000000E-04
                                                                       1
 21000  0  9  44.958     180717  2  0.0         1.0000E+50  0.0
92932 91  0.0         3.          0.0         0.0         0.0
  5.00000000E+00  8.00000000E+00  1.06879000E-01  4.00000000E-05
  5.00000000E+00  1.00000000E+01  6.92471000E-02  6.20000000E-05
  5.00000000E+00  1.10000000E+01  8.61788000E-02  6.20000000E-05
  5.00000000E+00  1.30000000E+01  1.23062000E-02  8.70000000E-05
  5.00000000E+00  1.40000000E+01  2.05685000E-02  8.70000000E-05
  5.00000000E+00  1.60000000E+01  1.17590000E-02  8.79700000E-05
  6.00000000E+00  8.00000000E+00  2.10562000E-01  4.50000000E-05
  6.00000000E+00  1.00000000E+01  8.17994000E-02  6.70000000E-05
  6.00000000E+00  1.10000000E+01  2.00993000E-01  6.70000000E-05
  6.00000000E+00  1.30000000E+01  2.77421000E-02  9.20000000E-05
  6.00000000E+00  1.40000000E+01  3.91714000E-02  9.20000000E-05
  6.00000000E+00  1.60000000E+01  2.24097000E-02  9.29700000E-05
  8.00000000E+00  8.00000000E+00  1.43325000E-02  3.93000000E-04
  8.00000000E+00  1.00000000E+01  2.52717000E-02  4.15000000E-04
  8.00000000E+00  1.10000000E+01  4.98762000E-02  4.15000000E-04
  8.00000000E+00  1.30000000E+01  2.24442000E-03  4.40000000E-04
  8.00000000E+00  1.40000000E+01  3.33368000E-03  4.40000000E-04
  8.00000000E+00  1.60000000E+01  2.81112000E-03  4.40970000E-04
  1.00000000E+01  1.00000000E+01  5.37809000E-04  4.37000000E-04
  1.00000000E+01  1.10000000E+01  3.62109000E-04  4.37000000E-04
  1.00000000E+01  1.30000000E+01  3.36123000E-05  4.62000000E-04
  1.00000000E+01  1.40000000E+01  5.25574000E-04  4.62000000E-04
  1.00000000E+01  1.60000000E+01  2.16038000E-03  4.62970000E-04
  1.10000000E+01  1.10000000E+01  1.49569000E-03  4.37000000E-04
  1.10000000E+01  1.30000000E+01  6.62433000E-04  4.62000000E-04
  1.10000000E+01  1.40000000E+01  4.96826000E-04  4.62000000E-04
  1.10000000E+01  1.60000000E+01  4.81792000E-03  4.62970000E-04
  1.30000000E+01  1.60000000E+01  1.81819000E-04  4.87970000E-04
  1.40000000E+01  1.60000000E+01  2.68909000E-04  4.87970000E-04
                                                                       1
 21000  0  7  44.958     180717  2  0.0         1.0000E+50  0.0
92931 91  0.0         5.          0.0         0.0         0.0
  6.00000000E+00  1.65549000E-11  5.00000000E-06
  8.00000000E+00  1.55229000E-03  3.53000000E-04
  1.10000000E+01  1.42119000E-06  3.75000000E-04
  1.30000000E+01  9.27695000E-05  4.00000000E-04
  1.60000000E+01  3.03898000E-05  4.00970000E-04
                                                                       1
 21000  0  9  44.958     180717  2  0.0         1.0000E+50  0.0
92932 91  0.0         5.          0.0         0.0         0.0
  8.00000000E+00  8.00000000E+00  1.00960000E-02  2.98000000E-04
  8.00000000E+00  1.00000000E+01  1.83509000E-01  3.20000000E-04
  8.00000000E+00  1.10000000E+01  1.37264000E-02  3.20000000E-04
  8.00000000E+00  1.30000000E+01  1.39422000E-03  3.45000000E-04
  8.00000000E+00  1.40000000E+01  1.57445000E-03  3.45000000E-04
  8.00000000E+00  1.60000000E+01  1.89902000E-03  3.45970000E-04
  1.00000000E+01  1.00000000E+01  1.50851000E-01  3.42000000E-04
  1.00000000E+01  1.10000000E+01  5.31502000E-01  3.42000000E-04
  1.00000000E+01  1.30000000E+01  1.57803000E-02  3.67000000E-04
  1.00000000E+01  1.40000000E+01  3.17545000E-02  3.67000000E-04
  1.00000000E+01  1.60000000E+01  2.02290000E-02  3.67970000E-04
  1.10000000E+01  1.10000000E+01  1.47351000E-02  3.42000000E-04
  1.10000000E+01  1.30000000E+01  1.68501000E-02  3.67000000E-04
  1.10000000E+01  1.40000000E+01  2.81247000E-03  3.67000000E-04
  1.10000000E+01  1.60000000E+01  1.29809000E-03  3.67970000E-04
  1.30000000E+01  1.60000000E+01  1.44229000E-04  3.92970000E-04
  1.40000000E+01  1.60000000E+01  1.68269000E-04  3.92970000E-04
                                                                       1
 21000  0  7  44.958     180717  2  0.0         1.0000E+50  0.0
92931 91  0.0         6.          0.0         0.0         0.0
  8.00000000E+00  1.47392000E-03  3.48000000E-04
  1.00000000E+01  6.61778000E-07  3.70000000E-04
  1.10000000E+01  6.49648000E-07  3.70000000E-04
  1.30000000E+01  6.52158000E-06  3.95000000E-04
  1.40000000E+01  7.76419000E-05  3.95000000E-04
  1.60000000E+01  2.87763000E-05  3.95970000E-04
                                                                       1
 21000  0  9  44.958     180717  2  0.0         1.0000E+50  0.0
92932 91  0.0         6.          0.0         0.0         0.0
  8.00000000E+00  8.00000000E+00  9.97238000E-03  2.93000000E-04
  8.00000000E+00  1.00000000E+01  6.53747000E-03  3.15000000E-04
  8.00000000E+00  1.10000000E+01  1.88760000E-01  3.15000000E-04
  8.00000000E+00  1.30000000E+01  1.12514000E-03  3.40000000E-04
  8.00000000E+00  1.40000000E+01  1.96599000E-03  3.40000000E-04
  8.00000000E+00  1.60000000E+01  1.87132000E-03  3.40970000E-04
  1.00000000E+01  1.00000000E+01  2.54640000E-03  3.37000000E-04
  1.00000000E+01  1.10000000E+01  2.76957000E-01  3.37000000E-04
  1.00000000E+01  1.30000000E+01  8.52748000E-04  3.62000000E-04
  1.00000000E+01  1.40000000E+01  8.94196000E-03  3.62000000E-04
  1.00000000E+01  1.60000000E+01  6.15890000E-04  3.62970000E-04
  1.10000000E+01  1.10000000E+01  4.18488000E-01  3.37000000E-04
  1.10000000E+01  1.30000000E+01  2.38249000E-02  3.62000000E-04
  1.10000000E+01  1.40000000E+01  3.46554000E-02  3.62000000E-04
  1.10000000E+01  1.60000000E+01  2.09778000E-02  3.62970000E-04
  1.30000000E+01  1.60000000E+01  1.18441000E-04  3.87970000E-04
  1.40000000E+01  1.60000000E+01  2.01342000E-04  3.87970000E-04
                                                                       1
 21000  0  7  44.958     180717  2  0.0         1.0000E+50  0.0
92931 91  0.0         8.          0.0         0.0         0.0
  1.00000000E+01  7.26321000E-07  2.20000000E-05
  1.10000000E+01  1.57710000E-06  2.20000000E-05
                                                                       1
 21000  0  9  44.958     180717  2  0.0         1.0000E+50  0.0
92932 91  0.0         8.          0.0         0.0         0.0
  1.00000000E+01  1.30000000E+01  4.27884000E-02  1.40000000E-05
  1.00000000E+01  1.40000000E+01  1.17811000E-01  1.40000000E-05
  1.00000000E+01  1.60000000E+01  1.65321000E-01  1.49700000E-05
  1.10000000E+01  1.30000000E+01  1.51515000E-01  1.40000000E-05
  1.10000000E+01  1.40000000E+01  1.75993000E-01  1.40000000E-05
  1.10000000E+01  1.60000000E+01  3.20963000E-01  1.49700000E-05
  1.30000000E+01  1.40000000E+01  1.93316000E-03  3.90000000E-05
  1.30000000E+01  1.60000000E+01  9.49786000E-03  3.99700000E-05
  1.40000000E+01  1.60000000E+01  1.41750000E-02  3.99700000E-05
                                                                       1
 21000  0  7  44.958     180717  2  0.0         1.0000E+50  0.0
92931 91  0.0         10.         0.0         0.0         0.0
  1.30000000E+01  2.14750000E-09  2.50000000E-05
  1.60000000E+01  1.16580000E-09  2.59700000E-05
                                                                       1
 21000  0  9  44.958     180717  2  0.0         1.0000E+50  0.0
92932 91  0.0         10.         0.0         0.0         0.0
  1.30000000E+01  1.40000000E+01  5.75791000E-01  1.70000000E-05
  1.30000000E+01  1.60000000E+01  3.52630000E-01  1.79700000E-05
  1.40000000E+01  1.60000000E+01  7.15791000E-02  1.79700000E-05
                                                                       1
 21000  0  7  44.958     180717  2  0.0         1.0000E+50  0.0
92931 91  0.0         11.         0.0         0.0         0.0
  1.30000000E+01  1.74670000E-10  2.50000000E-05
  1.40000000E+01  1.57960000E-09  2.50000000E-05
  1.60000000E+01  9.94820000E-10  2.59700000E-05
                                                                       1
 21000  0  9  44.958     180717  2  0.0         1.0000E+50  0.0
92932 91  0.0         11.         0.0         0.0         0.0
  1.30000000E+01  1.40000000E+01  4.81534000E-01  1.70000000E-05
  1.30000000E+01  1.60000000E+01  9.69755000E-02  1.79700000E-05
  1.40000000E+01  1.60000000E+01  4.21490000E-01  1.79700000E-05
                                                                       1
