 23000  0  0  50.942     180717  2  0.0         1.0000E+50  0.0
91912  0  0.0         0.0         0.0         0.0         0.0
 1.000000000E+00 2.000000000E+00
 3.000000000E+00 2.000000000E+00
 5.000000000E+00 2.000000000E+00
 6.000000000E+00 4.000000000E+00
 8.000000000E+00 2.000000000E+00
 1.000000000E+01 2.000000000E+00
 1.100000000E+01 4.000000000E+00
 1.300000000E+01 1.200000000E+00
 1.400000000E+01 1.800000000E+00
 1.600000000E+01 2.000000000E+00
                                                                       1
 23000  0  0  50.942     180717  2  0.0         1.0000E+50  0.0
91913  0  0.0         0.0         0.0         0.0         0.0
 1.000000000E+00 5.470000000E-03
 3.000000000E+00 6.330000000E-04
 5.000000000E+00 5.250000000E-04
 6.000000000E+00 5.180000000E-04
 8.000000000E+00 7.200000000E-05
 1.000000000E+01 4.400000000E-05
 1.100000000E+01 4.300000000E-05
 1.300000000E+01 8.000000000E-06
 1.400000000E+01 8.000000000E-06
 1.600000000E+01 6.740000000E-06
                                                                       1
 23000  0  0  50.942     180717  2  0.0         1.0000E+50  0.0
91914  0  0.0         0.0         0.0         0.0         0.0
 1.000000000E+00 7.132539709E-03
 3.000000000E+00 1.293317463E-03
 5.000000000E+00 1.241332631E-03
 6.000000000E+00 1.213281733E-03
 8.000000000E+00 2.547322690E-04
 1.000000000E+01 2.059703850E-04
 1.100000000E+01 2.006292428E-04
 1.300000000E+01 1.190926119E-04
 1.400000000E+01 1.193620147E-04
 1.600000000E+01 2.698033183E-05
                                                                       1
 23000  0  0  50.942     180717  2  0.0         1.0000E+50  0.0
91915  0  0.0         0.0         0.0         0.0         0.0
 1.000000000E+00 3.502800000E-10
 3.000000000E+00 1.614100000E-09
 5.000000000E+00 1.419500000E-09
 6.000000000E+00 1.434200000E-09
 8.000000000E+00 4.931300000E-09
 1.000000000E+01 5.209300000E-09
 1.100000000E+01 5.251800000E-09
 1.300000000E+01 6.784800000E-09
 1.400000000E+01 6.808000000E-09
 1.600000000E+01 1.770500000E-08
                                                                       1
 23000  0  0  50.942     180717  2  0.0         1.0000E+50  0.0
91921  0  0.0         0.0         0.0         0.0         0.0
 1.000000000E+00 2.278800000E-07
 3.000000000E+00 1.310600000E-09
 5.000000000E+00 5.204500000E-10
 6.000000000E+00 5.191400000E-10
 8.000000000E+00 1.161300000E-11
 1.000000000E+01 1.164000000E-11
 1.100000000E+01 1.123900000E-11
                                                                       1
 23000  0  0  50.942     180717  2  0.0         1.0000E+50  0.0
91922  0  0.0         0.0         0.0         0.0         0.0
 1.000000000E+00 6.940300000E-07
 3.000000000E+00 5.916100000E-06
 5.000000000E+00 2.797300000E-07
 6.000000000E+00 2.830700000E-07
 8.000000000E+00 2.636800000E-06
 1.000000000E+01 4.071200000E-07
 1.100000000E+01 3.812700000E-07
                                                                       1
 23000  0  0  50.942     180717  2  0.0         1.0000E+50  0.0
92935  0  0.0         0.0         0.0         0.0         0.0
 1.000000000E+00 6.538417825E-05
 3.000000000E+00 5.302794402E-05
 5.000000000E+00 3.566758479E-05
 6.000000000E+00 3.539373699E-05
 8.000000000E+00 2.515270348E-05
 1.000000000E+01 1.617792695E-05
 1.100000000E+01 1.598884917E-05
 1.300000000E+01 8.000000000E-06
 1.400000000E+01 8.000000000E-06
 1.600000000E+01 6.740000000E-06
                                                                       1
 23000  0  7  50.942     180717  2  0.0         1.0000E+50  0.0
92933  0  0.0         0.0         0.0         0.0         0.0
 1.000000000E+00 2.471740000E-01
 3.000000000E+00 3.546720000E-03
 5.000000000E+00 2.885850000E-03
 6.000000000E+00 2.736540000E-03
 8.000000000E+00 5.784230000E-06
 1.000000000E+01 2.678080000E-07
 1.100000000E+01 2.249720000E-07
                                                                       1
 23000  0  7  50.942     180717  2  0.0         1.0000E+50  0.0
92934  0  0.0         0.0         0.0         0.0         0.0
 1.000000000E+00 1.212518678E-03
 3.000000000E+00 1.676472274E-06
 5.000000000E+00 1.319922727E-06
 6.000000000E+00 1.232558356E-06
 8.000000000E+00 1.467247317E-10
 1.000000000E+01 9.604075025E-12
 1.100000000E+01 7.842590279E-12
                                                                       1
 23000  0  9  50.942     180717  2  0.0         1.0000E+50  0.0
92933  0  0.0         0.0         0.0         0.0         0.0
 1.000000000E+00 6.035860000E+00
 3.000000000E+00 4.668880000E+00
 5.000000000E+00 2.900060000E+00
 6.000000000E+00 2.876240000E+00
 8.000000000E+00 1.944740000E+00
 1.000000000E+01 1.000000000E+00
 1.100000000E+01 1.000000000E+00
                                                                       1
 23000  0  9  50.942     180717  2  0.0         1.0000E+50  0.0
92934  0  0.0         0.0         0.0         0.0         0.0
 1.000000000E+00 4.192097948E-03
 3.000000000E+00 5.782960708E-04
 5.000000000E+00 4.880127096E-04
 6.000000000E+00 4.813734281E-04
 8.000000000E+00 4.684710809E-05
 1.000000000E+01 2.782207305E-05
 1.100000000E+01 2.701115083E-05
                                                                       1
 23000  0  7  50.942     180717  2  0.0         1.0000E+50  0.0
92931 91  0.0         1.          0.0         0.0         0.0
  5.00000000E+00  7.32827000E-02  4.94500000E-03
  6.00000000E+00  1.44051000E-01  4.95200000E-03
  1.00000000E+01  8.48408000E-03  5.42600000E-03
  1.10000000E+01  1.67441000E-02  5.42700000E-03
  1.30000000E+01  1.26461000E-06  5.46200000E-03
  1.40000000E+01  1.85722000E-06  5.46200000E-03
                                                                       1
 23000  0  9  50.942     180717  2  0.0         1.0000E+50  0.0
92932 91  0.0         1.          0.0         0.0         0.0
  3.00000000E+00  3.00000000E+00  5.06652000E-02  4.20400000E-03
  3.00000000E+00  5.00000000E+00  5.60441000E-02  4.31200000E-03
  3.00000000E+00  6.00000000E+00  1.04478000E-01  4.31900000E-03
  3.00000000E+00  8.00000000E+00  1.33606000E-02  4.76500000E-03
  3.00000000E+00  1.00000000E+01  6.96391000E-03  4.79300000E-03
  3.00000000E+00  1.10000000E+01  1.29360000E-02  4.79400000E-03
  3.00000000E+00  1.30000000E+01  8.61211000E-05  4.82900000E-03
  3.00000000E+00  1.40000000E+01  1.21752000E-04  4.82900000E-03
  3.00000000E+00  1.60000000E+01  1.33636000E-03  4.83026000E-03
  5.00000000E+00  5.00000000E+00  1.01377000E-02  4.42000000E-03
  5.00000000E+00  6.00000000E+00  2.46529000E-01  4.42700000E-03
  5.00000000E+00  8.00000000E+00  6.34891000E-03  4.87300000E-03
  5.00000000E+00  1.00000000E+01  2.39054000E-03  4.90100000E-03
  5.00000000E+00  1.10000000E+01  2.67023000E-02  4.90200000E-03
  5.00000000E+00  1.30000000E+01  1.18782000E-04  4.93700000E-03
  5.00000000E+00  1.40000000E+01  4.51375000E-04  4.93700000E-03
  5.00000000E+00  1.60000000E+01  6.23612000E-04  4.93826000E-03
  6.00000000E+00  6.00000000E+00  1.38452000E-01  4.43400000E-03
  6.00000000E+00  8.00000000E+00  1.18782000E-02  4.88000000E-03
  6.00000000E+00  1.00000000E+01  2.66752000E-02  4.90800000E-03
  6.00000000E+00  1.10000000E+01  3.04260000E-02  4.90900000E-03
  6.00000000E+00  1.30000000E+01  5.58286000E-04  4.94400000E-03
  6.00000000E+00  1.40000000E+01  5.55318000E-04  4.94400000E-03
  6.00000000E+00  1.60000000E+01  1.16710000E-03  4.94526000E-03
  8.00000000E+00  8.00000000E+00  8.70167000E-04  5.32600000E-03
  8.00000000E+00  1.00000000E+01  7.92912000E-04  5.35400000E-03
  8.00000000E+00  1.10000000E+01  1.47595000E-03  5.35500000E-03
  8.00000000E+00  1.30000000E+01  8.90924000E-06  5.39000000E-03
  8.00000000E+00  1.40000000E+01  1.18788000E-05  5.39000000E-03
  8.00000000E+00  1.60000000E+01  1.75214000E-04  5.39126000E-03
  1.00000000E+01  1.00000000E+01  1.36607000E-04  5.38200000E-03
  1.00000000E+01  1.10000000E+01  2.91032000E-03  5.38300000E-03
  1.00000000E+01  1.30000000E+01  8.90920000E-06  5.41800000E-03
  1.00000000E+01  1.40000000E+01  4.15756000E-05  5.41800000E-03
  1.00000000E+01  1.60000000E+01  7.72150000E-05  5.41926000E-03
  1.10000000E+01  1.10000000E+01  1.67195000E-03  5.38400000E-03
  1.10000000E+01  1.30000000E+01  5.04825000E-05  5.41900000E-03
  1.10000000E+01  1.40000000E+01  5.04825000E-05  5.41900000E-03
  1.10000000E+01  1.60000000E+01  1.45503000E-04  5.42026000E-03
                                                                       1
 23000  0  7  50.942     180717  2  0.0         1.0000E+50  0.0
92931 91  0.0         3.          0.0         0.0         0.0
  5.00000000E+00  5.14719000E-05  1.08000000E-04
  6.00000000E+00  1.72900000E-04  1.15000000E-04
  1.00000000E+01  3.78930000E-04  5.89000000E-04
  1.10000000E+01  5.53899000E-04  5.90000000E-04
  1.30000000E+01  5.66349000E-07  6.25000000E-04
  1.40000000E+01  8.29699000E-07  6.25000000E-04
                                                                       1
 23000  0  9  50.942     180717  2  0.0         1.0000E+50  0.0
92932 91  0.0         3.          0.0         0.0         0.0
  5.00000000E+00  8.00000000E+00  6.92685000E-02  3.60000000E-05
  5.00000000E+00  1.00000000E+01  5.76641000E-02  6.40000000E-05
  5.00000000E+00  1.10000000E+01  7.55563000E-02  6.50000000E-05
  5.00000000E+00  1.30000000E+01  2.77886000E-02  1.00000000E-04
  5.00000000E+00  1.40000000E+01  4.59216000E-02  1.00000000E-04
  5.00000000E+00  1.60000000E+01  8.42067000E-03  1.01260000E-04
  6.00000000E+00  8.00000000E+00  1.66366000E-01  4.30000000E-05
  6.00000000E+00  1.00000000E+01  7.00676000E-02  7.10000000E-05
  6.00000000E+00  1.10000000E+01  1.65786000E-01  7.20000000E-05
  6.00000000E+00  1.30000000E+01  6.36193000E-02  1.07000000E-04
  6.00000000E+00  1.40000000E+01  8.97964000E-02  1.07000000E-04
  6.00000000E+00  1.60000000E+01  1.58339000E-02  1.08260000E-04
  8.00000000E+00  8.00000000E+00  1.58894000E-02  4.89000000E-04
  8.00000000E+00  1.00000000E+01  2.83859000E-02  5.17000000E-04
  8.00000000E+00  1.10000000E+01  5.58558000E-02  5.18000000E-04
  8.00000000E+00  1.30000000E+01  8.14935000E-03  5.53000000E-04
  8.00000000E+00  1.40000000E+01  1.20761000E-02  5.53000000E-04
  8.00000000E+00  1.60000000E+01  2.85333000E-03  5.54260000E-04
  1.00000000E+01  1.00000000E+01  4.99188000E-04  5.45000000E-04
  1.00000000E+01  1.10000000E+01  5.13101000E-04  5.46000000E-04
  1.00000000E+01  1.30000000E+01  1.11271000E-04  5.81000000E-04
  1.00000000E+01  1.40000000E+01  1.92563000E-03  5.81000000E-04
  1.00000000E+01  1.60000000E+01  2.08020000E-03  5.82260000E-04
  1.10000000E+01  1.10000000E+01  1.42664000E-03  5.47000000E-04
  1.10000000E+01  1.30000000E+01  2.25627000E-03  5.82000000E-04
  1.10000000E+01  1.40000000E+01  1.66420000E-03  5.82000000E-04
  1.10000000E+01  1.60000000E+01  4.37048000E-03  5.83260000E-04
  1.30000000E+01  1.30000000E+01  4.45303000E-05  6.17000000E-04
  1.30000000E+01  1.40000000E+01  2.47075000E-03  6.17000000E-04
  1.30000000E+01  1.60000000E+01  6.05312000E-04  6.18260000E-04
  1.40000000E+01  1.40000000E+01  6.77884000E-04  6.17000000E-04
  1.40000000E+01  1.60000000E+01  8.97214000E-04  6.18260000E-04
                                                                       1
 23000  0  7  50.942     180717  2  0.0         1.0000E+50  0.0
92931 91  0.0         5.          0.0         0.0         0.0
  6.00000000E+00  5.32070000E-11  7.00000000E-06
  8.00000000E+00  2.53310000E-03  4.53000000E-04
  1.10000000E+01  3.47480000E-06  4.82000000E-04
  1.30000000E+01  3.00970000E-04  5.17000000E-04
  1.60000000E+01  4.68090000E-05  5.18260000E-04
                                                                       1
 23000  0  9  50.942     180717  2  0.0         1.0000E+50  0.0
92932 91  0.0         5.          0.0         0.0         0.0
  8.00000000E+00  8.00000000E+00  8.39973000E-03  3.81000000E-04
  8.00000000E+00  1.00000000E+01  1.52279000E-01  4.09000000E-04
  8.00000000E+00  1.10000000E+01  1.17958000E-02  4.10000000E-04
  8.00000000E+00  1.30000000E+01  3.04273000E-03  4.45000000E-04
  8.00000000E+00  1.40000000E+01  4.19494000E-03  4.45000000E-04
  8.00000000E+00  1.60000000E+01  1.44753000E-03  4.46260000E-04
  1.00000000E+01  1.00000000E+01  1.26692000E-01  4.37000000E-04
  1.00000000E+01  1.10000000E+01  4.43666000E-01  4.38000000E-04
  1.00000000E+01  1.30000000E+01  4.29092000E-02  4.73000000E-04
  1.00000000E+01  1.40000000E+01  8.49087000E-02  4.73000000E-04
  1.00000000E+01  1.60000000E+01  1.52740000E-02  4.74260000E-04
  1.10000000E+01  1.10000000E+01  1.23480000E-02  4.39000000E-04
  1.10000000E+01  1.30000000E+01  4.81142000E-02  4.74000000E-04
  1.10000000E+01  1.40000000E+01  7.64178000E-03  4.74000000E-04
  1.10000000E+01  1.60000000E+01  1.03398000E-03  4.75260000E-04
  1.30000000E+01  1.30000000E+01  5.55548000E-03  5.09000000E-04
  1.30000000E+01  1.40000000E+01  2.55577000E-02  5.09000000E-04
  1.30000000E+01  1.60000000E+01  2.25843000E-04  5.10260000E-04
  1.40000000E+01  1.40000000E+01  1.62487000E-03  5.09000000E-04
  1.40000000E+01  1.60000000E+01  4.03728000E-04  5.10260000E-04
                                                                       1
 23000  0  7  50.942     180717  2  0.0         1.0000E+50  0.0
92931 91  0.0         6.          0.0         0.0         0.0
  8.00000000E+00  2.39979000E-03  4.46000000E-04
  1.00000000E+01  1.65889000E-06  4.74000000E-04
  1.10000000E+01  1.62499000E-06  4.75000000E-04
  1.30000000E+01  2.28229000E-05  5.10000000E-04
  1.40000000E+01  2.64839000E-04  5.10000000E-04
  1.60000000E+01  4.43688000E-05  5.11260000E-04
                                                                       1
 23000  0  9  50.942     180717  2  0.0         1.0000E+50  0.0
92932 91  0.0         6.          0.0         0.0         0.0
  8.00000000E+00  8.00000000E+00  8.27379000E-03  3.74000000E-04
  8.00000000E+00  1.00000000E+01  5.51893000E-03  4.02000000E-04
  8.00000000E+00  1.10000000E+01  1.55178000E-01  4.03000000E-04
  8.00000000E+00  1.30000000E+01  2.90832000E-03  4.38000000E-04
  8.00000000E+00  1.40000000E+01  4.54963000E-03  4.38000000E-04
  8.00000000E+00  1.60000000E+01  1.43014000E-03  4.39260000E-04
  1.00000000E+01  1.00000000E+01  2.13094000E-03  4.30000000E-04
  1.00000000E+01  1.10000000E+01  2.30124000E-01  4.31000000E-04
  1.00000000E+01  1.30000000E+01  2.47482000E-03  4.66000000E-04
  1.00000000E+01  1.40000000E+01  2.49214000E-02  4.66000000E-04
  1.00000000E+01  1.60000000E+01  4.77765000E-04  4.67260000E-04
  1.10000000E+01  1.10000000E+01  3.43666000E-01  4.32000000E-04
  1.10000000E+01  1.30000000E+01  6.31643000E-02  4.67000000E-04
  1.10000000E+01  1.40000000E+01  9.31504000E-02  4.67000000E-04
  1.10000000E+01  1.60000000E+01  1.55968000E-02  4.68260000E-04
  1.30000000E+01  1.30000000E+01  1.20935000E-03  5.02000000E-04
  1.30000000E+01  1.40000000E+01  2.49162000E-02  5.02000000E-04
  1.30000000E+01  1.60000000E+01  2.78341000E-04  5.03260000E-04
  1.40000000E+01  1.40000000E+01  1.68544000E-02  5.02000000E-04
  1.40000000E+01  1.60000000E+01  4.41522000E-04  5.03260000E-04
                                                                       1
 23000  0  7  50.942     180717  2  0.0         1.0000E+50  0.0
92931 91  0.0         8.          0.0         0.0         0.0
  1.00000000E+01  1.72110000E-06  2.80000000E-05
  1.10000000E+01  3.83729000E-06  2.90000000E-05
                                                                       1
 23000  0  9  50.942     180717  2  0.0         1.0000E+50  0.0
92932 91  0.0         8.          0.0         0.0         0.0
  1.00000000E+01  1.30000000E+01  6.02030000E-02  2.00000000E-05
  1.00000000E+01  1.40000000E+01  1.58506000E-01  2.00000000E-05
  1.00000000E+01  1.60000000E+01  9.16407000E-02  2.12600000E-05
  1.10000000E+01  1.30000000E+01  2.10190000E-01  2.10000000E-05
  1.10000000E+01  1.40000000E+01  2.46924000E-01  2.10000000E-05
  1.10000000E+01  1.60000000E+01  1.77275000E-01  2.22600000E-05
  1.30000000E+01  1.30000000E+01  7.54832000E-05  5.60000000E-05
  1.30000000E+01  1.40000000E+01  9.42816000E-03  5.60000000E-05
  1.30000000E+01  1.60000000E+01  1.77643000E-02  5.72600000E-05
  1.40000000E+01  1.40000000E+01  1.51894000E-03  5.60000000E-05
  1.40000000E+01  1.60000000E+01  2.64690000E-02  5.72600000E-05
                                                                       1
 23000  0  7  50.942     180717  2  0.0         1.0000E+50  0.0
92931 91  0.0         10.         0.0         0.0         0.0
  1.30000000E+01  2.46080000E-07  3.60000000E-05
  1.60000000E+01  2.17280000E-08  3.72600000E-05
                                                                       1
 23000  0  9  50.942     180717  2  0.0         1.0000E+50  0.0
92932 91  0.0         10.         0.0         0.0         0.0
  1.30000000E+01  1.30000000E+01  3.31371000E-02  2.80000000E-05
  1.30000000E+01  1.40000000E+01  7.78117000E-01  2.80000000E-05
  1.30000000E+01  1.60000000E+01  1.50135000E-01  2.92600000E-05
  1.40000000E+01  1.40000000E+01  1.06073000E-02  2.80000000E-05
  1.40000000E+01  1.60000000E+01  2.80037000E-02  2.92600000E-05
                                                                       1
 23000  0  7  50.942     180717  2  0.0         1.0000E+50  0.0
92931 91  0.0         11.         0.0         0.0         0.0
  1.30000000E+01  2.14820000E-08  3.50000000E-05
  1.40000000E+01  1.94750000E-07  3.50000000E-05
  1.60000000E+01  8.73990000E-09  3.62600000E-05
                                                                       1
 23000  0  9  50.942     180717  2  0.0         1.0000E+50  0.0
92932 91  0.0         11.         0.0         0.0         0.0
  1.30000000E+01  1.30000000E+01  5.08330000E-03  2.70000000E-05
  1.30000000E+01  1.40000000E+01  5.68924000E-01  2.70000000E-05
  1.30000000E+01  1.60000000E+01  3.46728000E-02  2.82600000E-05
  1.40000000E+01  1.40000000E+01  2.20661000E-01  2.70000000E-05
  1.40000000E+01  1.60000000E+01  1.70659000E-01  2.82600000E-05
                                                                       1
