 24000  0  0  51.996     180717  2  0.0         1.0000E+50  0.0
91912  0  0.0         0.0         0.0         0.0         0.0
 1.000000000E+00 2.000000000E+00
 3.000000000E+00 2.000000000E+00
 5.000000000E+00 2.000000000E+00
 6.000000000E+00 4.000000000E+00
 8.000000000E+00 2.000000000E+00
 1.000000000E+01 2.000000000E+00
 1.100000000E+01 4.000000000E+00
 1.300000000E+01 2.000000000E+00
 1.400000000E+01 3.000000000E+00
 1.600000000E+01 1.000000000E+00
                                                                       1
 24000  0  0  51.996     180717  2  0.0         1.0000E+50  0.0
91913  0  0.0         0.0         0.0         0.0         0.0
 1.000000000E+00 5.995000000E-03
 3.000000000E+00 7.020000000E-04
 5.000000000E+00 5.890000000E-04
 6.000000000E+00 5.800000000E-04
 8.000000000E+00 8.000000000E-05
 1.000000000E+01 4.900000000E-05
 1.100000000E+01 4.800000000E-05
 1.300000000E+01 8.250000000E-06
 1.400000000E+01 8.250000000E-06
 1.600000000E+01 7.510000000E-06
                                                                       1
 24000  0  0  51.996     180717  2  0.0         1.0000E+50  0.0
91914  0  0.0         0.0         0.0         0.0         0.0
 1.000000000E+00 7.796538959E-03
 3.000000000E+00 1.441196788E-03
 5.000000000E+00 1.393149693E-03
 6.000000000E+00 1.358103338E-03
 8.000000000E+00 3.014724081E-04
 1.000000000E+01 2.502680976E-04
 1.100000000E+01 2.445705179E-04
 1.300000000E+01 1.897627709E-04
 1.400000000E+01 1.908120094E-04
 1.600000000E+01 2.735605705E-05
                                                                       1
 24000  0  0  51.996     180717  2  0.0         1.0000E+50  0.0
91915  0  0.0         0.0         0.0         0.0         0.0
 1.000000000E+00 3.351100000E-10
 3.000000000E+00 1.536100000E-09
 5.000000000E+00 1.346200000E-09
 6.000000000E+00 1.361200000E-09
 8.000000000E+00 4.707300000E-09
 1.000000000E+01 4.969900000E-09
 1.100000000E+01 5.012300000E-09
 1.300000000E+01 7.059000000E-09
 1.400000000E+01 7.101500000E-09
 1.600000000E+01 1.885200000E-08
                                                                       1
 24000  0  0  51.996     180717  2  0.0         1.0000E+50  0.0
91921  0  0.0         0.0         0.0         0.0         0.0
 1.000000000E+00 2.760100000E-07
 3.000000000E+00 1.631800000E-09
 5.000000000E+00 9.242000000E-10
 6.000000000E+00 9.165600000E-10
 8.000000000E+00 1.357400000E-11
 1.000000000E+01 1.990200000E-11
 1.100000000E+01 1.900800000E-11
                                                                       1
 24000  0  0  51.996     180717  2  0.0         1.0000E+50  0.0
91922  0  0.0         0.0         0.0         0.0         0.0
 1.000000000E+00 7.093000000E-07
 3.000000000E+00 6.825400000E-06
 5.000000000E+00 3.167600000E-07
 6.000000000E+00 3.216900000E-07
 8.000000000E+00 3.260100000E-06
 1.000000000E+01 9.258500000E-07
 1.100000000E+01 8.905700000E-07
                                                                       1
 24000  0  0  51.996     180717  2  0.0         1.0000E+50  0.0
92935  0  0.0         0.0         0.0         0.0         0.0
 1.000000000E+00 4.240122138E-05
 3.000000000E+00 3.527056188E-05
 5.000000000E+00 2.394241954E-05
 6.000000000E+00 2.340671132E-05
 8.000000000E+00 1.889147620E-05
 1.000000000E+01 1.225162537E-05
 1.100000000E+01 1.221351394E-05
 1.300000000E+01 8.250000000E-06
 1.400000000E+01 8.250000000E-06
 1.600000000E+01 7.510000000E-06
                                                                       1
 24000  0  7  51.996     180717  2  0.0         1.0000E+50  0.0
92933  0  0.0         0.0         0.0         0.0         0.0
 1.000000000E+00 2.785290000E-01
 3.000000000E+00 4.233610000E-03
 5.000000000E+00 3.652460000E-03
 6.000000000E+00 3.464160000E-03
 8.000000000E+00 8.667700000E-06
 1.000000000E+01 8.453490000E-07
 1.100000000E+01 7.143760000E-07
                                                                       1
 24000  0  7  51.996     180717  2  0.0         1.0000E+50  0.0
92934  0  0.0         0.0         0.0         0.0         0.0
 1.000000000E+00 1.493617984E-03
 3.000000000E+00 2.282168970E-06
 5.000000000E+00 1.903658307E-06
 6.000000000E+00 1.775440506E-06
 8.000000000E+00 2.620866271E-10
 1.000000000E+01 3.622969171E-11
 1.100000000E+01 2.994071713E-11
                                                                       1
 24000  0  9  51.996     180717  2  0.0         1.0000E+50  0.0
92933  0  0.0         0.0         0.0         0.0         0.0
 1.000000000E+00 5.592630000E+00
 3.000000000E+00 4.404660000E+00
 5.000000000E+00 2.746840000E+00
 6.000000000E+00 2.668510000E+00
 8.000000000E+00 1.931710000E+00
 1.000000000E+01 9.999990000E-01
 1.100000000E+01 9.999990000E-01
                                                                       1
 24000  0  9  51.996     180717  2  0.0         1.0000E+50  0.0
92934  0  0.0         0.0         0.0         0.0         0.0
 1.000000000E+00 4.458977474E-03
 3.000000000E+00 6.644467687E-04
 5.000000000E+00 5.631534727E-04
 6.000000000E+00 5.548181677E-04
 8.000000000E+00 6.110832176E-05
 1.000000000E+01 3.674837463E-05
 1.100000000E+01 3.578648606E-05
                                                                       1
 24000  0  7  51.996     180717  2  0.0         1.0000E+50  0.0
92931 91  0.0         1.          0.0         0.0         0.0
  5.00000000E+00  8.25759000E-02  5.40600000E-03
  6.00000000E+00  1.62090000E-01  5.41500000E-03
  1.00000000E+01  9.49389000E-03  5.94600000E-03
  1.10000000E+01  1.87010000E-02  5.94700000E-03
  1.30000000E+01  2.52540000E-06  5.98675000E-03
  1.40000000E+01  3.69550000E-06  5.98675000E-03
                                                                       1
 24000  0  9  51.996     180717  2  0.0         1.0000E+50  0.0
92932 91  0.0         1.          0.0         0.0         0.0
  3.00000000E+00  3.00000000E+00  4.89637000E-02  4.59100000E-03
  3.00000000E+00  5.00000000E+00  5.42769000E-02  4.70400000E-03
  3.00000000E+00  6.00000000E+00  1.00496000E-01  4.71300000E-03
  3.00000000E+00  8.00000000E+00  1.27805000E-02  5.21300000E-03
  3.00000000E+00  1.00000000E+01  6.65910000E-03  5.24400000E-03
  3.00000000E+00  1.10000000E+01  1.22647000E-02  5.24500000E-03
  3.00000000E+00  1.30000000E+01  1.31005000E-04  5.28475000E-03
  3.00000000E+00  1.40000000E+01  1.83964000E-04  5.28475000E-03
  3.00000000E+00  1.60000000E+01  5.24035000E-04  5.28549000E-03
  5.00000000E+00  5.00000000E+00  9.81425000E-03  4.81700000E-03
  5.00000000E+00  6.00000000E+00  2.37473000E-01  4.82600000E-03
  5.00000000E+00  8.00000000E+00  6.07386000E-03  5.32600000E-03
  5.00000000E+00  1.00000000E+01  2.27732000E-03  5.35700000E-03
  5.00000000E+00  1.10000000E+01  2.52704000E-02  5.35800000E-03
  5.00000000E+00  1.30000000E+01  1.83966000E-04  5.39775000E-03
  5.00000000E+00  1.40000000E+01  6.91293000E-04  5.39775000E-03
  5.00000000E+00  1.60000000E+01  2.45286000E-04  5.39849000E-03
  6.00000000E+00  6.00000000E+00  1.33078000E-01  4.83500000E-03
  6.00000000E+00  8.00000000E+00  1.12890000E-02  5.33500000E-03
  6.00000000E+00  1.00000000E+01  2.52740000E-02  5.36600000E-03
  6.00000000E+00  1.10000000E+01  2.87383000E-02  5.36700000E-03
  6.00000000E+00  1.30000000E+01  8.58576000E-04  5.40675000E-03
  6.00000000E+00  1.40000000E+01  8.47392000E-04  5.40675000E-03
  6.00000000E+00  1.60000000E+01  4.54356000E-04  5.40749000E-03
  8.00000000E+00  8.00000000E+00  8.75710000E-04  5.83500000E-03
  8.00000000E+00  1.00000000E+01  7.92885000E-04  5.86600000E-03
  8.00000000E+00  1.10000000E+01  1.46749000E-03  5.86700000E-03
  8.00000000E+00  1.30000000E+01  1.47928000E-05  5.90675000E-03
  8.00000000E+00  1.40000000E+01  2.07097000E-05  5.90675000E-03
  8.00000000E+00  1.60000000E+01  7.10061000E-05  5.90749000E-03
  1.00000000E+01  1.00000000E+01  1.35594000E-04  5.89700000E-03
  1.00000000E+01  1.10000000E+01  2.86524000E-03  5.89800000E-03
  1.00000000E+01  1.30000000E+01  1.76859000E-05  5.93775000E-03
  1.00000000E+01  1.40000000E+01  6.48504000E-05  5.93775000E-03
  1.00000000E+01  1.60000000E+01  3.24257000E-05  5.93849000E-03
  1.10000000E+01  1.10000000E+01  1.69746000E-03  5.89900000E-03
  1.10000000E+01  1.30000000E+01  8.22897000E-05  5.93875000E-03
  1.10000000E+01  1.40000000E+01  8.22897000E-05  5.93875000E-03
  1.10000000E+01  1.60000000E+01  6.09548000E-05  5.93949000E-03
  1.30000000E+01  1.40000000E+01  2.78750000E-06  5.97850000E-03
                                                                       1
 24000  0  7  51.996     180717  2  0.0         1.0000E+50  0.0
92931 91  0.0         3.          0.0         0.0         0.0
  5.00000000E+00  4.18737000E-05  1.13000000E-04
  6.00000000E+00  1.48369000E-04  1.22000000E-04
  1.00000000E+01  4.33407000E-04  6.53000000E-04
  1.10000000E+01  6.32756000E-04  6.54000000E-04
  1.30000000E+01  9.01435000E-07  6.93750000E-04
  1.40000000E+01  1.28349000E-06  6.93750000E-04
                                                                       1
 24000  0  9  51.996     180717  2  0.0         1.0000E+50  0.0
92932 91  0.0         3.          0.0         0.0         0.0
  5.00000000E+00  8.00000000E+00  7.11327000E-02  3.30000000E-05
  5.00000000E+00  1.00000000E+01  5.17715000E-02  6.40000000E-05
  5.00000000E+00  1.10000000E+01  7.04740000E-02  6.50000000E-05
  5.00000000E+00  1.30000000E+01  3.48094000E-02  1.04750000E-04
  5.00000000E+00  1.40000000E+01  5.71581000E-02  1.04750000E-04
  5.00000000E+00  1.60000000E+01  2.94252000E-03  1.05490000E-04
  6.00000000E+00  8.00000000E+00  1.43218000E-01  4.20000000E-05
  6.00000000E+00  1.00000000E+01  6.41046000E-02  7.30000000E-05
  6.00000000E+00  1.10000000E+01  1.46970000E-01  7.40000000E-05
  6.00000000E+00  1.30000000E+01  8.02910000E-02  1.13750000E-04
  6.00000000E+00  1.40000000E+01  1.13541000E-01  1.13750000E-04
  6.00000000E+00  1.60000000E+01  5.52176000E-03  1.14490000E-04
  8.00000000E+00  8.00000000E+00  1.58591000E-02  5.42000000E-04
  8.00000000E+00  1.00000000E+01  2.81218000E-02  5.73000000E-04
  8.00000000E+00  1.10000000E+01  5.52047000E-02  5.74000000E-04
  8.00000000E+00  1.30000000E+01  1.26572000E-02  6.13750000E-04
  8.00000000E+00  1.40000000E+01  1.87070000E-02  6.13750000E-04
  8.00000000E+00  1.60000000E+01  1.15939000E-03  6.14490000E-04
  1.00000000E+01  1.00000000E+01  5.42863000E-04  6.04000000E-04
  1.00000000E+01  1.10000000E+01  6.59238000E-04  6.05000000E-04
  1.00000000E+01  1.30000000E+01  2.01268000E-04  6.44750000E-04
  1.00000000E+01  1.40000000E+01  3.63756000E-03  6.44750000E-04
  1.00000000E+01  1.60000000E+01  9.91538000E-04  6.45490000E-04
  1.10000000E+01  1.10000000E+01  1.53759000E-03  6.06000000E-04
  1.10000000E+01  1.30000000E+01  4.03198000E-03  6.45750000E-04
  1.10000000E+01  1.40000000E+01  2.94930000E-03  6.45750000E-04
  1.10000000E+01  1.60000000E+01  1.98307000E-03  6.46490000E-04
  1.30000000E+01  1.30000000E+01  1.01624000E-04  6.85500000E-04
  1.30000000E+01  1.40000000E+01  5.59607000E-03  6.85500000E-04
  1.30000000E+01  1.60000000E+01  3.02273000E-04  6.86240000E-04
  1.40000000E+01  1.40000000E+01  1.98500000E-03  6.85500000E-04
  1.40000000E+01  1.60000000E+01  5.77984000E-04  6.86240000E-04
                                                                       1
 24000  0  7  51.996     180717  2  0.0         1.0000E+50  0.0
92931 91  0.0         5.          0.0         0.0         0.0
  6.00000000E+00  8.77607000E-11  9.00000000E-06
  8.00000000E+00  3.06272000E-03  5.09000000E-04
  1.10000000E+01  5.01634000E-06  5.41000000E-04
  1.30000000E+01  5.24554000E-04  5.80750000E-04
  1.60000000E+01  5.75784000E-05  5.81490000E-04
                                                                       1
 24000  0  9  51.996     180717  2  0.0         1.0000E+50  0.0
92932 91  0.0         5.          0.0         0.0         0.0
  8.00000000E+00  8.00000000E+00  7.19812000E-03  4.29000000E-04
  8.00000000E+00  1.00000000E+01  1.29803000E-01  4.60000000E-04
  8.00000000E+00  1.10000000E+01  1.01967000E-02  4.61000000E-04
  8.00000000E+00  1.30000000E+01  3.76468000E-03  5.00750000E-04
  8.00000000E+00  1.40000000E+01  5.66444000E-03  5.00750000E-04
  8.00000000E+00  1.60000000E+01  5.14137000E-04  5.01490000E-04
  1.00000000E+01  1.00000000E+01  1.12344000E-01  4.91000000E-04
  1.00000000E+01  1.10000000E+01  3.91850000E-01  4.92000000E-04
  1.00000000E+01  1.30000000E+01  5.95615000E-02  5.31750000E-04
  1.00000000E+01  1.40000000E+01  1.16969000E-01  5.31750000E-04
  1.00000000E+01  1.60000000E+01  5.51139000E-03  5.32490000E-04
  1.10000000E+01  1.10000000E+01  1.04751000E-02  4.93000000E-04
  1.10000000E+01  1.30000000E+01  6.51357000E-02  5.32750000E-04
  1.10000000E+01  1.40000000E+01  1.02318000E-02  5.32750000E-04
  1.10000000E+01  1.60000000E+01  3.66011000E-04  5.33490000E-04
  1.30000000E+01  1.30000000E+01  1.11616000E-02  5.72500000E-04
  1.30000000E+01  1.40000000E+01  5.12258000E-02  5.72500000E-04
  1.30000000E+01  1.60000000E+01  9.00498000E-05  5.73240000E-04
  1.40000000E+01  1.40000000E+01  4.06976000E-03  5.72500000E-04
  1.40000000E+01  1.60000000E+01  2.17875000E-04  5.73240000E-04
                                                                       1
 24000  0  7  51.996     180717  2  0.0         1.0000E+50  0.0
92931 91  0.0         6.          0.0         0.0         0.0
  8.00000000E+00  2.89130000E-03  5.00000000E-04
  1.00000000E+01  2.43310000E-06  5.31000000E-04
  1.10000000E+01  2.37970000E-06  5.32000000E-04
  1.30000000E+01  4.10181000E-05  5.71750000E-04
  1.40000000E+01  4.70291000E-04  5.71750000E-04
  1.60000000E+01  5.43441000E-05  5.72490000E-04
                                                                       1
 24000  0  9  51.996     180717  2  0.0         1.0000E+50  0.0
92932 91  0.0         6.          0.0         0.0         0.0
  8.00000000E+00  8.00000000E+00  6.92712000E-03  4.20000000E-04
  8.00000000E+00  1.00000000E+01  4.63469000E-03  4.51000000E-04
  8.00000000E+00  1.10000000E+01  1.28814000E-01  4.52000000E-04
  8.00000000E+00  1.30000000E+01  3.79888000E-03  4.91750000E-04
  8.00000000E+00  1.40000000E+01  5.66920000E-03  4.91750000E-04
  8.00000000E+00  1.60000000E+01  4.96566000E-04  4.92490000E-04
  1.00000000E+01  1.00000000E+01  1.84285000E-03  4.82000000E-04
  1.00000000E+01  1.10000000E+01  1.99140000E-01  4.83000000E-04
  1.00000000E+01  1.30000000E+01  3.45295000E-03  5.22750000E-04
  1.00000000E+01  1.40000000E+01  3.43324000E-02  5.22750000E-04
  1.00000000E+01  1.60000000E+01  1.72218000E-04  5.23490000E-04
  1.10000000E+01  1.10000000E+01  2.88700000E-01  4.84000000E-04
  1.10000000E+01  1.30000000E+01  8.33075000E-02  5.23750000E-04
  1.10000000E+01  1.40000000E+01  1.23152000E-01  5.23750000E-04
  1.10000000E+01  1.60000000E+01  5.36074000E-03  5.24490000E-04
  1.30000000E+01  1.30000000E+01  2.99602000E-03  5.63500000E-04
  1.30000000E+01  1.40000000E+01  6.13951000E-02  5.63500000E-04
  1.30000000E+01  1.60000000E+01  1.48972000E-04  5.64240000E-04
  1.40000000E+01  1.40000000E+01  4.19708000E-02  5.63500000E-04
  1.40000000E+01  1.60000000E+01  2.26225000E-04  5.64240000E-04
                                                                       1
 24000  0  7  51.996     180717  2  0.0         1.0000E+50  0.0
92931 91  0.0         8.          0.0         0.0         0.0
  1.00000000E+01  2.44510000E-06  3.10000000E-05
  1.10000000E+01  5.51726000E-06  3.20000000E-05
                                                                       1
 24000  0  9  51.996     180717  2  0.0         1.0000E+50  0.0
92932 91  0.0         8.          0.0         0.0         0.0
  1.00000000E+01  1.30000000E+01  7.66473000E-02  2.27500000E-05
  1.00000000E+01  1.40000000E+01  1.95939000E-01  2.27500000E-05
  1.00000000E+01  1.60000000E+01  3.08446000E-02  2.34900000E-05
  1.10000000E+01  1.30000000E+01  2.63204000E-01  2.37500000E-05
  1.10000000E+01  1.40000000E+01  3.06203000E-01  2.37500000E-05
  1.10000000E+01  1.60000000E+01  5.88740000E-02  2.44900000E-05
  1.30000000E+01  1.30000000E+01  4.91707000E-04  6.35000000E-05
  1.30000000E+01  1.40000000E+01  2.26380000E-02  6.35000000E-05
  1.30000000E+01  1.60000000E+01  1.14514000E-02  6.42400000E-05
  1.40000000E+01  1.40000000E+01  8.08526000E-03  6.35000000E-05
  1.40000000E+01  1.60000000E+01  2.56138000E-02  6.42400000E-05
                                                                       1
 24000  0  7  51.996     180717  2  0.0         1.0000E+50  0.0
92931 91  0.0         10.         0.0         0.0         0.0
  1.30000000E+01  7.85171000E-07  4.07500000E-05
  1.60000000E+01  6.01781000E-08  4.14900000E-05
                                                                       1
 24000  0  9  51.996     180717  2  0.0         1.0000E+50  0.0
92932 91  0.0         10.         0.0         0.0         0.0
  1.30000000E+01  1.30000000E+01  1.03735000E-01  3.25000000E-05
  1.30000000E+01  1.40000000E+01  8.19106000E-01  3.25000000E-05
  1.30000000E+01  1.60000000E+01  4.22197000E-02  3.32400000E-05
  1.40000000E+01  1.40000000E+01  2.34317000E-02  3.25000000E-05
  1.40000000E+01  1.60000000E+01  1.15063000E-02  3.32400000E-05
                                                                       1
 24000  0  7  51.996     180717  2  0.0         1.0000E+50  0.0
92931 91  0.0         11.         0.0         0.0         0.0
  1.30000000E+01  6.89930000E-08  3.97500000E-05
  1.40000000E+01  6.25550000E-07  3.97500000E-05
  1.60000000E+01  1.98340000E-08  4.04900000E-05
                                                                       1
 24000  0  9  51.996     180717  2  0.0         1.0000E+50  0.0
92932 91  0.0         11.         0.0         0.0         0.0
  1.30000000E+01  1.30000000E+01  1.58199000E-02  3.15000000E-05
  1.30000000E+01  1.40000000E+01  5.88261000E-01  3.15000000E-05
  1.30000000E+01  1.60000000E+01  9.85839000E-03  3.22400000E-05
  1.40000000E+01  1.40000000E+01  3.38876000E-01  3.15000000E-05
  1.40000000E+01  1.60000000E+01  4.71834000E-02  3.22400000E-05
                                                                       1
