 25000  0  0  54.938     180717  2  0.0         1.0000E+50  0.0
91912  0  0.0         0.0         0.0         0.0         0.0
 1.000000000E+00 2.000000000E+00
 3.000000000E+00 2.000000000E+00
 5.000000000E+00 2.000000000E+00
 6.000000000E+00 4.000000000E+00
 8.000000000E+00 2.000000000E+00
 1.000000000E+01 2.000000000E+00
 1.100000000E+01 4.000000000E+00
 1.300000000E+01 2.000000000E+00
 1.400000000E+01 3.000000000E+00
 1.600000000E+01 2.000000000E+00
                                                                       1
 25000  0  0  54.938     180717  2  0.0         1.0000E+50  0.0
91913  0  0.0         0.0         0.0         0.0         0.0
 1.000000000E+00 6.544000000E-03
 3.000000000E+00 7.729200000E-04
 5.000000000E+00 6.560000000E-04
 6.000000000E+00 6.450000000E-04
 8.000000000E+00 8.900000000E-05
 1.000000000E+01 5.500000000E-05
 1.100000000E+01 5.300000000E-05
 1.300000000E+01 9.000000000E-06
 1.400000000E+01 9.000000000E-06
 1.600000000E+01 7.430000000E-06
                                                                       1
 25000  0  0  54.938     180717  2  0.0         1.0000E+50  0.0
91914  0  0.0         0.0         0.0         0.0         0.0
 1.000000000E+00 8.476273572E-03
 3.000000000E+00 1.567581432E-03
 5.000000000E+00 1.522721088E-03
 6.000000000E+00 1.480626169E-03
 8.000000000E+00 3.239203932E-04
 1.000000000E+01 2.650346272E-04
 1.100000000E+01 2.545447516E-04
 1.300000000E+01 1.445924051E-04
 1.400000000E+01 1.450750853E-04
 1.600000000E+01 3.179015172E-05
                                                                       1
 25000  0  0  54.938     180717  2  0.0         1.0000E+50  0.0
91915  0  0.0         0.0         0.0         0.0         0.0
 1.000000000E+00 3.211700000E-10
 3.000000000E+00 1.465100000E-09
 5.000000000E+00 1.280500000E-09
 6.000000000E+00 1.295900000E-09
 8.000000000E+00 4.440800000E-09
 1.000000000E+01 4.645500000E-09
 1.100000000E+01 4.691800000E-09
 1.300000000E+01 5.865800000E-09
 1.400000000E+01 5.888900000E-09
 1.600000000E+01 1.633100000E-08
                                                                       1
 25000  0  0  54.938     180717  2  0.0         1.0000E+50  0.0
91921  0  0.0         0.0         0.0         0.0         0.0
 1.000000000E+00 3.324800000E-07
 3.000000000E+00 2.096100000E-09
 5.000000000E+00 1.342900000E-09
 6.000000000E+00 1.331900000E-09
 8.000000000E+00 1.579900000E-11
 1.000000000E+01 2.628100000E-11
 1.100000000E+01 2.505400000E-11
                                                                       1
 25000  0  0  54.938     180717  2  0.0         1.0000E+50  0.0
91922  0  0.0         0.0         0.0         0.0         0.0
 1.000000000E+00 7.325800000E-07
 3.000000000E+00 6.722900000E-06
 5.000000000E+00 3.549800000E-07
 6.000000000E+00 3.612900000E-07
 8.000000000E+00 3.388400000E-06
 1.000000000E+01 1.079100000E-06
 1.100000000E+01 1.036400000E-06
                                                                       1
 25000  0  0  54.938     180717  2  0.0         1.0000E+50  0.0
92935  0  0.0         0.0         0.0         0.0         0.0
 1.000000000E+00 7.174388548E-05
 3.000000000E+00 5.940261347E-05
 5.000000000E+00 4.143534941E-05
 6.000000000E+00 4.011169774E-05
 8.000000000E+00 3.144608987E-05
 1.000000000E+01 2.046772427E-05
 1.100000000E+01 2.007085061E-05
 1.300000000E+01 9.000000000E-06
 1.400000000E+01 9.000000000E-06
 1.600000000E+01 7.430000000E-06
                                                                       1
 25000  0  7  54.938     180717  2  0.0         1.0000E+50  0.0
92933  0  0.0         0.0         0.0         0.0         0.0
 1.000000000E+00 3.109920000E-01
 3.000000000E+00 5.011560000E-03
 5.000000000E+00 4.535150000E-03
 6.000000000E+00 4.301380000E-03
 8.000000000E+00 1.261650000E-05
 1.000000000E+01 2.060960000E-06
 1.100000000E+01 1.751910000E-06
                                                                       1
 25000  0  7  54.938     180717  2  0.0         1.0000E+50  0.0
92934  0  0.0         0.0         0.0         0.0         0.0
 1.000000000E+00 1.813492771E-03
 3.000000000E+00 3.002556264E-06
 5.000000000E+00 2.633429808E-06
 6.000000000E+00 2.453674067E-06
 8.000000000E+00 4.107506697E-10
 1.000000000E+01 9.239893703E-11
 1.100000000E+01 7.512876440E-11
                                                                       1
 25000  0  9  54.938     180717  2  0.0         1.0000E+50  0.0
92933  0  0.0         0.0         0.0         0.0         0.0
 1.000000000E+00 5.212270000E+00
 3.000000000E+00 4.141700000E+00
 5.000000000E+00 2.637130000E+00
 6.000000000E+00 2.525590000E+00
 8.000000000E+00 1.917720000E+00
 1.000000000E+01 9.999980000E-01
 1.100000000E+01 9.999980000E-01
                                                                       1
 25000  0  9  54.938     180717  2  0.0         1.0000E+50  0.0
92934  0  0.0         0.0         0.0         0.0         0.0
 1.000000000E+00 4.658764349E-03
 3.000000000E+00 7.105152336E-04
 5.000000000E+00 6.119312307E-04
 6.000000000E+00 6.024344700E-04
 8.000000000E+00 5.755352560E-05
 1.000000000E+01 3.453218715E-05
 1.100000000E+01 3.292906219E-05
                                                                       1
 25000  0  7  54.938     180717  2  0.0         1.0000E+50  0.0
92931 91  0.0         1.          0.0         0.0         0.0
  5.00000000E+00  9.17726000E-02  5.88800000E-03
  6.00000000E+00  1.79949000E-01  5.89900000E-03
  1.00000000E+01  1.09360000E-02  6.48900000E-03
  1.10000000E+01  2.15229000E-02  6.49100000E-03
  1.30000000E+01  3.85518000E-06  6.53500000E-03
  1.40000000E+01  5.64148000E-06  6.53500000E-03
                                                                       1
 25000  0  9  54.938     180717  2  0.0         1.0000E+50  0.0
92932 91  0.0         1.          0.0         0.0         0.0
  3.00000000E+00  3.00000000E+00  4.67138000E-02  4.99816000E-03
  3.00000000E+00  5.00000000E+00  5.17916000E-02  5.11508000E-03
  3.00000000E+00  6.00000000E+00  9.52207000E-02  5.12608000E-03
  3.00000000E+00  8.00000000E+00  1.24821000E-02  5.68208000E-03
  3.00000000E+00  1.00000000E+01  6.59506000E-03  5.71608000E-03
  3.00000000E+00  1.10000000E+01  1.20614000E-02  5.71808000E-03
  3.00000000E+00  1.30000000E+01  1.52466000E-04  5.76208000E-03
  3.00000000E+00  1.40000000E+01  2.11912000E-04  5.76208000E-03
  3.00000000E+00  1.60000000E+01  1.14999000E-03  5.76365000E-03
  5.00000000E+00  5.00000000E+00  9.33686000E-03  5.23200000E-03
  5.00000000E+00  6.00000000E+00  2.24948000E-01  5.24300000E-03
  5.00000000E+00  8.00000000E+00  5.91526000E-03  5.79900000E-03
  5.00000000E+00  1.00000000E+01  2.24573000E-03  5.83300000E-03
  5.00000000E+00  1.10000000E+01  2.47828000E-02  5.83500000E-03
  5.00000000E+00  1.30000000E+01  2.11909000E-04  5.87900000E-03
  5.00000000E+00  1.40000000E+01  7.93352000E-04  5.87900000E-03
  5.00000000E+00  1.60000000E+01  5.34934000E-04  5.88057000E-03
  6.00000000E+00  6.00000000E+00  1.25736000E-01  5.25400000E-03
  6.00000000E+00  8.00000000E+00  1.09189000E-02  5.81000000E-03
  6.00000000E+00  1.00000000E+01  2.47718000E-02  5.84400000E-03
  6.00000000E+00  1.10000000E+01  2.81289000E-02  5.84600000E-03
  6.00000000E+00  1.30000000E+01  9.84510000E-04  5.89000000E-03
  6.00000000E+00  1.40000000E+01  9.71635000E-04  5.89000000E-03
  6.00000000E+00  1.60000000E+01  9.87080000E-04  5.89157000E-03
  8.00000000E+00  8.00000000E+00  8.24386000E-04  6.36600000E-03
  8.00000000E+00  1.00000000E+01  7.57183000E-04  6.40000000E-03
  8.00000000E+00  1.10000000E+01  1.38769000E-03  6.40200000E-03
  8.00000000E+00  1.30000000E+01  1.55054000E-05  6.44600000E-03
  8.00000000E+00  1.40000000E+01  2.32585000E-05  6.44600000E-03
  8.00000000E+00  1.60000000E+01  1.52465000E-04  6.44757000E-03
  1.00000000E+01  1.00000000E+01  1.30400000E-04  6.43400000E-03
  1.00000000E+01  1.10000000E+01  2.77500000E-03  6.43600000E-03
  1.00000000E+01  1.30000000E+01  1.82564000E-05  6.48000000E-03
  1.00000000E+01  1.40000000E+01  7.30232000E-05  6.48000000E-03
  1.00000000E+01  1.60000000E+01  6.78099000E-05  6.48157000E-03
  1.10000000E+01  1.10000000E+01  1.61665000E-03  6.43800000E-03
  1.10000000E+01  1.30000000E+01  9.29085000E-05  6.48200000E-03
  1.10000000E+01  1.40000000E+01  9.02568000E-05  6.48200000E-03
  1.10000000E+01  1.60000000E+01  1.30078000E-04  6.48357000E-03
  1.30000000E+01  1.40000000E+01  2.58429000E-06  6.52600000E-03
  1.30000000E+01  1.60000000E+01  2.58429000E-06  6.52757000E-03
  1.40000000E+01  1.60000000E+01  2.58419000E-06  6.52757000E-03
                                                                       1
 25000  0  7  54.938     180717  2  0.0         1.0000E+50  0.0
92931 91  0.0         3.          0.0         0.0         0.0
  5.00000000E+00  3.44712000E-05  1.16920000E-04
  6.00000000E+00  1.28601000E-04  1.27920000E-04
  1.00000000E+01  4.87964000E-04  7.17920000E-04
  1.10000000E+01  7.08545000E-04  7.19920000E-04
  1.30000000E+01  1.26141000E-06  7.63920000E-04
  1.40000000E+01  1.76201000E-06  7.63920000E-04
                                                                       1
 25000  0  9  54.938     180717  2  0.0         1.0000E+50  0.0
92932 91  0.0         3.          0.0         0.0         0.0
  5.00000000E+00  1.00000000E+01  5.50062000E-02  6.19200000E-05
  5.00000000E+00  1.10000000E+01  7.48938000E-02  6.39200000E-05
  5.00000000E+00  1.30000000E+01  3.86253000E-02  1.07920000E-04
  5.00000000E+00  1.40000000E+01  6.34333000E-02  1.07920000E-04
  5.00000000E+00  1.60000000E+01  6.97311000E-03  1.09490000E-04
  6.00000000E+00  8.00000000E+00  1.41142000E-01  3.89200000E-05
  6.00000000E+00  1.00000000E+01  6.79573000E-02  7.29200000E-05
  6.00000000E+00  1.10000000E+01  1.55173000E-01  7.49200000E-05
  6.00000000E+00  1.30000000E+01  9.02735000E-02  1.18920000E-04
  6.00000000E+00  1.40000000E+01  1.27740000E-01  1.18920000E-04
  6.00000000E+00  1.60000000E+01  1.29083000E-02  1.20490000E-04
  8.00000000E+00  8.00000000E+00  1.51766000E-02  5.94920000E-04
  8.00000000E+00  1.00000000E+01  2.72907000E-02  6.28920000E-04
  8.00000000E+00  1.10000000E+01  5.35293000E-02  6.30920000E-04
  8.00000000E+00  1.30000000E+01  1.37094000E-02  6.74920000E-04
  8.00000000E+00  1.40000000E+01  2.02584000E-02  6.74920000E-04
  8.00000000E+00  1.60000000E+01  2.49655000E-03  6.76490000E-04
  1.00000000E+01  1.00000000E+01  4.48180000E-04  6.62920000E-04
  1.00000000E+01  1.10000000E+01  6.36606000E-04  6.64920000E-04
  1.00000000E+01  1.30000000E+01  1.95994000E-04  7.08920000E-04
  1.00000000E+01  1.40000000E+01  3.62961000E-03  7.08920000E-04
  1.00000000E+01  1.60000000E+01  1.91586000E-03  7.10490000E-04
  1.10000000E+01  1.10000000E+01  1.25022000E-03  6.66920000E-04
  1.10000000E+01  1.30000000E+01  3.74630000E-03  7.10920000E-04
  1.10000000E+01  1.40000000E+01  2.72895000E-03  7.10920000E-04
  1.10000000E+01  1.60000000E+01  3.60061000E-03  7.12490000E-04
  1.30000000E+01  1.30000000E+01  1.68704000E-04  7.54920000E-04
  1.30000000E+01  1.40000000E+01  8.95871000E-03  7.54920000E-04
  1.30000000E+01  1.60000000E+01  9.67657000E-04  7.56490000E-04
  1.40000000E+01  1.40000000E+01  2.40642000E-03  7.54920000E-04
  1.40000000E+01  1.60000000E+01  1.39661000E-03  7.56490000E-04
                                                                       1
 25000  0  7  54.938     180717  2  0.0         1.0000E+50  0.0
92931 91  0.0         5.          0.0         0.0         0.0
  6.00000000E+00  1.37650000E-10  1.10000000E-05
  8.00000000E+00  3.57611000E-03  5.67000000E-04
  1.10000000E+01  7.00762000E-06  6.03000000E-04
  1.30000000E+01  8.77713000E-04  6.47000000E-04
  1.60000000E+01  6.97162000E-05  6.48570000E-04
                                                                       1
 25000  0  9  54.938     180717  2  0.0         1.0000E+50  0.0
92932 91  0.0         5.          0.0         0.0         0.0
  8.00000000E+00  8.00000000E+00  6.61693000E-03  4.78000000E-04
  8.00000000E+00  1.00000000E+01  1.20709000E-01  5.12000000E-04
  8.00000000E+00  1.10000000E+01  9.64520000E-03  5.14000000E-04
  8.00000000E+00  1.30000000E+01  3.57326000E-03  5.58000000E-04
  8.00000000E+00  1.40000000E+01  5.88520000E-03  5.58000000E-04
  8.00000000E+00  1.60000000E+01  1.05091000E-03  5.59570000E-04
  1.00000000E+01  1.00000000E+01  1.02396000E-01  5.46000000E-04
  1.00000000E+01  1.10000000E+01  3.56396000E-01  5.48000000E-04
  1.00000000E+01  1.30000000E+01  6.06602000E-02  5.92000000E-04
  1.00000000E+01  1.40000000E+01  1.18320000E-01  5.92000000E-04
  1.00000000E+01  1.60000000E+01  1.11894000E-02  5.93570000E-04
  1.10000000E+01  1.10000000E+01  9.88714000E-03  5.50000000E-04
  1.10000000E+01  1.30000000E+01  6.98718000E-02  5.94000000E-04
  1.10000000E+01  1.40000000E+01  1.07431000E-02  5.94000000E-04
  1.10000000E+01  1.60000000E+01  7.86291000E-04  5.95570000E-04
  1.30000000E+01  1.30000000E+01  1.83293000E-02  6.38000000E-04
  1.30000000E+01  1.40000000E+01  8.38539000E-02  6.38000000E-04
  1.30000000E+01  1.60000000E+01  2.77108000E-04  6.39570000E-04
  1.40000000E+01  1.40000000E+01  4.76450000E-03  6.38000000E-04
  1.40000000E+01  1.60000000E+01  5.13814000E-04  6.39570000E-04
                                                                       1
 25000  0  7  54.938     180717  2  0.0         1.0000E+50  0.0
92931 91  0.0         6.          0.0         0.0         0.0
  8.00000000E+00  3.35628000E-03  5.56000000E-04
  1.00000000E+01  3.41908000E-06  5.90000000E-04
  1.10000000E+01  3.33848000E-06  5.92000000E-04
  1.30000000E+01  7.06575000E-05  6.36000000E-04
  1.40000000E+01  7.98014000E-04  6.36000000E-04
  1.60000000E+01  6.55745000E-05  6.37570000E-04
                                                                       1
 25000  0  9  54.938     180717  2  0.0         1.0000E+50  0.0
92932 91  0.0         6.          0.0         0.0         0.0
  8.00000000E+00  8.00000000E+00  6.20886000E-03  4.67000000E-04
  8.00000000E+00  1.00000000E+01  4.22301000E-03  5.01000000E-04
  8.00000000E+00  1.10000000E+01  1.16349000E-01  5.03000000E-04
  8.00000000E+00  1.30000000E+01  3.79266000E-03  5.47000000E-04
  8.00000000E+00  1.40000000E+01  5.40607000E-03  5.47000000E-04
  8.00000000E+00  1.60000000E+01  9.89484000E-04  5.48570000E-04
  1.00000000E+01  1.00000000E+01  1.62236000E-03  5.35000000E-04
  1.00000000E+01  1.10000000E+01  1.74618000E-01  5.37000000E-04
  1.00000000E+01  1.30000000E+01  3.48065000E-03  5.81000000E-04
  1.00000000E+01  1.40000000E+01  3.40844000E-02  5.81000000E-04
  1.00000000E+01  1.60000000E+01  3.43045000E-04  5.82570000E-04
  1.10000000E+01  1.10000000E+01  2.59646000E-01  5.39000000E-04
  1.10000000E+01  1.30000000E+01  8.35044000E-02  5.83000000E-04
  1.10000000E+01  1.40000000E+01  1.24363000E-01  5.83000000E-04
  1.10000000E+01  1.60000000E+01  1.07536000E-02  5.84570000E-04
  1.30000000E+01  1.30000000E+01  4.87347000E-03  6.27000000E-04
  1.30000000E+01  1.40000000E+01  9.92986000E-02  6.27000000E-04
  1.30000000E+01  1.60000000E+01  4.77198000E-04  6.28570000E-04
  1.40000000E+01  1.40000000E+01  6.10517000E-02  6.27000000E-04
  1.40000000E+01  1.60000000E+01  6.17804000E-04  6.28570000E-04
                                                                       1
 25000  0  7  54.938     180717  2  0.0         1.0000E+50  0.0
92931 91  0.0         8.          0.0         0.0         0.0
  1.00000000E+01  3.31252000E-06  3.40000000E-05
  1.10000000E+01  7.60455000E-06  3.60000000E-05
                                                                       1
 25000  0  9  54.938     180717  2  0.0         1.0000E+50  0.0
92932 91  0.0         8.          0.0         0.0         0.0
  1.00000000E+01  1.30000000E+01  6.62752000E-02  2.50000000E-05
  1.00000000E+01  1.40000000E+01  1.60217000E-01  2.50000000E-05
  1.00000000E+01  1.60000000E+01  6.98991000E-02  2.65700000E-05
  1.10000000E+01  1.30000000E+01  2.21821000E-01  2.70000000E-05
  1.10000000E+01  1.40000000E+01  2.66813000E-01  2.70000000E-05
  1.10000000E+01  1.60000000E+01  1.32700000E-01  2.85700000E-05
  1.30000000E+01  1.30000000E+01  6.32082000E-04  7.10000000E-05
  1.30000000E+01  1.40000000E+01  1.85482000E-02  7.10000000E-05
  1.30000000E+01  1.60000000E+01  2.34369000E-02  7.25700000E-05
  1.40000000E+01  1.40000000E+01  4.80240000E-03  7.10000000E-05
  1.40000000E+01  1.60000000E+01  3.48438000E-02  7.25700000E-05
                                                                       1
 25000  0  7  54.938     180717  2  0.0         1.0000E+50  0.0
92931 91  0.0         10.         0.0         0.0         0.0
  1.30000000E+01  1.89409000E-06  4.60000000E-05
  1.60000000E+01  1.66869000E-07  4.75700000E-05
                                                                       1
 25000  0  9  54.938     180717  2  0.0         1.0000E+50  0.0
92932 91  0.0         10.         0.0         0.0         0.0
  1.30000000E+01  1.30000000E+01  9.94216000E-02  3.70000000E-05
  1.30000000E+01  1.40000000E+01  7.79078000E-01  3.70000000E-05
  1.30000000E+01  1.60000000E+01  8.97663000E-02  3.85700000E-05
  1.40000000E+01  1.40000000E+01  1.57839000E-02  3.70000000E-05
  1.40000000E+01  1.60000000E+01  1.59479000E-02  3.85700000E-05
                                                                       1
 25000  0  7  54.938     180717  2  0.0         1.0000E+50  0.0
92931 91  0.0         11.         0.0         0.0         0.0
  1.30000000E+01  1.68410000E-07  4.40000000E-05
  1.40000000E+01  1.53200000E-06  4.40000000E-05
  1.60000000E+01  5.15039000E-08  4.55700000E-05
                                                                       1
 25000  0  9  54.938     180717  2  0.0         1.0000E+50  0.0
92932 91  0.0         11.         0.0         0.0         0.0
  1.30000000E+01  1.30000000E+01  1.56920000E-02  3.50000000E-05
  1.30000000E+01  1.40000000E+01  5.73839000E-01  3.50000000E-05
  1.30000000E+01  1.60000000E+01  2.08180000E-02  3.65700000E-05
  1.40000000E+01  1.40000000E+01  2.97650000E-01  3.50000000E-05
  1.40000000E+01  1.60000000E+01  9.19995000E-02  3.65700000E-05
                                                                       1
