 30000  0  0  65.37      180717  2  0.0         1.0000E+50  0.0
91912  0  0.0         0.0         0.0         0.0         0.0
 1.000000000E+00 2.000000000E+00
 3.000000000E+00 2.000000000E+00
 5.000000000E+00 2.000000000E+00
 6.000000000E+00 4.000000000E+00
 8.000000000E+00 2.000000000E+00
 1.000000000E+01 2.000000000E+00
 1.100000000E+01 4.000000000E+00
 1.300000000E+01 4.000000000E+00
 1.400000000E+01 6.000000000E+00
 1.600000000E+01 2.000000000E+00
                                                                       1
 30000  0  0  65.37      180717  2  0.0         1.0000E+50  0.0
91913  0  0.0         0.0         0.0         0.0         0.0
 1.000000000E+00 9.663000000E-03
 3.000000000E+00 1.198000000E-03
 5.000000000E+00 1.047000000E-03
 6.000000000E+00 1.024000000E-03
 8.000000000E+00 1.410000000E-04
 1.000000000E+01 9.400000000E-05
 1.100000000E+01 9.100000000E-05
 1.300000000E+01 1.200000000E-05
 1.400000000E+01 1.120000000E-05
 1.600000000E+01 9.390000000E-06
                                                                       1
 30000  0  0  65.37      180717  2  0.0         1.0000E+50  0.0
91914  0  0.0         0.0         0.0         0.0         0.0
 1.000000000E+00 1.239407487E-02
 3.000000000E+00 2.415117021E-03
 5.000000000E+00 2.369379438E-03
 6.000000000E+00 2.280845224E-03
 8.000000000E+00 5.454913774E-04
 1.000000000E+01 4.836477491E-04
 1.100000000E+01 4.667328623E-04
 1.300000000E+01 2.341816024E-04
 1.400000000E+01 2.208904010E-04
 1.600000000E+01 4.546679443E-05
                                                                       1
 30000  0  0  65.37      180717  2  0.0         1.0000E+50  0.0
91915  0  0.0         0.0         0.0         0.0         0.0
 1.000000000E+00 2.654500000E-10
 3.000000000E+00 1.187800000E-09
 5.000000000E+00 1.026400000E-09
 6.000000000E+00 1.044600000E-09
 8.000000000E+00 3.565800000E-09
 1.000000000E+01 3.675500000E-09
 1.100000000E+01 3.730300000E-09
 1.300000000E+01 4.475600000E-09
 1.400000000E+01 4.510300000E-09
 1.600000000E+01 1.394400000E-08
                                                                       1
 30000  0  0  65.37      180717  2  0.0         1.0000E+50  0.0
91921  0  0.0         0.0         0.0         0.0         0.0
 1.000000000E+00 7.466500000E-07
 3.000000000E+00 5.494000000E-09
 5.000000000E+00 7.149800000E-09
 6.000000000E+00 7.006400000E-09
 8.000000000E+00 3.144300000E-11
 1.000000000E+01 1.097000000E-10
 1.100000000E+01 1.012700000E-10
                                                                       1
 30000  0  0  65.37      180717  2  0.0         1.0000E+50  0.0
91922  0  0.0         0.0         0.0         0.0         0.0
 1.000000000E+00 8.132200000E-07
 3.000000000E+00 9.496300000E-06
 5.000000000E+00 6.652000000E-07
 6.000000000E+00 6.774300000E-07
 8.000000000E+00 4.757900000E-06
 1.000000000E+01 3.770300000E-06
 1.100000000E+01 3.618700000E-06
                                                                       1
 30000  0  0  65.37      180717  2  0.0         1.0000E+50  0.0
92935  0  0.0         0.0         0.0         0.0         0.0
 1.000000000E+00 7.839538556E-05
 3.000000000E+00 7.317874367E-05
 5.000000000E+00 4.969178610E-05
 6.000000000E+00 4.923074620E-05
 8.000000000E+00 4.635148003E-05
 1.000000000E+01 3.303587583E-05
 1.100000000E+01 3.284709239E-05
 1.300000000E+01 1.200000000E-05
 1.400000000E+01 1.120000000E-05
 1.600000000E+01 9.390000000E-06
                                                                       1
 30000  0  7  65.37      180717  2  0.0         1.0000E+50  0.0
92933  0  0.0         0.0         0.0         0.0         0.0
 1.000000000E+00 4.801320000E-01
 3.000000000E+00 1.050900000E-02
 5.000000000E+00 1.086240000E-02
 6.000000000E+00 1.026740000E-02
 8.000000000E+00 5.942320000E-05
 1.000000000E+01 3.268410000E-05
 1.100000000E+01 2.854140000E-05
                                                                       1
 30000  0  7  65.37      180717  2  0.0         1.0000E+50  0.0
92934  0  0.0         0.0         0.0         0.0         0.0
 1.000000000E+00 4.080353990E-03
 3.000000000E+00 1.037942992E-05
 5.000000000E+00 1.059029786E-05
 6.000000000E+00 9.790947057E-06
 8.000000000E+00 3.572790002E-09
 1.000000000E+01 2.552078942E-09
 1.100000000E+01 2.138695883E-09
                                                                       1
 30000  0  9  65.37      180717  2  0.0         1.0000E+50  0.0
92933  0  0.0         0.0         0.0         0.0         0.0
 1.000000000E+00 3.770630000E+00
 3.000000000E+00 3.436410000E+00
 5.000000000E+00 2.040350000E+00
 6.000000000E+00 2.009970000E+00
 8.000000000E+00 1.846730000E+00
 1.000000000E+01 9.999670000E-01
 1.100000000E+01 9.999710000E-01
                                                                       1
 30000  0  9  65.37      180717  2  0.0         1.0000E+50  0.0
92934  0  0.0         0.0         0.0         0.0         0.0
 1.000000000E+00 5.504246608E-03
 3.000000000E+00 1.114441422E-03
 5.000000000E+00 9.867175174E-04
 6.000000000E+00 9.649782768E-04
 8.000000000E+00 9.464492905E-05
 1.000000000E+01 6.096161724E-05
 1.100000000E+01 5.815069765E-05
                                                                       1
 30000  0  7  65.37      180717  2  0.0         1.0000E+50  0.0
92931 91  0.0         1.          0.0         0.0         0.0
  5.00000000E+00  1.40620000E-01  8.61600000E-03
  6.00000000E+00  2.73809000E-01  8.63900000E-03
  1.00000000E+01  1.73890000E-02  9.56900000E-03
  1.10000000E+01  3.39969000E-02  9.57200000E-03
  1.30000000E+01  2.35079000E-05  9.65100000E-03
  1.40000000E+01  3.39889000E-05  9.65180000E-03
                                                                       1
 30000  0  9  65.37      180717  2  0.0         1.0000E+50  0.0
92932 91  0.0         1.          0.0         0.0         0.0
  3.00000000E+00  3.00000000E+00  3.67202000E-02  7.26700000E-03
  3.00000000E+00  5.00000000E+00  4.08263000E-02  7.41800000E-03
  3.00000000E+00  6.00000000E+00  7.19520000E-02  7.44100000E-03
  3.00000000E+00  8.00000000E+00  9.96991000E-03  8.32400000E-03
  3.00000000E+00  1.00000000E+01  5.38738000E-03  8.37100000E-03
  3.00000000E+00  1.10000000E+01  9.40412000E-03  8.37400000E-03
  3.00000000E+00  1.30000000E+01  2.96221000E-04  8.45300000E-03
  3.00000000E+00  1.40000000E+01  3.99711000E-04  8.45380000E-03
  3.00000000E+00  1.60000000E+01  7.63732000E-04  8.45561000E-03
  5.00000000E+00  5.00000000E+00  7.18740000E-03  7.56900000E-03
  5.00000000E+00  6.00000000E+00  1.69423000E-01  7.59200000E-03
  5.00000000E+00  8.00000000E+00  4.68792000E-03  8.47500000E-03
  5.00000000E+00  1.00000000E+01  1.77372000E-03  8.52200000E-03
  5.00000000E+00  1.10000000E+01  1.90649000E-02  8.52500000E-03
  5.00000000E+00  1.30000000E+01  4.08651000E-04  8.60400000E-03
  5.00000000E+00  1.40000000E+01  1.50252000E-03  8.60480000E-03
  5.00000000E+00  1.60000000E+01  3.51539000E-04  8.60661000E-03
  6.00000000E+00  6.00000000E+00  9.33923000E-02  7.61500000E-03
  6.00000000E+00  8.00000000E+00  8.29767000E-03  8.49800000E-03
  6.00000000E+00  1.00000000E+01  1.90934000E-02  8.54500000E-03
  6.00000000E+00  1.10000000E+01  2.13838000E-02  8.54800000E-03
  6.00000000E+00  1.30000000E+01  1.86474000E-03  8.62700000E-03
  6.00000000E+00  1.40000000E+01  1.81482000E-03  8.62780000E-03
  6.00000000E+00  1.60000000E+01  6.22793000E-04  8.62961000E-03
  8.00000000E+00  8.00000000E+00  7.23926000E-04  9.38100000E-03
  8.00000000E+00  1.00000000E+01  6.75507000E-04  9.42800000E-03
  8.00000000E+00  1.10000000E+01  1.18265000E-03  9.43100000E-03
  8.00000000E+00  1.30000000E+01  3.48394000E-05  9.51000000E-03
  8.00000000E+00  1.40000000E+01  4.64528000E-05  9.51080000E-03
  8.00000000E+00  1.60000000E+01  1.10321000E-04  9.51261000E-03
  1.00000000E+01  1.00000000E+01  1.17498000E-04  9.47500000E-03
  1.00000000E+01  1.10000000E+01  2.41974000E-03  9.47800000E-03
  1.00000000E+01  1.30000000E+01  3.98312000E-05  9.55700000E-03
  1.00000000E+01  1.40000000E+01  1.53346000E-04  9.55780000E-03
  1.00000000E+01  1.60000000E+01  5.17798000E-05  9.55961000E-03
  1.10000000E+01  1.10000000E+01  1.45467000E-03  9.48100000E-03
  1.10000000E+01  1.30000000E+01  2.05688000E-04  9.56000000E-03
  1.10000000E+01  1.40000000E+01  1.95088000E-04  9.56080000E-03
  1.10000000E+01  1.60000000E+01  9.75440000E-05  9.56261000E-03
  1.30000000E+01  1.40000000E+01  1.34903000E-05  9.63980000E-03
  1.30000000E+01  1.60000000E+01  2.24862000E-06  9.64161000E-03
  1.40000000E+01  1.40000000E+01  5.37849000E-06  9.64060000E-03
  1.40000000E+01  1.60000000E+01  5.37849000E-06  9.64241000E-03
  1.60000000E+01  1.60000000E+01  3.56899000E-06  9.64422000E-03
                                                                       1
 30000  0  7  65.37      180717  2  0.0         1.0000E+50  0.0
92931 91  0.0         3.          0.0         0.0         0.0
  5.00000000E+00  1.74001000E-05  1.51000000E-04
  6.00000000E+00  8.30426000E-05  1.74000000E-04
  1.00000000E+01  7.38615000E-04  1.10400000E-03
  1.10000000E+01  1.17501000E-03  1.10700000E-03
  1.30000000E+01  2.89562000E-06  1.18600000E-03
  1.40000000E+01  3.91643000E-06  1.18680000E-03
                                                                       1
 30000  0  9  65.37      180717  2  0.0         1.0000E+50  0.0
92932 91  0.0         3.          0.0         0.0         0.0
  5.00000000E+00  1.00000000E+01  4.72680000E-02  5.70000000E-05
  5.00000000E+00  1.10000000E+01  6.80998000E-02  6.00000000E-05
  5.00000000E+00  1.30000000E+01  4.63817000E-02  1.39000000E-04
  5.00000000E+00  1.40000000E+01  7.44682000E-02  1.39800000E-04
  5.00000000E+00  1.60000000E+01  4.45393000E-03  1.41610000E-04
  6.00000000E+00  8.00000000E+00  9.85971000E-02  3.30000000E-05
  6.00000000E+00  1.00000000E+01  5.79122000E-02  8.00000000E-05
  6.00000000E+00  1.10000000E+01  1.23579000E-01  8.30000000E-05
  6.00000000E+00  1.30000000E+01  1.16279000E-01  1.62000000E-04
  6.00000000E+00  1.40000000E+01  1.65355000E-01  1.62800000E-04
  6.00000000E+00  1.60000000E+01  7.83086000E-03  1.64610000E-04
  8.00000000E+00  8.00000000E+00  1.04028000E-02  9.16000000E-04
  8.00000000E+00  1.00000000E+01  1.90072000E-02  9.63000000E-04
  8.00000000E+00  1.10000000E+01  3.68897000E-02  9.66000000E-04
  8.00000000E+00  1.30000000E+01  2.10136000E-02  1.04500000E-03
  8.00000000E+00  1.40000000E+01  3.07792000E-02  1.04580000E-03
  8.00000000E+00  1.60000000E+01  1.42819000E-03  1.04761000E-03
  1.00000000E+01  1.00000000E+01  2.57527000E-04  1.01000000E-03
  1.00000000E+01  1.10000000E+01  6.47584000E-04  1.01300000E-03
  1.00000000E+01  1.30000000E+01  3.24333000E-04  1.09200000E-03
  1.00000000E+01  1.40000000E+01  6.39833000E-03  1.09280000E-03
  1.00000000E+01  1.60000000E+01  1.16589000E-03  1.09461000E-03
  1.10000000E+01  1.10000000E+01  9.60655000E-04  1.01600000E-03
  1.10000000E+01  1.30000000E+01  6.84507000E-03  1.09500000E-03
  1.10000000E+01  1.40000000E+01  4.87849000E-03  1.09580000E-03
  1.10000000E+01  1.60000000E+01  2.36888000E-03  1.09761000E-03
  1.30000000E+01  1.30000000E+01  6.36840000E-04  1.17400000E-03
  1.30000000E+01  1.40000000E+01  3.17905000E-02  1.17480000E-03
  1.30000000E+01  1.60000000E+01  1.20887000E-03  1.17661000E-03
  1.40000000E+01  1.40000000E+01  8.89946000E-03  1.17560000E-03
  1.40000000E+01  1.60000000E+01  1.80261000E-03  1.17741000E-03
  1.60000000E+01  1.60000000E+01  4.78573000E-05  1.17922000E-03
                                                                       1
 30000  0  7  65.37      180717  2  0.0         1.0000E+50  0.0
92931 91  0.0         5.          0.0         0.0         0.0
  6.00000000E+00  6.48668000E-10  2.30000000E-05
  8.00000000E+00  4.61199000E-03  9.06000000E-04
  1.10000000E+01  1.80819000E-05  9.56000000E-04
  1.30000000E+01  5.87348000E-03  1.03500000E-03
  1.60000000E+01  1.30420000E-04  1.03761000E-03
                                                                       1
 30000  0  9  65.37      180717  2  0.0         1.0000E+50  0.0
92932 91  0.0         5.          0.0         0.0         0.0
  6.00000000E+00  1.60000000E+01  1.91549000E-02  1.36100000E-05
  8.00000000E+00  8.00000000E+00  3.29825000E-03  7.65000000E-04
  8.00000000E+00  1.00000000E+01  6.14430000E-02  8.12000000E-04
  8.00000000E+00  1.10000000E+01  5.22423000E-03  8.15000000E-04
  8.00000000E+00  1.30000000E+01  2.91704000E-03  8.94000000E-04
  8.00000000E+00  1.40000000E+01  6.72092000E-03  8.94800000E-04
  8.00000000E+00  1.60000000E+01  4.37367000E-04  8.96610000E-04
  1.00000000E+01  1.00000000E+01  5.36229000E-02  8.59000000E-04
  1.00000000E+01  1.10000000E+01  1.83350000E-01  8.62000000E-04
  1.00000000E+01  1.30000000E+01  6.88269000E-02  9.41000000E-04
  1.00000000E+01  1.40000000E+01  1.30427000E-01  9.41800000E-04
  1.00000000E+01  1.60000000E+01  4.72271000E-03  9.43610000E-04
  1.10000000E+01  1.10000000E+01  5.11146000E-03  8.65000000E-04
  1.10000000E+01  1.30000000E+01  8.27844000E-02  9.44000000E-04
  1.10000000E+01  1.40000000E+01  1.21167000E-02  9.44800000E-04
  1.10000000E+01  1.60000000E+01  3.57096000E-04  9.46610000E-04
  1.30000000E+01  1.30000000E+01  6.07200000E-02  1.02300000E-03
  1.30000000E+01  1.40000000E+01  2.74684000E-01  1.02380000E-03
  1.30000000E+01  1.60000000E+01  2.34621000E-04  1.02561000E-03
  1.40000000E+01  1.40000000E+01  1.27114000E-02  1.02460000E-03
  1.40000000E+01  1.60000000E+01  4.85515000E-04  1.02641000E-03
  1.60000000E+01  1.60000000E+01  1.60500000E-05  1.02822000E-03
                                                                       1
 30000  0  7  65.37      180717  2  0.0         1.0000E+50  0.0
92931 91  0.0         6.          0.0         0.0         0.0
  8.00000000E+00  4.34963000E-03  8.83000000E-04
  1.00000000E+01  9.21506000E-06  9.30000000E-04
  1.10000000E+01  8.90995000E-06  9.33000000E-04
  1.30000000E+01  4.96303000E-04  1.01200000E-03
  1.40000000E+01  5.25973000E-03  1.01280000E-03
  1.60000000E+01  1.13281000E-04  1.01461000E-03
                                                                       1
 30000  0  9  65.37      180717  2  0.0         1.0000E+50  0.0
92932 91  0.0         6.          0.0         0.0         0.0
  8.00000000E+00  8.00000000E+00  3.41111000E-03  7.42000000E-04
  8.00000000E+00  1.00000000E+01  2.40931000E-03  7.89000000E-04
  8.00000000E+00  1.10000000E+01  6.38932000E-02  7.92000000E-04
  8.00000000E+00  1.30000000E+01  4.57611000E-03  8.71000000E-04
  8.00000000E+00  1.40000000E+01  5.48252000E-03  8.71800000E-04
  8.00000000E+00  1.60000000E+01  4.49251000E-04  8.73610000E-04
  1.00000000E+01  1.00000000E+01  9.06422000E-04  8.36000000E-04
  1.00000000E+01  1.10000000E+01  9.79730000E-02  8.39000000E-04
  1.00000000E+01  1.30000000E+01  4.58386000E-03  9.18000000E-04
  1.00000000E+01  1.40000000E+01  4.34646000E-02  9.18800000E-04
  1.00000000E+01  1.60000000E+01  1.62995000E-04  9.20610000E-04
  1.10000000E+01  1.10000000E+01  1.43650000E-01  8.42000000E-04
  1.10000000E+01  1.30000000E+01  1.01080000E-01  9.21000000E-04
  1.10000000E+01  1.40000000E+01  1.52200000E-01  9.21800000E-04
  1.10000000E+01  1.60000000E+01  4.88211000E-03  9.23610000E-04
  1.30000000E+01  1.30000000E+01  1.03408000E-02  1.00000000E-03
  1.30000000E+01  1.40000000E+01  2.08677000E-01  1.00080000E-03
  1.30000000E+01  1.60000000E+01  3.33954000E-04  1.00261000E-03
  1.40000000E+01  1.40000000E+01  1.40861000E-01  1.00160000E-03
  1.40000000E+01  1.60000000E+01  4.09504000E-04  1.00341000E-03
  1.60000000E+01  1.60000000E+01  1.59031000E-05  1.00522000E-03
                                                                       1
 30000  0  7  65.37      180717  2  0.0         1.0000E+50  0.0
92931 91  0.0         8.          0.0         0.0         0.0
  1.00000000E+01  9.74547000E-06  4.70000000E-05
  1.10000000E+01  2.44108000E-05  5.00000000E-05
                                                                       1
 30000  0  9  65.37      180717  2  0.0         1.0000E+50  0.0
92932 91  0.0         8.          0.0         0.0         0.0
  1.00000000E+01  1.30000000E+01  7.17935000E-02  3.50000000E-05
  1.00000000E+01  1.40000000E+01  1.47584000E-01  3.58000000E-05
  1.00000000E+01  1.60000000E+01  4.57220000E-02  3.76100000E-05
  1.10000000E+01  1.30000000E+01  2.16658000E-01  3.80000000E-05
  1.10000000E+01  1.40000000E+01  2.80618000E-01  3.88000000E-05
  1.10000000E+01  1.60000000E+01  8.43840000E-02  4.06100000E-05
  1.30000000E+01  1.30000000E+01  4.12596000E-03  1.17000000E-04
  1.30000000E+01  1.40000000E+01  4.48130000E-02  1.17800000E-04
  1.30000000E+01  1.60000000E+01  3.32219000E-02  1.19610000E-04
  1.40000000E+01  1.40000000E+01  1.80365000E-02  1.18600000E-04
  1.40000000E+01  1.60000000E+01  5.22844000E-02  1.20410000E-04
  1.60000000E+01  1.60000000E+01  7.24709000E-04  1.22220000E-04
                                                                       1
 30000  0  7  65.37      180717  2  0.0         1.0000E+50  0.0
92931 91  0.0         10.         0.0         0.0         0.0
  1.30000000E+01  2.88079000E-05  8.20000000E-05
  1.60000000E+01  3.87618000E-06  8.46100000E-05
                                                                       1
 30000  0  9  65.37      180717  2  0.0         1.0000E+50  0.0
92932 91  0.0         10.         0.0         0.0         0.0
  1.30000000E+01  1.30000000E+01  1.49923000E-01  7.00000000E-05
  1.30000000E+01  1.40000000E+01  7.74954000E-01  7.08000000E-05
  1.30000000E+01  1.60000000E+01  4.38691000E-02  7.26100000E-05
  1.40000000E+01  1.40000000E+01  2.27158000E-02  7.16000000E-05
  1.40000000E+01  1.60000000E+01  8.49506000E-03  7.34100000E-05
  1.60000000E+01  1.60000000E+01  1.08770000E-05  7.52200000E-05
                                                                       1
 30000  0  7  65.37      180717  2  0.0         1.0000E+50  0.0
92931 91  0.0         11.         0.0         0.0         0.0
  1.30000000E+01  2.62310000E-06  7.90000000E-05
  1.40000000E+01  2.40950000E-05  7.98000000E-05
  1.60000000E+01  1.82330000E-06  8.16100000E-05
                                                                       1
 30000  0  9  65.37      180717  2  0.0         1.0000E+50  0.0
92932 91  0.0         11.         0.0         0.0         0.0
  1.30000000E+01  1.30000000E+01  2.36088000E-02  6.70000000E-05
  1.30000000E+01  1.40000000E+01  5.37047000E-01  6.78000000E-05
  1.30000000E+01  1.60000000E+01  9.89369000E-03  6.96100000E-05
  1.40000000E+01  1.40000000E+01  3.81722000E-01  6.86000000E-05
  1.40000000E+01  1.60000000E+01  4.76979000E-02  7.04100000E-05
  1.60000000E+01  1.60000000E+01  1.48540000E-06  7.22200000E-05
                                                                       1
