 33000  0  0  74.9216    180717  2  0.0         1.0000E+50  0.0
91912  0  0.0         0.0         0.0         0.0         0.0
 1.000000000E+00 2.000000000E+00
 3.000000000E+00 2.000000000E+00
 5.000000000E+00 2.000000000E+00
 6.000000000E+00 4.000000000E+00
 8.000000000E+00 2.000000000E+00
 1.000000000E+01 2.000000000E+00
 1.100000000E+01 4.000000000E+00
 1.300000000E+01 4.000000000E+00
 1.400000000E+01 6.000000000E+00
 1.600000000E+01 2.000000000E+00
 1.800000000E+01 1.000000000E+00
 1.900000000E+01 2.000000000E+00
                                                                       1
 33000  0  0  74.9216    180717  2  0.0         1.0000E+50  0.0
91913  0  0.0         0.0         0.0         0.0         0.0
 1.000000000E+00 1.187100000E-02
 3.000000000E+00 1.531000000E-03
 5.000000000E+00 1.362000000E-03
 6.000000000E+00 1.327000000E-03
 8.000000000E+00 2.080000000E-04
 1.000000000E+01 1.510000000E-04
 1.100000000E+01 1.450000000E-04
 1.300000000E+01 4.600000000E-05
 1.400000000E+01 4.500000000E-05
 1.600000000E+01 1.700000000E-05
 1.800000000E+01 9.810000000E-06
 1.900000000E+01 9.810000000E-06
                                                                       1
 33000  0  0  74.9216    180717  2  0.0         1.0000E+50  0.0
91914  0  0.0         0.0         0.0         0.0         0.0
 1.000000000E+00 1.513856074E-02
 3.000000000E+00 3.006572801E-03
 5.000000000E+00 2.968136780E-03
 6.000000000E+00 2.834423248E-03
 8.000000000E+00 7.179407979E-04
 1.000000000E+01 6.546881504E-04
 1.100000000E+01 6.237480874E-04
 1.300000000E+01 4.441079501E-04
 1.400000000E+01 4.354807122E-04
 1.600000000E+01 8.823628219E-05
 1.800000000E+01 6.873040640E-05
 1.900000000E+01 6.762745198E-05
                                                                       1
 33000  0  0  74.9216    180717  2  0.0         1.0000E+50  0.0
91915  0  0.0         0.0         0.0         0.0         0.0
 1.000000000E+00 2.401100000E-10
 3.000000000E+00 1.065000000E-09
 5.000000000E+00 9.163600000E-10
 6.000000000E+00 9.356600000E-10
 8.000000000E+00 3.129400000E-09
 1.000000000E+01 3.174200000E-09
 1.100000000E+01 3.228300000E-09
 1.300000000E+01 3.434100000E-09
 1.400000000E+01 3.456100000E-09
 1.600000000E+01 9.854800000E-09
 1.800000000E+01 1.277000000E-08
 1.900000000E+01 1.307500000E-08
                                                                       1
 33000  0  0  74.9216    180717  2  0.0         1.0000E+50  0.0
91921  0  0.0         0.0         0.0         0.0         0.0
 1.000000000E+00 1.141800000E-06
 3.000000000E+00 9.716800000E-09
 5.000000000E+00 1.409900000E-08
 6.000000000E+00 1.378800000E-08
 8.000000000E+00 5.847300000E-11
 1.000000000E+01 1.693800000E-10
 1.100000000E+01 1.532400000E-10
 1.300000000E+01 1.017700000E-12
 1.400000000E+01 9.577100000E-13
                                                                       1
 33000  0  0  74.9216    180717  2  0.0         1.0000E+50  0.0
91922  0  0.0         0.0         0.0         0.0         0.0
 1.000000000E+00 8.707100000E-07
 3.000000000E+00 7.841300000E-06
 5.000000000E+00 9.203400000E-07
 6.000000000E+00 9.073100000E-07
 8.000000000E+00 3.960100000E-06
 1.000000000E+01 3.948900000E-06
 1.100000000E+01 3.627500000E-06
 1.300000000E+01 5.785500000E-08
 1.400000000E+01 5.951600000E-08
                                                                       1
 33000  0  0  74.9216    180717  2  0.0         1.0000E+50  0.0
92935  0  0.0         0.0         0.0         0.0         0.0
 1.000000000E+00 1.146155136E-04
 3.000000000E+00 1.100038415E-04
 5.000000000E+00 7.926187772E-05
 6.000000000E+00 7.815683340E-05
 8.000000000E+00 6.825616474E-05
 1.000000000E+01 5.438656059E-05
 1.100000000E+01 5.389637293E-05
 1.300000000E+01 2.533925955E-05
 1.400000000E+01 2.572228487E-05
 1.600000000E+01 1.700000000E-05
 1.800000000E+01 9.810000000E-06
 1.900000000E+01 9.810000000E-06
                                                                       1
 33000  0  7  74.9216    180717  2  0.0         1.0000E+50  0.0
92933  0  0.0         0.0         0.0         0.0         0.0
 1.000000000E+00 5.772070000E-01
 3.000000000E+00 1.532200000E-02
 5.000000000E+00 1.638120000E-02
 6.000000000E+00 1.539140000E-02
 8.000000000E+00 1.255080000E-04
 1.000000000E+01 9.262660000E-05
 1.100000000E+01 8.214670000E-05
 1.300000000E+01 5.049180000E-07
 1.400000000E+01 4.109220000E-07
                                                                       1
 33000  0  7  74.9216    180717  2  0.0         1.0000E+50  0.0
92934  0  0.0         0.0         0.0         0.0         0.0
 1.000000000E+00 5.972109526E-03
 3.000000000E+00 1.934106898E-05
 5.000000000E+00 2.070993952E-05
 6.000000000E+00 1.893045472E-05
 8.000000000E+00 1.203840412E-08
 1.000000000E+01 9.560028466E-09
 1.100000000E+01 7.987545556E-09
 1.300000000E+01 1.957357366E-11
 1.400000000E+01 1.563454006E-11
                                                                       1
 33000  0  9  74.9216    180717  2  0.0         1.0000E+50  0.0
92933  0  0.0         0.0         0.0         0.0         0.0
 1.000000000E+00 7.039660000E+00
 3.000000000E+00 6.669660000E+00
 5.000000000E+00 4.612730000E+00
 6.000000000E+00 4.498030000E+00
 8.000000000E+00 3.661220000E+00
 1.000000000E+01 2.794700000E+00
 1.100000000E+01 2.764100000E+00
 1.300000000E+01 9.999990000E-01
 1.400000000E+01 1.000000000E+00
                                                                       1
 33000  0  9  74.9216    180717  2  0.0         1.0000E+50  0.0
92934  0  0.0         0.0         0.0         0.0         0.0
 1.000000000E+00 5.784274961E-03
 3.000000000E+00 1.401653074E-03
 5.000000000E+00 1.262031574E-03
 6.000000000E+00 1.229915110E-03
 8.000000000E+00 1.397323037E-04
 1.000000000E+01 9.660391004E-05
 1.100000000E+01 9.109555919E-05
 1.300000000E+01 2.066074045E-05
 1.400000000E+01 1.927771513E-05
                                                                       1
 33000  0  7  74.9216    180717  2  0.0         1.0000E+50  0.0
92931 91  0.0         1.          0.0         0.0         0.0
  5.00000000E+00  1.66890000E-01  1.05090000E-02
  6.00000000E+00  3.23251000E-01  1.05440000E-02
  1.00000000E+01  2.20590000E-02  1.17200000E-02
  1.10000000E+01  4.30891000E-02  1.17260000E-02
  1.30000000E+01  4.61411000E-05  1.18250000E-02
  1.40000000E+01  6.64471000E-05  1.18260000E-02
  1.80000000E+01  6.72162000E-04  1.18611900E-02
  1.90000000E+01  1.29230000E-03  1.18611900E-02
                                                                       1
 33000  0  9  74.9216    180717  2  0.0         1.0000E+50  0.0
92932 91  0.0         1.          0.0         0.0         0.0
  3.00000000E+00  3.00000000E+00  3.05370000E-02  8.80900000E-03
  3.00000000E+00  5.00000000E+00  3.40416000E-02  8.97800000E-03
  3.00000000E+00  6.00000000E+00  5.81569000E-02  9.01300000E-03
  3.00000000E+00  8.00000000E+00  8.68245000E-03  1.01320000E-02
  3.00000000E+00  1.00000000E+01  4.81858000E-03  1.01890000E-02
  3.00000000E+00  1.10000000E+01  8.16152000E-03  1.01950000E-02
  3.00000000E+00  1.30000000E+01  3.20598000E-04  1.02940000E-02
  3.00000000E+00  1.40000000E+01  4.22865000E-04  1.02950000E-02
  3.00000000E+00  1.60000000E+01  9.34125000E-04  1.03230000E-02
  3.00000000E+00  1.80000000E+01  1.83797000E-04  1.03301900E-02
  3.00000000E+00  1.90000000E+01  3.10929000E-04  1.03301900E-02
  5.00000000E+00  5.00000000E+00  5.85512000E-03  9.14700000E-03
  5.00000000E+00  6.00000000E+00  1.36222000E-01  9.18200000E-03
  5.00000000E+00  8.00000000E+00  4.06977000E-03  1.03010000E-02
  5.00000000E+00  1.00000000E+01  1.53944000E-03  1.03580000E-02
  5.00000000E+00  1.10000000E+01  1.63510000E-02  1.03640000E-02
  5.00000000E+00  1.30000000E+01  4.35309000E-04  1.04630000E-02
  5.00000000E+00  1.40000000E+01  1.58922000E-03  1.04640000E-02
  5.00000000E+00  1.60000000E+01  4.28390000E-04  1.04920000E-02
  5.00000000E+00  1.80000000E+01  5.80381000E-05  1.04991900E-02
  5.00000000E+00  1.90000000E+01  6.12178000E-04  1.04991900E-02
  6.00000000E+00  6.00000000E+00  7.43816000E-02  9.21700000E-03
  6.00000000E+00  8.00000000E+00  6.98314000E-03  1.03360000E-02
  6.00000000E+00  1.00000000E+01  1.63388000E-02  1.03930000E-02
  6.00000000E+00  1.10000000E+01  1.81856000E-02  1.03990000E-02
  6.00000000E+00  1.30000000E+01  1.96094000E-03  1.04980000E-02
  6.00000000E+00  1.40000000E+01  1.90012000E-03  1.04990000E-02
  6.00000000E+00  1.60000000E+01  7.33820000E-04  1.05270000E-02
  6.00000000E+00  1.80000000E+01  6.13595000E-04  1.05341900E-02
  6.00000000E+00  1.90000000E+01  6.82666000E-04  1.05341900E-02
  8.00000000E+00  8.00000000E+00  6.34075000E-04  1.14550000E-02
  8.00000000E+00  1.00000000E+01  6.03843000E-04  1.15120000E-02
  8.00000000E+00  1.10000000E+01  1.02371000E-03  1.15180000E-02
  8.00000000E+00  1.30000000E+01  3.73822000E-05  1.16170000E-02
  8.00000000E+00  1.40000000E+01  4.88828000E-05  1.16180000E-02
  8.00000000E+00  1.60000000E+01  1.36592000E-04  1.16460000E-02
  8.00000000E+00  1.80000000E+01  2.30043000E-05  1.16531900E-02
  8.00000000E+00  1.90000000E+01  3.88199000E-05  1.16531900E-02
  1.00000000E+01  1.00000000E+01  1.03444000E-04  1.15690000E-02
  1.00000000E+01  1.10000000E+01  2.11769000E-03  1.15750000E-02
  1.00000000E+01  1.30000000E+01  4.43344000E-05  1.16740000E-02
  1.00000000E+01  1.40000000E+01  1.65514000E-04  1.16750000E-02
  1.00000000E+01  1.60000000E+01  6.50271000E-05  1.17030000E-02
  1.00000000E+01  1.80000000E+01  7.38892000E-06  1.17101900E-02
  1.00000000E+01  1.90000000E+01  7.98045000E-05  1.17101900E-02
  1.10000000E+01  1.10000000E+01  1.22342000E-03  1.15810000E-02
  1.10000000E+01  1.30000000E+01  2.12753000E-04  1.16800000E-02
  1.10000000E+01  1.40000000E+01  2.02121000E-04  1.16810000E-02
  1.10000000E+01  1.60000000E+01  1.13969000E-04  1.17090000E-02
  1.10000000E+01  1.80000000E+01  8.20642000E-05  1.17161900E-02
  1.10000000E+01  1.90000000E+01  9.11772000E-05  1.17161900E-02
  1.30000000E+01  1.40000000E+01  1.52017000E-05  1.17800000E-02
  1.30000000E+01  1.60000000E+01  4.14583000E-06  1.18080000E-02
  1.30000000E+01  1.80000000E+01  1.38198000E-06  1.18151900E-02
  1.30000000E+01  1.90000000E+01  6.90957000E-06  1.18151900E-02
  1.40000000E+01  1.40000000E+01  4.14573000E-06  1.17810000E-02
  1.40000000E+01  1.60000000E+01  5.52746000E-06  1.18090000E-02
  1.40000000E+01  1.80000000E+01  5.52746000E-06  1.18161900E-02
  1.40000000E+01  1.90000000E+01  6.90940000E-06  1.18161900E-02
  1.60000000E+01  1.60000000E+01  6.90941000E-06  1.18370000E-02
  1.60000000E+01  1.80000000E+01  2.76389000E-06  1.18441900E-02
  1.60000000E+01  1.90000000E+01  4.14573000E-06  1.18441900E-02
  1.80000000E+01  1.90000000E+01  2.76401000E-06  1.18513800E-02
  1.90000000E+01  1.90000000E+01  1.38190000E-06  1.18513800E-02
                                                                       1
 33000  0  7  74.9216    180717  2  0.0         1.0000E+50  0.0
92931 91  0.0         3.          0.0         0.0         0.0
  5.00000000E+00  1.47177000E-05  1.69000000E-04
  6.00000000E+00  7.92740000E-05  2.04000000E-04
  1.00000000E+01  9.04147000E-04  1.38000000E-03
  1.10000000E+01  1.55206000E-03  1.38600000E-03
  1.30000000E+01  4.19556000E-06  1.48500000E-03
  1.40000000E+01  6.17021000E-06  1.48600000E-03
  1.80000000E+01  2.92382000E-05  1.52119000E-03
  1.90000000E+01  5.22734000E-05  1.52119000E-03
                                                                       1
 33000  0  9  74.9216    180717  2  0.0         1.0000E+50  0.0
92932 91  0.0         3.          0.0         0.0         0.0
  5.00000000E+00  1.30000000E+01  5.86025000E-02  1.23000000E-04
  5.00000000E+00  1.40000000E+01  9.40104000E-02  1.24000000E-04
  5.00000000E+00  1.60000000E+01  8.28681000E-03  1.52000000E-04
  5.00000000E+00  1.80000000E+01  2.12082000E-03  1.59190000E-04
  5.00000000E+00  1.90000000E+01  2.95933000E-03  1.59190000E-04
  6.00000000E+00  1.00000000E+01  7.54468000E-02  5.30000000E-05
  6.00000000E+00  1.10000000E+01  1.59819000E-01  5.90000000E-05
  6.00000000E+00  1.30000000E+01  1.59501000E-01  1.58000000E-04
  6.00000000E+00  1.40000000E+01  2.27521000E-01  1.59000000E-04
  6.00000000E+00  1.60000000E+01  1.42796000E-02  1.87000000E-04
  6.00000000E+00  1.80000000E+01  2.48050000E-03  1.94190000E-04
  6.00000000E+00  1.90000000E+01  5.31159000E-03  1.94190000E-04
  8.00000000E+00  8.00000000E+00  8.65091000E-03  1.11500000E-03
  8.00000000E+00  1.00000000E+01  1.62020000E-02  1.17200000E-03
  8.00000000E+00  1.10000000E+01  3.13156000E-02  1.17800000E-03
  8.00000000E+00  1.30000000E+01  2.05920000E-02  1.27700000E-03
  8.00000000E+00  1.40000000E+01  3.01093000E-02  1.27800000E-03
  8.00000000E+00  1.60000000E+01  1.66266000E-03  1.30600000E-03
  8.00000000E+00  1.80000000E+01  6.18188000E-04  1.31319000E-03
  8.00000000E+00  1.90000000E+01  1.18923000E-03  1.31319000E-03
  1.00000000E+01  1.00000000E+01  1.93584000E-04  1.22900000E-03
  1.00000000E+01  1.10000000E+01  6.17360000E-04  1.23500000E-03
  1.00000000E+01  1.30000000E+01  3.35929000E-04  1.33400000E-03
  1.00000000E+01  1.40000000E+01  6.42986000E-03  1.33500000E-03
  1.00000000E+01  1.60000000E+01  1.34779000E-03  1.36300000E-03
  1.00000000E+01  1.80000000E+01  1.13873000E-05  1.37019000E-03
  1.00000000E+01  1.90000000E+01  2.27749000E-05  1.37019000E-03
  1.10000000E+01  1.10000000E+01  8.54542000E-04  1.24100000E-03
  1.10000000E+01  1.30000000E+01  6.98865000E-03  1.34000000E-03
  1.10000000E+01  1.40000000E+01  4.95822000E-03  1.34100000E-03
  1.10000000E+01  1.60000000E+01  2.87679000E-03  1.36900000E-03
  1.10000000E+01  1.80000000E+01  2.51330000E-05  1.37619000E-03
  1.10000000E+01  1.90000000E+01  5.56530000E-05  1.37619000E-03
  1.30000000E+01  1.30000000E+01  7.68630000E-04  1.43900000E-03
  1.30000000E+01  1.40000000E+01  3.61996000E-02  1.44000000E-03
  1.30000000E+01  1.60000000E+01  1.65279000E-03  1.46800000E-03
  1.30000000E+01  1.80000000E+01  1.62674000E-05  1.47519000E-03
  1.30000000E+01  1.90000000E+01  2.36700000E-04  1.47519000E-03
  1.40000000E+01  1.40000000E+01  1.00290000E-02  1.44100000E-03
  1.40000000E+01  1.60000000E+01  2.41890000E-03  1.46900000E-03
  1.40000000E+01  1.80000000E+01  2.35882000E-04  1.47619000E-03
  1.40000000E+01  1.90000000E+01  1.73253000E-04  1.47619000E-03
  1.60000000E+01  1.60000000E+01  7.80837000E-05  1.49700000E-03
  1.60000000E+01  1.80000000E+01  5.12430000E-05  1.50419000E-03
  1.60000000E+01  1.90000000E+01  9.92332000E-05  1.50419000E-03
  1.80000000E+01  1.90000000E+01  8.13389000E-07  1.51138000E-03
  1.90000000E+01  1.90000000E+01  8.13389000E-07  1.51138000E-03
                                                                       1
 33000  0  7  74.9216    180717  2  0.0         1.0000E+50  0.0
92931 91  0.0         5.          0.0         0.0         0.0
  6.00000000E+00  1.11430000E-09  3.50000000E-05
  8.00000000E+00  3.97241000E-03  1.15400000E-03
  1.10000000E+01  2.16131000E-05  1.21700000E-03
  1.30000000E+01  1.12390000E-02  1.31600000E-03
  1.60000000E+01  1.49861000E-04  1.34500000E-03
  1.90000000E+01  9.45533000E-08  1.35219000E-03
                                                                       1
 33000  0  9  74.9216    180717  2  0.0         1.0000E+50  0.0
92932 91  0.0         5.          0.0         0.0         0.0
  6.00000000E+00  1.60000000E+01  2.26086000E-02  1.80000000E-05
  6.00000000E+00  1.80000000E+01  2.65720000E-02  2.51900000E-05
  6.00000000E+00  1.90000000E+01  1.07277000E-02  2.51900000E-05
  8.00000000E+00  8.00000000E+00  2.54130000E-03  9.46000000E-04
  8.00000000E+00  1.00000000E+01  4.89318000E-02  1.00300000E-03
  8.00000000E+00  1.10000000E+01  4.30681000E-03  1.00900000E-03
  8.00000000E+00  1.30000000E+01  2.40949000E-03  1.10800000E-03
  8.00000000E+00  1.40000000E+01  6.13075000E-03  1.10900000E-03
  8.00000000E+00  1.60000000E+01  4.68445000E-04  1.13700000E-03
  8.00000000E+00  1.80000000E+01  1.48441000E-03  1.14419000E-03
  8.00000000E+00  1.90000000E+01  1.52252000E-04  1.14419000E-03
  1.00000000E+01  1.00000000E+01  4.41442000E-02  1.06000000E-03
  1.00000000E+01  1.10000000E+01  1.49533000E-01  1.06600000E-03
  1.00000000E+01  1.30000000E+01  6.52003000E-02  1.16500000E-03
  1.00000000E+01  1.40000000E+01  1.21956000E-01  1.16600000E-03
  1.00000000E+01  1.60000000E+01  5.35476000E-03  1.19400000E-03
  1.00000000E+01  1.80000000E+01  3.04777000E-03  1.20119000E-03
  1.00000000E+01  1.90000000E+01  5.59496000E-03  1.20119000E-03
  1.10000000E+01  1.10000000E+01  4.14269000E-03  1.07200000E-03
  1.10000000E+01  1.30000000E+01  7.96706000E-02  1.17100000E-03
  1.10000000E+01  1.40000000E+01  1.13769000E-02  1.17200000E-03
  1.10000000E+01  1.60000000E+01  4.15737000E-04  1.20000000E-03
  1.10000000E+01  1.80000000E+01  4.64920000E-03  1.20719000E-03
  1.10000000E+01  1.90000000E+01  2.75204000E-04  1.20719000E-03
  1.30000000E+01  1.30000000E+01  6.18256000E-02  1.27000000E-03
  1.30000000E+01  1.40000000E+01  2.77674000E-01  1.27100000E-03
  1.30000000E+01  1.60000000E+01  2.67909000E-04  1.29900000E-03
  1.30000000E+01  1.80000000E+01  1.97630000E-03  1.30619000E-03
  1.30000000E+01  1.90000000E+01  2.83768000E-03  1.30619000E-03
  1.40000000E+01  1.40000000E+01  1.34073000E-02  1.27200000E-03
  1.40000000E+01  1.60000000E+01  6.14825000E-04  1.30000000E-03
  1.40000000E+01  1.80000000E+01  3.54844000E-03  1.30719000E-03
  1.40000000E+01  1.90000000E+01  3.86464000E-04  1.30719000E-03
  1.60000000E+01  1.60000000E+01  2.04948000E-05  1.32800000E-03
  1.60000000E+01  1.80000000E+01  1.63957000E-04  1.33519000E-03
  1.60000000E+01  1.90000000E+01  1.46392000E-05  1.33519000E-03
  1.80000000E+01  1.80000000E+01  4.09876000E-05  1.34238000E-03
  1.80000000E+01  1.90000000E+01  1.40533000E-04  1.34238000E-03
  1.90000000E+01  1.90000000E+01  2.92771000E-06  1.34238000E-03
                                                                       1
 33000  0  7  74.9216    180717  2  0.0         1.0000E+50  0.0
92931 91  0.0         6.          0.0         0.0         0.0
  8.00000000E+00  4.16398000E-03  1.11900000E-03
  1.00000000E+01  1.16210000E-05  1.17600000E-03
  1.10000000E+01  1.11650000E-05  1.18200000E-03
  1.30000000E+01  9.90226000E-04  1.28100000E-03
  1.40000000E+01  1.00090000E-02  1.28200000E-03
  1.60000000E+01  1.30850000E-04  1.31000000E-03
  1.80000000E+01  4.39948000E-08  1.31719000E-03
  1.90000000E+01  4.17228000E-08  1.31719000E-03
                                                                       1
 33000  0  9  74.9216    180717  2  0.0         1.0000E+50  0.0
92932 91  0.0         6.          0.0         0.0         0.0
  8.00000000E+00  8.00000000E+00  2.71394000E-03  9.11000000E-04
  8.00000000E+00  1.00000000E+01  1.97560000E-03  9.68000000E-04
  8.00000000E+00  1.10000000E+01  5.19127000E-02  9.74000000E-04
  8.00000000E+00  1.30000000E+01  4.23471000E-03  1.07300000E-03
  8.00000000E+00  1.40000000E+01  4.78701000E-03  1.07400000E-03
  8.00000000E+00  1.60000000E+01  5.02023000E-04  1.10200000E-03
  8.00000000E+00  1.80000000E+01  6.79221000E-05  1.10919000E-03
  8.00000000E+00  1.90000000E+01  1.58284000E-03  1.10919000E-03
  1.00000000E+01  1.00000000E+01  7.44188000E-04  1.02500000E-03
  1.00000000E+01  1.10000000E+01  8.18163000E-02  1.03100000E-03
  1.00000000E+01  1.30000000E+01  4.55376000E-03  1.13000000E-03
  1.00000000E+01  1.40000000E+01  4.25636000E-02  1.13100000E-03
  1.00000000E+01  1.60000000E+01  1.88995000E-04  1.15900000E-03
  1.00000000E+01  1.80000000E+01  5.02029000E-05  1.16619000E-03
  1.00000000E+01  1.90000000E+01  2.54254000E-03  1.16619000E-03
  1.10000000E+01  1.10000000E+01  1.19509000E-01  1.03700000E-03
  1.10000000E+01  1.30000000E+01  9.74586000E-02  1.13600000E-03
  1.10000000E+01  1.40000000E+01  1.47949000E-01  1.13700000E-03
  1.10000000E+01  1.60000000E+01  5.64936000E-03  1.16500000E-03
  1.10000000E+01  1.80000000E+01  3.05065000E-03  1.17219000E-03
  1.10000000E+01  1.90000000E+01  8.19189000E-03  1.17219000E-03
  1.30000000E+01  1.30000000E+01  1.13640000E-02  1.23500000E-03
  1.30000000E+01  1.40000000E+01  2.26900000E-01  1.23600000E-03
  1.30000000E+01  1.60000000E+01  4.34108000E-04  1.26400000E-03
  1.30000000E+01  1.80000000E+01  1.68321000E-04  1.27119000E-03
  1.30000000E+01  1.90000000E+01  2.90289000E-03  1.27119000E-03
  1.40000000E+01  1.40000000E+01  1.53782000E-01  1.23700000E-03
  1.40000000E+01  1.60000000E+01  5.07908000E-04  1.26500000E-03
  1.40000000E+01  1.80000000E+01  1.52092000E-03  1.27219000E-03
  1.40000000E+01  1.90000000E+01  4.66873000E-03  1.27219000E-03
  1.60000000E+01  1.60000000E+01  2.36255000E-05  1.29300000E-03
  1.60000000E+01  1.80000000E+01  5.90615000E-06  1.30019000E-03
  1.60000000E+01  1.90000000E+01  1.71268000E-04  1.30019000E-03
  1.80000000E+01  1.90000000E+01  7.67807000E-05  1.30738000E-03
  1.90000000E+01  1.90000000E+01  1.12210000E-04  1.30738000E-03
                                                                       1
 33000  0  7  74.9216    180717  2  0.0         1.0000E+50  0.0
92931 91  0.0         8.          0.0         0.0         0.0
  1.00000000E+01  1.30510000E-05  5.70000000E-05
  1.10000000E+01  3.41950000E-05  6.30000000E-05
  1.80000000E+01  5.39910000E-06  1.98190000E-04
  1.90000000E+01  8.47180000E-06  1.98190000E-04
                                                                       1
 33000  0  9  74.9216    180717  2  0.0         1.0000E+50  0.0
92932 91  0.0         8.          0.0         0.0         0.0
  1.00000000E+01  1.30000000E+01  4.90336000E-02  1.10000000E-05
  1.00000000E+01  1.40000000E+01  2.17525000E-02  1.20000000E-05
  1.00000000E+01  1.60000000E+01  9.19876000E-02  4.00000000E-05
  1.00000000E+01  1.80000000E+01  2.33913000E-02  4.71900000E-05
  1.00000000E+01  1.90000000E+01  5.71950000E-02  4.71900000E-05
  1.10000000E+01  1.30000000E+01  5.86614000E-02  1.70000000E-05
  1.10000000E+01  1.40000000E+01  1.36085000E-01  1.80000000E-05
  1.10000000E+01  1.60000000E+01  1.65393000E-01  4.60000000E-05
  1.10000000E+01  1.80000000E+01  5.62446000E-02  5.31900000E-05
  1.10000000E+01  1.90000000E+01  8.98361000E-02  5.31900000E-05
  1.30000000E+01  1.30000000E+01  9.29764000E-03  1.16000000E-04
  1.30000000E+01  1.40000000E+01  3.88231000E-02  1.17000000E-04
  1.30000000E+01  1.60000000E+01  6.46838000E-02  1.45000000E-04
  1.30000000E+01  1.80000000E+01  3.06365000E-03  1.52190000E-04
  1.30000000E+01  1.90000000E+01  2.75176000E-03  1.52190000E-04
  1.40000000E+01  1.40000000E+01  2.27200000E-02  1.18000000E-04
  1.40000000E+01  1.60000000E+01  9.59951000E-02  1.46000000E-04
  1.40000000E+01  1.80000000E+01  1.44634000E-03  1.53190000E-04
  1.40000000E+01  1.90000000E+01  6.63863000E-03  1.53190000E-04
  1.60000000E+01  1.60000000E+01  2.05778000E-03  1.74000000E-04
  1.60000000E+01  1.80000000E+01  9.50918000E-04  1.81190000E-04
  1.60000000E+01  1.90000000E+01  1.80220000E-03  1.81190000E-04
  1.80000000E+01  1.90000000E+01  7.42050000E-05  1.88380000E-04
  1.90000000E+01  1.90000000E+01  5.35910000E-05  1.88380000E-04
                                                                       1
 33000  0  7  74.9216    180717  2  0.0         1.0000E+50  0.0
92931 91  0.0         10.         0.0         0.0         0.0
  1.30000000E+01  7.88572000E-05  1.05000000E-04
  1.60000000E+01  1.29330000E-05  1.34000000E-04
                                                                       1
 33000  0  9  74.9216    180717  2  0.0         1.0000E+50  0.0
92932 91  0.0         10.         0.0         0.0         0.0
  1.30000000E+01  1.30000000E+01  1.34402000E-01  5.90000000E-05
  1.30000000E+01  1.40000000E+01  6.43634000E-01  6.00000000E-05
  1.30000000E+01  1.60000000E+01  6.87471000E-02  8.80000000E-05
  1.30000000E+01  1.80000000E+01  2.82964000E-02  9.51900000E-05
  1.30000000E+01  1.90000000E+01  4.20236000E-02  9.51900000E-05
  1.40000000E+01  1.40000000E+01  1.93011000E-02  6.10000000E-05
  1.40000000E+01  1.60000000E+01  1.11385000E-02  8.90000000E-05
  1.40000000E+01  1.80000000E+01  4.55047000E-02  9.61900000E-05
  1.40000000E+01  1.90000000E+01  4.32698000E-03  9.61900000E-05
  1.60000000E+01  1.60000000E+01  8.95721000E-05  1.17000000E-04
  1.60000000E+01  1.80000000E+01  1.36224000E-03  1.24190000E-04
  1.60000000E+01  1.90000000E+01  1.32295000E-04  1.24190000E-04
  1.80000000E+01  1.90000000E+01  9.32223000E-04  1.31380000E-04
  1.90000000E+01  1.90000000E+01  1.79141000E-05  1.31380000E-04
                                                                       1
 33000  0  7  74.9216    180717  2  0.0         1.0000E+50  0.0
92931 91  0.0         11.         0.0         0.0         0.0
  1.30000000E+01  6.99485000E-06  9.90000000E-05
  1.40000000E+01  6.50115000E-05  1.00000000E-04
  1.60000000E+01  9.36567000E-06  1.28000000E-04
                                                                       1
 33000  0  9  74.9216    180717  2  0.0         1.0000E+50  0.0
92932 91  0.0         11.         0.0         0.0         0.0
  1.30000000E+01  1.30000000E+01  2.35221000E-02  5.30000000E-05
  1.30000000E+01  1.40000000E+01  4.25302000E-01  5.40000000E-05
  1.30000000E+01  1.60000000E+01  1.59034000E-02  8.20000000E-05
  1.30000000E+01  1.80000000E+01  3.83864000E-03  8.91900000E-05
  1.30000000E+01  1.90000000E+01  3.75074000E-02  8.91900000E-05
  1.40000000E+01  1.40000000E+01  3.18188000E-01  5.50000000E-05
  1.40000000E+01  1.60000000E+01  7.66233000E-02  8.30000000E-05
  1.40000000E+01  1.80000000E+01  2.65141000E-02  9.01900000E-05
  1.40000000E+01  1.90000000E+01  6.96985000E-02  9.01900000E-05
  1.60000000E+01  1.60000000E+01  5.40078000E-05  1.11000000E-04
  1.60000000E+01  1.80000000E+01  6.90088000E-05  1.18190000E-04
  1.60000000E+01  1.90000000E+01  1.58120000E-03  1.18190000E-04
  1.80000000E+01  1.90000000E+01  5.68574000E-04  1.25380000E-04
  1.90000000E+01  1.90000000E+01  5.48304000E-04  1.25380000E-04
                                                                       1
 33000  0  7  74.9216    180717  2  0.0         1.0000E+50  0.0
92931 91  0.0         13.         0.0         0.0         0.0
  1.80000000E+01  4.24871000E-07  3.61900000E-05
  1.90000000E+01  8.00472000E-08  3.61900000E-05
                                                                       1
 33000  0  9  74.9216    180717  2  0.0         1.0000E+50  0.0
92932 91  0.0         13.         0.0         0.0         0.0
  1.60000000E+01  1.60000000E+01  4.14969000E-01  1.20000000E-05
  1.60000000E+01  1.80000000E+01  2.08158000E-01  1.91900000E-05
  1.60000000E+01  1.90000000E+01  2.09525000E-01  1.91900000E-05
  1.80000000E+01  1.90000000E+01  1.50620000E-01  2.63800000E-05
  1.90000000E+01  1.90000000E+01  1.67270000E-02  2.63800000E-05
                                                                       1
 33000  0  7  74.9216    180717  2  0.0         1.0000E+50  0.0
92931 91  0.0         14.         0.0         0.0         0.0
  1.90000000E+01  4.10922000E-07  3.51900000E-05
                                                                       1
 33000  0  9  74.9216    180717  2  0.0         1.0000E+50  0.0
92932 91  0.0         14.         0.0         0.0         0.0
  1.60000000E+01  1.60000000E+01  4.39262000E-01  1.10000000E-05
  1.60000000E+01  1.80000000E+01  1.04650000E-01  1.81900000E-05
  1.60000000E+01  1.90000000E+01  3.32552000E-01  1.81900000E-05
  1.80000000E+01  1.90000000E+01  6.19813000E-02  2.53800000E-05
  1.90000000E+01  1.90000000E+01  6.15543000E-02  2.53800000E-05
                                                                       1
