 36000  0  0  83.8       180717  2  0.0         1.0000E+50  0.0
91912  0  0.0         0.0         0.0         0.0         0.0
 1.000000000E+00 2.000000000E+00
 3.000000000E+00 2.000000000E+00
 5.000000000E+00 2.000000000E+00
 6.000000000E+00 4.000000000E+00
 8.000000000E+00 2.000000000E+00
 1.000000000E+01 2.000000000E+00
 1.100000000E+01 4.000000000E+00
 1.300000000E+01 4.000000000E+00
 1.400000000E+01 6.000000000E+00
 1.600000000E+01 2.000000000E+00
 1.800000000E+01 2.000000000E+00
 1.900000000E+01 4.000000000E+00
                                                                       1
 36000  0  0  83.8       180717  2  0.0         1.0000E+50  0.0
91913  0  0.0         0.0         0.0         0.0         0.0
 1.000000000E+00 1.432700000E-02
 3.000000000E+00 1.924600000E-03
 5.000000000E+00 1.730900000E-03
 6.000000000E+00 1.678400000E-03
 8.000000000E+00 2.928000000E-04
 1.000000000E+01 2.222000000E-04
 1.100000000E+01 2.144000000E-04
 1.300000000E+01 9.500000000E-05
 1.400000000E+01 9.380000000E-05
 1.600000000E+01 2.751000000E-05
 1.800000000E+01 1.465000000E-05
 1.900000000E+01 1.400000000E-05
                                                                       1
 36000  0  0  83.8       180717  2  0.0         1.0000E+50  0.0
91914  0  0.0         0.0         0.0         0.0         0.0
 1.000000000E+00 1.820271436E-02
 3.000000000E+00 3.700072081E-03
 5.000000000E+00 3.658395308E-03
 6.000000000E+00 3.460809848E-03
 8.000000000E+00 9.440397455E-04
 1.000000000E+01 8.711888527E-04
 1.100000000E+01 8.315769617E-04
 1.300000000E+01 6.823162035E-04
 1.400000000E+01 6.740465205E-04
 1.600000000E+01 1.482672704E-04
 1.800000000E+01 1.142329114E-04
 1.900000000E+01 1.085770440E-04
                                                                       1
 36000  0  0  83.8       180717  2  0.0         1.0000E+50  0.0
91915  0  0.0         0.0         0.0         0.0         0.0
 1.000000000E+00 2.189900000E-10
 3.000000000E+00 9.642400000E-10
 5.000000000E+00 8.259900000E-10
 6.000000000E+00 8.472300000E-10
 8.000000000E+00 2.774900000E-09
 1.000000000E+01 2.780000000E-09
 1.100000000E+01 2.833600000E-09
 1.300000000E+01 2.845600000E-09
 1.400000000E+01 2.864900000E-09
 1.600000000E+01 8.059100000E-09
 1.800000000E+01 9.681000000E-09
 1.900000000E+01 9.928100000E-09
                                                                       1
 36000  0  0  83.8       180717  2  0.0         1.0000E+50  0.0
91921  0  0.0         0.0         0.0         0.0         0.0
 1.000000000E+00 1.685900000E-06
 3.000000000E+00 1.675800000E-08
 5.000000000E+00 2.471700000E-08
 6.000000000E+00 2.408000000E-08
 8.000000000E+00 1.459100000E-10
 1.000000000E+01 2.432900000E-10
 1.100000000E+01 2.154300000E-10
 1.300000000E+01 7.274600000E-12
 1.400000000E+01 6.792800000E-12
                                                                       1
 36000  0  0  83.8       180717  2  0.0         1.0000E+50  0.0
91922  0  0.0         0.0         0.0         0.0         0.0
 1.000000000E+00 9.307700000E-07
 3.000000000E+00 7.155100000E-06
 5.000000000E+00 1.200200000E-06
 6.000000000E+00 1.145800000E-06
 8.000000000E+00 5.169300000E-06
 1.000000000E+01 3.541400000E-06
 1.100000000E+01 3.082700000E-06
 1.300000000E+01 7.025300000E-08
 1.400000000E+01 7.210900000E-08
                                                                       1
 36000  0  0  83.8       180717  2  0.0         1.0000E+50  0.0
92935  0  0.0         0.0         0.0         0.0         0.0
 1.000000000E+00 1.327795860E-04
 3.000000000E+00 1.355222726E-04
 5.000000000E+00 1.005260010E-04
 6.000000000E+00 9.764167726E-05
 8.000000000E+00 8.081583147E-05
 1.000000000E+01 6.961960236E-05
 1.100000000E+01 6.683828836E-05
 1.300000000E+01 3.967383325E-05
 1.400000000E+01 3.937763524E-05
 1.600000000E+01 2.751000000E-05
 1.800000000E+01 1.465000000E-05
 1.900000000E+01 1.400000000E-05
                                                                       1
 36000  0  7  83.8       180717  2  0.0         1.0000E+50  0.0
92933  0  0.0         0.0         0.0         0.0         0.0
 1.000000000E+00 6.646780000E-01
 3.000000000E+00 2.153000000E-02
 5.000000000E+00 2.334180000E-02
 6.000000000E+00 2.179090000E-02
 8.000000000E+00 2.408240000E-04
 1.000000000E+01 2.110890000E-04
 1.100000000E+01 1.894920000E-04
 1.300000000E+01 8.356630000E-06
 1.400000000E+01 6.969210000E-06
                                                                       1
 36000  0  7  83.8       180717  2  0.0         1.0000E+50  0.0
92934  0  0.0         0.0         0.0         0.0         0.0
 1.000000000E+00 8.232747688E-03
 3.000000000E+00 3.402069174E-05
 5.000000000E+00 3.711495069E-05
 6.000000000E+00 3.353861245E-05
 8.000000000E+00 3.617785728E-08
 1.000000000E+01 2.793437830E-08
 1.100000000E+01 2.405628914E-08
 1.300000000E+01 6.829827478E-10
 1.400000000E+01 5.652333305E-10
                                                                       1
 36000  0  9  83.8       180717  2  0.0         1.0000E+50  0.0
92933  0  0.0         0.0         0.0         0.0         0.0
 1.000000000E+00 5.831360000E+00
 3.000000000E+00 5.884030000E+00
 5.000000000E+00 4.178310000E+00
 6.000000000E+00 4.021750000E+00
 8.000000000E+00 2.979520000E+00
 1.000000000E+01 2.485960000E+00
 1.100000000E+01 2.374510000E+00
 1.300000000E+01 9.999920000E-01
 1.400000000E+01 9.999930000E-01
                                                                       1
 36000  0  9  83.8       180717  2  0.0         1.0000E+50  0.0
92934  0  0.0         0.0         0.0         0.0         0.0
 1.000000000E+00 5.961466707E-03
 3.000000000E+00 1.755055518E-03
 5.000000000E+00 1.593263255E-03
 6.000000000E+00 1.547219209E-03
 8.000000000E+00 2.119481698E-04
 1.000000000E+01 1.525528189E-04
 1.100000000E+01 1.475377812E-04
 1.300000000E+01 5.532546932E-05
 1.400000000E+01 5.442176591E-05
                                                                       1
 36000  0  7  83.8       180717  2  0.0         1.0000E+50  0.0
92931 91  0.0         1.          0.0         0.0         0.0
  5.00000000E+00  1.88869000E-01  1.25961000E-02
  6.00000000E+00  3.64199000E-01  1.26486000E-02
  1.00000000E+01  2.65729000E-02  1.41048000E-02
  1.10000000E+01  5.18228000E-02  1.41126000E-02
  1.30000000E+01  7.74727000E-05  1.42320000E-02
  1.40000000E+01  1.11000000E-04  1.42332000E-02
  1.80000000E+01  2.33499000E-03  1.43123500E-02
  1.90000000E+01  4.49188000E-03  1.43130000E-02
                                                                       1
 36000  0  9  83.8       180717  2  0.0         1.0000E+50  0.0
92932 91  0.0         1.          0.0         0.0         0.0
  3.00000000E+00  3.00000000E+00  2.50649000E-02  1.04778000E-02
  3.00000000E+00  5.00000000E+00  2.80310000E-02  1.06715000E-02
  3.00000000E+00  6.00000000E+00  4.62200000E-02  1.07240000E-02
  3.00000000E+00  8.00000000E+00  7.46432000E-03  1.21096000E-02
  3.00000000E+00  1.00000000E+01  4.23599000E-03  1.21802000E-02
  3.00000000E+00  1.10000000E+01  6.93372000E-03  1.21880000E-02
  3.00000000E+00  1.30000000E+01  3.13821000E-04  1.23074000E-02
  3.00000000E+00  1.40000000E+01  4.05746000E-04  1.23086000E-02
  3.00000000E+00  1.60000000E+01  9.67892000E-04  1.23748900E-02
  3.00000000E+00  1.80000000E+01  4.20560000E-04  1.23877500E-02
  3.00000000E+00  1.90000000E+01  6.81524000E-04  1.23884000E-02
  5.00000000E+00  5.00000000E+00  4.67293000E-03  1.08652000E-02
  5.00000000E+00  6.00000000E+00  1.07352000E-01  1.09177000E-02
  5.00000000E+00  8.00000000E+00  3.49080000E-03  1.23033000E-02
  5.00000000E+00  1.00000000E+01  1.30486000E-03  1.23739000E-02
  5.00000000E+00  1.10000000E+01  1.37050000E-02  1.23817000E-02
  5.00000000E+00  1.30000000E+01  4.20525000E-04  1.25011000E-02
  5.00000000E+00  1.40000000E+01  1.52361000E-03  1.25023000E-02
  5.00000000E+00  1.60000000E+01  4.40592000E-04  1.25685900E-02
  5.00000000E+00  1.80000000E+01  1.28901000E-04  1.25814500E-02
  5.00000000E+00  1.90000000E+01  1.32071000E-03  1.25821000E-02
  6.00000000E+00  6.00000000E+00  5.79975000E-02  1.09702000E-02
  6.00000000E+00  8.00000000E+00  5.77333000E-03  1.23558000E-02
  6.00000000E+00  1.00000000E+01  1.36599000E-02  1.24264000E-02
  6.00000000E+00  1.10000000E+01  1.51016000E-02  1.24342000E-02
  6.00000000E+00  1.30000000E+01  1.87127000E-03  1.25536000E-02
  6.00000000E+00  1.40000000E+01  1.80360000E-03  1.25548000E-02
  6.00000000E+00  1.60000000E+01  7.29062000E-04  1.26210900E-02
  6.00000000E+00  1.80000000E+01  1.32820000E-03  1.26339500E-02
  6.00000000E+00  1.90000000E+01  1.45916000E-03  1.26346000E-02
  8.00000000E+00  8.00000000E+00  5.54395000E-04  1.37414000E-02
  8.00000000E+00  1.00000000E+01  5.37332000E-04  1.38120000E-02
  8.00000000E+00  1.10000000E+01  8.80278000E-04  1.38198000E-02
  8.00000000E+00  1.30000000E+01  3.73884000E-05  1.39392000E-02
  8.00000000E+00  1.40000000E+01  4.70068000E-05  1.39404000E-02
  8.00000000E+00  1.60000000E+01  1.43150000E-04  1.40066900E-02
  8.00000000E+00  1.80000000E+01  5.34117000E-05  1.40195500E-02
  8.00000000E+00  1.90000000E+01  8.65290000E-05  1.40202000E-02
  1.00000000E+01  1.00000000E+01  8.83051000E-05  1.38826000E-02
  1.00000000E+01  1.10000000E+01  1.79728000E-03  1.38904000E-02
  1.00000000E+01  1.30000000E+01  4.19953000E-05  1.40098000E-02
  1.00000000E+01  1.40000000E+01  1.59380000E-04  1.40110000E-02
  1.00000000E+01  1.60000000E+01  6.89185000E-05  1.40772900E-02
  1.00000000E+01  1.80000000E+01  1.72293000E-05  1.40901500E-02
  1.00000000E+01  1.90000000E+01  1.73380000E-04  1.40908000E-02
  1.10000000E+01  1.10000000E+01  1.00439000E-03  1.38982000E-02
  1.10000000E+01  1.30000000E+01  1.99370000E-04  1.40176000E-02
  1.10000000E+01  1.40000000E+01  1.88592000E-04  1.40188000E-02
  1.10000000E+01  1.60000000E+01  1.12080000E-04  1.40850900E-02
  1.10000000E+01  1.80000000E+01  1.74581000E-04  1.40979500E-02
  1.10000000E+01  1.90000000E+01  1.93981000E-04  1.40986000E-02
  1.30000000E+01  1.40000000E+01  1.79615000E-05  1.41382000E-02
  1.30000000E+01  1.60000000E+01  4.22641000E-06  1.42044900E-02
  1.30000000E+01  1.80000000E+01  4.22641000E-06  1.42173500E-02
  1.30000000E+01  1.90000000E+01  1.79615000E-05  1.42180000E-02
  1.40000000E+01  1.40000000E+01  4.34469000E-06  1.41394000E-02
  1.40000000E+01  1.60000000E+01  6.51667000E-06  1.42056900E-02
  1.40000000E+01  1.80000000E+01  1.52065000E-05  1.42185500E-02
  1.40000000E+01  1.90000000E+01  1.73779000E-05  1.42192000E-02
  1.60000000E+01  1.60000000E+01  8.71833000E-06  1.42719800E-02
  1.60000000E+01  1.80000000E+01  5.81183000E-06  1.42848400E-02
  1.60000000E+01  1.90000000E+01  9.68675000E-06  1.42854900E-02
  1.80000000E+01  1.80000000E+01  1.05661000E-06  1.42977000E-02
  1.80000000E+01  1.90000000E+01  1.69053000E-05  1.42983500E-02
  1.90000000E+01  1.90000000E+01  9.70476000E-06  1.42990000E-02
                                                                       1
 36000  0  7  83.8       180717  2  0.0         1.0000E+50  0.0
92931 91  0.0         3.          0.0         0.0         0.0
  5.00000000E+00  1.42479000E-05  1.93700000E-04
  6.00000000E+00  8.20713000E-05  2.46200000E-04
  1.00000000E+01  1.11439000E-03  1.70240000E-03
  1.10000000E+01  1.98218000E-03  1.71020000E-03
  1.30000000E+01  6.55615000E-06  1.82960000E-03
  1.40000000E+01  9.75582000E-06  1.83080000E-03
  1.80000000E+01  1.04499000E-04  1.90995000E-03
  1.90000000E+01  1.84708000E-04  1.91060000E-03
                                                                       1
 36000  0  9  83.8       180717  2  0.0         1.0000E+50  0.0
92932 91  0.0         3.          0.0         0.0         0.0
  5.00000000E+00  1.30000000E+01  5.73065000E-02  9.87000000E-05
  5.00000000E+00  1.40000000E+01  9.14224000E-02  9.99000000E-05
  5.00000000E+00  1.60000000E+01  1.18917000E-02  1.66190000E-04
  5.00000000E+00  1.80000000E+01  6.64933000E-03  1.79050000E-04
  5.00000000E+00  1.90000000E+01  9.21862000E-03  1.79700000E-04
  6.00000000E+00  1.10000000E+01  1.27861000E-01  3.18000000E-05
  6.00000000E+00  1.30000000E+01  1.91470000E-01  1.51200000E-04
  6.00000000E+00  1.40000000E+01  2.72920000E-01  1.52400000E-04
  6.00000000E+00  1.60000000E+01  1.97729000E-02  2.18690000E-04
  6.00000000E+00  1.80000000E+01  7.45160000E-03  2.31550000E-04
  6.00000000E+00  1.90000000E+01  1.55894000E-02  2.32200000E-04
  8.00000000E+00  8.00000000E+00  7.62851000E-03  1.33900000E-03
  8.00000000E+00  1.00000000E+01  1.45374000E-02  1.40960000E-03
  8.00000000E+00  1.10000000E+01  2.79786000E-02  1.41740000E-03
  8.00000000E+00  1.30000000E+01  1.99397000E-02  1.53680000E-03
  8.00000000E+00  1.40000000E+01  2.90659000E-02  1.53800000E-03
  8.00000000E+00  1.60000000E+01  1.75233000E-03  1.60429000E-03
  8.00000000E+00  1.80000000E+01  1.43690000E-03  1.61715000E-03
  8.00000000E+00  1.90000000E+01  2.73975000E-03  1.61780000E-03
  1.00000000E+01  1.00000000E+01  1.53785000E-04  1.48020000E-03
  1.00000000E+01  1.10000000E+01  5.94687000E-04  1.48800000E-03
  1.00000000E+01  1.30000000E+01  3.57074000E-04  1.60740000E-03
  1.00000000E+01  1.40000000E+01  6.44649000E-03  1.60860000E-03
  1.00000000E+01  1.60000000E+01  1.42301000E-03  1.67489000E-03
  1.00000000E+01  1.80000000E+01  2.17816000E-05  1.68775000E-03
  1.00000000E+01  1.90000000E+01  5.61026000E-05  1.68840000E-03
  1.10000000E+01  1.10000000E+01  7.39370000E-04  1.49580000E-03
  1.10000000E+01  1.30000000E+01  6.56702000E-03  1.61520000E-03
  1.10000000E+01  1.40000000E+01  4.64073000E-03  1.61640000E-03
  1.10000000E+01  1.60000000E+01  2.94822000E-03  1.68269000E-03
  1.10000000E+01  1.80000000E+01  6.10820000E-05  1.69555000E-03
  1.10000000E+01  1.90000000E+01  1.21453000E-04  1.69620000E-03
  1.30000000E+01  1.30000000E+01  8.46149000E-04  1.73460000E-03
  1.30000000E+01  1.40000000E+01  3.76210000E-02  1.73580000E-03
  1.30000000E+01  1.60000000E+01  1.87252000E-03  1.80209000E-03
  1.30000000E+01  1.80000000E+01  4.55414000E-05  1.81495000E-03
  1.30000000E+01  1.90000000E+01  5.87434000E-04  1.81560000E-03
  1.40000000E+01  1.40000000E+01  1.04797000E-02  1.73700000E-03
  1.40000000E+01  1.60000000E+01  2.73326000E-03  1.80329000E-03
  1.40000000E+01  1.80000000E+01  6.05925000E-04  1.81615000E-03
  1.40000000E+01  1.90000000E+01  4.29031000E-04  1.81680000E-03
  1.60000000E+01  1.60000000E+01  9.76846000E-05  1.86958000E-03
  1.60000000E+01  1.80000000E+01  1.40585000E-04  1.88244000E-03
  1.60000000E+01  1.90000000E+01  2.67986000E-04  1.88309000E-03
  1.80000000E+01  1.80000000E+01  7.73010000E-07  1.89530000E-03
  1.80000000E+01  1.90000000E+01  6.18413000E-06  1.89595000E-03
  1.90000000E+01  1.90000000E+01  4.62006000E-06  1.89660000E-03
                                                                       1
 36000  0  7  83.8       180717  2  0.0         1.0000E+50  0.0
92931 91  0.0         5.          0.0         0.0         0.0
  6.00000000E+00  1.79799000E-09  5.25000000E-05
  8.00000000E+00  3.38438000E-03  1.43810000E-03
  1.10000000E+01  2.35079000E-05  1.51650000E-03
  1.30000000E+01  1.74919000E-02  1.63590000E-03
  1.60000000E+01  1.67509000E-04  1.70339000E-03
  1.90000000E+01  3.66198000E-07  1.71690000E-03
                                                                       1
 36000  0  9  83.8       180717  2  0.0         1.0000E+50  0.0
92932 91  0.0         5.          0.0         0.0         0.0
  6.00000000E+00  1.60000000E+01  2.08855000E-02  2.49900000E-05
  6.00000000E+00  1.80000000E+01  5.46950000E-02  3.78500000E-05
  6.00000000E+00  1.90000000E+01  2.15170000E-02  3.85000000E-05
  8.00000000E+00  8.00000000E+00  2.03727000E-03  1.14530000E-03
  8.00000000E+00  1.00000000E+01  4.06245000E-02  1.21590000E-03
  8.00000000E+00  1.10000000E+01  3.67292000E-03  1.22370000E-03
  8.00000000E+00  1.30000000E+01  2.05945000E-03  1.34310000E-03
  8.00000000E+00  1.40000000E+01  5.45922000E-03  1.34430000E-03
  8.00000000E+00  1.60000000E+01  4.46067000E-04  1.41059000E-03
  8.00000000E+00  1.80000000E+01  3.08477000E-03  1.42345000E-03
  8.00000000E+00  1.90000000E+01  3.28449000E-04  1.42410000E-03
  1.00000000E+01  1.00000000E+01  3.74502000E-02  1.28650000E-03
  1.00000000E+01  1.10000000E+01  1.25663000E-01  1.29430000E-03
  1.00000000E+01  1.30000000E+01  5.94956000E-02  1.41370000E-03
  1.00000000E+01  1.40000000E+01  1.09768000E-01  1.41490000E-03
  1.00000000E+01  1.60000000E+01  5.36171000E-03  1.48119000E-03
  1.00000000E+01  1.80000000E+01  6.60675000E-03  1.49405000E-03
  1.00000000E+01  1.90000000E+01  1.20927000E-02  1.49470000E-03
  1.10000000E+01  1.10000000E+01  3.45316000E-03  1.30210000E-03
  1.10000000E+01  1.30000000E+01  7.33333000E-02  1.42150000E-03
  1.10000000E+01  1.40000000E+01  1.02704000E-02  1.42270000E-03
  1.10000000E+01  1.60000000E+01  4.26100000E-04  1.48899000E-03
  1.10000000E+01  1.80000000E+01  9.82708000E-03  1.50185000E-03
  1.10000000E+01  1.90000000E+01  5.81445000E-04  1.50250000E-03
  1.30000000E+01  1.30000000E+01  6.11583000E-02  1.54090000E-03
  1.30000000E+01  1.40000000E+01  2.72737000E-01  1.54210000E-03
  1.30000000E+01  1.60000000E+01  2.86295000E-04  1.60839000E-03
  1.30000000E+01  1.80000000E+01  4.62492000E-03  1.62125000E-03
  1.30000000E+01  1.90000000E+01  6.79101000E-03  1.62190000E-03
  1.40000000E+01  1.40000000E+01  1.29541000E-02  1.54330000E-03
  1.40000000E+01  1.60000000E+01  6.52471000E-04  1.60959000E-03
  1.40000000E+01  1.80000000E+01  7.96061000E-03  1.62245000E-03
  1.40000000E+01  1.90000000E+01  8.87686000E-04  1.62310000E-03
  1.60000000E+01  1.60000000E+01  2.44127000E-05  1.67588000E-03
  1.60000000E+01  1.80000000E+01  4.08357000E-04  1.68874000E-03
  1.60000000E+01  1.90000000E+01  3.77275000E-05  1.68939000E-03
  1.80000000E+01  1.80000000E+01  2.86289000E-04  1.70160000E-03
  1.80000000E+01  1.90000000E+01  9.45404000E-04  1.70225000E-03
  1.90000000E+01  1.90000000E+01  3.77848000E-05  1.70290000E-03
                                                                       1
 36000  0  7  83.8       180717  2  0.0         1.0000E+50  0.0
92931 91  0.0         6.          0.0         0.0         0.0
  8.00000000E+00  4.04641000E-03  1.38560000E-03
  1.00000000E+01  1.36320000E-05  1.45620000E-03
  1.10000000E+01  1.30140000E-05  1.46400000E-03
  1.30000000E+01  1.62150000E-03  1.58340000E-03
  1.40000000E+01  1.57820000E-02  1.58460000E-03
  1.60000000E+01  1.50760000E-04  1.65089000E-03
  1.80000000E+01  1.77550000E-07  1.66375000E-03
  1.90000000E+01  1.68380000E-07  1.66440000E-03
                                                                       1
 36000  0  9  83.8       180717  2  0.0         1.0000E+50  0.0
92932 91  0.0         6.          0.0         0.0         0.0
  8.00000000E+00  8.00000000E+00  2.30255000E-03  1.09280000E-03
  8.00000000E+00  1.00000000E+01  1.70999000E-03  1.16340000E-03
  8.00000000E+00  1.10000000E+01  4.49214000E-02  1.17120000E-03
  8.00000000E+00  1.30000000E+01  3.91035000E-03  1.29060000E-03
  8.00000000E+00  1.40000000E+01  4.25888000E-03  1.29180000E-03
  8.00000000E+00  1.60000000E+01  5.04185000E-04  1.35809000E-03
  8.00000000E+00  1.80000000E+01  1.51020000E-04  1.37095000E-03
  8.00000000E+00  1.90000000E+01  3.41078000E-03  1.37160000E-03
  1.00000000E+01  1.00000000E+01  6.41264000E-04  1.23400000E-03
  1.00000000E+01  1.10000000E+01  7.20118000E-02  1.24180000E-03
  1.00000000E+01  1.30000000E+01  4.40753000E-03  1.36120000E-03
  1.00000000E+01  1.40000000E+01  4.06759000E-02  1.36240000E-03
  1.00000000E+01  1.60000000E+01  1.95158000E-04  1.42869000E-03
  1.00000000E+01  1.80000000E+01  1.11519000E-04  1.44155000E-03
  1.00000000E+01  1.90000000E+01  5.59703000E-03  1.44220000E-03
  1.10000000E+01  1.10000000E+01  1.04807000E-01  1.24960000E-03
  1.10000000E+01  1.30000000E+01  9.23720000E-02  1.36900000E-03
  1.10000000E+01  1.40000000E+01  1.40909000E-01  1.37020000E-03
  1.10000000E+01  1.60000000E+01  5.88989000E-03  1.43649000E-03
  1.10000000E+01  1.80000000E+01  6.91448000E-03  1.44935000E-03
  1.10000000E+01  1.90000000E+01  1.82275000E-02  1.45000000E-03
  1.30000000E+01  1.30000000E+01  1.16688000E-02  1.48840000E-03
  1.30000000E+01  1.40000000E+01  2.30889000E-01  1.48960000E-03
  1.30000000E+01  1.60000000E+01  4.80958000E-04  1.55589000E-03
  1.30000000E+01  1.80000000E+01  4.22869000E-04  1.56875000E-03
  1.30000000E+01  1.90000000E+01  6.85892000E-03  1.56940000E-03
  1.40000000E+01  1.40000000E+01  1.56822000E-01  1.49080000E-03
  1.40000000E+01  1.60000000E+01  5.48320000E-04  1.55709000E-03
  1.40000000E+01  1.80000000E+01  3.72441000E-03  1.56995000E-03
  1.40000000E+01  1.90000000E+01  1.12059000E-02  1.57060000E-03
  1.60000000E+01  1.60000000E+01  2.78813000E-05  1.62338000E-03
  1.60000000E+01  1.80000000E+01  1.85881000E-05  1.63624000E-03
  1.60000000E+01  1.90000000E+01  4.48431000E-04  1.63689000E-03
  1.80000000E+01  1.80000000E+01  4.64684000E-06  1.64910000E-03
  1.80000000E+01  1.90000000E+01  5.39044000E-04  1.64975000E-03
  1.90000000E+01  1.90000000E+01  7.83011000E-04  1.65040000E-03
                                                                       1
 36000  0  7  83.8       180717  2  0.0         1.0000E+50  0.0
92931 91  0.0         8.          0.0         0.0         0.0
  1.00000000E+01  1.27624000E-05  7.06000000E-05
  1.10000000E+01  3.51138000E-05  7.84000000E-05
  1.80000000E+01  1.97284000E-05  2.78150000E-04
  1.90000000E+01  3.07209000E-05  2.78800000E-04
                                                                       1
 36000  0  9  83.8       180717  2  0.0         1.0000E+50  0.0
92932 91  0.0         8.          0.0         0.0         0.0
  1.00000000E+01  1.60000000E+01  8.18146000E-02  4.30900000E-05
  1.00000000E+01  1.80000000E+01  5.44392000E-02  5.59500000E-05
  1.00000000E+01  1.90000000E+01  1.22909000E-01  5.66000000E-05
  1.10000000E+01  1.60000000E+01  1.42976000E-01  5.08900000E-05
  1.10000000E+01  1.80000000E+01  1.18520000E-01  6.37500000E-05
  1.10000000E+01  1.90000000E+01  1.91429000E-01  6.44000000E-05
  1.30000000E+01  1.30000000E+01  1.01571000E-02  1.02800000E-04
  1.30000000E+01  1.40000000E+01  1.71526000E-02  1.04000000E-04
  1.30000000E+01  1.60000000E+01  5.60700000E-02  1.70290000E-04
  1.30000000E+01  1.80000000E+01  6.75392000E-03  1.83150000E-04
  1.30000000E+01  1.90000000E+01  5.55833000E-03  1.83800000E-04
  1.40000000E+01  1.40000000E+01  1.83723000E-02  1.05200000E-04
  1.40000000E+01  1.60000000E+01  8.31509000E-02  1.71490000E-04
  1.40000000E+01  1.80000000E+01  2.71101000E-03  1.84350000E-04
  1.40000000E+01  1.90000000E+01  1.41569000E-02  1.85000000E-04
  1.60000000E+01  1.60000000E+01  1.58861000E-02  2.37780000E-04
  1.60000000E+01  1.80000000E+01  1.76513000E-02  2.50640000E-04
  1.60000000E+01  1.90000000E+01  3.32763000E-02  2.51290000E-04
  1.80000000E+01  1.80000000E+01  1.01328000E-03  2.63500000E-04
  1.80000000E+01  1.90000000E+01  2.80685000E-03  2.64150000E-04
  1.90000000E+01  1.90000000E+01  3.09833000E-03  2.64800000E-04
                                                                       1
 36000  0  7  83.8       180717  2  0.0         1.0000E+50  0.0
92931 91  0.0         10.         0.0         0.0         0.0
  1.30000000E+01  1.67029000E-04  1.27200000E-04
  1.60000000E+01  3.24469000E-05  1.94690000E-04
                                                                       1
 36000  0  9  83.8       180717  2  0.0         1.0000E+50  0.0
92932 91  0.0         10.         0.0         0.0         0.0
  1.30000000E+01  1.30000000E+01  1.02288000E-01  3.22000000E-05
  1.30000000E+01  1.40000000E+01  3.81784000E-01  3.34000000E-05
  1.30000000E+01  1.60000000E+01  9.64043000E-02  9.96900000E-05
  1.30000000E+01  1.80000000E+01  8.85373000E-02  1.12550000E-04
  1.30000000E+01  1.90000000E+01  1.33504000E-01  1.13200000E-04
  1.40000000E+01  1.40000000E+01  1.75764000E-02  3.46000000E-05
  1.40000000E+01  1.60000000E+01  1.54648000E-02  1.00890000E-04
  1.40000000E+01  1.80000000E+01  1.35410000E-01  1.13750000E-04
  1.40000000E+01  1.90000000E+01  1.33880000E-02  1.14400000E-04
  1.60000000E+01  1.60000000E+01  2.31230000E-04  1.67180000E-04
  1.60000000E+01  1.80000000E+01  4.65011000E-03  1.80040000E-04
  1.60000000E+01  1.90000000E+01  5.69246000E-04  1.80690000E-04
  1.80000000E+01  1.80000000E+01  2.30383000E-03  1.92900000E-04
  1.80000000E+01  1.90000000E+01  7.49094000E-03  1.93550000E-04
  1.90000000E+01  1.90000000E+01  1.98199000E-04  1.94200000E-04
                                                                       1
 36000  0  7  83.8       180717  2  0.0         1.0000E+50  0.0
92931 91  0.0         11.         0.0         0.0         0.0
  1.30000000E+01  1.41139000E-05  1.19400000E-04
  1.40000000E+01  1.32959000E-04  1.20600000E-04
  1.60000000E+01  3.23128000E-05  1.86890000E-04
                                                                       1
 36000  0  9  83.8       180717  2  0.0         1.0000E+50  0.0
92932 91  0.0         11.         0.0         0.0         0.0
  1.30000000E+01  1.30000000E+01  2.14849000E-02  2.44000000E-05
  1.30000000E+01  1.40000000E+01  1.80620000E-01  2.56000000E-05
  1.30000000E+01  1.60000000E+01  2.33887000E-02  9.18900000E-05
  1.30000000E+01  1.80000000E+01  1.35465000E-02  1.04750000E-04
  1.30000000E+01  1.90000000E+01  1.18447000E-01  1.05400000E-04
  1.40000000E+01  1.40000000E+01  1.90649000E-01  2.68000000E-05
  1.40000000E+01  1.60000000E+01  1.13798000E-01  9.30900000E-05
  1.40000000E+01  1.80000000E+01  9.14734000E-02  1.05950000E-04
  1.40000000E+01  1.90000000E+01  2.28386000E-01  1.06600000E-04
  1.60000000E+01  1.60000000E+01  1.79160000E-04  1.59380000E-04
  1.60000000E+01  1.80000000E+01  3.00946000E-04  1.72240000E-04
  1.60000000E+01  1.90000000E+01  5.72675000E-03  1.72890000E-04
  1.80000000E+01  1.80000000E+01  5.56009000E-05  1.85100000E-04
  1.80000000E+01  1.90000000E+01  4.76317000E-03  1.85750000E-04
  1.90000000E+01  1.90000000E+01  7.00116000E-03  1.86400000E-04
                                                                       1
 36000  0  7  83.8       180717  2  0.0         1.0000E+50  0.0
92931 91  0.0         13.         0.0         0.0         0.0
  1.80000000E+01  7.05533000E-06  8.03500000E-05
  1.90000000E+01  1.30130000E-06  8.10000000E-05
                                                                       1
 36000  0  9  83.8       180717  2  0.0         1.0000E+50  0.0
92932 91  0.0         13.         0.0         0.0         0.0
  1.60000000E+01  1.60000000E+01  1.62098000E-01  3.99800000E-05
  1.60000000E+01  1.80000000E+01  2.89268000E-01  5.28400000E-05
  1.60000000E+01  1.90000000E+01  3.39017000E-01  5.34900000E-05
  1.80000000E+01  1.80000000E+01  4.93182000E-02  6.57000000E-05
  1.80000000E+01  1.90000000E+01  1.18532000E-01  6.63500000E-05
  1.90000000E+01  1.90000000E+01  4.17582000E-02  6.70000000E-05
                                                                       1
 36000  0  7  83.8       180717  2  0.0         1.0000E+50  0.0
92931 91  0.0         14.         0.0         0.0         0.0
  1.90000000E+01  6.96921000E-06  7.98000000E-05
                                                                       1
 36000  0  9  83.8       180717  2  0.0         1.0000E+50  0.0
92932 91  0.0         14.         0.0         0.0         0.0
  1.60000000E+01  1.60000000E+01  1.62786000E-01  3.87800000E-05
  1.60000000E+01  1.80000000E+01  1.66903000E-01  5.16400000E-05
  1.60000000E+01  1.90000000E+01  4.46972000E-01  5.22900000E-05
  1.80000000E+01  1.80000000E+01  1.05990000E-02  6.45000000E-05
  1.80000000E+01  1.90000000E+01  7.20131000E-02  6.51500000E-05
  1.90000000E+01  1.90000000E+01  1.40720000E-01  6.58000000E-05
                                                                       1
