 39000  0  0  88.905     180717  2  0.0         1.0000E+50  0.0
91912  0  0.0         0.0         0.0         0.0         0.0
 1.000000000E+00 2.000000000E+00
 3.000000000E+00 2.000000000E+00
 5.000000000E+00 2.000000000E+00
 6.000000000E+00 4.000000000E+00
 8.000000000E+00 2.000000000E+00
 1.000000000E+01 2.000000000E+00
 1.100000000E+01 4.000000000E+00
 1.300000000E+01 4.000000000E+00
 1.400000000E+01 6.000000000E+00
 1.600000000E+01 2.000000000E+00
 1.800000000E+01 2.000000000E+00
 1.900000000E+01 4.000000000E+00
 2.100000000E+01 4.000000000E-01
 2.200000000E+01 6.000000000E-01
 2.700000000E+01 2.000000000E+00
                                                                       1
 39000  0  0  88.905     180717  2  0.0         1.0000E+50  0.0
91913  0  0.0         0.0         0.0         0.0         0.0
 1.000000000E+00 1.704100000E-02
 3.000000000E+00 2.375000000E-03
 5.000000000E+00 2.158000000E-03
 6.000000000E+00 2.083000000E-03
 8.000000000E+00 3.970000000E-04
 1.000000000E+01 3.150000000E-04
 1.100000000E+01 3.040000000E-04
 1.300000000E+01 1.630000000E-04
 1.400000000E+01 1.610000000E-04
 1.600000000E+01 4.800000000E-05
 1.800000000E+01 3.000000000E-05
 1.900000000E+01 2.900000000E-05
 2.100000000E+01 6.450000000E-06
 2.200000000E+01 6.450000000E-06
 2.700000000E+01 6.450000000E-06
                                                                       1
 39000  0  0  88.905     180717  2  0.0         1.0000E+50  0.0
91914  0  0.0         0.0         0.0         0.0         0.0
 1.000000000E+00 2.158393012E-02
 3.000000000E+00 4.452381205E-03
 5.000000000E+00 4.409826087E-03
 6.000000000E+00 4.129773913E-03
 8.000000000E+00 1.163555043E-03
 1.000000000E+01 1.084735477E-03
 1.100000000E+01 1.030328087E-03
 1.300000000E+01 8.704667536E-04
 1.400000000E+01 8.578319020E-04
 1.600000000E+01 2.095625117E-04
 1.800000000E+01 1.688935034E-04
 1.900000000E+01 1.621257001E-04
 2.100000000E+01 9.578988550E-05
 2.200000000E+01 9.578187135E-05
 2.700000000E+01 3.066021127E-05
                                                                       1
 39000  0  0  88.905     180717  2  0.0         1.0000E+50  0.0
91915  0  0.0         0.0         0.0         0.0         0.0
 1.000000000E+00 2.011100000E-10
 3.000000000E+00 8.800600000E-10
 5.000000000E+00 7.510800000E-10
 6.000000000E+00 7.734800000E-10
 8.000000000E+00 2.485700000E-09
 1.000000000E+01 2.466000000E-09
 1.100000000E+01 2.519700000E-09
 1.300000000E+01 2.440500000E-09
 1.400000000E+01 2.458700000E-09
 1.600000000E+01 6.607200000E-09
 1.800000000E+01 7.340900000E-09
 1.900000000E+01 7.495300000E-09
 2.100000000E+01 1.218700000E-08
 2.200000000E+01 1.232200000E-08
 2.700000000E+01 2.076800000E-08
                                                                       1
 39000  0  0  88.905     180717  2  0.0         1.0000E+50  0.0
91921  0  0.0         0.0         0.0         0.0         0.0
 1.000000000E+00 2.404400000E-06
 3.000000000E+00 2.711300000E-08
 5.000000000E+00 4.044700000E-08
 6.000000000E+00 3.924800000E-08
 8.000000000E+00 3.210500000E-10
 1.000000000E+01 3.554700000E-10
 1.100000000E+01 3.122500000E-10
 1.300000000E+01 2.107700000E-11
 1.400000000E+01 1.964100000E-11
 1.600000000E+01 1.049500000E-11
 1.800000000E+01 3.308800000E-12
 1.900000000E+01 3.118000000E-12
                                                                       1
 39000  0  0  88.905     180717  2  0.0         1.0000E+50  0.0
91922  0  0.0         0.0         0.0         0.0         0.0
 1.000000000E+00 9.899300000E-07
 3.000000000E+00 6.010900000E-06
 5.000000000E+00 1.452800000E-06
 6.000000000E+00 1.373600000E-06
 8.000000000E+00 7.094600000E-06
 1.000000000E+01 2.518200000E-06
 1.100000000E+01 2.676400000E-06
 1.300000000E+01 6.245700000E-08
 1.400000000E+01 6.595100000E-08
 1.600000000E+01 2.259000000E-06
 1.800000000E+01 6.397000000E-08
 1.900000000E+01 6.060300000E-08
                                                                       1
 39000  0  0  88.905     180717  2  0.0         1.0000E+50  0.0
92935  0  0.0         0.0         0.0         0.0         0.0
 1.000000000E+00 6.968896902E-05
 3.000000000E+00 7.505480063E-05
 5.000000000E+00 5.635090864E-05
 6.000000000E+00 5.489342959E-05
 8.000000000E+00 4.447029783E-05
 1.000000000E+01 3.553903318E-05
 1.100000000E+01 3.546315284E-05
 1.300000000E+01 2.339901031E-05
 1.400000000E+01 2.322776230E-05
 1.600000000E+01 1.427628866E-05
 1.800000000E+01 9.400741620E-06
 1.900000000E+01 9.559713752E-06
 2.100000000E+01 6.450000000E-06
 2.200000000E+01 6.450000000E-06
 2.700000000E+01 6.450000000E-06
                                                                       1
 39000  0  7  88.905     180717  2  0.0         1.0000E+50  0.0
92933  0  0.0         0.0         0.0         0.0         0.0
 1.000000000E+00 7.406270000E-01
 3.000000000E+00 2.947700000E-02
 5.000000000E+00 3.203240000E-02
 6.000000000E+00 2.959470000E-02
 8.000000000E+00 4.343320000E-04
 1.000000000E+01 4.186820000E-04
 1.100000000E+01 3.803820000E-04
 1.300000000E+01 4.597970000E-05
 1.400000000E+01 3.949190000E-05
 1.600000000E+01 3.068080000E-06
 1.800000000E+01 1.330600000E-07
 1.900000000E+01 3.309900000E-08
                                                                       1
 39000  0  7  88.905     180717  2  0.0         1.0000E+50  0.0
92934  0  0.0         0.0         0.0         0.0         0.0
 1.000000000E+00 1.081091064E-02
 3.000000000E+00 5.643481677E-05
 5.000000000E+00 6.207769727E-05
 6.000000000E+00 5.521005760E-05
 8.000000000E+00 8.603247985E-08
 1.000000000E+01 6.935951771E-08
 1.100000000E+01 6.154357962E-08
 1.300000000E+01 5.735650646E-09
 1.400000000E+01 4.867516065E-09
 1.600000000E+01 5.775124274E-11
 1.800000000E+01 3.355034115E-12
 1.900000000E+01 8.014123833E-13
                                                                       1
 39000  0  9  88.905     180717  2  0.0         1.0000E+50  0.0
92933  0  0.0         0.0         0.0         0.0         0.0
 1.000000000E+00 1.212210000E+01
 3.000000000E+00 1.304600000E+01
 5.000000000E+00 9.644710000E+00
 6.000000000E+00 9.353720000E+00
 8.000000000E+00 7.154120000E+00
 1.000000000E+01 5.649700000E+00
 1.100000000E+01 5.603360000E+00
 1.300000000E+01 3.571080000E+00
 1.400000000E+01 3.535200000E+00
 1.600000000E+01 1.990080000E+00
 1.800000000E+01 1.000000000E+00
 1.900000000E+01 1.000000000E+00
                                                                       1
 39000  0  9  88.905     180717  2  0.0         1.0000E+50  0.0
92934  0  0.0         0.0         0.0         0.0         0.0
 1.000000000E+00 6.160441789E-03
 3.000000000E+00 2.243507155E-03
 5.000000000E+00 2.039573293E-03
 6.000000000E+00 1.972900716E-03
 8.000000000E+00 3.524438788E-04
 1.000000000E+01 2.793912605E-04
 1.100000000E+01 2.684752201E-04
 1.300000000E+01 1.395951938E-04
 1.400000000E+01 1.377671131E-04
 1.600000000E+01 3.372362137E-05
 1.800000000E+01 2.059925838E-05
 1.900000000E+01 1.944028625E-05
                                                                       1
 39000  0  7  88.905     180717  2  0.0         1.0000E+50  0.0
92931 91  0.0         1.          0.0         0.0         0.0
  5.00000000E+00  2.06808000E-01  1.48830000E-02
  6.00000000E+00  3.96256000E-01  1.49580000E-02
  1.00000000E+01  3.07037000E-02  1.67260000E-02
  1.10000000E+01  5.98234000E-02  1.67370000E-02
  1.30000000E+01  1.17909000E-04  1.68780000E-02
  1.40000000E+01  1.67888000E-04  1.68800000E-02
  1.80000000E+01  4.52636000E-03  1.70110000E-02
  1.90000000E+01  8.71401000E-03  1.70120000E-02
  2.10000000E+01  6.95743000E-07  1.70345500E-02
  2.20000000E+01  9.83070000E-07  1.70345500E-02
                                                                       1
 39000  0  9  88.905     180717  2  0.0         1.0000E+50  0.0
92932 91  0.0         1.          0.0         0.0         0.0
  3.00000000E+00  3.00000000E+00  2.05016000E-02  1.22910000E-02
  3.00000000E+00  5.00000000E+00  2.30498000E-02  1.25080000E-02
  3.00000000E+00  6.00000000E+00  3.64985000E-02  1.25830000E-02
  3.00000000E+00  8.00000000E+00  6.37286000E-03  1.42690000E-02
  3.00000000E+00  1.00000000E+01  3.69254000E-03  1.43510000E-02
  3.00000000E+00  1.10000000E+01  5.81573000E-03  1.43620000E-02
  3.00000000E+00  1.30000000E+01  2.93071000E-04  1.45030000E-02
  3.00000000E+00  1.40000000E+01  3.69576000E-04  1.45050000E-02
  3.00000000E+00  1.60000000E+01  1.01041000E-03  1.46180000E-02
  3.00000000E+00  1.80000000E+01  4.99232000E-04  1.46360000E-02
  3.00000000E+00  1.90000000E+01  7.83425000E-04  1.46370000E-02
  3.00000000E+00  2.10000000E+01  2.41547000E-06  1.46595500E-02
  3.00000000E+00  2.20000000E+01  2.41547000E-06  1.46595500E-02
  3.00000000E+00  2.70000000E+01  1.26412000E-04  1.46595500E-02
  5.00000000E+00  5.00000000E+00  3.71064000E-03  1.27250000E-02
  5.00000000E+00  6.00000000E+00  8.40673000E-02  1.28000000E-02
  5.00000000E+00  8.00000000E+00  2.98502000E-03  1.44860000E-02
  5.00000000E+00  1.00000000E+01  1.09023000E-03  1.45680000E-02
  5.00000000E+00  1.10000000E+01  1.13392000E-02  1.45790000E-02
  5.00000000E+00  1.30000000E+01  3.86502000E-04  1.47200000E-02
  5.00000000E+00  1.40000000E+01  1.38413000E-03  1.47220000E-02
  5.00000000E+00  1.60000000E+01  4.58972000E-04  1.48350000E-02
  5.00000000E+00  1.80000000E+01  1.45745000E-04  1.48530000E-02
  5.00000000E+00  1.90000000E+01  1.49200000E-03  1.48540000E-02
  5.00000000E+00  2.10000000E+01  2.41561000E-06  1.48765500E-02
  5.00000000E+00  2.20000000E+01  9.66263000E-06  1.48765500E-02
  5.00000000E+00  2.70000000E+01  5.71733000E-05  1.48765500E-02
  6.00000000E+00  6.00000000E+00  4.49051000E-02  1.28750000E-02
  6.00000000E+00  8.00000000E+00  4.73125000E-03  1.45610000E-02
  6.00000000E+00  1.00000000E+01  1.12661000E-02  1.46430000E-02
  6.00000000E+00  1.10000000E+01  1.23690000E-02  1.46540000E-02
  6.00000000E+00  1.30000000E+01  1.69248000E-03  1.47950000E-02
  6.00000000E+00  1.40000000E+01  1.62077000E-03  1.47970000E-02
  6.00000000E+00  1.60000000E+01  7.27848000E-04  1.49100000E-02
  6.00000000E+00  1.80000000E+01  1.48558000E-03  1.49280000E-02
  6.00000000E+00  1.90000000E+01  1.63372000E-03  1.49290000E-02
  6.00000000E+00  2.10000000E+01  1.20777000E-05  1.49515500E-02
  6.00000000E+00  2.20000000E+01  1.12721000E-05  1.49515500E-02
  6.00000000E+00  2.70000000E+01  9.09842000E-05  1.49515500E-02
  8.00000000E+00  8.00000000E+00  4.88729000E-04  1.62470000E-02
  8.00000000E+00  1.00000000E+01  4.82292000E-04  1.63290000E-02
  8.00000000E+00  1.10000000E+01  7.58456000E-04  1.63400000E-02
  8.00000000E+00  1.30000000E+01  3.54284000E-05  1.64810000E-02
  8.00000000E+00  1.40000000E+01  4.42830000E-05  1.64830000E-02
  8.00000000E+00  1.60000000E+01  1.54593000E-04  1.65960000E-02
  8.00000000E+00  1.80000000E+01  6.52183000E-05  1.66140000E-02
  8.00000000E+00  1.90000000E+01  1.02255000E-04  1.66150000E-02
  8.00000000E+00  2.70000000E+01  1.93243000E-05  1.66375500E-02
  1.00000000E+01  1.00000000E+01  7.58991000E-05  1.64110000E-02
  1.00000000E+01  1.10000000E+01  1.52593000E-03  1.64220000E-02
  1.00000000E+01  1.30000000E+01  3.99448000E-05  1.65630000E-02
  1.00000000E+01  1.40000000E+01  1.47809000E-04  1.65650000E-02
  1.00000000E+01  1.60000000E+01  7.35042000E-05  1.66780000E-02
  1.00000000E+01  1.80000000E+01  1.99735000E-05  1.66960000E-02
  1.00000000E+01  1.90000000E+01  2.01329000E-04  1.66970000E-02
  1.00000000E+01  2.20000000E+01  7.98967000E-07  1.67195500E-02
  1.00000000E+01  2.70000000E+01  9.58739000E-06  1.67195500E-02
  1.10000000E+01  1.10000000E+01  8.42945000E-04  1.64330000E-02
  1.10000000E+01  1.30000000E+01  1.84495000E-04  1.65740000E-02
  1.10000000E+01  1.40000000E+01  1.72570000E-04  1.65760000E-02
  1.10000000E+01  1.60000000E+01  1.15311000E-04  1.66890000E-02
  1.10000000E+01  1.80000000E+01  2.00397000E-04  1.67070000E-02
  1.10000000E+01  1.90000000E+01  2.22668000E-04  1.67080000E-02
  1.10000000E+01  2.10000000E+01  1.59050000E-06  1.67305500E-02
  1.10000000E+01  2.20000000E+01  1.59050000E-06  1.67305500E-02
  1.10000000E+01  2.70000000E+01  1.43147000E-05  1.67305500E-02
  1.30000000E+01  1.40000000E+01  1.85189000E-05  1.67170000E-02
  1.30000000E+01  1.60000000E+01  5.63610000E-06  1.68300000E-02
  1.30000000E+01  1.80000000E+01  4.83087000E-06  1.68480000E-02
  1.30000000E+01  1.90000000E+01  2.41544000E-05  1.68490000E-02
  1.30000000E+01  2.70000000E+01  8.05183000E-07  1.68715500E-02
  1.40000000E+01  1.40000000E+01  4.92116000E-06  1.67190000E-02
  1.40000000E+01  1.60000000E+01  6.56170000E-06  1.68320000E-02
  1.40000000E+01  1.80000000E+01  1.96856000E-05  1.68500000E-02
  1.40000000E+01  1.90000000E+01  2.29658000E-05  1.68510000E-02
  1.40000000E+01  2.70000000E+01  8.20232000E-07  1.68735500E-02
  1.60000000E+01  1.60000000E+01  1.06188000E-05  1.69450000E-02
  1.60000000E+01  1.80000000E+01  8.49496000E-06  1.69630000E-02
  1.60000000E+01  1.90000000E+01  1.41582000E-05  1.69640000E-02
  1.60000000E+01  2.70000000E+01  2.83164000E-06  1.69865500E-02
  1.80000000E+01  1.80000000E+01  1.45617000E-06  1.69810000E-02
  1.80000000E+01  1.90000000E+01  2.40264000E-05  1.69820000E-02
  1.80000000E+01  2.70000000E+01  1.45617000E-06  1.70045500E-02
  1.90000000E+01  1.90000000E+01  1.31093000E-05  1.69830000E-02
  1.90000000E+01  2.70000000E+01  1.45657000E-06  1.70055500E-02
                                                                       1
 39000  0  7  88.905     180717  2  0.0         1.0000E+50  0.0
92931 91  0.0         3.          0.0         0.0         0.0
  5.00000000E+00  1.42440000E-05  2.17000000E-04
  6.00000000E+00  8.72648000E-05  2.92000000E-04
  1.00000000E+01  1.49080000E-03  2.06000000E-03
  1.10000000E+01  2.61029000E-03  2.07100000E-03
  1.30000000E+01  1.07610000E-05  2.21200000E-03
  1.40000000E+01  1.60210000E-05  2.21400000E-03
  1.80000000E+01  2.03209000E-04  2.34500000E-03
  1.90000000E+01  3.58709000E-04  2.34600000E-03
  2.10000000E+01  5.05809000E-08  2.36855000E-03
  2.20000000E+01  7.52018000E-08  2.36855000E-03
                                                                       1
 39000  0  9  88.905     180717  2  0.0         1.0000E+50  0.0
92932 91  0.0         3.          0.0         0.0         0.0
  5.00000000E+00  1.30000000E+01  2.98457000E-02  5.40000000E-05
  5.00000000E+00  1.40000000E+01  5.18591000E-02  5.60000000E-05
  5.00000000E+00  1.60000000E+01  1.92459000E-02  1.69000000E-04
  5.00000000E+00  1.80000000E+01  1.20523000E-02  1.87000000E-04
  5.00000000E+00  1.90000000E+01  1.67136000E-02  1.88000000E-04
  5.00000000E+00  2.10000000E+01  3.22272000E-04  2.10550000E-04
  5.00000000E+00  2.20000000E+01  5.50785000E-04  2.10550000E-04
  5.00000000E+00  2.70000000E+01  2.34001000E-03  2.10550000E-04
  6.00000000E+00  1.30000000E+01  2.51251000E-01  1.29000000E-04
  6.00000000E+00  1.40000000E+01  3.58887000E-01  1.31000000E-04
  6.00000000E+00  1.60000000E+01  3.05364000E-02  2.44000000E-04
  6.00000000E+00  1.80000000E+01  1.28267000E-02  2.62000000E-04
  6.00000000E+00  1.90000000E+01  2.65786000E-02  2.63000000E-04
  6.00000000E+00  2.10000000E+01  1.14264000E-03  2.85550000E-04
  6.00000000E+00  2.20000000E+01  1.54464000E-03  2.85550000E-04
  6.00000000E+00  2.70000000E+01  3.76102000E-03  2.85550000E-04
  8.00000000E+00  8.00000000E+00  6.66434000E-03  1.58100000E-03
  8.00000000E+00  1.00000000E+01  1.28614000E-02  1.66300000E-03
  8.00000000E+00  1.10000000E+01  2.46341000E-02  1.67400000E-03
  8.00000000E+00  1.30000000E+01  1.84546000E-02  1.81500000E-03
  8.00000000E+00  1.40000000E+01  2.67984000E-02  1.81700000E-03
  8.00000000E+00  1.60000000E+01  1.85161000E-03  1.93000000E-03
  8.00000000E+00  1.80000000E+01  1.72159000E-03  1.94800000E-03
  8.00000000E+00  1.90000000E+01  3.28609000E-03  1.94900000E-03
  8.00000000E+00  2.10000000E+01  1.20919000E-04  1.97155000E-03
  8.00000000E+00  2.20000000E+01  1.74712000E-04  1.97155000E-03
  8.00000000E+00  2.70000000E+01  2.29060000E-04  1.97155000E-03
  1.00000000E+01  1.00000000E+01  1.21451000E-04  1.74500000E-03
  1.00000000E+01  1.10000000E+01  5.49190000E-04  1.75600000E-03
  1.00000000E+01  1.30000000E+01  3.60084000E-04  1.89700000E-03
  1.00000000E+01  1.40000000E+01  6.15028000E-03  1.89900000E-03
  1.00000000E+01  1.60000000E+01  1.49842000E-03  2.01200000E-03
  1.00000000E+01  1.80000000E+01  2.18397000E-05  2.03000000E-03
  1.00000000E+01  1.90000000E+01  7.03134000E-05  2.03100000E-03
  1.00000000E+01  2.10000000E+01  2.13067000E-06  2.05355000E-03
  1.00000000E+01  2.20000000E+01  3.08951000E-05  2.05355000E-03
  1.00000000E+01  2.70000000E+01  1.80574000E-04  2.05355000E-03
  1.10000000E+01  1.10000000E+01  6.01403000E-04  1.76700000E-03
  1.10000000E+01  1.30000000E+01  5.57610000E-03  1.90800000E-03
  1.10000000E+01  1.40000000E+01  3.92178000E-03  1.91000000E-03
  1.10000000E+01  1.60000000E+01  2.87228000E-03  2.02300000E-03
  1.10000000E+01  1.80000000E+01  7.03139000E-05  2.04100000E-03
  1.10000000E+01  1.90000000E+01  1.31568000E-04  2.04200000E-03
  1.10000000E+01  2.10000000E+01  2.66329000E-05  2.06455000E-03
  1.10000000E+01  2.20000000E+01  1.91769000E-05  2.06455000E-03
  1.10000000E+01  2.70000000E+01  3.45713000E-04  2.06455000E-03
  1.30000000E+01  1.30000000E+01  8.56018000E-04  2.04900000E-03
  1.30000000E+01  1.40000000E+01  3.62432000E-02  2.05100000E-03
  1.30000000E+01  1.60000000E+01  2.06304000E-03  2.16400000E-03
  1.30000000E+01  1.80000000E+01  6.33887000E-05  2.18200000E-03
  1.30000000E+01  1.90000000E+01  7.31354000E-04  2.18300000E-03
  1.30000000E+01  2.10000000E+01  1.11862000E-05  2.20555000E-03
  1.30000000E+01  2.20000000E+01  1.95490000E-04  2.20555000E-03
  1.30000000E+01  2.70000000E+01  2.47166000E-04  2.20555000E-03
  1.40000000E+01  1.40000000E+01  1.01373000E-02  2.05300000E-03
  1.40000000E+01  1.60000000E+01  3.00293000E-03  2.16600000E-03
  1.40000000E+01  1.80000000E+01  7.75085000E-04  2.18400000E-03
  1.40000000E+01  1.90000000E+01  5.34286000E-04  2.18500000E-03
  1.40000000E+01  2.10000000E+01  1.94975000E-04  2.20755000E-03
  1.40000000E+01  2.20000000E+01  1.11865000E-04  2.20755000E-03
  1.40000000E+01  2.70000000E+01  3.59559000E-04  2.20755000E-03
  1.60000000E+01  1.60000000E+01  1.24122000E-04  2.27900000E-03
  1.60000000E+01  1.80000000E+01  2.00810000E-04  2.29700000E-03
  1.60000000E+01  1.90000000E+01  3.83537000E-04  2.29800000E-03
  1.60000000E+01  2.10000000E+01  1.33164000E-05  2.32055000E-03
  1.60000000E+01  2.20000000E+01  1.97099000E-05  2.32055000E-03
  1.60000000E+01  2.70000000E+01  3.03621000E-05  2.32055000E-03
  1.80000000E+01  1.80000000E+01  1.14318000E-06  2.31500000E-03
  1.80000000E+01  1.90000000E+01  9.71702000E-06  2.31600000E-03
  1.80000000E+01  2.10000000E+01  5.71605000E-07  2.33855000E-03
  1.80000000E+01  2.20000000E+01  4.00111000E-06  2.33855000E-03
  1.80000000E+01  2.70000000E+01  2.57220000E-05  2.33855000E-03
  1.90000000E+01  1.90000000E+01  7.45752000E-06  2.31700000E-03
  1.90000000E+01  2.10000000E+01  3.72871000E-06  2.33955000E-03
  1.90000000E+01  2.20000000E+01  2.66326000E-06  2.33955000E-03
  1.90000000E+01  2.70000000E+01  4.63424000E-05  2.33955000E-03
  2.10000000E+01  2.70000000E+01  1.59810000E-06  2.36210000E-03
  2.20000000E+01  2.70000000E+01  2.13069000E-06  2.36210000E-03
                                                                       1
 39000  0  7  88.905     180717  2  0.0         1.0000E+50  0.0
92931 91  0.0         5.          0.0         0.0         0.0
  6.00000000E+00  3.03038000E-09  7.50000000E-05
  8.00000000E+00  3.12648000E-03  1.76100000E-03
  1.10000000E+01  2.62458000E-05  1.85400000E-03
  1.30000000E+01  2.48598000E-02  1.99500000E-03
  1.60000000E+01  1.98628000E-04  2.11000000E-03
  1.90000000E+01  7.70064000E-07  2.12900000E-03
  2.10000000E+01  1.34319000E-04  2.15155000E-03
                                                                       1
 39000  0  9  88.905     180717  2  0.0         1.0000E+50  0.0
92932 91  0.0         5.          0.0         0.0         0.0
  6.00000000E+00  1.60000000E+01  1.98612000E-02  2.70000000E-05
  6.00000000E+00  1.80000000E+01  6.11315000E-02  4.50000000E-05
  6.00000000E+00  1.90000000E+01  2.36800000E-02  4.60000000E-05
  6.00000000E+00  2.10000000E+01  4.84985000E-03  6.85500000E-05
  6.00000000E+00  2.20000000E+01  1.97633000E-03  6.85500000E-05
  6.00000000E+00  2.70000000E+01  2.26025000E-03  6.85500000E-05
  8.00000000E+00  8.00000000E+00  1.75066000E-03  1.36400000E-03
  8.00000000E+00  1.00000000E+01  3.61776000E-02  1.44600000E-03
  8.00000000E+00  1.10000000E+01  3.34115000E-03  1.45700000E-03
  8.00000000E+00  1.30000000E+01  1.93261000E-03  1.59800000E-03
  8.00000000E+00  1.40000000E+01  5.07533000E-03  1.60000000E-03
  8.00000000E+00  1.60000000E+01  4.62227000E-04  1.71300000E-03
  8.00000000E+00  1.80000000E+01  3.61586000E-03  1.73100000E-03
  8.00000000E+00  1.90000000E+01  4.03987000E-04  1.73200000E-03
  8.00000000E+00  2.10000000E+01  9.09862000E-06  1.75455000E-03
  8.00000000E+00  2.20000000E+01  2.36571000E-05  1.75455000E-03
  8.00000000E+00  2.70000000E+01  5.64124000E-05  1.75455000E-03
  1.00000000E+01  1.00000000E+01  3.39722000E-02  1.52800000E-03
  1.00000000E+01  1.10000000E+01  1.12874000E-01  1.53900000E-03
  1.00000000E+01  1.30000000E+01  5.63724000E-02  1.68000000E-03
  1.00000000E+01  1.40000000E+01  1.02538000E-01  1.68200000E-03
  1.00000000E+01  1.60000000E+01  5.84695000E-03  1.79500000E-03
  1.00000000E+01  1.80000000E+01  8.03275000E-03  1.81300000E-03
  1.00000000E+01  1.90000000E+01  1.47996000E-02  1.81400000E-03
  1.00000000E+01  2.10000000E+01  3.67594000E-04  1.83655000E-03
  1.00000000E+01  2.20000000E+01  6.66044000E-04  1.83655000E-03
  1.00000000E+01  2.70000000E+01  7.36997000E-04  1.83655000E-03
  1.10000000E+01  1.10000000E+01  3.07722000E-03  1.55000000E-03
  1.10000000E+01  1.30000000E+01  6.97989000E-02  1.69100000E-03
  1.10000000E+01  1.40000000E+01  9.63231000E-03  1.69300000E-03
  1.10000000E+01  1.60000000E+01  4.73143000E-04  1.80600000E-03
  1.10000000E+01  1.80000000E+01  1.16397000E-02  1.82400000E-03
  1.10000000E+01  1.90000000E+01  6.96991000E-04  1.82500000E-03
  1.10000000E+01  2.10000000E+01  4.14904000E-04  1.84755000E-03
  1.10000000E+01  2.20000000E+01  5.27736000E-05  1.84755000E-03
  1.10000000E+01  2.70000000E+01  5.82330000E-05  1.84755000E-03
  1.30000000E+01  1.30000000E+01  6.02143000E-02  1.83200000E-03
  1.30000000E+01  1.40000000E+01  2.66590000E-01  1.83400000E-03
  1.30000000E+01  1.60000000E+01  3.25737000E-04  1.94700000E-03
  1.30000000E+01  1.80000000E+01  5.79045000E-03  1.96500000E-03
  1.30000000E+01  1.90000000E+01  8.76422000E-03  1.96600000E-03
  1.30000000E+01  2.10000000E+01  7.09704000E-04  1.98855000E-03
  1.30000000E+01  2.20000000E+01  1.64143000E-03  1.98855000E-03
  1.30000000E+01  2.70000000E+01  4.18549000E-05  1.98855000E-03
  1.40000000E+01  1.40000000E+01  1.26563000E-02  1.83600000E-03
  1.40000000E+01  1.60000000E+01  7.27884000E-04  1.94900000E-03
  1.40000000E+01  1.80000000E+01  9.70445000E-03  1.96700000E-03
  1.40000000E+01  1.90000000E+01  1.12103000E-03  1.96800000E-03
  1.40000000E+01  2.10000000E+01  1.42661000E-03  1.99055000E-03
  1.40000000E+01  2.20000000E+01  1.45578000E-04  1.99055000E-03
  1.40000000E+01  2.70000000E+01  9.09859000E-05  1.99055000E-03
  1.60000000E+01  1.60000000E+01  3.21271000E-05  2.06200000E-03
  1.60000000E+01  1.80000000E+01  6.08524000E-04  2.08000000E-03
  1.60000000E+01  1.90000000E+01  5.85845000E-05  2.08100000E-03
  1.60000000E+01  2.10000000E+01  1.88983000E-06  2.10355000E-03
  1.60000000E+01  2.20000000E+01  3.77956000E-06  2.10355000E-03
  1.60000000E+01  2.70000000E+01  7.55912000E-06  2.10355000E-03
  1.80000000E+01  1.80000000E+01  4.62220000E-04  2.09800000E-03
  1.80000000E+01  1.90000000E+01  1.52675000E-03  2.09900000E-03
  1.80000000E+01  2.10000000E+01  3.82142000E-05  2.12155000E-03
  1.80000000E+01  2.20000000E+01  6.36904000E-05  2.12155000E-03
  1.80000000E+01  2.70000000E+01  7.46060000E-05  2.12155000E-03
  1.90000000E+01  1.90000000E+01  6.30867000E-05  2.10000000E-03
  1.90000000E+01  2.10000000E+01  8.31595000E-05  2.12255000E-03
  1.90000000E+01  2.20000000E+01  8.60265000E-06  2.12255000E-03
  1.90000000E+01  2.70000000E+01  1.14699000E-05  2.12255000E-03
                                                                       1
 39000  0  7  88.905     180717  2  0.0         1.0000E+50  0.0
92931 91  0.0         6.          0.0         0.0         0.0
  8.00000000E+00  4.29921000E-03  1.68600000E-03
  1.00000000E+01  1.66400000E-05  1.76800000E-03
  1.10000000E+01  1.57890000E-05  1.77900000E-03
  1.30000000E+01  2.43130000E-03  1.92000000E-03
  1.40000000E+01  2.21780000E-02  1.92200000E-03
  1.60000000E+01  1.87340000E-04  2.03500000E-03
  1.80000000E+01  3.81561000E-07  2.05300000E-03
  1.90000000E+01  3.65820000E-07  2.05400000E-03
  2.10000000E+01  1.30290000E-05  2.07655000E-03
  2.20000000E+01  1.15260000E-04  2.07655000E-03
                                                                       1
 39000  0  9  88.905     180717  2  0.0         1.0000E+50  0.0
92932 91  0.0         6.          0.0         0.0         0.0
  8.00000000E+00  8.00000000E+00  2.03256000E-03  1.28900000E-03
  8.00000000E+00  1.00000000E+01  1.52674000E-03  1.37100000E-03
  8.00000000E+00  1.10000000E+01  4.04447000E-02  1.38200000E-03
  8.00000000E+00  1.30000000E+01  3.69969000E-03  1.52300000E-03
  8.00000000E+00  1.40000000E+01  3.94202000E-03  1.52500000E-03
  8.00000000E+00  1.60000000E+01  5.36502000E-04  1.63800000E-03
  8.00000000E+00  1.80000000E+01  1.80761000E-04  1.65600000E-03
  8.00000000E+00  1.90000000E+01  4.06314000E-03  1.65700000E-03
  8.00000000E+00  2.10000000E+01  1.73073000E-05  1.67955000E-03
  8.00000000E+00  2.20000000E+01  1.73073000E-05  1.67955000E-03
  8.00000000E+00  2.70000000E+01  6.53801000E-05  1.67955000E-03
  1.00000000E+01  1.00000000E+01  5.65359000E-04  1.45300000E-03
  1.00000000E+01  1.10000000E+01  6.56591000E-02  1.46400000E-03
  1.00000000E+01  1.30000000E+01  4.28254000E-03  1.60500000E-03
  1.00000000E+01  1.40000000E+01  3.90352000E-02  1.60700000E-03
  1.00000000E+01  1.60000000E+01  2.11542000E-04  1.72000000E-03
  1.00000000E+01  1.80000000E+01  1.30763000E-04  1.73800000E-03
  1.00000000E+01  1.90000000E+01  6.77679000E-03  1.73900000E-03
  1.00000000E+01  2.10000000E+01  2.69225000E-05  1.76155000E-03
  1.00000000E+01  2.20000000E+01  2.24991000E-04  1.76155000E-03
  1.00000000E+01  2.70000000E+01  2.69225000E-05  1.76155000E-03
  1.10000000E+01  1.10000000E+01  9.51393000E-02  1.47500000E-03
  1.10000000E+01  1.30000000E+01  8.84111000E-02  1.61600000E-03
  1.10000000E+01  1.40000000E+01  1.35308000E-01  1.61800000E-03
  1.10000000E+01  1.60000000E+01  6.48781000E-03  1.73100000E-03
  1.10000000E+01  1.80000000E+01  8.53019000E-03  1.74900000E-03
  1.10000000E+01  1.90000000E+01  2.22979000E-02  1.75000000E-03
  1.10000000E+01  2.10000000E+01  5.63405000E-04  1.77255000E-03
  1.10000000E+01  2.20000000E+01  8.57612000E-04  1.77255000E-03
  1.10000000E+01  2.70000000E+01  8.15289000E-04  1.77255000E-03
  1.30000000E+01  1.30000000E+01  1.18045000E-02  1.75700000E-03
  1.30000000E+01  1.40000000E+01  2.31866000E-01  1.75900000E-03
  1.30000000E+01  1.60000000E+01  5.51873000E-04  1.87200000E-03
  1.30000000E+01  1.80000000E+01  5.53790000E-04  1.89000000E-03
  1.30000000E+01  1.90000000E+01  8.66868000E-03  1.89100000E-03
  1.30000000E+01  2.10000000E+01  1.40370000E-04  1.91355000E-03
  1.30000000E+01  2.20000000E+01  1.25573000E-03  1.91355000E-03
  1.30000000E+01  2.70000000E+01  6.92242000E-05  1.91355000E-03
  1.40000000E+01  1.40000000E+01  1.57703000E-01  1.76100000E-03
  1.40000000E+01  1.60000000E+01  6.19207000E-04  1.87400000E-03
  1.40000000E+01  1.80000000E+01  4.81135000E-03  1.89200000E-03
  1.40000000E+01  1.90000000E+01  1.43644000E-02  1.89300000E-03
  1.40000000E+01  2.10000000E+01  1.38651000E-03  1.91555000E-03
  1.40000000E+01  2.20000000E+01  1.81905000E-03  1.91555000E-03
  1.40000000E+01  2.70000000E+01  7.69190000E-05  1.91555000E-03
  1.60000000E+01  1.60000000E+01  3.53713000E-05  1.98700000E-03
  1.60000000E+01  1.80000000E+01  2.55456000E-05  2.00500000E-03
  1.60000000E+01  1.90000000E+01  6.66154000E-04  2.00600000E-03
  1.60000000E+01  2.10000000E+01  1.96512000E-06  2.02855000E-03
  1.60000000E+01  2.20000000E+01  1.96512000E-06  2.02855000E-03
  1.60000000E+01  2.70000000E+01  7.85999000E-06  2.02855000E-03
  1.80000000E+01  1.80000000E+01  7.69157000E-06  2.02300000E-03
  1.80000000E+01  1.90000000E+01  8.80744000E-04  2.02400000E-03
  1.80000000E+01  2.10000000E+01  3.84594000E-06  2.04655000E-03
  1.80000000E+01  2.20000000E+01  2.88443000E-05  2.04655000E-03
  1.80000000E+01  2.70000000E+01  3.84594000E-06  2.04655000E-03
  1.90000000E+01  1.90000000E+01  1.28266000E-03  2.02500000E-03
  1.90000000E+01  2.10000000E+01  5.57665000E-05  2.04755000E-03
  1.90000000E+01  2.20000000E+01  9.03810000E-05  2.04755000E-03
  1.90000000E+01  2.70000000E+01  8.26917000E-05  2.04755000E-03
                                                                       1
 39000  0  7  88.905     180717  2  0.0         1.0000E+50  0.0
92931 91  0.0         8.          0.0         0.0         0.0
  1.00000000E+01  1.28356000E-05  8.20000000E-05
  1.10000000E+01  4.01185000E-05  9.30000000E-05
  1.80000000E+01  3.70196000E-05  3.67000000E-04
  1.90000000E+01  5.76323000E-05  3.68000000E-04
                                                                       1
 39000  0  9  88.905     180717  2  0.0         1.0000E+50  0.0
92932 91  0.0         8.          0.0         0.0         0.0
  1.00000000E+01  1.60000000E+01  6.81047000E-02  3.40000000E-05
  1.00000000E+01  1.80000000E+01  5.75745000E-02  5.20000000E-05
  1.00000000E+01  1.90000000E+01  1.24444000E-01  5.30000000E-05
  1.00000000E+01  2.10000000E+01  2.08772000E-03  7.55500000E-05
  1.00000000E+01  2.20000000E+01  2.48905000E-03  7.55500000E-05
  1.00000000E+01  2.70000000E+01  5.71809000E-03  7.55500000E-05
  1.10000000E+01  1.60000000E+01  1.17642000E-01  4.50000000E-05
  1.10000000E+01  1.80000000E+01  1.16009000E-01  6.30000000E-05
  1.10000000E+01  1.90000000E+01  1.89939000E-01  6.40000000E-05
  1.10000000E+01  2.10000000E+01  2.35661000E-03  8.65500000E-05
  1.10000000E+01  2.20000000E+01  3.76903000E-03  8.65500000E-05
  1.10000000E+01  2.70000000E+01  9.94037000E-03  8.65500000E-05
  1.30000000E+01  1.30000000E+01  9.52422000E-03  7.10000000E-05
  1.30000000E+01  1.40000000E+01  7.75781000E-03  7.30000000E-05
  1.30000000E+01  1.60000000E+01  4.55068000E-02  1.86000000E-04
  1.30000000E+01  1.80000000E+01  7.00534000E-03  2.04000000E-04
  1.30000000E+01  1.90000000E+01  5.51493000E-03  2.05000000E-04
  1.30000000E+01  2.10000000E+01  2.32815000E-04  2.27550000E-04
  1.30000000E+01  2.20000000E+01  2.19751000E-04  2.27550000E-04
  1.30000000E+01  2.70000000E+01  3.17270000E-03  2.27550000E-04
  1.40000000E+01  1.40000000E+01  1.49875000E-02  7.50000000E-05
  1.40000000E+01  1.60000000E+01  6.74316000E-02  1.88000000E-04
  1.40000000E+01  1.80000000E+01  2.45950000E-03  2.06000000E-04
  1.40000000E+01  1.90000000E+01  1.45204000E-02  2.07000000E-04
  1.40000000E+01  2.10000000E+01  2.31103000E-04  2.29550000E-04
  1.40000000E+01  2.20000000E+01  4.37089000E-04  2.29550000E-04
  1.40000000E+01  2.70000000E+01  4.69198000E-03  2.29550000E-04
  1.60000000E+01  1.60000000E+01  1.94132000E-02  3.01000000E-04
  1.60000000E+01  1.80000000E+01  2.60629000E-02  3.19000000E-04
  1.60000000E+01  1.90000000E+01  4.95672000E-02  3.20000000E-04
  1.60000000E+01  2.10000000E+01  1.88046000E-03  3.42550000E-04
  1.60000000E+01  2.20000000E+01  2.74199000E-03  3.42550000E-04
  1.60000000E+01  2.70000000E+01  3.06342000E-03  3.42550000E-04
  1.80000000E+01  1.80000000E+01  1.27649000E-03  3.37000000E-04
  1.80000000E+01  1.90000000E+01  3.29939000E-03  3.38000000E-04
  1.80000000E+01  2.10000000E+01  8.04038000E-05  3.60550000E-04
  1.80000000E+01  2.20000000E+01  2.76410000E-05  3.60550000E-04
  1.80000000E+01  2.70000000E+01  1.39462000E-03  3.60550000E-04
  1.90000000E+01  1.90000000E+01  4.13104000E-03  3.39000000E-04
  1.90000000E+01  2.10000000E+01  6.28209000E-05  3.61550000E-04
  1.90000000E+01  2.20000000E+01  1.78414000E-04  3.61550000E-04
  1.90000000E+01  2.70000000E+01  2.65857000E-03  3.61550000E-04
  2.10000000E+01  2.70000000E+01  1.00499000E-04  3.84100000E-04
  2.20000000E+01  2.70000000E+01  1.45739000E-04  3.84100000E-04
                                                                       1
 39000  0  7  88.905     180717  2  0.0         1.0000E+50  0.0
92931 91  0.0         10.         0.0         0.0         0.0
  1.30000000E+01  2.93080000E-04  1.52000000E-04
  1.60000000E+01  7.40460000E-05  2.67000000E-04
  2.10000000E+01  4.59550000E-06  3.08550000E-04
                                                                       1
 39000  0  9  88.905     180717  2  0.0         1.0000E+50  0.0
92932 91  0.0         10.         0.0         0.0         0.0
  1.10000000E+01  2.10000000E+01  1.70264000E-03  4.55000000E-06
  1.10000000E+01  2.20000000E+01  3.76663000E-03  4.55000000E-06
  1.10000000E+01  2.70000000E+01  6.98372000E-03  4.55000000E-06
  1.30000000E+01  1.60000000E+01  1.70582000E-01  1.04000000E-04
  1.30000000E+01  1.80000000E+01  1.75268000E-01  1.22000000E-04
  1.30000000E+01  1.90000000E+01  2.71117000E-01  1.23000000E-04
  1.30000000E+01  2.10000000E+01  1.99688000E-03  1.45550000E-04
  1.30000000E+01  2.20000000E+01  1.27539000E-03  1.45550000E-04
  1.30000000E+01  2.70000000E+01  1.50397000E-02  1.45550000E-04
  1.40000000E+01  1.60000000E+01  2.72371000E-02  1.06000000E-04
  1.40000000E+01  1.80000000E+01  2.54300000E-01  1.24000000E-04
  1.40000000E+01  1.90000000E+01  2.64142000E-02  1.25000000E-04
  1.40000000E+01  2.10000000E+01  8.11283000E-04  1.47550000E-04
  1.40000000E+01  2.20000000E+01  3.18018000E-04  1.47550000E-04
  1.40000000E+01  2.70000000E+01  1.95898000E-03  1.47550000E-04
  1.60000000E+01  1.60000000E+01  5.10000000E-04  2.19000000E-04
  1.60000000E+01  1.80000000E+01  9.15427000E-03  2.37000000E-04
  1.60000000E+01  1.90000000E+01  1.31576000E-03  2.38000000E-04
  1.60000000E+01  2.10000000E+01  3.25342000E-05  2.60550000E-04
  1.60000000E+01  2.20000000E+01  4.49721000E-05  2.60550000E-04
  1.60000000E+01  2.70000000E+01  7.84647000E-05  2.60550000E-04
  1.80000000E+01  1.80000000E+01  6.16576000E-03  2.55000000E-04
  1.80000000E+01  1.90000000E+01  2.00575000E-02  2.56000000E-04
  1.80000000E+01  2.10000000E+01  6.52271000E-04  2.78550000E-04
  1.80000000E+01  2.20000000E+01  1.10876000E-03  2.78550000E-04
  1.80000000E+01  2.70000000E+01  9.36748000E-04  2.78550000E-04
  1.90000000E+01  1.90000000E+01  5.19217000E-04  2.57000000E-04
  1.90000000E+01  2.10000000E+01  1.06001000E-04  2.79550000E-04
  1.90000000E+01  2.20000000E+01  5.51667000E-05  2.79550000E-04
  1.90000000E+01  2.70000000E+01  1.09255000E-04  2.79550000E-04
  2.10000000E+01  2.20000000E+01  2.16348000E-06  3.02100000E-04
  2.10000000E+01  2.70000000E+01  3.24522000E-06  3.02100000E-04
  2.20000000E+01  2.70000000E+01  3.24520000E-06  3.02100000E-04
                                                                       1
 39000  0  7  88.905     180717  2  0.0         1.0000E+50  0.0
92931 91  0.0         11.         0.0         0.0         0.0
  1.30000000E+01  2.37891000E-05  1.41000000E-04
  1.40000000E+01  2.27841000E-04  1.43000000E-04
  1.60000000E+01  8.36904000E-05  2.56000000E-04
  2.10000000E+01  5.66922000E-07  2.97550000E-04
  2.20000000E+01  4.67192000E-06  2.97550000E-04
                                                                       1
 39000  0  9  88.905     180717  2  0.0         1.0000E+50  0.0
92932 91  0.0         11.         0.0         0.0         0.0
  1.30000000E+01  1.60000000E+01  3.36603000E-02  9.30000000E-05
  1.30000000E+01  1.80000000E+01  2.29777000E-02  1.11000000E-04
  1.30000000E+01  1.90000000E+01  1.84457000E-01  1.12000000E-04
  1.30000000E+01  2.10000000E+01  4.74284000E-04  1.34550000E-04
  1.30000000E+01  2.20000000E+01  4.80357000E-04  1.34550000E-04
  1.30000000E+01  2.70000000E+01  2.67162000E-03  1.34550000E-04
  1.40000000E+01  1.60000000E+01  1.64419000E-01  9.50000000E-05
  1.40000000E+01  1.80000000E+01  1.53532000E-01  1.13000000E-04
  1.40000000E+01  1.90000000E+01  3.69582000E-01  1.14000000E-04
  1.40000000E+01  2.10000000E+01  9.56647000E-04  1.36550000E-04
  1.40000000E+01  2.20000000E+01  2.74216000E-03  1.36550000E-04
  1.40000000E+01  2.70000000E+01  1.42715000E-02  1.36550000E-04
  1.60000000E+01  1.60000000E+01  4.78405000E-04  2.08000000E-04
  1.60000000E+01  1.80000000E+01  7.69366000E-04  2.26000000E-04
  1.60000000E+01  1.90000000E+01  1.28567000E-02  2.27000000E-04
  1.60000000E+01  2.10000000E+01  4.06891000E-05  2.49550000E-04
  1.60000000E+01  2.20000000E+01  5.79499000E-05  2.49550000E-04
  1.60000000E+01  2.70000000E+01  7.39784000E-05  2.49550000E-04
  1.80000000E+01  1.80000000E+01  1.60584000E-04  2.44000000E-04
  1.80000000E+01  1.90000000E+01  1.33782000E-02  2.45000000E-04
  1.80000000E+01  2.10000000E+01  2.50097000E-05  2.67550000E-04
  1.80000000E+01  2.20000000E+01  9.60894000E-05  2.67550000E-04
  1.80000000E+01  2.70000000E+01  6.31814000E-05  2.67550000E-04
  1.90000000E+01  1.90000000E+01  1.82113000E-02  2.46000000E-04
  1.90000000E+01  2.10000000E+01  8.82996000E-04  2.68550000E-04
  1.90000000E+01  2.20000000E+01  1.21476000E-03  2.68550000E-04
  1.90000000E+01  2.70000000E+01  1.11804000E-03  2.68550000E-04
  2.10000000E+01  2.20000000E+01  2.01411000E-06  2.91100000E-04
  2.10000000E+01  2.70000000E+01  2.01411000E-06  2.91100000E-04
  2.20000000E+01  2.70000000E+01  4.02802000E-06  2.91100000E-04
                                                                       1
 39000  0  7  88.905     180717  2  0.0         1.0000E+50  0.0
92931 91  0.0         13.         0.0         0.0         0.0
  1.80000000E+01  3.67952000E-05  1.33000000E-04
  1.90000000E+01  6.71234000E-06  1.34000000E-04
                                                                       1
 39000  0  9  88.905     180717  2  0.0         1.0000E+50  0.0
92932 91  0.0         13.         0.0         0.0         0.0
  1.60000000E+01  1.60000000E+01  7.57153000E-02  6.70000000E-05
  1.60000000E+01  1.80000000E+01  2.61165000E-01  8.50000000E-05
  1.60000000E+01  1.90000000E+01  3.09475000E-01  8.60000000E-05
  1.60000000E+01  2.10000000E+01  4.19798000E-02  1.08550000E-04
  1.60000000E+01  2.20000000E+01  9.41734000E-03  1.08550000E-04
  1.60000000E+01  2.70000000E+01  7.03162000E-03  1.08550000E-04
  1.80000000E+01  1.80000000E+01  9.57929000E-03  1.03000000E-04
  1.80000000E+01  1.90000000E+01  1.04387000E-01  1.04000000E-04
  1.80000000E+01  2.10000000E+01  3.68388000E-02  1.26550000E-04
  1.80000000E+01  2.20000000E+01  5.85695000E-03  1.26550000E-04
  1.80000000E+01  2.70000000E+01  1.07288000E-02  1.26550000E-04
  1.90000000E+01  1.90000000E+01  4.52863000E-02  1.05000000E-04
  1.90000000E+01  2.10000000E+01  6.05219000E-02  1.27550000E-04
  1.90000000E+01  2.20000000E+01  3.80882000E-03  1.27550000E-04
  1.90000000E+01  2.70000000E+01  1.09236000E-02  1.27550000E-04
  2.10000000E+01  2.20000000E+01  3.55773000E-03  1.50100000E-04
  2.10000000E+01  2.70000000E+01  3.26471000E-03  1.50100000E-04
  2.20000000E+01  2.70000000E+01  4.18562000E-04  1.50100000E-04
                                                                       1
 39000  0  7  88.905     180717  2  0.0         1.0000E+50  0.0
92931 91  0.0         14.         0.0         0.0         0.0
  1.90000000E+01  3.70869000E-05  1.32000000E-04
                                                                       1
 39000  0  9  88.905     180717  2  0.0         1.0000E+50  0.0
92932 91  0.0         14.         0.0         0.0         0.0
  1.60000000E+01  1.60000000E+01  7.69710000E-02  6.50000000E-05
  1.60000000E+01  1.80000000E+01  1.57569000E-01  8.30000000E-05
  1.60000000E+01  1.90000000E+01  3.97729000E-01  8.40000000E-05
  1.60000000E+01  2.10000000E+01  6.16681000E-03  1.06550000E-04
  1.60000000E+01  2.20000000E+01  4.12634000E-02  1.06550000E-04
  1.60000000E+01  2.70000000E+01  7.11852000E-03  1.06550000E-04
  1.80000000E+01  1.80000000E+01  5.10080000E-03  1.01000000E-04
  1.80000000E+01  1.90000000E+01  7.60186000E-02  1.02000000E-04
  1.80000000E+01  2.10000000E+01  1.14200000E-03  1.24550000E-04
  1.80000000E+01  2.20000000E+01  2.98061000E-02  1.24550000E-04
  1.80000000E+01  2.70000000E+01  5.86218000E-03  1.24550000E-04
  1.90000000E+01  1.90000000E+01  7.12277000E-02  1.03000000E-04
  1.90000000E+01  2.10000000E+01  7.20653000E-03  1.25550000E-04
  1.90000000E+01  2.20000000E+01  9.00162000E-02  1.25550000E-04
  1.90000000E+01  2.70000000E+01  2.11691000E-02  1.25550000E-04
  2.10000000E+01  2.20000000E+01  2.24593000E-03  1.48100000E-04
  2.10000000E+01  2.70000000E+01  2.66458000E-04  1.48100000E-04
  2.20000000E+01  2.70000000E+01  3.08349000E-03  1.48100000E-04
                                                                       1
 39000  0  7  88.905     180717  2  0.0         1.0000E+50  0.0
92931 91  0.0         16.         0.0         0.0         0.0
  1.80000000E+01  8.46113000E-07  1.80000000E-05
  1.90000000E+01  2.15531000E-06  1.90000000E-05
                                                                       1
 39000  0  9  88.905     180717  2  0.0         1.0000E+50  0.0
92932 91  0.0         16.         0.0         0.0         0.0
  1.80000000E+01  2.10000000E+01  5.46211000E-02  1.15500000E-05
  1.80000000E+01  2.20000000E+01  1.72329000E-01  1.15500000E-05
  1.80000000E+01  2.70000000E+01  1.12091000E-01  1.15500000E-05
  1.90000000E+01  2.10000000E+01  2.22923000E-01  1.25500000E-05
  1.90000000E+01  2.20000000E+01  2.27525000E-01  1.25500000E-05
  1.90000000E+01  2.70000000E+01  2.00594000E-01  1.25500000E-05
  2.10000000E+01  2.20000000E+01  1.73303000E-03  3.51000000E-05
  2.10000000E+01  2.70000000E+01  3.32358000E-03  3.51000000E-05
  2.20000000E+01  2.70000000E+01  4.85732000E-03  3.51000000E-05
                                                                       1
 39000  0  7  88.905     180717  2  0.0         1.0000E+50  0.0
92931 91  0.0         18.         0.0         0.0         0.0
  2.10000000E+01  9.15169000E-08  2.35500000E-05
  2.70000000E+01  4.15430000E-08  2.35500000E-05
                                                                       1
 39000  0  9  88.905     180717  2  0.0         1.0000E+50  0.0
92932 91  0.0         18.         0.0         0.0         0.0
  2.10000000E+01  2.20000000E+01  6.42782000E-01  1.71000000E-05
  2.10000000E+01  2.70000000E+01  3.28607000E-01  1.71000000E-05
  2.20000000E+01  2.70000000E+01  2.86110000E-02  1.71000000E-05
                                                                       1
 39000  0  7  88.905     180717  2  0.0         1.0000E+50  0.0
92931 91  0.0         19.         0.0         0.0         0.0
  2.10000000E+01  2.28400000E-09  2.25500000E-05
  2.20000000E+01  2.06940000E-08  2.25500000E-05
  2.70000000E+01  1.01210000E-08  2.25500000E-05
                                                                       1
 39000  0  9  88.905     180717  2  0.0         1.0000E+50  0.0
92932 91  0.0         19.         0.0         0.0         0.0
  2.10000000E+01  2.20000000E+01  5.14224000E-01  1.61000000E-05
  2.10000000E+01  2.70000000E+01  1.00846000E-01  1.61000000E-05
  2.20000000E+01  2.70000000E+01  3.84930000E-01  1.61000000E-05
                                                                       1
