  4000  0  0  9.0122     180717  2  0.0         1.0000E+50  0.0
91912  0  0.0         0.0         0.0         0.0         0.0
 1.000000000E+00 2.000000000E+00
 3.000000000E+00 2.000000000E+00
                                                                       1
  4000  0  0  9.0122     180717  2  0.0         1.0000E+50  0.0
91913  0  0.0         0.0         0.0         0.0         0.0
 1.000000000E+00 1.150000000E-04
 3.000000000E+00 9.320000000E-06
                                                                       1
  4000  0  0  9.0122     180717  2  0.0         1.0000E+50  0.0
91914  0  0.0         0.0         0.0         0.0         0.0
 1.000000000E+00 1.865883745E-04
 3.000000000E+00 1.771711491E-05
                                                                       1
  4000  0  0  9.0122     180717  2  0.0         1.0000E+50  0.0
91915  0  0.0         0.0         0.0         0.0         0.0
 1.000000000E+00 2.157900000E-09
 3.000000000E+00 1.381300000E-08
                                                                       1
  4000  0  0  9.0122     180717  2  0.0         1.0000E+50  0.0
92935  0  0.0         0.0         0.0         0.0         0.0
 1.000000000E+00 1.150000000E-04
 3.000000000E+00 9.320000000E-06
                                                                       1
