 43000  0  0  99.        180717  2  0.0         1.0000E+50  0.0
91912  0  0.0         0.0         0.0         0.0         0.0
 1.000000000E+00 2.000000000E+00
 3.000000000E+00 2.000000000E+00
 5.000000000E+00 2.000000000E+00
 6.000000000E+00 4.000000000E+00
 8.000000000E+00 2.000000000E+00
 1.000000000E+01 2.000000000E+00
 1.100000000E+01 4.000000000E+00
 1.300000000E+01 4.000000000E+00
 1.400000000E+01 6.000000000E+00
 1.600000000E+01 2.000000000E+00
 1.800000000E+01 2.000000000E+00
 1.900000000E+01 4.000000000E+00
 2.100000000E+01 2.400000000E+00
 2.200000000E+01 3.600000000E+00
 2.700000000E+01 1.000000000E+00
                                                                       1
 43000  0  0  99.        180717  2  0.0         1.0000E+50  0.0
91913  0  0.0         0.0         0.0         0.0         0.0
 1.000000000E+00 2.105000000E-02
 3.000000000E+00 3.048000000E-03
 5.000000000E+00 2.800000000E-03
 6.000000000E+00 2.683000000E-03
 8.000000000E+00 5.510000000E-04
 1.000000000E+01 4.510000000E-04
 1.100000000E+01 4.320000000E-04
 1.300000000E+01 2.630000000E-04
 1.400000000E+01 2.590000000E-04
 1.600000000E+01 7.400000000E-05
 1.800000000E+01 4.900000000E-05
 1.900000000E+01 4.500000000E-05
 2.100000000E+01 8.600000000E-06
 2.200000000E+01 8.600000000E-06
 2.700000000E+01 8.270000000E-06
                                                                       1
 43000  0  0  99.        180717  2  0.0         1.0000E+50  0.0
91914  0  0.0         0.0         0.0         0.0         0.0
 1.000000000E+00 2.664510042E-02
 3.000000000E+00 5.611530969E-03
 5.000000000E+00 5.571078309E-03
 6.000000000E+00 5.138943009E-03
 8.000000000E+00 1.544890705E-03
 1.000000000E+01 1.455590243E-03
 1.100000000E+01 1.366703848E-03
 1.300000000E+01 1.210148684E-03
 1.400000000E+01 1.187735584E-03
 1.600000000E+01 3.409951220E-04
 1.800000000E+01 2.931800403E-04
 1.900000000E+01 2.682406015E-04
 2.100000000E+01 1.573789343E-04
 2.200000000E+01 1.589894602E-04
 2.700000000E+01 4.347428110E-05
                                                                       1
 43000  0  0  99.        180717  2  0.0         1.0000E+50  0.0
91915  0  0.0         0.0         0.0         0.0         0.0
 1.000000000E+00 1.810300000E-10
 3.000000000E+00 7.862200000E-10
 5.000000000E+00 6.684400000E-10
 6.000000000E+00 6.927700000E-10
 8.000000000E+00 2.177200000E-09
 1.000000000E+01 2.138900000E-09
 1.100000000E+01 2.193800000E-09
 1.300000000E+01 2.062900000E-09
 1.400000000E+01 2.080600000E-09
 1.600000000E+01 5.525900000E-09
 1.800000000E+01 5.997000000E-09
 1.900000000E+01 6.155400000E-09
 2.100000000E+01 8.854600000E-09
 2.200000000E+01 8.978200000E-09
 2.700000000E+01 1.871700000E-08
                                                                       1
 43000  0  0  99.        180717  2  0.0         1.0000E+50  0.0
91921  0  0.0         0.0         0.0         0.0         0.0
 1.000000000E+00 3.686400000E-06
 3.000000000E+00 4.694400000E-08
 5.000000000E+00 7.357600000E-08
 6.000000000E+00 7.088300000E-08
 8.000000000E+00 6.978600000E-10
 1.000000000E+01 6.442700000E-10
 1.100000000E+01 5.772400000E-10
 1.300000000E+01 5.073500000E-11
 1.400000000E+01 4.624000000E-11
 1.600000000E+01 1.864700000E-11
 1.800000000E+01 2.833200000E-11
 1.900000000E+01 2.456900000E-11
                                                                       1
 43000  0  0  99.        180717  2  0.0         1.0000E+50  0.0
91922  0  0.0         0.0         0.0         0.0         0.0
 1.000000000E+00 1.061700000E-06
 3.000000000E+00 6.332700000E-06
 5.000000000E+00 1.816400000E-06
 6.000000000E+00 1.688000000E-06
 8.000000000E+00 9.046700000E-06
 1.000000000E+01 3.074400000E-06
 1.100000000E+01 3.232500000E-06
 1.300000000E+01 1.381700000E-07
 1.400000000E+01 1.419000000E-07
 1.600000000E+01 1.364200000E-05
 1.800000000E+01 3.325000000E-06
 1.900000000E+01 3.496400000E-06
                                                                       1
 43000  0  0  99.        180717  2  0.0         1.0000E+50  0.0
92935  0  0.0         0.0         0.0         0.0         0.0
 1.000000000E+00 7.387906839E-05
 3.000000000E+00 8.456062043E-05
 5.000000000E+00 6.423547661E-05
 6.000000000E+00 6.187924264E-05
 8.000000000E+00 5.547702936E-05
 1.000000000E+01 4.353754492E-05
 1.100000000E+01 4.292846876E-05
 1.300000000E+01 2.615333620E-05
 1.400000000E+01 2.620461322E-05
 1.600000000E+01 2.284097561E-05
 1.800000000E+01 1.565994556E-05
 1.900000000E+01 1.519153598E-05
 2.100000000E+01 8.600000000E-06
 2.200000000E+01 8.600000000E-06
 2.700000000E+01 8.270000000E-06
                                                                       1
 43000  0  7  99.        180717  2  0.0         1.0000E+50  0.0
92933  0  0.0         0.0         0.0         0.0         0.0
 1.000000000E+00 8.245160000E-01
 3.000000000E+00 4.306160000E-02
 5.000000000E+00 4.670680000E-02
 6.000000000E+00 4.246760000E-02
 8.000000000E+00 8.626300000E-04
 1.000000000E+01 8.899510000E-04
 1.100000000E+01 8.186680000E-04
 1.300000000E+01 2.003540000E-04
 1.400000000E+01 1.760090000E-04
 1.600000000E+01 1.223940000E-05
 1.800000000E+01 3.479190000E-06
 1.900000000E+01 9.089060000E-07
                                                                       1
 43000  0  7  99.        180717  2  0.0         1.0000E+50  0.0
92934  0  0.0         0.0         0.0         0.0         0.0
 1.000000000E+00 1.468500976E-02
 3.000000000E+00 1.038240127E-04
 5.000000000E+00 1.152154116E-04
 6.000000000E+00 1.001131951E-04
 8.000000000E+00 2.555370702E-07
 1.000000000E+01 2.290857964E-07
 1.100000000E+01 2.118746770E-07
 1.300000000E+01 4.199085914E-08
 1.400000000E+01 3.650101266E-08
 1.600000000E+01 3.600390244E-10
 1.800000000E+01 1.430276411E-10
 1.900000000E+01 3.410574651E-11
                                                                       1
 43000  0  9  99.        180717  2  0.0         1.0000E+50  0.0
92933  0  0.0         0.0         0.0         0.0         0.0
 1.000000000E+00 8.362520000E+00
 3.000000000E+00 9.647790000E+00
 5.000000000E+00 7.141320000E+00
 6.000000000E+00 6.843740000E+00
 8.000000000E+00 5.821240000E+00
 1.000000000E+01 4.448480000E+00
 1.100000000E+01 4.366310000E+00
 1.300000000E+01 2.356060000E+00
 1.400000000E+01 2.387900000E+00
 1.600000000E+01 1.974840000E+00
 1.800000000E+01 9.999970000E-01
 1.900000000E+01 9.999990000E-01
                                                                       1
 43000  0  9  99.        180717  2  0.0         1.0000E+50  0.0
92934  0  0.0         0.0         0.0         0.0         0.0
 1.000000000E+00 6.291156958E-03
 3.000000000E+00 2.859617787E-03
 5.000000000E+00 2.620545409E-03
 6.000000000E+00 2.521003955E-03
 8.000000000E+00 4.952678302E-04
 1.000000000E+01 4.072330249E-04
 1.100000000E+01 3.888599788E-04
 1.300000000E+01 2.368044081E-04
 1.400000000E+01 2.327593530E-04
 1.600000000E+01 5.115873171E-05
 1.800000000E+01 3.333995565E-05
 1.900000000E+01 2.980846402E-05
                                                                       1
 43000  0  7  99.        180717  2  0.0         1.0000E+50  0.0
92931 91  0.0         1.          0.0         0.0         0.0
  5.00000000E+00  2.25571000E-01  1.82500000E-02
  6.00000000E+00  4.28852000E-01  1.83670000E-02
  1.00000000E+01  3.54672000E-02  2.05990000E-02
  1.10000000E+01  6.90254000E-02  2.06180000E-02
  1.30000000E+01  1.85021000E-04  2.07870000E-02
  1.40000000E+01  2.61141000E-04  2.07910000E-02
  1.80000000E+01  6.84274000E-03  2.10010000E-02
  1.90000000E+01  1.31501000E-02  2.10050000E-02
  2.10000000E+01  9.78925000E-06  2.10414000E-02
  2.20000000E+01  1.36611000E-05  2.10414000E-02
                                                                       1
 43000  0  9  99.        180717  2  0.0         1.0000E+50  0.0
92932 91  0.0         1.          0.0         0.0         0.0
  3.00000000E+00  3.00000000E+00  1.58584000E-02  1.49540000E-02
  3.00000000E+00  5.00000000E+00  1.80122000E-02  1.52020000E-02
  3.00000000E+00  6.00000000E+00  2.68209000E-02  1.53190000E-02
  3.00000000E+00  8.00000000E+00  5.17375000E-03  1.74510000E-02
  3.00000000E+00  1.00000000E+01  3.07477000E-03  1.75510000E-02
  3.00000000E+00  1.10000000E+01  4.56756000E-03  1.75700000E-02
  3.00000000E+00  1.30000000E+01  2.55570000E-04  1.77390000E-02
  3.00000000E+00  1.40000000E+01  3.10990000E-04  1.77430000E-02
  3.00000000E+00  1.60000000E+01  9.22767000E-04  1.79280000E-02
  3.00000000E+00  1.80000000E+01  4.83997000E-04  1.79530000E-02
  3.00000000E+00  1.90000000E+01  7.13006000E-04  1.79570000E-02
  3.00000000E+00  2.10000000E+01  1.47010000E-05  1.79934000E-02
  3.00000000E+00  2.20000000E+01  1.75278000E-05  1.79934000E-02
  3.00000000E+00  2.70000000E+01  4.63663000E-05  1.79937300E-02
  5.00000000E+00  5.00000000E+00  2.73505000E-03  1.54500000E-02
  5.00000000E+00  6.00000000E+00  6.08360000E-02  1.55670000E-02
  5.00000000E+00  8.00000000E+00  2.43808000E-03  1.76990000E-02
  5.00000000E+00  1.00000000E+01  8.50402000E-04  1.77990000E-02
  5.00000000E+00  1.10000000E+01  8.72374000E-03  1.78180000E-02
  5.00000000E+00  1.30000000E+01  3.29655000E-04  1.79870000E-02
  5.00000000E+00  1.40000000E+01  1.16305000E-03  1.79910000E-02
  5.00000000E+00  1.60000000E+01  4.20130000E-04  1.81760000E-02
  5.00000000E+00  1.80000000E+01  1.32308000E-04  1.82010000E-02
  5.00000000E+00  1.90000000E+01  1.32644000E-03  1.82050000E-02
  5.00000000E+00  2.10000000E+01  1.86593000E-05  1.82414000E-02
  5.00000000E+00  2.20000000E+01  6.50233000E-05  1.82414000E-02
  5.00000000E+00  2.70000000E+01  2.09206000E-05  1.82417300E-02
  6.00000000E+00  6.00000000E+00  3.19699000E-02  1.56840000E-02
  6.00000000E+00  8.00000000E+00  3.61926000E-03  1.78160000E-02
  6.00000000E+00  1.00000000E+01  8.63035000E-03  1.79160000E-02
  6.00000000E+00  1.10000000E+01  9.37921000E-03  1.79350000E-02
  6.00000000E+00  1.30000000E+01  1.41296000E-03  1.81040000E-02
  6.00000000E+00  1.40000000E+01  1.34004000E-03  1.81080000E-02
  6.00000000E+00  1.60000000E+01  6.24241000E-04  1.82930000E-02
  6.00000000E+00  1.80000000E+01  1.32021000E-03  1.83180000E-02
  6.00000000E+00  1.90000000E+01  1.43220000E-03  1.83220000E-02
  6.00000000E+00  2.10000000E+01  7.97228000E-05  1.83584000E-02
  6.00000000E+00  2.20000000E+01  7.52000000E-05  1.83584000E-02
  6.00000000E+00  2.70000000E+01  3.10987000E-05  1.83587300E-02
  8.00000000E+00  8.00000000E+00  4.16160000E-04  1.99480000E-02
  8.00000000E+00  1.00000000E+01  4.19534000E-04  2.00480000E-02
  8.00000000E+00  1.10000000E+01  6.20277000E-04  2.00670000E-02
  8.00000000E+00  1.30000000E+01  3.22290000E-05  2.02360000E-02
  8.00000000E+00  1.40000000E+01  3.84478000E-05  2.02400000E-02
  8.00000000E+00  1.60000000E+01  1.48146000E-04  2.04250000E-02
  8.00000000E+00  1.80000000E+01  6.61559000E-05  2.04500000E-02
  8.00000000E+00  1.90000000E+01  9.72531000E-05  2.04540000E-02
  8.00000000E+00  2.10000000E+01  1.69625000E-06  2.04904000E-02
  8.00000000E+00  2.20000000E+01  2.26160000E-06  2.04904000E-02
  8.00000000E+00  2.70000000E+01  7.35054000E-06  2.04907300E-02
  1.00000000E+01  1.00000000E+01  6.33278000E-05  2.01480000E-02
  1.00000000E+01  1.10000000E+01  1.25413000E-03  2.01670000E-02
  1.00000000E+01  1.30000000E+01  3.61882000E-05  2.03360000E-02
  1.00000000E+01  1.40000000E+01  1.31185000E-04  2.03400000E-02
  1.00000000E+01  1.60000000E+01  7.23753000E-05  2.05250000E-02
  1.00000000E+01  1.80000000E+01  1.97901000E-05  2.05500000E-02
  1.00000000E+01  1.90000000E+01  1.91113000E-04  2.05540000E-02
  1.00000000E+01  2.10000000E+01  2.26159000E-06  2.05904000E-02
  1.00000000E+01  2.20000000E+01  7.35050000E-06  2.05904000E-02
  1.00000000E+01  2.70000000E+01  3.39247000E-06  2.05907300E-02
  1.10000000E+01  1.10000000E+01  6.89245000E-04  2.01860000E-02
  1.10000000E+01  1.30000000E+01  1.65099000E-04  2.03550000E-02
  1.10000000E+01  1.40000000E+01  1.52658000E-04  2.03590000E-02
  1.10000000E+01  1.60000000E+01  1.06859000E-04  2.05440000E-02
  1.10000000E+01  1.80000000E+01  1.92241000E-04  2.05690000E-02
  1.10000000E+01  1.90000000E+01  2.10325000E-04  2.05730000E-02
  1.10000000E+01  2.10000000E+01  9.61193000E-06  2.06094000E-02
  1.10000000E+01  2.20000000E+01  8.48107000E-06  2.06094000E-02
  1.10000000E+01  2.70000000E+01  5.08862000E-06  2.06097300E-02
  1.30000000E+01  1.40000000E+01  1.75277000E-05  2.05280000E-02
  1.30000000E+01  1.60000000E+01  5.65432000E-06  2.07130000E-02
  1.30000000E+01  1.80000000E+01  5.08878000E-06  2.07380000E-02
  1.30000000E+01  1.90000000E+01  2.43147000E-05  2.07420000E-02
  1.30000000E+01  2.20000000E+01  1.13079000E-06  2.07784000E-02
  1.40000000E+01  1.40000000E+01  4.56920000E-06  2.05320000E-02
  1.40000000E+01  1.60000000E+01  6.85399000E-06  2.07170000E-02
  1.40000000E+01  1.80000000E+01  1.94196000E-05  2.07420000E-02
  1.40000000E+01  1.90000000E+01  2.28450000E-05  2.07460000E-02
  1.40000000E+01  2.10000000E+01  1.14225000E-06  2.07824000E-02
  1.40000000E+01  2.20000000E+01  5.71164000E-07  2.07824000E-02
  1.40000000E+01  2.70000000E+01  5.71164000E-07  2.07827300E-02
  1.60000000E+01  1.60000000E+01  1.32285000E-05  2.09020000E-02
  1.60000000E+01  1.80000000E+01  1.15023000E-05  2.09270000E-02
  1.60000000E+01  1.90000000E+01  1.72539000E-05  2.09310000E-02
  1.60000000E+01  2.10000000E+01  5.75154000E-07  2.09674000E-02
  1.60000000E+01  2.20000000E+01  5.75154000E-07  2.09674000E-02
  1.60000000E+01  2.70000000E+01  1.15023000E-06  2.09677300E-02
  1.80000000E+01  1.80000000E+01  1.60391000E-06  2.09520000E-02
  1.80000000E+01  1.90000000E+01  2.78017000E-05  2.09560000E-02
  1.80000000E+01  2.10000000E+01  5.34659000E-07  2.09924000E-02
  1.80000000E+01  2.20000000E+01  1.06924000E-06  2.09924000E-02
  1.80000000E+01  2.70000000E+01  5.34659000E-07  2.09927300E-02
  1.90000000E+01  1.90000000E+01  1.64370000E-05  2.09600000E-02
  1.90000000E+01  2.10000000E+01  1.17403000E-06  2.09964000E-02
  1.90000000E+01  2.20000000E+01  1.17403000E-06  2.09964000E-02
  1.90000000E+01  2.70000000E+01  5.87055000E-07  2.09967300E-02
                                                                       1
 43000  0  7  99.        180717  2  0.0         1.0000E+50  0.0
92931 91  0.0         3.          0.0         0.0         0.0
  5.00000000E+00  1.48490000E-05  2.48000000E-04
  6.00000000E+00  9.87623000E-05  3.65000000E-04
  1.00000000E+01  2.31551000E-03  2.59700000E-03
  1.10000000E+01  3.95781000E-03  2.61600000E-03
  1.30000000E+01  2.10051000E-05  2.78500000E-03
  1.40000000E+01  3.13101000E-05  2.78900000E-03
  1.80000000E+01  3.73861000E-04  2.99900000E-03
  1.90000000E+01  6.44802000E-04  3.00300000E-03
  2.10000000E+01  8.29562000E-07  3.03940000E-03
  2.20000000E+01  1.23410000E-06  3.03940000E-03
                                                                       1
 43000  0  9  99.        180717  2  0.0         1.0000E+50  0.0
92932 91  0.0         3.          0.0         0.0         0.0
  5.00000000E+00  1.60000000E+01  2.21422000E-02  1.74000000E-04
  5.00000000E+00  1.80000000E+01  1.45601000E-02  1.99000000E-04
  5.00000000E+00  1.90000000E+01  1.98375000E-02  2.03000000E-04
  5.00000000E+00  2.10000000E+01  2.33670000E-03  2.39400000E-04
  5.00000000E+00  2.20000000E+01  3.93160000E-03  2.39400000E-04
  5.00000000E+00  2.70000000E+01  1.07806000E-03  2.39730000E-04
  6.00000000E+00  1.30000000E+01  2.71175000E-01  1.02000000E-04
  6.00000000E+00  1.40000000E+01  3.89940000E-01  1.06000000E-04
  6.00000000E+00  1.60000000E+01  3.37026000E-02  2.91000000E-04
  6.00000000E+00  1.80000000E+01  1.45021000E-02  3.16000000E-04
  6.00000000E+00  1.90000000E+01  2.91873000E-02  3.20000000E-04
  6.00000000E+00  2.10000000E+01  9.05723000E-03  3.56400000E-04
  6.00000000E+00  2.20000000E+01  1.19845000E-02  3.56400000E-04
  6.00000000E+00  2.70000000E+01  1.63299000E-03  3.56730000E-04
  8.00000000E+00  8.00000000E+00  5.85408000E-03  1.94600000E-03
  8.00000000E+00  1.00000000E+01  1.14355000E-02  2.04600000E-03
  8.00000000E+00  1.10000000E+01  2.17414000E-02  2.06500000E-03
  8.00000000E+00  1.30000000E+01  1.69049000E-02  2.23400000E-03
  8.00000000E+00  1.40000000E+01  2.43990000E-02  2.23800000E-03
  8.00000000E+00  1.60000000E+01  1.80867000E-03  2.42300000E-03
  8.00000000E+00  1.80000000E+01  1.77028000E-03  2.44800000E-03
  8.00000000E+00  1.90000000E+01  3.33799000E-03  2.45200000E-03
  8.00000000E+00  2.10000000E+01  8.61474000E-04  2.48840000E-03
  8.00000000E+00  2.20000000E+01  1.23124000E-03  2.48840000E-03
  8.00000000E+00  2.70000000E+01  8.87051000E-05  2.48873000E-03
  1.00000000E+01  1.00000000E+01  9.21165000E-05  2.14600000E-03
  1.00000000E+01  1.10000000E+01  4.95548000E-04  2.16500000E-03
  1.00000000E+01  1.30000000E+01  3.72304000E-04  2.33400000E-03
  1.00000000E+01  1.40000000E+01  5.84147000E-03  2.33800000E-03
  1.00000000E+01  1.60000000E+01  1.45891000E-03  2.52300000E-03
  1.00000000E+01  1.80000000E+01  1.79108000E-05  2.54800000E-03
  1.00000000E+01  1.90000000E+01  7.29248000E-05  2.55200000E-03
  1.00000000E+01  2.10000000E+01  1.87657000E-05  2.58840000E-03
  1.00000000E+01  2.20000000E+01  2.14083000E-04  2.58840000E-03
  1.00000000E+01  2.70000000E+01  6.90864000E-05  2.58873000E-03
  1.10000000E+01  1.10000000E+01  5.20726000E-04  2.18400000E-03
  1.10000000E+01  1.30000000E+01  4.97349000E-03  2.35300000E-03
  1.10000000E+01  1.40000000E+01  3.47404000E-03  2.35700000E-03
  1.10000000E+01  1.60000000E+01  2.77502000E-03  2.54200000E-03
  1.10000000E+01  1.80000000E+01  7.29264000E-05  2.56700000E-03
  1.10000000E+01  1.90000000E+01  1.28367000E-04  2.57100000E-03
  1.10000000E+01  2.10000000E+01  1.72292000E-04  2.60740000E-03
  1.10000000E+01  2.20000000E+01  1.22397000E-04  2.60740000E-03
  1.10000000E+01  2.70000000E+01  1.31776000E-04  2.60773000E-03
  1.30000000E+01  1.30000000E+01  8.53367000E-04  2.52200000E-03
  1.30000000E+01  1.40000000E+01  3.41498000E-02  2.52600000E-03
  1.30000000E+01  1.60000000E+01  2.06535000E-03  2.71100000E-03
  1.30000000E+01  1.80000000E+01  7.59117000E-05  2.73600000E-03
  1.30000000E+01  1.90000000E+01  7.53568000E-04  2.74000000E-03
  1.30000000E+01  2.10000000E+01  8.70005000E-05  2.77640000E-03
  1.30000000E+01  2.20000000E+01  1.36643000E-03  2.77640000E-03
  1.30000000E+01  2.70000000E+01  9.76611000E-05  2.77673000E-03
  1.40000000E+01  1.40000000E+01  9.59101000E-03  2.53000000E-03
  1.40000000E+01  1.60000000E+01  2.98992000E-03  2.71500000E-03
  1.40000000E+01  1.80000000E+01  8.42722000E-04  2.74000000E-03
  1.40000000E+01  1.90000000E+01  5.48879000E-04  2.74400000E-03
  1.40000000E+01  2.10000000E+01  1.36897000E-03  2.78040000E-03
  1.40000000E+01  2.20000000E+01  7.92386000E-04  2.78040000E-03
  1.40000000E+01  2.70000000E+01  1.41157000E-04  2.78073000E-03
  1.60000000E+01  1.60000000E+01  1.33911000E-04  2.90000000E-03
  1.60000000E+01  1.80000000E+01  2.26449000E-04  2.92500000E-03
  1.60000000E+01  1.90000000E+01  4.26880000E-04  2.92900000E-03
  1.60000000E+01  2.10000000E+01  1.04905000E-04  2.96540000E-03
  1.60000000E+01  2.20000000E+01  1.50539000E-04  2.96540000E-03
  1.60000000E+01  2.70000000E+01  1.32201000E-05  2.96573000E-03
  1.80000000E+01  1.80000000E+01  1.00397000E-06  2.95000000E-03
  1.80000000E+01  1.90000000E+01  1.25497000E-05  2.95400000E-03
  1.80000000E+01  2.10000000E+01  4.01596000E-06  2.99040000E-03
  1.80000000E+01  2.20000000E+01  3.71479000E-05  2.99040000E-03
  1.80000000E+01  2.70000000E+01  1.25497000E-05  2.99073000E-03
  1.90000000E+01  1.90000000E+01  9.06517000E-06  2.95800000E-03
  1.90000000E+01  2.10000000E+01  3.00587000E-05  2.99440000E-03
  1.90000000E+01  2.20000000E+01  2.19476000E-05  2.99440000E-03
  1.90000000E+01  2.70000000E+01  2.29017000E-05  2.99473000E-03
  2.10000000E+01  2.10000000E+01  2.13233000E-06  3.03080000E-03
  2.10000000E+01  2.20000000E+01  5.28813000E-05  3.03080000E-03
  2.10000000E+01  2.70000000E+01  5.11755000E-06  3.03113000E-03
  2.20000000E+01  2.20000000E+01  1.57791000E-05  3.03080000E-03
  2.20000000E+01  2.70000000E+01  7.24994000E-06  3.03113000E-03
                                                                       1
 43000  0  7  99.        180717  2  0.0         1.0000E+50  0.0
92931 91  0.0         5.          0.0         0.0         0.0
  6.00000000E+00  6.67174000E-09  1.17000000E-04
  8.00000000E+00  3.18252000E-03  2.24900000E-03
  1.10000000E+01  3.25822000E-05  2.36800000E-03
  1.30000000E+01  3.49882000E-02  2.53700000E-03
  1.60000000E+01  2.68291000E-04  2.72600000E-03
  1.90000000E+01  1.50311000E-06  2.75500000E-03
  2.10000000E+01  1.57301000E-03  2.79140000E-03
                                                                       1
 43000  0  9  99.        180717  2  0.0         1.0000E+50  0.0
92932 91  0.0         5.          0.0         0.0         0.0
  6.00000000E+00  1.60000000E+01  1.70452000E-02  4.30000000E-05
  6.00000000E+00  1.80000000E+01  5.70085000E-02  6.80000000E-05
  6.00000000E+00  1.90000000E+01  2.12704000E-02  7.20000000E-05
  6.00000000E+00  2.10000000E+01  3.16586000E-02  1.08400000E-04
  6.00000000E+00  2.20000000E+01  1.23404000E-02  1.08400000E-04
  6.00000000E+00  2.70000000E+01  7.57723000E-04  1.08730000E-04
  8.00000000E+00  8.00000000E+00  1.45085000E-03  1.69800000E-03
  8.00000000E+00  1.00000000E+01  3.14638000E-02  1.79800000E-03
  8.00000000E+00  1.10000000E+01  2.97201000E-03  1.81700000E-03
  8.00000000E+00  1.30000000E+01  1.82596000E-03  1.98600000E-03
  8.00000000E+00  1.40000000E+01  4.54051000E-03  1.99000000E-03
  8.00000000E+00  1.60000000E+01  4.22713000E-04  2.17500000E-03
  8.00000000E+00  1.80000000E+01  3.52976000E-03  2.20000000E-03
  8.00000000E+00  1.90000000E+01  4.09780000E-04  2.20400000E-03
  8.00000000E+00  2.10000000E+01  6.90144000E-05  2.24040000E-03
  8.00000000E+00  2.20000000E+01  1.56720000E-04  2.24040000E-03
  8.00000000E+00  2.70000000E+01  2.01300000E-05  2.24073000E-03
  1.00000000E+01  1.00000000E+01  3.00341000E-02  1.89800000E-03
  1.00000000E+01  1.10000000E+01  9.83761000E-02  1.91700000E-03
  1.00000000E+01  1.30000000E+01  5.13072000E-02  2.08600000E-03
  1.00000000E+01  1.40000000E+01  9.16323000E-02  2.09000000E-03
  1.00000000E+01  1.60000000E+01  5.71082000E-03  2.27500000E-03
  1.00000000E+01  1.80000000E+01  8.12923000E-03  2.30000000E-03
  1.00000000E+01  1.90000000E+01  1.48468000E-02  2.30400000E-03
  1.00000000E+01  2.10000000E+01  2.60386000E-03  2.34040000E-03
  1.00000000E+01  2.20000000E+01  4.61672000E-03  2.34040000E-03
  1.00000000E+01  2.70000000E+01  2.84673000E-04  2.34073000E-03
  1.10000000E+01  1.10000000E+01  2.65410000E-03  1.93600000E-03
  1.10000000E+01  1.30000000E+01  6.34270000E-02  2.10500000E-03
  1.10000000E+01  1.40000000E+01  8.63389000E-03  2.10900000E-03
  1.10000000E+01  1.60000000E+01  4.68725000E-04  2.29400000E-03
  1.10000000E+01  1.80000000E+01  1.14235000E-02  2.31900000E-03
  1.10000000E+01  1.90000000E+01  6.84373000E-04  2.32300000E-03
  1.10000000E+01  2.10000000E+01  2.87411000E-03  2.35940000E-03
  1.10000000E+01  2.20000000E+01  3.63767000E-04  2.35940000E-03
  1.10000000E+01  2.70000000E+01  2.30048000E-05  2.35973000E-03
  1.30000000E+01  1.30000000E+01  5.63100000E-02  2.27400000E-03
  1.30000000E+01  1.40000000E+01  2.47072000E-01  2.27800000E-03
  1.30000000E+01  1.60000000E+01  3.42182000E-04  2.46300000E-03
  1.30000000E+01  1.80000000E+01  5.95964000E-03  2.48800000E-03
  1.30000000E+01  1.90000000E+01  9.13830000E-03  2.49200000E-03
  1.30000000E+01  2.10000000E+01  5.07386000E-03  2.52840000E-03
  1.30000000E+01  2.20000000E+01  1.16590000E-02  2.52840000E-03
  1.30000000E+01  2.70000000E+01  1.72534000E-05  2.52873000E-03
  1.40000000E+01  1.40000000E+01  1.17259000E-02  2.28200000E-03
  1.40000000E+01  1.60000000E+01  7.18861000E-04  2.46700000E-03
  1.40000000E+01  1.80000000E+01  9.68578000E-03  2.49200000E-03
  1.40000000E+01  1.90000000E+01  1.14732000E-03  2.49600000E-03
  1.40000000E+01  2.10000000E+01  9.87971000E-03  2.53240000E-03
  1.40000000E+01  2.20000000E+01  1.02509000E-03  2.53240000E-03
  1.40000000E+01  2.70000000E+01  3.45055000E-05  2.53273000E-03
  1.60000000E+01  1.60000000E+01  3.74969000E-05  2.65200000E-03
  1.60000000E+01  1.80000000E+01  7.98144000E-04  2.67700000E-03
  1.60000000E+01  1.90000000E+01  8.03526000E-05  2.68100000E-03
  1.60000000E+01  2.10000000E+01  1.60707000E-05  2.71740000E-03
  1.60000000E+01  2.20000000E+01  3.21403000E-05  2.71740000E-03
  1.60000000E+01  2.70000000E+01  3.57121000E-06  2.71773000E-03
  1.80000000E+01  1.80000000E+01  5.33405000E-04  2.70200000E-03
  1.80000000E+01  1.90000000E+01  1.72535000E-03  2.70600000E-03
  1.80000000E+01  2.10000000E+01  2.99054000E-04  2.74240000E-03
  1.80000000E+01  2.20000000E+01  4.90273000E-04  2.74240000E-03
  1.80000000E+01  2.70000000E+01  3.16310000E-05  2.74273000E-03
  1.90000000E+01  1.90000000E+01  4.45703000E-05  2.71000000E-03
  1.90000000E+01  2.10000000E+01  4.16953000E-04  2.74640000E-03
  1.90000000E+01  2.20000000E+01  4.88844000E-05  2.74640000E-03
  1.90000000E+01  2.70000000E+01  2.87558000E-06  2.74673000E-03
  2.10000000E+01  2.10000000E+01  1.04958000E-04  2.78280000E-03
  2.10000000E+01  2.20000000E+01  4.39965000E-04  2.78280000E-03
  2.20000000E+01  2.20000000E+01  2.15663000E-05  2.78280000E-03
  2.20000000E+01  2.70000000E+01  1.43782000E-06  2.78313000E-03
                                                                       1
 43000  0  7  99.        180717  2  0.0         1.0000E+50  0.0
92931 91  0.0         6.          0.0         0.0         0.0
  8.00000000E+00  5.00258000E-03  2.13200000E-03
  1.00000000E+01  2.17759000E-05  2.23200000E-03
  1.10000000E+01  2.06459000E-05  2.25100000E-03
  1.30000000E+01  3.52648000E-03  2.42000000E-03
  1.40000000E+01  3.13069000E-02  2.42400000E-03
  1.60000000E+01  2.67279000E-04  2.60900000E-03
  1.80000000E+01  7.66606000E-07  2.63400000E-03
  1.90000000E+01  7.32087000E-07  2.63800000E-03
  2.10000000E+01  1.56589000E-04  2.67440000E-03
  2.20000000E+01  1.38169000E-03  2.67440000E-03
                                                                       1
 43000  0  9  99.        180717  2  0.0         1.0000E+50  0.0
92932 91  0.0         6.          0.0         0.0         0.0
  8.00000000E+00  8.00000000E+00  1.76224000E-03  1.58100000E-03
  8.00000000E+00  1.00000000E+01  1.32524000E-03  1.68100000E-03
  8.00000000E+00  1.10000000E+01  3.58856000E-02  1.70000000E-03
  8.00000000E+00  1.30000000E+01  3.40716000E-03  1.86900000E-03
  8.00000000E+00  1.40000000E+01  3.58478000E-03  1.87300000E-03
  8.00000000E+00  1.60000000E+01  5.14323000E-04  2.05800000E-03
  8.00000000E+00  1.80000000E+01  1.77622000E-04  2.08300000E-03
  8.00000000E+00  1.90000000E+01  4.02964000E-03  2.08700000E-03
  8.00000000E+00  2.10000000E+01  1.11199000E-04  2.12340000E-03
  8.00000000E+00  2.20000000E+01  1.11199000E-04  2.12340000E-03
  8.00000000E+00  2.70000000E+01  2.47119000E-05  2.12373000E-03
  1.00000000E+01  1.00000000E+01  4.80328000E-04  1.78100000E-03
  1.00000000E+01  1.10000000E+01  5.89351000E-02  1.80000000E-03
  1.00000000E+01  1.30000000E+01  4.00797000E-03  1.96900000E-03
  1.00000000E+01  1.40000000E+01  3.61401000E-02  1.97300000E-03
  1.00000000E+01  1.60000000E+01  2.05416000E-04  2.15800000E-03
  1.00000000E+01  1.80000000E+01  1.26644000E-04  2.18300000E-03
  1.00000000E+01  1.90000000E+01  6.81921000E-03  2.18700000E-03
  1.00000000E+01  2.10000000E+01  1.94604000E-04  2.22340000E-03
  1.00000000E+01  2.20000000E+01  1.56924000E-03  2.22340000E-03
  1.00000000E+01  2.70000000E+01  1.08114000E-05  2.22373000E-03
  1.10000000E+01  1.10000000E+01  8.48233000E-02  1.81900000E-03
  1.10000000E+01  1.30000000E+01  8.22007000E-02  1.98800000E-03
  1.10000000E+01  1.40000000E+01  1.25876000E-01  1.99200000E-03
  1.10000000E+01  1.60000000E+01  6.46682000E-03  2.17700000E-03
  1.10000000E+01  1.80000000E+01  8.83307000E-03  2.20200000E-03
  1.10000000E+01  1.90000000E+01  2.26113000E-02  2.20600000E-03
  1.10000000E+01  2.10000000E+01  4.06520000E-03  2.24240000E-03
  1.10000000E+01  2.20000000E+01  6.13934000E-03  2.24240000E-03
  1.10000000E+01  2.70000000E+01  3.22797000E-04  2.24273000E-03
  1.30000000E+01  1.30000000E+01  1.14838000E-02  2.15700000E-03
  1.30000000E+01  1.40000000E+01  2.23607000E-01  2.16100000E-03
  1.30000000E+01  1.60000000E+01  5.69969000E-04  2.34600000E-03
  1.30000000E+01  1.80000000E+01  5.97774000E-04  2.37100000E-03
  1.30000000E+01  1.90000000E+01  8.99586000E-03  2.37500000E-03
  1.30000000E+01  2.10000000E+01  1.04105000E-03  2.41140000E-03
  1.30000000E+01  2.20000000E+01  9.01573000E-03  2.41140000E-03
  1.30000000E+01  2.70000000E+01  2.78030000E-05  2.41173000E-03
  1.40000000E+01  1.40000000E+01  1.52184000E-01  2.16500000E-03
  1.40000000E+01  1.60000000E+01  6.33226000E-04  2.35000000E-03
  1.40000000E+01  1.80000000E+01  5.11543000E-03  2.37500000E-03
  1.40000000E+01  1.90000000E+01  1.50866000E-02  2.37900000E-03
  1.40000000E+01  2.10000000E+01  1.02355000E-02  2.41540000E-03
  1.40000000E+01  2.20000000E+01  1.32735000E-02  2.41540000E-03
  1.40000000E+01  2.70000000E+01  3.08901000E-05  2.41573000E-03
  1.60000000E+01  1.60000000E+01  4.44426000E-05  2.53500000E-03
  1.60000000E+01  1.80000000E+01  3.33322000E-05  2.56000000E-03
  1.60000000E+01  1.90000000E+01  8.72154000E-04  2.56400000E-03
  1.60000000E+01  2.10000000E+01  2.22208000E-05  2.60040000E-03
  1.60000000E+01  2.20000000E+01  2.40725000E-05  2.60040000E-03
  1.60000000E+01  2.70000000E+01  3.70345000E-06  2.60073000E-03
  1.80000000E+01  1.80000000E+01  7.72265000E-06  2.58500000E-03
  1.80000000E+01  1.90000000E+01  1.02248000E-03  2.58900000E-03
  1.80000000E+01  2.10000000E+01  2.93465000E-05  2.62540000E-03
  1.80000000E+01  2.20000000E+01  2.25502000E-04  2.62540000E-03
  1.80000000E+01  2.70000000E+01  1.54455000E-06  2.62573000E-03
  1.90000000E+01  1.90000000E+01  1.47190000E-03  2.59300000E-03
  1.90000000E+01  2.10000000E+01  4.46352000E-04  2.62940000E-03
  1.90000000E+01  2.20000000E+01  7.30569000E-04  2.62940000E-03
  1.90000000E+01  2.70000000E+01  3.70686000E-05  2.62973000E-03
  2.10000000E+01  2.10000000E+01  2.16230000E-05  2.66580000E-03
  2.10000000E+01  2.20000000E+01  3.89221000E-04  2.66580000E-03
  2.10000000E+01  2.70000000E+01  1.54450000E-06  2.66613000E-03
  2.20000000E+01  2.20000000E+01  2.68754000E-04  2.66580000E-03
  2.20000000E+01  2.70000000E+01  1.54450000E-06  2.66613000E-03
                                                                       1
 43000  0  7  99.        180717  2  0.0         1.0000E+50  0.0
92931 91  0.0         8.          0.0         0.0         0.0
  1.00000000E+01  1.27913000E-05  1.00000000E-04
  1.10000000E+01  4.88686000E-05  1.19000000E-04
  1.80000000E+01  6.89190000E-05  5.02000000E-04
  1.90000000E+01  1.04066000E-04  5.06000000E-04
                                                                       1
 43000  0  9  99.        180717  2  0.0         1.0000E+50  0.0
92932 91  0.0         8.          0.0         0.0         0.0
  1.00000000E+01  1.60000000E+01  5.60667000E-02  2.60000000E-05
  1.00000000E+01  1.80000000E+01  5.42784000E-02  5.10000000E-05
  1.00000000E+01  1.90000000E+01  1.09856000E-01  5.50000000E-05
  1.00000000E+01  2.10000000E+01  2.15841000E-02  9.14000000E-05
  1.00000000E+01  2.20000000E+01  2.74381000E-02  9.14000000E-05
  1.00000000E+01  2.70000000E+01  2.05209000E-03  9.17300000E-05
  1.10000000E+01  1.60000000E+01  9.48727000E-02  4.50000000E-05
  1.10000000E+01  1.80000000E+01  1.00747000E-01  7.00000000E-05
  1.10000000E+01  1.90000000E+01  1.63792000E-01  7.40000000E-05
  1.10000000E+01  2.10000000E+01  2.32021000E-02  1.10400000E-04
  1.10000000E+01  2.20000000E+01  3.54433000E-02  1.10400000E-04
  1.10000000E+01  2.70000000E+01  3.36559000E-03  1.10730000E-04
  1.30000000E+01  1.30000000E+01  9.58244000E-03  2.50000000E-05
  1.30000000E+01  1.40000000E+01  5.71571000E-03  2.90000000E-05
  1.30000000E+01  1.60000000E+01  3.69508000E-02  2.14000000E-04
  1.30000000E+01  1.80000000E+01  6.47820000E-03  2.39000000E-04
  1.30000000E+01  1.90000000E+01  4.92464000E-03  2.43000000E-04
  1.30000000E+01  2.10000000E+01  2.34693000E-03  2.79400000E-04
  1.30000000E+01  2.20000000E+01  2.53256000E-03  2.79400000E-04
  1.30000000E+01  2.70000000E+01  1.02935000E-03  2.79730000E-04
  1.40000000E+01  1.40000000E+01  1.44403000E-02  3.30000000E-05
  1.40000000E+01  1.60000000E+01  5.45425000E-02  2.18000000E-04
  1.40000000E+01  1.80000000E+01  2.00911000E-03  2.43000000E-04
  1.40000000E+01  1.90000000E+01  1.31208000E-02  2.47000000E-04
  1.40000000E+01  2.10000000E+01  2.67252000E-03  2.83400000E-04
  1.40000000E+01  2.20000000E+01  4.56374000E-03  2.83400000E-04
  1.40000000E+01  2.70000000E+01  1.51820000E-03  2.83730000E-04
  1.60000000E+01  1.60000000E+01  1.71718000E-02  4.03000000E-04
  1.60000000E+01  1.80000000E+01  2.48064000E-02  4.28000000E-04
  1.60000000E+01  1.90000000E+01  4.66589000E-02  4.32000000E-04
  1.60000000E+01  2.10000000E+01  1.59179000E-02  4.68400000E-04
  1.60000000E+01  2.20000000E+01  2.30745000E-02  4.68400000E-04
  1.60000000E+01  2.70000000E+01  1.09803000E-03  4.68730000E-04
  1.80000000E+01  1.80000000E+01  1.41630000E-03  4.53000000E-04
  1.80000000E+01  1.90000000E+01  3.46836000E-03  4.57000000E-04
  1.80000000E+01  2.10000000E+01  7.69799000E-04  4.93400000E-04
  1.80000000E+01  2.20000000E+01  2.18399000E-04  4.93400000E-04
  1.80000000E+01  2.70000000E+01  6.24918000E-04  4.93730000E-04
  1.90000000E+01  1.90000000E+01  4.66692000E-03  4.61000000E-04
  1.90000000E+01  2.10000000E+01  5.83371000E-04  4.97400000E-04
  1.90000000E+01  2.20000000E+01  1.78137000E-03  4.97400000E-04
  1.90000000E+01  2.70000000E+01  1.21598000E-03  4.97730000E-04
  2.10000000E+01  2.10000000E+01  5.95317000E-05  5.33800000E-04
  2.10000000E+01  2.20000000E+01  1.20985000E-04  5.33800000E-04
  2.10000000E+01  2.70000000E+01  3.53353000E-04  5.34130000E-04
  2.20000000E+01  2.20000000E+01  1.20985000E-04  5.33800000E-04
  2.20000000E+01  2.70000000E+01  5.12743000E-04  5.34130000E-04
                                                                       1
 43000  0  7  99.        180717  2  0.0         1.0000E+50  0.0
92931 91  0.0         10.         0.0         0.0         0.0
  1.30000000E+01  4.08441000E-04  1.88000000E-04
  1.60000000E+01  1.50791000E-04  3.77000000E-04
  2.10000000E+01  1.19070000E-04  4.42400000E-04
                                                                       1
 43000  0  9  99.        180717  2  0.0         1.0000E+50  0.0
92932 91  0.0         10.         0.0         0.0         0.0
  1.10000000E+01  2.10000000E+01  1.19315000E-02  1.04000000E-05
  1.10000000E+01  2.20000000E+01  2.71305000E-02  1.04000000E-05
  1.10000000E+01  2.70000000E+01  2.99221000E-03  1.07300000E-05
  1.30000000E+01  1.60000000E+01  1.58075000E-01  1.14000000E-04
  1.30000000E+01  1.80000000E+01  1.63612000E-01  1.39000000E-04
  1.30000000E+01  1.90000000E+01  2.52229000E-01  1.43000000E-04
  1.30000000E+01  2.10000000E+01  1.96635000E-02  1.79400000E-04
  1.30000000E+01  2.20000000E+01  1.61203000E-02  1.79400000E-04
  1.30000000E+01  2.70000000E+01  5.89306000E-03  1.79730000E-04
  1.40000000E+01  1.60000000E+01  2.63805000E-02  1.18000000E-04
  1.40000000E+01  1.80000000E+01  2.23604000E-01  1.43000000E-04
  1.40000000E+01  1.90000000E+01  2.37477000E-02  1.47000000E-04
  1.40000000E+01  2.10000000E+01  4.06957000E-03  1.83400000E-04
  1.40000000E+01  2.20000000E+01  2.90013000E-03  1.83400000E-04
  1.40000000E+01  2.70000000E+01  7.39409000E-04  1.83730000E-04
  1.60000000E+01  1.60000000E+01  6.61577000E-04  3.03000000E-04
  1.60000000E+01  1.80000000E+01  1.03607000E-02  3.28000000E-04
  1.60000000E+01  1.90000000E+01  1.62479000E-03  3.32000000E-04
  1.60000000E+01  2.10000000E+01  2.19339000E-04  3.68400000E-04
  1.60000000E+01  2.20000000E+01  4.13932000E-04  3.68400000E-04
  1.60000000E+01  2.70000000E+01  4.06845000E-05  3.68730000E-04
  1.80000000E+01  1.80000000E+01  6.58469000E-03  3.53000000E-04
  1.80000000E+01  1.90000000E+01  2.10820000E-02  3.57000000E-04
  1.80000000E+01  2.10000000E+01  6.22136000E-03  3.93400000E-04
  1.80000000E+01  2.20000000E+01  1.04010000E-02  3.93400000E-04
  1.80000000E+01  2.70000000E+01  3.82090000E-04  3.93730000E-04
  1.90000000E+01  1.90000000E+01  5.45730000E-04  3.61000000E-04
  1.90000000E+01  2.10000000E+01  8.26990000E-04  3.97400000E-04
  1.90000000E+01  2.20000000E+01  4.96192000E-04  3.97400000E-04
  1.90000000E+01  2.70000000E+01  4.59939000E-05  3.97730000E-04
  2.10000000E+01  2.10000000E+01  8.22572000E-05  4.33800000E-04
  2.10000000E+01  2.20000000E+01  1.87513000E-04  4.33800000E-04
  2.10000000E+01  2.70000000E+01  7.96044000E-06  4.34130000E-04
  2.20000000E+01  2.20000000E+01  3.80327000E-05  4.33800000E-04
  2.20000000E+01  2.70000000E+01  1.14985000E-05  4.34130000E-04
                                                                       1
 43000  0  7  99.        180717  2  0.0         1.0000E+50  0.0
92931 91  0.0         11.         0.0         0.0         0.0
  1.30000000E+01  3.09009000E-05  1.69000000E-04
  1.40000000E+01  3.03760000E-04  1.73000000E-04
  1.60000000E+01  1.78209000E-04  3.58000000E-04
  2.10000000E+01  1.48175000E-05  4.23400000E-04
  2.20000000E+01  1.22269000E-04  4.23400000E-04
                                                                       1
 43000  0  9  99.        180717  2  0.0         1.0000E+50  0.0
92932 91  0.0         11.         0.0         0.0         0.0
  1.30000000E+01  1.60000000E+01  3.16513000E-02  9.50000000E-05
  1.30000000E+01  1.80000000E+01  2.23194000E-02  1.20000000E-04
  1.30000000E+01  1.90000000E+01  1.60788000E-01  1.24000000E-04
  1.30000000E+01  2.10000000E+01  4.74010000E-03  1.60400000E-04
  1.30000000E+01  2.20000000E+01  3.43230000E-03  1.60400000E-04
  1.30000000E+01  2.70000000E+01  1.01936000E-03  1.60730000E-04
  1.40000000E+01  1.60000000E+01  1.51835000E-01  9.90000000E-05
  1.40000000E+01  1.80000000E+01  1.48042000E-01  1.24000000E-04
  1.40000000E+01  1.90000000E+01  3.35066000E-01  1.28000000E-04
  1.40000000E+01  2.10000000E+01  1.29672000E-02  1.64400000E-04
  1.40000000E+01  2.20000000E+01  2.84358000E-02  1.64400000E-04
  1.40000000E+01  2.70000000E+01  5.56499000E-03  1.64730000E-04
  1.60000000E+01  1.60000000E+01  8.64144000E-04  2.84000000E-04
  1.60000000E+01  1.80000000E+01  1.29697000E-03  3.09000000E-04
  1.60000000E+01  1.90000000E+01  1.96624000E-02  3.13000000E-04
  1.60000000E+01  2.10000000E+01  4.90943000E-04  3.49400000E-04
  1.60000000E+01  2.20000000E+01  6.02592000E-04  3.49400000E-04
  1.60000000E+01  2.70000000E+01  5.20017000E-05  3.49730000E-04
  1.80000000E+01  1.80000000E+01  2.17085000E-04  3.34000000E-04
  1.80000000E+01  1.90000000E+01  1.82895000E-02  3.38000000E-04
  1.80000000E+01  2.10000000E+01  2.49078000E-04  3.74400000E-04
  1.80000000E+01  2.20000000E+01  1.08260000E-03  3.74400000E-04
  1.80000000E+01  2.70000000E+01  3.47883000E-05  3.74730000E-04
  1.90000000E+01  1.90000000E+01  2.45335000E-02  3.42000000E-04
  1.90000000E+01  2.10000000E+01  1.06630000E-02  3.78400000E-04
  1.90000000E+01  2.20000000E+01  1.45451000E-02  3.78400000E-04
  1.90000000E+01  2.70000000E+01  5.84514000E-04  3.78730000E-04
  2.10000000E+01  2.10000000E+01  2.18774000E-05  4.14800000E-04
  2.10000000E+01  2.20000000E+01  1.54760000E-04  4.14800000E-04
  2.10000000E+01  2.70000000E+01  7.29268000E-06  4.15130000E-04
  2.20000000E+01  2.20000000E+01  1.27217000E-04  4.14800000E-04
  2.20000000E+01  2.70000000E+01  9.72275000E-06  4.15130000E-04
                                                                       1
 43000  0  7  99.        180717  2  0.0         1.0000E+50  0.0
92931 91  0.0         13.         0.0         0.0         0.0
  1.80000000E+01  1.65709000E-04  2.14000000E-04
  1.90000000E+01  2.91469000E-05  2.18000000E-04
                                                                       1
 43000  0  9  99.        180717  2  0.0         1.0000E+50  0.0
92932 91  0.0         13.         0.0         0.0         0.0
  1.60000000E+01  1.60000000E+01  1.02979000E-02  1.15000000E-04
  1.60000000E+01  1.80000000E+01  6.13361000E-02  1.40000000E-04
  1.60000000E+01  1.90000000E+01  6.90946000E-02  1.44000000E-04
  1.60000000E+01  2.10000000E+01  1.66620000E-01  1.80400000E-04
  1.60000000E+01  2.20000000E+01  3.26469000E-02  1.80400000E-04
  1.60000000E+01  2.70000000E+01  4.13505000E-04  1.80730000E-04
  1.80000000E+01  1.80000000E+01  2.55982000E-04  1.65000000E-04
  1.80000000E+01  1.90000000E+01  4.60744000E-02  1.69000000E-04
  1.80000000E+01  2.10000000E+01  1.14108000E-01  2.05400000E-04
  1.80000000E+01  2.20000000E+01  1.13218000E-02  2.05400000E-04
  1.80000000E+01  2.70000000E+01  6.89162000E-04  2.05730000E-04
  1.90000000E+01  1.90000000E+01  2.28207000E-02  1.73000000E-04
  1.90000000E+01  2.10000000E+01  2.55072000E-01  2.09400000E-04
  1.90000000E+01  2.20000000E+01  1.24830000E-02  2.09400000E-04
  1.90000000E+01  2.70000000E+01  1.06327000E-03  2.09730000E-04
  2.10000000E+01  2.10000000E+01  5.14508000E-02  2.45800000E-04
  2.10000000E+01  2.20000000E+01  1.36023000E-01  2.45800000E-04
  2.10000000E+01  2.70000000E+01  5.39512000E-03  2.46130000E-04
  2.20000000E+01  2.20000000E+01  2.04787000E-03  2.45800000E-04
  2.20000000E+01  2.70000000E+01  5.90725000E-04  2.46130000E-04
                                                                       1
 43000  0  7  99.        180717  2  0.0         1.0000E+50  0.0
92931 91  0.0         14.         0.0         0.0         0.0
  1.90000000E+01  1.70388000E-04  2.14000000E-04
                                                                       1
 43000  0  9  99.        180717  2  0.0         1.0000E+50  0.0
92932 91  0.0         14.         0.0         0.0         0.0
  1.60000000E+01  1.60000000E+01  1.21169000E-02  1.11000000E-04
  1.60000000E+01  1.80000000E+01  4.06844000E-02  1.36000000E-04
  1.60000000E+01  1.90000000E+01  9.85304000E-02  1.40000000E-04
  1.60000000E+01  2.10000000E+01  2.31796000E-02  1.76400000E-04
  1.60000000E+01  2.20000000E+01  1.73617000E-01  1.76400000E-04
  1.60000000E+01  2.70000000E+01  4.98488000E-04  1.76730000E-04
  1.80000000E+01  1.80000000E+01  6.51861000E-04  1.61000000E-04
  1.80000000E+01  1.90000000E+01  4.84296000E-02  1.65000000E-04
  1.80000000E+01  2.10000000E+01  3.37433000E-03  2.01400000E-04
  1.80000000E+01  2.20000000E+01  1.35820000E-01  2.01400000E-04
  1.80000000E+01  2.70000000E+01  6.51861000E-04  2.01730000E-04
  1.90000000E+01  1.90000000E+01  2.62852000E-02  1.69000000E-04
  1.90000000E+01  2.10000000E+01  1.37281000E-02  2.05400000E-04
  1.90000000E+01  2.20000000E+01  2.30747000E-01  2.05400000E-04
  1.90000000E+01  2.70000000E+01  1.22710000E-03  2.05730000E-04
  2.10000000E+01  2.10000000E+01  7.66864000E-04  2.41800000E-04
  2.10000000E+01  2.20000000E+01  9.19334000E-02  2.41800000E-04
  2.10000000E+01  2.70000000E+01  4.21787000E-04  2.42130000E-04
  2.20000000E+01  2.20000000E+01  9.17212000E-02  2.41800000E-04
  2.20000000E+01  2.70000000E+01  5.44483000E-03  2.42130000E-04
                                                                       1
 43000  0  7  99.        180717  2  0.0         1.0000E+50  0.0
92931 91  0.0         16.         0.0         0.0         0.0
  1.80000000E+01  2.75862000E-06  2.50000000E-05
  1.90000000E+01  7.81247000E-06  2.90000000E-05
                                                                       1
 43000  0  9  99.        180717  2  0.0         1.0000E+50  0.0
92932 91  0.0         16.         0.0         0.0         0.0
  1.80000000E+01  2.10000000E+01  6.87044000E-02  1.64000000E-05
  1.80000000E+01  2.20000000E+01  2.27486000E-01  1.64000000E-05
  1.80000000E+01  2.70000000E+01  8.17189000E-03  1.67300000E-05
  1.90000000E+01  2.10000000E+01  3.21726000E-01  2.04000000E-05
  1.90000000E+01  2.20000000E+01  3.34828000E-01  2.04000000E-05
  1.90000000E+01  2.70000000E+01  1.39214000E-02  2.07300000E-05
  2.10000000E+01  2.10000000E+01  3.26069000E-04  5.68000000E-05
  2.10000000E+01  2.20000000E+01  1.51761000E-02  5.68000000E-05
  2.10000000E+01  2.70000000E+01  1.82198000E-03  5.71300000E-05
  2.20000000E+01  2.20000000E+01  4.58873000E-03  5.68000000E-05
  2.20000000E+01  2.70000000E+01  3.23823000E-03  5.71300000E-05
                                                                       1
 43000  0  7  99.        180717  2  0.0         1.0000E+50  0.0
92931 91  0.0         18.         0.0         0.0         0.0
  2.10000000E+01  3.32552000E-06  4.04000000E-05
  2.70000000E+01  1.53671000E-07  4.07300000E-05
                                                                       1
 43000  0  9  99.        180717  2  0.0         1.0000E+50  0.0
92932 91  0.0         18.         0.0         0.0         0.0
  2.10000000E+01  2.10000000E+01  1.30841000E-01  3.18000000E-05
  2.10000000E+01  2.20000000E+01  8.25887000E-01  3.18000000E-05
  2.10000000E+01  2.70000000E+01  1.56362000E-02  3.21300000E-05
  2.20000000E+01  2.20000000E+01  2.55044000E-02  3.18000000E-05
  2.20000000E+01  2.70000000E+01  2.12774000E-03  3.21300000E-05
                                                                       1
 43000  0  7  99.        180717  2  0.0         1.0000E+50  0.0
92931 91  0.0         19.         0.0         0.0         0.0
  2.10000000E+01  8.51739000E-08  3.64000000E-05
  2.20000000E+01  7.81629000E-07  3.64000000E-05
  2.70000000E+01  4.21030000E-08  3.67300000E-05
                                                                       1
 43000  0  9  99.        180717  2  0.0         1.0000E+50  0.0
92932 91  0.0         19.         0.0         0.0         0.0
  2.10000000E+01  2.10000000E+01  1.95148000E-02  2.78000000E-05
  2.10000000E+01  2.20000000E+01  6.06641000E-01  2.78000000E-05
  2.10000000E+01  2.70000000E+01  3.80347000E-03  2.81300000E-05
  2.20000000E+01  2.20000000E+01  3.52752000E-01  2.78000000E-05
  2.20000000E+01  2.70000000E+01  1.72873000E-02  2.81300000E-05
                                                                       1
