 47000  0  0  107.87     180717  2  0.0         1.0000E+50  0.0
91912  0  0.0         0.0         0.0         0.0         0.0
 1.000000000E+00 2.000000000E+00
 3.000000000E+00 2.000000000E+00
 5.000000000E+00 2.000000000E+00
 6.000000000E+00 4.000000000E+00
 8.000000000E+00 2.000000000E+00
 1.000000000E+01 2.000000000E+00
 1.100000000E+01 4.000000000E+00
 1.300000000E+01 4.000000000E+00
 1.400000000E+01 6.000000000E+00
 1.600000000E+01 2.000000000E+00
 1.800000000E+01 2.000000000E+00
 1.900000000E+01 4.000000000E+00
 2.100000000E+01 4.000000000E+00
 2.200000000E+01 6.000000000E+00
 2.700000000E+01 1.000000000E+00
                                                                       1
 47000  0  0  107.87     180717  2  0.0         1.0000E+50  0.0
91913  0  0.0         0.0         0.0         0.0         0.0
 1.000000000E+00 2.552000000E-02
 3.000000000E+00 3.812000000E-03
 5.000000000E+00 3.530000000E-03
 6.000000000E+00 3.357000000E-03
 8.000000000E+00 7.240000000E-04
 1.000000000E+01 6.080000000E-04
 1.100000000E+01 5.770000000E-04
 1.300000000E+01 3.790000000E-04
 1.400000000E+01 3.730000000E-04
 1.600000000E+01 1.010000000E-04
 1.800000000E+01 6.900000000E-05
 1.900000000E+01 6.300000000E-05
 2.100000000E+01 1.100000000E-05
 2.200000000E+01 1.000000000E-05
 2.700000000E+01 7.580000000E-06
                                                                       1
 47000  0  0  107.87     180717  2  0.0         1.0000E+50  0.0
91914  0  0.0         0.0         0.0         0.0         0.0
 1.000000000E+00 3.237232375E-02
 3.000000000E+00 6.939262674E-03
 5.000000000E+00 6.897012273E-03
 6.000000000E+00 6.258650507E-03
 8.000000000E+00 1.978398409E-03
 1.000000000E+01 1.884912444E-03
 1.100000000E+01 1.746132130E-03
 1.300000000E+01 1.585112405E-03
 1.400000000E+01 1.553118311E-03
 1.600000000E+01 4.823965161E-04
 1.800000000E+01 4.265170297E-04
 1.900000000E+01 3.890254989E-04
 2.100000000E+01 2.081619888E-04
 2.200000000E+01 1.929089376E-04
 2.700000000E+01 4.360975327E-05
                                                                       1
 47000  0  0  107.87     180717  2  0.0         1.0000E+50  0.0
91915  0  0.0         0.0         0.0         0.0         0.0
 1.000000000E+00 1.643100000E-10
 3.000000000E+00 7.089900000E-10
 5.000000000E+00 6.004800000E-10
 6.000000000E+00 6.271200000E-10
 8.000000000E+00 1.933500000E-09
 1.000000000E+01 1.885200000E-09
 1.100000000E+01 1.942000000E-09
 1.300000000E+01 1.791800000E-09
 1.400000000E+01 1.809500000E-09
 1.600000000E+01 4.765200000E-09
 1.800000000E+01 5.093400000E-09
 1.900000000E+01 5.255600000E-09
 2.100000000E+01 6.977900000E-09
 2.200000000E+01 7.086000000E-09
 2.700000000E+01 1.685600000E-08
                                                                       1
 47000  0  0  107.87     180717  2  0.0         1.0000E+50  0.0
91921  0  0.0         0.0         0.0         0.0         0.0
 1.000000000E+00 5.421800000E-06
 3.000000000E+00 7.603900000E-08
 5.000000000E+00 1.252500000E-07
 6.000000000E+00 1.196100000E-07
 8.000000000E+00 1.333900000E-09
 1.000000000E+01 1.309700000E-09
 1.100000000E+01 1.224500000E-09
 1.300000000E+01 1.001800000E-10
 1.400000000E+01 8.899100000E-11
 1.600000000E+01 3.036400000E-11
 1.800000000E+01 8.349500000E-11
 1.900000000E+01 6.886500000E-11
                                                                       1
 47000  0  0  107.87     180717  2  0.0         1.0000E+50  0.0
91922  0  0.0         0.0         0.0         0.0         0.0
 1.000000000E+00 1.134400000E-06
 3.000000000E+00 5.324100000E-06
 5.000000000E+00 2.179300000E-06
 6.000000000E+00 2.002100000E-06
 8.000000000E+00 1.112300000E-05
 1.000000000E+01 3.642200000E-06
 1.100000000E+01 3.873800000E-06
 1.300000000E+01 3.017500000E-07
 1.400000000E+01 3.052800000E-07
 1.600000000E+01 2.392700000E-05
 1.800000000E+01 1.375800000E-05
 1.900000000E+01 1.470500000E-05
                                                                       1
 47000  0  0  107.87     180717  2  0.0         1.0000E+50  0.0
92935  0  0.0         0.0         0.0         0.0         0.0
 1.000000000E+00 9.215654565E-05
 3.000000000E+00 1.089715727E-04
 5.000000000E+00 8.472330178E-05
 6.000000000E+00 8.084618006E-05
 8.000000000E+00 7.673937084E-05
 1.000000000E+01 6.036632933E-05
 1.100000000E+01 5.873052750E-05
 1.300000000E+01 3.474521267E-05
 1.400000000E+01 3.454016651E-05
 1.600000000E+01 3.546371322E-05
 1.800000000E+01 2.459046631E-05
 1.900000000E+01 2.401902439E-05
 2.100000000E+01 1.100000000E-05
 2.200000000E+01 1.000000000E-05
 2.700000000E+01 7.580000000E-06
                                                                       1
 47000  0  7  107.87     180717  2  0.0         1.0000E+50  0.0
92933  0  0.0         0.0         0.0         0.0         0.0
 1.000000000E+00 8.920950000E-01
 3.000000000E+00 6.062880000E-02
 5.000000000E+00 6.553750000E-02
 6.000000000E+00 5.864500000E-02
 8.000000000E+00 1.574170000E-03
 1.000000000E+01 1.666810000E-03
 1.100000000E+01 1.555380000E-03
 1.300000000E+01 5.918550000E-04
 1.400000000E+01 5.303670000E-04
 1.600000000E+01 3.280270000E-05
 1.800000000E+01 1.863810000E-05
 1.900000000E+01 5.126820000E-06
                                                                       1
 47000  0  7  107.87     180717  2  0.0         1.0000E+50  0.0
92934  0  0.0         0.0         0.0         0.0         0.0
 1.000000000E+00 1.898896653E-02
 3.000000000E+00 1.813395221E-04
 5.000000000E+00 2.005079221E-04
 6.000000000E+00 1.701938875E-04
 8.000000000E+00 6.621699062E-07
 1.000000000E+01 6.452687316E-07
 1.100000000E+01 6.083238140E-07
 1.300000000E+01 1.816437087E-07
 1.400000000E+01 1.615455026E-07
 1.600000000E+01 1.350423974E-09
 1.800000000E+01 1.053881450E-09
 1.900000000E+01 2.627291574E-10
                                                                       1
 47000  0  9  107.87     180717  2  0.0         1.0000E+50  0.0
92933  0  0.0         0.0         0.0         0.0         0.0
 1.000000000E+00 6.620600000E+00
 3.000000000E+00 7.959900000E+00
 5.000000000E+00 5.998070000E+00
 6.000000000E+00 5.685360000E+00
 8.000000000E+00 5.178940000E+00
 1.000000000E+01 3.920670000E+00
 1.100000000E+01 3.799360000E+00
 1.300000000E+01 1.882220000E+00
 1.400000000E+01 1.901580000E+00
 1.600000000E+01 1.957570000E+00
 1.800000000E+01 9.999810000E-01
 1.900000000E+01 9.999950000E-01
                                                                       1
 47000  0  9  107.87     180717  2  0.0         1.0000E+50  0.0
92934  0  0.0         0.0         0.0         0.0         0.0
 1.000000000E+00 6.438891538E-03
 3.000000000E+00 3.521691928E-03
 5.000000000E+00 3.244766475E-03
 6.000000000E+00 3.105956525E-03
 8.000000000E+00 6.465984541E-04
 1.000000000E+01 5.469882804E-04
 1.100000000E+01 5.176609396E-04
 1.300000000E+01 3.440727042E-04
 1.400000000E+01 3.382982711E-04
 1.600000000E+01 6.553499459E-05
 1.800000000E+01 4.440852507E-05
 1.900000000E+01 3.898077605E-05
                                                                       1
 47000  0  7  107.87     180717  2  0.0         1.0000E+50  0.0
92931 91  0.0         1.          0.0         0.0         0.0
  5.00000000E+00  2.40010000E-01  2.19900000E-02
  6.00000000E+00  4.52271000E-01  2.21630000E-02
  1.00000000E+01  3.94350000E-02  2.49120000E-02
  1.10000000E+01  7.66271000E-02  2.49430000E-02
  1.30000000E+01  2.66540000E-04  2.51410000E-02
  1.40000000E+01  3.71920000E-04  2.51470000E-02
  1.80000000E+01  8.01611000E-03  2.54510000E-02
  1.90000000E+01  1.55010000E-02  2.54570000E-02
  2.10000000E+01  3.00340000E-05  2.55090000E-02
  2.20000000E+01  4.13960000E-05  2.55100000E-02
                                                                       1
 47000  0  9  107.87     180717  2  0.0         1.0000E+50  0.0
92932 91  0.0         1.          0.0         0.0         0.0
  3.00000000E+00  3.00000000E+00  1.24287000E-02  1.78960000E-02
  3.00000000E+00  5.00000000E+00  1.43406000E-02  1.81780000E-02
  3.00000000E+00  6.00000000E+00  1.98916000E-02  1.83510000E-02
  3.00000000E+00  8.00000000E+00  4.21957000E-03  2.09840000E-02
  3.00000000E+00  1.00000000E+01  2.57543000E-03  2.11000000E-02
  3.00000000E+00  1.10000000E+01  3.57864000E-03  2.11310000E-02
  3.00000000E+00  1.30000000E+01  2.17263000E-04  2.13290000E-02
  3.00000000E+00  1.40000000E+01  2.53808000E-04  2.13350000E-02
  3.00000000E+00  1.60000000E+01  8.09640000E-04  2.16070000E-02
  3.00000000E+00  1.80000000E+01  4.45778000E-04  2.16390000E-02
  3.00000000E+00  1.90000000E+01  6.12048000E-04  2.16450000E-02
  3.00000000E+00  2.10000000E+01  2.53005000E-05  2.16970000E-02
  3.00000000E+00  2.20000000E+01  2.93170000E-05  2.16980000E-02
  3.00000000E+00  2.70000000E+01  3.53413000E-05  2.17004200E-02
  5.00000000E+00  5.00000000E+00  2.03503000E-03  1.84600000E-02
  5.00000000E+00  6.00000000E+00  4.43833000E-02  1.86330000E-02
  5.00000000E+00  8.00000000E+00  2.01606000E-03  2.12660000E-02
  5.00000000E+00  1.00000000E+01  6.60224000E-04  2.13820000E-02
  5.00000000E+00  1.10000000E+01  6.69116000E-03  2.14130000E-02
  5.00000000E+00  1.30000000E+01  2.73082000E-04  2.16110000E-02
  5.00000000E+00  1.40000000E+01  9.46165000E-04  2.16170000E-02
  5.00000000E+00  1.60000000E+01  3.73102000E-04  2.18890000E-02
  5.00000000E+00  1.80000000E+01  1.12453000E-04  2.19210000E-02
  5.00000000E+00  1.90000000E+01  1.11127000E-03  2.19270000E-02
  5.00000000E+00  2.10000000E+01  3.17262000E-05  2.19790000E-02
  5.00000000E+00  2.20000000E+01  1.08438000E-04  2.19800000E-02
  5.00000000E+00  2.70000000E+01  1.60639000E-05  2.19824200E-02
  6.00000000E+00  6.00000000E+00  2.29225000E-02  1.88060000E-02
  6.00000000E+00  8.00000000E+00  2.77353000E-03  2.14390000E-02
  6.00000000E+00  1.00000000E+01  6.58675000E-03  2.15550000E-02
  6.00000000E+00  1.10000000E+01  7.07956000E-03  2.15860000E-02
  6.00000000E+00  1.30000000E+01  1.14177000E-03  2.17840000E-02
  6.00000000E+00  1.40000000E+01  1.07065000E-03  2.17900000E-02
  6.00000000E+00  1.60000000E+01  5.12452000E-04  2.20620000E-02
  6.00000000E+00  1.80000000E+01  1.10481000E-03  2.20940000E-02
  6.00000000E+00  1.90000000E+01  1.18154000E-03  2.21000000E-02
  6.00000000E+00  2.10000000E+01  1.32532000E-04  2.21520000E-02
  6.00000000E+00  2.20000000E+01  1.22895000E-04  2.21530000E-02
  6.00000000E+00  2.70000000E+01  2.20884000E-05  2.21554200E-02
  8.00000000E+00  8.00000000E+00  3.53001000E-04  2.40720000E-02
  8.00000000E+00  1.00000000E+01  3.65463000E-04  2.41880000E-02
  8.00000000E+00  1.10000000E+01  5.02811000E-04  2.42190000E-02
  8.00000000E+00  1.30000000E+01  2.85144000E-05  2.44170000E-02
  8.00000000E+00  1.40000000E+01  3.25300000E-05  2.44230000E-02
  8.00000000E+00  1.60000000E+01  1.34938000E-04  2.46950000E-02
  8.00000000E+00  1.80000000E+01  6.34518000E-05  2.47270000E-02
  8.00000000E+00  1.90000000E+01  8.59411000E-05  2.47330000E-02
  8.00000000E+00  2.10000000E+01  3.21273000E-06  2.47850000E-02
  8.00000000E+00  2.20000000E+01  3.61439000E-06  2.47860000E-02
  8.00000000E+00  2.70000000E+01  6.02394000E-06  2.47884200E-02
  1.00000000E+01  1.00000000E+01  5.14049000E-05  2.43040000E-02
  1.00000000E+01  1.10000000E+01  1.00764000E-03  2.43350000E-02
  1.00000000E+01  1.30000000E+01  3.17261000E-05  2.45330000E-02
  1.00000000E+01  1.40000000E+01  1.10846000E-04  2.45390000E-02
  1.00000000E+01  1.60000000E+01  6.78713000E-05  2.48110000E-02
  1.00000000E+01  1.80000000E+01  1.72694000E-05  2.48430000E-02
  1.00000000E+01  1.90000000E+01  1.67469000E-04  2.48490000E-02
  1.00000000E+01  2.10000000E+01  3.61442000E-06  2.49010000E-02
  1.00000000E+01  2.20000000E+01  1.28514000E-05  2.49020000E-02
  1.00000000E+01  2.70000000E+01  2.81112000E-06  2.49044200E-02
  1.10000000E+01  1.10000000E+01  5.48157000E-04  2.43660000E-02
  1.10000000E+01  1.30000000E+01  1.40147000E-04  2.45640000E-02
  1.10000000E+01  1.40000000E+01  1.28102000E-04  2.45700000E-02
  1.10000000E+01  1.60000000E+01  9.31669000E-05  2.48420000E-02
  1.10000000E+01  1.80000000E+01  1.69473000E-04  2.48740000E-02
  1.10000000E+01  1.90000000E+01  1.83116000E-04  2.48800000E-02
  1.10000000E+01  2.10000000E+01  1.64645000E-05  2.49320000E-02
  1.10000000E+01  2.20000000E+01  1.48585000E-05  2.49330000E-02
  1.10000000E+01  2.70000000E+01  4.01585000E-06  2.49354200E-02
  1.30000000E+01  1.40000000E+01  1.60641000E-05  2.47680000E-02
  1.30000000E+01  1.60000000E+01  5.22099000E-06  2.50400000E-02
  1.30000000E+01  1.80000000E+01  5.22099000E-06  2.50720000E-02
  1.30000000E+01  1.90000000E+01  2.24899000E-05  2.50780000E-02
  1.30000000E+01  2.20000000E+01  1.60641000E-06  2.51310000E-02
  1.30000000E+01  2.70000000E+01  4.01613000E-07  2.51334200E-02
  1.40000000E+01  1.40000000E+01  4.17417000E-06  2.47740000E-02
  1.40000000E+01  1.60000000E+01  6.26116000E-06  2.50460000E-02
  1.40000000E+01  1.80000000E+01  1.83667000E-05  2.50780000E-02
  1.40000000E+01  1.90000000E+01  2.12872000E-05  2.50840000E-02
  1.40000000E+01  2.10000000E+01  1.66963000E-06  2.51360000E-02
  1.40000000E+01  2.20000000E+01  8.34824000E-07  2.51370000E-02
  1.40000000E+01  2.70000000E+01  4.17417000E-07  2.51394200E-02
  1.60000000E+01  1.60000000E+01  1.38173000E-05  2.53180000E-02
  1.60000000E+01  1.80000000E+01  1.25221000E-05  2.53500000E-02
  1.60000000E+01  1.90000000E+01  1.72711000E-05  2.53560000E-02
  1.60000000E+01  2.10000000E+01  8.63567000E-07  2.54080000E-02
  1.60000000E+01  2.20000000E+01  8.63567000E-07  2.54090000E-02
  1.60000000E+01  2.70000000E+01  1.29539000E-06  2.54114200E-02
  1.80000000E+01  1.80000000E+01  1.64374000E-06  2.53820000E-02
  1.80000000E+01  1.90000000E+01  2.87649000E-05  2.53880000E-02
  1.80000000E+01  2.10000000E+01  4.10944000E-07  2.54400000E-02
  1.80000000E+01  2.20000000E+01  2.05452000E-06  2.54410000E-02
  1.80000000E+01  2.70000000E+01  4.10944000E-07  2.54434200E-02
  1.90000000E+01  1.90000000E+01  1.64699000E-05  2.53940000E-02
  1.90000000E+01  2.10000000E+01  3.03387000E-06  2.54460000E-02
  1.90000000E+01  2.20000000E+01  2.60039000E-06  2.54470000E-02
  1.90000000E+01  2.70000000E+01  8.66846000E-07  2.54494200E-02
  2.10000000E+01  2.20000000E+01  4.01610000E-07  2.54990000E-02
                                                                       1
 47000  0  7  107.87     180717  2  0.0         1.0000E+50  0.0
92931 91  0.0         3.          0.0         0.0         0.0
  5.00000000E+00  1.68020000E-05  2.82000000E-04
  6.00000000E+00  1.43670000E-04  4.55000000E-04
  1.00000000E+01  4.63860000E-03  3.20400000E-03
  1.10000000E+01  7.71881000E-03  3.23500000E-03
  1.30000000E+01  5.12670000E-05  3.43300000E-03
  1.40000000E+01  7.64721000E-05  3.43900000E-03
  1.80000000E+01  8.29451000E-04  3.74300000E-03
  1.90000000E+01  1.39380000E-03  3.74900000E-03
  2.10000000E+01  4.09120000E-06  3.80100000E-03
  2.20000000E+01  6.10301000E-06  3.80200000E-03
                                                                       1
 47000  0  9  107.87     180717  2  0.0         1.0000E+50  0.0
92932 91  0.0         3.          0.0         0.0         0.0
  5.00000000E+00  1.60000000E+01  2.96700000E-02  1.81000000E-04
  5.00000000E+00  1.80000000E+01  2.00846000E-02  2.13000000E-04
  5.00000000E+00  1.90000000E+01  2.67853000E-02  2.19000000E-04
  5.00000000E+00  2.10000000E+01  5.41292000E-03  2.71000000E-04
  5.00000000E+00  2.20000000E+01  8.90858000E-03  2.72000000E-04
  5.00000000E+00  2.70000000E+01  1.24959000E-03  2.74420000E-04
  6.00000000E+00  1.30000000E+01  1.57803000E-01  7.60000000E-05
  6.00000000E+00  1.40000000E+01  3.55506000E-01  8.20000000E-05
  6.00000000E+00  1.60000000E+01  4.25130000E-02  3.54000000E-04
  6.00000000E+00  1.80000000E+01  1.84771000E-02  3.86000000E-04
  6.00000000E+00  1.90000000E+01  3.61112000E-02  3.92000000E-04
  6.00000000E+00  2.10000000E+01  2.27109000E-02  4.44000000E-04
  6.00000000E+00  2.20000000E+01  2.95294000E-02  4.45000000E-04
  6.00000000E+00  2.70000000E+01  1.79036000E-03  4.47420000E-04
  8.00000000E+00  8.00000000E+00  7.50775000E-03  2.36400000E-03
  8.00000000E+00  1.00000000E+01  1.48024000E-02  2.48000000E-03
  8.00000000E+00  1.10000000E+01  2.78844000E-02  2.51100000E-03
  8.00000000E+00  1.30000000E+01  2.21083000E-02  2.70900000E-03
  8.00000000E+00  1.40000000E+01  3.16912000E-02  2.71500000E-03
  8.00000000E+00  1.60000000E+01  2.47961000E-03  2.98700000E-03
  8.00000000E+00  1.80000000E+01  2.51377000E-03  3.01900000E-03
  8.00000000E+00  1.90000000E+01  4.67524000E-03  3.02500000E-03
  8.00000000E+00  2.10000000E+01  2.27058000E-03  3.07700000E-03
  8.00000000E+00  2.20000000E+01  3.21109000E-03  3.07800000E-03
  8.00000000E+00  2.70000000E+01  1.05730000E-04  3.08042000E-03
  1.00000000E+01  1.00000000E+01  1.03716000E-04  2.59600000E-03
  1.00000000E+01  1.10000000E+01  6.32378000E-04  2.62700000E-03
  1.00000000E+01  1.30000000E+01  5.40233000E-04  2.82500000E-03
  1.00000000E+01  1.40000000E+01  7.85035000E-03  2.83100000E-03
  1.00000000E+01  1.60000000E+01  1.99219000E-03  3.10300000E-03
  1.00000000E+01  1.80000000E+01  2.01387000E-05  3.13500000E-03
  1.00000000E+01  1.90000000E+01  1.00698000E-04  3.14100000E-03
  1.00000000E+01  2.10000000E+01  5.63904000E-05  3.19300000E-03
  1.00000000E+01  2.20000000E+01  5.56850000E-04  3.19400000E-03
  1.00000000E+01  2.70000000E+01  8.20666000E-05  3.19642000E-03
  1.10000000E+01  1.10000000E+01  6.59578000E-04  2.65800000E-03
  1.10000000E+01  1.30000000E+01  6.23076000E-03  2.85600000E-03
  1.10000000E+01  1.40000000E+01  4.31336000E-03  2.86200000E-03
  1.10000000E+01  1.60000000E+01  3.75399000E-03  3.13400000E-03
  1.10000000E+01  1.80000000E+01  1.00701000E-04  3.16600000E-03
  1.10000000E+01  1.90000000E+01  1.73714000E-04  3.17200000E-03
  1.10000000E+01  2.10000000E+01  4.07844000E-04  3.22400000E-03
  1.10000000E+01  2.20000000E+01  2.89506000E-04  3.22500000E-03
  1.10000000E+01  2.70000000E+01  1.54570000E-04  3.22742000E-03
  1.30000000E+01  1.30000000E+01  1.17964000E-03  3.05400000E-03
  1.30000000E+01  1.40000000E+01  4.51465000E-02  3.06000000E-03
  1.30000000E+01  1.60000000E+01  2.83821000E-03  3.33200000E-03
  1.30000000E+01  1.80000000E+01  1.20333000E-04  3.36400000E-03
  1.30000000E+01  1.90000000E+01  1.03766000E-03  3.37000000E-03
  1.30000000E+01  2.10000000E+01  2.41675000E-04  3.42200000E-03
  1.30000000E+01  2.20000000E+01  3.51077000E-03  3.42300000E-03
  1.30000000E+01  2.70000000E+01  1.16306000E-04  3.42542000E-03
  1.40000000E+01  1.40000000E+01  1.27085000E-02  3.06600000E-03
  1.40000000E+01  1.60000000E+01  4.08464000E-03  3.33800000E-03
  1.40000000E+01  1.80000000E+01  1.23098000E-03  3.37000000E-03
  1.40000000E+01  1.90000000E+01  7.51693000E-04  3.37600000E-03
  1.40000000E+01  2.10000000E+01  3.52131000E-03  3.42800000E-03
  1.40000000E+01  2.20000000E+01  2.05221000E-03  3.42900000E-03
  1.40000000E+01  2.70000000E+01  1.67652000E-04  3.43142000E-03
  1.60000000E+01  1.60000000E+01  1.95363000E-04  3.61000000E-03
  1.60000000E+01  1.80000000E+01  3.38860000E-04  3.64200000E-03
  1.60000000E+01  1.90000000E+01  6.29876000E-04  3.64800000E-03
  1.60000000E+01  2.10000000E+01  2.90528000E-04  3.70000000E-03
  1.60000000E+01  2.20000000E+01  4.12360000E-04  3.70100000E-03
  1.60000000E+01  2.70000000E+01  1.66146000E-05  3.70342000E-03
  1.80000000E+01  1.80000000E+01  1.00697000E-06  3.67400000E-03
  1.80000000E+01  1.90000000E+01  1.61117000E-05  3.68000000E-03
  1.80000000E+01  2.10000000E+01  1.10768000E-05  3.73200000E-03
  1.80000000E+01  2.20000000E+01  8.96183000E-05  3.73300000E-03
  1.80000000E+01  2.70000000E+01  1.40964000E-05  3.73542000E-03
  1.90000000E+01  1.90000000E+01  1.15795000E-05  3.68600000E-03
  1.90000000E+01  2.10000000E+01  7.09902000E-05  3.73800000E-03
  1.90000000E+01  2.20000000E+01  5.18587000E-05  3.73900000E-03
  1.90000000E+01  2.70000000E+01  2.61817000E-05  3.74142000E-03
  2.10000000E+01  2.10000000E+01  1.20830000E-05  3.79000000E-03
  2.10000000E+01  2.20000000E+01  2.87994000E-04  3.79100000E-03
  2.10000000E+01  2.70000000E+01  1.20830000E-05  3.79342000E-03
  2.20000000E+01  2.20000000E+01  8.66014000E-05  3.79200000E-03
  2.20000000E+01  2.70000000E+01  1.71187000E-05  3.79442000E-03
                                                                       1
 47000  0  7  107.87     180717  2  0.0         1.0000E+50  0.0
92931 91  0.0         5.          0.0         0.0         0.0
  6.00000000E+00  1.54060000E-08  1.73000000E-04
  8.00000000E+00  3.43680000E-03  2.80600000E-03
  1.10000000E+01  4.07270000E-05  2.95300000E-03
  1.30000000E+01  4.65050000E-02  3.15100000E-03
  1.60000000E+01  3.62160000E-04  3.42900000E-03
  1.90000000E+01  2.68350000E-06  3.46700000E-03
  2.10000000E+01  4.34690000E-03  3.51900000E-03
  2.70000000E+01  8.58879000E-06  3.52242000E-03
                                                                       1
 47000  0  9  107.87     180717  2  0.0         1.0000E+50  0.0
92932 91  0.0         5.          0.0         0.0         0.0
  6.00000000E+00  1.60000000E+01  1.40207000E-02  7.20000000E-05
  6.00000000E+00  1.80000000E+01  5.25703000E-02  1.04000000E-04
  6.00000000E+00  1.90000000E+01  1.89685000E-02  1.10000000E-04
  6.00000000E+00  2.10000000E+01  5.38634000E-02  1.62000000E-04
  6.00000000E+00  2.20000000E+01  2.03836000E-02  1.63000000E-04
  6.00000000E+00  2.70000000E+01  5.53415000E-04  1.65420000E-04
  8.00000000E+00  8.00000000E+00  1.24136000E-03  2.08200000E-03
  8.00000000E+00  1.00000000E+01  2.80792000E-02  2.19800000E-03
  8.00000000E+00  1.10000000E+01  2.70218000E-03  2.22900000E-03
  8.00000000E+00  1.30000000E+01  1.77590000E-03  2.42700000E-03
  8.00000000E+00  1.40000000E+01  4.06256000E-03  2.43300000E-03
  8.00000000E+00  1.60000000E+01  3.84671000E-04  2.70500000E-03
  8.00000000E+00  1.80000000E+01  3.38062000E-03  2.73700000E-03
  8.00000000E+00  1.90000000E+01  4.04727000E-04  2.74300000E-03
  8.00000000E+00  2.10000000E+01  1.35699000E-04  2.79500000E-03
  8.00000000E+00  2.20000000E+01  2.72566000E-04  2.79600000E-03
  8.00000000E+00  2.70000000E+01  1.65199000E-05  2.79842000E-03
  1.00000000E+01  1.00000000E+01  2.72170000E-02  2.31400000E-03
  1.00000000E+01  1.10000000E+01  8.77100000E-02  2.34500000E-03
  1.00000000E+01  1.30000000E+01  4.68534000E-02  2.54300000E-03
  1.00000000E+01  1.40000000E+01  8.22458000E-02  2.54900000E-03
  1.00000000E+01  1.60000000E+01  5.49018000E-03  2.82100000E-03
  1.00000000E+01  1.80000000E+01  8.01433000E-03  2.85300000E-03
  1.00000000E+01  1.90000000E+01  1.44490000E-02  2.85900000E-03
  1.00000000E+01  2.10000000E+01  4.79637000E-03  2.91100000E-03
  1.00000000E+01  2.20000000E+01  8.33520000E-03  2.91200000E-03
  1.00000000E+01  2.70000000E+01  2.38344000E-04  2.91442000E-03
  1.10000000E+01  1.10000000E+01  2.34330000E-03  2.37600000E-03
  1.10000000E+01  1.30000000E+01  5.74909000E-02  2.57400000E-03
  1.10000000E+01  1.40000000E+01  7.76771000E-03  2.58000000E-03
  1.10000000E+01  1.60000000E+01  4.56659000E-04  2.85200000E-03
  1.10000000E+01  1.80000000E+01  1.09376000E-02  2.88400000E-03
  1.10000000E+01  1.90000000E+01  6.56053000E-04  2.89000000E-03
  1.10000000E+01  2.10000000E+01  5.16808000E-03  2.94200000E-03
  1.10000000E+01  2.20000000E+01  6.46589000E-04  2.94300000E-03
  1.10000000E+01  2.70000000E+01  2.00593000E-05  2.94542000E-03
  1.30000000E+01  1.30000000E+01  5.17162000E-02  2.77200000E-03
  1.30000000E+01  1.40000000E+01  2.24889000E-01  2.77800000E-03
  1.30000000E+01  1.60000000E+01  3.57530000E-04  3.05000000E-03
  1.30000000E+01  1.80000000E+01  5.85017000E-03  3.08200000E-03
  1.30000000E+01  1.90000000E+01  8.99016000E-03  3.08800000E-03
  1.30000000E+01  2.10000000E+01  9.26857000E-03  3.14000000E-03
  1.30000000E+01  2.20000000E+01  2.11728000E-02  3.14100000E-03
  1.30000000E+01  2.70000000E+01  1.53398000E-05  3.14342000E-03
  1.40000000E+01  1.40000000E+01  1.06886000E-02  2.78400000E-03
  1.40000000E+01  1.60000000E+01  6.80849000E-04  3.05600000E-03
  1.40000000E+01  1.80000000E+01  9.25059000E-03  3.08800000E-03
  1.40000000E+01  1.90000000E+01  1.11623000E-03  3.09400000E-03
  1.40000000E+01  2.10000000E+01  1.75588000E-02  3.14600000E-03
  1.40000000E+01  2.20000000E+01  1.85132000E-03  3.14700000E-03
  1.40000000E+01  2.70000000E+01  2.94986000E-05  3.14942000E-03
  1.60000000E+01  1.60000000E+01  3.86750000E-05  3.32800000E-03
  1.60000000E+01  1.80000000E+01  8.69393000E-04  3.36000000E-03
  1.60000000E+01  1.90000000E+01  8.97247000E-05  3.36600000E-03
  1.60000000E+01  2.10000000E+01  3.40343000E-05  3.41800000E-03
  1.60000000E+01  2.20000000E+01  6.18782000E-05  3.41900000E-03
  1.60000000E+01  2.70000000E+01  3.09398000E-06  3.42142000E-03
  1.80000000E+01  1.80000000E+01  5.72870000E-04  3.39200000E-03
  1.80000000E+01  1.90000000E+01  1.81488000E-03  3.39800000E-03
  1.80000000E+01  2.10000000E+01  5.95447000E-04  3.45000000E-03
  1.80000000E+01  2.20000000E+01  9.49576000E-04  3.45100000E-03
  1.80000000E+01  2.70000000E+01  2.85233000E-05  3.45342000E-03
  1.90000000E+01  1.90000000E+01  4.60176000E-05  3.40400000E-03
  1.90000000E+01  2.10000000E+01  8.14144000E-04  3.45600000E-03
  1.90000000E+01  2.20000000E+01  9.55777000E-05  3.45700000E-03
  1.90000000E+01  2.70000000E+01  2.35989000E-06  3.45942000E-03
  2.10000000E+01  2.10000000E+01  4.11793000E-04  3.50800000E-03
  2.10000000E+01  2.20000000E+01  1.69322000E-03  3.50900000E-03
  2.10000000E+01  2.70000000E+01  1.17988000E-06  3.51142000E-03
  2.20000000E+01  2.20000000E+01  8.43111000E-05  3.51000000E-03
  2.20000000E+01  2.70000000E+01  2.47977000E-06  3.51242000E-03
                                                                       1
 47000  0  7  107.87     180717  2  0.0         1.0000E+50  0.0
92931 91  0.0         6.          0.0         0.0         0.0
  8.00000000E+00  5.80057000E-03  2.63300000E-03
  1.00000000E+01  2.77053000E-05  2.74900000E-03
  1.10000000E+01  2.60823000E-05  2.78000000E-03
  1.30000000E+01  4.71305000E-03  2.97800000E-03
  1.40000000E+01  4.18065000E-02  2.98400000E-03
  1.60000000E+01  3.76594000E-04  3.25600000E-03
  1.80000000E+01  1.37262000E-06  3.28800000E-03
  1.90000000E+01  1.30602000E-06  3.29400000E-03
  2.10000000E+01  4.33485000E-04  3.34600000E-03
  2.20000000E+01  3.81994000E-03  3.34700000E-03
  2.70000000E+01  1.07151000E-05  3.34942000E-03
                                                                       1
 47000  0  9  107.87     180717  2  0.0         1.0000E+50  0.0
92932 91  0.0         6.          0.0         0.0         0.0
  8.00000000E+00  8.00000000E+00  1.56830000E-03  1.90900000E-03
  8.00000000E+00  1.00000000E+01  1.16599000E-03  2.02500000E-03
  8.00000000E+00  1.10000000E+01  3.24760000E-02  2.05600000E-03
  8.00000000E+00  1.30000000E+01  3.15200000E-03  2.25400000E-03
  8.00000000E+00  1.40000000E+01  3.30574000E-03  2.26000000E-03
  8.00000000E+00  1.60000000E+01  4.85617000E-04  2.53200000E-03
  8.00000000E+00  1.80000000E+01  1.69139000E-04  2.56400000E-03
  8.00000000E+00  1.90000000E+01  3.89389000E-03  2.57000000E-03
  8.00000000E+00  2.10000000E+01  1.93475000E-04  2.62200000E-03
  8.00000000E+00  2.20000000E+01  1.90908000E-04  2.62300000E-03
  8.00000000E+00  2.70000000E+01  2.05004000E-05  2.62542000E-03
  1.00000000E+01  1.00000000E+01  4.10019000E-04  2.14100000E-03
  1.00000000E+01  1.10000000E+01  5.37241000E-02  2.17200000E-03
  1.00000000E+01  1.30000000E+01  3.70436000E-03  2.37000000E-03
  1.00000000E+01  1.40000000E+01  3.32171000E-02  2.37600000E-03
  1.00000000E+01  1.60000000E+01  1.93480000E-04  2.64800000E-03
  1.00000000E+01  1.80000000E+01  1.17881000E-04  2.68000000E-03
  1.00000000E+01  1.90000000E+01  6.64992000E-03  2.68600000E-03
  1.00000000E+01  2.10000000E+01  3.57488000E-04  2.73800000E-03
  1.00000000E+01  2.20000000E+01  2.82917000E-03  2.73900000E-03
  1.00000000E+01  2.70000000E+01  7.68776000E-06  2.74142000E-03
  1.10000000E+01  1.10000000E+01  7.67020000E-02  2.20300000E-03
  1.10000000E+01  1.30000000E+01  7.64292000E-02  2.40100000E-03
  1.10000000E+01  1.40000000E+01  1.16709000E-01  2.40700000E-03
  1.10000000E+01  1.60000000E+01  6.29241000E-03  2.67900000E-03
  1.10000000E+01  1.80000000E+01  8.80641000E-03  2.71100000E-03
  1.10000000E+01  1.90000000E+01  2.21180000E-02  2.71700000E-03
  1.10000000E+01  2.10000000E+01  7.58916000E-03  2.76900000E-03
  1.10000000E+01  2.20000000E+01  1.13651000E-02  2.77000000E-03
  1.10000000E+01  2.70000000E+01  2.72920000E-04  2.77242000E-03
  1.30000000E+01  1.30000000E+01  1.09295000E-02  2.59900000E-03
  1.30000000E+01  1.40000000E+01  2.11329000E-01  2.60500000E-03
  1.30000000E+01  1.60000000E+01  5.66329000E-04  2.87700000E-03
  1.30000000E+01  1.80000000E+01  6.02204000E-04  2.90900000E-03
  1.30000000E+01  1.90000000E+01  8.90009000E-03  2.91500000E-03
  1.30000000E+01  2.10000000E+01  1.97062000E-03  2.96700000E-03
  1.30000000E+01  2.20000000E+01  1.66111000E-02  2.96800000E-03
  1.30000000E+01  2.70000000E+01  2.43438000E-05  2.97042000E-03
  1.40000000E+01  1.40000000E+01  1.43784000E-01  2.61100000E-03
  1.40000000E+01  1.60000000E+01  6.31694000E-04  2.88300000E-03
  1.40000000E+01  1.80000000E+01  5.11008000E-03  2.91500000E-03
  1.40000000E+01  1.90000000E+01  1.50159000E-02  2.92100000E-03
  1.40000000E+01  2.10000000E+01  1.92408000E-02  2.97300000E-03
  1.40000000E+01  2.20000000E+01  2.47427000E-02  2.97400000E-03
  1.40000000E+01  2.70000000E+01  2.69076000E-05  2.97642000E-03
  1.60000000E+01  1.60000000E+01  4.84321000E-05  3.15500000E-03
  1.60000000E+01  1.80000000E+01  3.67411000E-05  3.18700000E-03
  1.60000000E+01  1.90000000E+01  9.85335000E-04  3.19300000E-03
  1.60000000E+01  2.10000000E+01  4.67627000E-05  3.24500000E-03
  1.60000000E+01  2.20000000E+01  5.01028000E-05  3.24600000E-03
  1.60000000E+01  2.70000000E+01  3.34023000E-06  3.24842000E-03
  1.80000000E+01  1.80000000E+01  7.74242000E-06  3.21900000E-03
  1.80000000E+01  1.90000000E+01  1.09694000E-03  3.22500000E-03
  1.80000000E+01  2.10000000E+01  5.80704000E-05  3.27700000E-03
  1.80000000E+01  2.20000000E+01  4.47778000E-04  3.27800000E-03
  1.80000000E+01  2.70000000E+01  1.29053000E-06  3.28042000E-03
  1.90000000E+01  1.90000000E+01  1.55162000E-03  3.23100000E-03
  1.90000000E+01  2.10000000E+01  8.85396000E-04  3.28300000E-03
  1.90000000E+01  2.20000000E+01  1.44912000E-03  3.28400000E-03
  1.90000000E+01  2.70000000E+01  3.33142000E-05  3.28642000E-03
  2.10000000E+01  2.10000000E+01  8.71313000E-05  3.33500000E-03
  2.10000000E+01  2.20000000E+01  1.54531000E-03  3.33600000E-03
  2.10000000E+01  2.70000000E+01  1.28145000E-06  3.33842000E-03
  2.20000000E+01  2.20000000E+01  1.04386000E-03  3.33700000E-03
  2.20000000E+01  2.70000000E+01  1.25022000E-06  3.33942000E-03
                                                                       1
 47000  0  7  107.87     180717  2  0.0         1.0000E+50  0.0
92931 91  0.0         8.          0.0         0.0         0.0
  1.00000000E+01  1.17609000E-05  1.16000000E-04
  1.10000000E+01  5.40680000E-05  1.47000000E-04
  1.80000000E+01  1.07080000E-04  6.55000000E-04
  1.90000000E+01  1.55547000E-04  6.61000000E-04
                                                                       1
 47000  0  9  107.87     180717  2  0.0         1.0000E+50  0.0
92932 91  0.0         8.          0.0         0.0         0.0
  1.00000000E+01  1.60000000E+01  4.90814000E-02  1.50000000E-05
  1.00000000E+01  1.80000000E+01  5.06885000E-02  4.70000000E-05
  1.00000000E+01  1.90000000E+01  9.72279000E-02  5.30000000E-05
  1.00000000E+01  2.10000000E+01  4.68491000E-02  1.05000000E-04
  1.00000000E+01  2.20000000E+01  6.18134000E-02  1.06000000E-04
  1.00000000E+01  2.70000000E+01  1.57056000E-03  1.08420000E-04
  1.10000000E+01  1.60000000E+01  7.81284000E-02  4.60000000E-05
  1.10000000E+01  1.80000000E+01  8.61447000E-02  7.80000000E-05
  1.10000000E+01  1.90000000E+01  1.37576000E-01  8.40000000E-05
  1.10000000E+01  2.10000000E+01  4.48569000E-02  1.36000000E-04
  1.10000000E+01  2.20000000E+01  6.63488000E-02  1.37000000E-04
  1.10000000E+01  2.70000000E+01  2.43607000E-03  1.39420000E-04
  1.30000000E+01  1.60000000E+01  3.10946000E-02  2.44000000E-04
  1.30000000E+01  1.80000000E+01  5.92315000E-03  2.76000000E-04
  1.30000000E+01  1.90000000E+01  4.48021000E-03  2.82000000E-04
  1.30000000E+01  2.10000000E+01  4.78314000E-03  3.34000000E-04
  1.30000000E+01  2.20000000E+01  5.49568000E-03  3.35000000E-04
  1.30000000E+01  2.70000000E+01  7.21350000E-04  3.37420000E-04
  1.40000000E+01  1.60000000E+01  4.57588000E-02  2.50000000E-04
  1.40000000E+01  1.80000000E+01  1.68410000E-03  2.82000000E-04
  1.40000000E+01  1.90000000E+01  1.17807000E-02  2.88000000E-04
  1.40000000E+01  2.10000000E+01  5.82763000E-03  3.40000000E-04
  1.40000000E+01  2.20000000E+01  9.45349000E-03  3.41000000E-04
  1.40000000E+01  2.70000000E+01  1.05944000E-03  3.43420000E-04
  1.60000000E+01  1.60000000E+01  1.28606000E-02  5.22000000E-04
  1.60000000E+01  1.80000000E+01  1.93837000E-02  5.54000000E-04
  1.60000000E+01  1.90000000E+01  3.59725000E-02  5.60000000E-04
  1.60000000E+01  2.10000000E+01  2.48813000E-02  6.12000000E-04
  1.60000000E+01  2.20000000E+01  3.59013000E-02  6.13000000E-04
  1.60000000E+01  2.70000000E+01  6.91002000E-04  6.15420000E-04
  1.80000000E+01  1.80000000E+01  1.25464000E-03  5.86000000E-04
  1.80000000E+01  1.90000000E+01  3.01549000E-03  5.92000000E-04
  1.80000000E+01  2.10000000E+01  1.32745000E-03  6.44000000E-04
  1.80000000E+01  2.20000000E+01  3.79271000E-04  6.45000000E-04
  1.80000000E+01  2.70000000E+01  4.79157000E-04  6.47420000E-04
  1.90000000E+01  1.90000000E+01  3.97971000E-03  5.98000000E-04
  1.90000000E+01  2.10000000E+01  1.02827000E-03  6.50000000E-04
  1.90000000E+01  2.20000000E+01  3.11358000E-03  6.51000000E-04
  1.90000000E+01  2.70000000E+01  8.89862000E-04  6.53420000E-04
  2.10000000E+01  2.10000000E+01  3.38126000E-04  7.02000000E-04
  2.10000000E+01  2.20000000E+01  7.59755000E-04  7.03000000E-04
  2.10000000E+01  2.70000000E+01  7.18024000E-04  7.05420000E-04
  2.20000000E+01  2.20000000E+01  7.52422000E-04  7.04000000E-04
  2.20000000E+01  2.70000000E+01  1.16108000E-03  7.06420000E-04
                                                                       1
 47000  0  7  107.87     180717  2  0.0         1.0000E+50  0.0
92931 91  0.0         10.         0.0         0.0         0.0
  1.30000000E+01  4.27938000E-04  2.29000000E-04
  1.60000000E+01  2.06329000E-04  5.07000000E-04
  2.10000000E+01  4.15938000E-04  5.97000000E-04
  2.70000000E+01  6.78877000E-06  6.00420000E-04
                                                                       1
 47000  0  9  107.87     180717  2  0.0         1.0000E+50  0.0
92932 91  0.0         10.         0.0         0.0         0.0
  1.10000000E+01  2.10000000E+01  1.92673000E-02  2.00000000E-05
  1.10000000E+01  2.20000000E+01  4.57469000E-02  2.10000000E-05
  1.10000000E+01  2.70000000E+01  2.35657000E-03  2.34200000E-05
  1.30000000E+01  1.60000000E+01  1.45617000E-01  1.28000000E-04
  1.30000000E+01  1.80000000E+01  1.48882000E-01  1.60000000E-04
  1.30000000E+01  1.90000000E+01  2.26187000E-01  1.66000000E-04
  1.30000000E+01  2.10000000E+01  4.01223000E-02  2.18000000E-04
  1.30000000E+01  2.20000000E+01  3.75358000E-02  2.19000000E-04
  1.30000000E+01  2.70000000E+01  4.63286000E-03  2.21420000E-04
  1.40000000E+01  1.60000000E+01  2.50795000E-02  1.34000000E-04
  1.40000000E+01  1.80000000E+01  1.93335000E-01  1.66000000E-04
  1.40000000E+01  1.90000000E+01  2.05233000E-02  1.72000000E-04
  1.40000000E+01  2.10000000E+01  4.95939000E-03  2.24000000E-04
  1.40000000E+01  2.20000000E+01  5.55855000E-03  2.25000000E-04
  1.40000000E+01  2.70000000E+01  5.73315000E-04  2.27420000E-04
  1.60000000E+01  1.60000000E+01  6.88665000E-04  4.06000000E-04
  1.60000000E+01  1.80000000E+01  1.01020000E-02  4.38000000E-04
  1.60000000E+01  1.90000000E+01  1.62728000E-03  4.44000000E-04
  1.60000000E+01  2.10000000E+01  3.34769000E-04  4.96000000E-04
  1.60000000E+01  2.20000000E+01  7.62036000E-04  4.97000000E-04
  1.60000000E+01  2.70000000E+01  3.51594000E-05  4.99420000E-04
  1.80000000E+01  1.80000000E+01  6.56237000E-03  4.70000000E-04
  1.80000000E+01  1.90000000E+01  2.06892000E-02  4.76000000E-04
  1.80000000E+01  2.10000000E+01  1.24316000E-02  5.28000000E-04
  1.80000000E+01  2.20000000E+01  2.05715000E-02  5.29000000E-04
  1.80000000E+01  2.70000000E+01  3.08085000E-04  5.31420000E-04
  1.90000000E+01  1.90000000E+01  5.69607000E-04  4.82000000E-04
  1.90000000E+01  2.10000000E+01  1.51634000E-03  5.34000000E-04
  1.90000000E+01  2.20000000E+01  9.87935000E-04  5.35000000E-04
  1.90000000E+01  2.70000000E+01  3.96109000E-05  5.37420000E-04
  2.10000000E+01  2.10000000E+01  3.72564000E-04  5.86000000E-04
  2.10000000E+01  2.20000000E+01  7.46627000E-04  5.87000000E-04
  2.10000000E+01  2.70000000E+01  9.90451000E-06  5.89420000E-04
  2.20000000E+01  2.20000000E+01  1.91000000E-04  5.88000000E-04
  2.20000000E+01  2.70000000E+01  1.91792000E-05  5.90420000E-04
                                                                       1
 47000  0  7  107.87     180717  2  0.0         1.0000E+50  0.0
92931 91  0.0         11.         0.0         0.0         0.0
  1.30000000E+01  2.91336000E-05  1.98000000E-04
  1.40000000E+01  2.95566000E-04  2.04000000E-04
  1.60000000E+01  2.51377000E-04  4.76000000E-04
  2.10000000E+01  5.20803000E-05  5.66000000E-04
  2.20000000E+01  4.28195000E-04  5.67000000E-04
  2.70000000E+01  8.22321000E-06  5.69420000E-04
                                                                       1
 47000  0  9  107.87     180717  2  0.0         1.0000E+50  0.0
92932 91  0.0         11.         0.0         0.0         0.0
  1.30000000E+01  1.60000000E+01  2.98474000E-02  9.70000000E-05
  1.30000000E+01  1.80000000E+01  2.08601000E-02  1.29000000E-04
  1.30000000E+01  1.90000000E+01  1.37843000E-01  1.35000000E-04
  1.30000000E+01  2.10000000E+01  9.70871000E-03  1.87000000E-04
  1.30000000E+01  2.20000000E+01  6.57618000E-03  1.88000000E-04
  1.30000000E+01  2.70000000E+01  7.88437000E-04  1.90420000E-04
  1.40000000E+01  1.60000000E+01  1.39899000E-01  1.03000000E-04
  1.40000000E+01  1.80000000E+01  1.38922000E-01  1.35000000E-04
  1.40000000E+01  1.90000000E+01  2.95727000E-01  1.41000000E-04
  1.40000000E+01  2.10000000E+01  3.21096000E-02  1.93000000E-04
  1.40000000E+01  2.20000000E+01  6.05906000E-02  1.94000000E-04
  1.40000000E+01  2.70000000E+01  4.36072000E-03  1.96420000E-04
  1.60000000E+01  1.60000000E+01  9.33720000E-04  3.75000000E-04
  1.60000000E+01  1.80000000E+01  1.36100000E-03  4.07000000E-04
  1.60000000E+01  1.90000000E+01  1.98467000E-02  4.13000000E-04
  1.60000000E+01  2.10000000E+01  9.03667000E-04  4.65000000E-04
  1.60000000E+01  2.20000000E+01  1.03341000E-03  4.66000000E-04
  1.60000000E+01  2.70000000E+01  4.77785000E-05  4.68420000E-04
  1.80000000E+01  1.80000000E+01  2.13114000E-04  4.39000000E-04
  1.80000000E+01  1.90000000E+01  1.86909000E-02  4.45000000E-04
  1.80000000E+01  2.10000000E+01  4.44510000E-04  4.97000000E-04
  1.80000000E+01  2.20000000E+01  2.13357000E-03  4.98000000E-04
  1.80000000E+01  2.70000000E+01  2.92286000E-05  5.00420000E-04
  1.90000000E+01  1.90000000E+01  2.41584000E-02  4.51000000E-04
  1.90000000E+01  2.10000000E+01  2.12754000E-02  5.03000000E-04
  1.90000000E+01  2.20000000E+01  2.87896000E-02  5.04000000E-04
  1.90000000E+01  2.70000000E+01  4.74156000E-04  5.06420000E-04
  2.10000000E+01  2.10000000E+01  9.57190000E-05  5.55000000E-04
  2.10000000E+01  2.20000000E+01  6.94116000E-04  5.56000000E-04
  2.10000000E+01  2.70000000E+01  1.03294000E-05  5.58420000E-04
  2.20000000E+01  2.20000000E+01  5.54075000E-04  5.57000000E-04
  2.20000000E+01  2.70000000E+01  1.34972000E-05  5.59420000E-04
                                                                       1
 47000  0  7  107.87     180717  2  0.0         1.0000E+50  0.0
92931 91  0.0         13.         0.0         0.0         0.0
  1.80000000E+01  4.96493000E-04  3.10000000E-04
  1.90000000E+01  8.38964000E-05  3.16000000E-04
                                                                       1
 47000  0  9  107.87     180717  2  0.0         1.0000E+50  0.0
92932 91  0.0         13.         0.0         0.0         0.0
  1.60000000E+01  1.60000000E+01  1.36972000E-03  1.77000000E-04
  1.60000000E+01  1.80000000E+01  1.65080000E-02  2.09000000E-04
  1.60000000E+01  1.90000000E+01  1.68149000E-02  2.15000000E-04
  1.60000000E+01  2.10000000E+01  1.47468000E-01  2.67000000E-04
  1.60000000E+01  2.20000000E+01  2.54562000E-02  2.68000000E-04
  1.60000000E+01  2.70000000E+01  5.40635000E-05  2.70420000E-04
  1.80000000E+01  1.80000000E+01  1.26149000E-03  2.41000000E-04
  1.80000000E+01  1.90000000E+01  2.58785000E-02  2.47000000E-04
  1.80000000E+01  2.10000000E+01  1.06279000E-01  2.99000000E-04
  1.80000000E+01  2.20000000E+01  9.53303000E-03  3.00000000E-04
  1.80000000E+01  2.70000000E+01  1.89219000E-04  3.02420000E-04
  1.90000000E+01  1.90000000E+01  1.11640000E-02  2.53000000E-04
  1.90000000E+01  2.10000000E+01  2.36616000E-01  3.05000000E-04
  1.90000000E+01  2.20000000E+01  1.02005000E-02  3.06000000E-04
  1.90000000E+01  2.70000000E+01  2.61304000E-04  3.08420000E-04
  2.10000000E+01  2.10000000E+01  1.25271000E-01  3.57000000E-04
  2.10000000E+01  2.20000000E+01  2.56030000E-01  3.58000000E-04
  2.10000000E+01  2.70000000E+01  4.09092000E-03  3.60420000E-04
  2.20000000E+01  2.20000000E+01  4.55197000E-03  3.59000000E-04
  2.20000000E+01  2.70000000E+01  4.22359000E-04  3.61420000E-04
                                                                       1
 47000  0  7  107.87     180717  2  0.0         1.0000E+50  0.0
92931 91  0.0         14.         0.0         0.0         0.0
  1.90000000E+01  5.18596000E-04  3.10000000E-04
                                                                       1
 47000  0  9  107.87     180717  2  0.0         1.0000E+50  0.0
92932 91  0.0         14.         0.0         0.0         0.0
  1.60000000E+01  1.60000000E+01  1.87976000E-03  1.71000000E-04
  1.60000000E+01  1.80000000E+01  1.02446000E-02  2.03000000E-04
  1.60000000E+01  1.90000000E+01  2.62179000E-02  2.09000000E-04
  1.60000000E+01  2.10000000E+01  1.86547000E-02  2.61000000E-04
  1.60000000E+01  2.20000000E+01  1.54974000E-01  2.62000000E-04
  1.60000000E+01  2.70000000E+01  7.12716000E-05  2.64420000E-04
  1.80000000E+01  1.80000000E+01  6.23610000E-05  2.35000000E-04
  1.80000000E+01  1.90000000E+01  2.63160000E-02  2.41000000E-04
  1.80000000E+01  2.10000000E+01  2.36087000E-03  2.93000000E-04
  1.80000000E+01  2.20000000E+01  1.29281000E-01  2.94000000E-04
  1.80000000E+01  2.70000000E+01  1.51456000E-04  2.96420000E-04
  1.90000000E+01  1.90000000E+01  1.69621000E-02  2.47000000E-04
  1.90000000E+01  2.10000000E+01  1.22311000E-02  2.99000000E-04
  1.90000000E+01  2.20000000E+01  2.15320000E-01  3.00000000E-04
  1.90000000E+01  2.70000000E+01  3.29623000E-04  3.02420000E-04
  2.10000000E+01  2.10000000E+01  1.84422000E-03  3.51000000E-04
  2.10000000E+01  2.20000000E+01  1.76244000E-01  3.52000000E-04
  2.10000000E+01  2.70000000E+01  2.93989000E-04  3.54420000E-04
  2.20000000E+01  2.20000000E+01  2.01873000E-01  3.53000000E-04
  2.20000000E+01  2.70000000E+01  4.16944000E-03  3.55420000E-04
                                                                       1
 47000  0  7  107.87     180717  2  0.0         1.0000E+50  0.0
92931 91  0.0         16.         0.0         0.0         0.0
  1.80000000E+01  6.37280000E-06  3.20000000E-05
  1.90000000E+01  1.80641000E-05  3.80000000E-05
                                                                       1
 47000  0  9  107.87     180717  2  0.0         1.0000E+50  0.0
92932 91  0.0         16.         0.0         0.0         0.0
  1.80000000E+01  2.10000000E+01  5.68739000E-02  2.10000000E-05
  1.80000000E+01  2.20000000E+01  1.94698000E-01  2.20000000E-05
  1.80000000E+01  2.70000000E+01  4.22850000E-03  2.44200000E-05
  1.90000000E+01  2.10000000E+01  3.39415000E-01  2.70000000E-05
  1.90000000E+01  2.20000000E+01  3.55464000E-01  2.80000000E-05
  1.90000000E+01  2.70000000E+01  6.90197000E-03  3.04200000E-05
  2.10000000E+01  2.10000000E+01  9.12451000E-04  7.90000000E-05
  2.10000000E+01  2.20000000E+01  2.95812000E-02  8.00000000E-05
  2.10000000E+01  2.70000000E+01  1.95331000E-03  8.24200000E-05
  2.20000000E+01  2.20000000E+01  7.48201000E-03  8.10000000E-05
  2.20000000E+01  2.70000000E+01  2.46620000E-03  8.34200000E-05
                                                                       1
 47000  0  7  107.87     180717  2  0.0         1.0000E+50  0.0
92931 91  0.0         18.         0.0         0.0         0.0
  2.10000000E+01  1.82340000E-05  5.80000000E-05
  2.70000000E+01  4.04071000E-07  6.14200000E-05
                                                                       1
 47000  0  9  107.87     180717  2  0.0         1.0000E+50  0.0
92932 91  0.0         18.         0.0         0.0         0.0
  2.10000000E+01  2.10000000E+01  1.62928000E-01  4.70000000E-05
  2.10000000E+01  2.20000000E+01  8.02579000E-01  4.80000000E-05
  2.10000000E+01  2.70000000E+01  5.74532000E-03  5.04200000E-05
  2.20000000E+01  2.20000000E+01  2.81442000E-02  4.90000000E-05
  2.20000000E+01  2.70000000E+01  5.84824000E-04  5.14200000E-05
                                                                       1
 47000  0  7  107.87     180717  2  0.0         1.0000E+50  0.0
92931 91  0.0         19.         0.0         0.0         0.0
  2.10000000E+01  4.82828000E-07  5.20000000E-05
  2.20000000E+01  4.50238000E-06  5.30000000E-05
  2.70000000E+01  1.41619000E-07  5.54200000E-05
                                                                       1
 47000  0  9  107.87     180717  2  0.0         1.0000E+50  0.0
92932 91  0.0         19.         0.0         0.0         0.0
  2.10000000E+01  2.10000000E+01  2.36138000E-02  4.10000000E-05
  2.10000000E+01  2.20000000E+01  5.88646000E-01  4.20000000E-05
  2.10000000E+01  2.70000000E+01  1.24719000E-03  4.44200000E-05
  2.20000000E+01  2.20000000E+01  3.80450000E-01  4.30000000E-05
  2.20000000E+01  2.70000000E+01  6.03830000E-03  4.54200000E-05
                                                                       1
