 48000  0  0  112.4      180717  2  0.0         1.0000E+50  0.0
91912  0  0.0         0.0         0.0         0.0         0.0
 1.000000000E+00 2.000000000E+00
 3.000000000E+00 2.000000000E+00
 5.000000000E+00 2.000000000E+00
 6.000000000E+00 4.000000000E+00
 8.000000000E+00 2.000000000E+00
 1.000000000E+01 2.000000000E+00
 1.100000000E+01 4.000000000E+00
 1.300000000E+01 4.000000000E+00
 1.400000000E+01 6.000000000E+00
 1.600000000E+01 2.000000000E+00
 1.800000000E+01 2.000000000E+00
 1.900000000E+01 4.000000000E+00
 2.100000000E+01 4.000000000E+00
 2.200000000E+01 6.000000000E+00
 2.700000000E+01 2.000000000E+00
                                                                       1
 48000  0  0  112.4      180717  2  0.0         1.0000E+50  0.0
91913  0  0.0         0.0         0.0         0.0         0.0
 1.000000000E+00 2.671500000E-02
 3.000000000E+00 4.022000000E-03
 5.000000000E+00 3.732000000E-03
 6.000000000E+00 3.542000000E-03
 8.000000000E+00 7.750000000E-04
 1.000000000E+01 6.550000000E-04
 1.100000000E+01 6.210000000E-04
 1.300000000E+01 4.150000000E-04
 1.400000000E+01 4.080000000E-04
 1.600000000E+01 1.120000000E-04
 1.800000000E+01 7.800000000E-05
 1.900000000E+01 7.100000000E-05
 2.100000000E+01 1.400000000E-05
 2.200000000E+01 1.300000000E-05
 2.700000000E+01 8.990000000E-06
                                                                       1
 48000  0  0  112.4      180717  2  0.0         1.0000E+50  0.0
91914  0  0.0         0.0         0.0         0.0         0.0
 1.000000000E+00 3.391227406E-02
 3.000000000E+00 7.297521795E-03
 5.000000000E+00 7.255838645E-03
 6.000000000E+00 6.555314872E-03
 8.000000000E+00 2.093629612E-03
 1.000000000E+01 1.999105420E-03
 1.100000000E+01 1.847197003E-03
 1.300000000E+01 1.682189449E-03
 1.400000000E+01 1.645696846E-03
 1.600000000E+01 5.198772054E-04
 1.800000000E+01 4.611991818E-04
 1.900000000E+01 4.184859399E-04
 2.100000000E+01 2.165217391E-04
 2.200000000E+01 2.037713612E-04
 2.700000000E+01 5.707884428E-05
                                                                       1
 48000  0  0  112.4      180717  2  0.0         1.0000E+50  0.0
91915  0  0.0         0.0         0.0         0.0         0.0
 1.000000000E+00 1.605600000E-10
 3.000000000E+00 6.920000000E-10
 5.000000000E+00 5.850300000E-10
 6.000000000E+00 6.124500000E-10
 8.000000000E+00 1.880200000E-09
 1.000000000E+01 1.830400000E-09
 1.100000000E+01 1.887500000E-09
 1.300000000E+01 1.735000000E-09
 1.400000000E+01 1.753200000E-09
 1.600000000E+01 4.595300000E-09
 1.800000000E+01 4.884900000E-09
 1.900000000E+01 5.043200000E-09
 2.100000000E+01 6.402500000E-09
 2.200000000E+01 6.495200000E-09
 2.700000000E+01 1.506800000E-08
                                                                       1
 48000  0  0  112.4      180717  2  0.0         1.0000E+50  0.0
91921  0  0.0         0.0         0.0         0.0         0.0
 1.000000000E+00 5.938600000E-06
 3.000000000E+00 8.522500000E-08
 5.000000000E+00 1.414500000E-07
 6.000000000E+00 1.348300000E-07
 8.000000000E+00 1.561300000E-09
 1.000000000E+01 1.566700000E-09
 1.100000000E+01 1.482700000E-09
 1.300000000E+01 1.178000000E-10
 1.400000000E+01 1.040600000E-10
 1.600000000E+01 3.422800000E-11
 1.800000000E+01 1.010900000E-10
 1.900000000E+01 8.303900000E-11
                                                                       1
 48000  0  0  112.4      180717  2  0.0         1.0000E+50  0.0
91922  0  0.0         0.0         0.0         0.0         0.0
 1.000000000E+00 1.153900000E-06
 3.000000000E+00 4.194700000E-06
 5.000000000E+00 2.260500000E-06
 6.000000000E+00 2.077000000E-06
 8.000000000E+00 1.171300000E-05
 1.000000000E+01 3.831900000E-06
 1.100000000E+01 4.072200000E-06
 1.300000000E+01 3.434800000E-07
 1.400000000E+01 3.482700000E-07
 1.600000000E+01 2.534200000E-05
 1.800000000E+01 1.647000000E-05
 1.900000000E+01 1.773400000E-05
                                                                       1
 48000  0  0  112.4      180717  2  0.0         1.0000E+50  0.0
92935  0  0.0         0.0         0.0         0.0         0.0
 1.000000000E+00 1.260283729E-04
 3.000000000E+00 1.474417811E-04
 5.000000000E+00 1.173325836E-04
 6.000000000E+00 1.118684505E-04
 8.000000000E+00 1.061424865E-04
 1.000000000E+01 8.404493586E-05
 1.100000000E+01 8.174173645E-05
 1.300000000E+01 4.827390730E-05
 1.400000000E+01 4.799212905E-05
 1.600000000E+01 4.947493296E-05
 1.800000000E+01 3.456740220E-05
 1.900000000E+01 3.371885303E-05
 2.100000000E+01 1.400000000E-05
 2.200000000E+01 1.300000000E-05
 2.700000000E+01 8.990000000E-06
                                                                       1
 48000  0  7  112.4      180717  2  0.0         1.0000E+50  0.0
92933  0  0.0         0.0         0.0         0.0         0.0
 1.000000000E+00 9.070310000E-01
 3.000000000E+00 6.569940000E-02
 5.000000000E+00 7.108270000E-02
 6.000000000E+00 6.327770000E-02
 8.000000000E+00 1.809840000E-03
 1.000000000E+01 1.923180000E-03
 1.100000000E+01 1.797030000E-03
 1.300000000E+01 7.455160000E-04
 1.400000000E+01 6.711200000E-04
 1.600000000E+01 4.028810000E-05
 1.800000000E+01 2.553940000E-05
 1.900000000E+01 7.119450000E-06
                                                                       1
 48000  0  7  112.4      180717  2  0.0         1.0000E+50  0.0
92934  0  0.0         0.0         0.0         0.0         0.0
 1.000000000E+00 2.012764237E-02
 3.000000000E+00 2.082506026E-04
 5.000000000E+00 2.287014093E-04
 6.000000000E+00 1.926940572E-04
 8.000000000E+00 8.213294809E-07
 1.000000000E+01 8.107110097E-07
 1.100000000E+01 7.652938299E-07
 1.300000000E+01 2.484269866E-07
 1.400000000E+01 2.218780410E-07
 1.600000000E+01 1.777110797E-09
 1.800000000E+01 1.553757607E-09
 1.900000000E+01 3.903337858E-10
                                                                       1
 48000  0  9  112.4      180717  2  0.0         1.0000E+50  0.0
92933  0  0.0         0.0         0.0         0.0         0.0
 1.000000000E+00 6.340540000E+00
 3.000000000E+00 7.547030000E+00
 5.000000000E+00 5.827440000E+00
 6.000000000E+00 5.514360000E+00
 8.000000000E+00 5.056780000E+00
 1.000000000E+01 3.837660000E+00
 1.100000000E+01 3.709710000E+00
 1.300000000E+01 1.825210000E+00
 1.400000000E+01 1.842050000E+00
 1.600000000E+01 1.937070000E+00
 1.800000000E+01 9.999740000E-01
 1.900000000E+01 9.999930000E-01
                                                                       1
 48000  0  9  112.4      180717  2  0.0         1.0000E+50  0.0
92934  0  0.0         0.0         0.0         0.0         0.0
 1.000000000E+00 6.461370301E-03
 3.000000000E+00 3.666312651E-03
 5.000000000E+00 3.385968008E-03
 6.000000000E+00 3.237432483E-03
 8.000000000E+00 6.680367237E-04
 1.000000000E+01 5.701439355E-04
 1.100000000E+01 5.384929484E-04
 1.300000000E+01 3.664776222E-04
 1.400000000E+01 3.597863101E-04
 1.600000000E+01 6.252328864E-05
 1.800000000E+01 4.343100230E-05
 1.900000000E+01 3.728075357E-05
                                                                       1
 48000  0  7  112.4      180717  2  0.0         1.0000E+50  0.0
92931 91  0.0         1.          0.0         0.0         0.0
  5.00000000E+00  2.43038000E-01  2.29830000E-02
  6.00000000E+00  4.56837000E-01  2.31730000E-02
  1.00000000E+01  4.03067000E-02  2.60600000E-02
  1.10000000E+01  7.82974000E-02  2.60940000E-02
  1.30000000E+01  2.88988000E-04  2.63000000E-02
  1.40000000E+01  4.02237000E-04  2.63070000E-02
  1.80000000E+01  8.20524000E-03  2.66370000E-02
  1.90000000E+01  1.59199000E-02  2.66440000E-02
  2.10000000E+01  3.60657000E-05  2.67010000E-02
  2.20000000E+01  4.96946000E-05  2.67020000E-02
                                                                       1
 48000  0  9  112.4      180717  2  0.0         1.0000E+50  0.0
92932 91  0.0         1.          0.0         0.0         0.0
  3.00000000E+00  3.00000000E+00  1.17163000E-02  1.86710000E-02
  3.00000000E+00  5.00000000E+00  1.35877000E-02  1.89610000E-02
  3.00000000E+00  6.00000000E+00  1.84885000E-02  1.91510000E-02
  3.00000000E+00  8.00000000E+00  4.01440000E-03  2.19180000E-02
  3.00000000E+00  1.00000000E+01  2.46821000E-03  2.20380000E-02
  3.00000000E+00  1.10000000E+01  3.36905000E-03  2.20720000E-02
  3.00000000E+00  1.30000000E+01  2.08296000E-04  2.22780000E-02
  3.00000000E+00  1.40000000E+01  2.40796000E-04  2.22850000E-02
  3.00000000E+00  1.60000000E+01  7.86285000E-04  2.25810000E-02
  3.00000000E+00  1.80000000E+01  4.39859000E-04  2.26150000E-02
  3.00000000E+00  1.90000000E+01  5.93497000E-04  2.26220000E-02
  3.00000000E+00  2.10000000E+01  2.69607000E-05  2.26790000E-02
  3.00000000E+00  2.20000000E+01  3.06533000E-05  2.26800000E-02
  3.00000000E+00  2.70000000E+01  7.60795000E-05  2.26840100E-02
  5.00000000E+00  5.00000000E+00  1.89140000E-03  1.92510000E-02
  5.00000000E+00  6.00000000E+00  4.10623000E-02  1.94410000E-02
  5.00000000E+00  8.00000000E+00  1.92787000E-03  2.22080000E-02
  5.00000000E+00  1.00000000E+01  6.19718000E-04  2.23280000E-02
  5.00000000E+00  1.10000000E+01  6.25946000E-03  2.23620000E-02
  5.00000000E+00  1.30000000E+01  2.59990000E-04  2.25680000E-02
  5.00000000E+00  1.40000000E+01  8.96323000E-04  2.25750000E-02
  5.00000000E+00  1.60000000E+01  3.64156000E-04  2.28710000E-02
  5.00000000E+00  1.80000000E+01  1.08577000E-04  2.29050000E-02
  5.00000000E+00  1.90000000E+01  1.06988000E-03  2.29120000E-02
  5.00000000E+00  2.10000000E+01  3.32390000E-05  2.29690000E-02
  5.00000000E+00  2.20000000E+01  1.12638000E-04  2.29700000E-02
  5.00000000E+00  2.70000000E+01  3.50843000E-05  2.29740100E-02
  6.00000000E+00  6.00000000E+00  2.11080000E-02  1.96310000E-02
  6.00000000E+00  8.00000000E+00  2.59664000E-03  2.23980000E-02
  6.00000000E+00  1.00000000E+01  6.15352000E-03  2.25180000E-02
  6.00000000E+00  1.10000000E+01  6.59576000E-03  2.25520000E-02
  6.00000000E+00  1.30000000E+01  1.08028000E-03  2.27580000E-02
  6.00000000E+00  1.40000000E+01  1.01011000E-03  2.27650000E-02
  6.00000000E+00  1.60000000E+01  4.89717000E-04  2.30610000E-02
  6.00000000E+00  1.80000000E+01  1.06218000E-03  2.30950000E-02
  6.00000000E+00  1.90000000E+01  1.13342000E-03  2.31020000E-02
  6.00000000E+00  2.10000000E+01  1.37379000E-04  2.31590000E-02
  6.00000000E+00  2.20000000E+01  1.27416000E-04  2.31600000E-02
  6.00000000E+00  2.70000000E+01  4.72736000E-05  2.31640100E-02
  8.00000000E+00  8.00000000E+00  3.38662000E-04  2.51650000E-02
  8.00000000E+00  1.00000000E+01  3.53449000E-04  2.52850000E-02
  8.00000000E+00  1.10000000E+01  4.76794000E-04  2.53190000E-02
  8.00000000E+00  1.30000000E+01  2.76985000E-05  2.55250000E-02
  8.00000000E+00  1.40000000E+01  3.10234000E-05  2.55320000E-02
  8.00000000E+00  1.60000000E+01  1.32221000E-04  2.58280000E-02
  8.00000000E+00  1.80000000E+01  6.31531000E-05  2.58620000E-02
  8.00000000E+00  1.90000000E+01  8.42054000E-05  2.58690000E-02
  8.00000000E+00  2.10000000E+01  3.69332000E-06  2.59260000E-02
  8.00000000E+00  2.20000000E+01  4.06260000E-06  2.59270000E-02
  8.00000000E+00  2.70000000E+01  1.29266000E-05  2.59310100E-02
  1.00000000E+01  1.00000000E+01  4.87532000E-05  2.54050000E-02
  1.00000000E+01  1.10000000E+01  9.52152000E-04  2.54390000E-02
  1.00000000E+01  1.30000000E+01  3.06553000E-05  2.56450000E-02
  1.00000000E+01  1.40000000E+01  1.06004000E-04  2.56520000E-02
  1.00000000E+01  1.60000000E+01  6.68511000E-05  2.59480000E-02
  1.00000000E+01  1.80000000E+01  1.69908000E-05  2.59820000E-02
  1.00000000E+01  1.90000000E+01  1.63246000E-04  2.59890000E-02
  1.00000000E+01  2.10000000E+01  4.06280000E-06  2.60460000E-02
  1.00000000E+01  2.20000000E+01  1.32959000E-05  2.60470000E-02
  1.00000000E+01  2.70000000E+01  6.27885000E-06  2.60510100E-02
  1.10000000E+01  1.10000000E+01  5.16701000E-04  2.54730000E-02
  1.10000000E+01  1.30000000E+01  1.34074000E-04  2.56790000E-02
  1.10000000E+01  1.40000000E+01  1.22252000E-04  2.56860000E-02
  1.10000000E+01  1.60000000E+01  9.01170000E-05  2.59820000E-02
  1.10000000E+01  1.80000000E+01  1.64716000E-04  2.60160000E-02
  1.10000000E+01  1.90000000E+01  1.77635000E-04  2.60230000E-02
  1.10000000E+01  2.10000000E+01  1.69905000E-05  2.60800000E-02
  1.10000000E+01  2.20000000E+01  1.55118000E-05  2.60810000E-02
  1.10000000E+01  2.70000000E+01  8.49474000E-06  2.60850100E-02
  1.30000000E+01  1.40000000E+01  1.55110000E-05  2.58920000E-02
  1.30000000E+01  1.60000000E+01  5.17040000E-06  2.61880000E-02
  1.30000000E+01  1.80000000E+01  5.17040000E-06  2.62220000E-02
  1.30000000E+01  1.90000000E+01  2.21589000E-05  2.62290000E-02
  1.30000000E+01  2.20000000E+01  1.84662000E-06  2.62870000E-02
  1.30000000E+01  2.70000000E+01  3.69324000E-07  2.62910100E-02
  1.40000000E+01  1.40000000E+01  3.83010000E-06  2.58990000E-02
  1.40000000E+01  1.60000000E+01  6.12810000E-06  2.61950000E-02
  1.40000000E+01  1.80000000E+01  1.80005000E-05  2.62290000E-02
  1.40000000E+01  1.90000000E+01  2.06819000E-05  2.62360000E-02
  1.40000000E+01  2.10000000E+01  1.91505000E-06  2.62930000E-02
  1.40000000E+01  2.20000000E+01  7.66000000E-07  2.62940000E-02
  1.40000000E+01  2.70000000E+01  7.66000000E-07  2.62980100E-02
  1.60000000E+01  1.60000000E+01  1.35667000E-05  2.64910000E-02
  1.60000000E+01  1.80000000E+01  1.24038000E-05  2.65250000E-02
  1.60000000E+01  1.90000000E+01  1.66674000E-05  2.65320000E-02
  1.60000000E+01  2.10000000E+01  7.75224000E-07  2.65890000E-02
  1.60000000E+01  2.20000000E+01  7.75224000E-07  2.65900000E-02
  1.60000000E+01  2.70000000E+01  2.71324000E-06  2.65940100E-02
  1.80000000E+01  1.80000000E+01  1.47728000E-06  2.65590000E-02
  1.80000000E+01  1.90000000E+01  2.80679000E-05  2.65660000E-02
  1.80000000E+01  2.10000000E+01  7.38638000E-07  2.66230000E-02
  1.80000000E+01  2.20000000E+01  2.21592000E-06  2.66240000E-02
  1.80000000E+01  2.70000000E+01  1.10800000E-06  2.66280100E-02
  1.90000000E+01  1.90000000E+01  1.63497000E-05  2.65730000E-02
  1.90000000E+01  2.10000000E+01  3.19044000E-06  2.66300000E-02
  1.90000000E+01  2.20000000E+01  2.79149000E-06  2.66310000E-02
  1.90000000E+01  2.70000000E+01  1.59516000E-06  2.66350100E-02
  2.10000000E+01  2.20000000E+01  4.05707000E-07  2.66880000E-02
                                                                       1
 48000  0  7  112.4      180717  2  0.0         1.0000E+50  0.0
92931 91  0.0         3.          0.0         0.0         0.0
  5.00000000E+00  1.87570000E-05  2.90000000E-04
  6.00000000E+00  1.64670000E-04  4.80000000E-04
  1.00000000E+01  6.45791000E-03  3.36700000E-03
  1.10000000E+01  1.06670000E-02  3.40100000E-03
  1.30000000E+01  7.47191000E-05  3.60700000E-03
  1.40000000E+01  1.11450000E-04  3.61400000E-03
  1.80000000E+01  1.19010000E-03  3.94400000E-03
  1.90000000E+01  1.98980000E-03  3.95100000E-03
  2.10000000E+01  6.51711000E-06  4.00800000E-03
  2.20000000E+01  9.75711000E-06  4.00900000E-03
                                                                       1
 48000  0  9  112.4      180717  2  0.0         1.0000E+50  0.0
92932 91  0.0         3.          0.0         0.0         0.0
  5.00000000E+00  1.60000000E+01  3.84431000E-02  1.78000000E-04
  5.00000000E+00  1.80000000E+01  2.64697000E-02  2.12000000E-04
  5.00000000E+00  1.90000000E+01  3.50907000E-02  2.19000000E-04
  5.00000000E+00  2.10000000E+01  7.48961000E-03  2.76000000E-04
  5.00000000E+00  2.20000000E+01  1.22871000E-02  2.77000000E-04
  5.00000000E+00  2.70000000E+01  3.62988000E-03  2.81010000E-04
  6.00000000E+00  1.30000000E+01  1.02638000E-01  6.50000000E-05
  6.00000000E+00  1.40000000E+01  2.51670000E-01  7.20000000E-05
  6.00000000E+00  1.60000000E+01  5.44658000E-02  3.68000000E-04
  6.00000000E+00  1.80000000E+01  2.38780000E-02  4.02000000E-04
  6.00000000E+00  1.90000000E+01  4.64661000E-02  4.09000000E-04
  6.00000000E+00  2.10000000E+01  3.18858000E-02  4.66000000E-04
  6.00000000E+00  2.20000000E+01  4.14022000E-02  4.67000000E-04
  6.00000000E+00  2.70000000E+01  5.13472000E-03  4.71010000E-04
  8.00000000E+00  8.00000000E+00  9.65185000E-03  2.47200000E-03
  8.00000000E+00  1.00000000E+01  1.90665000E-02  2.59200000E-03
  8.00000000E+00  1.10000000E+01  3.58278000E-02  2.62600000E-03
  8.00000000E+00  1.30000000E+01  2.84744000E-02  2.83200000E-03
  8.00000000E+00  1.40000000E+01  4.07401000E-02  2.83900000E-03
  8.00000000E+00  1.60000000E+01  3.24824000E-03  3.13500000E-03
  8.00000000E+00  1.80000000E+01  3.33128000E-03  3.16900000E-03
  8.00000000E+00  1.90000000E+01  6.18383000E-03  3.17600000E-03
  8.00000000E+00  2.10000000E+01  3.19738000E-03  3.23300000E-03
  8.00000000E+00  2.20000000E+01  4.52127000E-03  3.23400000E-03
  8.00000000E+00  2.70000000E+01  3.07477000E-04  3.23801000E-03
  1.00000000E+01  1.00000000E+01  1.27059000E-04  2.71200000E-03
  1.00000000E+01  1.10000000E+01  8.03613000E-04  2.74600000E-03
  1.00000000E+01  1.30000000E+01  7.19757000E-04  2.95200000E-03
  1.00000000E+01  1.40000000E+01  1.02098000E-02  2.95900000E-03
  1.00000000E+01  1.60000000E+01  2.60661000E-03  3.25500000E-03
  1.00000000E+01  1.80000000E+01  2.54097000E-05  3.28900000E-03
  1.00000000E+01  1.90000000E+01  1.32135000E-04  3.29600000E-03
  1.00000000E+01  2.10000000E+01  8.19491000E-05  3.35300000E-03
  1.00000000E+01  2.20000000E+01  7.86456000E-04  3.35400000E-03
  1.00000000E+01  2.70000000E+01  2.38220000E-04  3.35801000E-03
  1.10000000E+01  1.10000000E+01  8.38538000E-04  2.78000000E-03
  1.10000000E+01  1.30000000E+01  7.95612000E-03  2.98600000E-03
  1.10000000E+01  1.40000000E+01  5.49752000E-03  2.99300000E-03
  1.10000000E+01  1.60000000E+01  4.89980000E-03  3.28900000E-03
  1.10000000E+01  1.80000000E+01  1.32135000E-04  3.32300000E-03
  1.10000000E+01  1.90000000E+01  2.26789000E-04  3.33000000E-03
  1.10000000E+01  2.10000000E+01  5.60304000E-04  3.38700000E-03
  1.10000000E+01  2.20000000E+01  3.98942000E-04  3.38800000E-03
  1.10000000E+01  2.70000000E+01  4.47873000E-04  3.39201000E-03
  1.30000000E+01  1.30000000E+01  1.54239000E-03  3.19200000E-03
  1.30000000E+01  1.40000000E+01  5.82533000E-02  3.19900000E-03
  1.30000000E+01  1.60000000E+01  3.71699000E-03  3.49500000E-03
  1.30000000E+01  1.80000000E+01  1.63902000E-04  3.52900000E-03
  1.30000000E+01  1.90000000E+01  1.36773000E-03  3.53600000E-03
  1.30000000E+01  2.10000000E+01  3.44310000E-04  3.59300000E-03
  1.30000000E+01  2.20000000E+01  4.92653000E-03  3.59400000E-03
  1.30000000E+01  2.70000000E+01  3.37965000E-04  3.59801000E-03
  1.40000000E+01  1.40000000E+01  1.64120000E-02  3.20600000E-03
  1.40000000E+01  1.60000000E+01  5.34065000E-03  3.50200000E-03
  1.40000000E+01  1.80000000E+01  1.64409000E-03  3.53600000E-03
  1.40000000E+01  1.90000000E+01  9.89097000E-04  3.54300000E-03
  1.40000000E+01  2.10000000E+01  4.92766000E-03  3.60000000E-03
  1.40000000E+01  2.20000000E+01  2.88460000E-03  3.60100000E-03
  1.40000000E+01  2.70000000E+01  4.85962000E-04  3.60501000E-03
  1.60000000E+01  1.60000000E+01  2.60445000E-04  3.79800000E-03
  1.60000000E+01  1.80000000E+01  4.56112000E-04  3.83200000E-03
  1.60000000E+01  1.90000000E+01  8.47451000E-04  3.83900000E-03
  1.60000000E+01  2.10000000E+01  4.16103000E-04  3.89600000E-03
  1.60000000E+01  2.20000000E+01  5.90177000E-04  3.89700000E-03
  1.60000000E+01  2.70000000E+01  4.89145000E-05  3.90101000E-03
  1.80000000E+01  1.80000000E+01  1.27059000E-06  3.86600000E-03
  1.80000000E+01  1.90000000E+01  2.22343000E-05  3.87300000E-03
  1.80000000E+01  2.10000000E+01  1.58814000E-05  3.93000000E-03
  1.80000000E+01  2.20000000E+01  1.30227000E-04  3.93100000E-03
  1.80000000E+01  2.70000000E+01  4.19267000E-05  3.93501000E-03
  1.90000000E+01  1.90000000E+01  1.52471000E-05  3.88000000E-03
  1.90000000E+01  2.10000000E+01  1.00371000E-04  3.93700000E-03
  1.90000000E+01  2.20000000E+01  7.43283000E-05  3.93800000E-03
  1.90000000E+01  2.70000000E+01  7.75040000E-05  3.94201000E-03
  2.10000000E+01  2.10000000E+01  1.84225000E-05  3.99400000E-03
  2.10000000E+01  2.20000000E+01  4.38973000E-04  3.99500000E-03
  2.10000000E+01  2.70000000E+01  3.81149000E-05  3.99901000E-03
  2.20000000E+01  2.20000000E+01  1.32134000E-04  3.99600000E-03
  2.20000000E+01  2.70000000E+01  5.39965000E-05  4.00001000E-03
  2.70000000E+01  2.70000000E+01  2.54100000E-06  4.00402000E-03
                                                                       1
 48000  0  7  112.4      180717  2  0.0         1.0000E+50  0.0
92931 91  0.0         5.          0.0         0.0         0.0
  6.00000000E+00  1.89701000E-08  1.90000000E-04
  8.00000000E+00  3.51722000E-03  2.95700000E-03
  1.10000000E+01  4.29162000E-05  3.11100000E-03
  1.30000000E+01  4.99682000E-02  3.31700000E-03
  1.60000000E+01  3.88632000E-04  3.62000000E-03
  1.90000000E+01  3.11932000E-06  3.66100000E-03
  2.10000000E+01  5.14243000E-03  3.71800000E-03
  2.70000000E+01  2.27301000E-05  3.72301000E-03
                                                                       1
 48000  0  9  112.4      180717  2  0.0         1.0000E+50  0.0
92932 91  0.0         5.          0.0         0.0         0.0
  6.00000000E+00  1.60000000E+01  1.35397000E-02  7.80000000E-05
  6.00000000E+00  1.80000000E+01  5.20491000E-02  1.12000000E-04
  6.00000000E+00  1.90000000E+01  1.86095000E-02  1.19000000E-04
  6.00000000E+00  2.10000000E+01  5.63771000E-02  1.76000000E-04
  6.00000000E+00  2.20000000E+01  2.12343000E-02  1.77000000E-04
  6.00000000E+00  2.70000000E+01  1.18106000E-03  1.81010000E-04
  8.00000000E+00  8.00000000E+00  1.20144000E-03  2.18200000E-03
  8.00000000E+00  1.00000000E+01  2.74784000E-02  2.30200000E-03
  8.00000000E+00  1.10000000E+01  2.65309000E-03  2.33600000E-03
  8.00000000E+00  1.30000000E+01  1.78009000E-03  2.54200000E-03
  8.00000000E+00  1.40000000E+01  3.97108000E-03  2.54900000E-03
  8.00000000E+00  1.60000000E+01  3.78197000E-04  2.84500000E-03
  8.00000000E+00  1.80000000E+01  3.38795000E-03  2.87900000E-03
  8.00000000E+00  1.90000000E+01  4.08772000E-04  2.88600000E-03
  8.00000000E+00  2.10000000E+01  1.48331000E-04  2.94300000E-03
  8.00000000E+00  2.20000000E+01  2.88738000E-04  2.94400000E-03
  8.00000000E+00  2.70000000E+01  3.51019000E-05  2.94801000E-03
  1.00000000E+01  1.00000000E+01  2.67128000E-02  2.42200000E-03
  1.00000000E+01  1.10000000E+01  8.57155000E-02  2.45600000E-03
  1.00000000E+01  1.30000000E+01  4.60022000E-02  2.66200000E-03
  1.00000000E+01  1.40000000E+01  8.03891000E-02  2.66900000E-03
  1.00000000E+01  1.60000000E+01  5.48818000E-03  2.96500000E-03
  1.00000000E+01  1.80000000E+01  8.08099000E-03  2.99900000E-03
  1.00000000E+01  1.90000000E+01  1.45427000E-02  3.00600000E-03
  1.00000000E+01  2.10000000E+01  5.14535000E-03  3.06300000E-03
  1.00000000E+01  2.20000000E+01  8.92356000E-03  3.06400000E-03
  1.00000000E+01  2.70000000E+01  5.31046000E-04  3.06801000E-03
  1.10000000E+01  1.10000000E+01  2.28494000E-03  2.49000000E-03
  1.10000000E+01  1.30000000E+01  5.62778000E-02  2.69600000E-03
  1.10000000E+01  1.40000000E+01  7.59427000E-03  2.70300000E-03
  1.10000000E+01  1.60000000E+01  4.57447000E-04  2.99900000E-03
  1.10000000E+01  1.80000000E+01  1.09488000E-02  3.03300000E-03
  1.10000000E+01  1.90000000E+01  6.57854000E-04  3.04000000E-03
  1.10000000E+01  2.10000000E+01  5.50664000E-03  3.09700000E-03
  1.10000000E+01  2.20000000E+01  6.89568000E-04  3.09800000E-03
  1.10000000E+01  2.70000000E+01  4.30279000E-05  3.10201000E-03
  1.30000000E+01  1.30000000E+01  5.07838000E-02  2.90200000E-03
  1.30000000E+01  1.40000000E+01  2.20345000E-01  2.90900000E-03
  1.30000000E+01  1.60000000E+01  3.65735000E-04  3.20500000E-03
  1.30000000E+01  1.80000000E+01  5.88349000E-03  3.23900000E-03
  1.30000000E+01  1.90000000E+01  9.05398000E-03  3.24600000E-03
  1.30000000E+01  2.10000000E+01  9.91457000E-03  3.30300000E-03
  1.30000000E+01  2.20000000E+01  2.26802000E-02  3.30400000E-03
  1.30000000E+01  2.70000000E+01  3.51012000E-05  3.30801000E-03
  1.40000000E+01  1.40000000E+01  1.04771000E-02  2.91600000E-03
  1.40000000E+01  1.60000000E+01  6.77130000E-04  3.21200000E-03
  1.40000000E+01  1.80000000E+01  9.24437000E-03  3.24600000E-03
  1.40000000E+01  1.90000000E+01  1.12208000E-03  3.25300000E-03
  1.40000000E+01  2.10000000E+01  1.86555000E-02  3.31000000E-03
  1.40000000E+01  2.20000000E+01  1.98050000E-03  3.31100000E-03
  1.40000000E+01  2.70000000E+01  6.45415000E-05  3.31501000E-03
  1.60000000E+01  1.60000000E+01  3.76124000E-05  3.50800000E-03
  1.60000000E+01  1.80000000E+01  8.67955000E-04  3.54200000E-03
  1.60000000E+01  1.90000000E+01  9.11384000E-05  3.54900000E-03
  1.60000000E+01  2.10000000E+01  3.76124000E-05  3.60600000E-03
  1.60000000E+01  2.20000000E+01  6.36540000E-05  3.60700000E-03
  1.60000000E+01  2.70000000E+01  7.23298000E-06  3.61101000E-03
  1.80000000E+01  1.80000000E+01  5.89149000E-04  3.57600000E-03
  1.80000000E+01  1.90000000E+01  1.85796000E-03  3.58300000E-03
  1.80000000E+01  2.10000000E+01  6.50314000E-04  3.64000000E-03
  1.80000000E+01  2.20000000E+01  1.03319000E-03  3.64100000E-03
  1.80000000E+01  2.70000000E+01  6.57094000E-05  3.64501000E-03
  1.90000000E+01  1.90000000E+01  4.75555000E-05  3.59000000E-03
  1.90000000E+01  2.10000000E+01  8.93386000E-04  3.64700000E-03
  1.90000000E+01  2.20000000E+01  1.04170000E-04  3.64800000E-03
  1.90000000E+01  2.70000000E+01  6.79368000E-06  3.65201000E-03
  2.10000000E+01  2.10000000E+01  4.80076000E-04  3.70400000E-03
  2.10000000E+01  2.20000000E+01  1.96794000E-03  3.70500000E-03
  2.10000000E+01  2.70000000E+01  3.39684000E-06  3.70901000E-03
  2.20000000E+01  2.20000000E+01  1.08044000E-04  3.70600000E-03
  2.20000000E+01  2.70000000E+01  5.20673000E-06  3.71001000E-03
                                                                       1
 48000  0  7  112.4      180717  2  0.0         1.0000E+50  0.0
92931 91  0.0         6.          0.0         0.0         0.0
  8.00000000E+00  6.00518000E-03  2.76700000E-03
  1.00000000E+01  2.93199000E-05  2.88700000E-03
  1.10000000E+01  2.75549000E-05  2.92100000E-03
  1.30000000E+01  5.04698000E-03  3.12700000E-03
  1.40000000E+01  4.47809000E-02  3.13400000E-03
  1.60000000E+01  4.08279000E-04  3.43000000E-03
  1.80000000E+01  1.58660000E-06  3.46400000E-03
  1.90000000E+01  1.51070000E-06  3.47100000E-03
  2.10000000E+01  5.10248000E-04  3.52800000E-03
  2.20000000E+01  4.51149000E-03  3.52900000E-03
  2.70000000E+01  2.85249000E-05  3.53301000E-03
                                                                       1
 48000  0  9  112.4      180717  2  0.0         1.0000E+50  0.0
92932 91  0.0         6.          0.0         0.0         0.0
  8.00000000E+00  8.00000000E+00  1.52808000E-03  1.99200000E-03
  8.00000000E+00  1.00000000E+01  1.13227000E-03  2.11200000E-03
  8.00000000E+00  1.10000000E+01  3.18017000E-02  2.14600000E-03
  8.00000000E+00  1.30000000E+01  3.10042000E-03  2.35200000E-03
  8.00000000E+00  1.40000000E+01  3.25781000E-03  2.35900000E-03
  8.00000000E+00  1.60000000E+01  4.81938000E-04  2.65500000E-03
  8.00000000E+00  1.80000000E+01  1.68427000E-04  2.68900000E-03
  8.00000000E+00  1.90000000E+01  3.90564000E-03  2.69600000E-03
  8.00000000E+00  2.10000000E+01  2.05299000E-04  2.75300000E-03
  8.00000000E+00  2.20000000E+01  2.02841000E-04  2.75400000E-03
  8.00000000E+00  2.70000000E+01  4.54866000E-05  2.75801000E-03
  1.00000000E+01  1.00000000E+01  3.94634000E-04  2.23200000E-03
  1.00000000E+01  1.10000000E+01  5.26749000E-02  2.26600000E-03
  1.00000000E+01  1.30000000E+01  3.63156000E-03  2.47200000E-03
  1.00000000E+01  1.40000000E+01  3.25354000E-02  2.47900000E-03
  1.00000000E+01  1.60000000E+01  1.91781000E-04  2.77500000E-03
  1.00000000E+01  1.80000000E+01  1.15556000E-04  2.80900000E-03
  1.00000000E+01  1.90000000E+01  6.68297000E-03  2.81600000E-03
  1.00000000E+01  2.10000000E+01  3.82342000E-04  2.87300000E-03
  1.00000000E+01  2.20000000E+01  3.01811000E-03  2.87400000E-03
  1.00000000E+01  2.70000000E+01  1.84406000E-05  2.87801000E-03
  1.10000000E+01  1.10000000E+01  7.50337000E-02  2.30000000E-03
  1.10000000E+01  1.30000000E+01  7.51685000E-02  2.50600000E-03
  1.10000000E+01  1.40000000E+01  1.14655000E-01  2.51300000E-03
  1.10000000E+01  1.60000000E+01  6.29076000E-03  2.80900000E-03
  1.10000000E+01  1.80000000E+01  8.88224000E-03  2.84300000E-03
  1.10000000E+01  1.90000000E+01  2.22355000E-02  2.85000000E-03
  1.10000000E+01  2.10000000E+01  8.15168000E-03  2.90700000E-03
  1.10000000E+01  2.20000000E+01  1.22130000E-02  2.90800000E-03
  1.10000000E+01  2.70000000E+01  6.08521000E-04  2.91201000E-03
  1.30000000E+01  1.30000000E+01  1.08013000E-02  2.71200000E-03
  1.30000000E+01  1.40000000E+01  2.08561000E-01  2.71900000E-03
  1.30000000E+01  1.60000000E+01  5.69235000E-04  3.01500000E-03
  1.30000000E+01  1.80000000E+01  6.07317000E-04  3.04900000E-03
  1.30000000E+01  1.90000000E+01  8.96332000E-03  3.05600000E-03
  1.30000000E+01  2.10000000E+01  2.11938000E-03  3.11300000E-03
  1.30000000E+01  2.20000000E+01  1.78133000E-02  3.11400000E-03
  1.30000000E+01  2.70000000E+01  5.40945000E-05  3.11801000E-03
  1.40000000E+01  1.40000000E+01  1.41872000E-01  2.72600000E-03
  1.40000000E+01  1.60000000E+01  6.38060000E-04  3.02200000E-03
  1.40000000E+01  1.80000000E+01  5.14166000E-03  3.05600000E-03
  1.40000000E+01  1.90000000E+01  1.51356000E-02  3.06300000E-03
  1.40000000E+01  2.10000000E+01  2.06738000E-02  3.12000000E-03
  1.40000000E+01  2.20000000E+01  2.66066000E-02  3.12100000E-03
  1.40000000E+01  2.70000000E+01  6.14686000E-05  3.12501000E-03
  1.60000000E+01  1.60000000E+01  4.87636000E-05  3.31800000E-03
  1.60000000E+01  1.80000000E+01  3.61786000E-05  3.35200000E-03
  1.60000000E+01  1.90000000E+01  9.90999000E-04  3.35900000E-03
  1.60000000E+01  2.10000000E+01  5.03363000E-05  3.41600000E-03
  1.60000000E+01  2.20000000E+01  5.34815000E-05  3.41700000E-03
  1.60000000E+01  2.70000000E+01  9.43769000E-06  3.42101000E-03
  1.80000000E+01  1.80000000E+01  8.65926000E-06  3.38600000E-03
  1.80000000E+01  1.90000000E+01  1.13193000E-03  3.39300000E-03
  1.80000000E+01  2.10000000E+01  6.30893000E-05  3.45000000E-03
  1.80000000E+01  2.20000000E+01  4.91144000E-04  3.45100000E-03
  1.80000000E+01  2.70000000E+01  2.47411000E-06  3.45501000E-03
  1.90000000E+01  1.90000000E+01  1.59221000E-03  3.40000000E-03
  1.90000000E+01  2.10000000E+01  9.67800000E-04  3.45700000E-03
  1.90000000E+01  2.20000000E+01  1.58744000E-03  3.45800000E-03
  1.90000000E+01  2.70000000E+01  7.45438000E-05  3.46201000E-03
  2.10000000E+01  2.10000000E+01  1.02034000E-04  3.51400000E-03
  2.10000000E+01  2.20000000E+01  1.80597000E-03  3.51500000E-03
  2.10000000E+01  2.70000000E+01  3.68808000E-06  3.51901000E-03
  2.20000000E+01  2.20000000E+01  1.29129000E-03  3.51600000E-03
  2.20000000E+01  2.70000000E+01  3.80177000E-06  3.52001000E-03
                                                                       1
 48000  0  7  112.4      180717  2  0.0         1.0000E+50  0.0
92931 91  0.0         8.          0.0         0.0         0.0
  1.00000000E+01  1.16757000E-05  1.20000000E-04
  1.10000000E+01  5.65657000E-05  1.54000000E-04
  1.80000000E+01  1.20080000E-04  6.97000000E-04
  1.90000000E+01  1.72823000E-04  7.04000000E-04
                                                                       1
 48000  0  9  112.4      180717  2  0.0         1.0000E+50  0.0
92932 91  0.0         8.          0.0         0.0         0.0
  1.00000000E+01  1.60000000E+01  4.13581000E-02  8.00000000E-06
  1.00000000E+01  1.80000000E+01  4.92490000E-02  4.20000000E-05
  1.00000000E+01  1.90000000E+01  9.36500000E-02  4.90000000E-05
  1.00000000E+01  2.10000000E+01  5.10064000E-02  1.06000000E-04
  1.00000000E+01  2.20000000E+01  6.79992000E-02  1.07000000E-04
  1.00000000E+01  2.70000000E+01  3.54633000E-03  1.11010000E-04
  1.10000000E+01  1.60000000E+01  7.60897000E-02  4.20000000E-05
  1.10000000E+01  1.80000000E+01  8.39822000E-02  7.60000000E-05
  1.10000000E+01  1.90000000E+01  1.33293000E-01  8.30000000E-05
  1.10000000E+01  2.10000000E+01  4.74325000E-02  1.40000000E-04
  1.10000000E+01  2.20000000E+01  7.00961000E-02  1.41000000E-04
  1.10000000E+01  2.70000000E+01  5.51458000E-03  1.45010000E-04
  1.30000000E+01  1.60000000E+01  2.98378000E-02  2.48000000E-04
  1.30000000E+01  1.80000000E+01  5.81988000E-03  2.82000000E-04
  1.30000000E+01  1.90000000E+01  4.39842000E-03  2.89000000E-04
  1.30000000E+01  2.10000000E+01  5.21439000E-03  3.46000000E-04
  1.30000000E+01  2.20000000E+01  6.08422000E-03  3.47000000E-04
  1.30000000E+01  2.70000000E+01  1.61212000E-03  3.51010000E-04
  1.40000000E+01  1.60000000E+01  4.38315000E-02  2.55000000E-04
  1.40000000E+01  1.80000000E+01  1.61474000E-03  2.89000000E-04
  1.40000000E+01  1.90000000E+01  1.15443000E-02  2.96000000E-04
  1.40000000E+01  2.10000000E+01  6.43079000E-03  3.53000000E-04
  1.40000000E+01  2.20000000E+01  1.03742000E-02  3.54000000E-04
  1.40000000E+01  2.70000000E+01  2.36433000E-03  3.58010000E-04
  1.60000000E+01  1.60000000E+01  1.19259000E-02  5.51000000E-04
  1.60000000E+01  1.80000000E+01  1.81602000E-02  5.85000000E-04
  1.60000000E+01  1.90000000E+01  3.36429000E-02  5.92000000E-04
  1.60000000E+01  2.10000000E+01  2.52594000E-02  6.49000000E-04
  1.60000000E+01  2.20000000E+01  3.65646000E-02  6.50000000E-04
  1.60000000E+01  2.70000000E+01  1.48662000E-03  6.54010000E-04
  1.80000000E+01  1.80000000E+01  1.11068000E-03  6.19000000E-04
  1.80000000E+01  1.90000000E+01  2.66722000E-03  6.26000000E-04
  1.80000000E+01  2.10000000E+01  1.26846000E-03  6.83000000E-04
  1.80000000E+01  2.20000000E+01  3.72147000E-04  6.84000000E-04
  1.80000000E+01  2.70000000E+01  9.88981000E-04  6.88010000E-04
  1.90000000E+01  1.90000000E+01  3.41632000E-03  6.33000000E-04
  1.90000000E+01  2.10000000E+01  9.75900000E-04  6.90000000E-04
  1.90000000E+01  2.20000000E+01  2.93738000E-03  6.91000000E-04
  1.90000000E+01  2.70000000E+01  1.77166000E-03  6.95010000E-04
  2.10000000E+01  2.10000000E+01  2.81373000E-04  7.47000000E-04
  2.10000000E+01  2.20000000E+01  6.82163000E-04  7.48000000E-04
  2.10000000E+01  2.70000000E+01  1.29436000E-03  7.52010000E-04
  2.20000000E+01  2.20000000E+01  5.72377000E-04  7.49000000E-04
  2.20000000E+01  2.70000000E+01  1.87221000E-03  7.53010000E-04
  2.70000000E+01  2.70000000E+01  4.39219000E-05  7.57020000E-04
                                                                       1
 48000  0  7  112.4      180717  2  0.0         1.0000E+50  0.0
92931 91  0.0         10.         0.0         0.0         0.0
  1.30000000E+01  4.26419000E-04  2.40000000E-04
  1.60000000E+01  2.18565000E-04  5.43000000E-04
  2.10000000E+01  5.01896000E-04  6.41000000E-04
  2.70000000E+01  1.75080000E-05  6.46010000E-04
                                                                       1
 48000  0  9  112.4      180717  2  0.0         1.0000E+50  0.0
92932 91  0.0         10.         0.0         0.0         0.0
  1.10000000E+01  2.10000000E+01  1.91616000E-02  2.00000000E-05
  1.10000000E+01  2.20000000E+01  4.63839000E-02  2.10000000E-05
  1.10000000E+01  2.70000000E+01  5.20645000E-03  2.50100000E-05
  1.30000000E+01  1.60000000E+01  1.41727000E-01  1.28000000E-04
  1.30000000E+01  1.80000000E+01  1.45155000E-01  1.62000000E-04
  1.30000000E+01  1.90000000E+01  2.19971000E-01  1.69000000E-04
  1.30000000E+01  2.10000000E+01  4.30693000E-02  2.26000000E-04
  1.30000000E+01  2.20000000E+01  4.14578000E-02  2.27000000E-04
  1.30000000E+01  2.70000000E+01  1.04394000E-02  2.31010000E-04
  1.40000000E+01  1.60000000E+01  2.45658000E-02  1.35000000E-04
  1.40000000E+01  1.80000000E+01  1.86489000E-01  1.69000000E-04
  1.40000000E+01  1.90000000E+01  1.97870000E-02  1.76000000E-04
  1.40000000E+01  2.10000000E+01  4.74954000E-03  2.33000000E-04
  1.40000000E+01  2.20000000E+01  5.90054000E-03  2.34000000E-04
  1.40000000E+01  2.70000000E+01  1.28824000E-03  2.38010000E-04
  1.60000000E+01  1.60000000E+01  6.96708000E-04  4.31000000E-04
  1.60000000E+01  1.80000000E+01  1.01888000E-02  4.65000000E-04
  1.60000000E+01  1.90000000E+01  1.64562000E-03  4.72000000E-04
  1.60000000E+01  2.10000000E+01  3.47983000E-04  5.29000000E-04
  1.60000000E+01  2.20000000E+01  8.28771000E-04  5.30000000E-04
  1.60000000E+01  2.70000000E+01  8.31008000E-05  5.34010000E-04
  1.80000000E+01  1.80000000E+01  6.64002000E-03  4.99000000E-04
  1.80000000E+01  1.90000000E+01  2.08911000E-02  5.06000000E-04
  1.80000000E+01  2.10000000E+01  1.36244000E-02  5.63000000E-04
  1.80000000E+01  2.20000000E+01  2.25991000E-02  5.64000000E-04
  1.80000000E+01  2.70000000E+01  7.15351000E-04  5.68010000E-04
  1.90000000E+01  1.90000000E+01  6.00078000E-04  5.13000000E-04
  1.90000000E+01  2.10000000E+01  1.67256000E-03  5.70000000E-04
  1.90000000E+01  2.20000000E+01  1.11294000E-03  5.71000000E-04
  1.90000000E+01  2.70000000E+01  9.51230000E-05  5.75010000E-04
  2.10000000E+01  2.10000000E+01  4.62685000E-04  6.27000000E-04
  2.10000000E+01  2.20000000E+01  9.63628000E-04  6.28000000E-04
  2.10000000E+01  2.70000000E+01  2.46875000E-05  6.32010000E-04
  2.20000000E+01  2.20000000E+01  2.39517000E-04  6.29000000E-04
  2.20000000E+01  2.70000000E+01  4.93627000E-05  6.33010000E-04
  2.70000000E+01  2.70000000E+01  2.12220000E-06  6.37020000E-04
                                                                       1
 48000  0  7  112.4      180717  2  0.0         1.0000E+50  0.0
92931 91  0.0         11.         0.0         0.0         0.0
  1.30000000E+01  2.80039000E-05  2.06000000E-04
  1.40000000E+01  2.86592000E-04  2.13000000E-04
  1.60000000E+01  2.66666000E-04  5.09000000E-04
  2.10000000E+01  6.25791000E-05  6.07000000E-04
  2.20000000E+01  5.15567000E-04  6.08000000E-04
  2.70000000E+01  2.12177000E-05  6.12010000E-04
                                                                       1
 48000  0  9  112.4      180717  2  0.0         1.0000E+50  0.0
92932 91  0.0         11.         0.0         0.0         0.0
  1.30000000E+01  1.60000000E+01  2.91916000E-02  9.40000000E-05
  1.30000000E+01  1.80000000E+01  2.04328000E-02  1.28000000E-04
  1.30000000E+01  1.90000000E+01  1.31993000E-01  1.35000000E-04
  1.30000000E+01  2.10000000E+01  1.05331000E-02  1.92000000E-04
  1.30000000E+01  2.20000000E+01  7.16789000E-03  1.93000000E-04
  1.30000000E+01  2.70000000E+01  1.78471000E-03  1.97010000E-04
  1.40000000E+01  1.60000000E+01  1.35809000E-01  1.01000000E-04
  1.40000000E+01  1.80000000E+01  1.36063000E-01  1.35000000E-04
  1.40000000E+01  1.90000000E+01  2.86131000E-01  1.42000000E-04
  1.40000000E+01  2.10000000E+01  3.61173000E-02  1.99000000E-04
  1.40000000E+01  2.20000000E+01  6.65426000E-02  2.00000000E-04
  1.40000000E+01  2.70000000E+01  9.89396000E-03  2.04010000E-04
  1.60000000E+01  1.60000000E+01  9.14952000E-04  3.97000000E-04
  1.60000000E+01  1.80000000E+01  1.33439000E-03  4.31000000E-04
  1.60000000E+01  1.90000000E+01  1.94229000E-02  4.38000000E-04
  1.60000000E+01  2.10000000E+01  9.43211000E-04  4.95000000E-04
  1.60000000E+01  2.20000000E+01  1.06934000E-03  4.96000000E-04
  1.60000000E+01  2.70000000E+01  1.09379000E-04  5.00010000E-04
  1.80000000E+01  1.80000000E+01  2.09941000E-04  4.65000000E-04
  1.80000000E+01  1.90000000E+01  1.88133000E-02  4.72000000E-04
  1.80000000E+01  2.10000000E+01  4.70009000E-04  5.29000000E-04
  1.80000000E+01  2.20000000E+01  2.31731000E-03  5.30000000E-04
  1.80000000E+01  2.70000000E+01  6.76422000E-05  5.34010000E-04
  1.90000000E+01  1.90000000E+01  2.41319000E-02  4.79000000E-04
  1.90000000E+01  2.10000000E+01  2.30994000E-02  5.36000000E-04
  1.90000000E+01  2.20000000E+01  3.13386000E-02  5.37000000E-04
  1.90000000E+01  2.70000000E+01  1.09039000E-03  5.41010000E-04
  2.10000000E+01  2.10000000E+01  1.18836000E-04  5.93000000E-04
  2.10000000E+01  2.20000000E+01  9.28892000E-04  5.94000000E-04
  2.10000000E+01  2.70000000E+01  2.75336000E-05  5.98010000E-04
  2.20000000E+01  2.20000000E+01  7.14906000E-04  5.95000000E-04
  2.20000000E+01  2.70000000E+01  3.53680000E-05  5.99010000E-04
  2.70000000E+01  2.70000000E+01  1.89723000E-06  6.03020000E-04
                                                                       1
 48000  0  7  112.4      180717  2  0.0         1.0000E+50  0.0
92931 91  0.0         13.         0.0         0.0         0.0
  1.80000000E+01  6.26730000E-04  3.37000000E-04
  1.90000000E+01  1.04950000E-04  3.44000000E-04
                                                                       1
 48000  0  9  112.4      180717  2  0.0         1.0000E+50  0.0
92932 91  0.0         13.         0.0         0.0         0.0
  1.60000000E+01  1.60000000E+01  8.78719000E-04  1.91000000E-04
  1.60000000E+01  1.80000000E+01  1.33151000E-02  2.25000000E-04
  1.60000000E+01  1.90000000E+01  1.31572000E-02  2.32000000E-04
  1.60000000E+01  2.10000000E+01  1.41428000E-01  2.89000000E-04
  1.60000000E+01  2.20000000E+01  2.35913000E-02  2.90000000E-04
  1.60000000E+01  2.70000000E+01  7.91650000E-05  2.94010000E-04
  1.80000000E+01  1.80000000E+01  1.40118000E-03  2.59000000E-04
  1.80000000E+01  1.90000000E+01  2.37961000E-02  2.66000000E-04
  1.80000000E+01  2.10000000E+01  1.03642000E-01  3.23000000E-04
  1.80000000E+01  2.20000000E+01  9.24627000E-03  3.24000000E-04
  1.80000000E+01  2.70000000E+01  3.64155000E-04  3.28010000E-04
  1.90000000E+01  1.90000000E+01  1.00452000E-02  2.73000000E-04
  1.90000000E+01  2.10000000E+01  2.30350000E-01  3.30000000E-04
  1.90000000E+01  2.20000000E+01  9.68156000E-03  3.31000000E-04
  1.90000000E+01  2.70000000E+01  4.82904000E-04  3.35010000E-04
  2.10000000E+01  2.10000000E+01  1.32249000E-01  3.87000000E-04
  2.10000000E+01  2.20000000E+01  2.71003000E-01  3.88000000E-04
  2.10000000E+01  2.70000000E+01  9.08775000E-03  3.92010000E-04
  2.20000000E+01  2.20000000E+01  4.59751000E-03  3.89000000E-04
  2.20000000E+01  2.70000000E+01  8.70488000E-04  3.93010000E-04
                                                                       1
 48000  0  7  112.4      180717  2  0.0         1.0000E+50  0.0
92931 91  0.0         14.         0.0         0.0         0.0
  1.90000000E+01  6.56932000E-04  3.37000000E-04
                                                                       1
 48000  0  9  112.4      180717  2  0.0         1.0000E+50  0.0
92932 91  0.0         14.         0.0         0.0         0.0
  1.60000000E+01  1.60000000E+01  1.26485000E-03  1.84000000E-04
  1.60000000E+01  1.80000000E+01  7.97185000E-03  2.18000000E-04
  1.60000000E+01  1.90000000E+01  2.09885000E-02  2.25000000E-04
  1.60000000E+01  2.10000000E+01  1.72088000E-02  2.82000000E-04
  1.60000000E+01  2.20000000E+01  1.48507000E-01  2.83000000E-04
  1.60000000E+01  2.70000000E+01  1.09311000E-04  2.87010000E-04
  1.80000000E+01  1.80000000E+01  3.90385000E-05  2.52000000E-04
  1.80000000E+01  1.90000000E+01  2.39551000E-02  2.59000000E-04
  1.80000000E+01  2.10000000E+01  2.13151000E-03  3.16000000E-04
  1.80000000E+01  2.20000000E+01  1.26304000E-01  3.17000000E-04
  1.80000000E+01  2.70000000E+01  2.81076000E-04  3.21010000E-04
  1.90000000E+01  1.90000000E+01  1.59125000E-02  2.66000000E-04
  1.90000000E+01  2.10000000E+01  1.18130000E-02  3.23000000E-04
  1.90000000E+01  2.20000000E+01  2.09887000E-01  3.24000000E-04
  1.90000000E+01  2.70000000E+01  6.48066000E-04  3.28010000E-04
  2.10000000E+01  2.10000000E+01  1.91295000E-03  3.80000000E-04
  2.10000000E+01  2.20000000E+01  1.86337000E-01  3.81000000E-04
  2.10000000E+01  2.70000000E+01  6.40267000E-04  3.85010000E-04
  2.20000000E+01  2.20000000E+01  2.14163000E-01  3.82000000E-04
  2.20000000E+01  2.70000000E+01  9.26788000E-03  3.86010000E-04
                                                                       1
 48000  0  7  112.4      180717  2  0.0         1.0000E+50  0.0
92931 91  0.0         16.         0.0         0.0         0.0
  1.80000000E+01  7.68543000E-06  3.40000000E-05
  1.90000000E+01  2.18563000E-05  4.10000000E-05
                                                                       1
 48000  0  9  112.4      180717  2  0.0         1.0000E+50  0.0
92932 91  0.0         16.         0.0         0.0         0.0
  1.80000000E+01  2.10000000E+01  4.70923000E-02  2.00000000E-05
  1.80000000E+01  2.20000000E+01  1.65369000E-01  2.10000000E-05
  1.80000000E+01  2.70000000E+01  8.73909000E-03  2.50100000E-05
  1.90000000E+01  2.10000000E+01  3.41710000E-01  2.70000000E-05
  1.90000000E+01  2.20000000E+01  3.59016000E-01  2.80000000E-05
  1.90000000E+01  2.70000000E+01  1.51542000E-02  3.20100000E-05
  2.10000000E+01  2.10000000E+01  1.15926000E-03  8.40000000E-05
  2.10000000E+01  2.20000000E+01  3.48037000E-02  8.50000000E-05
  2.10000000E+01  2.70000000E+01  5.28803000E-03  8.90100000E-05
  2.20000000E+01  2.20000000E+01  5.89581000E-03  8.60000000E-05
  2.20000000E+01  2.70000000E+01  4.41318000E-03  9.00100000E-05
  2.70000000E+01  2.70000000E+01  1.13310000E-02  9.40200000E-05
                                                                       1
 48000  0  7  112.4      180717  2  0.0         1.0000E+50  0.0
92931 91  0.0         18.         0.0         0.0         0.0
  2.10000000E+01  2.41961000E-05  6.40000000E-05
  2.70000000E+01  1.34331000E-06  6.90100000E-05
                                                                       1
 48000  0  9  112.4      180717  2  0.0         1.0000E+50  0.0
92932 91  0.0         18.         0.0         0.0         0.0
  2.10000000E+01  2.10000000E+01  1.60717000E-01  5.00000000E-05
  2.10000000E+01  2.20000000E+01  7.98462000E-01  5.10000000E-05
  2.10000000E+01  2.70000000E+01  1.17148000E-02  5.50100000E-05
  2.20000000E+01  2.20000000E+01  2.79941000E-02  5.20000000E-05
  2.20000000E+01  2.70000000E+01  1.08507000E-03  5.60100000E-05
  2.70000000E+01  2.70000000E+01  1.15650000E-06  6.00200000E-05
                                                                       1
 48000  0  7  112.4      180717  2  0.0         1.0000E+50  0.0
92931 91  0.0         19.         0.0         0.0         0.0
  2.10000000E+01  6.36900000E-07  5.70000000E-05
  2.20000000E+01  6.00120000E-06  5.80000000E-05
  2.70000000E+01  4.81350000E-07  6.20100000E-05
                                                                       1
 48000  0  9  112.4      180717  2  0.0         1.0000E+50  0.0
92932 91  0.0         19.         0.0         0.0         0.0
  2.10000000E+01  2.10000000E+01  2.31846000E-02  4.30000000E-05
  2.10000000E+01  2.20000000E+01  5.84403000E-01  4.40000000E-05
  2.10000000E+01  2.70000000E+01  2.28186000E-03  4.80100000E-05
  2.20000000E+01  2.20000000E+01  3.78198000E-01  4.50000000E-05
  2.20000000E+01  2.70000000E+01  1.19220000E-02  4.90100000E-05
  2.70000000E+01  2.70000000E+01  3.52910000E-06  5.30200000E-05
                                                                       1
