 55000  0  0  132.905    180717  2  0.0         1.0000E+50  0.0
91912  0  0.0         0.0         0.0         0.0         0.0
 1.000000000E+00 2.000000000E+00
 3.000000000E+00 2.000000000E+00
 5.000000000E+00 2.000000000E+00
 6.000000000E+00 4.000000000E+00
 8.000000000E+00 2.000000000E+00
 1.000000000E+01 2.000000000E+00
 1.100000000E+01 4.000000000E+00
 1.300000000E+01 4.000000000E+00
 1.400000000E+01 6.000000000E+00
 1.600000000E+01 2.000000000E+00
 1.800000000E+01 2.000000000E+00
 1.900000000E+01 4.000000000E+00
 2.100000000E+01 4.000000000E+00
 2.200000000E+01 6.000000000E+00
 2.700000000E+01 2.000000000E+00
 2.900000000E+01 2.000000000E+00
 3.000000000E+01 4.000000000E+00
 4.100000000E+01 1.000000000E+00
                                                                       1
 55000  0  0  132.905    180717  2  0.0         1.0000E+50  0.0
91913  0  0.0         0.0         0.0         0.0         0.0
 1.000000000E+00 3.598700000E-02
 3.000000000E+00 5.717000000E-03
 5.000000000E+00 5.362000000E-03
 6.000000000E+00 5.014000000E-03
 8.000000000E+00 1.220000000E-03
 1.000000000E+01 1.068000000E-03
 1.100000000E+01 1.000000000E-03
 1.300000000E+01 7.420000000E-04
 1.400000000E+01 7.280000000E-04
 1.600000000E+01 2.330000000E-04
 1.800000000E+01 1.740000000E-04
 1.900000000E+01 1.640000000E-04
 2.100000000E+01 8.100000000E-05
 2.200000000E+01 7.900000000E-05
 2.700000000E+01 2.500000000E-05
 2.900000000E+01 1.400000000E-05
 3.000000000E+01 1.230000000E-05
 4.100000000E+01 3.890000000E-06
                                                                       1
 55000  0  0  132.905    180717  2  0.0         1.0000E+50  0.0
91914  0  0.0         0.0         0.0         0.0         0.0
 1.000000000E+00 4.606255996E-02
 3.000000000E+00 1.018317684E-02
 5.000000000E+00 1.013373210E-02
 6.000000000E+00 8.847439923E-03
 8.000000000E+00 3.051631561E-03
 1.000000000E+01 2.943829353E-03
 1.100000000E+01 2.650906448E-03
 1.300000000E+01 2.479949177E-03
 1.400000000E+01 2.411603045E-03
 1.600000000E+01 8.853015182E-04
 1.800000000E+01 7.745902072E-04
 1.900000000E+01 7.170112065E-04
 2.100000000E+01 5.560908772E-04
 2.200000000E+01 5.421996636E-04
 2.700000000E+01 1.444058767E-04
 2.900000000E+01 1.043295019E-04
 3.000000000E+01 9.062172855E-05
 4.100000000E+01 1.469555556E-05
                                                                       1
 55000  0  0  132.905    180717  2  0.0         1.0000E+50  0.0
91915  0  0.0         0.0         0.0         0.0         0.0
 1.000000000E+00 1.379400000E-10
 3.000000000E+00 5.888900000E-10
 5.000000000E+00 4.950600000E-10
 6.000000000E+00 5.263300000E-10
 8.000000000E+00 1.570100000E-09
 1.000000000E+01 1.514900000E-09
 1.100000000E+01 1.576300000E-09
 1.300000000E+01 1.419500000E-09
 1.400000000E+01 1.438800000E-09
 1.600000000E+01 3.635700000E-09
 1.800000000E+01 3.759300000E-09
 1.900000000E+01 3.900200000E-09
 2.100000000E+01 4.290200000E-09
 2.200000000E+01 4.340400000E-09
 2.700000000E+01 8.928000000E-09
 2.900000000E+01 1.021000000E-08
 3.000000000E+01 1.068100000E-08
 4.100000000E+01 3.007000000E-08
                                                                       1
 55000  0  0  132.905    180717  2  0.0         1.0000E+50  0.0
91921  0  0.0         0.0         0.0         0.0         0.0
 1.000000000E+00 1.070700000E-05
 3.000000000E+00 1.803100000E-07
 5.000000000E+00 3.028300000E-07
 6.000000000E+00 2.842700000E-07
 8.000000000E+00 4.746200000E-09
 1.000000000E+01 4.665100000E-09
 1.100000000E+01 4.661000000E-09
 1.300000000E+01 3.613600000E-10
 1.400000000E+01 3.058000000E-10
 1.600000000E+01 1.169500000E-10
 1.800000000E+01 2.625100000E-10
 1.900000000E+01 2.018200000E-10
 2.100000000E+01 1.208600000E-11
 2.200000000E+01 1.061000000E-11
                                                                       1
 55000  0  0  132.905    180717  2  0.0         1.0000E+50  0.0
91922  0  0.0         0.0         0.0         0.0         0.0
 1.000000000E+00 1.238700000E-06
 3.000000000E+00 3.293700000E-06
 5.000000000E+00 2.650200000E-06
 6.000000000E+00 2.438900000E-06
 8.000000000E+00 1.154700000E-05
 1.000000000E+01 4.938400000E-06
 1.100000000E+01 5.841600000E-06
 1.300000000E+01 6.265400000E-07
 1.400000000E+01 6.325800000E-07
 1.600000000E+01 5.761900000E-06
 1.800000000E+01 2.339800000E-05
 1.900000000E+01 3.727100000E-05
 2.100000000E+01 7.718400000E-08
 2.200000000E+01 7.487000000E-08
                                                                       1
 55000  0  0  132.905    180717  2  0.0         1.0000E+50  0.0
92935  0  0.0         0.0         0.0         0.0         0.0
 1.000000000E+00 2.509729480E-04
 3.000000000E+00 2.925516285E-04
 5.000000000E+00 2.480914778E-04
 6.000000000E+00 2.372988854E-04
 8.000000000E+00 2.158056001E-04
 1.000000000E+01 1.801759849E-04
 1.100000000E+01 1.773781645E-04
 1.300000000E+01 1.074009523E-04
 1.400000000E+01 1.086547300E-04
 1.600000000E+01 9.213579315E-05
 1.800000000E+01 8.159937352E-05
 1.900000000E+01 8.452070815E-05
 2.100000000E+01 4.073445626E-05
 2.200000000E+01 4.216753123E-05
 2.700000000E+01 2.500000000E-05
 2.900000000E+01 1.400000000E-05
 3.000000000E+01 1.230000000E-05
 4.100000000E+01 3.890000000E-06
                                                                       1
 55000  0  7  132.905    180717  2  0.0         1.0000E+50  0.0
92933  0  0.0         0.0         0.0         0.0         0.0
 1.000000000E+00 9.974960000E-01
 3.000000000E+00 1.094380000E-01
 5.000000000E+00 1.202120000E-01
 6.000000000E+00 1.034960000E-01
 8.000000000E+00 4.295780000E-03
 1.000000000E+01 4.568280000E-03
 1.100000000E+01 4.318130000E-03
 1.300000000E+01 2.777030000E-03
 1.400000000E+01 2.566530000E-03
 1.600000000E+01 1.276660000E-04
 1.800000000E+01 1.263970000E-04
 1.900000000E+01 3.889420000E-05
 2.100000000E+01 9.477590000E-07
 2.200000000E+01 9.730990000E-07
                                                                       1
 55000  0  7  132.905    180717  2  0.0         1.0000E+50  0.0
92934  0  0.0         0.0         0.0         0.0         0.0
 1.000000000E+00 2.884680318E-02
 3.000000000E+00 4.854487134E-04
 5.000000000E+00 5.343364171E-04
 6.000000000E+00 4.278010383E-04
 8.000000000E+00 3.079623036E-06
 1.000000000E+01 3.112683228E-06
 1.100000000E+01 2.952174264E-06
 1.300000000E+01 1.592417146E-06
 1.400000000E+01 1.461343447E-06
 1.600000000E+01 1.338589321E-08
 1.800000000E+01 1.244802330E-08
 1.900000000E+01 3.491960420E-09
 2.100000000E+01 6.062813573E-11
 2.200000000E+01 6.170114488E-11
                                                                       1
 55000  0  9  132.905    180717  2  0.0         1.0000E+50  0.0
92933  0  0.0         0.0         0.0         0.0         0.0
 1.000000000E+00 1.046660000E+01
 3.000000000E+00 1.228700000E+01
 5.000000000E+00 1.035410000E+01
 6.000000000E+00 9.815280000E+00
 8.000000000E+00 8.665470000E+00
 1.000000000E+01 7.188040000E+00
 1.100000000E+01 7.020990000E+00
 1.300000000E+01 3.975010000E+00
 1.400000000E+01 3.974050000E+00
 1.600000000E+01 3.198400000E+00
 1.800000000E+01 2.915560000E+00
 1.900000000E+01 2.938950000E+00
 2.100000000E+01 9.999990000E-01
 2.200000000E+01 9.999990000E-01
                                                                       1
 55000  0  9  132.905    180717  2  0.0         1.0000E+50  0.0
92934  0  0.0         0.0         0.0         0.0         0.0
 1.000000000E+00 6.889262875E-03
 3.000000000E+00 4.939001669E-03
 5.000000000E+00 4.579575104E-03
 6.000000000E+00 4.348902079E-03
 8.000000000E+00 1.001114828E-03
 1.000000000E+01 8.847112412E-04
 1.100000000E+01 8.196693180E-04
 1.300000000E+01 6.330072756E-04
 1.400000000E+01 6.178832710E-04
 1.600000000E+01 1.408511429E-04
 1.800000000E+01 9.238810024E-05
 1.900000000E+01 7.947587029E-05
 2.100000000E+01 4.026544913E-05
 2.200000000E+01 3.683246877E-05
                                                                       1
 55000  0  7  132.905    180717  2  0.0         1.0000E+50  0.0
92931 91  0.0         1.          0.0         0.0         0.0
  5.00000000E+00  2.57590000E-01  3.06250000E-02
  6.00000000E+00  4.75711000E-01  3.09730000E-02
  1.00000000E+01  4.50681000E-02  3.49190000E-02
  1.10000000E+01  8.73561000E-02  3.49870000E-02
  1.30000000E+01  4.66391000E-04  3.52450000E-02
  1.40000000E+01  6.35151000E-04  3.52590000E-02
  1.80000000E+01  9.48262000E-03  3.58130000E-02
  1.90000000E+01  1.84830000E-02  3.58230000E-02
  2.10000000E+01  9.09342000E-05  3.59060000E-02
  2.20000000E+01  1.23610000E-04  3.59080000E-02
  2.90000000E+01  1.16990000E-03  3.59730000E-02
  3.00000000E+01  2.21200000E-03  3.59747000E-02
                                                                       1
 55000  0  9  132.905    180717  2  0.0         1.0000E+50  0.0
92932 91  0.0         1.          0.0         0.0         0.0
  3.00000000E+00  3.00000000E+00  8.24482000E-03  2.45530000E-02
  3.00000000E+00  5.00000000E+00  9.83301000E-03  2.49080000E-02
  3.00000000E+00  6.00000000E+00  1.15824000E-02  2.52560000E-02
  3.00000000E+00  8.00000000E+00  2.95775000E-03  2.90500000E-02
  3.00000000E+00  1.00000000E+01  1.89175000E-03  2.92020000E-02
  3.00000000E+00  1.10000000E+01  2.25698000E-03  2.92700000E-02
  3.00000000E+00  1.30000000E+01  1.47986000E-04  2.95280000E-02
  3.00000000E+00  1.40000000E+01  1.59373000E-04  2.95420000E-02
  3.00000000E+00  1.60000000E+01  6.47312000E-04  3.00370000E-02
  3.00000000E+00  1.80000000E+01  3.91059000E-04  3.00960000E-02
  3.00000000E+00  1.90000000E+01  4.64273000E-04  3.01060000E-02
  3.00000000E+00  2.10000000E+01  2.79008000E-05  3.01890000E-02
  3.00000000E+00  2.20000000E+01  2.96863000E-05  3.01910000E-02
  3.00000000E+00  2.70000000E+01  1.00447000E-04  3.02450000E-02
  3.00000000E+00  2.90000000E+01  4.75444000E-05  3.02560000E-02
  3.00000000E+00  3.00000000E+01  5.44630000E-05  3.02577000E-02
  3.00000000E+00  4.10000000E+01  3.34817000E-06  3.02661100E-02
  5.00000000E+00  5.00000000E+00  1.17047000E-03  2.52630000E-02
  5.00000000E+00  6.00000000E+00  2.45362000E-02  2.56110000E-02
  5.00000000E+00  8.00000000E+00  1.46720000E-03  2.94050000E-02
  5.00000000E+00  1.00000000E+01  4.03773000E-04  2.95570000E-02
  5.00000000E+00  1.10000000E+01  3.99539000E-03  2.96250000E-02
  5.00000000E+00  1.30000000E+01  1.75443000E-04  2.98830000E-02
  5.00000000E+00  1.40000000E+01  5.84125000E-04  2.98970000E-02
  5.00000000E+00  1.60000000E+01  3.09148000E-04  3.03920000E-02
  5.00000000E+00  1.80000000E+01  8.19168000E-05  3.04510000E-02
  5.00000000E+00  1.90000000E+01  7.94621000E-04  3.04610000E-02
  5.00000000E+00  2.10000000E+01  3.23650000E-05  3.05440000E-02
  5.00000000E+00  2.20000000E+01  1.07815000E-04  3.05460000E-02
  5.00000000E+00  2.70000000E+01  4.75437000E-05  3.06000000E-02
  5.00000000E+00  2.90000000E+01  9.82111000E-06  3.06110000E-02
  5.00000000E+00  3.00000000E+01  9.26268000E-05  3.06127000E-02
  5.00000000E+00  4.10000000E+01  1.56235000E-06  3.06211100E-02
  6.00000000E+00  6.00000000E+00  1.21928000E-02  2.59590000E-02
  6.00000000E+00  8.00000000E+00  1.68583000E-03  2.97530000E-02
  6.00000000E+00  1.00000000E+01  3.89036000E-03  2.99050000E-02
  6.00000000E+00  1.10000000E+01  4.07823000E-03  2.99730000E-02
  6.00000000E+00  1.30000000E+01  6.93286000E-04  3.02310000E-02
  6.00000000E+00  1.40000000E+01  6.36145000E-04  3.02450000E-02
  6.00000000E+00  1.60000000E+01  3.53337000E-04  3.07400000E-02
  6.00000000E+00  1.80000000E+01  7.76533000E-04  3.07990000E-02
  6.00000000E+00  1.90000000E+01  8.16047000E-04  3.08090000E-02
  6.00000000E+00  2.10000000E+01  1.28562000E-04  3.08920000E-02
  6.00000000E+00  2.20000000E+01  1.17626000E-04  3.08940000E-02
  6.00000000E+00  2.70000000E+01  5.44625000E-05  3.09480000E-02
  6.00000000E+00  2.90000000E+01  9.37424000E-05  3.09590000E-02
  6.00000000E+00  3.00000000E+01  9.53094000E-05  3.09607000E-02
  6.00000000E+00  4.10000000E+01  1.78580000E-06  3.09691100E-02
  8.00000000E+00  8.00000000E+00  2.61379000E-04  3.35470000E-02
  8.00000000E+00  1.00000000E+01  2.84810000E-04  3.36990000E-02
  8.00000000E+00  1.10000000E+01  3.31467000E-04  3.37670000E-02
  8.00000000E+00  1.30000000E+01  2.05354000E-05  3.40250000E-02
  8.00000000E+00  1.40000000E+01  2.14281000E-05  3.40390000E-02
  8.00000000E+00  1.60000000E+01  1.14060000E-04  3.45340000E-02
  8.00000000E+00  1.80000000E+01  5.89270000E-05  3.45930000E-02
  8.00000000E+00  1.90000000E+01  6.83032000E-05  3.46030000E-02
  8.00000000E+00  2.10000000E+01  3.79457000E-06  3.46860000E-02
  8.00000000E+00  2.20000000E+01  4.01771000E-06  3.46880000E-02
  8.00000000E+00  2.70000000E+01  1.76327000E-05  3.47420000E-02
  8.00000000E+00  2.90000000E+01  7.14275000E-06  3.47530000E-02
  8.00000000E+00  3.00000000E+01  8.03561000E-06  3.47547000E-02
  8.00000000E+00  4.10000000E+01  6.69627000E-07  3.47631100E-02
  1.00000000E+01  1.00000000E+01  3.34803000E-05  3.38510000E-02
  1.00000000E+01  1.10000000E+01  6.44147000E-04  3.39190000E-02
  1.00000000E+01  1.30000000E+01  2.20974000E-05  3.41770000E-02
  1.00000000E+01  1.40000000E+01  7.25403000E-05  3.41910000E-02
  1.00000000E+01  1.60000000E+01  6.00414000E-05  3.46860000E-02
  1.00000000E+01  1.80000000E+01  1.36151000E-05  3.47450000E-02
  1.00000000E+01  1.90000000E+01  1.28557000E-04  3.47550000E-02
  1.00000000E+01  2.10000000E+01  4.01752000E-06  3.48380000E-02
  1.00000000E+01  2.20000000E+01  1.33917000E-05  3.48400000E-02
  1.00000000E+01  2.70000000E+01  9.37391000E-06  3.48940000E-02
  1.00000000E+01  2.90000000E+01  1.56230000E-06  3.49050000E-02
  1.00000000E+01  3.00000000E+01  1.49537000E-05  3.49067000E-02
  1.00000000E+01  4.10000000E+01  2.23208000E-07  3.49151100E-02
  1.10000000E+01  1.10000000E+01  3.42386000E-04  3.39870000E-02
  1.10000000E+01  1.30000000E+01  9.19617000E-05  3.42450000E-02
  1.10000000E+01  1.40000000E+01  8.23640000E-05  3.42590000E-02
  1.10000000E+01  1.60000000E+01  6.96393000E-05  3.47540000E-02
  1.10000000E+01  1.80000000E+01  1.29021000E-04  3.48130000E-02
  1.10000000E+01  1.90000000E+01  1.37047000E-04  3.48230000E-02
  1.10000000E+01  2.10000000E+01  1.71864000E-05  3.49060000E-02
  1.10000000E+01  2.20000000E+01  1.54010000E-05  3.49080000E-02
  1.10000000E+01  2.70000000E+01  1.07138000E-05  3.49620000E-02
  1.10000000E+01  2.90000000E+01  1.56234000E-05  3.49730000E-02
  1.10000000E+01  3.00000000E+01  1.60713000E-05  3.49747000E-02
  1.10000000E+01  4.10000000E+01  4.46407000E-07  3.49831100E-02
  1.30000000E+01  1.40000000E+01  1.07622000E-05  3.45170000E-02
  1.30000000E+01  1.60000000E+01  4.25999000E-06  3.50120000E-02
  1.30000000E+01  1.80000000E+01  4.25999000E-06  3.50710000E-02
  1.30000000E+01  1.90000000E+01  1.77119000E-05  3.50810000E-02
  1.30000000E+01  2.20000000E+01  2.01798000E-06  3.51660000E-02
  1.30000000E+01  2.70000000E+01  6.72634000E-07  3.52200000E-02
  1.30000000E+01  2.90000000E+01  4.48422000E-07  3.52310000E-02
  1.30000000E+01  3.00000000E+01  2.01798000E-06  3.52327000E-02
  1.40000000E+01  1.40000000E+01  2.72082000E-06  3.45310000E-02
  1.40000000E+01  1.60000000E+01  4.53461000E-06  3.50260000E-02
  1.40000000E+01  1.80000000E+01  1.40586000E-05  3.50850000E-02
  1.40000000E+01  1.90000000E+01  1.58702000E-05  3.50950000E-02
  1.40000000E+01  2.10000000E+01  2.04065000E-06  3.51780000E-02
  1.40000000E+01  2.20000000E+01  9.06902000E-07  3.51800000E-02
  1.40000000E+01  2.70000000E+01  6.80192000E-07  3.52340000E-02
  1.40000000E+01  2.90000000E+01  1.58702000E-06  3.52450000E-02
  1.40000000E+01  3.00000000E+01  1.81399000E-06  3.52467000E-02
  1.60000000E+01  1.60000000E+01  1.21701000E-05  3.55210000E-02
  1.60000000E+01  1.80000000E+01  1.21701000E-05  3.55800000E-02
  1.60000000E+01  1.90000000E+01  1.39095000E-05  3.55900000E-02
  1.60000000E+01  2.10000000E+01  8.69280000E-07  3.56730000E-02
  1.60000000E+01  2.20000000E+01  8.69280000E-07  3.56750000E-02
  1.60000000E+01  2.70000000E+01  3.69454000E-06  3.57290000E-02
  1.60000000E+01  2.90000000E+01  1.52119000E-06  3.57400000E-02
  1.60000000E+01  3.00000000E+01  1.73874000E-06  3.57417000E-02
  1.60000000E+01  4.10000000E+01  2.17334000E-07  3.57501100E-02
  1.80000000E+01  1.80000000E+01  1.29261000E-06  3.56390000E-02
  1.80000000E+01  1.90000000E+01  2.47748000E-05  3.56490000E-02
  1.80000000E+01  2.10000000E+01  8.61731000E-07  3.57320000E-02
  1.80000000E+01  2.20000000E+01  2.36983000E-06  3.57340000E-02
  1.80000000E+01  2.70000000E+01  1.93901000E-06  3.57880000E-02
  1.80000000E+01  2.90000000E+01  2.15446000E-07  3.57990000E-02
  1.80000000E+01  3.00000000E+01  2.80067000E-06  3.58007000E-02
  1.90000000E+01  1.90000000E+01  1.31390000E-05  3.56590000E-02
  1.90000000E+01  2.10000000E+01  3.23093000E-06  3.57420000E-02
  1.90000000E+01  2.20000000E+01  2.80009000E-06  3.57440000E-02
  1.90000000E+01  2.70000000E+01  2.15402000E-06  3.57980000E-02
  1.90000000E+01  2.90000000E+01  3.01551000E-06  3.58090000E-02
  1.90000000E+01  3.00000000E+01  3.01551000E-06  3.58107000E-02
  2.10000000E+01  2.20000000E+01  4.46397000E-07  3.58270000E-02
  2.10000000E+01  2.70000000E+01  2.23208000E-07  3.58810000E-02
  2.10000000E+01  3.00000000E+01  4.46397000E-07  3.58937000E-02
  2.20000000E+01  2.70000000E+01  2.22678000E-07  3.58830000E-02
  2.20000000E+01  2.90000000E+01  2.22678000E-07  3.58940000E-02
  2.20000000E+01  3.00000000E+01  4.45336000E-07  3.58957000E-02
  2.70000000E+01  2.70000000E+01  2.97594000E-07  3.59370000E-02
  2.70000000E+01  2.90000000E+01  2.97594000E-07  3.59480000E-02
  2.70000000E+01  3.00000000E+01  2.97594000E-07  3.59497000E-02
  2.90000000E+01  3.00000000E+01  4.46411000E-07  3.59607000E-02
  3.00000000E+01  3.00000000E+01  2.23210000E-07  3.59624000E-02
                                                                       1
 55000  0  7  132.905    180717  2  0.0         1.0000E+50  0.0
92931 91  0.0         3.          0.0         0.0         0.0
  5.00000000E+00  1.97728000E-05  3.55000000E-04
  6.00000000E+00  4.06196000E-04  7.03000000E-04
  1.00000000E+01  1.47019000E-02  4.64900000E-03
  1.10000000E+01  2.29628000E-02  4.71700000E-03
  1.30000000E+01  2.27678000E-04  4.97500000E-03
  1.40000000E+01  3.40117000E-04  4.98900000E-03
  1.80000000E+01  3.23707000E-03  5.54300000E-03
  1.90000000E+01  5.20245000E-03  5.55300000E-03
  2.10000000E+01  2.86717000E-05  5.63600000E-03
  2.20000000E+01  4.36686000E-05  5.63800000E-03
  2.90000000E+01  4.28926000E-04  5.70300000E-03
  3.00000000E+01  6.74753000E-04  5.70470000E-03
                                                                       1
 55000  0  9  132.905    180717  2  0.0         1.0000E+50  0.0
92932 91  0.0         3.          0.0         0.0         0.0
  5.00000000E+00  1.60000000E+01  5.60754000E-02  1.22000000E-04
  5.00000000E+00  1.80000000E+01  4.06257000E-02  1.81000000E-04
  5.00000000E+00  1.90000000E+01  5.11320000E-02  1.91000000E-04
  5.00000000E+00  2.10000000E+01  1.32726000E-02  2.74000000E-04
  5.00000000E+00  2.20000000E+01  2.17894000E-02  2.76000000E-04
  5.00000000E+00  2.70000000E+01  8.38881000E-03  3.30000000E-04
  5.00000000E+00  2.90000000E+01  4.63842000E-03  3.41000000E-04
  5.00000000E+00  3.00000000E+01  5.64980000E-03  3.42700000E-04
  5.00000000E+00  4.10000000E+01  2.75960000E-04  3.51110000E-04
  6.00000000E+00  1.60000000E+01  7.26278000E-02  4.70000000E-04
  6.00000000E+00  1.80000000E+01  3.16058000E-02  5.29000000E-04
  6.00000000E+00  1.90000000E+01  5.90973000E-02  5.39000000E-04
  6.00000000E+00  2.10000000E+01  6.34053000E-02  6.22000000E-04
  6.00000000E+00  2.20000000E+01  8.13422000E-02  6.24000000E-04
  6.00000000E+00  2.70000000E+01  1.08776000E-02  6.78000000E-04
  6.00000000E+00  2.90000000E+01  3.69187000E-03  6.89000000E-04
  6.00000000E+00  3.00000000E+01  6.75107000E-03  6.90700000E-04
  6.00000000E+00  4.10000000E+01  3.57724000E-04  6.99110000E-04
  8.00000000E+00  8.00000000E+00  1.32248000E-02  3.27700000E-03
  8.00000000E+00  1.00000000E+01  2.62760000E-02  3.42900000E-03
  8.00000000E+00  1.10000000E+01  4.83450000E-02  3.49700000E-03
  8.00000000E+00  1.30000000E+01  3.80041000E-02  3.75500000E-03
  8.00000000E+00  1.40000000E+01  5.35467000E-02  3.76900000E-03
  8.00000000E+00  1.60000000E+01  4.93910000E-03  4.26400000E-03
  8.00000000E+00  1.80000000E+01  5.31963000E-03  4.32300000E-03
  8.00000000E+00  1.90000000E+01  9.71567000E-03  4.33300000E-03
  8.00000000E+00  2.10000000E+01  6.09394000E-03  4.41600000E-03
  8.00000000E+00  2.20000000E+01  8.54166000E-03  4.41800000E-03
  8.00000000E+00  2.70000000E+01  7.49282000E-04  4.47200000E-03
  8.00000000E+00  2.90000000E+01  6.43122000E-04  4.48300000E-03
  8.00000000E+00  3.00000000E+01  1.13448000E-03  4.48470000E-03
  8.00000000E+00  4.10000000E+01  2.43728000E-05  4.49311000E-03
  1.00000000E+01  1.00000000E+01  1.48598000E-04  3.58100000E-03
  1.00000000E+01  1.10000000E+01  9.49751000E-04  3.64900000E-03
  1.00000000E+01  1.30000000E+01  1.09751000E-03  3.90700000E-03
  1.00000000E+01  1.40000000E+01  1.41019000E-02  3.92100000E-03
  1.00000000E+01  1.60000000E+01  3.93958000E-03  4.41600000E-03
  1.00000000E+01  1.80000000E+01  3.06620000E-05  4.47500000E-03
  1.00000000E+01  1.90000000E+01  1.80045000E-04  4.48500000E-03
  1.00000000E+01  2.10000000E+01  1.76893000E-04  4.56800000E-03
  1.00000000E+01  2.20000000E+01  1.50957000E-03  4.57000000E-03
  1.00000000E+01  2.70000000E+01  5.70791000E-04  4.62400000E-03
  1.00000000E+01  2.90000000E+01  3.14479000E-06  4.63500000E-03
  1.00000000E+01  3.00000000E+01  2.04416000E-05  4.63670000E-03
  1.00000000E+01  4.10000000E+01  1.88687000E-05  4.64511000E-03
  1.10000000E+01  1.10000000E+01  1.13372000E-03  3.71700000E-03
  1.10000000E+01  1.30000000E+01  9.52214000E-03  3.97500000E-03
  1.10000000E+01  1.40000000E+01  6.44449000E-03  3.98900000E-03
  1.10000000E+01  1.60000000E+01  7.24627000E-03  4.48400000E-03
  1.10000000E+01  1.80000000E+01  1.80040000E-04  4.54300000E-03
  1.10000000E+01  1.90000000E+01  3.46711000E-04  4.55300000E-03
  1.10000000E+01  2.10000000E+01  8.77385000E-04  4.63600000E-03
  1.10000000E+01  2.20000000E+01  6.14025000E-04  4.63800000E-03
  1.10000000E+01  2.70000000E+01  1.04961000E-03  4.69200000E-03
  1.10000000E+01  2.90000000E+01  2.12270000E-05  4.70300000E-03
  1.10000000E+01  3.00000000E+01  3.85224000E-05  4.70470000E-03
  1.10000000E+01  4.10000000E+01  3.45928000E-05  4.71311000E-03
  1.30000000E+01  1.30000000E+01  2.08812000E-03  4.23300000E-03
  1.30000000E+01  1.40000000E+01  7.59775000E-02  4.24700000E-03
  1.30000000E+01  1.60000000E+01  5.38305000E-03  4.74200000E-03
  1.30000000E+01  1.80000000E+01  2.89333000E-04  4.80100000E-03
  1.30000000E+01  1.90000000E+01  1.94509000E-03  4.81100000E-03
  1.30000000E+01  2.10000000E+01  6.64348000E-04  4.89400000E-03
  1.30000000E+01  2.20000000E+01  8.95723000E-03  4.89600000E-03
  1.30000000E+01  2.70000000E+01  7.72834000E-04  4.95000000E-03
  1.30000000E+01  2.90000000E+01  3.61664000E-05  4.96100000E-03
  1.30000000E+01  3.00000000E+01  2.27220000E-04  4.96270000E-03
  1.30000000E+01  4.10000000E+01  2.51582000E-05  4.97111000E-03
  1.40000000E+01  1.40000000E+01  2.13410000E-02  4.26100000E-03
  1.40000000E+01  1.60000000E+01  7.63019000E-03  4.75600000E-03
  1.40000000E+01  1.80000000E+01  2.60546000E-03  4.81500000E-03
  1.40000000E+01  1.90000000E+01  1.38138000E-03  4.82500000E-03
  1.40000000E+01  2.10000000E+01  8.86360000E-03  4.90800000E-03
  1.40000000E+01  2.20000000E+01  5.25891000E-03  4.91000000E-03
  1.40000000E+01  2.70000000E+01  1.09751000E-03  4.96400000E-03
  1.40000000E+01  2.90000000E+01  3.10544000E-04  4.97500000E-03
  1.40000000E+01  3.00000000E+01  1.62739000E-04  4.97670000E-03
  1.40000000E+01  4.10000000E+01  3.61665000E-05  4.98511000E-03
  1.60000000E+01  1.60000000E+01  4.37907000E-04  5.25100000E-03
  1.60000000E+01  1.80000000E+01  7.98774000E-04  5.31000000E-03
  1.60000000E+01  1.90000000E+01  1.45765000E-03  5.32000000E-03
  1.60000000E+01  2.10000000E+01  8.61668000E-04  5.40300000E-03
  1.60000000E+01  2.20000000E+01  1.21233000E-03  5.40500000E-03
  1.60000000E+01  2.70000000E+01  1.31301000E-04  5.45900000E-03
  1.60000000E+01  2.90000000E+01  9.66972000E-05  5.47000000E-03
  1.60000000E+01  3.00000000E+01  1.70607000E-04  5.47170000E-03
  1.60000000E+01  4.10000000E+01  4.71702000E-06  5.48011000E-03
  1.80000000E+01  1.80000000E+01  1.57238000E-06  5.36900000E-03
  1.80000000E+01  1.90000000E+01  3.45934000E-05  5.37900000E-03
  1.80000000E+01  2.10000000E+01  3.93090000E-05  5.46200000E-03
  1.80000000E+01  2.20000000E+01  2.87756000E-04  5.46400000E-03
  1.80000000E+01  2.70000000E+01  1.15573000E-04  5.51800000E-03
  1.80000000E+01  3.00000000E+01  3.93090000E-06  5.53070000E-03
  1.80000000E+01  4.10000000E+01  3.93090000E-06  5.53911000E-03
  1.90000000E+01  1.90000000E+01  2.70932000E-05  5.38900000E-03
  1.90000000E+01  2.10000000E+01  1.92840000E-04  5.47200000E-03
  1.90000000E+01  2.20000000E+01  1.40243000E-04  5.47400000E-03
  1.90000000E+01  2.70000000E+01  2.14357000E-04  5.52800000E-03
  1.90000000E+01  2.90000000E+01  3.98418000E-06  5.53900000E-03
  1.90000000E+01  3.00000000E+01  6.37507000E-06  5.54070000E-03
  1.90000000E+01  4.10000000E+01  7.17186000E-06  5.54911000E-03
  2.10000000E+01  2.10000000E+01  5.20161000E-05  5.55500000E-03
  2.10000000E+01  2.20000000E+01  1.15166000E-03  5.55700000E-03
  2.10000000E+01  2.70000000E+01  1.27597000E-04  5.61100000E-03
  2.10000000E+01  2.90000000E+01  4.87621000E-06  5.62200000E-03
  2.10000000E+01  3.00000000E+01  2.35696000E-05  5.62370000E-03
  2.10000000E+01  4.10000000E+01  4.06355000E-06  5.63211000E-03
  2.20000000E+01  2.20000000E+01  3.54855000E-04  5.55900000E-03
  2.20000000E+01  2.70000000E+01  1.80705000E-04  5.61300000E-03
  2.20000000E+01  2.90000000E+01  3.59783000E-05  5.62400000E-03
  2.20000000E+01  3.00000000E+01  1.71718000E-05  5.62570000E-03
  2.20000000E+01  4.10000000E+01  5.72359000E-06  5.63411000E-03
  2.70000000E+01  2.70000000E+01  8.77218000E-06  5.66700000E-03
  2.70000000E+01  2.90000000E+01  1.21448000E-05  5.67800000E-03
  2.70000000E+01  3.00000000E+01  2.09169000E-05  5.67970000E-03
  2.70000000E+01  4.10000000E+01  6.74749000E-07  5.68811000E-03
  2.90000000E+01  3.00000000E+01  7.86192000E-07  5.69070000E-03
  2.90000000E+01  4.10000000E+01  7.86192000E-07  5.69911000E-03
  3.00000000E+01  4.10000000E+01  7.86212000E-07  5.70081000E-03
                                                                       1
 55000  0  7  132.905    180717  2  0.0         1.0000E+50  0.0
92931 91  0.0         5.          0.0         0.0         0.0
  6.00000000E+00  8.71309000E-08  3.48000000E-04
  8.00000000E+00  4.13494000E-03  4.14200000E-03
  1.10000000E+01  6.16116000E-05  4.36200000E-03
  1.30000000E+01  7.98698000E-02  4.62000000E-03
  1.60000000E+01  6.10766000E-04  5.12900000E-03
  1.90000000E+01  8.19408000E-06  5.19800000E-03
  2.10000000E+01  1.24211000E-02  5.28100000E-03
  2.70000000E+01  7.78028000E-05  5.33700000E-03
  3.00000000E+01  1.06341000E-06  5.34970000E-03
                                                                       1
 55000  0  9  132.905    180717  2  0.0         1.0000E+50  0.0
92932 91  0.0         5.          0.0         0.0         0.0
  6.00000000E+00  1.60000000E+01  1.14012000E-02  1.15000000E-04
  6.00000000E+00  1.80000000E+01  5.14175000E-02  1.74000000E-04
  6.00000000E+00  1.90000000E+01  1.76201000E-02  1.84000000E-04
  6.00000000E+00  2.10000000E+01  6.46739000E-02  2.67000000E-04
  6.00000000E+00  2.20000000E+01  2.39677000E-02  2.69000000E-04
  6.00000000E+00  2.70000000E+01  1.59369000E-03  3.23000000E-04
  6.00000000E+00  2.90000000E+01  5.92872000E-03  3.34000000E-04
  6.00000000E+00  3.00000000E+01  2.04704000E-03  3.35700000E-04
  6.00000000E+00  4.10000000E+01  5.19185000E-05  3.44110000E-04
  8.00000000E+00  8.00000000E+00  1.03279000E-03  2.92200000E-03
  8.00000000E+00  1.00000000E+01  2.51232000E-02  3.07400000E-03
  8.00000000E+00  1.10000000E+01  2.41421000E-03  3.14200000E-03
  8.00000000E+00  1.30000000E+01  1.95522000E-03  3.40000000E-03
  8.00000000E+00  1.40000000E+01  3.36540000E-03  3.41400000E-03
  8.00000000E+00  1.60000000E+01  3.58807000E-04  3.90900000E-03
  8.00000000E+00  1.80000000E+01  3.50465000E-03  3.96800000E-03
  8.00000000E+00  1.90000000E+01  4.31107000E-04  3.97800000E-03
  8.00000000E+00  2.10000000E+01  2.26219000E-04  4.06100000E-03
  8.00000000E+00  2.20000000E+01  3.38402000E-04  4.06300000E-03
  8.00000000E+00  2.70000000E+01  5.37716000E-05  4.11700000E-03
  8.00000000E+00  2.90000000E+01  3.98669000E-04  4.12800000E-03
  8.00000000E+00  3.00000000E+01  4.91384000E-05  4.12970000E-03
  8.00000000E+00  4.10000000E+01  1.85421000E-06  4.13811000E-03
  1.00000000E+01  1.00000000E+01  2.47244000E-02  3.22600000E-03
  1.00000000E+01  1.10000000E+01  7.68474000E-02  3.29400000E-03
  1.00000000E+01  1.30000000E+01  4.07942000E-02  3.55200000E-03
  1.00000000E+01  1.40000000E+01  6.95158000E-02  3.56600000E-03
  1.00000000E+01  1.60000000E+01  5.60237000E-03  4.06100000E-03
  1.00000000E+01  1.80000000E+01  8.58602000E-03  4.12000000E-03
  1.00000000E+01  1.90000000E+01  1.51693000E-02  4.13000000E-03
  1.00000000E+01  2.10000000E+01  6.52941000E-03  4.21300000E-03
  1.00000000E+01  2.20000000E+01  1.11095000E-02  4.21500000E-03
  1.00000000E+01  2.70000000E+01  8.72396000E-04  4.26900000E-03
  1.00000000E+01  2.90000000E+01  1.01608000E-03  4.28000000E-03
  1.00000000E+01  3.00000000E+01  1.76705000E-03  4.28170000E-03
  1.00000000E+01  4.10000000E+01  2.87407000E-05  4.29011000E-03
  1.10000000E+01  1.10000000E+01  2.00798000E-03  3.36200000E-03
  1.10000000E+01  1.30000000E+01  4.78292000E-02  3.62000000E-03
  1.10000000E+01  1.40000000E+01  6.49972000E-03  3.63400000E-03
  1.10000000E+01  1.60000000E+01  4.61691000E-04  4.12900000E-03
  1.10000000E+01  1.80000000E+01  1.11064000E-02  4.18800000E-03
  1.10000000E+01  1.90000000E+01  6.71233000E-04  4.19800000E-03
  1.10000000E+01  2.10000000E+01  6.59711000E-03  4.28100000E-03
  1.10000000E+01  2.20000000E+01  8.39030000E-04  4.28300000E-03
  1.10000000E+01  2.70000000E+01  7.04585000E-05  4.33700000E-03
  1.10000000E+01  2.90000000E+01  1.27010000E-03  4.34800000E-03
  1.10000000E+01  3.00000000E+01  7.60222000E-05  4.34970000E-03
  1.10000000E+01  4.10000000E+01  1.85416000E-06  4.35811000E-03
  1.30000000E+01  1.30000000E+01  4.35664000E-02  3.87800000E-03
  1.30000000E+01  1.40000000E+01  1.86542000E-01  3.89200000E-03
  1.30000000E+01  1.60000000E+01  4.45927000E-04  4.38700000E-03
  1.30000000E+01  1.80000000E+01  5.87214000E-03  4.44600000E-03
  1.30000000E+01  1.90000000E+01  8.90575000E-03  4.45600000E-03
  1.30000000E+01  2.10000000E+01  1.19817000E-02  4.53900000E-03
  1.30000000E+01  2.20000000E+01  2.74043000E-02  4.54100000E-03
  1.30000000E+01  2.70000000E+01  6.95321000E-05  4.59500000E-03
  1.30000000E+01  2.90000000E+01  6.74917000E-04  4.60600000E-03
  1.30000000E+01  3.00000000E+01  1.02814000E-03  4.60770000E-03
  1.30000000E+01  4.10000000E+01  1.85416000E-06  4.61611000E-03
  1.40000000E+01  1.40000000E+01  8.90104000E-03  3.90600000E-03
  1.40000000E+01  1.60000000E+01  6.34129000E-04  4.40100000E-03
  1.40000000E+01  1.80000000E+01  8.94188000E-03  4.46000000E-03
  1.40000000E+01  1.90000000E+01  1.10883000E-03  4.47000000E-03
  1.40000000E+01  2.10000000E+01  2.18457000E-02  4.55300000E-03
  1.40000000E+01  2.20000000E+01  2.38538000E-03  4.55500000E-03
  1.40000000E+01  2.70000000E+01  9.54951000E-05  4.60900000E-03
  1.40000000E+01  2.90000000E+01  1.00217000E-03  4.62000000E-03
  1.40000000E+01  3.00000000E+01  1.26085000E-04  4.62170000E-03
  1.40000000E+01  4.10000000E+01  2.78128000E-06  4.63011000E-03
  1.60000000E+01  1.60000000E+01  3.17120000E-05  4.89600000E-03
  1.60000000E+01  1.80000000E+01  8.13937000E-04  4.95500000E-03
  1.60000000E+01  1.90000000E+01  8.55287000E-05  4.96500000E-03
  1.60000000E+01  2.10000000E+01  5.18937000E-05  5.04800000E-03
  1.60000000E+01  2.20000000E+01  6.72668000E-05  5.05000000E-03
  1.60000000E+01  2.70000000E+01  9.61014000E-06  5.10400000E-03
  1.60000000E+01  2.90000000E+01  9.22532000E-05  5.11500000E-03
  1.60000000E+01  3.00000000E+01  9.61014000E-06  5.11670000E-03
  1.80000000E+01  1.80000000E+01  6.76917000E-04  5.01400000E-03
  1.80000000E+01  1.90000000E+01  2.07914000E-03  5.02400000E-03
  1.80000000E+01  2.10000000E+01  8.78208000E-04  5.10700000E-03
  1.80000000E+01  2.20000000E+01  1.36437000E-03  5.10900000E-03
  1.80000000E+01  2.70000000E+01  1.16039000E-04  5.16300000E-03
  1.80000000E+01  2.90000000E+01  1.59115000E-04  5.17400000E-03
  1.80000000E+01  3.00000000E+01  2.41753000E-04  5.17570000E-03
  1.80000000E+01  4.10000000E+01  3.51629000E-06  5.18411000E-03
  1.90000000E+01  1.90000000E+01  5.62834000E-05  5.03400000E-03
  1.90000000E+01  2.10000000E+01  1.23358000E-03  5.11700000E-03
  1.90000000E+01  2.20000000E+01  1.46700000E-04  5.11900000E-03
  1.90000000E+01  2.70000000E+01  1.29176000E-05  5.17300000E-03
  1.90000000E+01  2.90000000E+01  2.49121000E-04  5.18400000E-03
  1.90000000E+01  3.00000000E+01  1.29176000E-05  5.18570000E-03
  2.10000000E+01  2.10000000E+01  8.38872000E-04  5.20000000E-03
  2.10000000E+01  2.20000000E+01  3.40041000E-03  5.20200000E-03
  2.10000000E+01  2.70000000E+01  7.62647000E-06  5.25600000E-03
  2.10000000E+01  2.90000000E+01  1.09629000E-04  5.26700000E-03
  2.10000000E+01  3.00000000E+01  1.46811000E-04  5.26870000E-03
  2.20000000E+01  2.20000000E+01  1.69903000E-04  5.20400000E-03
  2.20000000E+01  2.70000000E+01  1.07405000E-05  5.25800000E-03
  2.20000000E+01  2.90000000E+01  1.69903000E-04  5.26900000E-03
  2.20000000E+01  3.00000000E+01  1.75763000E-05  5.27070000E-03
  2.70000000E+01  2.70000000E+01  9.45652000E-07  5.31200000E-03
  2.70000000E+01  2.90000000E+01  1.41843000E-05  5.32300000E-03
  2.70000000E+01  3.00000000E+01  1.89121000E-06  5.32470000E-03
  2.90000000E+01  2.90000000E+01  1.24405000E-05  5.33400000E-03
  2.90000000E+01  3.00000000E+01  3.61910000E-05  5.33570000E-03
                                                                       1
 55000  0  7  132.905    180717  2  0.0         1.0000E+50  0.0
92931 91  0.0         6.          0.0         0.0         0.0
  8.00000000E+00  7.49529000E-03  3.79400000E-03
  1.00000000E+01  4.21800000E-05  3.94600000E-03
  1.10000000E+01  3.92130000E-05  4.01400000E-03
  1.30000000E+01  7.89869000E-03  4.27200000E-03
  1.40000000E+01  6.99779000E-02  4.28600000E-03
  1.60000000E+01  6.90749000E-04  4.78100000E-03
  1.80000000E+01  3.99380000E-06  4.84000000E-03
  1.90000000E+01  3.83990000E-06  4.85000000E-03
  2.10000000E+01  1.19450000E-03  4.93300000E-03
  2.20000000E+01  1.06640000E-02  4.93500000E-03
  2.70000000E+01  1.02540000E-04  4.98900000E-03
  2.90000000E+01  5.26310000E-07  5.00000000E-03
  3.00000000E+01  4.95950000E-07  5.00170000E-03
                                                                       1
 55000  0  9  132.905    180717  2  0.0         1.0000E+50  0.0
92932 91  0.0         6.          0.0         0.0         0.0
  8.00000000E+00  8.00000000E+00  1.35482000E-03  2.57400000E-03
  8.00000000E+00  1.00000000E+01  9.36134000E-04  2.72600000E-03
  8.00000000E+00  1.10000000E+01  2.91282000E-02  2.79400000E-03
  8.00000000E+00  1.30000000E+01  2.84977000E-03  3.05200000E-03
  8.00000000E+00  1.40000000E+01  3.24929000E-03  3.06600000E-03
  8.00000000E+00  1.60000000E+01  4.72106000E-04  3.56100000E-03
  8.00000000E+00  1.80000000E+01  1.57030000E-04  3.62000000E-03
  8.00000000E+00  1.90000000E+01  4.06173000E-03  3.63000000E-03
  8.00000000E+00  2.10000000E+01  2.48631000E-04  3.71300000E-03
  8.00000000E+00  2.20000000E+01  2.61716000E-04  3.71500000E-03
  8.00000000E+00  2.70000000E+01  7.04600000E-05  3.76900000E-03
  8.00000000E+00  2.90000000E+01  1.81187000E-05  3.78000000E-03
  8.00000000E+00  3.00000000E+01  4.46952000E-04  3.78170000E-03
  8.00000000E+00  4.10000000E+01  2.01325000E-06  3.79011000E-03
  1.00000000E+01  1.00000000E+01  3.02982000E-04  2.87800000E-03
  1.00000000E+01  1.10000000E+01  4.84422000E-02  2.94600000E-03
  1.00000000E+01  1.30000000E+01  3.09831000E-03  3.20400000E-03
  1.00000000E+01  1.40000000E+01  2.78825000E-02  3.21800000E-03
  1.00000000E+01  1.60000000E+01  1.75144000E-04  3.71300000E-03
  1.00000000E+01  1.80000000E+01  1.02672000E-04  3.77200000E-03
  1.00000000E+01  1.90000000E+01  6.99098000E-03  3.78200000E-03
  1.00000000E+01  2.10000000E+01  4.63035000E-04  3.86500000E-03
  1.00000000E+01  2.20000000E+01  3.62276000E-03  3.86700000E-03
  1.00000000E+01  2.70000000E+01  2.61719000E-05  3.92100000E-03
  1.00000000E+01  2.90000000E+01  1.20785000E-05  3.93200000E-03
  1.00000000E+01  3.00000000E+01  7.74087000E-04  3.93370000E-03
  1.00000000E+01  4.10000000E+01  1.00661000E-06  3.94211000E-03
  1.10000000E+01  1.10000000E+01  6.77375000E-02  3.01400000E-03
  1.10000000E+01  1.30000000E+01  6.81525000E-02  3.27200000E-03
  1.10000000E+01  1.40000000E+01  1.01957000E-01  3.28600000E-03
  1.10000000E+01  1.60000000E+01  6.42821000E-03  3.78100000E-03
  1.10000000E+01  1.80000000E+01  9.41018000E-03  3.84000000E-03
  1.10000000E+01  1.90000000E+01  2.31033000E-02  3.85000000E-03
  1.10000000E+01  2.10000000E+01  1.05110000E-02  3.93300000E-03
  1.10000000E+01  2.20000000E+01  1.55409000E-02  3.93500000E-03
  1.10000000E+01  2.70000000E+01  9.99578000E-04  3.98900000E-03
  1.10000000E+01  2.90000000E+01  1.13038000E-03  4.00000000E-03
  1.10000000E+01  3.00000000E+01  2.63632000E-03  4.00170000E-03
  1.10000000E+01  4.10000000E+01  3.32185000E-05  4.01011000E-03
  1.30000000E+01  1.30000000E+01  9.75679000E-03  3.53000000E-03
  1.30000000E+01  1.40000000E+01  1.87316000E-01  3.54400000E-03
  1.30000000E+01  1.60000000E+01  5.89864000E-04  4.03900000E-03
  1.30000000E+01  1.80000000E+01  5.99957000E-04  4.09800000E-03
  1.30000000E+01  1.90000000E+01  9.17934000E-03  4.10800000E-03
  1.30000000E+01  2.10000000E+01  2.68270000E-03  4.19100000E-03
  1.30000000E+01  2.20000000E+01  2.22132000E-02  4.19300000E-03
  1.30000000E+01  2.70000000E+01  9.05935000E-05  4.24700000E-03
  1.30000000E+01  2.90000000E+01  7.24776000E-05  4.25800000E-03
  1.30000000E+01  3.00000000E+01  1.00564000E-03  4.25970000E-03
  1.30000000E+01  4.10000000E+01  3.01988000E-06  4.26811000E-03
  1.40000000E+01  1.40000000E+01  1.26924000E-01  3.55800000E-03
  1.40000000E+01  1.60000000E+01  7.13693000E-04  4.05300000E-03
  1.40000000E+01  1.80000000E+01  5.04412000E-03  4.11200000E-03
  1.40000000E+01  1.90000000E+01  1.53188000E-02  4.12200000E-03
  1.40000000E+01  2.10000000E+01  2.60245000E-02  4.20500000E-03
  1.40000000E+01  2.20000000E+01  3.34672000E-02  4.20700000E-03
  1.40000000E+01  2.70000000E+01  1.10734000E-04  4.26100000E-03
  1.40000000E+01  2.90000000E+01  5.98927000E-04  4.27200000E-03
  1.40000000E+01  3.00000000E+01  1.71432000E-03  4.27370000E-03
  1.40000000E+01  4.10000000E+01  4.02642000E-06  4.28211000E-03
  1.60000000E+01  1.60000000E+01  4.30451000E-05  4.54800000E-03
  1.60000000E+01  1.80000000E+01  3.14976000E-05  4.60700000E-03
  1.60000000E+01  1.90000000E+01  9.36523000E-04  4.61700000E-03
  1.60000000E+01  2.10000000E+01  5.77458000E-05  4.70000000E-03
  1.60000000E+01  2.20000000E+01  6.40459000E-05  4.70200000E-03
  1.60000000E+01  2.70000000E+01  1.25981000E-05  4.75600000E-03
  1.60000000E+01  2.90000000E+01  3.14976000E-06  4.76700000E-03
  1.60000000E+01  3.00000000E+01  1.02893000E-04  4.76870000E-03
  1.80000000E+01  1.80000000E+01  7.61805000E-06  4.66600000E-03
  1.80000000E+01  1.90000000E+01  1.28269000E-03  4.67600000E-03
  1.80000000E+01  2.10000000E+01  8.28426000E-05  4.75900000E-03
  1.80000000E+01  2.20000000E+01  6.37995000E-04  4.76100000E-03
  1.80000000E+01  2.70000000E+01  4.76103000E-06  4.81500000E-03
  1.80000000E+01  2.90000000E+01  1.90452000E-06  4.82600000E-03
  1.80000000E+01  3.00000000E+01  1.41888000E-04  4.82770000E-03
  1.90000000E+01  1.90000000E+01  1.74867000E-03  4.68600000E-03
  1.90000000E+01  2.10000000E+01  1.30091000E-03  4.76900000E-03
  1.90000000E+01  2.20000000E+01  2.11707000E-03  4.77100000E-03
  1.90000000E+01  2.70000000E+01  1.28334000E-04  4.82500000E-03
  1.90000000E+01  2.90000000E+01  1.49568000E-04  4.83600000E-03
  1.90000000E+01  3.00000000E+01  3.97033000E-04  4.83770000E-03
  1.90000000E+01  4.10000000E+01  4.61630000E-06  4.84611000E-03
  2.10000000E+01  2.10000000E+01  1.84136000E-04  4.85200000E-03
  2.10000000E+01  2.20000000E+01  3.24353000E-03  4.85400000E-03
  2.10000000E+01  2.70000000E+01  8.22979000E-06  4.90800000E-03
  2.10000000E+01  2.90000000E+01  1.02871000E-05  4.91900000E-03
  2.10000000E+01  3.00000000E+01  1.58419000E-04  4.92070000E-03
  2.20000000E+01  2.20000000E+01  2.35957000E-03  4.85600000E-03
  2.20000000E+01  2.70000000E+01  1.07205000E-05  4.91000000E-03
  2.20000000E+01  2.90000000E+01  8.57656000E-05  4.92100000E-03
  2.20000000E+01  3.00000000E+01  2.74442000E-04  4.92270000E-03
  2.70000000E+01  2.70000000E+01  1.37992000E-06  4.96400000E-03
  2.70000000E+01  2.90000000E+01  1.37992000E-06  4.97500000E-03
  2.70000000E+01  3.00000000E+01  2.06981000E-05  4.97670000E-03
  2.90000000E+01  3.00000000E+01  2.05700000E-05  4.98770000E-03
  3.00000000E+01  3.00000000E+01  2.81088000E-05  4.98940000E-03
  3.00000000E+01  4.10000000E+01  1.17118000E-06  4.99781000E-03
                                                                       1
 55000  0  7  132.905    180717  2  0.0         1.0000E+50  0.0
92931 91  0.0         8.          0.0         0.0         0.0
  1.00000000E+01  1.23737000E-05  1.52000000E-04
  1.10000000E+01  8.75325000E-05  2.20000000E-04
  1.80000000E+01  2.43176000E-04  1.04600000E-03
  1.90000000E+01  3.26311000E-04  1.05600000E-03
  2.90000000E+01  3.53939000E-05  1.20600000E-03
  3.00000000E+01  4.77344000E-05  1.20770000E-03
                                                                       1
 55000  0  9  132.905    180717  2  0.0         1.0000E+50  0.0
92932 91  0.0         8.          0.0         0.0         0.0
  1.00000000E+01  2.10000000E+01  9.00842000E-02  7.10000000E-05
  1.00000000E+01  2.20000000E+01  1.23569000E-01  7.30000000E-05
  1.00000000E+01  2.70000000E+01  9.68314000E-03  1.27000000E-04
  1.00000000E+01  2.90000000E+01  7.52615000E-03  1.38000000E-04
  1.00000000E+01  3.00000000E+01  1.26409000E-02  1.39700000E-04
  1.00000000E+01  4.10000000E+01  3.14485000E-04  1.48110000E-04
  1.10000000E+01  1.80000000E+01  9.43332000E-02  4.60000000E-05
  1.10000000E+01  1.90000000E+01  1.42492000E-01  5.60000000E-05
  1.10000000E+01  2.10000000E+01  6.57840000E-02  1.39000000E-04
  1.10000000E+01  2.20000000E+01  9.57370000E-02  1.41000000E-04
  1.10000000E+01  2.70000000E+01  1.30920000E-02  1.95000000E-04
  1.10000000E+01  2.90000000E+01  1.05428000E-02  2.06000000E-04
  1.10000000E+01  3.00000000E+01  1.60076000E-02  2.07700000E-04
  1.10000000E+01  4.10000000E+01  4.31863000E-04  2.16110000E-04
  1.30000000E+01  1.60000000E+01  3.51244000E-02  2.45000000E-04
  1.30000000E+01  1.80000000E+01  7.49716000E-03  3.04000000E-04
  1.30000000E+01  1.90000000E+01  5.93632000E-03  3.14000000E-04
  1.30000000E+01  2.10000000E+01  9.76973000E-03  3.97000000E-04
  1.30000000E+01  2.20000000E+01  1.20543000E-02  3.99000000E-04
  1.30000000E+01  2.70000000E+01  3.77048000E-03  4.53000000E-04
  1.30000000E+01  2.90000000E+01  7.23910000E-04  4.64000000E-04
  1.30000000E+01  3.00000000E+01  5.43809000E-04  4.65700000E-04
  1.30000000E+01  4.10000000E+01  1.19128000E-04  4.74110000E-04
  1.40000000E+01  1.60000000E+01  5.13004000E-02  2.59000000E-04
  1.40000000E+01  1.80000000E+01  1.83350000E-03  3.18000000E-04
  1.40000000E+01  1.90000000E+01  1.46601000E-02  3.28000000E-04
  1.40000000E+01  2.10000000E+01  1.27214000E-02  4.11000000E-04
  1.40000000E+01  2.20000000E+01  1.98911000E-02  4.13000000E-04
  1.40000000E+01  2.70000000E+01  5.47285000E-03  4.67000000E-04
  1.40000000E+01  2.90000000E+01  1.65729000E-04  4.78000000E-04
  1.40000000E+01  3.00000000E+01  1.35220000E-03  4.79700000E-04
  1.40000000E+01  4.10000000E+01  1.73134000E-04  4.88110000E-04
  1.60000000E+01  1.60000000E+01  8.01413000E-03  7.54000000E-04
  1.60000000E+01  1.80000000E+01  1.30144000E-02  8.13000000E-04
  1.60000000E+01  1.90000000E+01  2.39294000E-02  8.23000000E-04
  1.60000000E+01  2.10000000E+01  2.39905000E-02  9.06000000E-04
  1.60000000E+01  2.20000000E+01  3.49588000E-02  9.08000000E-04
  1.60000000E+01  2.70000000E+01  2.06840000E-03  9.62000000E-04
  1.60000000E+01  2.90000000E+01  1.55650000E-03  9.73000000E-04
  1.60000000E+01  3.00000000E+01  2.77072000E-03  9.74700000E-04
  1.60000000E+01  4.10000000E+01  6.73729000E-05  9.83110000E-04
  1.80000000E+01  1.80000000E+01  7.00744000E-04  8.72000000E-04
  1.80000000E+01  1.90000000E+01  1.71700000E-03  8.82000000E-04
  1.80000000E+01  2.10000000E+01  1.02749000E-03  9.65000000E-04
  1.80000000E+01  2.20000000E+01  3.95692000E-04  9.67000000E-04
  1.80000000E+01  2.70000000E+01  1.30028000E-03  1.02100000E-03
  1.80000000E+01  2.90000000E+01  1.37899000E-04  1.03200000E-03
  1.80000000E+01  3.00000000E+01  1.58881000E-04  1.03370000E-03
  1.80000000E+01  4.10000000E+01  4.12204000E-05  1.04211000E-03
  1.90000000E+01  1.90000000E+01  2.21331000E-03  8.92000000E-04
  1.90000000E+01  2.10000000E+01  1.00674000E-03  9.75000000E-04
  1.90000000E+01  2.20000000E+01  2.77531000E-03  9.77000000E-04
  1.90000000E+01  2.70000000E+01  2.30242000E-03  1.03100000E-03
  1.90000000E+01  2.90000000E+01  1.66715000E-04  1.04200000E-03
  1.90000000E+01  3.00000000E+01  4.34018000E-04  1.04370000E-03
  1.90000000E+01  4.10000000E+01  7.25781000E-05  1.05211000E-03
  2.10000000E+01  2.10000000E+01  2.99605000E-04  1.05800000E-03
  2.10000000E+01  2.20000000E+01  1.11764000E-03  1.06000000E-03
  2.10000000E+01  2.70000000E+01  2.38396000E-03  1.11400000E-03
  2.10000000E+01  2.90000000E+01  9.35767000E-05  1.12500000E-03
  2.10000000E+01  3.00000000E+01  9.58449000E-05  1.12670000E-03
  2.10000000E+01  4.10000000E+01  7.47101000E-05  1.13511000E-03
  2.20000000E+01  2.20000000E+01  7.19807000E-04  1.06200000E-03
  2.20000000E+01  2.70000000E+01  3.45630000E-03  1.11600000E-03
  2.20000000E+01  2.90000000E+01  3.45630000E-05  1.12700000E-03
  2.20000000E+01  3.00000000E+01  2.67477000E-04  1.12870000E-03
  2.20000000E+01  4.10000000E+01  1.08945000E-04  1.13711000E-03
  2.70000000E+01  2.70000000E+01  8.64993000E-05  1.17000000E-03
  2.70000000E+01  2.90000000E+01  1.11062000E-04  1.18100000E-03
  2.70000000E+01  3.00000000E+01  1.97563000E-04  1.18270000E-03
  2.70000000E+01  4.10000000E+01  5.33956000E-06  1.19111000E-03
  2.90000000E+01  2.90000000E+01  2.59813000E-06  1.19200000E-03
  2.90000000E+01  3.00000000E+01  6.06225000E-06  1.19370000E-03
  2.90000000E+01  4.10000000E+01  2.02066000E-06  1.20211000E-03
  3.00000000E+01  3.00000000E+01  1.06753000E-05  1.19540000E-03
  3.00000000E+01  4.10000000E+01  4.41736000E-06  1.20381000E-03
                                                                       1
 55000  0  7  132.905    180717  2  0.0         1.0000E+50  0.0
92931 91  0.0         10.         0.0         0.0         0.0
  1.30000000E+01  4.33604000E-04  3.26000000E-04
  1.60000000E+01  3.12234000E-04  8.35000000E-04
  2.10000000E+01  1.24439000E-03  9.87000000E-04
  2.70000000E+01  4.94729000E-05  1.04300000E-03
                                                                       1
 55000  0  9  132.905    180717  2  0.0         1.0000E+50  0.0
92932 91  0.0         10.         0.0         0.0         0.0
  1.10000000E+01  2.70000000E+01  8.99611000E-03  4.30000000E-05
  1.10000000E+01  2.90000000E+01  8.17555000E-03  5.40000000E-05
  1.10000000E+01  3.00000000E+01  9.76549000E-03  5.57000000E-05
  1.10000000E+01  4.10000000E+01  2.76087000E-04  6.41100000E-05
  1.30000000E+01  1.60000000E+01  1.29771000E-01  9.30000000E-05
  1.30000000E+01  1.80000000E+01  1.32517000E-01  1.52000000E-04
  1.30000000E+01  1.90000000E+01  1.93126000E-01  1.62000000E-04
  1.30000000E+01  2.10000000E+01  5.58814000E-02  2.45000000E-04
  1.30000000E+01  2.20000000E+01  6.07310000E-02  2.47000000E-04
  1.30000000E+01  2.70000000E+01  2.04267000E-02  3.01000000E-04
  1.30000000E+01  2.90000000E+01  1.39158000E-02  3.12000000E-04
  1.30000000E+01  3.00000000E+01  2.14496000E-02  3.13700000E-04
  1.30000000E+01  4.10000000E+01  6.64005000E-04  3.22110000E-04
  1.40000000E+01  1.60000000E+01  2.22992000E-02  1.07000000E-04
  1.40000000E+01  1.80000000E+01  1.59686000E-01  1.66000000E-04
  1.40000000E+01  1.90000000E+01  1.66119000E-02  1.76000000E-04
  1.40000000E+01  2.10000000E+01  3.32833000E-03  2.59000000E-04
  1.40000000E+01  2.20000000E+01  7.37297000E-03  2.61000000E-04
  1.40000000E+01  2.70000000E+01  2.34182000E-03  3.15000000E-04
  1.40000000E+01  2.90000000E+01  1.39188000E-02  3.26000000E-04
  1.40000000E+01  3.00000000E+01  1.68487000E-03  3.27700000E-04
  1.40000000E+01  4.10000000E+01  7.42054000E-05  3.36110000E-04
  1.60000000E+01  1.60000000E+01  6.99283000E-04  6.02000000E-04
  1.60000000E+01  1.80000000E+01  9.90058000E-03  6.61000000E-04
  1.60000000E+01  1.90000000E+01  1.61691000E-03  6.71000000E-04
  1.60000000E+01  2.10000000E+01  3.52853000E-04  7.54000000E-04
  1.60000000E+01  2.20000000E+01  1.05972000E-03  7.56000000E-04
  1.60000000E+01  2.70000000E+01  1.71772000E-04  8.10000000E-04
  1.60000000E+01  2.90000000E+01  8.22730000E-04  8.21000000E-04
  1.60000000E+01  3.00000000E+01  1.68852000E-04  8.22700000E-04
  1.60000000E+01  4.10000000E+01  5.24033000E-06  8.31110000E-04
  1.80000000E+01  1.80000000E+01  7.18883000E-03  7.20000000E-04
  1.80000000E+01  1.90000000E+01  2.24110000E-02  7.30000000E-04
  1.80000000E+01  2.10000000E+01  1.95821000E-02  8.13000000E-04
  1.80000000E+01  2.20000000E+01  3.25733000E-02  8.15000000E-04
  1.80000000E+01  2.70000000E+01  1.55124000E-03  8.69000000E-04
  1.80000000E+01  2.90000000E+01  1.47642000E-03  8.80000000E-04
  1.80000000E+01  3.00000000E+01  2.58196000E-03  8.81700000E-04
  1.80000000E+01  4.10000000E+01  5.11155000E-05  8.90110000E-04
  1.90000000E+01  1.90000000E+01  6.45715000E-04  7.40000000E-04
  1.90000000E+01  2.10000000E+01  2.01902000E-03  8.23000000E-04
  1.90000000E+01  2.20000000E+01  1.48367000E-03  8.25000000E-04
  1.90000000E+01  2.70000000E+01  1.85851000E-04  8.79000000E-04
  1.90000000E+01  2.90000000E+01  2.03424000E-03  8.90000000E-04
  1.90000000E+01  3.00000000E+01  1.25600000E-04  8.91700000E-04
  1.90000000E+01  4.10000000E+01  5.70887000E-06  9.00110000E-04
  2.10000000E+01  2.10000000E+01  6.44417000E-04  9.06000000E-04
  2.10000000E+01  2.20000000E+01  1.65737000E-03  9.08000000E-04
  2.10000000E+01  2.70000000E+01  4.69180000E-05  9.62000000E-04
  2.10000000E+01  2.90000000E+01  1.55232000E-03  9.73000000E-04
  2.10000000E+01  3.00000000E+01  1.74106000E-04  9.74700000E-04
  2.10000000E+01  4.10000000E+01  1.69578000E-06  9.83110000E-04
  2.20000000E+01  2.20000000E+01  2.26787000E-04  9.10000000E-04
  2.20000000E+01  2.70000000E+01  6.80031000E-05  9.64000000E-04
  2.20000000E+01  2.90000000E+01  1.48581000E-03  9.75000000E-04
  2.20000000E+01  3.00000000E+01  6.80031000E-05  9.76700000E-04
  2.20000000E+01  4.10000000E+01  2.24538000E-06  9.85110000E-04
  2.70000000E+01  2.70000000E+01  7.87279000E-06  1.01800000E-03
  2.70000000E+01  2.90000000E+01  9.49150000E-05  1.02900000E-03
  2.70000000E+01  3.00000000E+01  1.35587000E-05  1.03070000E-03
  2.70000000E+01  4.10000000E+01  4.37383000E-07  1.03911000E-03
  2.90000000E+01  2.90000000E+01  4.48573000E-05  1.04000000E-03
  2.90000000E+01  3.00000000E+01  1.36044000E-04  1.04170000E-03
  2.90000000E+01  4.10000000E+01  2.57372000E-06  1.05011000E-03
  3.00000000E+01  3.00000000E+01  3.45243000E-06  1.04340000E-03
  3.00000000E+01  4.10000000E+01  3.45243000E-07  1.05181000E-03
                                                                       1
 55000  0  7  132.905    180717  2  0.0         1.0000E+50  0.0
92931 91  0.0         11.         0.0         0.0         0.0
  1.30000000E+01  2.12415000E-05  2.58000000E-04
  1.40000000E+01  2.33778000E-04  2.72000000E-04
  1.60000000E+01  3.82106000E-04  7.67000000E-04
  2.10000000E+01  1.49791000E-04  9.19000000E-04
  2.20000000E+01  1.23501000E-03  9.21000000E-04
  2.70000000E+01  6.00413000E-05  9.75000000E-04
                                                                       1
 55000  0  9  132.905    180717  2  0.0         1.0000E+50  0.0
92932 91  0.0         11.         0.0         0.0         0.0
  1.30000000E+01  1.60000000E+01  2.61370000E-02  2.50000000E-05
  1.30000000E+01  1.80000000E+01  1.75519000E-02  8.40000000E-05
  1.30000000E+01  1.90000000E+01  1.01384000E-01  9.40000000E-05
  1.30000000E+01  2.10000000E+01  1.29933000E-02  1.77000000E-04
  1.30000000E+01  2.20000000E+01  9.67777000E-03  1.79000000E-04
  1.30000000E+01  2.70000000E+01  3.05018000E-03  2.33000000E-04
  1.30000000E+01  2.90000000E+01  1.95474000E-03  2.44000000E-04
  1.30000000E+01  3.00000000E+01  9.19137000E-03  2.45700000E-04
  1.30000000E+01  4.10000000E+01  9.92321000E-05  2.54110000E-04
  1.40000000E+01  1.60000000E+01  1.12964000E-01  3.90000000E-05
  1.40000000E+01  1.80000000E+01  1.18087000E-01  9.80000000E-05
  1.40000000E+01  1.90000000E+01  2.27079000E-01  1.08000000E-04
  1.40000000E+01  2.10000000E+01  5.20128000E-02  1.91000000E-04
  1.40000000E+01  2.20000000E+01  8.55188000E-02  1.93000000E-04
  1.40000000E+01  2.70000000E+01  1.75292000E-02  2.47000000E-04
  1.40000000E+01  2.90000000E+01  1.33016000E-02  2.58000000E-04
  1.40000000E+01  3.00000000E+01  2.32581000E-02  2.59700000E-04
  1.40000000E+01  4.10000000E+01  5.75998000E-04  2.68110000E-04
  1.60000000E+01  1.60000000E+01  7.88312000E-04  5.34000000E-04
  1.60000000E+01  1.80000000E+01  1.15253000E-03  5.93000000E-04
  1.60000000E+01  1.90000000E+01  1.67099000E-02  6.03000000E-04
  1.60000000E+01  2.10000000E+01  9.86243000E-04  6.86000000E-04
  1.60000000E+01  2.20000000E+01  1.07508000E-03  6.88000000E-04
  1.60000000E+01  2.70000000E+01  1.93561000E-04  7.42000000E-04
  1.60000000E+01  2.90000000E+01  1.16134000E-04  7.53000000E-04
  1.60000000E+01  3.00000000E+01  1.37159000E-03  7.54700000E-04
  1.60000000E+01  4.10000000E+01  6.15847000E-06  7.63110000E-04
  1.80000000E+01  1.80000000E+01  1.88033000E-04  6.52000000E-04
  1.80000000E+01  1.90000000E+01  1.92762000E-02  6.62000000E-04
  1.80000000E+01  2.10000000E+01  5.27385000E-04  7.45000000E-04
  1.80000000E+01  2.20000000E+01  3.11689000E-03  7.47000000E-04
  1.80000000E+01  2.70000000E+01  1.28935000E-04  8.01000000E-04
  1.80000000E+01  2.90000000E+01  3.58150000E-05  8.12000000E-04
  1.80000000E+01  3.00000000E+01  1.59650000E-03  8.13700000E-04
  1.80000000E+01  4.10000000E+01  4.47680000E-06  8.22110000E-04
  1.90000000E+01  1.90000000E+01  2.50532000E-02  6.72000000E-04
  1.90000000E+01  2.10000000E+01  3.19814000E-02  7.55000000E-04
  1.90000000E+01  2.20000000E+01  4.34977000E-02  7.57000000E-04
  1.90000000E+01  2.70000000E+01  2.27848000E-03  8.11000000E-04
  1.90000000E+01  2.90000000E+01  2.02397000E-03  8.22000000E-04
  1.90000000E+01  3.00000000E+01  4.95806000E-03  8.23700000E-04
  1.90000000E+01  4.10000000E+01  7.47328000E-05  8.32110000E-04
  2.10000000E+01  2.10000000E+01  1.80346000E-04  8.38000000E-04
  2.10000000E+01  2.20000000E+01  2.22502000E-03  8.40000000E-04
  2.10000000E+01  2.70000000E+01  6.93618000E-05  8.94000000E-04
  2.10000000E+01  2.90000000E+01  2.83473000E-05  9.05000000E-04
  2.10000000E+01  3.00000000E+01  2.00071000E-03  9.06700000E-04
  2.10000000E+01  4.10000000E+01  2.41254000E-06  9.15110000E-04
  2.20000000E+01  2.20000000E+01  1.06367000E-03  8.42000000E-04
  2.20000000E+01  2.70000000E+01  6.52493000E-05  8.96000000E-04
  2.20000000E+01  2.90000000E+01  1.40804000E-04  9.07000000E-04
  2.20000000E+01  3.00000000E+01  2.19742000E-03  9.08700000E-04
  2.20000000E+01  4.10000000E+01  1.96237000E-06  9.17110000E-04
  2.70000000E+01  2.70000000E+01  7.40594000E-06  9.50000000E-04
  2.70000000E+01  2.90000000E+01  7.93489000E-06  9.61000000E-04
  2.70000000E+01  3.00000000E+01  1.24314000E-04  9.62700000E-04
  2.70000000E+01  4.10000000E+01  5.29005000E-07  9.71110000E-04
  2.90000000E+01  2.90000000E+01  1.11957000E-06  9.72000000E-04
  2.90000000E+01  3.00000000E+01  1.18117000E-04  9.73700000E-04
  3.00000000E+01  3.00000000E+01  1.71229000E-04  9.75400000E-04
  3.00000000E+01  4.10000000E+01  4.58137000E-06  9.83810000E-04
                                                                       1
 55000  0  7  132.905    180717  2  0.0         1.0000E+50  0.0
92931 91  0.0         13.         0.0         0.0         0.0
  1.80000000E+01  2.07960000E-03  5.68000000E-04
  1.90000000E+01  3.25161000E-04  5.78000000E-04
  2.90000000E+01  2.61900000E-04  7.28000000E-04
  3.00000000E+01  4.00351000E-05  7.29700000E-04
                                                                       1
 55000  0  9  132.905    180717  2  0.0         1.0000E+50  0.0
92932 91  0.0         13.         0.0         0.0         0.0
  1.40000000E+01  3.00000000E+01  9.55523000E-03  1.70000000E-06
  1.40000000E+01  4.10000000E+01  5.15787000E-04  1.01100000E-05
  1.60000000E+01  1.60000000E+01  1.31129000E-05  2.76000000E-04
  1.60000000E+01  1.80000000E+01  5.48567000E-03  3.35000000E-04
  1.60000000E+01  1.90000000E+01  4.31002000E-03  3.45000000E-04
  1.60000000E+01  2.10000000E+01  1.10757000E-01  4.28000000E-04
  1.60000000E+01  2.20000000E+01  1.54262000E-02  4.30000000E-04
  1.60000000E+01  2.70000000E+01  2.62259000E-05  4.84000000E-04
  1.60000000E+01  2.90000000E+01  5.20167000E-04  4.95000000E-04
  1.60000000E+01  3.00000000E+01  3.01595000E-04  4.96700000E-04
  1.80000000E+01  1.80000000E+01  1.93219000E-03  3.94000000E-04
  1.80000000E+01  1.90000000E+01  1.70307000E-02  4.04000000E-04
  1.80000000E+01  2.10000000E+01  8.95888000E-02  4.87000000E-04
  1.80000000E+01  2.20000000E+01  7.86856000E-03  4.89000000E-04
  1.80000000E+01  2.70000000E+01  4.41519000E-04  5.43000000E-04
  1.80000000E+01  2.90000000E+01  3.97809000E-04  5.54000000E-04
  1.80000000E+01  3.00000000E+01  1.47746000E-03  5.55700000E-04
  1.80000000E+01  4.10000000E+01  1.31139000E-05  5.64110000E-04
  1.90000000E+01  1.90000000E+01  6.55214000E-03  4.14000000E-04
  1.90000000E+01  2.10000000E+01  1.97831000E-01  4.97000000E-04
  1.90000000E+01  2.20000000E+01  7.52685000E-03  4.99000000E-04
  1.90000000E+01  2.70000000E+01  4.19609000E-04  5.53000000E-04
  1.90000000E+01  2.90000000E+01  1.48174000E-03  5.64000000E-04
  1.90000000E+01  3.00000000E+01  1.10592000E-03  5.65700000E-04
  1.90000000E+01  4.10000000E+01  1.31125000E-05  5.74110000E-04
  2.10000000E+01  2.10000000E+01  1.50784000E-01  5.80000000E-04
  2.10000000E+01  2.20000000E+01  3.10056000E-01  5.82000000E-04
  2.10000000E+01  2.70000000E+01  1.50714000E-02  6.36000000E-04
  2.10000000E+01  2.90000000E+01  1.04734000E-02  6.47000000E-04
  2.10000000E+01  3.00000000E+01  2.18827000E-02  6.48700000E-04
  2.10000000E+01  4.10000000E+01  4.93793000E-04  6.57110000E-04
  2.20000000E+01  2.20000000E+01  5.16667000E-03  5.84000000E-04
  2.20000000E+01  2.70000000E+01  1.18019000E-03  6.38000000E-04
  2.20000000E+01  2.90000000E+01  6.29439000E-04  6.49000000E-04
  2.20000000E+01  3.00000000E+01  6.90648000E-04  6.50700000E-04
  2.20000000E+01  4.10000000E+01  3.49705000E-05  6.59110000E-04
  2.70000000E+01  2.90000000E+01  4.63325000E-05  7.03000000E-04
  2.70000000E+01  3.00000000E+01  2.94826000E-05  7.04700000E-04
  2.90000000E+01  2.90000000E+01  1.44805000E-05  7.14000000E-04
  2.90000000E+01  3.00000000E+01  9.26797000E-05  7.15700000E-04
  3.00000000E+01  3.00000000E+01  5.56161000E-05  7.17400000E-04
                                                                       1
 55000  0  7  132.905    180717  2  0.0         1.0000E+50  0.0
92931 91  0.0         14.         0.0         0.0         0.0
  1.90000000E+01  2.24497000E-03  5.64000000E-04
  3.00000000E+01  2.76176000E-04  7.15700000E-04
                                                                       1
 55000  0  9  132.905    180717  2  0.0         1.0000E+50  0.0
92932 91  0.0         14.         0.0         0.0         0.0
  1.60000000E+01  1.60000000E+01  7.29331000E-05  2.62000000E-04
  1.60000000E+01  1.80000000E+01  2.18790000E-03  3.21000000E-04
  1.60000000E+01  1.90000000E+01  8.33159000E-03  3.31000000E-04
  1.60000000E+01  2.10000000E+01  1.13606000E-02  4.14000000E-04
  1.60000000E+01  2.20000000E+01  1.16190000E-01  4.16000000E-04
  1.60000000E+01  2.70000000E+01  3.00304000E-05  4.70000000E-04
  1.60000000E+01  2.90000000E+01  1.15831000E-04  4.81000000E-04
  1.60000000E+01  3.00000000E+01  6.99297000E-04  4.82700000E-04
  1.80000000E+01  1.90000000E+01  1.66976000E-02  3.90000000E-04
  1.80000000E+01  2.10000000E+01  1.23567000E-03  4.73000000E-04
  1.80000000E+01  2.20000000E+01  1.09698000E-01  4.75000000E-04
  1.80000000E+01  2.70000000E+01  1.84489000E-04  5.29000000E-04
  1.80000000E+01  2.90000000E+01  4.29039000E-06  5.40000000E-04
  1.80000000E+01  3.00000000E+01  1.42438000E-03  5.41700000E-04
  1.80000000E+01  4.10000000E+01  4.29039000E-06  5.50110000E-04
  1.90000000E+01  1.90000000E+01  1.26351000E-02  4.00000000E-04
  1.90000000E+01  2.10000000E+01  1.01124000E-02  4.83000000E-04
  1.90000000E+01  2.20000000E+01  1.80864000E-01  4.85000000E-04
  1.90000000E+01  2.70000000E+01  7.55097000E-04  5.39000000E-04
  1.90000000E+01  2.90000000E+01  1.36858000E-03  5.50000000E-04
  1.90000000E+01  3.00000000E+01  2.22665000E-03  5.51700000E-04
  1.90000000E+01  4.10000000E+01  2.57411000E-05  5.60110000E-04
  2.10000000E+01  2.10000000E+01  2.08937000E-03  5.66000000E-04
  2.10000000E+01  2.20000000E+01  2.16800000E-01  5.68000000E-04
  2.10000000E+01  2.70000000E+01  8.58027000E-04  6.22000000E-04
  2.10000000E+01  2.90000000E+01  1.41572000E-04  6.33000000E-04
  2.10000000E+01  3.00000000E+01  8.32294000E-04  6.34700000E-04
  2.10000000E+01  4.10000000E+01  2.57402000E-05  6.43110000E-04
  2.20000000E+01  2.20000000E+01  2.50840000E-01  5.70000000E-04
  2.20000000E+01  2.70000000E+01  1.56243000E-02  6.24000000E-04
  2.20000000E+01  2.90000000E+01  1.26008000E-02  6.35000000E-04
  2.20000000E+01  3.00000000E+01  2.05208000E-02  6.36700000E-04
  2.20000000E+01  4.10000000E+01  5.10539000E-04  6.45110000E-04
  2.70000000E+01  2.90000000E+01  1.24710000E-05  6.89000000E-04
  2.70000000E+01  3.00000000E+01  9.97675000E-05  6.90700000E-04
  2.90000000E+01  3.00000000E+01  1.33738000E-04  7.01700000E-04
  3.00000000E+01  3.00000000E+01  1.59454000E-04  7.03400000E-04
  3.00000000E+01  4.10000000E+01  6.64381000E-06  7.11810000E-04
                                                                       1
 55000  0  7  132.905    180717  2  0.0         1.0000E+50  0.0
92931 91  0.0         16.         0.0         0.0         0.0
  1.80000000E+01  1.12361000E-05  5.90000000E-05
  1.90000000E+01  4.55959000E-05  6.90000000E-05
  2.90000000E+01  1.23188000E-05  2.19000000E-04
  3.00000000E+01  1.20406000E-05  2.20700000E-04
                                                                       1
 55000  0  9  132.905    180717  2  0.0         1.0000E+50  0.0
92932 91  0.0         16.         0.0         0.0         0.0
  1.80000000E+01  2.70000000E+01  7.61086000E-02  3.40000000E-05
  1.80000000E+01  2.90000000E+01  5.26425000E-02  4.50000000E-05
  1.80000000E+01  3.00000000E+01  1.19047000E-01  4.67000000E-05
  1.80000000E+01  4.10000000E+01  2.37299000E-03  5.51100000E-05
  1.90000000E+01  2.70000000E+01  1.13094000E-01  4.40000000E-05
  1.90000000E+01  2.90000000E+01  1.06608000E-01  5.50000000E-05
  1.90000000E+01  3.00000000E+01  1.49267000E-01  5.67000000E-05
  1.90000000E+01  4.10000000E+01  3.59204000E-03  6.51100000E-05
  2.10000000E+01  2.10000000E+01  6.13813000E-03  7.10000000E-05
  2.10000000E+01  2.20000000E+01  7.70327000E-02  7.30000000E-05
  2.10000000E+01  2.70000000E+01  3.21623000E-02  1.27000000E-04
  2.10000000E+01  2.90000000E+01  5.04274000E-03  1.38000000E-04
  2.10000000E+01  3.00000000E+01  2.22643000E-02  1.39700000E-04
  2.10000000E+01  4.10000000E+01  8.80204000E-04  1.48110000E-04
  2.20000000E+01  2.20000000E+01  2.90258000E-02  7.50000000E-05
  2.20000000E+01  2.70000000E+01  4.80950000E-02  1.29000000E-04
  2.20000000E+01  2.90000000E+01  1.97498000E-02  1.40000000E-04
  2.20000000E+01  3.00000000E+01  2.00843000E-02  1.41700000E-04
  2.20000000E+01  4.10000000E+01  1.31532000E-03  1.50110000E-04
  2.70000000E+01  2.70000000E+01  1.38602000E-02  1.83000000E-04
  2.70000000E+01  2.90000000E+01  1.57799000E-02  1.94000000E-04
  2.70000000E+01  3.00000000E+01  2.80816000E-02  1.95700000E-04
  2.70000000E+01  4.10000000E+01  8.10461000E-04  2.04110000E-04
  2.90000000E+01  2.90000000E+01  5.50465000E-03  2.05000000E-04
  2.90000000E+01  3.00000000E+01  2.54055000E-02  2.06700000E-04
  2.90000000E+01  4.10000000E+01  1.85899000E-03  2.15110000E-04
  3.00000000E+01  3.00000000E+01  2.07661000E-02  2.08400000E-04
  3.00000000E+01  4.10000000E+01  3.32899000E-03  2.16810000E-04
                                                                       1
 55000  0  7  132.905    180717  2  0.0         1.0000E+50  0.0
92931 91  0.0         18.         0.0         0.0         0.0
  2.10000000E+01  1.08230000E-04  9.30000000E-05
  2.70000000E+01  1.63241000E-05  1.49000000E-04
                                                                       1
 55000  0  9  132.905    180717  2  0.0         1.0000E+50  0.0
92932 91  0.0         18.         0.0         0.0         0.0
  1.90000000E+01  4.10000000E+01  1.87881000E-04  6.11000000E-06
  2.10000000E+01  2.10000000E+01  1.63201000E-01  1.20000000E-05
  2.10000000E+01  2.20000000E+01  7.29819000E-01  1.40000000E-05
  2.10000000E+01  2.70000000E+01  1.94886000E-02  6.80000000E-05
  2.10000000E+01  2.90000000E+01  1.31855000E-02  7.90000000E-05
  2.10000000E+01  3.00000000E+01  2.66408000E-02  8.07000000E-05
  2.10000000E+01  4.10000000E+01  6.49856000E-04  8.91100000E-05
  2.20000000E+01  2.20000000E+01  2.50975000E-02  1.60000000E-05
  2.20000000E+01  2.70000000E+01  2.79293000E-03  7.00000000E-05
  2.20000000E+01  2.90000000E+01  1.29795000E-02  8.10000000E-05
  2.20000000E+01  3.00000000E+01  2.96993000E-03  8.27000000E-05
  2.20000000E+01  4.10000000E+01  8.23633000E-05  9.11100000E-05
  2.70000000E+01  2.70000000E+01  3.06958000E-05  1.24000000E-04
  2.70000000E+01  2.90000000E+01  7.46578000E-04  1.35000000E-04
  2.70000000E+01  3.00000000E+01  9.99006000E-05  1.36700000E-04
  2.70000000E+01  4.10000000E+01  1.83946000E-06  1.45110000E-04
  2.90000000E+01  2.90000000E+01  4.64404000E-04  1.46000000E-04
  2.90000000E+01  3.00000000E+01  1.36010000E-03  1.47700000E-04
  2.90000000E+01  4.10000000E+01  2.91091000E-05  1.56110000E-04
  3.00000000E+01  3.00000000E+01  4.55887000E-05  1.49400000E-04
  3.00000000E+01  4.10000000E+01  2.89656000E-06  1.57810000E-04
                                                                       1
 55000  0  7  132.905    180717  2  0.0         1.0000E+50  0.0
92931 91  0.0         19.         0.0         0.0         0.0
  2.10000000E+01  2.69840000E-06  8.30000000E-05
  2.20000000E+01  2.81180000E-05  8.50000000E-05
  2.70000000E+01  6.19989000E-06  1.39000000E-04
                                                                       1
 55000  0  9  132.905    180717  2  0.0         1.0000E+50  0.0
92932 91  0.0         19.         0.0         0.0         0.0
  2.10000000E+01  2.10000000E+01  7.88904000E-02  2.00000000E-06
  2.10000000E+01  2.20000000E+01  1.80721000E-01  4.00000000E-06
  2.10000000E+01  2.70000000E+01  2.43401000E-03  5.80000000E-05
  2.10000000E+01  2.90000000E+01  1.77651000E-03  6.90000000E-05
  2.10000000E+01  3.00000000E+01  7.61968000E-03  7.07000000E-05
  2.10000000E+01  4.10000000E+01  7.83244000E-05  7.91100000E-05
  2.20000000E+01  2.20000000E+01  6.81190000E-01  6.00000000E-06
  2.20000000E+01  2.70000000E+01  1.31198000E-02  6.00000000E-05
  2.20000000E+01  2.90000000E+01  1.21430000E-02  7.10000000E-05
  2.20000000E+01  3.00000000E+01  1.97468000E-02  7.27000000E-05
  2.20000000E+01  4.10000000E+01  4.39568000E-04  8.11100000E-05
  2.70000000E+01  2.70000000E+01  3.17611000E-06  1.14000000E-04
  2.70000000E+01  2.90000000E+01  4.43466000E-05  1.25000000E-04
  2.70000000E+01  3.00000000E+01  8.45201000E-04  1.26700000E-04
  2.70000000E+01  4.10000000E+01  2.35258000E-07  1.35110000E-04
  2.90000000E+01  2.90000000E+01  4.29381000E-06  1.36000000E-04
  2.90000000E+01  3.00000000E+01  3.50808000E-04  1.37700000E-04
  2.90000000E+01  4.10000000E+01  5.57650000E-07  1.46110000E-04
  3.00000000E+01  3.00000000E+01  5.41278000E-04  1.39400000E-04
  3.00000000E+01  4.10000000E+01  1.46513000E-05  1.47810000E-04
                                                                       1
 55000  0  7  132.905    180717  2  0.0         1.0000E+50  0.0
92931 91  0.0         21.         0.0         0.0         0.0
  2.90000000E+01  8.08289000E-07  6.70000000E-05
  3.00000000E+01  1.39470000E-07  6.87000000E-05
                                                                       1
 55000  0  9  132.905    180717  2  0.0         1.0000E+50  0.0
92932 91  0.0         21.         0.0         0.0         0.0
  2.70000000E+01  2.70000000E+01  2.46742000E-01  3.10000000E-05
  2.70000000E+01  2.90000000E+01  5.60254000E-02  4.20000000E-05
  2.70000000E+01  3.00000000E+01  6.54960000E-02  4.37000000E-05
  2.70000000E+01  4.10000000E+01  8.12578000E-03  5.21100000E-05
  2.90000000E+01  2.90000000E+01  1.51938000E-01  5.30000000E-05
  2.90000000E+01  3.00000000E+01  3.56354000E-01  5.47000000E-05
  2.90000000E+01  4.10000000E+01  4.19779000E-03  6.31100000E-05
  3.00000000E+01  3.00000000E+01  1.08283000E-01  5.64000000E-05
  3.00000000E+01  4.10000000E+01  2.83728000E-03  6.48100000E-05
                                                                       1
 55000  0  7  132.905    180717  2  0.0         1.0000E+50  0.0
92931 91  0.0         22.         0.0         0.0         0.0
  3.00000000E+01  9.73099000E-07  6.67000000E-05
                                                                       1
 55000  0  9  132.905    180717  2  0.0         1.0000E+50  0.0
92932 91  0.0         22.         0.0         0.0         0.0
  2.70000000E+01  2.70000000E+01  3.05976000E-01  2.90000000E-05
  2.70000000E+01  2.90000000E+01  4.21417000E-02  4.00000000E-05
  2.70000000E+01  3.00000000E+01  1.02864000E-01  4.17000000E-05
  2.70000000E+01  4.10000000E+01  1.00980000E-02  5.01100000E-05
  2.90000000E+01  2.90000000E+01  3.03864000E-02  5.10000000E-05
  2.90000000E+01  3.00000000E+01  2.40029000E-01  5.27000000E-05
  2.90000000E+01  4.10000000E+01  1.53463000E-03  6.11100000E-05
  3.00000000E+01  3.00000000E+01  2.61637000E-01  5.44000000E-05
  3.00000000E+01  4.10000000E+01  5.33315000E-03  6.28100000E-05
                                                                       1
