 60000  0  0  144.24     180717  2  0.0         1.0000E+50  0.0
91912  0  0.0         0.0         0.0         0.0         0.0
 1.000000000E+00 2.000000000E+00
 3.000000000E+00 2.000000000E+00
 5.000000000E+00 2.000000000E+00
 6.000000000E+00 4.000000000E+00
 8.000000000E+00 2.000000000E+00
 1.000000000E+01 2.000000000E+00
 1.100000000E+01 4.000000000E+00
 1.300000000E+01 4.000000000E+00
 1.400000000E+01 6.000000000E+00
 1.600000000E+01 2.000000000E+00
 1.800000000E+01 2.000000000E+00
 1.900000000E+01 4.000000000E+00
 2.100000000E+01 4.000000000E+00
 2.200000000E+01 6.000000000E+00
 2.400000000E+01 1.710000000E+00
 2.500000000E+01 2.290000000E+00
 2.700000000E+01 2.000000000E+00
 2.900000000E+01 2.000000000E+00
 3.000000000E+01 4.000000000E+00
 4.100000000E+01 2.000000000E+00
                                                                       1
 60000  0  0  144.24     180717  2  0.0         1.0000E+50  0.0
91913  0  0.0         0.0         0.0         0.0         0.0
 1.000000000E+00 4.357500000E-02
 3.000000000E+00 7.132000000E-03
 5.000000000E+00 6.727000000E-03
 6.000000000E+00 6.213000000E-03
 8.000000000E+00 1.580000000E-03
 1.000000000E+01 1.408000000E-03
 1.100000000E+01 1.303000000E-03
 1.300000000E+01 1.005000000E-03
 1.400000000E+01 9.830000000E-04
 1.600000000E+01 3.210000000E-04
 1.800000000E+01 2.500000000E-04
 1.900000000E+01 2.300000000E-04
 2.100000000E+01 1.260000000E-04
 2.200000000E+01 1.220000000E-04
 2.400000000E+01 6.000000000E-06
 2.500000000E+01 6.000000000E-06
 2.700000000E+01 4.200000000E-05
 2.900000000E+01 2.800000000E-05
 3.000000000E+01 2.500000000E-05
 4.100000000E+01 5.660000000E-06
                                                                       1
 60000  0  0  144.24     180717  2  0.0         1.0000E+50  0.0
91914  0  0.0         0.0         0.0         0.0         0.0
 1.000000000E+00 5.636454286E-02
 3.000000000E+00 1.269790196E-02
 5.000000000E+00 1.263724857E-02
 6.000000000E+00 1.072623494E-02
 8.000000000E+00 3.900618636E-03
 1.000000000E+01 3.793047674E-03
 1.100000000E+01 3.345827830E-03
 1.300000000E+01 3.166054304E-03
 1.400000000E+01 3.062887069E-03
 1.600000000E+01 1.202188915E-03
 1.800000000E+01 1.081757398E-03
 1.900000000E+01 9.720433571E-04
 2.100000000E+01 7.936492073E-04
 2.200000000E+01 7.672822982E-04
 2.400000000E+01 3.118485577E-04
 2.500000000E+01 3.243974522E-04
 2.700000000E+01 2.361937500E-04
 2.900000000E+01 1.984793741E-04
 3.000000000E+01 1.745176849E-04
 4.100000000E+01 3.070778226E-05
                                                                       1
 60000  0  0  144.24     180717  2  0.0         1.0000E+50  0.0
91915  0  0.0         0.0         0.0         0.0         0.0
 1.000000000E+00 1.248500000E-10
 3.000000000E+00 5.298100000E-10
 5.000000000E+00 4.437000000E-10
 6.000000000E+00 4.772900000E-10
 8.000000000E+00 1.399100000E-09
 1.000000000E+01 1.342700000E-09
 1.100000000E+01 1.407500000E-09
 1.300000000E+01 1.254200000E-09
 1.400000000E+01 1.274700000E-09
 1.600000000E+01 3.187000000E-09
 1.800000000E+01 3.265700000E-09
 1.900000000E+01 3.412500000E-09
 2.100000000E+01 3.650000000E-09
 2.200000000E+01 3.701300000E-09
 2.400000000E+01 5.182300000E-09
 2.500000000E+01 5.247900000E-09
 2.700000000E+01 7.645900000E-09
 2.900000000E+01 8.572700000E-09
 3.000000000E+01 9.028400000E-09
 4.100000000E+01 2.340500000E-08
                                                                       1
 60000  0  0  144.24     180717  2  0.0         1.0000E+50  0.0
91921  0  0.0         0.0         0.0         0.0         0.0
 1.000000000E+00 1.551900000E-05
 3.000000000E+00 2.830100000E-07
 5.000000000E+00 4.798300000E-07
 6.000000000E+00 4.448300000E-07
 8.000000000E+00 8.331900000E-09
 1.000000000E+01 8.356900000E-09
 1.100000000E+01 8.502600000E-09
 1.300000000E+01 2.560800000E-09
 1.400000000E+01 2.382000000E-09
 1.600000000E+01 2.140000000E-10
 1.800000000E+01 4.321200000E-10
 1.900000000E+01 3.149000000E-10
 2.100000000E+01 1.260400000E-10
 2.200000000E+01 1.157500000E-10
 2.700000000E+01 1.080700000E-11
                                                                       1
 60000  0  0  144.24     180717  2  0.0         1.0000E+50  0.0
91922  0  0.0         0.0         0.0         0.0         0.0
 1.000000000E+00 1.353000000E-06
 3.000000000E+00 3.796100000E-06
 5.000000000E+00 2.896400000E-06
 6.000000000E+00 2.730400000E-06
 8.000000000E+00 1.406400000E-05
 1.000000000E+01 6.336000000E-06
 1.100000000E+01 7.278100000E-06
 1.300000000E+01 9.715800000E-07
 1.400000000E+01 7.789200000E-07
 1.600000000E+01 8.815100000E-06
 1.800000000E+01 1.207400000E-05
 1.900000000E+01 4.946300000E-06
 2.100000000E+01 1.054000000E-06
 2.200000000E+01 7.962100000E-07
 2.700000000E+01 5.514100000E-07
                                                                       1
 60000  0  0  144.24     180717  2  0.0         1.0000E+50  0.0
92935  0  0.0         0.0         0.0         0.0         0.0
 1.000000000E+00 1.583940306E-04
 3.000000000E+00 1.914890671E-04
 5.000000000E+00 1.650651849E-04
 6.000000000E+00 1.522133398E-04
 8.000000000E+00 1.416318598E-04
 1.000000000E+01 1.222022286E-04
 1.100000000E+01 1.102513542E-04
 1.300000000E+01 8.071677504E-05
 1.400000000E+01 7.141050796E-05
 1.600000000E+01 7.017480930E-05
 1.800000000E+01 6.286299256E-05
 1.900000000E+01 4.855360874E-05
 2.100000000E+01 4.051906590E-05
 2.200000000E+01 2.832745627E-05
 2.400000000E+01 6.000000000E-06
 2.500000000E+01 6.000000000E-06
 2.700000000E+01 2.903212500E-05
 2.900000000E+01 2.800000000E-05
 3.000000000E+01 2.500000000E-05
 4.100000000E+01 5.660000000E-06
                                                                       1
 60000  0  7  144.24     180717  2  0.0         1.0000E+50  0.0
92933  0  0.0         0.0         0.0         0.0         0.0
 1.000000000E+00 1.054990000E+00
 3.000000000E+00 1.509110000E-01
 5.000000000E+00 1.683080000E-01
 6.000000000E+00 1.418200000E-01
 8.000000000E+00 7.237580000E-03
 1.000000000E+01 7.576910000E-03
 1.100000000E+01 7.208850000E-03
 1.300000000E+01 5.658700000E-03
 1.400000000E+01 5.299930000E-03
 1.600000000E+01 2.349000000E-04
 1.800000000E+01 2.683600000E-04
 1.900000000E+01 8.922070000E-05
 2.100000000E+01 7.544070000E-06
 2.200000000E+01 7.589790000E-06
 2.700000000E+01 2.345100000E-08
                                                                       1
 60000  0  7  144.24     180717  2  0.0         1.0000E+50  0.0
92934  0  0.0         0.0         0.0         0.0         0.0
 1.000000000E+00 3.591066954E-02
 3.000000000E+00 8.160098719E-04
 5.000000000E+00 9.197273113E-04
 6.000000000E+00 7.090527258E-04
 8.000000000E+00 6.750982214E-06
 1.000000000E+01 6.811968294E-06
 1.100000000E+01 6.498296170E-06
 1.300000000E+01 4.520494589E-06
 1.400000000E+01 4.215659095E-06
 1.600000000E+01 3.536425410E-08
 1.800000000E+01 3.621607454E-08
 1.900000000E+01 1.081266324E-08
 2.100000000E+01 7.627983991E-10
 2.200000000E+01 7.570157760E-10
 2.700000000E+01 3.245740385E-13
                                                                       1
 60000  0  9  144.24     180717  2  0.0         1.0000E+50  0.0
92933  0  0.0         0.0         0.0         0.0         0.0
 1.000000000E+00 9.436790000E+00
 3.000000000E+00 1.148960000E+01
 5.000000000E+00 9.677100000E+00
 6.000000000E+00 9.118310000E+00
 8.000000000E+00 8.137220000E+00
 1.000000000E+01 6.734140000E+00
 1.100000000E+01 6.332230000E+00
 1.300000000E+01 4.010770000E+00
 1.400000000E+01 3.933560000E+00
 1.600000000E+01 3.246000000E+00
 1.800000000E+01 2.988960000E+00
 1.900000000E+01 2.299460000E+00
 2.100000000E+01 1.254970000E+00
 2.200000000E+01 1.214290000E+00
 2.700000000E+01 1.000000000E+00
                                                                       1
 60000  0  9  144.24     180717  2  0.0         1.0000E+50  0.0
92934  0  0.0         0.0         0.0         0.0         0.0
 1.000000000E+00 7.505890451E-03
 3.000000000E+00 6.124503072E-03
 5.000000000E+00 5.642204504E-03
 6.000000000E+00 5.351734936E-03
 8.000000000E+00 1.431621730E-03
 1.000000000E+01 1.278987249E-03
 1.100000000E+01 1.186245288E-03
 1.300000000E+01 9.197630696E-04
 1.400000000E+01 9.073735533E-04
 1.600000000E+01 2.507900791E-04
 1.800000000E+01 1.871004115E-04
 1.900000000E+01 1.814358785E-04
 2.100000000E+01 8.548015076E-05
 2.200000000E+01 9.367176055E-05
 2.700000000E+01 9.975288462E-06
                                                                       1
 60000  0  7  144.24     180717  2  0.0         1.0000E+50  0.0
92931 91  0.0         1.          0.0         0.0         0.0
  5.00000000E+00  2.64102000E-01  3.68480000E-02
  6.00000000E+00  4.80963000E-01  3.73620000E-02
  1.00000000E+01  4.75113000E-02  4.21670000E-02
  1.10000000E+01  9.19385000E-02  4.22720000E-02
  1.30000000E+01  6.16074000E-04  4.25700000E-02
  1.40000000E+01  8.24125000E-04  4.25920000E-02
  1.80000000E+01  1.02021000E-02  4.33250000E-02
  1.90000000E+01  1.98271000E-02  4.33450000E-02
  2.10000000E+01  1.32701000E-04  4.34490000E-02
  2.20000000E+01  1.77241000E-04  4.34530000E-02
  2.90000000E+01  1.91541000E-03  4.35470000E-02
  3.00000000E+01  3.79042000E-03  4.35500000E-02
                                                                       1
 60000  0  9  144.24     180717  2  0.0         1.0000E+50  0.0
92932 91  0.0         1.          0.0         0.0         0.0
  3.00000000E+00  3.00000000E+00  6.65734000E-03  2.93110000E-02
  3.00000000E+00  5.00000000E+00  8.27537000E-03  2.97160000E-02
  3.00000000E+00  6.00000000E+00  8.62944000E-03  3.02300000E-02
  3.00000000E+00  8.00000000E+00  2.46752000E-03  3.48630000E-02
  3.00000000E+00  1.00000000E+01  1.65276000E-03  3.50350000E-02
  3.00000000E+00  1.10000000E+01  1.76287000E-03  3.51400000E-02
  3.00000000E+00  1.30000000E+01  1.23623000E-04  3.54380000E-02
  3.00000000E+00  1.40000000E+01  1.25346000E-04  3.54600000E-02
  3.00000000E+00  1.60000000E+01  5.65864000E-04  3.61220000E-02
  3.00000000E+00  1.80000000E+01  3.62710000E-04  3.61930000E-02
  3.00000000E+00  1.90000000E+01  3.84830000E-04  3.62130000E-02
  3.00000000E+00  2.10000000E+01  2.61985000E-05  3.63170000E-02
  3.00000000E+00  2.20000000E+01  2.61985000E-05  3.63210000E-02
  3.00000000E+00  2.70000000E+01  9.50704000E-05  3.64010000E-02
  3.00000000E+00  2.90000000E+01  4.97306000E-05  3.64150000E-02
  3.00000000E+00  3.00000000E+01  5.09854000E-05  3.64180000E-02
  3.00000000E+00  4.10000000E+01  8.31516000E-06  3.64373400E-02
  5.00000000E+00  5.00000000E+00  8.71606000E-04  3.01210000E-02
  5.00000000E+00  6.00000000E+00  1.77767000E-02  3.06350000E-02
  5.00000000E+00  8.00000000E+00  1.28167000E-03  3.52680000E-02
  5.00000000E+00  1.00000000E+01  3.09523000E-04  3.54400000E-02
  5.00000000E+00  1.10000000E+01  3.02344000E-03  3.55450000E-02
  5.00000000E+00  1.30000000E+01  1.41980000E-04  3.58430000E-02
  5.00000000E+00  1.40000000E+01  4.57310000E-04  3.58650000E-02
  5.00000000E+00  1.60000000E+01  2.82861000E-04  3.65270000E-02
  5.00000000E+00  1.80000000E+01  6.65164000E-05  3.65980000E-02
  5.00000000E+00  1.90000000E+01  6.36448000E-04  3.66180000E-02
  5.00000000E+00  2.10000000E+01  2.93366000E-05  3.67220000E-02
  5.00000000E+00  2.20000000E+01  9.44463000E-05  3.67260000E-02
  5.00000000E+00  2.40000000E+01  1.56882000E-07  3.68420000E-02
  5.00000000E+00  2.70000000E+01  4.70636000E-05  3.68060000E-02
  5.00000000E+00  2.90000000E+01  9.09912000E-06  3.68200000E-02
  5.00000000E+00  3.00000000E+01  8.39321000E-05  3.68230000E-02
  5.00000000E+00  4.10000000E+01  4.07895000E-06  3.68423400E-02
  6.00000000E+00  6.00000000E+00  8.61102000E-03  3.11490000E-02
  6.00000000E+00  8.00000000E+00  1.28783000E-03  3.57820000E-02
  6.00000000E+00  1.00000000E+01  2.91680000E-03  3.59540000E-02
  6.00000000E+00  1.10000000E+01  3.01311000E-03  3.60590000E-02
  6.00000000E+00  1.30000000E+01  5.37009000E-04  3.63570000E-02
  6.00000000E+00  1.40000000E+01  4.84772000E-04  3.63790000E-02
  6.00000000E+00  1.60000000E+01  2.81924000E-04  3.70410000E-02
  6.00000000E+00  1.80000000E+01  6.16396000E-04  3.71120000E-02
  6.00000000E+00  1.90000000E+01  6.38653000E-04  3.71320000E-02
  6.00000000E+00  2.10000000E+01  1.11546000E-04  3.72360000E-02
  6.00000000E+00  2.20000000E+01  1.00407000E-04  3.72400000E-02
  6.00000000E+00  2.40000000E+01  4.70647000E-07  3.73560000E-02
  6.00000000E+00  2.70000000E+01  4.69081000E-05  3.73200000E-02
  6.00000000E+00  2.90000000E+01  8.39341000E-05  3.73340000E-02
  6.00000000E+00  3.00000000E+01  8.42453000E-05  3.73370000E-02
  6.00000000E+00  4.10000000E+01  4.07905000E-06  3.73563400E-02
  8.00000000E+00  8.00000000E+00  2.25126000E-04  4.04150000E-02
  8.00000000E+00  1.00000000E+01  2.58227000E-04  4.05870000E-02
  8.00000000E+00  1.10000000E+01  2.65601000E-04  4.06920000E-02
  8.00000000E+00  1.30000000E+01  1.77278000E-05  4.09900000E-02
  8.00000000E+00  1.40000000E+01  1.72560000E-05  4.10120000E-02
  8.00000000E+00  1.60000000E+01  1.02904000E-04  4.16740000E-02
  8.00000000E+00  1.80000000E+01  5.67903000E-05  4.17450000E-02
  8.00000000E+00  1.90000000E+01  5.80450000E-05  4.17650000E-02
  8.00000000E+00  2.10000000E+01  3.76511000E-06  4.18690000E-02
  8.00000000E+00  2.20000000E+01  3.60820000E-06  4.18730000E-02
  8.00000000E+00  2.70000000E+01  1.72560000E-05  4.19530000E-02
  8.00000000E+00  2.90000000E+01  7.84390000E-06  4.19670000E-02
  8.00000000E+00  3.00000000E+01  7.68691000E-06  4.19700000E-02
  8.00000000E+00  4.10000000E+01  1.56880000E-06  4.19893400E-02
  1.00000000E+01  1.00000000E+01  2.65127000E-05  4.07590000E-02
  1.00000000E+01  1.10000000E+01  5.05467000E-04  4.08640000E-02
  1.00000000E+01  1.30000000E+01  1.86695000E-05  4.11620000E-02
  1.00000000E+01  1.40000000E+01  5.83567000E-05  4.11840000E-02
  1.00000000E+01  1.60000000E+01  5.71049000E-05  4.18460000E-02
  1.00000000E+01  1.80000000E+01  1.12953000E-05  4.19170000E-02
  1.00000000E+01  1.90000000E+01  1.06835000E-04  4.19370000E-02
  1.00000000E+01  2.10000000E+01  3.92203000E-06  4.20410000E-02
  1.00000000E+01  2.20000000E+01  1.20793000E-05  4.20450000E-02
  1.00000000E+01  2.70000000E+01  9.57017000E-06  4.21250000E-02
  1.00000000E+01  2.90000000E+01  1.56881000E-06  4.21390000E-02
  1.00000000E+01  3.00000000E+01  1.41191000E-05  4.21420000E-02
  1.00000000E+01  4.10000000E+01  7.84396000E-07  4.21613400E-02
  1.10000000E+01  1.10000000E+01  2.64970000E-04  4.09690000E-02
  1.10000000E+01  1.30000000E+01  7.45174000E-05  4.12670000E-02
  1.10000000E+01  1.40000000E+01  6.55752000E-05  4.12890000E-02
  1.10000000E+01  1.60000000E+01  5.82019000E-05  4.19510000E-02
  1.10000000E+01  1.80000000E+01  1.07155000E-04  4.20220000E-02
  1.10000000E+01  1.90000000E+01  1.12321000E-04  4.20420000E-02
  1.10000000E+01  2.10000000E+01  1.55314000E-05  4.21460000E-02
  1.10000000E+01  2.20000000E+01  1.36483000E-05  4.21500000E-02
  1.10000000E+01  2.70000000E+01  9.72694000E-06  4.22300000E-02
  1.10000000E+01  2.90000000E+01  1.45899000E-05  4.22440000E-02
  1.10000000E+01  3.00000000E+01  1.49031000E-05  4.22470000E-02
  1.10000000E+01  4.10000000E+01  7.84394000E-07  4.22663400E-02
  1.30000000E+01  1.30000000E+01  1.55073000E-07  4.15650000E-02
  1.30000000E+01  1.40000000E+01  8.83919000E-06  4.15870000E-02
  1.30000000E+01  1.60000000E+01  3.87682000E-06  4.22490000E-02
  1.30000000E+01  1.80000000E+01  3.72173000E-06  4.23200000E-02
  1.30000000E+01  1.90000000E+01  1.48862000E-05  4.23400000E-02
  1.30000000E+01  2.20000000E+01  1.70572000E-06  4.24480000E-02
  1.30000000E+01  2.70000000E+01  6.20272000E-07  4.25280000E-02
  1.30000000E+01  2.90000000E+01  4.65209000E-07  4.25420000E-02
  1.30000000E+01  3.00000000E+01  2.01601000E-06  4.25450000E-02
  1.40000000E+01  1.40000000E+01  2.19627000E-06  4.16090000E-02
  1.40000000E+01  1.60000000E+01  3.76506000E-06  4.22710000E-02
  1.40000000E+01  1.80000000E+01  1.17659000E-05  4.23420000E-02
  1.40000000E+01  1.90000000E+01  1.31772000E-05  4.23620000E-02
  1.40000000E+01  2.10000000E+01  1.72558000E-06  4.24660000E-02
  1.40000000E+01  2.20000000E+01  7.84380000E-07  4.24700000E-02
  1.40000000E+01  2.70000000E+01  6.27492000E-07  4.25500000E-02
  1.40000000E+01  2.90000000E+01  1.56878000E-06  4.25640000E-02
  1.40000000E+01  3.00000000E+01  1.72558000E-06  4.25670000E-02
  1.60000000E+01  1.60000000E+01  1.15654000E-05  4.29330000E-02
  1.60000000E+01  1.80000000E+01  1.23370000E-05  4.30040000E-02
  1.60000000E+01  1.90000000E+01  1.24909000E-05  4.30240000E-02
  1.60000000E+01  2.10000000E+01  7.71017000E-07  4.31280000E-02
  1.60000000E+01  2.20000000E+01  7.71017000E-07  4.31320000E-02
  1.60000000E+01  2.70000000E+01  3.85514000E-06  4.32120000E-02
  1.60000000E+01  2.90000000E+01  1.69618000E-06  4.32260000E-02
  1.60000000E+01  3.00000000E+01  1.69618000E-06  4.32290000E-02
  1.60000000E+01  4.10000000E+01  3.08411000E-07  4.32483400E-02
  1.80000000E+01  1.80000000E+01  1.20496000E-06  4.30750000E-02
  1.80000000E+01  1.90000000E+01  2.16880000E-05  4.30950000E-02
  1.80000000E+01  2.10000000E+01  7.53055000E-07  4.31990000E-02
  1.80000000E+01  2.20000000E+01  2.40973000E-06  4.32030000E-02
  1.80000000E+01  2.70000000E+01  1.95803000E-06  4.32830000E-02
  1.80000000E+01  2.90000000E+01  3.01226000E-07  4.32970000E-02
  1.80000000E+01  3.00000000E+01  2.86162000E-06  4.33000000E-02
  1.80000000E+01  4.10000000E+01  1.50612000E-07  4.33193400E-02
  1.90000000E+01  1.90000000E+01  1.15493000E-05  4.31150000E-02
  1.90000000E+01  2.10000000E+01  3.03934000E-06  4.32190000E-02
  1.90000000E+01  2.20000000E+01  2.73537000E-06  4.32230000E-02
  1.90000000E+01  2.70000000E+01  2.12752000E-06  4.33030000E-02
  1.90000000E+01  2.90000000E+01  3.03934000E-06  4.33170000E-02
  1.90000000E+01  3.00000000E+01  3.03934000E-06  4.33200000E-02
  1.90000000E+01  4.10000000E+01  1.51967000E-07  4.33393400E-02
  2.10000000E+01  2.20000000E+01  3.28405000E-07  4.33270000E-02
  2.10000000E+01  2.70000000E+01  1.64202000E-07  4.34070000E-02
  2.10000000E+01  2.90000000E+01  1.64202000E-07  4.34210000E-02
  2.10000000E+01  3.00000000E+01  4.92597000E-07  4.34240000E-02
  2.20000000E+01  2.20000000E+01  1.47836000E-07  4.33310000E-02
  2.20000000E+01  2.70000000E+01  1.47836000E-07  4.34110000E-02
  2.20000000E+01  2.90000000E+01  2.95672000E-07  4.34250000E-02
  2.20000000E+01  3.00000000E+01  2.95672000E-07  4.34280000E-02
  2.70000000E+01  2.70000000E+01  3.25199000E-07  4.34910000E-02
  2.70000000E+01  2.90000000E+01  3.25199000E-07  4.35050000E-02
  2.70000000E+01  3.00000000E+01  3.25199000E-07  4.35080000E-02
  2.90000000E+01  3.00000000E+01  4.86003000E-07  4.35220000E-02
  3.00000000E+01  3.00000000E+01  1.56881000E-07  4.35250000E-02
                                                                       1
 60000  0  7  144.24     180717  2  0.0         1.0000E+50  0.0
92931 91  0.0         3.          0.0         0.0         0.0
  5.00000000E+00  1.95979000E-05  4.05000000E-04
  6.00000000E+00  6.33018000E-04  9.19000000E-04
  1.00000000E+01  1.95529000E-02  5.72400000E-03
  1.10000000E+01  2.91289000E-02  5.82900000E-03
  1.30000000E+01  3.64169000E-04  6.12700000E-03
  1.40000000E+01  5.44508000E-04  6.14900000E-03
  1.80000000E+01  4.53448000E-03  6.88200000E-03
  1.90000000E+01  7.00107000E-03  6.90200000E-03
  2.10000000E+01  4.86998000E-05  7.00600000E-03
  2.20000000E+01  7.46957000E-05  7.01000000E-03
  2.90000000E+01  6.54617000E-04  7.10400000E-03
  3.00000000E+01  9.89396000E-04  7.10700000E-03
                                                                       1
 60000  0  9  144.24     180717  2  0.0         1.0000E+50  0.0
92932 91  0.0         3.          0.0         0.0         0.0
  5.00000000E+00  1.60000000E+01  5.29737000E-02  8.40000000E-05
  5.00000000E+00  1.80000000E+01  3.93498000E-02  1.55000000E-04
  5.00000000E+00  1.90000000E+01  4.75791000E-02  1.75000000E-04
  5.00000000E+00  2.10000000E+01  1.26668000E-02  2.79000000E-04
  5.00000000E+00  2.20000000E+01  2.01313000E-02  2.83000000E-04
  5.00000000E+00  2.40000000E+01  1.70199000E-02  3.99000000E-04
  5.00000000E+00  2.70000000E+01  8.59810000E-03  3.63000000E-04
  5.00000000E+00  2.90000000E+01  5.08474000E-03  3.77000000E-04
  5.00000000E+00  3.00000000E+01  5.95536000E-03  3.80000000E-04
  5.00000000E+00  4.10000000E+01  7.40387000E-04  3.99340000E-04
  6.00000000E+00  1.60000000E+01  6.37832000E-02  5.98000000E-04
  6.00000000E+00  1.80000000E+01  2.74213000E-02  6.69000000E-04
  6.00000000E+00  1.90000000E+01  4.94683000E-02  6.89000000E-04
  6.00000000E+00  2.10000000E+01  6.50632000E-02  7.93000000E-04
  6.00000000E+00  2.20000000E+01  8.22699000E-02  7.97000000E-04
  6.00000000E+00  2.40000000E+01  2.37404000E-02  9.13000000E-04
  6.00000000E+00  2.70000000E+01  1.02959000E-02  8.77000000E-04
  6.00000000E+00  2.90000000E+01  3.62873000E-03  8.91000000E-04
  6.00000000E+00  3.00000000E+01  6.40841000E-03  8.94000000E-04
  6.00000000E+00  4.10000000E+01  8.89393000E-04  9.13340000E-04
  8.00000000E+00  8.00000000E+00  1.23065000E-02  3.97200000E-03
  8.00000000E+00  1.00000000E+01  2.46088000E-02  4.14400000E-03
  8.00000000E+00  1.10000000E+01  4.44510000E-02  4.24900000E-03
  8.00000000E+00  1.30000000E+01  3.49399000E-02  4.54700000E-03
  8.00000000E+00  1.40000000E+01  4.86089000E-02  4.56900000E-03
  8.00000000E+00  1.60000000E+01  4.79730000E-03  5.23100000E-03
  8.00000000E+00  1.80000000E+01  5.28604000E-03  5.30200000E-03
  8.00000000E+00  1.90000000E+01  9.46356000E-03  5.32200000E-03
  8.00000000E+00  2.10000000E+01  6.23130000E-03  5.42600000E-03
  8.00000000E+00  2.20000000E+01  8.61821000E-03  5.43000000E-03
  8.00000000E+00  2.40000000E+01  1.42313000E-04  5.54600000E-03
  8.00000000E+00  2.70000000E+01  7.86705000E-04  5.51000000E-03
  8.00000000E+00  2.90000000E+01  7.22275000E-04  5.52400000E-03
  8.00000000E+00  3.00000000E+01  1.24856000E-03  5.52700000E-03
  8.00000000E+00  4.10000000E+01  6.77971000E-05  5.54634000E-03
  1.00000000E+01  1.00000000E+01  1.14783000E-04  4.31600000E-03
  1.00000000E+01  1.10000000E+01  8.05504000E-04  4.42100000E-03
  1.00000000E+01  1.30000000E+01  1.14521000E-03  4.71900000E-03
  1.00000000E+01  1.40000000E+01  1.33862000E-02  4.74100000E-03
  1.00000000E+01  1.60000000E+01  3.82064000E-03  5.40300000E-03
  1.00000000E+01  1.80000000E+01  2.28228000E-05  5.47400000E-03
  1.00000000E+01  1.90000000E+01  1.61100000E-04  5.49400000E-03
  1.00000000E+01  2.10000000E+01  2.02046000E-04  5.59800000E-03
  1.00000000E+01  2.20000000E+01  1.55537000E-03  5.60200000E-03
  1.00000000E+01  2.40000000E+01  4.83303000E-05  5.71800000E-03
  1.00000000E+01  2.70000000E+01  5.95411000E-04  5.68200000E-03
  1.00000000E+01  2.90000000E+01  2.68498000E-06  5.69600000E-03
  1.00000000E+01  3.00000000E+01  2.08083000E-05  5.69900000E-03
  1.00000000E+01  4.10000000E+01  5.10151000E-05  5.71834000E-03
  1.10000000E+01  1.10000000E+01  1.04925000E-03  4.52600000E-03
  1.10000000E+01  1.30000000E+01  8.05599000E-03  4.82400000E-03
  1.10000000E+01  1.40000000E+01  5.35867000E-03  4.84600000E-03
  1.10000000E+01  1.60000000E+01  6.88992000E-03  5.50800000E-03
  1.10000000E+01  1.80000000E+01  1.63118000E-04  5.57900000E-03
  1.10000000E+01  1.90000000E+01  3.34297000E-04  5.59900000E-03
  1.10000000E+01  2.10000000E+01  7.65912000E-04  5.70300000E-03
  1.10000000E+01  2.20000000E+01  5.25612000E-04  5.70700000E-03
  1.10000000E+01  2.40000000E+01  1.44321000E-04  5.82300000E-03
  1.10000000E+01  2.70000000E+01  1.07341000E-03  5.78700000E-03
  1.10000000E+01  2.90000000E+01  2.21523000E-05  5.80100000E-03
  1.10000000E+01  3.00000000E+01  4.22910000E-05  5.80400000E-03
  1.10000000E+01  4.10000000E+01  9.19641000E-05  5.82334000E-03
  1.30000000E+01  1.30000000E+01  1.99156000E-03  5.12200000E-03
  1.30000000E+01  1.40000000E+01  6.91632000E-02  5.14400000E-03
  1.30000000E+01  1.60000000E+01  5.10076000E-03  5.80600000E-03
  1.30000000E+01  1.80000000E+01  3.15488000E-04  5.87700000E-03
  1.30000000E+01  1.90000000E+01  1.77482000E-03  5.89700000E-03
  1.30000000E+01  2.10000000E+01  7.00779000E-04  6.00100000E-03
  1.30000000E+01  2.20000000E+01  8.86512000E-03  6.00500000E-03
  1.30000000E+01  2.40000000E+01  1.68485000E-04  6.12100000E-03
  1.30000000E+01  2.70000000E+01  7.86702000E-04  6.08500000E-03
  1.30000000E+01  2.90000000E+01  4.49731000E-05  6.09900000E-03
  1.30000000E+01  3.00000000E+01  2.34928000E-04  6.10200000E-03
  1.30000000E+01  4.10000000E+01  6.77969000E-05  6.12134000E-03
  1.40000000E+01  1.40000000E+01  1.94286000E-02  5.16600000E-03
  1.40000000E+01  1.60000000E+01  7.15091000E-03  5.82800000E-03
  1.40000000E+01  1.80000000E+01  2.60447000E-03  5.89900000E-03
  1.40000000E+01  1.90000000E+01  1.24051000E-03  5.91900000E-03
  1.40000000E+01  2.10000000E+01  8.73958000E-03  6.02300000E-03
  1.40000000E+01  2.20000000E+01  5.22506000E-03  6.02700000E-03
  1.40000000E+01  2.40000000E+01  5.34319000E-04  6.14300000E-03
  1.40000000E+01  2.70000000E+01  1.10617000E-03  6.10700000E-03
  1.40000000E+01  2.90000000E+01  3.49731000E-04  6.12100000E-03
  1.40000000E+01  3.00000000E+01  1.65800000E-04  6.12400000E-03
  1.40000000E+01  4.10000000E+01  9.46457000E-05  6.14334000E-03
  1.60000000E+01  1.60000000E+01  4.43027000E-04  6.49000000E-03
  1.60000000E+01  1.80000000E+01  8.22942000E-04  6.56100000E-03
  1.60000000E+01  1.90000000E+01  1.47002000E-03  6.58100000E-03
  1.60000000E+01  2.10000000E+01  9.07526000E-04  6.68500000E-03
  1.60000000E+01  2.20000000E+01  1.26132000E-03  6.68900000E-03
  1.60000000E+01  2.40000000E+01  1.67810000E-05  6.80500000E-03
  1.60000000E+01  2.70000000E+01  1.43651000E-04  6.76900000E-03
  1.60000000E+01  2.90000000E+01  1.12769000E-04  6.78300000E-03
  1.60000000E+01  3.00000000E+01  1.93992000E-04  6.78600000E-03
  1.60000000E+01  4.10000000E+01  1.27530000E-05  6.80534000E-03
  1.80000000E+01  1.80000000E+01  6.71261000E-07  6.63200000E-03
  1.80000000E+01  1.90000000E+01  3.28903000E-05  6.65200000E-03
  1.80000000E+01  2.10000000E+01  4.69869000E-05  6.75600000E-03
  1.80000000E+01  2.20000000E+01  3.12793000E-04  6.76000000E-03
  1.80000000E+01  2.40000000E+01  6.71261000E-06  6.87600000E-03
  1.80000000E+01  2.70000000E+01  1.28207000E-04  6.84000000E-03
  1.80000000E+01  3.00000000E+01  4.02742000E-06  6.85700000E-03
  1.80000000E+01  4.10000000E+01  1.07397000E-05  6.87634000E-03
  1.90000000E+01  1.90000000E+01  2.68495000E-05  6.67200000E-03
  1.90000000E+01  2.10000000E+01  1.81908000E-04  6.77600000E-03
  1.90000000E+01  2.20000000E+01  1.30217000E-04  6.78000000E-03
  1.90000000E+01  2.40000000E+01  2.41648000E-05  6.89600000E-03
  1.90000000E+01  2.70000000E+01  2.28890000E-04  6.86000000E-03
  1.90000000E+01  2.90000000E+01  4.69864000E-06  6.87400000E-03
  1.90000000E+01  3.00000000E+01  6.71254000E-06  6.87700000E-03
  1.90000000E+01  4.10000000E+01  1.94668000E-05  6.89634000E-03
  2.10000000E+01  2.10000000E+01  5.77260000E-05  6.88000000E-03
  2.10000000E+01  2.20000000E+01  1.20557000E-03  6.88400000E-03
  2.10000000E+01  2.40000000E+01  2.08080000E-05  7.00000000E-03
  2.10000000E+01  2.70000000E+01  1.39626000E-04  6.96400000E-03
  2.10000000E+01  2.90000000E+01  6.71252000E-06  6.97800000E-03
  2.10000000E+01  3.00000000E+01  2.41648000E-05  6.98100000E-03
  2.10000000E+01  4.10000000E+01  1.20829000E-05  7.00034000E-03
  2.20000000E+01  2.20000000E+01  3.72544000E-04  6.88800000E-03
  2.20000000E+01  2.40000000E+01  5.37006000E-05  7.00400000E-03
  2.20000000E+01  2.70000000E+01  1.94669000E-04  6.96800000E-03
  2.20000000E+01  2.90000000E+01  4.22896000E-05  6.98200000E-03
  2.20000000E+01  3.00000000E+01  1.74524000E-05  6.98500000E-03
  2.20000000E+01  4.10000000E+01  1.67812000E-05  7.00434000E-03
  2.40000000E+01  2.70000000E+01  2.68497000E-06  7.08400000E-03
  2.40000000E+01  2.90000000E+01  6.71259000E-07  7.09800000E-03
  2.40000000E+01  3.00000000E+01  3.35615000E-06  7.10100000E-03
  2.70000000E+01  2.70000000E+01  1.41550000E-05  7.04800000E-03
  2.70000000E+01  2.90000000E+01  2.16475000E-05  7.06200000E-03
  2.70000000E+01  3.00000000E+01  3.74675000E-05  7.06500000E-03
  2.70000000E+01  4.10000000E+01  2.49774000E-06  7.08434000E-03
  2.90000000E+01  3.00000000E+01  1.51179000E-06  7.07900000E-03
  2.90000000E+01  4.10000000E+01  3.02339000E-06  7.09834000E-03
  3.00000000E+01  3.00000000E+01  3.36926000E-07  7.08200000E-03
  3.00000000E+01  4.10000000E+01  1.34767000E-06  7.10134000E-03
                                                                       1
 60000  0  7  144.24     180717  2  0.0         1.0000E+50  0.0
92931 91  0.0         5.          0.0         0.0         0.0
  6.00000000E+00  2.47147000E-07  5.14000000E-04
  8.00000000E+00  4.67154000E-03  5.14700000E-03
  1.10000000E+01  8.16000000E-05  5.42400000E-03
  1.30000000E+01  1.11179000E-01  5.72200000E-03
  1.60000000E+01  8.13490000E-04  6.40600000E-03
  1.90000000E+01  1.47148000E-05  6.49700000E-03
  2.10000000E+01  1.88168000E-02  6.60100000E-03
  2.40000000E+01  4.83284000E-06  6.72100000E-03
  2.70000000E+01  1.27328000E-04  6.68500000E-03
  3.00000000E+01  2.93247000E-06  6.70200000E-03
                                                                       1
 60000  0  9  144.24     180717  2  0.0         1.0000E+50  0.0
92932 91  0.0         5.          0.0         0.0         0.0
  6.00000000E+00  1.60000000E+01  9.88423000E-03  1.93000000E-04
  6.00000000E+00  1.80000000E+01  4.94682000E-02  2.64000000E-04
  6.00000000E+00  1.90000000E+01  1.65525000E-02  2.84000000E-04
  6.00000000E+00  2.10000000E+01  6.26745000E-02  3.88000000E-04
  6.00000000E+00  2.20000000E+01  2.28801000E-02  3.92000000E-04
  6.00000000E+00  2.40000000E+01  7.45458000E-04  5.08000000E-04
  6.00000000E+00  2.70000000E+01  1.50563000E-03  4.72000000E-04
  6.00000000E+00  2.90000000E+01  6.38918000E-03  4.86000000E-04
  6.00000000E+00  3.00000000E+01  2.16902000E-03  4.89000000E-04
  6.00000000E+00  4.10000000E+01  1.29112000E-04  5.08340000E-04
  8.00000000E+00  8.00000000E+00  9.28948000E-04  3.56700000E-03
  8.00000000E+00  1.00000000E+01  2.40336000E-02  3.73900000E-03
  8.00000000E+00  1.10000000E+01  2.32658000E-03  3.84400000E-03
  8.00000000E+00  1.30000000E+01  2.14622000E-03  4.14200000E-03
  8.00000000E+00  1.40000000E+01  3.09798000E-03  4.16400000E-03
  8.00000000E+00  1.60000000E+01  3.34574000E-04  4.82600000E-03
  8.00000000E+00  1.80000000E+01  3.50152000E-03  4.89700000E-03
  8.00000000E+00  1.90000000E+01  4.40126000E-04  4.91700000E-03
  8.00000000E+00  2.10000000E+01  2.74472000E-04  5.02100000E-03
  8.00000000E+00  2.20000000E+01  3.39431000E-04  5.02500000E-03
  8.00000000E+00  2.40000000E+01  3.81668000E-05  5.14100000E-03
  8.00000000E+00  2.70000000E+01  5.35946000E-05  5.10500000E-03
  8.00000000E+00  2.90000000E+01  4.46634000E-04  5.11900000E-03
  8.00000000E+00  3.00000000E+01  5.68420000E-05  5.12200000E-03
  8.00000000E+00  4.10000000E+01  4.87219000E-06  5.14134000E-03
  1.00000000E+01  1.00000000E+01  2.39399000E-02  3.91100000E-03
  1.00000000E+01  1.10000000E+01  7.23787000E-02  4.01600000E-03
  1.00000000E+01  1.30000000E+01  3.86736000E-02  4.31400000E-03
  1.00000000E+01  1.40000000E+01  6.41953000E-02  4.33600000E-03
  1.00000000E+01  1.60000000E+01  5.61851000E-03  4.99800000E-03
  1.00000000E+01  1.80000000E+01  8.77170000E-03  5.06900000E-03
  1.00000000E+01  1.90000000E+01  1.51377000E-02  5.08900000E-03
  1.00000000E+01  2.10000000E+01  6.88632000E-03  5.19300000E-03
  1.00000000E+01  2.20000000E+01  1.14168000E-02  5.19700000E-03
  1.00000000E+01  2.40000000E+01  1.56728000E-04  5.31300000E-03
  1.00000000E+01  2.70000000E+01  9.46842000E-04  5.27700000E-03
  1.00000000E+01  2.90000000E+01  1.17101000E-03  5.29100000E-03
  1.00000000E+01  3.00000000E+01  1.99197000E-03  5.29400000E-03
  1.00000000E+01  4.10000000E+01  8.20171000E-05  5.31334000E-03
  1.10000000E+01  1.10000000E+01  1.86369000E-03  4.12100000E-03
  1.10000000E+01  1.30000000E+01  4.40959000E-02  4.41900000E-03
  1.10000000E+01  1.40000000E+01  6.00739000E-03  4.44100000E-03
  1.10000000E+01  1.60000000E+01  4.64506000E-04  5.10300000E-03
  1.10000000E+01  1.80000000E+01  1.09200000E-02  5.17400000E-03
  1.10000000E+01  1.90000000E+01  6.60185000E-04  5.19400000E-03
  1.10000000E+01  2.10000000E+01  6.69192000E-03  5.29800000E-03
  1.10000000E+01  2.20000000E+01  8.57537000E-04  5.30200000E-03
  1.10000000E+01  2.40000000E+01  9.82613000E-05  5.41800000E-03
  1.10000000E+01  2.70000000E+01  7.63320000E-05  5.38200000E-03
  1.10000000E+01  2.90000000E+01  1.40242000E-03  5.39600000E-03
  1.10000000E+01  3.00000000E+01  8.44530000E-05  5.39900000E-03
  1.10000000E+01  4.10000000E+01  6.49646000E-06  5.41834000E-03
  1.30000000E+01  1.30000000E+01  4.06288000E-02  4.71700000E-03
  1.30000000E+01  1.40000000E+01  1.71843000E-01  4.73900000E-03
  1.30000000E+01  1.60000000E+01  5.07539000E-04  5.40100000E-03
  1.30000000E+01  1.80000000E+01  5.80217000E-03  5.47200000E-03
  1.30000000E+01  1.90000000E+01  8.68023000E-03  5.49200000E-03
  1.30000000E+01  2.10000000E+01  1.22815000E-02  5.59600000E-03
  1.30000000E+01  2.20000000E+01  2.78648000E-02  5.60000000E-03
  1.30000000E+01  2.40000000E+01  6.35040000E-04  5.71600000E-03
  1.30000000E+01  2.70000000E+01  8.60778000E-05  5.68000000E-03
  1.30000000E+01  2.90000000E+01  7.49521000E-04  5.69400000E-03
  1.30000000E+01  3.00000000E+01  1.13042000E-03  5.69700000E-03
  1.30000000E+01  4.10000000E+01  7.30871000E-06  5.71634000E-03
  1.40000000E+01  1.40000000E+01  8.21738000E-03  4.76100000E-03
  1.40000000E+01  1.60000000E+01  6.03376000E-04  5.42300000E-03
  1.40000000E+01  1.80000000E+01  8.56147000E-03  5.49400000E-03
  1.40000000E+01  1.90000000E+01  1.08173000E-03  5.51400000E-03
  1.40000000E+01  2.10000000E+01  2.18332000E-02  5.61800000E-03
  1.40000000E+01  2.20000000E+01  2.42231000E-03  5.62200000E-03
  1.40000000E+01  2.40000000E+01  2.60670000E-04  5.73800000E-03
  1.40000000E+01  2.70000000E+01  9.82624000E-05  5.70200000E-03
  1.40000000E+01  2.90000000E+01  1.07509000E-03  5.71600000E-03
  1.40000000E+01  3.00000000E+01  1.38864000E-04  5.71900000E-03
  1.40000000E+01  4.10000000E+01  8.12065000E-06  5.73834000E-03
  1.60000000E+01  1.60000000E+01  2.92340000E-05  6.08500000E-03
  1.60000000E+01  1.80000000E+01  8.23416000E-04  6.15600000E-03
  1.60000000E+01  1.90000000E+01  8.85099000E-05  6.17600000E-03
  1.60000000E+01  2.10000000E+01  6.25262000E-05  6.28000000E-03
  1.60000000E+01  2.20000000E+01  6.73987000E-05  6.28400000E-03
  1.60000000E+01  2.40000000E+01  8.12042000E-06  6.40000000E-03
  1.60000000E+01  2.70000000E+01  9.74476000E-06  6.36400000E-03
  1.60000000E+01  2.90000000E+01  1.04755000E-04  6.37800000E-03
  1.60000000E+01  3.00000000E+01  1.13682000E-05  6.38100000E-03
  1.60000000E+01  4.10000000E+01  8.12042000E-07  6.40034000E-03
  1.80000000E+01  1.80000000E+01  7.38865000E-04  6.22700000E-03
  1.80000000E+01  1.90000000E+01  2.20102000E-03  6.24700000E-03
  1.80000000E+01  2.10000000E+01  9.78857000E-04  6.35100000E-03
  1.80000000E+01  2.20000000E+01  1.47691000E-03  6.35500000E-03
  1.80000000E+01  2.40000000E+01  1.79832000E-05  6.47100000E-03
  1.80000000E+01  2.70000000E+01  1.33702000E-04  6.43500000E-03
  1.80000000E+01  2.90000000E+01  1.95470000E-04  6.44900000E-03
  1.80000000E+01  3.00000000E+01  2.89291000E-04  6.45200000E-03
  1.80000000E+01  4.10000000E+01  1.17279000E-05  6.47134000E-03
  1.90000000E+01  1.90000000E+01  5.86049000E-05  6.26700000E-03
  1.90000000E+01  2.10000000E+01  1.33169000E-03  6.37100000E-03
  1.90000000E+01  2.20000000E+01  1.58720000E-04  6.37500000E-03
  1.90000000E+01  2.40000000E+01  1.54650000E-05  6.49100000E-03
  1.90000000E+01  2.70000000E+01  1.46509000E-05  6.45500000E-03
  1.90000000E+01  2.90000000E+01  2.94656000E-04  6.46900000E-03
  1.90000000E+01  3.00000000E+01  1.54650000E-05  6.47200000E-03
  1.90000000E+01  4.10000000E+01  1.62790000E-06  6.49134000E-03
  2.10000000E+01  2.10000000E+01  9.17609000E-04  6.47500000E-03
  2.10000000E+01  2.20000000E+01  3.66136000E-03  6.47900000E-03
  2.10000000E+01  2.40000000E+01  6.73993000E-05  6.59500000E-03
  2.10000000E+01  2.70000000E+01  1.05562000E-05  6.55900000E-03
  2.10000000E+01  2.90000000E+01  1.30740000E-04  6.57300000E-03
  2.10000000E+01  3.00000000E+01  1.72967000E-04  6.57600000E-03
  2.10000000E+01  4.10000000E+01  8.12048000E-07  6.59534000E-03
  2.20000000E+01  2.20000000E+01  2.21289000E-04  6.48300000E-03
  2.20000000E+01  2.40000000E+01  3.60493000E-05  6.59900000E-03
  2.20000000E+01  2.70000000E+01  1.40184000E-05  6.56300000E-03
  2.20000000E+01  2.90000000E+01  2.38311000E-04  6.57700000E-03
  2.20000000E+01  3.00000000E+01  2.50338000E-05  6.58000000E-03
  2.20000000E+01  4.10000000E+01  1.00135000E-06  6.59934000E-03
  2.40000000E+01  2.70000000E+01  1.77531000E-06  6.67900000E-03
  2.40000000E+01  2.90000000E+01  2.66301000E-06  6.69300000E-03
  2.40000000E+01  3.00000000E+01  1.77531000E-06  6.69600000E-03
  2.70000000E+01  2.70000000E+01  1.14052000E-06  6.64300000E-03
  2.70000000E+01  2.90000000E+01  2.50911000E-05  6.65700000E-03
  2.70000000E+01  3.00000000E+01  2.28101000E-06  6.66000000E-03
  2.90000000E+01  2.90000000E+01  2.04160000E-05  6.67100000E-03
  2.90000000E+01  3.00000000E+01  5.76451000E-05  6.67400000E-03
  2.90000000E+01  4.10000000E+01  2.40192000E-06  6.69334000E-03
                                                                       1
 60000  0  7  144.24     180717  2  0.0         1.0000E+50  0.0
92931 91  0.0         6.          0.0         0.0         0.0
  8.00000000E+00  8.61846000E-03  4.63300000E-03
  1.00000000E+01  5.31104000E-05  4.80500000E-03
  1.10000000E+01  4.90313000E-05  4.91000000E-03
  1.30000000E+01  1.06491000E-02  5.20800000E-03
  1.40000000E+01  9.42566000E-02  5.23000000E-03
  1.60000000E+01  9.83207000E-04  5.89200000E-03
  1.80000000E+01  6.85835000E-06  5.96300000E-03
  1.90000000E+01  6.61854000E-06  5.98300000E-03
  2.10000000E+01  1.73821000E-03  6.08700000E-03
  2.20000000E+01  1.55401000E-02  6.09100000E-03
  2.40000000E+01  7.26795000E-07  6.20700000E-03
  2.50000000E+01  4.15893000E-06  6.20700000E-03
  2.70000000E+01  1.72231000E-04  6.17100000E-03
  2.90000000E+01  1.37011000E-06  6.18500000E-03
  3.00000000E+01  1.20741000E-06  6.18800000E-03
                                                                       1
 60000  0  9  144.24     180717  2  0.0         1.0000E+50  0.0
92932 91  0.0         6.          0.0         0.0         0.0
  8.00000000E+00  8.00000000E+00  1.23320000E-03  3.05300000E-03
  8.00000000E+00  1.00000000E+01  8.16058000E-04  3.22500000E-03
  8.00000000E+00  1.10000000E+01  2.73592000E-02  3.33000000E-03
  8.00000000E+00  1.30000000E+01  2.75188000E-03  3.62800000E-03
  8.00000000E+00  1.40000000E+01  3.28334000E-03  3.65000000E-03
  8.00000000E+00  1.60000000E+01  4.45686000E-04  4.31200000E-03
  8.00000000E+00  1.80000000E+01  1.42789000E-04  4.38300000E-03
  8.00000000E+00  1.90000000E+01  3.97124000E-03  4.40300000E-03
  8.00000000E+00  2.10000000E+01  2.53546000E-04  4.50700000E-03
  8.00000000E+00  2.20000000E+01  2.75188000E-04  4.51100000E-03
  8.00000000E+00  2.40000000E+01  4.75961000E-05  4.62700000E-03
  8.00000000E+00  2.70000000E+01  7.18266000E-05  4.59100000E-03
  8.00000000E+00  2.90000000E+01  1.90382000E-05  4.60500000E-03
  8.00000000E+00  3.00000000E+01  4.90653000E-04  4.60800000E-03
  8.00000000E+00  4.10000000E+01  6.05743000E-06  4.62734000E-03
  1.00000000E+01  1.00000000E+01  2.44031000E-04  3.39700000E-03
  1.00000000E+01  1.10000000E+01  4.56597000E-02  3.50200000E-03
  1.00000000E+01  1.30000000E+01  2.83151000E-03  3.80000000E-03
  1.00000000E+01  1.40000000E+01  2.53735000E-02  3.82200000E-03
  1.00000000E+01  1.60000000E+01  1.59228000E-04  4.48400000E-03
  1.00000000E+01  1.80000000E+01  8.73992000E-05  4.55500000E-03
  1.00000000E+01  1.90000000E+01  6.87540000E-03  4.57500000E-03
  1.00000000E+01  2.10000000E+01  4.66453000E-04  4.67900000E-03
  1.00000000E+01  2.20000000E+01  3.58796000E-03  4.68300000E-03
  1.00000000E+01  2.40000000E+01  5.36543000E-05  4.79900000E-03
  1.00000000E+01  2.70000000E+01  2.59612000E-05  4.76300000E-03
  1.00000000E+01  2.90000000E+01  1.12494000E-05  4.77700000E-03
  1.00000000E+01  3.00000000E+01  8.54976000E-04  4.78000000E-03
  1.00000000E+01  4.10000000E+01  2.59612000E-06  4.79934000E-03
  1.10000000E+01  1.10000000E+01  6.29306000E-02  3.60700000E-03
  1.10000000E+01  1.30000000E+01  6.42635000E-02  3.90500000E-03
  1.10000000E+01  1.40000000E+01  9.50484000E-02  3.92700000E-03
  1.10000000E+01  1.60000000E+01  6.32143000E-03  4.58900000E-03
  1.10000000E+01  1.80000000E+01  9.37721000E-03  4.66000000E-03
  1.10000000E+01  1.90000000E+01  2.25713000E-02  4.68000000E-03
  1.10000000E+01  2.10000000E+01  1.09838000E-02  4.78400000E-03
  1.10000000E+01  2.20000000E+01  1.60257000E-02  4.78800000E-03
  1.10000000E+01  2.40000000E+01  2.48363000E-04  4.90400000E-03
  1.10000000E+01  2.70000000E+01  1.06354000E-03  4.86800000E-03
  1.10000000E+01  2.90000000E+01  1.27216000E-03  4.88200000E-03
  1.10000000E+01  3.00000000E+01  2.90332000E-03  4.88500000E-03
  1.10000000E+01  4.10000000E+01  9.25916000E-05  4.90434000E-03
  1.30000000E+01  1.30000000E+01  9.29913000E-03  4.20300000E-03
  1.30000000E+01  1.40000000E+01  1.77467000E-01  4.22500000E-03
  1.30000000E+01  1.60000000E+01  6.00562000E-04  4.88700000E-03
  1.30000000E+01  1.80000000E+01  5.81547000E-04  4.95800000E-03
  1.30000000E+01  1.90000000E+01  9.00225000E-03  4.97800000E-03
  1.30000000E+01  2.10000000E+01  2.79601000E-03  5.08200000E-03
  1.30000000E+01  2.20000000E+01  2.27715000E-02  5.08600000E-03
  1.30000000E+01  2.40000000E+01  1.41052000E-04  5.20200000E-03
  1.30000000E+01  2.70000000E+01  9.95129000E-05  5.16600000E-03
  1.30000000E+01  2.90000000E+01  7.87500000E-05  5.18000000E-03
  1.30000000E+01  3.00000000E+01  1.10596000E-03  5.18300000E-03
  1.30000000E+01  4.10000000E+01  8.65387000E-06  5.20234000E-03
  1.40000000E+01  1.40000000E+01  1.19976000E-01  4.24700000E-03
  1.40000000E+01  1.60000000E+01  7.57185000E-04  4.90900000E-03
  1.40000000E+01  1.80000000E+01  4.83751000E-03  4.98000000E-03
  1.40000000E+01  1.90000000E+01  1.49412000E-02  5.00000000E-03
  1.40000000E+01  2.10000000E+01  2.69822000E-02  5.10400000E-03
  1.40000000E+01  2.20000000E+01  3.45375000E-02  5.10800000E-03
  1.40000000E+01  2.40000000E+01  1.50230000E-03  5.22400000E-03
  1.40000000E+01  2.70000000E+01  1.27216000E-04  5.18800000E-03
  1.40000000E+01  2.90000000E+01  6.47309000E-04  5.20200000E-03
  1.40000000E+01  3.00000000E+01  1.88128000E-03  5.20500000E-03
  1.40000000E+01  4.10000000E+01  1.12494000E-05  5.22434000E-03
  1.60000000E+01  1.60000000E+01  3.98079000E-05  5.57100000E-03
  1.60000000E+01  1.80000000E+01  2.85576000E-05  5.64200000E-03
  1.60000000E+01  1.90000000E+01  9.20708000E-04  5.66200000E-03
  1.60000000E+01  2.10000000E+01  5.97094000E-05  5.76600000E-03
  1.60000000E+01  2.20000000E+01  6.83634000E-05  5.77000000E-03
  1.60000000E+01  2.40000000E+01  6.92309000E-06  5.88600000E-03
  1.60000000E+01  2.70000000E+01  1.29812000E-05  5.85000000E-03
  1.60000000E+01  2.90000000E+01  3.46144000E-06  5.86400000E-03
  1.60000000E+01  3.00000000E+01  1.14231000E-04  5.86700000E-03
  1.60000000E+01  4.10000000E+01  8.65381000E-07  5.88634000E-03
  1.80000000E+01  1.80000000E+01  6.68454000E-06  5.71300000E-03
  1.80000000E+01  1.90000000E+01  1.36113000E-03  5.73300000E-03
  1.80000000E+01  2.10000000E+01  9.02399000E-05  5.83700000E-03
  1.80000000E+01  2.20000000E+01  6.83469000E-04  5.84100000E-03
  1.80000000E+01  2.40000000E+01  7.52012000E-06  5.95700000E-03
  1.80000000E+01  2.70000000E+01  4.17767000E-06  5.92100000E-03
  1.80000000E+01  2.90000000E+01  1.67109000E-06  5.93500000E-03
  1.80000000E+01  3.00000000E+01  1.69624000E-04  5.93800000E-03
  1.90000000E+01  1.90000000E+01  1.78476000E-03  5.75300000E-03
  1.90000000E+01  2.10000000E+01  1.40632000E-03  5.85700000E-03
  1.90000000E+01  2.20000000E+01  2.26905000E-03  5.86100000E-03
  1.90000000E+01  2.40000000E+01  2.60722000E-05  5.97700000E-03
  1.90000000E+01  2.70000000E+01  1.41424000E-04  5.94100000E-03
  1.90000000E+01  2.90000000E+01  1.74604000E-04  5.95500000E-03
  1.90000000E+01  3.00000000E+01  4.55876000E-04  5.95800000E-03
  1.90000000E+01  4.10000000E+01  1.26406000E-05  5.97734000E-03
  2.10000000E+01  2.10000000E+01  2.03666000E-04  5.96100000E-03
  2.10000000E+01  2.20000000E+01  3.56323000E-03  5.96500000E-03
  2.10000000E+01  2.40000000E+01  1.46717000E-05  6.08100000E-03
  2.10000000E+01  2.70000000E+01  1.03565000E-05  6.04500000E-03
  2.10000000E+01  2.90000000E+01  1.29456000E-05  6.05900000E-03
  2.10000000E+01  3.00000000E+01  1.88993000E-04  6.06200000E-03
  2.10000000E+01  4.10000000E+01  8.63008000E-07  6.08134000E-03
  2.20000000E+01  2.20000000E+01  2.66568000E-03  5.96900000E-03
  2.20000000E+01  2.40000000E+01  1.66370000E-04  6.08500000E-03
  2.20000000E+01  2.70000000E+01  1.20153000E-05  6.04900000E-03
  2.20000000E+01  2.90000000E+01  1.01669000E-04  6.06300000E-03
  2.20000000E+01  3.00000000E+01  3.33666000E-04  6.06600000E-03
  2.20000000E+01  4.10000000E+01  9.24299000E-07  6.08534000E-03
  2.40000000E+01  2.70000000E+01  6.88815000E-07  6.16500000E-03
  2.40000000E+01  2.90000000E+01  6.88815000E-07  6.17900000E-03
  2.40000000E+01  3.00000000E+01  2.75520000E-06  6.18200000E-03
  2.70000000E+01  2.70000000E+01  1.21057000E-06  6.12900000E-03
  2.70000000E+01  2.90000000E+01  1.21057000E-06  6.14300000E-03
  2.70000000E+01  3.00000000E+01  2.66321000E-05  6.14600000E-03
  2.90000000E+01  3.00000000E+01  3.75633000E-05  6.16000000E-03
  3.00000000E+01  3.00000000E+01  6.31632000E-05  6.16300000E-03
  3.00000000E+01  4.10000000E+01  3.41424000E-06  6.18234000E-03
                                                                       1
 60000  0  7  144.24     180717  2  0.0         1.0000E+50  0.0
92931 91  0.0         8.          0.0         0.0         0.0
  1.00000000E+01  1.05723000E-05  1.72000000E-04
  1.10000000E+01  1.00394000E-04  2.77000000E-04
  1.80000000E+01  3.31118000E-04  1.33000000E-03
  1.90000000E+01  4.14292000E-04  1.35000000E-03
  2.90000000E+01  6.90403000E-05  1.55200000E-03
  3.00000000E+01  8.23827000E-05  1.55500000E-03
                                                                       1
 60000  0  9  144.24     180717  2  0.0         1.0000E+50  0.0
92932 91  0.0         8.          0.0         0.0         0.0
  1.00000000E+01  2.10000000E+01  8.29823000E-02  4.60000000E-05
  1.00000000E+01  2.20000000E+01  1.14520000E-01  5.00000000E-05
  1.00000000E+01  2.40000000E+01  1.33894000E-02  1.66000000E-04
  1.00000000E+01  2.50000000E+01  1.79307000E-02  1.66000000E-04
  1.00000000E+01  2.70000000E+01  9.38292000E-03  1.30000000E-04
  1.00000000E+01  2.90000000E+01  7.81408000E-03  1.44000000E-04
  1.00000000E+01  3.00000000E+01  1.25818000E-02  1.47000000E-04
  1.00000000E+01  4.10000000E+01  7.99464000E-04  1.66340000E-04
  1.10000000E+01  1.80000000E+01  8.28063000E-02  2.70000000E-05
  1.10000000E+01  1.90000000E+01  1.20266000E-01  4.70000000E-05
  1.10000000E+01  2.10000000E+01  5.50863000E-02  1.51000000E-04
  1.10000000E+01  2.20000000E+01  7.93019000E-02  1.55000000E-04
  1.10000000E+01  2.40000000E+01  3.28494000E-02  2.71000000E-04
  1.10000000E+01  2.50000000E+01  4.13716000E-02  2.71000000E-04
  1.10000000E+01  2.70000000E+01  1.22521000E-02  2.35000000E-04
  1.10000000E+01  2.90000000E+01  1.03944000E-02  2.49000000E-04
  1.10000000E+01  3.00000000E+01  1.50675000E-02  2.52000000E-04
  1.10000000E+01  4.10000000E+01  1.04871000E-03  2.71340000E-04
  1.30000000E+01  1.60000000E+01  2.98600000E-02  2.54000000E-04
  1.30000000E+01  1.80000000E+01  6.51307000E-03  3.25000000E-04
  1.30000000E+01  1.90000000E+01  5.41132000E-03  3.45000000E-04
  1.30000000E+01  2.10000000E+01  9.17384000E-03  4.49000000E-04
  1.30000000E+01  2.20000000E+01  1.14880000E-02  4.53000000E-04
  1.30000000E+01  2.40000000E+01  1.61961000E-03  5.69000000E-04
  1.30000000E+01  2.50000000E+01  1.59217000E-03  5.69000000E-04
  1.30000000E+01  2.70000000E+01  3.36629000E-03  5.33000000E-04
  1.30000000E+01  2.90000000E+01  6.95497000E-04  5.47000000E-04
  1.30000000E+01  3.00000000E+01  5.49291000E-04  5.50000000E-04
  1.30000000E+01  4.10000000E+01  2.77404000E-04  5.69340000E-04
  1.40000000E+01  1.60000000E+01  4.33081000E-02  2.76000000E-04
  1.40000000E+01  1.80000000E+01  1.46926000E-03  3.47000000E-04
  1.40000000E+01  1.90000000E+01  1.25887000E-02  3.67000000E-04
  1.40000000E+01  2.10000000E+01  1.22398000E-02  4.71000000E-04
  1.40000000E+01  2.20000000E+01  1.87522000E-02  4.75000000E-04
  1.40000000E+01  2.40000000E+01  1.91666000E-03  5.91000000E-04
  1.40000000E+01  2.50000000E+01  2.92536000E-03  5.91000000E-04
  1.40000000E+01  2.70000000E+01  4.84524000E-03  5.55000000E-04
  1.40000000E+01  2.90000000E+01  1.51511000E-04  5.69000000E-04
  1.40000000E+01  3.00000000E+01  1.28050000E-03  5.72000000E-04
  1.40000000E+01  4.10000000E+01  3.99159000E-04  5.91340000E-04
  1.60000000E+01  1.60000000E+01  6.21952000E-03  9.38000000E-04
  1.60000000E+01  1.80000000E+01  1.03156000E-02  1.00900000E-03
  1.60000000E+01  1.90000000E+01  1.86820000E-02  1.02900000E-03
  1.60000000E+01  2.10000000E+01  1.97916000E-02  1.13300000E-03
  1.60000000E+01  2.20000000E+01  2.86975000E-02  1.13700000E-03
  1.60000000E+01  2.40000000E+01  2.09731000E-03  1.25300000E-03
  1.60000000E+01  2.50000000E+01  2.67027000E-03  1.25300000E-03
  1.60000000E+01  2.70000000E+01  1.73435000E-03  1.21700000E-03
  1.60000000E+01  2.90000000E+01  1.40299000E-03  1.23100000E-03
  1.60000000E+01  3.00000000E+01  2.45538000E-03  1.23400000E-03
  1.60000000E+01  4.10000000E+01  1.48158000E-04  1.25334000E-03
  1.80000000E+01  1.80000000E+01  5.25571000E-04  1.08000000E-03
  1.80000000E+01  1.90000000E+01  1.31578000E-03  1.10000000E-03
  1.80000000E+01  2.10000000E+01  7.92386000E-04  1.20400000E-03
  1.80000000E+01  2.20000000E+01  3.65345000E-04  1.20800000E-03
  1.80000000E+01  2.40000000E+01  3.95128000E-05  1.32400000E-03
  1.80000000E+01  2.50000000E+01  1.41268000E-04  1.32400000E-03
  1.80000000E+01  2.70000000E+01  1.09063000E-03  1.28800000E-03
  1.80000000E+01  2.90000000E+01  1.14746000E-04  1.30200000E-03
  1.80000000E+01  3.00000000E+01  1.35855000E-04  1.30500000E-03
  1.80000000E+01  4.10000000E+01  8.98472000E-05  1.32434000E-03
  1.90000000E+01  1.90000000E+01  1.68920000E-03  1.12000000E-03
  1.90000000E+01  2.10000000E+01  9.27627000E-04  1.22400000E-03
  1.90000000E+01  2.20000000E+01  2.39399000E-03  1.22800000E-03
  1.90000000E+01  2.40000000E+01  1.41070000E-04  1.34400000E-03
  1.90000000E+01  2.50000000E+01  2.55068000E-04  1.34400000E-03
  1.90000000E+01  2.70000000E+01  1.90630000E-03  1.30800000E-03
  1.90000000E+01  2.90000000E+01  1.44715000E-04  1.32200000E-03
  1.90000000E+01  3.00000000E+01  3.73236000E-04  1.32500000E-03
  1.90000000E+01  4.10000000E+01  1.57207000E-04  1.34434000E-03
  2.10000000E+01  2.10000000E+01  2.36356000E-04  1.32800000E-03
  2.10000000E+01  2.20000000E+01  1.03713000E-03  1.33200000E-03
  2.10000000E+01  2.40000000E+01  1.33191000E-04  1.44800000E-03
  2.10000000E+01  2.50000000E+01  1.00331000E-03  1.44800000E-03
  2.10000000E+01  2.70000000E+01  2.08250000E-03  1.41200000E-03
  2.10000000E+01  2.90000000E+01  7.96973000E-05  1.42600000E-03
  2.10000000E+01  3.00000000E+01  1.00441000E-04  1.42900000E-03
  2.10000000E+01  4.10000000E+01  1.71403000E-04  1.44834000E-03
  2.20000000E+01  2.20000000E+01  6.02491000E-04  1.33600000E-03
  2.20000000E+01  2.40000000E+01  1.00236000E-03  1.45200000E-03
  2.20000000E+01  2.50000000E+01  5.66369000E-04  1.45200000E-03
  2.20000000E+01  2.70000000E+01  2.97706000E-03  1.41600000E-03
  2.20000000E+01  2.90000000E+01  3.66431000E-05  1.43000000E-03
  2.20000000E+01  3.00000000E+01  2.56510000E-04  1.43300000E-03
  2.20000000E+01  4.10000000E+01  2.44666000E-04  1.45234000E-03
  2.40000000E+01  2.40000000E+01  1.33007000E-05  1.56800000E-03
  2.40000000E+01  2.50000000E+01  2.18675000E-04  1.56800000E-03
  2.40000000E+01  2.70000000E+01  1.97909000E-04  1.53200000E-03
  2.40000000E+01  2.90000000E+01  3.72415000E-06  1.54600000E-03
  2.40000000E+01  3.00000000E+01  1.38328000E-05  1.54900000E-03
  2.40000000E+01  4.10000000E+01  1.59611000E-05  1.56834000E-03
  2.50000000E+01  2.50000000E+01  4.36269000E-05  1.56800000E-03
  2.50000000E+01  2.70000000E+01  2.51656000E-04  1.53200000E-03
  2.50000000E+01  2.90000000E+01  1.70246000E-05  1.54600000E-03
  2.50000000E+01  3.00000000E+01  2.39417000E-05  1.54900000E-03
  2.50000000E+01  4.10000000E+01  2.07486000E-05  1.56834000E-03
  2.70000000E+01  2.70000000E+01  1.00201000E-04  1.49600000E-03
  2.70000000E+01  2.90000000E+01  1.37091000E-04  1.51000000E-03
  2.70000000E+01  3.00000000E+01  2.40291000E-04  1.51300000E-03
  2.70000000E+01  4.10000000E+01  1.69493000E-05  1.53234000E-03
  2.90000000E+01  2.90000000E+01  4.62745000E-06  1.52400000E-03
  2.90000000E+01  3.00000000E+01  1.17790000E-05  1.52700000E-03
  2.90000000E+01  4.10000000E+01  9.67565000E-06  1.54634000E-03
  3.00000000E+01  3.00000000E+01  1.93562000E-05  1.53000000E-03
  3.00000000E+01  4.10000000E+01  1.98524000E-05  1.54934000E-03
                                                                       1
 60000  0  7  144.24     180717  2  0.0         1.0000E+50  0.0
92931 91  0.0         10.         0.0         0.0         0.0
  1.30000000E+01  4.57078000E-04  4.03000000E-04
  1.60000000E+01  3.71586000E-04  1.08700000E-03
  2.10000000E+01  1.71579000E-03  1.28200000E-03
  2.70000000E+01  6.47039000E-05  1.36600000E-03
                                                                       1
 60000  0  9  144.24     180717  2  0.0         1.0000E+50  0.0
92932 91  0.0         10.         0.0         0.0         0.0
  1.10000000E+01  2.40000000E+01  1.02057000E-02  9.90000000E-05
  1.10000000E+01  2.50000000E+01  1.21408000E-02  9.90000000E-05
  1.10000000E+01  2.70000000E+01  7.23200000E-03  6.30000000E-05
  1.10000000E+01  2.90000000E+01  7.13326000E-03  7.70000000E-05
  1.10000000E+01  3.00000000E+01  8.00141000E-03  8.00000000E-05
  1.10000000E+01  4.10000000E+01  5.85255000E-04  9.93400000E-05
  1.30000000E+01  1.60000000E+01  1.05001000E-01  8.20000000E-05
  1.30000000E+01  1.80000000E+01  1.05248000E-01  1.53000000E-04
  1.30000000E+01  1.90000000E+01  1.45729000E-01  1.73000000E-04
  1.30000000E+01  2.10000000E+01  4.61295000E-02  2.77000000E-04
  1.30000000E+01  2.20000000E+01  5.19610000E-02  2.81000000E-04
  1.30000000E+01  2.40000000E+01  4.86321000E-02  3.97000000E-04
  1.30000000E+01  2.50000000E+01  7.30182000E-02  3.97000000E-04
  1.30000000E+01  2.70000000E+01  1.75085000E-02  3.61000000E-04
  1.30000000E+01  2.90000000E+01  1.23584000E-02  3.75000000E-04
  1.30000000E+01  3.00000000E+01  1.81605000E-02  3.78000000E-04
  1.30000000E+01  4.10000000E+01  1.52078000E-03  3.97340000E-04
  1.40000000E+01  1.60000000E+01  1.77380000E-02  1.04000000E-04
  1.40000000E+01  1.80000000E+01  1.23518000E-01  1.75000000E-04
  1.40000000E+01  1.90000000E+01  1.23887000E-02  1.95000000E-04
  1.40000000E+01  2.10000000E+01  2.18126000E-03  2.99000000E-04
  1.40000000E+01  2.20000000E+01  6.01740000E-03  3.03000000E-04
  1.40000000E+01  2.40000000E+01  1.40452000E-03  4.19000000E-04
  1.40000000E+01  2.50000000E+01  1.17662000E-03  4.19000000E-04
  1.40000000E+01  2.70000000E+01  1.96636000E-03  3.83000000E-04
  1.40000000E+01  2.90000000E+01  1.18448000E-02  3.97000000E-04
  1.40000000E+01  3.00000000E+01  1.41304000E-03  4.00000000E-04
  1.40000000E+01  4.10000000E+01  1.62967000E-04  4.19340000E-04
  1.60000000E+01  1.60000000E+01  7.81659000E-04  7.66000000E-04
  1.60000000E+01  1.80000000E+01  1.08527000E-02  8.37000000E-04
  1.60000000E+01  1.90000000E+01  1.75615000E-03  8.57000000E-04
  1.60000000E+01  2.10000000E+01  3.70637000E-04  9.61000000E-04
  1.60000000E+01  2.20000000E+01  1.23123000E-03  9.65000000E-04
  1.60000000E+01  2.40000000E+01  3.13405000E-05  1.08100000E-03
  1.60000000E+01  2.50000000E+01  1.45840000E-04  1.08100000E-03
  1.60000000E+01  2.70000000E+01  2.05516000E-04  1.04500000E-03
  1.60000000E+01  2.90000000E+01  1.00043000E-03  1.05900000E-03
  1.60000000E+01  3.00000000E+01  2.07315000E-04  1.06200000E-03
  1.60000000E+01  4.10000000E+01  1.74772000E-05  1.08134000E-03
  1.80000000E+01  1.80000000E+01  8.23123000E-03  9.08000000E-04
  1.80000000E+01  1.90000000E+01  2.52703000E-02  9.28000000E-04
  1.80000000E+01  2.10000000E+01  2.32439000E-02  1.03200000E-03
  1.80000000E+01  2.20000000E+01  3.84636000E-02  1.03600000E-03
  1.80000000E+01  2.40000000E+01  2.06733000E-03  1.15200000E-03
  1.80000000E+01  2.50000000E+01  3.60141000E-03  1.15200000E-03
  1.80000000E+01  2.70000000E+01  1.88018000E-03  1.11600000E-03
  1.80000000E+01  2.90000000E+01  1.90340000E-03  1.13000000E-03
  1.80000000E+01  3.00000000E+01  3.29442000E-03  1.13300000E-03
  1.80000000E+01  4.10000000E+01  1.63406000E-04  1.15234000E-03
  1.90000000E+01  1.90000000E+01  7.54059000E-04  9.48000000E-04
  1.90000000E+01  2.10000000E+01  2.27702000E-03  1.05200000E-03
  1.90000000E+01  2.20000000E+01  1.73709000E-03  1.05600000E-03
  1.90000000E+01  2.40000000E+01  1.62320000E-03  1.17200000E-03
  1.90000000E+01  2.50000000E+01  4.79650000E-04  1.17200000E-03
  1.90000000E+01  2.70000000E+01  2.21541000E-04  1.13600000E-03
  1.90000000E+01  2.90000000E+01  2.57795000E-03  1.15000000E-03
  1.90000000E+01  3.00000000E+01  1.65306000E-04  1.15300000E-03
  1.90000000E+01  4.10000000E+01  1.82919000E-05  1.17234000E-03
  2.10000000E+01  2.10000000E+01  7.92759000E-04  1.15600000E-03
  2.10000000E+01  2.20000000E+01  2.24107000E-03  1.16000000E-03
  2.10000000E+01  2.40000000E+01  1.95700000E-04  1.27600000E-03
  2.10000000E+01  2.50000000E+01  3.45440000E-04  1.27600000E-03
  2.10000000E+01  2.70000000E+01  5.65375000E-05  1.24000000E-03
  2.10000000E+01  2.90000000E+01  2.13228000E-03  1.25400000E-03
  2.10000000E+01  3.00000000E+01  2.28641000E-04  1.25700000E-03
  2.10000000E+01  4.10000000E+01  4.97031000E-06  1.27634000E-03
  2.20000000E+01  2.20000000E+01  4.56155000E-04  1.16400000E-03
  2.20000000E+01  2.40000000E+01  5.99986000E-04  1.28000000E-03
  2.20000000E+01  2.50000000E+01  1.25035000E-04  1.28000000E-03
  2.20000000E+01  2.70000000E+01  1.41141000E-04  1.24400000E-03
  2.20000000E+01  2.90000000E+01  3.09321000E-03  1.25800000E-03
  2.20000000E+01  3.00000000E+01  1.40602000E-04  1.26100000E-03
  2.20000000E+01  4.10000000E+01  1.18066000E-05  1.28034000E-03
  2.40000000E+01  2.40000000E+01  3.40258000E-05  1.39600000E-03
  2.40000000E+01  2.50000000E+01  4.50293000E-04  1.39600000E-03
  2.40000000E+01  2.70000000E+01  1.59494000E-06  1.36000000E-03
  2.40000000E+01  2.90000000E+01  1.47792000E-04  1.37400000E-03
  2.40000000E+01  3.00000000E+01  1.54175000E-04  1.37700000E-03
  2.50000000E+01  2.50000000E+01  1.54176000E-05  1.39600000E-03
  2.50000000E+01  2.70000000E+01  1.86070000E-05  1.36000000E-03
  2.50000000E+01  2.90000000E+01  2.59441000E-04  1.37400000E-03
  2.50000000E+01  3.00000000E+01  4.09354000E-05  1.37700000E-03
  2.50000000E+01  4.10000000E+01  1.59495000E-06  1.39634000E-03
  2.70000000E+01  2.70000000E+01  1.26336000E-05  1.32400000E-03
  2.70000000E+01  2.90000000E+01  1.52698000E-04  1.33800000E-03
  2.70000000E+01  3.00000000E+01  2.14224000E-05  1.34100000E-03
  2.70000000E+01  4.10000000E+01  2.19705000E-06  1.36034000E-03
  2.90000000E+01  2.90000000E+01  1.31117000E-04  1.35200000E-03
  2.90000000E+01  3.00000000E+01  3.88669000E-04  1.35500000E-03
  2.90000000E+01  4.10000000E+01  1.87299000E-05  1.37434000E-03
  3.00000000E+01  3.00000000E+01  1.87953000E-05  1.35800000E-03
  3.00000000E+01  4.10000000E+01  4.33737000E-06  1.37734000E-03
                                                                       1
 60000  0  7  144.24     180717  2  0.0         1.0000E+50  0.0
92931 91  0.0         11.         0.0         0.0         0.0
  1.30000000E+01  1.89694000E-05  2.98000000E-04
  1.40000000E+01  2.22937000E-04  3.20000000E-04
  1.60000000E+01  4.96432000E-04  9.82000000E-04
  2.10000000E+01  2.20324000E-04  1.17700000E-03
  2.20000000E+01  1.79965000E-03  1.18100000E-03
  2.70000000E+01  8.73928000E-05  1.26100000E-03
                                                                       1
 60000  0  9  144.24     180717  2  0.0         1.0000E+50  0.0
92932 91  0.0         11.         0.0         0.0         0.0
  1.30000000E+01  1.80000000E+01  1.54358000E-02  4.80000000E-05
  1.30000000E+01  1.90000000E+01  8.28843000E-02  6.80000000E-05
  1.30000000E+01  2.10000000E+01  1.23494000E-02  1.72000000E-04
  1.30000000E+01  2.20000000E+01  1.00858000E-02  1.76000000E-04
  1.30000000E+01  2.40000000E+01  4.82745000E-03  2.92000000E-04
  1.30000000E+01  2.50000000E+01  7.15819000E-03  2.92000000E-04
  1.30000000E+01  2.70000000E+01  2.80179000E-03  2.56000000E-04
  1.30000000E+01  2.90000000E+01  1.92420000E-03  2.70000000E-04
  1.30000000E+01  3.00000000E+01  8.37878000E-03  2.73000000E-04
  1.30000000E+01  4.10000000E+01  2.36214000E-04  2.92340000E-04
  1.40000000E+01  1.60000000E+01  8.25365000E-02  0.00000000E+00
  1.40000000E+01  1.80000000E+01  1.01420000E-01  7.00000000E-05
  1.40000000E+01  1.90000000E+01  1.83081000E-01  9.00000000E-05
  1.40000000E+01  2.10000000E+01  5.11130000E-02  1.94000000E-04
  1.40000000E+01  2.20000000E+01  7.94051000E-02  1.98000000E-04
  1.40000000E+01  2.40000000E+01  4.48067000E-02  3.14000000E-04
  1.40000000E+01  2.50000000E+01  5.33612000E-02  3.14000000E-04
  1.40000000E+01  2.70000000E+01  1.58050000E-02  2.78000000E-04
  1.40000000E+01  2.90000000E+01  1.27976000E-02  2.92000000E-04
  1.40000000E+01  3.00000000E+01  2.10162000E-02  2.95000000E-04
  1.40000000E+01  4.10000000E+01  1.34793000E-03  3.14340000E-04
  1.60000000E+01  1.60000000E+01  7.75381000E-04  6.61000000E-04
  1.60000000E+01  1.80000000E+01  1.14490000E-03  7.32000000E-04
  1.60000000E+01  1.90000000E+01  1.67126000E-02  7.52000000E-04
  1.60000000E+01  2.10000000E+01  1.00716000E-03  8.56000000E-04
  1.60000000E+01  2.20000000E+01  1.09129000E-03  8.60000000E-04
  1.60000000E+01  2.40000000E+01  2.38383000E-04  9.76000000E-04
  1.60000000E+01  2.50000000E+01  3.62100000E-04  9.76000000E-04
  1.60000000E+01  2.70000000E+01  2.02916000E-04  9.40000000E-04
  1.60000000E+01  2.90000000E+01  1.28680000E-04  9.54000000E-04
  1.60000000E+01  3.00000000E+01  1.51940000E-03  9.57000000E-04
  1.60000000E+01  4.10000000E+01  1.73220000E-05  9.76340000E-04
  1.80000000E+01  1.80000000E+01  1.72485000E-04  8.03000000E-04
  1.80000000E+01  1.90000000E+01  2.00257000E-02  8.23000000E-04
  1.80000000E+01  2.10000000E+01  5.25155000E-04  9.27000000E-04
  1.80000000E+01  2.20000000E+01  3.51469000E-03  9.31000000E-04
  1.80000000E+01  2.40000000E+01  2.58726000E-04  1.04700000E-03
  1.80000000E+01  2.50000000E+01  1.54551000E-03  1.04700000E-03
  1.80000000E+01  2.70000000E+01  1.37475000E-04  1.01100000E-03
  1.80000000E+01  2.90000000E+01  3.58624000E-05  1.02500000E-03
  1.80000000E+01  3.00000000E+01  1.84180000E-03  1.02800000E-03
  1.80000000E+01  4.10000000E+01  1.11004000E-05  1.04734000E-03
  1.90000000E+01  1.90000000E+01  2.71298000E-02  8.43000000E-04
  1.90000000E+01  2.10000000E+01  3.65552000E-02  9.47000000E-04
  1.90000000E+01  2.20000000E+01  4.93358000E-02  9.51000000E-04
  1.90000000E+01  2.40000000E+01  4.57317000E-03  1.06700000E-03
  1.90000000E+01  2.50000000E+01  5.20296000E-03  1.06700000E-03
  1.90000000E+01  2.70000000E+01  2.64860000E-03  1.03100000E-03
  1.90000000E+01  2.90000000E+01  2.51701000E-03  1.04500000E-03
  1.90000000E+01  3.00000000E+01  6.02164000E-03  1.04800000E-03
  1.90000000E+01  4.10000000E+01  2.29250000E-04  1.06734000E-03
  2.10000000E+01  2.10000000E+01  2.36279000E-04  1.05100000E-03
  2.10000000E+01  2.20000000E+01  3.73321000E-03  1.05500000E-03
  2.10000000E+01  2.40000000E+01  9.00806000E-05  1.17100000E-03
  2.10000000E+01  2.50000000E+01  1.14079000E-03  1.17100000E-03
  2.10000000E+01  2.70000000E+01  9.89386000E-05  1.13500000E-03
  2.10000000E+01  2.90000000E+01  3.83958000E-05  1.14900000E-03
  2.10000000E+01  3.00000000E+01  3.07695000E-03  1.15200000E-03
  2.10000000E+01  4.10000000E+01  8.12205000E-06  1.17134000E-03
  2.20000000E+01  2.20000000E+01  1.79638000E-03  1.05900000E-03
  2.20000000E+01  2.40000000E+01  7.97720000E-04  1.17500000E-03
  2.20000000E+01  2.50000000E+01  7.18140000E-04  1.17500000E-03
  2.20000000E+01  2.70000000E+01  1.01821000E-04  1.13900000E-03
  2.20000000E+01  2.90000000E+01  2.44784000E-04  1.15300000E-03
  2.20000000E+01  3.00000000E+01  3.75864000E-03  1.15600000E-03
  2.20000000E+01  4.10000000E+01  8.09186000E-06  1.17534000E-03
  2.40000000E+01  2.40000000E+01  1.13543000E-05  1.29100000E-03
  2.40000000E+01  2.50000000E+01  6.33706000E-04  1.29100000E-03
  2.40000000E+01  2.70000000E+01  2.19983000E-05  1.25500000E-03
  2.40000000E+01  2.90000000E+01  2.41287000E-05  1.26900000E-03
  2.40000000E+01  3.00000000E+01  3.50555000E-04  1.27200000E-03
  2.40000000E+01  4.10000000E+01  2.12894000E-06  1.29134000E-03
  2.50000000E+01  2.50000000E+01  1.56133000E-04  1.29100000E-03
  2.50000000E+01  2.70000000E+01  2.69671000E-05  1.25500000E-03
  2.50000000E+01  2.90000000E+01  1.46195000E-04  1.26900000E-03
  2.50000000E+01  3.00000000E+01  4.08064000E-04  1.27200000E-03
  2.50000000E+01  4.10000000E+01  2.12906000E-06  1.29134000E-03
  2.70000000E+01  2.70000000E+01  1.47241000E-05  1.21900000E-03
  2.70000000E+01  2.90000000E+01  1.64562000E-05  1.23300000E-03
  2.70000000E+01  3.00000000E+01  2.60695000E-04  1.23600000E-03
  2.70000000E+01  4.10000000E+01  2.59836000E-06  1.25534000E-03
  2.90000000E+01  2.90000000E+01  2.12180000E-06  1.24700000E-03
  2.90000000E+01  3.00000000E+01  3.07648000E-04  1.25000000E-03
  2.90000000E+01  4.10000000E+01  2.12180000E-06  1.26934000E-03
  3.00000000E+01  3.00000000E+01  6.22064000E-04  1.25300000E-03
  3.00000000E+01  4.10000000E+01  4.01342000E-05  1.27234000E-03
                                                                       1
 60000  0  7  144.24     180717  2  0.0         1.0000E+50  0.0
92931 91  0.0         13.         0.0         0.0         0.0
  1.80000000E+01  3.51201000E-03  7.55000000E-04
  1.90000000E+01  5.07746000E-04  7.75000000E-04
  2.40000000E+01  5.62670000E-04  9.99000000E-04
  2.90000000E+01  5.85923000E-04  9.77000000E-04
  3.00000000E+01  8.52467000E-05  9.80000000E-04
                                                                       1
 60000  0  9  144.24     180717  2  0.0         1.0000E+50  0.0
92932 91  0.0         13.         0.0         0.0         0.0
  1.40000000E+01  2.40000000E+01  4.99718000E-02  1.60000000E-05
  1.40000000E+01  2.50000000E+01  7.93895000E-03  1.60000000E-05
  1.40000000E+01  3.00000000E+01  2.27426000E-03  0.00000000E+00
  1.40000000E+01  4.10000000E+01  2.89309000E-04  1.63400000E-05
  1.60000000E+01  1.60000000E+01  9.92676000E-06  3.63000000E-04
  1.60000000E+01  1.80000000E+01  3.88796000E-03  4.34000000E-04
  1.60000000E+01  1.90000000E+01  2.76615000E-03  4.54000000E-04
  1.60000000E+01  2.10000000E+01  8.80770000E-02  5.58000000E-04
  1.60000000E+01  2.20000000E+01  1.14554000E-02  5.62000000E-04
  1.60000000E+01  2.40000000E+01  5.44654000E-03  6.78000000E-04
  1.60000000E+01  2.50000000E+01  1.89606000E-03  6.78000000E-04
  1.60000000E+01  2.70000000E+01  2.64722000E-05  6.42000000E-04
  1.60000000E+01  2.90000000E+01  4.13613000E-04  6.56000000E-04
  1.60000000E+01  3.00000000E+01  2.28307000E-04  6.59000000E-04
  1.60000000E+01  4.10000000E+01  3.30892000E-06  6.78340000E-04
  1.80000000E+01  1.80000000E+01  1.85643000E-03  5.05000000E-04
  1.80000000E+01  1.90000000E+01  1.35790000E-02  5.25000000E-04
  1.80000000E+01  2.10000000E+01  7.36528000E-02  6.29000000E-04
  1.80000000E+01  2.20000000E+01  6.40330000E-03  6.33000000E-04
  1.80000000E+01  2.40000000E+01  3.61356000E-03  7.49000000E-04
  1.80000000E+01  2.50000000E+01  2.09810000E-03  7.49000000E-04
  1.80000000E+01  2.70000000E+01  3.93793000E-04  7.13000000E-04
  1.80000000E+01  2.90000000E+01  4.13650000E-04  7.27000000E-04
  1.80000000E+01  3.00000000E+01  1.32686000E-03  7.30000000E-04
  1.80000000E+01  4.10000000E+01  3.30922000E-05  7.49340000E-04
  1.90000000E+01  1.90000000E+01  5.06283000E-03  5.45000000E-04
  1.90000000E+01  2.10000000E+01  1.60780000E-01  6.49000000E-04
  1.90000000E+01  2.20000000E+01  6.02251000E-03  6.53000000E-04
  1.90000000E+01  2.40000000E+01  2.64390000E-03  7.69000000E-04
  1.90000000E+01  2.50000000E+01  1.19116000E-03  7.69000000E-04
  1.90000000E+01  2.70000000E+01  3.20969000E-04  7.33000000E-04
  1.90000000E+01  2.90000000E+01  1.29375000E-03  7.47000000E-04
  1.90000000E+01  3.00000000E+01  9.59623000E-04  7.50000000E-04
  1.90000000E+01  4.10000000E+01  2.64734000E-05  7.69340000E-04
  2.10000000E+01  2.10000000E+01  1.33228000E-01  7.53000000E-04
  2.10000000E+01  2.20000000E+01  2.72743000E-01  7.57000000E-04
  2.10000000E+01  2.40000000E+01  1.99255000E-02  8.73000000E-04
  2.10000000E+01  2.50000000E+01  2.64084000E-02  8.73000000E-04
  2.10000000E+01  2.70000000E+01  1.33755000E-02  8.37000000E-04
  2.10000000E+01  2.90000000E+01  9.99270000E-03  8.51000000E-04
  2.10000000E+01  3.00000000E+01  2.06188000E-02  8.54000000E-04
  2.10000000E+01  4.10000000E+01  1.15082000E-03  8.73340000E-04
  2.20000000E+01  2.20000000E+01  4.44752000E-03  7.61000000E-04
  2.20000000E+01  2.40000000E+01  1.87060000E-02  8.77000000E-04
  2.20000000E+01  2.50000000E+01  1.17143000E-03  8.77000000E-04
  2.20000000E+01  2.70000000E+01  9.69576000E-04  8.41000000E-04
  2.20000000E+01  2.90000000E+01  5.75800000E-04  8.55000000E-04
  2.20000000E+01  3.00000000E+01  6.25426000E-04  8.58000000E-04
  2.20000000E+01  4.10000000E+01  7.94196000E-05  8.77340000E-04
  2.40000000E+01  2.40000000E+01  1.65119000E-03  9.93000000E-04
  2.40000000E+01  2.50000000E+01  9.73221000E-03  9.93000000E-04
  2.40000000E+01  2.70000000E+01  8.23975000E-04  9.57000000E-04
  2.40000000E+01  2.90000000E+01  3.80541000E-04  9.71000000E-04
  2.40000000E+01  3.00000000E+01  3.17670000E-04  9.74000000E-04
  2.40000000E+01  4.10000000E+01  6.94906000E-05  9.93340000E-04
  2.50000000E+01  2.50000000E+01  1.35667000E-04  9.93000000E-04
  2.50000000E+01  2.70000000E+01  2.01865000E-04  9.57000000E-04
  2.50000000E+01  2.90000000E+01  1.35667000E-04  9.71000000E-04
  2.50000000E+01  3.00000000E+01  1.32361000E-04  9.74000000E-04
  2.50000000E+01  4.10000000E+01  1.65449000E-05  9.93340000E-04
  2.70000000E+01  2.70000000E+01  7.01003000E-06  9.21000000E-04
  2.70000000E+01  2.90000000E+01  9.81400000E-05  9.35000000E-04
  2.70000000E+01  3.00000000E+01  6.30910000E-05  9.38000000E-04
  2.90000000E+01  2.90000000E+01  4.73670000E-05  9.49000000E-04
  2.90000000E+01  3.00000000E+01  2.77438000E-04  9.52000000E-04
  2.90000000E+01  4.10000000E+01  6.76706000E-06  9.71340000E-04
  3.00000000E+01  3.00000000E+01  2.56071000E-04  9.55000000E-04
  3.00000000E+01  4.10000000E+01  1.82908000E-05  9.74340000E-04
                                                                       1
 60000  0  7  144.24     180717  2  0.0         1.0000E+50  0.0
92931 91  0.0         14.         0.0         0.0         0.0
  1.90000000E+01  3.90050000E-03  7.53000000E-04
  2.40000000E+01  3.05600000E-05  9.77000000E-04
  2.50000000E+01  5.95471000E-04  9.77000000E-04
  3.00000000E+01  6.82311000E-04  9.58000000E-04
                                                                       1
 60000  0  9  144.24     180717  2  0.0         1.0000E+50  0.0
92932 91  0.0         14.         0.0         0.0         0.0
  1.60000000E+01  1.60000000E+01  3.47259000E-06  3.41000000E-04
  1.60000000E+01  1.80000000E+01  1.23970000E-03  4.12000000E-04
  1.60000000E+01  1.90000000E+01  6.28540000E-03  4.32000000E-04
  1.60000000E+01  2.10000000E+01  9.18855000E-03  5.36000000E-04
  1.60000000E+01  2.20000000E+01  9.87884000E-02  5.40000000E-04
  1.60000000E+01  2.40000000E+01  1.88909000E-03  6.56000000E-04
  1.60000000E+01  2.50000000E+01  6.09447000E-03  6.56000000E-04
  1.60000000E+01  2.70000000E+01  2.43073000E-05  6.20000000E-04
  1.60000000E+01  2.90000000E+01  6.94519000E-05  6.34000000E-04
  1.60000000E+01  3.00000000E+01  5.93812000E-04  6.37000000E-04
  1.60000000E+01  4.10000000E+01  3.47259000E-06  6.56340000E-04
  1.80000000E+01  1.80000000E+01  1.04169000E-05  4.83000000E-04
  1.80000000E+01  1.90000000E+01  1.44040000E-02  5.03000000E-04
  1.80000000E+01  2.10000000E+01  9.30588000E-04  6.07000000E-04
  1.80000000E+01  2.20000000E+01  9.65334000E-02  6.11000000E-04
  1.80000000E+01  2.40000000E+01  8.29889000E-04  7.27000000E-04
  1.80000000E+01  2.50000000E+01  2.96534000E-03  7.27000000E-04
  1.80000000E+01  2.70000000E+01  1.21537000E-04  6.91000000E-04
  1.80000000E+01  2.90000000E+01  6.94464000E-06  7.05000000E-04
  1.80000000E+01  3.00000000E+01  1.35764000E-03  7.08000000E-04
  1.80000000E+01  4.10000000E+01  1.04169000E-05  7.27340000E-04
  1.90000000E+01  1.90000000E+01  1.11474000E-02  5.23000000E-04
  1.90000000E+01  2.10000000E+01  8.99399000E-03  6.27000000E-04
  1.90000000E+01  2.20000000E+01  1.57380000E-01  6.31000000E-04
  1.90000000E+01  2.40000000E+01  1.55217000E-03  7.47000000E-04
  1.90000000E+01  2.50000000E+01  3.71913000E-03  7.47000000E-04
  1.90000000E+01  2.70000000E+01  7.11868000E-04  7.11000000E-04
  1.90000000E+01  2.90000000E+01  1.31615000E-03  7.25000000E-04
  1.90000000E+01  3.00000000E+01  2.17035000E-03  7.28000000E-04
  1.90000000E+01  4.10000000E+01  5.90333000E-05  7.47340000E-04
  2.10000000E+01  2.10000000E+01  1.93071000E-03  7.31000000E-04
  2.10000000E+01  2.20000000E+01  1.99033000E-01  7.35000000E-04
  2.10000000E+01  2.40000000E+01  9.37569000E-04  8.51000000E-04
  2.10000000E+01  2.50000000E+01  1.21502000E-02  8.51000000E-04
  2.10000000E+01  2.70000000E+01  7.63951000E-04  8.15000000E-04
  2.10000000E+01  2.90000000E+01  1.25012000E-04  8.29000000E-04
  2.10000000E+01  3.00000000E+01  8.36876000E-04  8.32000000E-04
  2.10000000E+01  4.10000000E+01  6.25040000E-05  8.51340000E-04
  2.20000000E+01  2.20000000E+01  2.29136000E-01  7.39000000E-04
  2.20000000E+01  2.40000000E+01  2.33354000E-02  8.55000000E-04
  2.20000000E+01  2.50000000E+01  3.40797000E-02  8.55000000E-04
  2.20000000E+01  2.70000000E+01  1.44046000E-02  8.19000000E-04
  2.20000000E+01  2.90000000E+01  1.24803000E-02  8.33000000E-04
  2.20000000E+01  3.00000000E+01  2.01018000E-02  8.36000000E-04
  2.20000000E+01  4.10000000E+01  1.23267000E-03  8.55340000E-04
  2.40000000E+01  2.40000000E+01  1.31952000E-04  9.71000000E-04
  2.40000000E+01  2.50000000E+01  8.60144000E-03  9.71000000E-04
  2.40000000E+01  2.70000000E+01  2.15298000E-04  9.35000000E-04
  2.40000000E+01  2.90000000E+01  9.72305000E-05  9.49000000E-04
  2.40000000E+01  3.00000000E+01  1.35423000E-04  9.52000000E-04
  2.40000000E+01  4.10000000E+01  1.73620000E-05  9.71340000E-04
  2.50000000E+01  2.50000000E+01  3.76072000E-03  9.71000000E-04
  2.50000000E+01  2.70000000E+01  8.85505000E-04  9.35000000E-04
  2.50000000E+01  2.90000000E+01  3.75045000E-04  9.49000000E-04
  2.50000000E+01  3.00000000E+01  3.99333000E-04  9.52000000E-04
  2.50000000E+01  4.10000000E+01  7.63969000E-05  9.71340000E-04
  2.70000000E+01  2.90000000E+01  2.62133000E-05  9.13000000E-04
  2.70000000E+01  3.00000000E+01  2.75237000E-04  9.16000000E-04
  2.90000000E+01  3.00000000E+01  3.75110000E-04  9.30000000E-04
  3.00000000E+01  3.00000000E+01  3.84057000E-04  9.33000000E-04
  3.00000000E+01  4.10000000E+01  2.40029000E-05  9.52340000E-04
                                                                       1
 60000  0  7  144.24     180717  2  0.0         1.0000E+50  0.0
92931 91  0.0         16.         0.0         0.0         0.0
  1.80000000E+01  1.28305000E-05  7.10000000E-05
  1.90000000E+01  6.69160000E-05  9.10000000E-05
  2.90000000E+01  2.69566000E-05  2.93000000E-04
  3.00000000E+01  2.35562000E-05  2.96000000E-04
                                                                       1
 60000  0  9  144.24     180717  2  0.0         1.0000E+50  0.0
92932 91  0.0         16.         0.0         0.0         0.0
  1.80000000E+01  2.40000000E+01  2.11294000E-02  6.50000000E-05
  1.80000000E+01  2.50000000E+01  3.24395000E-02  6.50000000E-05
  1.80000000E+01  2.70000000E+01  5.54458000E-02  2.90000000E-05
  1.80000000E+01  2.90000000E+01  4.31589000E-02  4.30000000E-05
  1.80000000E+01  3.00000000E+01  9.15604000E-02  4.60000000E-05
  1.80000000E+01  4.10000000E+01  4.61056000E-03  6.53400000E-05
  1.90000000E+01  2.40000000E+01  7.08915000E-02  8.50000000E-05
  1.90000000E+01  2.50000000E+01  8.42822000E-02  8.50000000E-05
  1.90000000E+01  2.70000000E+01  7.23777000E-02  4.90000000E-05
  1.90000000E+01  2.90000000E+01  7.31232000E-02  6.30000000E-05
  1.90000000E+01  3.00000000E+01  9.92273000E-02  6.60000000E-05
  1.90000000E+01  4.10000000E+01  6.11536000E-03  8.53400000E-05
  2.10000000E+01  2.10000000E+01  4.91802000E-03  6.90000000E-05
  2.10000000E+01  2.20000000E+01  3.16382000E-02  7.30000000E-05
  2.10000000E+01  2.40000000E+01  2.42407000E-03  1.89000000E-04
  2.10000000E+01  2.50000000E+01  6.02728000E-03  1.89000000E-04
  2.10000000E+01  2.70000000E+01  2.30893000E-02  1.53000000E-04
  2.10000000E+01  2.90000000E+01  4.49761000E-03  1.67000000E-04
  2.10000000E+01  3.00000000E+01  1.48603000E-02  1.70000000E-04
  2.10000000E+01  4.10000000E+01  1.62474000E-03  1.89340000E-04
  2.20000000E+01  2.20000000E+01  1.48880000E-02  7.70000000E-05
  2.20000000E+01  2.40000000E+01  6.87086000E-03  1.93000000E-04
  2.20000000E+01  2.50000000E+01  5.93494000E-03  1.93000000E-04
  2.20000000E+01  2.70000000E+01  3.35956000E-02  1.57000000E-04
  2.20000000E+01  2.90000000E+01  1.35165000E-02  1.71000000E-04
  2.20000000E+01  3.00000000E+01  1.40005000E-02  1.74000000E-04
  2.20000000E+01  4.10000000E+01  2.36018000E-03  1.93340000E-04
  2.40000000E+01  2.40000000E+01  2.59075000E-04  3.09000000E-04
  2.40000000E+01  2.50000000E+01  1.32043000E-03  3.09000000E-04
  2.40000000E+01  2.70000000E+01  5.13509000E-03  2.73000000E-04
  2.40000000E+01  2.90000000E+01  6.49150000E-04  2.87000000E-04
  2.40000000E+01  3.00000000E+01  1.56781000E-03  2.90000000E-04
  2.40000000E+01  4.10000000E+01  3.28305000E-04  3.09340000E-04
  2.50000000E+01  2.50000000E+01  5.66086000E-04  3.09000000E-04
  2.50000000E+01  2.70000000E+01  6.65726000E-03  2.73000000E-04
  2.50000000E+01  2.90000000E+01  4.96854000E-04  2.87000000E-04
  2.50000000E+01  3.00000000E+01  1.98348000E-03  2.90000000E-04
  2.50000000E+01  4.10000000E+01  4.25499000E-04  3.09340000E-04
  2.70000000E+01  2.70000000E+01  1.60730000E-02  2.37000000E-04
  2.70000000E+01  2.90000000E+01  1.95802000E-02  2.51000000E-04
  2.70000000E+01  3.00000000E+01  3.44050000E-02  2.54000000E-04
  2.70000000E+01  4.10000000E+01  2.43511000E-03  2.73340000E-04
  2.90000000E+01  2.90000000E+01  6.35950000E-03  2.65000000E-04
  2.90000000E+01  3.00000000E+01  2.74330000E-02  2.68000000E-04
  2.90000000E+01  4.10000000E+01  5.25523000E-03  2.87340000E-04
  3.00000000E+01  3.00000000E+01  2.43103000E-02  2.71000000E-04
  3.00000000E+01  4.10000000E+01  1.00214000E-02  2.90340000E-04
                                                                       1
 60000  0  7  144.24     180717  2  0.0         1.0000E+50  0.0
92931 91  0.0         18.         0.0         0.0         0.0
  2.10000000E+01  2.09939000E-04  1.24000000E-04
  2.70000000E+01  4.25509000E-05  2.08000000E-04
                                                                       1
 60000  0  9  144.24     180717  2  0.0         1.0000E+50  0.0
92932 91  0.0         18.         0.0         0.0         0.0
  1.90000000E+01  2.40000000E+01  2.42628000E-02  1.40000000E-05
  1.90000000E+01  2.50000000E+01  1.83284000E-02  1.40000000E-05
  1.90000000E+01  3.00000000E+01  9.92586000E-03  0.00000000E+00
  1.90000000E+01  4.10000000E+01  1.26467000E-03  1.43400000E-05
  2.10000000E+01  2.10000000E+01  4.17349000E-02  0.00000000E+00
  2.10000000E+01  2.20000000E+01  4.84890000E-01  2.00000000E-06
  2.10000000E+01  2.40000000E+01  5.69232000E-02  1.18000000E-04
  2.10000000E+01  2.50000000E+01  1.17475000E-01  1.18000000E-04
  2.10000000E+01  2.70000000E+01  4.14013000E-02  8.20000000E-05
  2.10000000E+01  2.90000000E+01  2.92193000E-02  9.60000000E-05
  2.10000000E+01  3.00000000E+01  5.61028000E-02  9.90000000E-05
  2.10000000E+01  4.10000000E+01  3.55082000E-03  1.18340000E-04
  2.20000000E+01  2.20000000E+01  2.26635000E-02  6.00000000E-06
  2.20000000E+01  2.40000000E+01  1.41004000E-02  1.22000000E-04
  2.20000000E+01  2.50000000E+01  3.78191000E-03  1.22000000E-04
  2.20000000E+01  2.70000000E+01  6.63308000E-03  8.60000000E-05
  2.20000000E+01  2.90000000E+01  2.87646000E-02  1.00000000E-04
  2.20000000E+01  3.00000000E+01  6.57795000E-03  1.03000000E-04
  2.20000000E+01  4.10000000E+01  4.96216000E-04  1.22340000E-04
  2.40000000E+01  2.40000000E+01  1.51072000E-04  2.38000000E-04
  2.40000000E+01  2.50000000E+01  2.03180000E-03  2.38000000E-04
  2.40000000E+01  2.70000000E+01  1.19302000E-03  2.02000000E-04
  2.40000000E+01  2.90000000E+01  3.98838000E-03  2.16000000E-04
  2.40000000E+01  3.00000000E+01  1.63591000E-03  2.19000000E-04
  2.40000000E+01  4.10000000E+01  9.87958000E-05  2.38340000E-04
  2.50000000E+01  2.50000000E+01  5.45098000E-05  2.38000000E-04
  2.50000000E+01  2.70000000E+01  5.87591000E-04  2.02000000E-04
  2.50000000E+01  2.90000000E+01  6.54724000E-03  2.16000000E-04
  2.50000000E+01  3.00000000E+01  5.55337000E-04  2.19000000E-04
  2.50000000E+01  4.10000000E+01  4.04927000E-05  2.38340000E-04
  2.70000000E+01  2.70000000E+01  1.13755000E-04  1.66000000E-04
  2.70000000E+01  2.90000000E+01  2.10239000E-03  1.80000000E-04
  2.70000000E+01  3.00000000E+01  3.21250000E-04  1.83000000E-04
  2.70000000E+01  4.10000000E+01  1.62920000E-05  2.02340000E-04
  2.90000000E+01  2.90000000E+01  2.92179000E-03  1.94000000E-04
  2.90000000E+01  3.00000000E+01  8.45129000E-03  1.97000000E-04
  2.90000000E+01  4.10000000E+01  4.54883000E-04  2.16340000E-04
  3.00000000E+01  3.00000000E+01  3.27475000E-04  2.00000000E-04
  3.00000000E+01  4.10000000E+01  5.74839000E-05  2.19340000E-04
                                                                       1
 60000  0  7  144.24     180717  2  0.0         1.0000E+50  0.0
92931 91  0.0         19.         0.0         0.0         0.0
  2.10000000E+01  5.42716000E-06  1.04000000E-04
  2.20000000E+01  5.82576000E-05  1.08000000E-04
  2.70000000E+01  1.83679000E-05  1.88000000E-04
                                                                       1
 60000  0  9  144.24     180717  2  0.0         1.0000E+50  0.0
92932 91  0.0         19.         0.0         0.0         0.0
  2.10000000E+01  2.40000000E+01  1.42184000E-02  9.80000000E-05
  2.10000000E+01  2.50000000E+01  4.28276000E-02  9.80000000E-05
  2.10000000E+01  2.70000000E+01  2.18307000E-02  6.20000000E-05
  2.10000000E+01  2.90000000E+01  1.63383000E-02  7.60000000E-05
  2.10000000E+01  3.00000000E+01  6.55308000E-02  7.90000000E-05
  2.10000000E+01  4.10000000E+01  1.84300000E-03  9.83400000E-05
  2.20000000E+01  2.40000000E+01  1.86939000E-01  1.02000000E-04
  2.20000000E+01  2.50000000E+01  1.89360000E-01  1.02000000E-04
  2.20000000E+01  2.70000000E+01  1.13912000E-01  6.60000000E-05
  2.20000000E+01  2.90000000E+01  1.10070000E-01  8.00000000E-05
  2.20000000E+01  3.00000000E+01  1.71952000E-01  8.30000000E-05
  2.20000000E+01  4.10000000E+01  1.00810000E-02  1.02340000E-04
  2.40000000E+01  2.40000000E+01  7.43381000E-05  2.18000000E-04
  2.40000000E+01  2.50000000E+01  4.06146000E-03  2.18000000E-04
  2.40000000E+01  2.70000000E+01  2.19743000E-03  1.82000000E-04
  2.40000000E+01  2.90000000E+01  9.49772000E-04  1.96000000E-04
  2.40000000E+01  3.00000000E+01  1.38468000E-02  1.99000000E-04
  2.40000000E+01  4.10000000E+01  1.42018000E-04  2.18340000E-04
  2.50000000E+01  2.50000000E+01  1.06178000E-03  2.18000000E-04
  2.50000000E+01  2.70000000E+01  4.70694000E-03  1.82000000E-04
  2.50000000E+01  2.90000000E+01  3.96506000E-03  1.96000000E-04
  2.50000000E+01  3.00000000E+01  1.68304000E-02  1.99000000E-04
  2.50000000E+01  4.10000000E+01  3.40633000E-04  2.18340000E-04
  2.70000000E+01  2.70000000E+01  1.63478000E-05  1.46000000E-04
  2.70000000E+01  2.90000000E+01  1.36241000E-04  1.60000000E-04
  2.70000000E+01  3.00000000E+01  2.62501000E-03  1.63000000E-04
  2.70000000E+01  4.10000000E+01  2.88502000E-06  1.82340000E-04
  2.90000000E+01  2.90000000E+01  1.30388000E-05  1.74000000E-04
  2.90000000E+01  3.00000000E+01  1.21398000E-03  1.77000000E-04
  2.90000000E+01  4.10000000E+01  4.77029000E-06  1.96340000E-04
  3.00000000E+01  3.00000000E+01  2.64729000E-03  1.80000000E-04
  3.00000000E+01  4.10000000E+01  1.78892000E-04  1.99340000E-04
                                                                       1
 60000  0  7  144.24     180717  2  0.0         1.0000E+50  0.0
92931 91  0.0         21.         0.0         0.0         0.0
  2.40000000E+01  8.75365000E-07  1.20000000E-04
  2.90000000E+01  5.36760000E-06  9.80000000E-05
  3.00000000E+01  8.89581000E-07  1.01000000E-04
                                                                       1
 60000  0  9  144.24     180717  2  0.0         1.0000E+50  0.0
92932 91  0.0         21.         0.0         0.0         0.0
  2.20000000E+01  2.40000000E+01  4.82375000E-02  0.00000000E+00
  2.20000000E+01  2.50000000E+01  5.39700000E-03  0.00000000E+00
  2.40000000E+01  2.40000000E+01  2.69179000E-02  1.14000000E-04
  2.40000000E+01  2.50000000E+01  1.63959000E-01  1.14000000E-04
  2.40000000E+01  2.70000000E+01  5.52482000E-02  7.80000000E-05
  2.40000000E+01  2.90000000E+01  4.84888000E-02  9.20000000E-05
  2.40000000E+01  3.00000000E+01  7.90302000E-02  9.50000000E-05
  2.40000000E+01  4.10000000E+01  4.89897000E-03  1.14340000E-04
  2.50000000E+01  2.50000000E+01  5.72710000E-04  1.14000000E-04
  2.50000000E+01  2.70000000E+01  2.74905000E-03  7.80000000E-05
  2.50000000E+01  2.90000000E+01  8.74345000E-03  9.20000000E-05
  2.50000000E+01  3.00000000E+01  2.82858000E-03  9.50000000E-05
  2.50000000E+01  4.10000000E+01  2.01336000E-04  1.14340000E-04
  2.70000000E+01  2.70000000E+01  3.54020000E-02  4.20000000E-05
  2.70000000E+01  2.90000000E+01  2.57353000E-02  5.60000000E-05
  2.70000000E+01  3.00000000E+01  3.20120000E-02  5.90000000E-05
  2.70000000E+01  4.10000000E+01  3.29656000E-03  7.83400000E-05
  2.90000000E+01  2.90000000E+01  8.24508000E-02  7.00000000E-05
  2.90000000E+01  3.00000000E+01  2.55865000E-01  7.30000000E-05
  2.90000000E+01  4.10000000E+01  1.01073000E-02  9.23400000E-05
  3.00000000E+01  3.00000000E+01  9.99062000E-02  7.60000000E-05
  3.00000000E+01  4.10000000E+01  7.94477000E-03  9.53400000E-05
                                                                       1
 60000  0  7  144.24     180717  2  0.0         1.0000E+50  0.0
92931 91  0.0         22.         0.0         0.0         0.0
  2.40000000E+01  4.62153000E-08  1.16000000E-04
  2.50000000E+01  9.34015000E-07  1.16000000E-04
  3.00000000E+01  6.60454000E-06  9.70000000E-05
                                                                       1
 60000  0  9  144.24     180717  2  0.0         1.0000E+50  0.0
92932 91  0.0         22.         0.0         0.0         0.0
  2.40000000E+01  2.40000000E+01  3.78666000E-03  1.10000000E-04
  2.40000000E+01  2.50000000E+01  2.80830000E-01  1.10000000E-04
  2.40000000E+01  2.70000000E+01  1.66819000E-02  7.40000000E-05
  2.40000000E+01  2.90000000E+01  9.55562000E-03  8.80000000E-05
  2.40000000E+01  3.00000000E+01  4.01949000E-02  9.10000000E-05
  2.40000000E+01  4.10000000E+01  1.33283000E-03  1.10340000E-04
  2.50000000E+01  2.50000000E+01  1.27935000E-01  1.10000000E-04
  2.50000000E+01  2.70000000E+01  1.22083000E-01  7.40000000E-05
  2.50000000E+01  2.90000000E+01  1.20623000E-01  8.80000000E-05
  2.50000000E+01  3.00000000E+01  1.75223000E-01  9.10000000E-05
  2.50000000E+01  4.10000000E+01  1.09191000E-02  1.10340000E-04
  2.70000000E+01  2.70000000E+01  2.07587000E-02  3.80000000E-05
  2.70000000E+01  2.90000000E+01  8.67403000E-03  5.20000000E-05
  2.70000000E+01  3.00000000E+01  2.34273000E-02  5.50000000E-05
  2.70000000E+01  4.10000000E+01  1.91724000E-03  7.43400000E-05
  2.90000000E+01  2.90000000E+01  1.95836000E-03  6.60000000E-05
  2.90000000E+01  3.00000000E+01  1.92685000E-02  6.90000000E-05
  2.90000000E+01  4.10000000E+01  4.03282000E-04  8.83400000E-05
  3.00000000E+01  3.00000000E+01  1.32580000E-02  7.20000000E-05
  3.00000000E+01  4.10000000E+01  1.16207000E-03  9.13400000E-05
                                                                       1
 60000  0  7  144.24     180717  2  0.0         1.0000E+50  0.0
92931 91  0.0         27.         0.0         0.0         0.0
  2.90000000E+01  5.26785000E-09  1.40000000E-05
  3.00000000E+01  1.81832000E-08  1.70000000E-05
                                                                       1
 60000  0  9  144.24     180717  2  0.0         1.0000E+50  0.0
92932 91  0.0         27.         0.0         0.0         0.0
  2.90000000E+01  4.10000000E+01  3.97163000E-01  8.34000000E-06
  3.00000000E+01  4.10000000E+01  5.94845000E-01  1.13400000E-05
  4.10000000E+01  4.10000000E+01  7.99137000E-03  3.06800000E-05
                                                                       1
