 62000  0  0  150.35     180717  2  0.0         1.0000E+50  0.0
91912  0  0.0         0.0         0.0         0.0         0.0
 1.000000000E+00 2.000000000E+00
 3.000000000E+00 2.000000000E+00
 5.000000000E+00 2.000000000E+00
 6.000000000E+00 4.000000000E+00
 8.000000000E+00 2.000000000E+00
 1.000000000E+01 2.000000000E+00
 1.100000000E+01 4.000000000E+00
 1.300000000E+01 4.000000000E+00
 1.400000000E+01 6.000000000E+00
 1.600000000E+01 2.000000000E+00
 1.800000000E+01 2.000000000E+00
 1.900000000E+01 4.000000000E+00
 2.100000000E+01 4.000000000E+00
 2.200000000E+01 6.000000000E+00
 2.400000000E+01 2.570000000E+00
 2.500000000E+01 3.430000000E+00
 2.700000000E+01 2.000000000E+00
 2.900000000E+01 2.000000000E+00
 3.000000000E+01 4.000000000E+00
 4.100000000E+01 2.000000000E+00
                                                                       1
 62000  0  0  150.35     180717  2  0.0         1.0000E+50  0.0
91913  0  0.0         0.0         0.0         0.0         0.0
 1.000000000E+00 4.683700000E-02
 3.000000000E+00 7.740000000E-03
 5.000000000E+00 7.315000000E-03
 6.000000000E+00 6.720000000E-03
 8.000000000E+00 1.728000000E-03
 1.000000000E+01 1.546000000E-03
 1.100000000E+01 1.422000000E-03
 1.300000000E+01 1.110000000E-03
 1.400000000E+01 1.083000000E-03
 1.600000000E+01 3.490000000E-04
 1.800000000E+01 2.730000000E-04
 1.900000000E+01 2.510000000E-04
 2.100000000E+01 1.370000000E-04
 2.200000000E+01 1.320000000E-04
 2.400000000E+01 6.000000000E-06
 2.500000000E+01 6.000000000E-06
 2.700000000E+01 4.400000000E-05
 2.900000000E+01 2.900000000E-05
 3.000000000E+01 2.500000000E-05
 4.100000000E+01 5.630000000E-06
                                                                       1
 62000  0  0  150.35     180717  2  0.0         1.0000E+50  0.0
91914  0  0.0         0.0         0.0         0.0         0.0
 1.000000000E+00 6.090528569E-02
 3.000000000E+00 1.381629643E-02
 5.000000000E+00 1.375098453E-02
 6.000000000E+00 1.153076224E-02
 8.000000000E+00 4.275532028E-03
 1.000000000E+01 4.162765716E-03
 1.100000000E+01 3.636873339E-03
 1.300000000E+01 3.458264894E-03
 1.400000000E+01 3.334877970E-03
 1.600000000E+01 1.323322636E-03
 1.800000000E+01 1.194713261E-03
 1.900000000E+01 1.071512837E-03
 2.100000000E+01 8.712483027E-04
 2.200000000E+01 8.384687958E-04
 2.400000000E+01 3.194087513E-04
 2.500000000E+01 3.350880000E-04
 2.700000000E+01 2.531612903E-04
 2.900000000E+01 2.111577711E-04
 3.000000000E+01 1.791506533E-04
 4.100000000E+01 3.113644401E-05
                                                                       1
 62000  0  0  150.35     180717  2  0.0         1.0000E+50  0.0
91915  0  0.0         0.0         0.0         0.0         0.0
 1.000000000E+00 1.201700000E-10
 3.000000000E+00 5.089600000E-10
 5.000000000E+00 4.251600000E-10
 6.000000000E+00 4.603000000E-10
 8.000000000E+00 1.339600000E-09
 1.000000000E+01 1.282800000E-09
 1.100000000E+01 1.349600000E-09
 1.300000000E+01 1.198300000E-09
 1.400000000E+01 1.219100000E-09
 1.600000000E+01 3.041400000E-09
 1.800000000E+01 3.109000000E-09
 1.900000000E+01 3.260000000E-09
 2.100000000E+01 3.465800000E-09
 2.200000000E+01 3.518300000E-09
 2.400000000E+01 4.803800000E-09
 2.500000000E+01 4.869500000E-09
 2.700000000E+01 7.329300000E-09
 2.900000000E+01 8.217500000E-09
 3.000000000E+01 8.700200000E-09
 4.100000000E+01 2.279100000E-08
                                                                       1
 62000  0  0  150.35     180717  2  0.0         1.0000E+50  0.0
91921  0  0.0         0.0         0.0         0.0         0.0
 1.000000000E+00 1.782400000E-05
 3.000000000E+00 3.338300000E-07
 5.000000000E+00 5.682800000E-07
 6.000000000E+00 5.240100000E-07
 8.000000000E+00 1.007800000E-08
 1.000000000E+01 1.020800000E-08
 1.100000000E+01 1.043200000E-08
 1.300000000E+01 4.536500000E-09
 1.400000000E+01 4.252700000E-09
 1.600000000E+01 2.579600000E-10
 1.800000000E+01 5.144300000E-10
 1.900000000E+01 3.645400000E-10
 2.100000000E+01 2.097000000E-10
 2.200000000E+01 1.921000000E-10
 2.700000000E+01 1.279100000E-11
                                                                       1
 62000  0  0  150.35     180717  2  0.0         1.0000E+50  0.0
91922  0  0.0         0.0         0.0         0.0         0.0
 1.000000000E+00 1.401000000E-06
 3.000000000E+00 3.992000000E-06
 5.000000000E+00 2.963300000E-06
 6.000000000E+00 2.829200000E-06
 8.000000000E+00 1.506900000E-05
 1.000000000E+01 7.009300000E-06
 1.100000000E+01 7.351900000E-06
 1.300000000E+01 1.171100000E-06
 1.400000000E+01 8.539000000E-07
 1.600000000E+01 9.869500000E-06
 1.800000000E+01 1.202200000E-05
 1.900000000E+01 6.063300000E-06
 2.100000000E+01 1.777400000E-06
 2.200000000E+01 1.478600000E-06
 2.700000000E+01 5.240200000E-07
                                                                       1
 62000  0  0  150.35     180717  2  0.0         1.0000E+50  0.0
92935  0  0.0         0.0         0.0         0.0         0.0
 1.000000000E+00 1.389882679E-04
 3.000000000E+00 1.701618244E-04
 5.000000000E+00 1.454613669E-04
 6.000000000E+00 1.348307757E-04
 8.000000000E+00 1.261101535E-04
 1.000000000E+01 1.078587049E-04
 1.100000000E+01 9.718835121E-05
 1.300000000E+01 7.171144577E-05
 1.400000000E+01 6.460327399E-05
 1.600000000E+01 6.633901800E-05
 1.800000000E+01 5.606719172E-05
 1.900000000E+01 4.613256738E-05
 2.100000000E+01 3.581687694E-05
 2.200000000E+01 2.662992675E-05
 2.400000000E+01 6.000000000E-06
 2.500000000E+01 6.000000000E-06
 2.700000000E+01 2.991631336E-05
 2.900000000E+01 2.900000000E-05
 3.000000000E+01 2.500000000E-05
 4.100000000E+01 5.630000000E-06
                                                                       1
 62000  0  7  150.35     180717  2  0.0         1.0000E+50  0.0
92933  0  0.0         0.0         0.0         0.0         0.0
 1.000000000E+00 1.077880000E+00
 3.000000000E+00 1.699730000E-01
 5.000000000E+00 1.910780000E-01
 6.000000000E+00 1.596300000E-01
 8.000000000E+00 8.737760000E-03
 1.000000000E+01 9.085030000E-03
 1.100000000E+01 8.633330000E-03
 1.300000000E+01 7.247210000E-03
 1.400000000E+01 6.806640000E-03
 1.600000000E+01 2.907430000E-04
 1.800000000E+01 3.436790000E-04
 1.900000000E+01 1.178460000E-04
 2.100000000E+01 1.353600000E-05
 2.200000000E+01 1.348850000E-05
 2.700000000E+01 7.411850000E-08
                                                                       1
 62000  0  7  150.35     180717  2  0.0         1.0000E+50  0.0
92934  0  0.0         0.0         0.0         0.0         0.0
 1.000000000E+00 3.894507141E-02
 3.000000000E+00 9.893278190E-04
 5.000000000E+00 1.128626274E-03
 6.000000000E+00 8.564962030E-04
 8.000000000E+00 9.035028057E-06
 1.000000000E+01 9.075925256E-06
 1.100000000E+01 8.645370079E-06
 1.300000000E+01 6.575401024E-06
 1.400000000E+01 6.162198186E-06
 1.600000000E+01 4.778745398E-08
 1.800000000E+01 5.078648236E-08
 1.900000000E+01 1.569979605E-08
 2.100000000E+01 1.531444908E-09
 2.200000000E+01 1.498865221E-09
 2.700000000E+01 9.918826041E-13
                                                                       1
 62000  0  9  150.35     180717  2  0.0         1.0000E+50  0.0
92933  0  0.0         0.0         0.0         0.0         0.0
 1.000000000E+00 8.587860000E+00
 3.000000000E+00 1.060710000E+01
 5.000000000E+00 8.898720000E+00
 6.000000000E+00 8.368990000E+00
 8.000000000E+00 7.505180000E+00
 1.000000000E+01 6.202540000E+00
 1.100000000E+01 5.721280000E+00
 1.300000000E+01 3.766230000E+00
 1.400000000E+01 3.646430000E+00
 1.600000000E+01 3.107010000E+00
 1.800000000E+01 2.764450000E+00
 1.900000000E+01 2.201680000E+00
 2.100000000E+01 1.214160000E+00
 2.200000000E+01 1.155140000E+00
 2.700000000E+01 1.000000000E+00
                                                                       1
 62000  0  9  150.35     180717  2  0.0         1.0000E+50  0.0
92934  0  0.0         0.0         0.0         0.0         0.0
 1.000000000E+00 7.752944317E-03
 3.000000000E+00 6.580512366E-03
 5.000000000E+00 6.040907361E-03
 6.000000000E+00 5.728675025E-03
 8.000000000E+00 1.592858020E-03
 1.000000000E+01 1.429063503E-03
 1.100000000E+01 1.316165703E-03
 1.300000000E+01 1.031714530E-03
 1.400000000E+01 1.012232962E-03
 1.600000000E+01 2.826129241E-04
 1.800000000E+01 2.168816386E-04
 1.900000000E+01 2.048521755E-04
 2.100000000E+01 1.011813791E-04
 2.200000000E+01 1.053689130E-04
 2.700000000E+01 9.784930630E-06
                                                                       1
 62000  0  7  150.35     180717  2  0.0         1.0000E+50  0.0
92931 91  0.0         1.          0.0         0.0         0.0
  5.00000000E+00  2.66251000E-01  3.95220000E-02
  6.00000000E+00  4.81921000E-01  4.01170000E-02
  1.00000000E+01  4.82941000E-02  4.52910000E-02
  1.10000000E+01  9.34372000E-02  4.54150000E-02
  1.30000000E+01  6.80781000E-04  4.57270000E-02
  1.40000000E+01  9.04282000E-04  4.57540000E-02
  1.80000000E+01  1.04730000E-02  4.65640000E-02
  1.90000000E+01  2.03310000E-02  4.65860000E-02
  2.10000000E+01  1.49470000E-04  4.67000000E-02
  2.20000000E+01  1.98030000E-04  4.67050000E-02
  2.90000000E+01  2.11390000E-03  4.68080000E-02
  3.00000000E+01  4.27591000E-03  4.68120000E-02
                                                                       1
 62000  0  9  150.35     180717  2  0.0         1.0000E+50  0.0
92932 91  0.0         1.          0.0         0.0         0.0
  3.00000000E+00  3.00000000E+00  6.19526000E-03  3.13570000E-02
  3.00000000E+00  5.00000000E+00  7.84522000E-03  3.17820000E-02
  3.00000000E+00  6.00000000E+00  7.76643000E-03  3.23770000E-02
  3.00000000E+00  8.00000000E+00  2.32218000E-03  3.73690000E-02
  3.00000000E+00  1.00000000E+01  1.58645000E-03  3.75510000E-02
  3.00000000E+00  1.10000000E+01  1.61314000E-03  3.76750000E-02
  3.00000000E+00  1.30000000E+01  1.15928000E-04  3.79870000E-02
  3.00000000E+00  1.40000000E+01  1.14545000E-04  3.80140000E-02
  3.00000000E+00  1.60000000E+01  5.37715000E-04  3.87480000E-02
  3.00000000E+00  1.80000000E+01  3.52314000E-04  3.88240000E-02
  3.00000000E+00  1.90000000E+01  3.56181000E-04  3.88460000E-02
  3.00000000E+00  2.10000000E+01  2.50859000E-05  3.89600000E-02
  3.00000000E+00  2.20000000E+01  2.45356000E-05  3.89650000E-02
  3.00000000E+00  2.70000000E+01  8.91831000E-05  3.90530000E-02
  3.00000000E+00  2.90000000E+01  4.74165000E-05  3.90680000E-02
  3.00000000E+00  3.00000000E+01  4.60384000E-05  3.90720000E-02
  3.00000000E+00  4.10000000E+01  7.44347000E-06  3.90913700E-02
  5.00000000E+00  5.00000000E+00  7.83550000E-04  3.22070000E-02
  5.00000000E+00  6.00000000E+00  1.57987000E-02  3.28020000E-02
  5.00000000E+00  8.00000000E+00  1.23217000E-03  3.77940000E-02
  5.00000000E+00  1.00000000E+01  2.81058000E-04  3.79760000E-02
  5.00000000E+00  1.10000000E+01  2.73043000E-03  3.81000000E-02
  5.00000000E+00  1.30000000E+01  1.31495000E-04  3.84120000E-02
  5.00000000E+00  1.40000000E+01  4.17248000E-04  3.84390000E-02
  5.00000000E+00  1.60000000E+01  2.74582000E-04  3.91730000E-02
  5.00000000E+00  1.80000000E+01  6.10631000E-05  3.92490000E-02
  5.00000000E+00  1.90000000E+01  5.80886000E-04  3.92710000E-02
  5.00000000E+00  2.10000000E+01  2.77065000E-05  3.93850000E-02
  5.00000000E+00  2.20000000E+01  8.79427000E-05  3.93900000E-02
  5.00000000E+00  2.40000000E+01  4.13528000E-07  3.95160000E-02
  5.00000000E+00  2.70000000E+01  4.52127000E-05  3.94780000E-02
  5.00000000E+00  2.90000000E+01  8.13285000E-06  3.94930000E-02
  5.00000000E+00  3.00000000E+01  7.47065000E-05  3.94970000E-02
  5.00000000E+00  4.10000000E+01  3.72173000E-06  3.95163700E-02
  6.00000000E+00  6.00000000E+00  7.57176000E-03  3.33970000E-02
  6.00000000E+00  8.00000000E+00  1.16871000E-03  3.83890000E-02
  6.00000000E+00  1.00000000E+01  2.62364000E-03  3.85710000E-02
  6.00000000E+00  1.10000000E+01  2.69416000E-03  3.86950000E-02
  6.00000000E+00  1.30000000E+01  4.87663000E-04  3.90070000E-02
  6.00000000E+00  1.40000000E+01  4.37360000E-04  3.90340000E-02
  6.00000000E+00  1.60000000E+01  2.58021000E-04  3.97680000E-02
  6.00000000E+00  1.80000000E+01  5.60853000E-04  3.98440000E-02
  6.00000000E+00  1.90000000E+01  5.77273000E-04  3.98660000E-02
  6.00000000E+00  2.10000000E+01  1.03372000E-04  3.99800000E-02
  6.00000000E+00  2.20000000E+01  9.24875000E-05  3.99850000E-02
  6.00000000E+00  2.40000000E+01  6.89167000E-07  4.01110000E-02
  6.00000000E+00  2.70000000E+01  4.23160000E-05  4.00730000E-02
  6.00000000E+00  2.90000000E+01  7.49872000E-05  4.00880000E-02
  6.00000000E+00  3.00000000E+01  7.42986000E-05  4.00920000E-02
  6.00000000E+00  4.10000000E+01  3.44593000E-06  4.01113700E-02
  8.00000000E+00  8.00000000E+00  2.14199000E-04  4.33810000E-02
  8.00000000E+00  1.00000000E+01  2.51151000E-04  4.35630000E-02
  8.00000000E+00  1.10000000E+01  2.45083000E-04  4.36870000E-02
  8.00000000E+00  1.30000000E+01  1.68170000E-05  4.39990000E-02
  8.00000000E+00  1.40000000E+01  1.59892000E-05  4.40260000E-02
  8.00000000E+00  1.60000000E+01  9.88260000E-05  4.47600000E-02
  8.00000000E+00  1.80000000E+01  5.58236000E-05  4.48360000E-02
  8.00000000E+00  1.90000000E+01  5.41717000E-05  4.48580000E-02
  8.00000000E+00  2.10000000E+01  3.58382000E-06  4.49720000E-02
  8.00000000E+00  2.20000000E+01  3.44601000E-06  4.49770000E-02
  8.00000000E+00  2.70000000E+01  1.64031000E-05  4.50650000E-02
  8.00000000E+00  2.90000000E+01  7.58118000E-06  4.50800000E-02
  8.00000000E+00  3.00000000E+01  7.02953000E-06  4.50840000E-02
  8.00000000E+00  4.10000000E+01  1.37842000E-06  4.51033700E-02
  1.00000000E+01  1.00000000E+01  2.43987000E-05  4.37450000E-02
  1.00000000E+01  1.10000000E+01  4.62455000E-04  4.38690000E-02
  1.00000000E+01  1.30000000E+01  1.76442000E-05  4.41810000E-02
  1.00000000E+01  1.40000000E+01  5.36204000E-05  4.42080000E-02
  1.00000000E+01  1.60000000E+01  5.61021000E-05  4.49420000E-02
  1.00000000E+01  1.80000000E+01  1.04759000E-05  4.50180000E-02
  1.00000000E+01  1.90000000E+01  9.86911000E-05  4.50400000E-02
  1.00000000E+01  2.10000000E+01  3.72169000E-06  4.51540000E-02
  1.00000000E+01  2.20000000E+01  1.14411000E-05  4.51590000E-02
  1.00000000E+01  2.70000000E+01  9.23498000E-06  4.52470000E-02
  1.00000000E+01  2.90000000E+01  1.37844000E-06  4.52620000E-02
  1.00000000E+01  3.00000000E+01  1.26809000E-05  4.52660000E-02
  1.00000000E+01  4.10000000E+01  8.27047000E-07  4.52853700E-02
  1.10000000E+01  1.10000000E+01  2.40948000E-04  4.39930000E-02
  1.10000000E+01  1.30000000E+01  6.87820000E-05  4.43050000E-02
  1.10000000E+01  1.40000000E+01  6.00991000E-05  4.43320000E-02
  1.10000000E+01  1.60000000E+01  5.41726000E-05  4.50660000E-02
  1.10000000E+01  1.80000000E+01  9.92463000E-05  4.51420000E-02
  1.10000000E+01  1.90000000E+01  1.03376000E-04  4.51640000E-02
  1.10000000E+01  2.10000000E+01  1.47486000E-05  4.52780000E-02
  1.10000000E+01  2.20000000E+01  1.28193000E-05  4.52830000E-02
  1.10000000E+01  2.40000000E+01  1.37844000E-07  4.54090000E-02
  1.10000000E+01  2.70000000E+01  8.95955000E-06  4.53710000E-02
  1.10000000E+01  2.90000000E+01  1.32332000E-05  4.53860000E-02
  1.10000000E+01  3.00000000E+01  1.33705000E-05  4.53900000E-02
  1.10000000E+01  4.10000000E+01  6.89194000E-07  4.54093700E-02
  1.30000000E+01  1.30000000E+01  1.38284000E-07  4.46170000E-02
  1.30000000E+01  1.40000000E+01  8.29691000E-06  4.46440000E-02
  1.30000000E+01  1.60000000E+01  3.73359000E-06  4.53780000E-02
  1.30000000E+01  1.80000000E+01  3.59533000E-06  4.54540000E-02
  1.30000000E+01  1.90000000E+01  1.41050000E-05  4.54760000E-02
  1.30000000E+01  2.20000000E+01  1.65936000E-06  4.55950000E-02
  1.30000000E+01  2.70000000E+01  5.53112000E-07  4.56830000E-02
  1.30000000E+01  2.90000000E+01  4.14845000E-07  4.56980000E-02
  1.30000000E+01  3.00000000E+01  1.79762000E-06  4.57020000E-02
  1.40000000E+01  1.40000000E+01  1.92977000E-06  4.46710000E-02
  1.40000000E+01  1.60000000E+01  3.44602000E-06  4.54050000E-02
  1.40000000E+01  1.80000000E+01  1.08887000E-05  4.54810000E-02
  1.40000000E+01  1.90000000E+01  1.21295000E-05  4.55030000E-02
  1.40000000E+01  2.10000000E+01  1.65405000E-06  4.56170000E-02
  1.40000000E+01  2.20000000E+01  8.27036000E-07  4.56220000E-02
  1.40000000E+01  2.70000000E+01  5.51342000E-07  4.57100000E-02
  1.40000000E+01  2.90000000E+01  1.37842000E-06  4.57250000E-02
  1.40000000E+01  3.00000000E+01  1.51623000E-06  4.57290000E-02
  1.60000000E+01  1.60000000E+01  1.13776000E-05  4.61390000E-02
  1.60000000E+01  1.80000000E+01  1.24740000E-05  4.62150000E-02
  1.60000000E+01  1.90000000E+01  1.19258000E-05  4.62370000E-02
  1.60000000E+01  2.10000000E+01  8.22456000E-07  4.63510000E-02
  1.60000000E+01  2.20000000E+01  6.85368000E-07  4.63560000E-02
  1.60000000E+01  2.70000000E+01  3.70103000E-06  4.64440000E-02
  1.60000000E+01  2.90000000E+01  1.64489000E-06  4.64590000E-02
  1.60000000E+01  3.00000000E+01  1.50784000E-06  4.64630000E-02
  1.60000000E+01  4.10000000E+01  2.74148000E-07  4.64823700E-02
  1.80000000E+01  1.80000000E+01  1.06605000E-06  4.62910000E-02
  1.80000000E+01  1.90000000E+01  2.05199000E-05  4.63130000E-02
  1.80000000E+01  2.10000000E+01  7.99482000E-07  4.64270000E-02
  1.80000000E+01  2.20000000E+01  2.26524000E-06  4.64320000E-02
  1.80000000E+01  2.70000000E+01  1.99870000E-06  4.65200000E-02
  1.80000000E+01  2.90000000E+01  2.66490000E-07  4.65350000E-02
  1.80000000E+01  3.00000000E+01  2.66490000E-06  4.65390000E-02
  1.80000000E+01  4.10000000E+01  1.33250000E-07  4.65583700E-02
  1.90000000E+01  1.90000000E+01  1.09942000E-05  4.63350000E-02
  1.90000000E+01  2.10000000E+01  3.02320000E-06  4.64490000E-02
  1.90000000E+01  2.20000000E+01  2.61093000E-06  4.64540000E-02
  1.90000000E+01  2.70000000E+01  1.92387000E-06  4.65420000E-02
  1.90000000E+01  2.90000000E+01  2.88571000E-06  4.65570000E-02
  1.90000000E+01  3.00000000E+01  2.88571000E-06  4.65610000E-02
  1.90000000E+01  4.10000000E+01  1.37420000E-07  4.65803700E-02
  2.10000000E+01  2.20000000E+01  4.13511000E-07  4.65680000E-02
  2.10000000E+01  2.70000000E+01  1.37840000E-07  4.66560000E-02
  2.10000000E+01  2.90000000E+01  1.37840000E-07  4.66710000E-02
  2.10000000E+01  3.00000000E+01  4.13511000E-07  4.66750000E-02
  2.20000000E+01  2.20000000E+01  1.45270000E-07  4.65730000E-02
  2.20000000E+01  2.70000000E+01  1.45270000E-07  4.66610000E-02
  2.20000000E+01  2.90000000E+01  2.90531000E-07  4.66760000E-02
  2.20000000E+01  3.00000000E+01  2.90531000E-07  4.66800000E-02
  2.70000000E+01  2.70000000E+01  3.28897000E-07  4.67490000E-02
  2.70000000E+01  2.90000000E+01  3.28897000E-07  4.67640000E-02
  2.70000000E+01  3.00000000E+01  3.28897000E-07  4.67680000E-02
  2.90000000E+01  3.00000000E+01  4.13521000E-07  4.67830000E-02
  3.00000000E+01  3.00000000E+01  1.37840000E-07  4.67870000E-02
                                                                       1
 62000  0  7  150.35     180717  2  0.0         1.0000E+50  0.0
92931 91  0.0         3.          0.0         0.0         0.0
  5.00000000E+00  1.94711000E-05  4.25000000E-04
  6.00000000E+00  7.57615000E-04  1.02000000E-03
  1.00000000E+01  2.17351000E-02  6.19400000E-03
  1.10000000E+01  3.17062000E-02  6.31800000E-03
  1.30000000E+01  4.33753000E-04  6.63000000E-03
  1.40000000E+01  6.48764000E-04  6.65700000E-03
  1.80000000E+01  5.09003000E-03  7.46700000E-03
  1.90000000E+01  7.71405000E-03  7.48900000E-03
  2.10000000E+01  5.84004000E-05  7.60300000E-03
  2.20000000E+01  8.97756000E-05  7.60800000E-03
  2.90000000E+01  7.20135000E-04  7.71100000E-03
  3.00000000E+01  1.06361000E-03  7.71500000E-03
                                                                       1
 62000  0  9  150.35     180717  2  0.0         1.0000E+50  0.0
92932 91  0.0         3.          0.0         0.0         0.0
  5.00000000E+00  1.60000000E+01  5.11884000E-02  7.60000000E-05
  5.00000000E+00  1.80000000E+01  3.86747000E-02  1.52000000E-04
  5.00000000E+00  1.90000000E+01  4.57306000E-02  1.74000000E-04
  5.00000000E+00  2.10000000E+01  1.22184000E-02  2.88000000E-04
  5.00000000E+00  2.20000000E+01  1.90537000E-02  2.93000000E-04
  5.00000000E+00  2.40000000E+01  2.69250000E-02  4.19000000E-04
  5.00000000E+00  2.70000000E+01  8.26883000E-03  3.81000000E-04
  5.00000000E+00  2.90000000E+01  4.91054000E-03  3.96000000E-04
  5.00000000E+00  3.00000000E+01  5.61986000E-03  4.00000000E-04
  5.00000000E+00  4.10000000E+01  6.81420000E-04  4.19370000E-04
  6.00000000E+00  1.60000000E+01  6.02552000E-02  6.71000000E-04
  6.00000000E+00  1.80000000E+01  2.57250000E-02  7.47000000E-04
  6.00000000E+00  1.90000000E+01  4.56796000E-02  7.69000000E-04
  6.00000000E+00  2.10000000E+01  6.44603000E-02  8.83000000E-04
  6.00000000E+00  2.20000000E+01  8.10161000E-02  8.88000000E-04
  6.00000000E+00  2.40000000E+01  3.77610000E-02  1.01400000E-03
  6.00000000E+00  2.70000000E+01  9.60542000E-03  9.76000000E-04
  6.00000000E+00  2.90000000E+01  3.34944000E-03  9.91000000E-04
  6.00000000E+00  3.00000000E+01  5.78719000E-03  9.95000000E-04
  6.00000000E+00  4.10000000E+01  7.92990000E-04  1.01437000E-03
  8.00000000E+00  8.00000000E+00  1.20195000E-02  4.28400000E-03
  8.00000000E+00  1.00000000E+01  2.41025000E-02  4.46600000E-03
  8.00000000E+00  1.10000000E+01  4.31566000E-02  4.59000000E-03
  8.00000000E+00  1.30000000E+01  3.38790000E-02  4.90200000E-03
  8.00000000E+00  1.40000000E+01  4.68699000E-02  4.92900000E-03
  8.00000000E+00  1.60000000E+01  4.73032000E-03  5.66300000E-03
  8.00000000E+00  1.80000000E+01  5.24332000E-03  5.73900000E-03
  8.00000000E+00  1.90000000E+01  9.29165000E-03  5.76100000E-03
  8.00000000E+00  2.10000000E+01  6.15335000E-03  5.87500000E-03
  8.00000000E+00  2.20000000E+01  8.45629000E-03  5.88000000E-03
  8.00000000E+00  2.40000000E+01  2.40229000E-04  6.00600000E-03
  8.00000000E+00  2.70000000E+01  7.65711000E-04  5.96800000E-03
  8.00000000E+00  2.90000000E+01  7.02952000E-04  5.98300000E-03
  8.00000000E+00  3.00000000E+01  1.19671000E-03  5.98700000E-03
  8.00000000E+00  4.10000000E+01  6.33866000E-05  6.00637000E-03
  1.00000000E+01  1.00000000E+01  1.04586000E-04  4.64800000E-03
  1.00000000E+01  1.10000000E+01  7.56177000E-04  4.77200000E-03
  1.00000000E+01  1.30000000E+01  1.16245000E-03  5.08400000E-03
  1.00000000E+01  1.40000000E+01  1.31017000E-02  5.11100000E-03
  1.00000000E+01  1.60000000E+01  3.76688000E-03  5.84500000E-03
  1.00000000E+01  1.80000000E+01  2.02834000E-05  5.92100000E-03
  1.00000000E+01  1.90000000E+01  1.51493000E-04  5.94300000E-03
  1.00000000E+01  2.10000000E+01  2.07902000E-04  6.05700000E-03
  1.00000000E+01  2.20000000E+01  1.54083000E-03  6.06200000E-03
  1.00000000E+01  2.40000000E+01  8.24014000E-05  6.18800000E-03
  1.00000000E+01  2.70000000E+01  5.79351000E-04  6.15000000E-03
  1.00000000E+01  2.90000000E+01  2.53531000E-06  6.16500000E-03
  1.00000000E+01  3.00000000E+01  1.90157000E-05  6.16900000E-03
  1.00000000E+01  4.10000000E+01  4.75389000E-05  6.18837000E-03
  1.10000000E+01  1.10000000E+01  1.03068000E-03  4.89600000E-03
  1.10000000E+01  1.30000000E+01  7.50636000E-03  5.20800000E-03
  1.10000000E+01  1.40000000E+01  4.95365000E-03  5.23500000E-03
  1.10000000E+01  1.60000000E+01  6.73224000E-03  5.96900000E-03
  1.10000000E+01  1.80000000E+01  1.54662000E-04  6.04500000E-03
  1.10000000E+01  1.90000000E+01  3.30244000E-04  6.06700000E-03
  1.10000000E+01  2.10000000E+01  7.07395000E-04  6.18100000E-03
  1.10000000E+01  2.20000000E+01  4.79191000E-04  6.18600000E-03
  1.10000000E+01  2.40000000E+01  2.36446000E-04  6.31200000E-03
  1.10000000E+01  2.70000000E+01  1.03451000E-03  6.27400000E-03
  1.10000000E+01  2.90000000E+01  2.02839000E-05  6.28900000E-03
  1.10000000E+01  3.00000000E+01  4.05680000E-05  6.29300000E-03
  1.10000000E+01  4.10000000E+01  8.49370000E-05  6.31237000E-03
  1.30000000E+01  1.30000000E+01  1.94911000E-03  5.52000000E-03
  1.30000000E+01  1.40000000E+01  6.66378000E-02  5.54700000E-03
  1.30000000E+01  1.60000000E+01  4.96066000E-03  6.28100000E-03
  1.30000000E+01  1.80000000E+01  3.22639000E-04  6.35700000E-03
  1.30000000E+01  1.90000000E+01  1.68539000E-03  6.37900000E-03
  1.30000000E+01  2.10000000E+01  6.97899000E-04  6.49300000E-03
  1.30000000E+01  2.20000000E+01  8.63527000E-03  6.49800000E-03
  1.30000000E+01  2.40000000E+01  2.83339000E-04  6.62400000E-03
  1.30000000E+01  2.70000000E+01  7.54322000E-04  6.58600000E-03
  1.30000000E+01  2.90000000E+01  4.50064000E-05  6.60100000E-03
  1.30000000E+01  3.00000000E+01  2.18048000E-04  6.60500000E-03
  1.30000000E+01  4.10000000E+01  6.21183000E-05  6.62437000E-03
  1.40000000E+01  1.40000000E+01  1.87102000E-02  5.57400000E-03
  1.40000000E+01  1.60000000E+01  6.92011000E-03  6.30800000E-03
  1.40000000E+01  1.80000000E+01  2.57483000E-03  6.38400000E-03
  1.40000000E+01  1.90000000E+01  1.16945000E-03  6.40600000E-03
  1.40000000E+01  2.10000000E+01  8.50606000E-03  6.52000000E-03
  1.40000000E+01  2.20000000E+01  5.09442000E-03  6.52500000E-03
  1.40000000E+01  2.40000000E+01  8.95057000E-04  6.65100000E-03
  1.40000000E+01  2.70000000E+01  1.05539000E-03  6.61300000E-03
  1.40000000E+01  2.90000000E+01  3.39138000E-04  6.62800000E-03
  1.40000000E+01  3.00000000E+01  1.52760000E-04  6.63200000E-03
  1.40000000E+01  4.10000000E+01  8.68422000E-05  6.65137000E-03
  1.60000000E+01  1.60000000E+01  4.40529000E-04  7.04200000E-03
  1.60000000E+01  1.80000000E+01  8.21501000E-04  7.11800000E-03
  1.60000000E+01  1.90000000E+01  1.45220000E-03  7.14000000E-03
  1.60000000E+01  2.10000000E+01  8.98843000E-04  7.25400000E-03
  1.60000000E+01  2.20000000E+01  1.24180000E-03  7.25900000E-03
  1.60000000E+01  2.40000000E+01  2.91580000E-05  7.38500000E-03
  1.60000000E+01  2.70000000E+01  1.40716000E-04  7.34700000E-03
  1.60000000E+01  2.90000000E+01  1.10293000E-04  7.36200000E-03
  1.60000000E+01  3.00000000E+01  1.86990000E-04  7.36600000E-03
  1.60000000E+01  4.10000000E+01  1.14092000E-05  7.38537000E-03
  1.80000000E+01  1.80000000E+01  6.33889000E-07  7.19400000E-03
  1.80000000E+01  1.90000000E+01  3.10597000E-05  7.21600000E-03
  1.80000000E+01  2.10000000E+01  4.88083000E-05  7.33000000E-03
  1.80000000E+01  2.20000000E+01  3.13126000E-04  7.33500000E-03
  1.80000000E+01  2.40000000E+01  1.07764000E-05  7.46100000E-03
  1.80000000E+01  2.70000000E+01  1.26135000E-04  7.42300000E-03
  1.80000000E+01  3.00000000E+01  3.80320000E-06  7.44200000E-03
  1.80000000E+01  4.10000000E+01  1.01416000E-05  7.46137000E-03
  1.90000000E+01  1.90000000E+01  2.59879000E-05  7.23800000E-03
  1.90000000E+01  2.10000000E+01  1.72409000E-04  7.35200000E-03
  1.90000000E+01  2.20000000E+01  1.22346000E-04  7.35700000E-03
  1.90000000E+01  2.40000000E+01  3.99346000E-05  7.48300000E-03
  1.90000000E+01  2.70000000E+01  2.23117000E-04  7.44500000E-03
  1.90000000E+01  2.90000000E+01  4.43705000E-06  7.46000000E-03
  1.90000000E+01  3.00000000E+01  6.33890000E-06  7.46400000E-03
  1.90000000E+01  4.10000000E+01  1.83826000E-05  7.48337000E-03
  2.10000000E+01  2.10000000E+01  5.83175000E-05  7.46600000E-03
  2.10000000E+01  2.20000000E+01  1.18981000E-03  7.47100000E-03
  2.10000000E+01  2.40000000E+01  3.54968000E-05  7.59700000E-03
  2.10000000E+01  2.70000000E+01  1.36284000E-04  7.55900000E-03
  2.10000000E+01  2.90000000E+01  6.97278000E-06  7.57400000E-03
  2.10000000E+01  3.00000000E+01  2.28197000E-05  7.57800000E-03
  2.10000000E+01  4.10000000E+01  1.14093000E-05  7.59737000E-03
  2.20000000E+01  2.20000000E+01  3.68279000E-04  7.47600000E-03
  2.20000000E+01  2.40000000E+01  9.12777000E-05  7.60200000E-03
  2.20000000E+01  2.70000000E+01  1.88895000E-04  7.56400000E-03
  2.20000000E+01  2.90000000E+01  4.12024000E-05  7.57900000E-03
  2.20000000E+01  3.00000000E+01  1.58473000E-05  7.58300000E-03
  2.20000000E+01  4.10000000E+01  1.52134000E-05  7.60237000E-03
  2.40000000E+01  2.40000000E+01  5.51437000E-07  7.72800000E-03
  2.40000000E+01  2.70000000E+01  3.85991000E-06  7.69000000E-03
  2.40000000E+01  2.90000000E+01  1.10281000E-06  7.70500000E-03
  2.40000000E+01  3.00000000E+01  4.41148000E-06  7.70900000E-03
  2.40000000E+01  4.10000000E+01  5.51437000E-07  7.72837000E-03
  2.70000000E+01  2.70000000E+01  1.69043000E-05  7.65200000E-03
  2.70000000E+01  2.90000000E+01  2.53579000E-05  7.66700000E-03
  2.70000000E+01  3.00000000E+01  4.22638000E-05  7.67100000E-03
  2.70000000E+01  4.10000000E+01  2.81753000E-06  7.69037000E-03
  2.90000000E+01  3.00000000E+01  1.75935000E-06  7.68600000E-03
  2.90000000E+01  4.10000000E+01  3.51848000E-06  7.70537000E-03
  3.00000000E+01  3.00000000E+01  4.35304000E-07  7.69000000E-03
  3.00000000E+01  4.10000000E+01  1.74111000E-06  7.70937000E-03
                                                                       1
 62000  0  7  150.35     180717  2  0.0         1.0000E+50  0.0
92931 91  0.0         5.          0.0         0.0         0.0
  6.00000000E+00  3.69428000E-07  5.95000000E-04
  8.00000000E+00  4.91137000E-03  5.58700000E-03
  1.10000000E+01  9.21354000E-05  5.89300000E-03
  1.30000000E+01  1.26459000E-01  6.20500000E-03
  1.60000000E+01  9.05884000E-04  6.96600000E-03
  1.90000000E+01  1.82499000E-05  7.06400000E-03
  2.10000000E+01  2.17149000E-02  7.17800000E-03
  2.40000000E+01  1.00679000E-05  7.30900000E-03
  2.70000000E+01  1.48559000E-04  7.27100000E-03
  3.00000000E+01  3.89638000E-06  7.29000000E-03
                                                                       1
 62000  0  9  150.35     180717  2  0.0         1.0000E+50  0.0
92932 91  0.0         5.          0.0         0.0         0.0
  6.00000000E+00  1.60000000E+01  9.38092000E-03  2.46000000E-04
  6.00000000E+00  1.80000000E+01  4.85293000E-02  3.22000000E-04
  6.00000000E+00  1.90000000E+01  1.60790000E-02  3.44000000E-04
  6.00000000E+00  2.10000000E+01  6.07291000E-02  4.58000000E-04
  6.00000000E+00  2.20000000E+01  2.20201000E-02  4.63000000E-04
  6.00000000E+00  2.40000000E+01  1.20527000E-03  5.89000000E-04
  6.00000000E+00  2.70000000E+01  1.40784000E-03  5.51000000E-04
  6.00000000E+00  2.90000000E+01  6.13318000E-03  5.66000000E-04
  6.00000000E+00  3.00000000E+01  2.04852000E-03  5.70000000E-04
  6.00000000E+00  4.10000000E+01  1.15699000E-04  5.89370000E-04
  8.00000000E+00  8.00000000E+00  8.97661000E-04  3.85900000E-03
  8.00000000E+00  1.00000000E+01  2.37857000E-02  4.04100000E-03
  8.00000000E+00  1.10000000E+01  2.30712000E-03  4.16500000E-03
  8.00000000E+00  1.30000000E+01  2.23717000E-03  4.47700000E-03
  8.00000000E+00  1.40000000E+01  3.00131000E-03  4.50400000E-03
  8.00000000E+00  1.60000000E+01  3.25356000E-04  5.23800000E-03
  8.00000000E+00  1.80000000E+01  3.49455000E-03  5.31400000E-03
  8.00000000E+00  1.90000000E+01  4.41086000E-04  5.33600000E-03
  8.00000000E+00  2.10000000E+01  2.91201000E-04  5.45000000E-03
  8.00000000E+00  2.20000000E+01  3.33923000E-04  5.45500000E-03
  8.00000000E+00  2.40000000E+01  6.36765000E-05  5.58100000E-03
  8.00000000E+00  2.70000000E+01  5.20270000E-05  5.54300000E-03
  8.00000000E+00  2.90000000E+01  4.37206000E-04  5.55800000E-03
  8.00000000E+00  3.00000000E+01  5.59112000E-05  5.56200000E-03
  8.00000000E+00  4.10000000E+01  3.88255000E-06  5.58137000E-03
  1.00000000E+01  1.00000000E+01  2.38203000E-02  4.22300000E-03
  1.00000000E+01  1.10000000E+01  7.11284000E-02  4.34700000E-03
  1.00000000E+01  1.30000000E+01  3.80300000E-02  4.65900000E-03
  1.00000000E+01  1.40000000E+01  6.24469000E-02  4.68600000E-03
  1.00000000E+01  1.60000000E+01  5.61983000E-03  5.42000000E-03
  1.00000000E+01  1.80000000E+01  8.82033000E-03  5.49600000E-03
  1.00000000E+01  1.90000000E+01  1.50430000E-02  5.51800000E-03
  1.00000000E+01  2.10000000E+01  6.89888000E-03  5.63200000E-03
  1.00000000E+01  2.20000000E+01  1.13059000E-02  5.63700000E-03
  1.00000000E+01  2.40000000E+01  2.66363000E-04  5.76300000E-03
  1.00000000E+01  2.70000000E+01  9.34964000E-04  5.72500000E-03
  1.00000000E+01  2.90000000E+01  1.15478000E-03  5.74000000E-03
  1.00000000E+01  3.00000000E+01  1.93123000E-03  5.74400000E-03
  1.00000000E+01  4.10000000E+01  7.76562000E-05  5.76337000E-03
  1.10000000E+01  1.10000000E+01  1.81940000E-03  4.47100000E-03
  1.10000000E+01  1.30000000E+01  4.27838000E-02  4.78300000E-03
  1.10000000E+01  1.40000000E+01  5.84251000E-03  4.81000000E-03
  1.10000000E+01  1.60000000E+01  4.65137000E-04  5.54400000E-03
  1.10000000E+01  1.80000000E+01  1.08098000E-02  5.62000000E-03
  1.10000000E+01  1.90000000E+01  6.51512000E-04  5.64200000E-03
  1.10000000E+01  2.10000000E+01  6.59191000E-03  5.75600000E-03
  1.10000000E+01  2.20000000E+01  8.47925000E-04  5.76100000E-03
  1.10000000E+01  2.40000000E+01  1.62298000E-04  5.88700000E-03
  1.10000000E+01  2.70000000E+01  7.53220000E-05  5.84900000E-03
  1.10000000E+01  2.90000000E+01  1.36125000E-03  5.86400000E-03
  1.10000000E+01  3.00000000E+01  8.15342000E-05  5.86800000E-03
  1.10000000E+01  4.10000000E+01  6.21237000E-06  5.88737000E-03
  1.30000000E+01  1.30000000E+01  3.94965000E-02  5.09500000E-03
  1.30000000E+01  1.40000000E+01  1.66193000E-01  5.12200000E-03
  1.30000000E+01  1.60000000E+01  5.34269000E-04  5.85600000E-03
  1.30000000E+01  1.80000000E+01  5.73485000E-03  5.93200000E-03
  1.30000000E+01  1.90000000E+01  8.49393000E-03  5.95400000E-03
  1.30000000E+01  2.10000000E+01  1.21354000E-02  6.06800000E-03
  1.30000000E+01  2.20000000E+01  2.74043000E-02  6.07300000E-03
  1.30000000E+01  2.40000000E+01  1.07395000E-03  6.19900000E-03
  1.30000000E+01  2.70000000E+01  8.93023000E-05  6.16100000E-03
  1.30000000E+01  2.90000000E+01  7.26072000E-04  6.17600000E-03
  1.30000000E+01  3.00000000E+01  1.07869000E-03  6.18000000E-03
  1.30000000E+01  4.10000000E+01  7.76566000E-06  6.19937000E-03
  1.40000000E+01  1.40000000E+01  7.95855000E-03  5.14900000E-03
  1.40000000E+01  1.60000000E+01  5.88617000E-04  5.88300000E-03
  1.40000000E+01  1.80000000E+01  8.35785000E-03  5.95900000E-03
  1.40000000E+01  1.90000000E+01  1.06153000E-03  5.98100000E-03
  1.40000000E+01  2.10000000E+01  2.13708000E-02  6.09500000E-03
  1.40000000E+01  2.20000000E+01  2.38399000E-03  6.10000000E-03
  1.40000000E+01  2.40000000E+01  4.37969000E-04  6.22600000E-03
  1.40000000E+01  2.70000000E+01  9.47381000E-05  6.18800000E-03
  1.40000000E+01  2.90000000E+01  1.02818000E-03  6.20300000E-03
  1.40000000E+01  3.00000000E+01  1.32780000E-04  6.20700000E-03
  1.40000000E+01  4.10000000E+01  7.76545000E-06  6.22637000E-03
  1.60000000E+01  1.60000000E+01  2.87311000E-05  6.61700000E-03
  1.60000000E+01  1.80000000E+01  8.29310000E-04  6.69300000E-03
  1.60000000E+01  1.90000000E+01  8.92972000E-05  6.71500000E-03
  1.60000000E+01  2.10000000E+01  6.67792000E-05  6.82900000E-03
  1.60000000E+01  2.20000000E+01  6.67792000E-05  6.83400000E-03
  1.60000000E+01  2.40000000E+01  1.32000000E-05  6.96000000E-03
  1.60000000E+01  2.70000000E+01  9.31790000E-06  6.92200000E-03
  1.60000000E+01  2.90000000E+01  1.04053000E-04  6.93700000E-03
  1.60000000E+01  3.00000000E+01  1.16480000E-05  6.94100000E-03
  1.60000000E+01  4.10000000E+01  7.76521000E-07  6.96037000E-03
  1.80000000E+01  1.80000000E+01  7.62739000E-04  6.76900000E-03
  1.80000000E+01  1.90000000E+01  2.23953000E-03  6.79100000E-03
  1.80000000E+01  2.10000000E+01  1.00226000E-03  6.90500000E-03
  1.80000000E+01  2.20000000E+01  1.49358000E-03  6.91000000E-03
  1.80000000E+01  2.40000000E+01  3.19382000E-05  7.03600000E-03
  1.80000000E+01  2.70000000E+01  1.35363000E-04  6.99800000E-03
  1.80000000E+01  2.90000000E+01  1.98479000E-04  7.01300000E-03
  1.80000000E+01  3.00000000E+01  2.87464000E-04  7.01700000E-03
  1.80000000E+01  4.10000000E+01  1.14073000E-05  7.03637000E-03
  1.90000000E+01  1.90000000E+01  5.95063000E-05  6.81300000E-03
  1.90000000E+01  2.10000000E+01  1.33101000E-03  6.92700000E-03
  1.90000000E+01  2.20000000E+01  1.59735000E-04  6.93200000E-03
  1.90000000E+01  2.40000000E+01  2.58388000E-05  7.05800000E-03
  1.90000000E+01  2.70000000E+01  1.48771000E-05  7.02000000E-03
  1.90000000E+01  2.90000000E+01  2.90480000E-04  7.03500000E-03
  1.90000000E+01  3.00000000E+01  1.48771000E-05  7.03900000E-03
  1.90000000E+01  4.10000000E+01  1.56595000E-06  7.05837000E-03
  2.10000000E+01  2.10000000E+01  9.21005000E-04  7.04100000E-03
  2.10000000E+01  2.20000000E+01  3.64966000E-03  7.04600000E-03
  2.10000000E+01  2.40000000E+01  1.14923000E-04  7.17200000E-03
  2.10000000E+01  2.70000000E+01  1.08714000E-05  7.13400000E-03
  2.10000000E+01  2.90000000E+01  1.28901000E-04  7.14900000E-03
  2.10000000E+01  3.00000000E+01  1.67733000E-04  7.15300000E-03
  2.10000000E+01  4.10000000E+01  7.76554000E-07  7.17237000E-03
  2.20000000E+01  2.20000000E+01  2.34302000E-04  7.05100000E-03
  2.20000000E+01  2.40000000E+01  6.56442000E-05  7.17700000E-03
  2.20000000E+01  2.70000000E+01  1.41386000E-05  7.13900000E-03
  2.20000000E+01  2.90000000E+01  2.44394000E-04  7.15400000E-03
  2.20000000E+01  3.00000000E+01  2.62574000E-05  7.15800000E-03
  2.20000000E+01  4.10000000E+01  1.00993000E-06  7.17737000E-03
  2.40000000E+01  2.40000000E+01  1.59929000E-06  7.30300000E-03
  2.40000000E+01  2.70000000E+01  2.39894000E-06  7.26500000E-03
  2.40000000E+01  2.90000000E+01  3.99812000E-06  7.28000000E-03
  2.40000000E+01  3.00000000E+01  3.19858000E-06  7.28400000E-03
  2.70000000E+01  2.70000000E+01  1.24994000E-06  7.22700000E-03
  2.70000000E+01  2.90000000E+01  2.74980000E-05  7.24200000E-03
  2.70000000E+01  3.00000000E+01  2.49982000E-06  7.24600000E-03
  2.90000000E+01  2.90000000E+01  2.23481000E-05  7.25700000E-03
  2.90000000E+01  3.00000000E+01  6.31030000E-05  7.26100000E-03
  2.90000000E+01  4.10000000E+01  2.62929000E-06  7.28037000E-03
                                                                       1
 62000  0  7  150.35     180717  2  0.0         1.0000E+50  0.0
92931 91  0.0         6.          0.0         0.0         0.0
  8.00000000E+00  9.08094000E-03  4.99200000E-03
  1.00000000E+01  5.87386000E-05  5.17400000E-03
  1.10000000E+01  5.36936000E-05  5.29800000E-03
  1.30000000E+01  1.19329000E-02  5.61000000E-03
  1.40000000E+01  1.05569000E-01  5.63700000E-03
  1.60000000E+01  1.12269000E-03  6.37100000E-03
  1.80000000E+01  8.33774000E-06  6.44700000E-03
  1.90000000E+01  8.05344000E-06  6.46900000E-03
  2.10000000E+01  1.96849000E-03  6.58300000E-03
  2.20000000E+01  1.76049000E-02  6.58800000E-03
  2.40000000E+01  1.50069000E-06  6.71400000E-03
  2.50000000E+01  8.59424000E-06  6.71400000E-03
  2.70000000E+01  2.01869000E-04  6.67600000E-03
  2.90000000E+01  1.80079000E-06  6.69100000E-03
  3.00000000E+01  1.55729000E-06  6.69500000E-03
                                                                       1
 62000  0  9  150.35     180717  2  0.0         1.0000E+50  0.0
92932 91  0.0         6.          0.0         0.0         0.0
  8.00000000E+00  8.00000000E+00  1.19296000E-03  3.26400000E-03
  8.00000000E+00  1.00000000E+01  7.74006000E-04  3.44600000E-03
  8.00000000E+00  1.10000000E+01  2.68217000E-02  3.57000000E-03
  8.00000000E+00  1.30000000E+01  2.72703000E-03  3.88200000E-03
  8.00000000E+00  1.40000000E+01  3.32477000E-03  3.90900000E-03
  8.00000000E+00  1.60000000E+01  4.33729000E-04  4.64300000E-03
  8.00000000E+00  1.80000000E+01  1.36109000E-04  4.71900000E-03
  8.00000000E+00  1.90000000E+01  3.91686000E-03  4.74100000E-03
  8.00000000E+00  2.10000000E+01  2.51718000E-04  4.85500000E-03
  8.00000000E+00  2.20000000E+01  2.77947000E-04  4.86000000E-03
  8.00000000E+00  2.40000000E+01  8.28123000E-05  4.98600000E-03
  8.00000000E+00  2.70000000E+01  6.88730000E-05  4.94800000E-03
  8.00000000E+00  2.90000000E+01  1.72180000E-05  4.96300000E-03
  8.00000000E+00  3.00000000E+01  4.72264000E-04  4.96700000E-03
  8.00000000E+00  4.10000000E+01  5.73930000E-06  4.98637000E-03
  1.00000000E+01  1.00000000E+01  2.22192000E-04  3.62800000E-03
  1.00000000E+01  1.10000000E+01  4.48307000E-02  3.75200000E-03
  1.00000000E+01  1.30000000E+01  2.73197000E-03  4.06400000E-03
  1.00000000E+01  1.40000000E+01  2.44663000E-02  4.09100000E-03
  1.00000000E+01  1.60000000E+01  1.51689000E-04  4.82500000E-03
  1.00000000E+01  1.80000000E+01  8.03496000E-05  4.90100000E-03
  1.00000000E+01  1.90000000E+01  6.79148000E-03  4.92300000E-03
  1.00000000E+01  2.10000000E+01  4.56683000E-04  5.03700000E-03
  1.00000000E+01  2.20000000E+01  3.49349000E-03  5.04200000E-03
  1.00000000E+01  2.40000000E+01  9.26489000E-05  5.16800000E-03
  1.00000000E+01  2.70000000E+01  2.45977000E-05  5.13000000E-03
  1.00000000E+01  2.90000000E+01  1.06585000E-05  5.14500000E-03
  1.00000000E+01  3.00000000E+01  8.24016000E-04  5.14900000E-03
  1.00000000E+01  4.10000000E+01  1.63985000E-06  5.16837000E-03
  1.10000000E+01  1.10000000E+01  6.13944000E-02  3.87600000E-03
  1.10000000E+01  1.30000000E+01  6.30070000E-02  4.18800000E-03
  1.10000000E+01  1.40000000E+01  9.26580000E-02  4.21500000E-03
  1.10000000E+01  1.60000000E+01  6.26089000E-03  4.94900000E-03
  1.10000000E+01  1.80000000E+01  9.30935000E-03  5.02500000E-03
  1.10000000E+01  1.90000000E+01  2.22094000E-02  5.04700000E-03
  1.10000000E+01  2.10000000E+01  1.09517000E-02  5.16100000E-03
  1.10000000E+01  2.20000000E+01  1.58703000E-02  5.16600000E-03
  1.10000000E+01  2.40000000E+01  4.25527000E-04  5.29200000E-03
  1.10000000E+01  2.70000000E+01  1.03959000E-03  5.25400000E-03
  1.10000000E+01  2.90000000E+01  1.23884000E-03  5.26900000E-03
  1.10000000E+01  3.00000000E+01  2.78697000E-03  5.27300000E-03
  1.10000000E+01  4.10000000E+01  8.60945000E-05  5.29237000E-03
  1.30000000E+01  1.30000000E+01  9.11482000E-03  4.50000000E-03
  1.30000000E+01  1.40000000E+01  1.73532000E-01  4.52700000E-03
  1.30000000E+01  1.60000000E+01  6.02639000E-04  5.26100000E-03
  1.30000000E+01  1.80000000E+01  5.68206000E-04  5.33700000E-03
  1.30000000E+01  1.90000000E+01  8.85817000E-03  5.35900000E-03
  1.30000000E+01  2.10000000E+01  2.77945000E-03  5.47300000E-03
  1.30000000E+01  2.20000000E+01  2.24879000E-02  5.47800000E-03
  1.30000000E+01  2.40000000E+01  2.41045000E-04  5.60400000E-03
  1.30000000E+01  2.70000000E+01  9.92126000E-05  5.56600000E-03
  1.30000000E+01  2.90000000E+01  7.54327000E-05  5.58100000E-03
  1.30000000E+01  3.00000000E+01  1.06100000E-03  5.58500000E-03
  1.30000000E+01  4.10000000E+01  8.19922000E-06  5.60437000E-03
  1.40000000E+01  1.40000000E+01  1.17206000E-01  4.55400000E-03
  1.40000000E+01  1.60000000E+01  7.75642000E-04  5.28800000E-03
  1.40000000E+01  1.80000000E+01  4.70309000E-03  5.36400000E-03
  1.40000000E+01  1.90000000E+01  1.46437000E-02  5.38600000E-03
  1.40000000E+01  2.10000000E+01  2.67604000E-02  5.50000000E-03
  1.40000000E+01  2.20000000E+01  3.41706000E-02  5.50500000E-03
  1.40000000E+01  2.40000000E+01  2.57297000E-03  5.63100000E-03
  1.40000000E+01  2.70000000E+01  1.29543000E-04  5.59300000E-03
  1.40000000E+01  2.90000000E+01  6.17423000E-04  5.60800000E-03
  1.40000000E+01  3.00000000E+01  1.79811000E-03  5.61200000E-03
  1.40000000E+01  4.10000000E+01  1.06587000E-05  5.63137000E-03
  1.60000000E+01  1.60000000E+01  3.93566000E-05  6.02200000E-03
  1.60000000E+01  1.80000000E+01  2.70578000E-05  6.09800000E-03
  1.60000000E+01  1.90000000E+01  9.16717000E-04  6.12000000E-03
  1.60000000E+01  2.10000000E+01  5.98558000E-05  6.23400000E-03
  1.60000000E+01  2.20000000E+01  7.05148000E-05  6.23900000E-03
  1.60000000E+01  2.40000000E+01  1.22997000E-05  6.36500000E-03
  1.60000000E+01  2.70000000E+01  1.22997000E-05  6.32700000E-03
  1.60000000E+01  2.90000000E+01  3.27960000E-06  6.34200000E-03
  1.60000000E+01  3.00000000E+01  1.10690000E-04  6.34600000E-03
  1.60000000E+01  4.10000000E+01  8.19950000E-07  6.36537000E-03
  1.80000000E+01  1.80000000E+01  6.47850000E-06  6.17400000E-03
  1.80000000E+01  1.90000000E+01  1.38961000E-03  6.19600000E-03
  1.80000000E+01  2.10000000E+01  9.15063000E-05  6.31000000E-03
  1.80000000E+01  2.20000000E+01  6.87528000E-04  6.31500000E-03
  1.80000000E+01  2.40000000E+01  1.29570000E-05  6.44100000E-03
  1.80000000E+01  2.70000000E+01  4.04887000E-06  6.40300000E-03
  1.80000000E+01  2.90000000E+01  1.61962000E-06  6.41800000E-03
  1.80000000E+01  3.00000000E+01  1.68439000E-04  6.42200000E-03
  1.90000000E+01  1.90000000E+01  1.80286000E-03  6.21800000E-03
  1.90000000E+01  2.10000000E+01  1.43498000E-03  6.33200000E-03
  1.90000000E+01  2.20000000E+01  2.30288000E-03  6.33700000E-03
  1.90000000E+01  2.40000000E+01  4.57961000E-05  6.46300000E-03
  1.90000000E+01  2.70000000E+01  1.41975000E-04  6.42500000E-03
  1.90000000E+01  2.90000000E+01  1.74030000E-04  6.44000000E-03
  1.90000000E+01  3.00000000E+01  4.49579000E-04  6.44400000E-03
  1.90000000E+01  4.10000000E+01  1.14499000E-05  6.46337000E-03
  2.10000000E+01  2.10000000E+01  2.05804000E-04  6.44600000E-03
  2.10000000E+01  2.20000000E+01  3.58392000E-03  6.45100000E-03
  2.10000000E+01  2.40000000E+01  2.54172000E-05  6.57700000E-03
  2.10000000E+01  2.70000000E+01  9.83857000E-06  6.53900000E-03
  2.10000000E+01  2.90000000E+01  1.22993000E-05  6.55400000E-03
  2.10000000E+01  3.00000000E+01  1.84476000E-04  6.55800000E-03
  2.10000000E+01  4.10000000E+01  8.19925000E-07  6.57737000E-03
  2.20000000E+01  2.20000000E+01  2.73596000E-03  6.45600000E-03
  2.20000000E+01  2.40000000E+01  2.92327000E-04  6.58200000E-03
  2.20000000E+01  2.70000000E+01  1.25543000E-05  6.54400000E-03
  2.20000000E+01  2.90000000E+01  1.00433000E-04  6.55900000E-03
  2.20000000E+01  3.00000000E+01  3.30904000E-04  6.56300000E-03
  2.20000000E+01  4.10000000E+01  8.96738000E-07  6.58237000E-03
  2.40000000E+01  2.70000000E+01  1.60417000E-06  6.67000000E-03
  2.40000000E+01  2.90000000E+01  1.60417000E-06  6.68500000E-03
  2.40000000E+01  3.00000000E+01  5.61440000E-06  6.68900000E-03
  2.70000000E+01  2.70000000E+01  1.25353000E-06  6.63200000E-03
  2.70000000E+01  2.90000000E+01  1.25353000E-06  6.64700000E-03
  2.70000000E+01  3.00000000E+01  2.75777000E-05  6.65100000E-03
  2.90000000E+01  3.00000000E+01  4.36427000E-05  6.66600000E-03
  3.00000000E+01  3.00000000E+01  7.83512000E-05  6.67000000E-03
  3.00000000E+01  4.10000000E+01  4.23526000E-06  6.68937000E-03
                                                                       1
 62000  0  7  150.35     180717  2  0.0         1.0000E+50  0.0
92931 91  0.0         8.          0.0         0.0         0.0
  1.00000000E+01  1.02090000E-05  1.82000000E-04
  1.10000000E+01  1.09270000E-04  3.06000000E-04
  1.80000000E+01  3.82760000E-04  1.45500000E-03
  1.90000000E+01  4.63431000E-04  1.47700000E-03
  2.90000000E+01  8.44635000E-05  1.69900000E-03
  3.00000000E+01  9.55501000E-05  1.70300000E-03
                                                                       1
 62000  0  9  150.35     180717  2  0.0         1.0000E+50  0.0
92932 91  0.0         8.          0.0         0.0         0.0
  1.00000000E+01  2.10000000E+01  7.84286000E-02  4.50000000E-05
  1.00000000E+01  2.20000000E+01  1.09929000E-01  5.00000000E-05
  1.00000000E+01  2.40000000E+01  1.93669000E-02  1.76000000E-04
  1.00000000E+01  2.50000000E+01  2.59557000E-02  1.76000000E-04
  1.00000000E+01  2.70000000E+01  8.92089000E-03  1.38000000E-04
  1.00000000E+01  2.90000000E+01  7.43857000E-03  1.53000000E-04
  1.00000000E+01  3.00000000E+01  1.16939000E-02  1.57000000E-04
  1.00000000E+01  4.10000000E+01  7.23093000E-04  1.76370000E-04
  1.10000000E+01  1.80000000E+01  7.70484000E-02  3.30000000E-05
  1.10000000E+01  1.90000000E+01  1.09317000E-01  5.50000000E-05
  1.10000000E+01  2.10000000E+01  4.93649000E-02  1.69000000E-04
  1.10000000E+01  2.20000000E+01  7.09050000E-02  1.74000000E-04
  1.10000000E+01  2.40000000E+01  5.05602000E-02  3.00000000E-04
  1.10000000E+01  2.50000000E+01  6.36088000E-02  3.00000000E-04
  1.10000000E+01  2.70000000E+01  1.13251000E-02  2.62000000E-04
  1.10000000E+01  2.90000000E+01  9.57293000E-03  2.77000000E-04
  1.10000000E+01  3.00000000E+01  1.34838000E-02  2.81000000E-04
  1.10000000E+01  4.10000000E+01  9.17568000E-04  3.00370000E-04
  1.30000000E+01  1.60000000E+01  2.81013000E-02  2.69000000E-04
  1.30000000E+01  1.80000000E+01  6.17410000E-03  3.45000000E-04
  1.30000000E+01  1.90000000E+01  5.24994000E-03  3.67000000E-04
  1.30000000E+01  2.10000000E+01  8.84678000E-03  4.81000000E-04
  1.30000000E+01  2.20000000E+01  1.11026000E-02  4.86000000E-04
  1.30000000E+01  2.40000000E+01  2.51464000E-03  6.12000000E-04
  1.30000000E+01  2.50000000E+01  2.43724000E-03  6.12000000E-04
  1.30000000E+01  2.70000000E+01  3.13111000E-03  5.74000000E-04
  1.30000000E+01  2.90000000E+01  6.47734000E-04  5.89000000E-04
  1.30000000E+01  3.00000000E+01  5.21726000E-04  5.93000000E-04
  1.30000000E+01  4.10000000E+01  2.46864000E-04  6.12370000E-04
  1.40000000E+01  1.60000000E+01  4.06710000E-02  2.96000000E-04
  1.40000000E+01  1.80000000E+01  1.35329000E-03  3.72000000E-04
  1.40000000E+01  1.90000000E+01  1.18943000E-02  3.94000000E-04
  1.40000000E+01  2.10000000E+01  1.18888000E-02  5.08000000E-04
  1.40000000E+01  2.20000000E+01  1.80793000E-02  5.13000000E-04
  1.40000000E+01  2.40000000E+01  2.94288000E-03  6.39000000E-04
  1.40000000E+01  2.50000000E+01  4.52468000E-03  6.39000000E-04
  1.40000000E+01  2.70000000E+01  4.49181000E-03  6.01000000E-04
  1.40000000E+01  2.90000000E+01  1.39015000E-04  6.16000000E-04
  1.40000000E+01  3.00000000E+01  1.18241000E-03  6.20000000E-04
  1.40000000E+01  4.10000000E+01  3.54208000E-04  6.39370000E-04
  1.60000000E+01  1.60000000E+01  5.63204000E-03  1.03000000E-03
  1.60000000E+01  1.80000000E+01  9.39756000E-03  1.10600000E-03
  1.60000000E+01  1.90000000E+01  1.68948000E-02  1.12800000E-03
  1.60000000E+01  2.10000000E+01  1.80658000E-02  1.24200000E-03
  1.60000000E+01  2.20000000E+01  2.61234000E-02  1.24700000E-03
  1.60000000E+01  2.40000000E+01  3.16787000E-03  1.37300000E-03
  1.60000000E+01  2.50000000E+01  4.02621000E-03  1.37300000E-03
  1.60000000E+01  2.70000000E+01  1.55145000E-03  1.33500000E-03
  1.60000000E+01  2.90000000E+01  1.25525000E-03  1.35000000E-03
  1.60000000E+01  3.00000000E+01  2.16791000E-03  1.35400000E-03
  1.60000000E+01  4.10000000E+01  1.26433000E-04  1.37337000E-03
  1.80000000E+01  1.80000000E+01  4.74302000E-04  1.18200000E-03
  1.80000000E+01  1.90000000E+01  1.19993000E-03  1.20400000E-03
  1.80000000E+01  2.10000000E+01  7.13889000E-04  1.31800000E-03
  1.80000000E+01  2.20000000E+01  3.47911000E-04  1.32300000E-03
  1.80000000E+01  2.40000000E+01  5.51397000E-05  1.44900000E-03
  1.80000000E+01  2.50000000E+01  2.13729000E-04  1.44900000E-03
  1.80000000E+01  2.70000000E+01  9.92550000E-04  1.41100000E-03
  1.80000000E+01  2.90000000E+01  1.01499000E-04  1.42600000E-03
  1.80000000E+01  3.00000000E+01  1.21020000E-04  1.43000000E-03
  1.80000000E+01  4.10000000E+01  7.80760000E-05  1.44937000E-03
  1.90000000E+01  1.90000000E+01  1.54757000E-03  1.22600000E-03
  1.90000000E+01  2.10000000E+01  9.00123000E-04  1.34000000E-03
  1.90000000E+01  2.20000000E+01  2.27721000E-03  1.34500000E-03
  1.90000000E+01  2.40000000E+01  2.15171000E-04  1.47100000E-03
  1.90000000E+01  2.50000000E+01  3.96626000E-04  1.47100000E-03
  1.90000000E+01  2.70000000E+01  1.74233000E-03  1.43300000E-03
  1.90000000E+01  2.90000000E+01  1.31578000E-04  1.44800000E-03
  1.90000000E+01  3.00000000E+01  3.34401000E-04  1.45200000E-03
  1.90000000E+01  4.10000000E+01  1.37277000E-04  1.47137000E-03
  2.10000000E+01  2.10000000E+01  2.11319000E-04  1.45400000E-03
  2.10000000E+01  2.20000000E+01  9.66548000E-04  1.45900000E-03
  2.10000000E+01  2.40000000E+01  2.04500000E-04  1.58500000E-03
  2.10000000E+01  2.50000000E+01  1.53967000E-03  1.58500000E-03
  2.10000000E+01  2.70000000E+01  1.87714000E-03  1.54700000E-03
  2.10000000E+01  2.90000000E+01  6.96289000E-05  1.56200000E-03
  2.10000000E+01  3.00000000E+01  9.34899000E-05  1.56600000E-03
  2.10000000E+01  4.10000000E+01  1.47537000E-04  1.58537000E-03
  2.20000000E+01  2.20000000E+01  5.51120000E-04  1.46400000E-03
  2.20000000E+01  2.40000000E+01  1.53650000E-03  1.59000000E-03
  2.20000000E+01  2.50000000E+01  8.69910000E-04  1.59000000E-03
  2.20000000E+01  2.70000000E+01  2.68950000E-03  1.55200000E-03
  2.20000000E+01  2.90000000E+01  3.42931000E-05  1.56700000E-03
  2.20000000E+01  3.00000000E+01  2.34739000E-04  1.57100000E-03
  2.20000000E+01  4.10000000E+01  2.11557000E-04  1.59037000E-03
  2.40000000E+01  2.40000000E+01  5.11615000E-05  1.71600000E-03
  2.40000000E+01  2.50000000E+01  5.56896000E-04  1.71600000E-03
  2.40000000E+01  2.70000000E+01  3.06471000E-04  1.67800000E-03
  2.40000000E+01  2.90000000E+01  5.41165000E-06  1.69300000E-03
  2.40000000E+01  3.00000000E+01  2.06611000E-05  1.69700000E-03
  2.40000000E+01  4.10000000E+01  2.41054000E-05  1.71637000E-03
  2.50000000E+01  2.50000000E+01  1.41473000E-04  1.71600000E-03
  2.50000000E+01  2.70000000E+01  3.86359000E-04  1.67800000E-03
  2.50000000E+01  2.90000000E+01  2.58559000E-05  1.69300000E-03
  2.50000000E+01  3.00000000E+01  3.65867000E-05  1.69700000E-03
  2.50000000E+01  4.10000000E+01  3.02474000E-05  1.71637000E-03
  2.70000000E+01  2.70000000E+01  1.04371000E-04  1.64000000E-03
  2.70000000E+01  2.90000000E+01  1.43184000E-04  1.65500000E-03
  2.70000000E+01  3.00000000E+01  2.47025000E-04  1.65900000E-03
  2.70000000E+01  4.10000000E+01  1.67832000E-05  1.67837000E-03
  2.90000000E+01  2.90000000E+01  5.68038000E-06  1.67000000E-03
  2.90000000E+01  3.00000000E+01  1.39422000E-05  1.67400000E-03
  2.90000000E+01  4.10000000E+01  1.08440000E-05  1.69337000E-03
  3.00000000E+01  3.00000000E+01  2.25072000E-05  1.67800000E-03
  3.00000000E+01  4.10000000E+01  2.25072000E-05  1.69737000E-03
                                                                       1
 62000  0  7  150.35     180717  2  0.0         1.0000E+50  0.0
92931 91  0.0         10.         0.0         0.0         0.0
  1.30000000E+01  4.76616000E-04  4.36000000E-04
  1.60000000E+01  3.97059000E-04  1.19700000E-03
  2.10000000E+01  1.89628000E-03  1.40900000E-03
  2.70000000E+01  7.03660000E-05  1.50200000E-03
                                                                       1
 62000  0  9  150.35     180717  2  0.0         1.0000E+50  0.0
92932 91  0.0         10.         0.0         0.0         0.0
  1.10000000E+01  2.40000000E+01  1.48927000E-02  1.18000000E-04
  1.10000000E+01  2.50000000E+01  1.71625000E-02  1.18000000E-04
  1.10000000E+01  2.70000000E+01  6.20256000E-03  8.00000000E-05
  1.10000000E+01  2.90000000E+01  6.21881000E-03  9.50000000E-05
  1.10000000E+01  3.00000000E+01  6.70369000E-03  9.90000000E-05
  1.10000000E+01  4.10000000E+01  4.84201000E-04  1.18370000E-04
  1.30000000E+01  1.60000000E+01  9.39764000E-02  8.70000000E-05
  1.30000000E+01  1.80000000E+01  9.40972000E-02  1.63000000E-04
  1.30000000E+01  1.90000000E+01  1.26825000E-01  1.85000000E-04
  1.30000000E+01  2.10000000E+01  4.12282000E-02  2.99000000E-04
  1.30000000E+01  2.20000000E+01  4.67448000E-02  3.04000000E-04
  1.30000000E+01  2.40000000E+01  7.10973000E-02  4.30000000E-04
  1.30000000E+01  2.50000000E+01  1.06932000E-01  4.30000000E-04
  1.30000000E+01  2.70000000E+01  1.55224000E-02  3.92000000E-04
  1.30000000E+01  2.90000000E+01  1.08845000E-02  4.07000000E-04
  1.30000000E+01  3.00000000E+01  1.55076000E-02  4.11000000E-04
  1.30000000E+01  4.10000000E+01  1.29248000E-03  4.30370000E-04
  1.40000000E+01  1.60000000E+01  1.58551000E-02  1.14000000E-04
  1.40000000E+01  1.80000000E+01  1.09663000E-01  1.90000000E-04
  1.40000000E+01  1.90000000E+01  1.08261000E-02  2.12000000E-04
  1.40000000E+01  2.10000000E+01  1.85622000E-03  3.26000000E-04
  1.40000000E+01  2.20000000E+01  5.39009000E-03  3.31000000E-04
  1.40000000E+01  2.40000000E+01  2.10577000E-03  4.57000000E-04
  1.40000000E+01  2.50000000E+01  1.73308000E-03  4.57000000E-04
  1.40000000E+01  2.70000000E+01  1.74060000E-03  4.19000000E-04
  1.40000000E+01  2.90000000E+01  1.03200000E-02  4.34000000E-04
  1.40000000E+01  3.00000000E+01  1.21143000E-03  4.38000000E-04
  1.40000000E+01  4.10000000E+01  1.37887000E-04  4.57370000E-04
  1.60000000E+01  1.60000000E+01  8.13030000E-04  8.48000000E-04
  1.60000000E+01  1.80000000E+01  1.12703000E-02  9.24000000E-04
  1.60000000E+01  1.90000000E+01  1.80644000E-03  9.46000000E-04
  1.60000000E+01  2.10000000E+01  3.77558000E-04  1.06000000E-03
  1.60000000E+01  2.20000000E+01  1.28792000E-03  1.06500000E-03
  1.60000000E+01  2.40000000E+01  4.12672000E-05  1.19100000E-03
  1.60000000E+01  2.50000000E+01  2.47600000E-04  1.19100000E-03
  1.60000000E+01  2.70000000E+01  2.11882000E-04  1.15300000E-03
  1.60000000E+01  2.90000000E+01  1.01938000E-03  1.16800000E-03
  1.60000000E+01  3.00000000E+01  2.08800000E-04  1.17200000E-03
  1.60000000E+01  4.10000000E+01  1.66312000E-05  1.19137000E-03
  1.80000000E+01  1.80000000E+01  8.57028000E-03  1.00000000E-03
  1.80000000E+01  1.90000000E+01  2.60976000E-02  1.02200000E-03
  1.80000000E+01  2.10000000E+01  2.42249000E-02  1.13600000E-03
  1.80000000E+01  2.20000000E+01  3.99611000E-02  1.14100000E-03
  1.80000000E+01  2.40000000E+01  3.54627000E-03  1.26700000E-03
  1.80000000E+01  2.50000000E+01  6.15930000E-03  1.26700000E-03
  1.80000000E+01  2.70000000E+01  1.91904000E-03  1.22900000E-03
  1.80000000E+01  2.90000000E+01  1.94322000E-03  1.24400000E-03
  1.80000000E+01  3.00000000E+01  3.32117000E-03  1.24800000E-03
  1.80000000E+01  4.10000000E+01  1.59336000E-04  1.26737000E-03
  1.90000000E+01  1.90000000E+01  7.70859000E-04  1.04400000E-03
  1.90000000E+01  2.10000000E+01  2.27519000E-03  1.15800000E-03
  1.90000000E+01  2.20000000E+01  1.75866000E-03  1.16300000E-03
  1.90000000E+01  2.40000000E+01  2.75330000E-03  1.28900000E-03
  1.90000000E+01  2.50000000E+01  8.02153000E-04  1.28900000E-03
  1.90000000E+01  2.70000000E+01  2.20446000E-04  1.25100000E-03
  1.90000000E+01  2.90000000E+01  2.57461000E-03  1.26600000E-03
  1.90000000E+01  3.00000000E+01  1.65329000E-04  1.27000000E-03
  1.90000000E+01  4.10000000E+01  1.76883000E-05  1.28937000E-03
  2.10000000E+01  2.10000000E+01  8.20273000E-04  1.27200000E-03
  2.10000000E+01  2.20000000E+01  2.36314000E-03  1.27700000E-03
  2.10000000E+01  2.40000000E+01  3.31537000E-04  1.40300000E-03
  2.10000000E+01  2.50000000E+01  6.00949000E-04  1.40300000E-03
  2.10000000E+01  2.70000000E+01  5.70517000E-05  1.36500000E-03
  2.10000000E+01  2.90000000E+01  2.18393000E-03  1.38000000E-03
  2.10000000E+01  3.00000000E+01  2.28204000E-04  1.38400000E-03
  2.10000000E+01  4.10000000E+01  5.07134000E-06  1.40337000E-03
  2.20000000E+01  2.20000000E+01  5.34289000E-04  1.28200000E-03
  2.20000000E+01  2.40000000E+01  1.12306000E-03  1.40800000E-03
  2.20000000E+01  2.50000000E+01  2.35624000E-04  1.40800000E-03
  2.20000000E+01  2.70000000E+01  1.64024000E-04  1.37000000E-03
  2.20000000E+01  2.90000000E+01  3.52945000E-03  1.38500000E-03
  2.20000000E+01  3.00000000E+01  1.57899000E-04  1.38900000E-03
  2.20000000E+01  4.10000000E+01  1.34645000E-05  1.40837000E-03
  2.40000000E+01  2.40000000E+01  1.56575000E-04  1.53400000E-03
  2.40000000E+01  2.50000000E+01  1.40325000E-03  1.53400000E-03
  2.40000000E+01  2.70000000E+01  2.40890000E-06  1.49600000E-03
  2.40000000E+01  2.90000000E+01  2.78239000E-04  1.51100000E-03
  2.40000000E+01  3.00000000E+01  2.89083000E-04  1.51500000E-03
  2.50000000E+01  2.50000000E+01  5.89518000E-05  1.53400000E-03
  2.50000000E+01  2.70000000E+01  3.39422000E-05  1.49600000E-03
  2.50000000E+01  2.90000000E+01  4.78747000E-04  1.51100000E-03
  2.50000000E+01  3.00000000E+01  7.50275000E-05  1.51500000E-03
  2.50000000E+01  4.10000000E+01  2.97731000E-06  1.53437000E-03
  2.70000000E+01  2.70000000E+01  1.38018000E-05  1.45800000E-03
  2.70000000E+01  2.90000000E+01  1.71274000E-04  1.47300000E-03
  2.70000000E+01  3.00000000E+01  2.38404000E-05  1.47700000E-03
  2.70000000E+01  4.10000000E+01  2.50929000E-06  1.49637000E-03
  2.90000000E+01  2.90000000E+01  1.55732000E-04  1.48800000E-03
  2.90000000E+01  3.00000000E+01  4.56817000E-04  1.49200000E-03
  2.90000000E+01  4.10000000E+01  2.17082000E-05  1.51137000E-03
  3.00000000E+01  3.00000000E+01  2.75843000E-05  1.49600000E-03
  3.00000000E+01  4.10000000E+01  6.36543000E-06  1.51537000E-03
                                                                       1
 62000  0  7  150.35     180717  2  0.0         1.0000E+50  0.0
92931 91  0.0         11.         0.0         0.0         0.0
  1.30000000E+01  1.81716000E-05  3.12000000E-04
  1.40000000E+01  2.19940000E-04  3.39000000E-04
  1.60000000E+01  5.43516000E-04  1.07300000E-03
  2.10000000E+01  2.47485000E-04  1.28500000E-03
  2.20000000E+01  2.01118000E-03  1.29000000E-03
  2.70000000E+01  9.77374000E-05  1.37800000E-03
                                                                       1
 62000  0  9  150.35     180717  2  0.0         1.0000E+50  0.0
92932 91  0.0         11.         0.0         0.0         0.0
  1.30000000E+01  1.80000000E+01  1.52670000E-02  3.90000000E-05
  1.30000000E+01  1.90000000E+01  8.03410000E-02  6.10000000E-05
  1.30000000E+01  2.10000000E+01  1.24393000E-02  1.75000000E-04
  1.30000000E+01  2.20000000E+01  1.05122000E-02  1.80000000E-04
  1.30000000E+01  2.40000000E+01  7.56722000E-03  3.06000000E-04
  1.30000000E+01  2.50000000E+01  1.11873000E-02  3.06000000E-04
  1.30000000E+01  2.70000000E+01  2.72408000E-03  2.68000000E-04
  1.30000000E+01  2.90000000E+01  1.87734000E-03  2.83000000E-04
  1.30000000E+01  3.00000000E+01  7.90681000E-03  2.87000000E-04
  1.30000000E+01  4.10000000E+01  2.18664000E-04  3.06370000E-04
  1.40000000E+01  1.80000000E+01  1.03819000E-01  6.60000000E-05
  1.40000000E+01  1.90000000E+01  1.81051000E-01  8.80000000E-05
  1.40000000E+01  2.10000000E+01  5.37899000E-02  2.02000000E-04
  1.40000000E+01  2.20000000E+01  8.19178000E-02  2.07000000E-04
  1.40000000E+01  2.40000000E+01  7.26520000E-02  3.33000000E-04
  1.40000000E+01  2.50000000E+01  8.65464000E-02  3.33000000E-04
  1.40000000E+01  2.70000000E+01  1.58405000E-02  2.95000000E-04
  1.40000000E+01  2.90000000E+01  1.28432000E-02  3.10000000E-04
  1.40000000E+01  3.00000000E+01  2.04463000E-02  3.14000000E-04
  1.40000000E+01  4.10000000E+01  1.28484000E-03  3.33370000E-04
  1.60000000E+01  1.60000000E+01  7.51239000E-04  7.24000000E-04
  1.60000000E+01  1.80000000E+01  1.11848000E-03  8.00000000E-04
  1.60000000E+01  1.90000000E+01  1.64503000E-02  8.22000000E-04
  1.60000000E+01  2.10000000E+01  9.89144000E-04  9.36000000E-04
  1.60000000E+01  2.20000000E+01  1.07295000E-03  9.41000000E-04
  1.60000000E+01  2.40000000E+01  3.81613000E-04  1.06700000E-03
  1.60000000E+01  2.50000000E+01  5.78004000E-04  1.06700000E-03
  1.60000000E+01  2.70000000E+01  1.94794000E-04  1.02900000E-03
  1.60000000E+01  2.90000000E+01  1.22942000E-04  1.04400000E-03
  1.60000000E+01  3.00000000E+01  1.46014000E-03  1.04800000E-03
  1.60000000E+01  4.10000000E+01  1.59665000E-05  1.06737000E-03
  1.80000000E+01  1.80000000E+01  1.58803000E-04  8.76000000E-04
  1.80000000E+01  1.90000000E+01  1.96491000E-02  8.98000000E-04
  1.80000000E+01  2.10000000E+01  5.00959000E-04  1.01200000E-03
  1.80000000E+01  2.20000000E+01  3.49868000E-03  1.01700000E-03
  1.80000000E+01  2.40000000E+01  4.26498000E-04  1.14300000E-03
  1.80000000E+01  2.50000000E+01  2.53526000E-03  1.14300000E-03
  1.80000000E+01  2.70000000E+01  1.31790000E-04  1.10500000E-03
  1.80000000E+01  2.90000000E+01  3.19238000E-05  1.12000000E-03
  1.80000000E+01  3.00000000E+01  1.76564000E-03  1.12400000E-03
  1.80000000E+01  4.10000000E+01  1.06415000E-05  1.14337000E-03
  1.90000000E+01  1.90000000E+01  2.68767000E-02  9.20000000E-04
  1.90000000E+01  2.10000000E+01  3.65503000E-02  1.03400000E-03
  1.90000000E+01  2.20000000E+01  4.91615000E-02  1.03900000E-03
  1.90000000E+01  2.40000000E+01  7.55095000E-03  1.16500000E-03
  1.90000000E+01  2.50000000E+01  8.59827000E-03  1.16500000E-03
  1.90000000E+01  2.70000000E+01  2.59524000E-03  1.12700000E-03
  1.90000000E+01  2.90000000E+01  2.46772000E-03  1.14200000E-03
  1.90000000E+01  3.00000000E+01  5.82582000E-03  1.14600000E-03
  1.90000000E+01  4.10000000E+01  2.14964000E-04  1.16537000E-03
  2.10000000E+01  2.10000000E+01  2.42563000E-04  1.14800000E-03
  2.10000000E+01  2.20000000E+01  4.13465000E-03  1.15300000E-03
  2.10000000E+01  2.40000000E+01  1.60700000E-04  1.27900000E-03
  2.10000000E+01  2.50000000E+01  2.02085000E-03  1.27900000E-03
  2.10000000E+01  2.70000000E+01  1.01574000E-04  1.24100000E-03
  2.10000000E+01  2.90000000E+01  3.79010000E-05  1.25600000E-03
  2.10000000E+01  3.00000000E+01  3.15922000E-03  1.26000000E-03
  2.10000000E+01  4.10000000E+01  8.33801000E-06  1.27937000E-03
  2.20000000E+01  2.20000000E+01  2.03367000E-03  1.15800000E-03
  2.20000000E+01  2.40000000E+01  1.51466000E-03  1.28400000E-03
  2.20000000E+01  2.50000000E+01  1.34530000E-03  1.28400000E-03
  2.20000000E+01  2.70000000E+01  1.09493000E-04  1.24600000E-03
  2.20000000E+01  2.90000000E+01  2.67160000E-04  1.26100000E-03
  2.20000000E+01  3.00000000E+01  4.05509000E-03  1.26500000E-03
  2.20000000E+01  4.10000000E+01  8.75961000E-06  1.28437000E-03
  2.40000000E+01  2.40000000E+01  4.90361000E-05  1.41000000E-03
  2.40000000E+01  2.50000000E+01  1.86939000E-03  1.41000000E-03
  2.40000000E+01  2.70000000E+01  3.84712000E-05  1.37200000E-03
  2.40000000E+01  2.90000000E+01  4.37557000E-05  1.38700000E-03
  2.40000000E+01  3.00000000E+01  6.17075000E-04  1.39100000E-03
  2.40000000E+01  4.10000000E+01  3.01740000E-06  1.41037000E-03
  2.50000000E+01  2.50000000E+01  5.81964000E-04  1.41000000E-03
  2.50000000E+01  2.70000000E+01  4.66788000E-05  1.37200000E-03
  2.50000000E+01  2.90000000E+01  2.60498000E-04  1.38700000E-03
  2.50000000E+01  3.00000000E+01  7.18997000E-04  1.39100000E-03
  2.50000000E+01  4.10000000E+01  3.76447000E-06  1.41037000E-03
  2.70000000E+01  2.70000000E+01  1.51934000E-05  1.33400000E-03
  2.70000000E+01  2.90000000E+01  1.70927000E-05  1.34900000E-03
  2.70000000E+01  3.00000000E+01  2.80156000E-04  1.35300000E-03
  2.70000000E+01  4.10000000E+01  2.84882000E-06  1.37237000E-03
  2.90000000E+01  2.90000000E+01  2.38165000E-06  1.36400000E-03
  2.90000000E+01  3.00000000E+01  3.39377000E-04  1.36800000E-03
  2.90000000E+01  4.10000000E+01  1.19086000E-06  1.38737000E-03
  3.00000000E+01  3.00000000E+01  8.02920000E-04  1.37200000E-03
  3.00000000E+01  4.10000000E+01  4.92882000E-05  1.39137000E-03
                                                                       1
 62000  0  7  150.35     180717  2  0.0         1.0000E+50  0.0
92931 91  0.0         13.         0.0         0.0         0.0
  1.80000000E+01  3.90345000E-03  8.37000000E-04
  1.90000000E+01  5.36461000E-04  8.59000000E-04
  2.40000000E+01  1.34573000E-03  1.10400000E-03
  2.90000000E+01  6.80961000E-04  1.08100000E-03
  3.00000000E+01  9.54735000E-05  1.08500000E-03
                                                                       1
 62000  0  9  150.35     180717  2  0.0         1.0000E+50  0.0
92932 91  0.0         13.         0.0         0.0         0.0
  1.40000000E+01  2.40000000E+01  7.12296000E-02  2.10000000E-05
  1.40000000E+01  2.50000000E+01  1.09689000E-02  2.10000000E-05
  1.40000000E+01  3.00000000E+01  2.85994000E-03  2.00000000E-06
  1.40000000E+01  4.10000000E+01  2.39073000E-04  2.13700000E-05
  1.60000000E+01  1.60000000E+01  2.06675000E-05  4.12000000E-04
  1.60000000E+01  1.80000000E+01  3.42197000E-03  4.88000000E-04
  1.60000000E+01  1.90000000E+01  2.38566000E-03  5.10000000E-04
  1.60000000E+01  2.10000000E+01  7.90344000E-02  6.24000000E-04
  1.60000000E+01  2.20000000E+01  1.00330000E-02  6.29000000E-04
  1.60000000E+01  2.40000000E+01  7.96609000E-03  7.55000000E-04
  1.60000000E+01  2.50000000E+01  2.72216000E-03  7.55000000E-04
  1.60000000E+01  2.70000000E+01  2.65736000E-05  7.17000000E-04
  1.60000000E+01  2.90000000E+01  3.57273000E-04  7.32000000E-04
  1.60000000E+01  3.00000000E+01  1.94876000E-04  7.36000000E-04
  1.60000000E+01  4.10000000E+01  2.95254000E-06  7.55370000E-04
  1.80000000E+01  1.80000000E+01  1.73597000E-03  5.64000000E-04
  1.80000000E+01  1.90000000E+01  1.21280000E-02  5.86000000E-04
  1.80000000E+01  2.10000000E+01  6.66824000E-02  7.00000000E-04
  1.80000000E+01  2.20000000E+01  5.74528000E-03  7.05000000E-04
  1.80000000E+01  2.40000000E+01  5.15192000E-03  8.31000000E-04
  1.80000000E+01  2.50000000E+01  2.88163000E-03  8.31000000E-04
  1.80000000E+01  2.70000000E+01  3.57244000E-04  7.93000000E-04
  1.80000000E+01  2.90000000E+01  3.77895000E-04  8.08000000E-04
  1.80000000E+01  3.00000000E+01  1.16615000E-03  8.12000000E-04
  1.80000000E+01  4.10000000E+01  2.65715000E-05  8.31370000E-04
  1.90000000E+01  1.90000000E+01  4.48472000E-03  6.08000000E-04
  1.90000000E+01  2.10000000E+01  1.44546000E-01  7.22000000E-04
  1.90000000E+01  2.20000000E+01  5.41180000E-03  7.27000000E-04
  1.90000000E+01  2.40000000E+01  3.58724000E-03  8.53000000E-04
  1.90000000E+01  2.50000000E+01  1.67099000E-03  8.53000000E-04
  1.90000000E+01  2.70000000E+01  2.83429000E-04  8.15000000E-04
  1.90000000E+01  2.90000000E+01  1.12778000E-03  8.30000000E-04
  1.90000000E+01  3.00000000E+01  8.32593000E-04  8.34000000E-04
  1.90000000E+01  4.10000000E+01  2.36194000E-05  8.53370000E-04
  2.10000000E+01  2.10000000E+01  1.19872000E-01  8.36000000E-04
  2.10000000E+01  2.20000000E+01  2.44656000E-01  8.41000000E-04
  2.10000000E+01  2.40000000E+01  2.97833000E-02  9.67000000E-04
  2.10000000E+01  2.50000000E+01  3.89097000E-02  9.67000000E-04
  2.10000000E+01  2.70000000E+01  1.17538000E-02  9.29000000E-04
  2.10000000E+01  2.90000000E+01  8.80094000E-03  9.44000000E-04
  2.10000000E+01  3.00000000E+01  1.79337000E-02  9.48000000E-04
  2.10000000E+01  4.10000000E+01  9.65424000E-04  9.67370000E-04
  2.20000000E+01  2.20000000E+01  4.01821000E-03  8.46000000E-04
  2.20000000E+01  2.40000000E+01  2.90427000E-02  9.72000000E-04
  2.20000000E+01  2.50000000E+01  1.75974000E-03  9.72000000E-04
  2.20000000E+01  2.70000000E+01  8.47341000E-04  9.34000000E-04
  2.20000000E+01  2.90000000E+01  5.07818000E-04  9.49000000E-04
  2.20000000E+01  3.00000000E+01  5.49158000E-04  9.53000000E-04
  2.20000000E+01  4.10000000E+01  6.49543000E-05  9.72370000E-04
  2.40000000E+01  2.40000000E+01  5.97010000E-03  1.09800000E-03
  2.40000000E+01  2.50000000E+01  2.39039000E-02  1.09800000E-03
  2.40000000E+01  2.70000000E+01  1.20110000E-03  1.06000000E-03
  2.40000000E+01  2.90000000E+01  5.45694000E-04  1.07500000E-03
  2.40000000E+01  3.00000000E+01  4.27058000E-04  1.07900000E-03
  2.40000000E+01  4.10000000E+01  9.78695000E-05  1.09837000E-03
  2.50000000E+01  2.50000000E+01  4.13313000E-04  1.09800000E-03
  2.50000000E+01  2.70000000E+01  2.92272000E-04  1.06000000E-03
  2.50000000E+01  2.90000000E+01  1.83054000E-04  1.07500000E-03
  2.50000000E+01  3.00000000E+01  1.86001000E-04  1.07900000E-03
  2.50000000E+01  4.10000000E+01  2.36176000E-05  1.09837000E-03
  2.70000000E+01  2.70000000E+01  9.21124000E-06  1.02200000E-03
  2.70000000E+01  2.90000000E+01  1.28960000E-04  1.03700000E-03
  2.70000000E+01  3.00000000E+01  7.36903000E-05  1.04100000E-03
  2.90000000E+01  2.90000000E+01  6.40493000E-05  1.05200000E-03
  2.90000000E+01  3.00000000E+01  3.56853000E-04  1.05600000E-03
  2.90000000E+01  4.10000000E+01  9.15002000E-06  1.07537000E-03
  3.00000000E+01  3.00000000E+01  3.75827000E-04  1.06000000E-03
  3.00000000E+01  4.10000000E+01  2.68443000E-05  1.07937000E-03
                                                                       1
 62000  0  7  150.35     180717  2  0.0         1.0000E+50  0.0
92931 91  0.0         14.         0.0         0.0         0.0
  1.90000000E+01  4.27581000E-03  8.32000000E-04
  2.40000000E+01  7.73872000E-05  1.07700000E-03
  2.50000000E+01  1.50260000E-03  1.07700000E-03
  3.00000000E+01  8.36453000E-04  1.05800000E-03
                                                                       1
 62000  0  9  150.35     180717  2  0.0         1.0000E+50  0.0
92932 91  0.0         14.         0.0         0.0         0.0
  1.60000000E+01  1.80000000E+01  1.01462000E-03  4.61000000E-04
  1.60000000E+01  1.90000000E+01  5.65193000E-03  4.83000000E-04
  1.60000000E+01  2.10000000E+01  8.27871000E-03  5.97000000E-04
  1.60000000E+01  2.20000000E+01  9.04114000E-02  6.02000000E-04
  1.60000000E+01  2.40000000E+01  2.78161000E-03  7.28000000E-04
  1.60000000E+01  2.50000000E+01  9.07832000E-03  7.28000000E-04
  1.60000000E+01  2.70000000E+01  2.21269000E-05  6.90000000E-04
  1.60000000E+01  2.90000000E+01  5.68972000E-05  7.05000000E-04
  1.60000000E+01  3.00000000E+01  5.21569000E-04  7.09000000E-04
  1.60000000E+01  4.10000000E+01  3.16101000E-06  7.28370000E-04
  1.80000000E+01  1.80000000E+01  1.26432000E-05  5.37000000E-04
  1.80000000E+01  1.90000000E+01  1.32643000E-02  5.59000000E-04
  1.80000000E+01  2.10000000E+01  8.25014000E-04  6.73000000E-04
  1.80000000E+01  2.20000000E+01  8.91695000E-02  6.78000000E-04
  1.80000000E+01  2.40000000E+01  1.23282000E-03  8.04000000E-04
  1.80000000E+01  2.50000000E+01  4.41910000E-03  8.04000000E-04
  1.80000000E+01  2.70000000E+01  1.01152000E-04  7.66000000E-04
  1.80000000E+01  2.90000000E+01  6.32192000E-06  7.81000000E-04
  1.80000000E+01  3.00000000E+01  1.22006000E-03  7.85000000E-04
  1.80000000E+01  4.10000000E+01  9.48277000E-06  8.04370000E-04
  1.90000000E+01  1.90000000E+01  1.02481000E-02  5.81000000E-04
  1.90000000E+01  2.10000000E+01  8.32935000E-03  6.95000000E-04
  1.90000000E+01  2.20000000E+01  1.44290000E-01  7.00000000E-04
  1.90000000E+01  2.40000000E+01  2.13376000E-03  8.26000000E-04
  1.90000000E+01  2.50000000E+01  5.08925000E-03  8.26000000E-04
  1.90000000E+01  2.70000000E+01  6.57493000E-04  7.88000000E-04
  1.90000000E+01  2.90000000E+01  1.19168000E-03  8.03000000E-04
  1.90000000E+01  3.00000000E+01  1.95043000E-03  8.07000000E-04
  1.90000000E+01  4.10000000E+01  5.05764000E-05  8.26370000E-04
  2.10000000E+01  2.10000000E+01  1.78919000E-03  8.09000000E-04
  2.10000000E+01  2.20000000E+01  1.84692000E-01  8.14000000E-04
  2.10000000E+01  2.40000000E+01  1.46677000E-03  9.40000000E-04
  2.10000000E+01  2.50000000E+01  1.92039000E-02  9.40000000E-04
  2.10000000E+01  2.70000000E+01  6.82806000E-04  9.02000000E-04
  2.10000000E+01  2.90000000E+01  1.10639000E-04  9.17000000E-04
  2.10000000E+01  3.00000000E+01  7.61842000E-04  9.21000000E-04
  2.10000000E+01  4.10000000E+01  5.37395000E-05  9.40370000E-04
  2.20000000E+01  2.20000000E+01  2.11993000E-01  8.19000000E-04
  2.20000000E+01  2.40000000E+01  3.56355000E-02  9.45000000E-04
  2.20000000E+01  2.50000000E+01  5.26985000E-02  9.45000000E-04
  2.20000000E+01  2.70000000E+01  1.30455000E-02  9.07000000E-04
  2.20000000E+01  2.90000000E+01  1.13289000E-02  9.22000000E-04
  2.20000000E+01  3.00000000E+01  1.80211000E-02  9.26000000E-04
  2.20000000E+01  4.10000000E+01  1.06848000E-03  9.45370000E-04
  2.40000000E+01  2.40000000E+01  4.94433000E-04  1.07100000E-03
  2.40000000E+01  2.50000000E+01  2.17390000E-02  1.07100000E-03
  2.40000000E+01  2.70000000E+01  3.18982000E-04  1.03300000E-03
  2.40000000E+01  2.90000000E+01  1.46730000E-04  1.04800000E-03
  2.40000000E+01  3.00000000E+01  1.91376000E-04  1.05200000E-03
  2.40000000E+01  4.10000000E+01  2.55194000E-05  1.07137000E-03
  2.50000000E+01  2.50000000E+01  1.19707000E-02  1.07100000E-03
  2.50000000E+01  2.70000000E+01  1.32649000E-03  1.03300000E-03
  2.50000000E+01  2.90000000E+01  5.54833000E-04  1.04800000E-03
  2.50000000E+01  3.00000000E+01  5.51645000E-04  1.05200000E-03
  2.50000000E+01  4.10000000E+01  1.08414000E-04  1.07137000E-03
  2.70000000E+01  2.90000000E+01  3.34744000E-05  1.01000000E-03
  2.70000000E+01  3.00000000E+01  3.51477000E-04  1.01400000E-03
  2.90000000E+01  3.00000000E+01  4.20531000E-04  1.02900000E-03
  3.00000000E+01  3.00000000E+01  4.69764000E-04  1.03300000E-03
  3.00000000E+01  4.10000000E+01  3.13179000E-05  1.05237000E-03
                                                                       1
 62000  0  7  150.35     180717  2  0.0         1.0000E+50  0.0
92931 91  0.0         16.         0.0         0.0         0.0
  1.80000000E+01  1.40372000E-05  7.60000000E-05
  1.90000000E+01  8.12061000E-05  9.80000000E-05
  2.90000000E+01  3.37239000E-05  3.20000000E-04
  3.00000000E+01  2.76328000E-05  3.24000000E-04
                                                                       1
 62000  0  9  150.35     180717  2  0.0         1.0000E+50  0.0
92932 91  0.0         16.         0.0         0.0         0.0
  1.80000000E+01  2.40000000E+01  2.52354000E-02  7.00000000E-05
  1.80000000E+01  2.50000000E+01  3.82313000E-02  7.00000000E-05
  1.80000000E+01  2.70000000E+01  5.03008000E-02  3.20000000E-05
  1.80000000E+01  2.90000000E+01  3.93192000E-02  4.70000000E-05
  1.80000000E+01  3.00000000E+01  8.10937000E-02  5.10000000E-05
  1.80000000E+01  4.10000000E+01  3.97475000E-03  7.03700000E-05
  1.90000000E+01  2.40000000E+01  9.18325000E-02  9.20000000E-05
  1.90000000E+01  2.50000000E+01  1.09809000E-01  9.20000000E-05
  1.90000000E+01  2.70000000E+01  6.31694000E-02  5.40000000E-05
  1.90000000E+01  2.90000000E+01  6.41402000E-02  6.90000000E-05
  1.90000000E+01  3.00000000E+01  8.50549000E-02  7.30000000E-05
  1.90000000E+01  4.10000000E+01  5.13265000E-03  9.23700000E-05
  2.10000000E+01  2.10000000E+01  4.70751000E-03  7.50000000E-05
  2.10000000E+01  2.20000000E+01  2.57816000E-02  8.00000000E-05
  2.10000000E+01  2.40000000E+01  3.28333000E-03  2.06000000E-04
  2.10000000E+01  2.50000000E+01  8.01398000E-03  2.06000000E-04
  2.10000000E+01  2.70000000E+01  2.10904000E-02  1.68000000E-04
  2.10000000E+01  2.90000000E+01  4.20294000E-03  1.83000000E-04
  2.10000000E+01  3.00000000E+01  1.30075000E-02  1.87000000E-04
  2.10000000E+01  4.10000000E+01  1.42242000E-03  2.06370000E-04
  2.20000000E+01  2.20000000E+01  1.29819000E-02  8.50000000E-05
  2.20000000E+01  2.40000000E+01  9.14043000E-03  2.11000000E-04
  2.20000000E+01  2.50000000E+01  7.95501000E-03  2.11000000E-04
  2.20000000E+01  2.70000000E+01  3.06090000E-02  1.73000000E-04
  2.20000000E+01  2.90000000E+01  1.20800000E-02  1.88000000E-04
  2.20000000E+01  3.00000000E+01  1.23308000E-02  1.92000000E-04
  2.20000000E+01  4.10000000E+01  2.06082000E-03  2.11370000E-04
  2.40000000E+01  2.40000000E+01  8.73377000E-04  3.37000000E-04
  2.40000000E+01  2.50000000E+01  2.94033000E-03  3.37000000E-04
  2.40000000E+01  2.70000000E+01  7.49184000E-03  2.99000000E-04
  2.40000000E+01  2.90000000E+01  9.26192000E-04  3.14000000E-04
  2.40000000E+01  3.00000000E+01  2.26654000E-03  3.18000000E-04
  2.40000000E+01  4.10000000E+01  4.60038000E-04  3.37370000E-04
  2.50000000E+01  2.50000000E+01  1.62546000E-03  3.37000000E-04
  2.50000000E+01  2.70000000E+01  9.68861000E-03  2.99000000E-04
  2.50000000E+01  2.90000000E+01  6.76027000E-04  3.14000000E-04
  2.50000000E+01  3.00000000E+01  2.85695000E-03  3.18000000E-04
  2.50000000E+01  4.10000000E+01  5.94275000E-04  3.37370000E-04
  2.70000000E+01  2.70000000E+01  1.70276000E-02  2.61000000E-04
  2.70000000E+01  2.90000000E+01  2.07393000E-02  2.76000000E-04
  2.70000000E+01  3.00000000E+01  3.60230000E-02  2.80000000E-04
  2.70000000E+01  4.10000000E+01  2.46674000E-03  2.99370000E-04
  2.90000000E+01  2.90000000E+01  6.04509000E-03  2.91000000E-04
  2.90000000E+01  3.00000000E+01  2.57556000E-02  2.95000000E-04
  2.90000000E+01  4.10000000E+01  4.83305000E-03  3.14370000E-04
  3.00000000E+01  3.00000000E+01  2.17816000E-02  2.99000000E-04
  3.00000000E+01  4.10000000E+01  8.81008000E-03  3.18370000E-04
                                                                       1
 62000  0  7  150.35     180717  2  0.0         1.0000E+50  0.0
92931 91  0.0         18.         0.0         0.0         0.0
  2.10000000E+01  2.59488000E-04  1.36000000E-04
  2.70000000E+01  5.59150000E-05  2.29000000E-04
                                                                       1
 62000  0  9  150.35     180717  2  0.0         1.0000E+50  0.0
92932 91  0.0         18.         0.0         0.0         0.0
  1.90000000E+01  2.40000000E+01  4.27494000E-02  1.60000000E-05
  1.90000000E+01  2.50000000E+01  3.24552000E-02  1.60000000E-05
  1.90000000E+01  2.90000000E+01  5.77702000E-03  0.00000000E+00
  1.90000000E+01  3.00000000E+01  1.30080000E-02  0.00000000E+00
  1.90000000E+01  4.10000000E+01  1.47807000E-03  1.63700000E-05
  2.10000000E+01  2.10000000E+01  2.89218000E-02  0.00000000E+00
  2.10000000E+01  2.20000000E+01  3.56272000E-01  4.00000000E-06
  2.10000000E+01  2.40000000E+01  8.35767000E-02  1.30000000E-04
  2.10000000E+01  2.50000000E+01  1.72770000E-01  1.30000000E-04
  2.10000000E+01  2.70000000E+01  4.03836000E-02  9.20000000E-05
  2.10000000E+01  2.90000000E+01  2.84954000E-02  1.07000000E-04
  2.10000000E+01  3.00000000E+01  5.31535000E-02  1.11000000E-04
  2.10000000E+01  4.10000000E+01  3.27456000E-03  1.30370000E-04
  2.20000000E+01  2.20000000E+01  1.99768000E-02  9.00000000E-06
  2.20000000E+01  2.40000000E+01  2.06933000E-02  1.35000000E-04
  2.20000000E+01  2.50000000E+01  5.51216000E-03  1.35000000E-04
  2.20000000E+01  2.70000000E+01  6.44929000E-03  9.70000000E-05
  2.20000000E+01  2.90000000E+01  2.75836000E-02  1.12000000E-04
  2.20000000E+01  3.00000000E+01  6.14446000E-03  1.16000000E-04
  2.20000000E+01  4.10000000E+01  4.62114000E-04  1.35370000E-04
  2.40000000E+01  2.40000000E+01  4.91310000E-04  2.61000000E-04
  2.40000000E+01  2.50000000E+01  4.53347000E-03  2.61000000E-04
  2.40000000E+01  2.70000000E+01  1.74190000E-03  2.23000000E-04
  2.40000000E+01  2.90000000E+01  6.11679000E-03  2.38000000E-04
  2.40000000E+01  3.00000000E+01  2.28486000E-03  2.42000000E-04
  2.40000000E+01  4.10000000E+01  1.38619000E-04  2.61370000E-04
  2.50000000E+01  2.50000000E+01  1.53267000E-04  2.61000000E-04
  2.50000000E+01  2.70000000E+01  8.94098000E-04  2.23000000E-04
  2.50000000E+01  2.90000000E+01  1.01608000E-02  2.38000000E-04
  2.50000000E+01  3.00000000E+01  8.14185000E-04  2.42000000E-04
  2.50000000E+01  4.10000000E+01  5.96055000E-05  2.61370000E-04
  2.70000000E+01  2.70000000E+01  1.63251000E-04  1.85000000E-04
  2.70000000E+01  2.90000000E+01  2.83503000E-03  2.00000000E-04
  2.70000000E+01  3.00000000E+01  4.43269000E-04  2.04000000E-04
  2.70000000E+01  4.10000000E+01  2.22416000E-05  2.23370000E-04
  2.90000000E+01  2.90000000E+01  4.74232000E-03  2.15000000E-04
  2.90000000E+01  3.00000000E+01  1.35630000E-02  2.19000000E-04
  2.90000000E+01  4.10000000E+01  7.06592000E-04  2.38370000E-04
  3.00000000E+01  3.00000000E+01  5.82399000E-04  2.23000000E-04
  3.00000000E+01  4.10000000E+01  1.00649000E-04  2.42370000E-04
                                                                       1
 62000  0  7  150.35     180717  2  0.0         1.0000E+50  0.0
92931 91  0.0         19.         0.0         0.0         0.0
  2.10000000E+01  6.76441000E-06  1.14000000E-04
  2.20000000E+01  7.29771000E-05  1.19000000E-04
  2.70000000E+01  2.56080000E-05  2.07000000E-04
                                                                       1
 62000  0  9  150.35     180717  2  0.0         1.0000E+50  0.0
92932 91  0.0         19.         0.0         0.0         0.0
  2.10000000E+01  2.40000000E+01  1.66861000E-02  1.08000000E-04
  2.10000000E+01  2.50000000E+01  4.98835000E-02  1.08000000E-04
  2.10000000E+01  2.70000000E+01  1.80358000E-02  7.00000000E-05
  2.10000000E+01  2.90000000E+01  1.34411000E-02  8.50000000E-05
  2.10000000E+01  3.00000000E+01  5.28742000E-02  8.90000000E-05
  2.10000000E+01  4.10000000E+01  1.44947000E-03  1.08370000E-04
  2.20000000E+01  2.40000000E+01  2.19291000E-01  1.13000000E-04
  2.20000000E+01  2.50000000E+01  2.23638000E-01  1.13000000E-04
  2.20000000E+01  2.70000000E+01  9.35154000E-02  7.50000000E-05
  2.20000000E+01  2.90000000E+01  9.03497000E-02  9.00000000E-05
  2.20000000E+01  3.00000000E+01  1.38170000E-01  9.40000000E-05
  2.20000000E+01  4.10000000E+01  7.84707000E-03  1.13370000E-04
  2.40000000E+01  2.40000000E+01  1.98757000E-04  2.39000000E-04
  2.40000000E+01  2.50000000E+01  7.46221000E-03  2.39000000E-04
  2.40000000E+01  2.70000000E+01  2.78392000E-03  2.01000000E-04
  2.40000000E+01  2.90000000E+01  1.21013000E-03  2.16000000E-04
  2.40000000E+01  3.00000000E+01  1.77375000E-02  2.20000000E-04
  2.40000000E+01  4.10000000E+01  1.73518000E-04  2.39370000E-04
  2.50000000E+01  2.50000000E+01  2.46072000E-03  2.39000000E-04
  2.50000000E+01  2.70000000E+01  5.93507000E-03  2.01000000E-04
  2.50000000E+01  2.90000000E+01  4.96192000E-03  2.16000000E-04
  2.50000000E+01  3.00000000E+01  2.15210000E-02  2.20000000E-04
  2.50000000E+01  4.10000000E+01  4.12374000E-04  2.39370000E-04
  2.70000000E+01  2.70000000E+01  2.00265000E-05  1.63000000E-04
  2.70000000E+01  2.90000000E+01  1.80231000E-04  1.78000000E-04
  2.70000000E+01  3.00000000E+01  3.46056000E-03  1.82000000E-04
  2.70000000E+01  4.10000000E+01  3.48288000E-06  2.01370000E-04
  2.90000000E+01  2.90000000E+01  1.71184000E-05  1.93000000E-04
  2.90000000E+01  3.00000000E+01  1.71628000E-03  1.97000000E-04
  2.90000000E+01  4.10000000E+01  6.70830000E-06  2.16370000E-04
  3.00000000E+01  3.00000000E+01  4.17858000E-03  2.01000000E-04
  3.00000000E+01  4.10000000E+01  2.73527000E-04  2.20370000E-04
                                                                       1
 62000  0  7  150.35     180717  2  0.0         1.0000E+50  0.0
92931 91  0.0         21.         0.0         0.0         0.0
  2.40000000E+01  3.09591000E-06  1.31000000E-04
  2.90000000E+01  8.30866000E-06  1.08000000E-04
  3.00000000E+01  1.35430000E-06  1.12000000E-04
                                                                       1
 62000  0  9  150.35     180717  2  0.0         1.0000E+50  0.0
92932 91  0.0         21.         0.0         0.0         0.0
  2.20000000E+01  2.40000000E+01  5.06855000E-02  0.00000000E+00
  2.20000000E+01  2.50000000E+01  6.11649000E-03  0.00000000E+00
  2.40000000E+01  2.40000000E+01  6.82227000E-02  1.25000000E-04
  2.40000000E+01  2.50000000E+01  2.85036000E-01  1.25000000E-04
  2.40000000E+01  2.70000000E+01  6.42488000E-02  8.70000000E-05
  2.40000000E+01  2.90000000E+01  5.48355000E-02  1.02000000E-04
  2.40000000E+01  3.00000000E+01  8.85796000E-02  1.06000000E-04
  2.40000000E+01  4.10000000E+01  5.35768000E-03  1.25370000E-04
  2.50000000E+01  2.50000000E+01  1.45529000E-03  1.25000000E-04
  2.50000000E+01  2.70000000E+01  3.72930000E-03  8.70000000E-05
  2.50000000E+01  2.90000000E+01  1.09667000E-02  1.02000000E-04
  2.50000000E+01  3.00000000E+01  3.62062000E-03  1.06000000E-04
  2.50000000E+01  4.10000000E+01  2.62117000E-04  1.25370000E-04
  2.70000000E+01  2.70000000E+01  2.07361000E-02  4.90000000E-05
  2.70000000E+01  2.90000000E+01  1.67718000E-02  6.40000000E-05
  2.70000000E+01  3.00000000E+01  2.04668000E-02  6.80000000E-05
  2.70000000E+01  4.10000000E+01  1.87135000E-03  8.73700000E-05
  2.90000000E+01  2.90000000E+01  5.20293000E-02  7.90000000E-05
  2.90000000E+01  3.00000000E+01  1.64964000E-01  8.30000000E-05
  2.90000000E+01  4.10000000E+01  6.49655000E-03  1.02370000E-04
  3.00000000E+01  3.00000000E+01  6.81004000E-02  8.70000000E-05
  3.00000000E+01  4.10000000E+01  5.43463000E-03  1.06370000E-04
                                                                       1
 62000  0  7  150.35     180717  2  0.0         1.0000E+50  0.0
92931 91  0.0         22.         0.0         0.0         0.0
  2.40000000E+01  1.65880000E-07  1.26000000E-04
  2.50000000E+01  3.35750000E-06  1.26000000E-04
  3.00000000E+01  9.95360000E-06  1.07000000E-04
                                                                       1
 62000  0  9  150.35     180717  2  0.0         1.0000E+50  0.0
92932 91  0.0         22.         0.0         0.0         0.0
  2.40000000E+01  2.40000000E+01  6.80555000E-03  1.20000000E-04
  2.40000000E+01  2.50000000E+01  3.45608000E-01  1.20000000E-04
  2.40000000E+01  2.70000000E+01  1.38219000E-02  8.20000000E-05
  2.40000000E+01  2.90000000E+01  7.81197000E-03  9.70000000E-05
  2.40000000E+01  3.00000000E+01  3.04752000E-02  1.01000000E-04
  2.40000000E+01  4.10000000E+01  1.04714000E-03  1.20370000E-04
  2.50000000E+01  2.50000000E+01  1.98866000E-01  1.20000000E-04
  2.50000000E+01  2.70000000E+01  1.01843000E-01  8.20000000E-05
  2.50000000E+01  2.90000000E+01  9.98080000E-02  9.70000000E-05
  2.50000000E+01  3.00000000E+01  1.38658000E-01  1.01000000E-04
  2.50000000E+01  4.10000000E+01  8.56460000E-03  1.20370000E-04
  2.70000000E+01  2.70000000E+01  1.05066000E-02  4.40000000E-05
  2.70000000E+01  2.90000000E+01  4.79946000E-03  5.90000000E-05
  2.70000000E+01  3.00000000E+01  1.27440000E-02  6.30000000E-05
  2.70000000E+01  4.10000000E+01  9.34866000E-04  8.23700000E-05
  2.90000000E+01  2.90000000E+01  9.88139000E-04  7.40000000E-05
  2.90000000E+01  3.00000000E+01  9.74009000E-03  7.80000000E-05
  2.90000000E+01  4.10000000E+01  2.09775000E-04  9.73700000E-05
  3.00000000E+01  3.00000000E+01  6.18497000E-03  8.20000000E-05
  3.00000000E+01  4.10000000E+01  5.68631000E-04  1.01370000E-04
                                                                       1
 62000  0  7  150.35     180717  2  0.0         1.0000E+50  0.0
92931 91  0.0         27.         0.0         0.0         0.0
  2.90000000E+01  1.61451000E-08  1.50000000E-05
  3.00000000E+01  5.79734000E-08  1.90000000E-05
                                                                       1
 62000  0  9  150.35     180717  2  0.0         1.0000E+50  0.0
92932 91  0.0         27.         0.0         0.0         0.0
  2.90000000E+01  4.10000000E+01  4.01753000E-01  9.37000000E-06
  3.00000000E+01  4.10000000E+01  5.90344000E-01  1.33700000E-05
  4.10000000E+01  4.10000000E+01  7.90345000E-03  3.27400000E-05
                                                                       1
