 65000  0  0  158.924    180717  2  0.0         1.0000E+50  0.0
91912  0  0.0         0.0         0.0         0.0         0.0
 1.000000000E+00 2.000000000E+00
 3.000000000E+00 2.000000000E+00
 5.000000000E+00 2.000000000E+00
 6.000000000E+00 4.000000000E+00
 8.000000000E+00 2.000000000E+00
 1.000000000E+01 2.000000000E+00
 1.100000000E+01 4.000000000E+00
 1.300000000E+01 4.000000000E+00
 1.400000000E+01 6.000000000E+00
 1.600000000E+01 2.000000000E+00
 1.800000000E+01 2.000000000E+00
 1.900000000E+01 4.000000000E+00
 2.100000000E+01 4.000000000E+00
 2.200000000E+01 6.000000000E+00
 2.400000000E+01 3.860000000E+00
 2.500000000E+01 5.140000000E+00
 2.700000000E+01 2.000000000E+00
 2.900000000E+01 2.000000000E+00
 3.000000000E+01 4.000000000E+00
 4.100000000E+01 2.000000000E+00
                                                                       1
 65000  0  0  158.924    180717  2  0.0         1.0000E+50  0.0
91913  0  0.0         0.0         0.0         0.0         0.0
 1.000000000E+00 5.199900000E-02
 3.000000000E+00 8.711000000E-03
 5.000000000E+00 8.256000000E-03
 6.000000000E+00 7.518000000E-03
 8.000000000E+00 1.965000000E-03
 1.000000000E+01 1.768000000E-03
 1.100000000E+01 1.612000000E-03
 1.300000000E+01 1.277000000E-03
 1.400000000E+01 1.243000000E-03
 1.600000000E+01 3.980000000E-04
 1.800000000E+01 3.150000000E-04
 1.900000000E+01 2.850000000E-04
 2.100000000E+01 1.570000000E-04
 2.200000000E+01 1.500000000E-04
 2.400000000E+01 6.000000000E-06
 2.500000000E+01 5.900000000E-06
 2.700000000E+01 4.800000000E-05
 2.900000000E+01 3.200000000E-05
 3.000000000E+01 2.800000000E-05
 4.100000000E+01 5.900000000E-06
                                                                       1
 65000  0  0  158.924    180717  2  0.0         1.0000E+50  0.0
91914  0  0.0         0.0         0.0         0.0         0.0
 1.000000000E+00 6.822696299E-02
 3.000000000E+00 1.563904267E-02
 5.000000000E+00 1.556676101E-02
 6.000000000E+00 1.279962213E-02
 8.000000000E+00 4.889051555E-03
 1.000000000E+01 4.769687692E-03
 1.100000000E+01 4.107531062E-03
 1.300000000E+01 3.928147850E-03
 1.400000000E+01 3.775140607E-03
 1.600000000E+01 1.538241973E-03
 1.800000000E+01 1.403444620E-03
 1.900000000E+01 1.236074936E-03
 2.100000000E+01 1.014990971E-03
 2.200000000E+01 9.691911336E-04
 2.400000000E+01 3.465158807E-04
 2.500000000E+01 3.627540399E-04
 2.700000000E+01 2.851109833E-04
 2.900000000E+01 2.420248139E-04
 3.000000000E+01 2.081072852E-04
 4.100000000E+01 3.345935728E-05
                                                                       1
 65000  0  0  158.924    180717  2  0.0         1.0000E+50  0.0
91915  0  0.0         0.0         0.0         0.0         0.0
 1.000000000E+00 1.136500000E-10
 3.000000000E+00 4.800000000E-10
 5.000000000E+00 3.996700000E-10
 6.000000000E+00 4.363600000E-10
 8.000000000E+00 1.257700000E-09
 1.000000000E+01 1.201700000E-09
 1.100000000E+01 1.270800000E-09
 1.300000000E+01 1.123000000E-09
 1.400000000E+01 1.144600000E-09
 1.600000000E+01 2.846000000E-09
 1.800000000E+01 2.900100000E-09
 1.900000000E+01 3.057600000E-09
 2.100000000E+01 3.226000000E-09
 2.200000000E+01 3.280800000E-09
 2.400000000E+01 4.367500000E-09
 2.500000000E+01 4.440800000E-09
 2.700000000E+01 6.912200000E-09
 2.900000000E+01 7.750200000E-09
 3.000000000E+01 8.271500000E-09
 4.100000000E+01 2.196100000E-08
                                                                       1
 65000  0  0  158.924    180717  2  0.0         1.0000E+50  0.0
91921  0  0.0         0.0         0.0         0.0         0.0
 1.000000000E+00 2.174200000E-05
 3.000000000E+00 4.224900000E-07
 5.000000000E+00 7.234000000E-07
 6.000000000E+00 6.615000000E-07
 8.000000000E+00 1.315900000E-08
 1.000000000E+01 1.349300000E-08
 1.100000000E+01 1.389200000E-08
 1.300000000E+01 9.021900000E-09
 1.400000000E+01 8.482900000E-09
 1.600000000E+01 3.367500000E-10
 1.800000000E+01 6.633300000E-10
 1.900000000E+01 4.496000000E-10
 2.100000000E+01 3.803900000E-10
 2.200000000E+01 3.462300000E-10
 2.700000000E+01 1.629100000E-11
                                                                       1
 65000  0  0  158.924    180717  2  0.0         1.0000E+50  0.0
91922  0  0.0         0.0         0.0         0.0         0.0
 1.000000000E+00 1.478200000E-06
 3.000000000E+00 4.294000000E-06
 5.000000000E+00 3.049700000E-06
 6.000000000E+00 2.968900000E-06
 8.000000000E+00 1.651600000E-05
 1.000000000E+01 8.470100000E-06
 1.100000000E+01 8.559300000E-06
 1.300000000E+01 1.544100000E-06
 1.400000000E+01 9.969000000E-07
 1.600000000E+01 1.133900000E-05
 1.800000000E+01 1.441700000E-05
 1.900000000E+01 7.547000000E-06
 2.100000000E+01 3.423300000E-06
 2.200000000E+01 2.841700000E-06
 2.700000000E+01 2.313500000E-06
                                                                       1
 65000  0  0  158.924    180717  2  0.0         1.0000E+50  0.0
92935  0  0.0         0.0         0.0         0.0         0.0
 1.000000000E+00 1.191552191E-04
 3.000000000E+00 1.483594855E-04
 5.000000000E+00 1.245730649E-04
 6.000000000E+00 1.169465554E-04
 8.000000000E+00 1.111151772E-04
 1.000000000E+01 9.369674005E-05
 1.100000000E+01 8.552120341E-05
 1.300000000E+01 6.123180055E-05
 1.400000000E+01 5.756929632E-05
 1.600000000E+01 6.416593321E-05
 1.800000000E+01 5.128389399E-05
 1.900000000E+01 4.487948868E-05
 2.100000000E+01 3.029467464E-05
 2.200000000E+01 2.617266187E-05
 2.400000000E+01 6.000000000E-06
 2.500000000E+01 5.900000000E-06
 2.700000000E+01 3.184303623E-05
 2.900000000E+01 3.200000000E-05
 3.000000000E+01 2.800000000E-05
 4.100000000E+01 5.900000000E-06
                                                                       1
 65000  0  7  158.924    180717  2  0.0         1.0000E+50  0.0
92933  0  0.0         0.0         0.0         0.0         0.0
 1.000000000E+00 1.112550000E+00
 3.000000000E+00 2.010550000E-01
 5.000000000E+00 2.282970000E-01
 6.000000000E+00 1.890150000E-01
 8.000000000E+00 1.138120000E-02
 1.000000000E+01 1.172600000E-02
 1.100000000E+01 1.112460000E-02
 1.300000000E+01 1.011880000E-02
 1.400000000E+01 9.558940000E-03
 1.600000000E+01 3.862740000E-04
 1.800000000E+01 4.741150000E-04
 1.900000000E+01 1.707490000E-04
 2.100000000E+01 2.798860000E-05
 2.200000000E+01 2.752650000E-05
 2.700000000E+01 2.649290000E-07
                                                                       1
 65000  0  7  158.924    180717  2  0.0         1.0000E+50  0.0
92934  0  0.0         0.0         0.0         0.0         0.0
 1.000000000E+00 4.374408384E-02
 3.000000000E+00 1.301854134E-03
 5.000000000E+00 1.509973819E-03
 6.000000000E+00 1.122716582E-03
 8.000000000E+00 1.382047293E-05
 1.000000000E+01 1.385582023E-05
 1.100000000E+01 1.312657415E-05
 1.300000000E+01 1.119836145E-05
 1.400000000E+01 1.056789691E-05
 1.600000000E+01 7.322906923E-08
 1.800000000E+01 8.120600316E-08
 1.900000000E+01 2.623918659E-08
 2.100000000E+01 3.811123918E-09
 2.200000000E+01 3.645372351E-09
 2.700000000E+01 3.612473532E-12
                                                                       1
 65000  0  9  158.924    180717  2  0.0         1.0000E+50  0.0
92933  0  0.0         0.0         0.0         0.0         0.0
 1.000000000E+00 7.647020000E+00
 3.000000000E+00 9.622720000E+00
 5.000000000E+00 7.993000000E+00
 6.000000000E+00 7.521800000E+00
 8.000000000E+00 6.855230000E+00
 1.000000000E+01 5.650250000E+00
 1.100000000E+01 5.158220000E+00
 1.300000000E+01 3.430560000E+00
 1.400000000E+01 3.287920000E+00
 1.600000000E+01 2.981730000E+00
 1.800000000E+01 2.586280000E+00
 1.900000000E+01 2.113280000E+00
 2.100000000E+01 1.164790000E+00
 2.200000000E+01 1.112060000E+00
 2.700000000E+01 1.000000000E+00
                                                                       1
 65000  0  9  158.924    180717  2  0.0         1.0000E+50  0.0
92934  0  0.0         0.0         0.0         0.0         0.0
 1.000000000E+00 8.135735972E-03
 3.000000000E+00 7.260790398E-03
 5.000000000E+00 6.621450118E-03
 6.000000000E+00 6.278335861E-03
 8.000000000E+00 1.840063436E-03
 1.000000000E+01 1.660451876E-03
 1.100000000E+01 1.513349800E-03
 1.300000000E+01 1.204573432E-03
 1.400000000E+01 1.174867700E-03
 1.600000000E+01 3.337609001E-04
 1.800000000E+01 2.636350633E-04
 1.900000000E+01 2.400940436E-04
 2.100000000E+01 1.267018058E-04
 2.200000000E+01 1.238236438E-04
 2.700000000E+01 1.014086622E-05
                                                                       1
 65000  0  7  158.924    180717  2  0.0         1.0000E+50  0.0
92931 91  0.0         1.          0.0         0.0         0.0
  5.00000000E+00  2.69190000E-01  4.37430000E-02
  6.00000000E+00  4.82480000E-01  4.44810000E-02
  1.00000000E+01  4.93490000E-02  5.02310000E-02
  1.10000000E+01  9.54509000E-02  5.03870000E-02
  1.30000000E+01  7.82680000E-04  5.07220000E-02
  1.40000000E+01  1.02710000E-03  5.07560000E-02
  1.80000000E+01  1.08290000E-02  5.16840000E-02
  1.90000000E+01  2.09880000E-02  5.17140000E-02
  2.10000000E+01  1.75640000E-04  5.18420000E-02
  2.20000000E+01  2.29690000E-04  5.18490000E-02
  2.90000000E+01  2.32380000E-03  5.19670000E-02
  3.00000000E+01  4.80430000E-03  5.19710000E-02
                                                                       1
 65000  0  9  158.924    180717  2  0.0         1.0000E+50  0.0
92932 91  0.0         1.          0.0         0.0         0.0
  3.00000000E+00  3.00000000E+00  5.63350000E-03  3.45770000E-02
  3.00000000E+00  5.00000000E+00  7.35518000E-03  3.50320000E-02
  3.00000000E+00  6.00000000E+00  6.71148000E-03  3.57700000E-02
  3.00000000E+00  8.00000000E+00  2.14442000E-03  4.13230000E-02
  3.00000000E+00  1.00000000E+01  1.51142000E-03  4.15200000E-02
  3.00000000E+00  1.10000000E+01  1.42667000E-03  4.16760000E-02
  3.00000000E+00  1.30000000E+01  1.05966000E-04  4.20110000E-02
  3.00000000E+00  1.40000000E+01  1.00578000E-04  4.20450000E-02
  3.00000000E+00  1.60000000E+01  5.02166000E-04  4.28900000E-02
  3.00000000E+00  1.80000000E+01  3.40639000E-04  4.29730000E-02
  3.00000000E+00  1.90000000E+01  3.18938000E-04  4.30030000E-02
  3.00000000E+00  2.10000000E+01  2.35359000E-05  4.31310000E-02
  3.00000000E+00  2.20000000E+01  2.20428000E-05  4.31380000E-02
  3.00000000E+00  2.70000000E+01  8.16285000E-05  4.32400000E-02
  3.00000000E+00  2.90000000E+01  4.45459000E-05  4.32560000E-02
  3.00000000E+00  3.00000000E+01  3.98385000E-05  4.32600000E-02
  3.00000000E+00  4.10000000E+01  6.42903000E-06  4.32821000E-02
  5.00000000E+00  5.00000000E+00  6.75081000E-04  3.54870000E-02
  5.00000000E+00  6.00000000E+00  1.33809000E-02  3.62250000E-02
  5.00000000E+00  8.00000000E+00  1.17830000E-03  4.17780000E-02
  5.00000000E+00  1.00000000E+01  2.45576000E-04  4.19750000E-02
  5.00000000E+00  1.10000000E+01  2.36454000E-03  4.21310000E-02
  5.00000000E+00  1.30000000E+01  1.18026000E-04  4.24660000E-02
  5.00000000E+00  1.40000000E+01  3.65894000E-04  4.25000000E-02
  5.00000000E+00  1.60000000E+01  2.65668000E-04  4.33450000E-02
  5.00000000E+00  1.80000000E+01  5.39597000E-05  4.34280000E-02
  5.00000000E+00  1.90000000E+01  5.08961000E-04  4.34580000E-02
  5.00000000E+00  2.10000000E+01  2.54872000E-05  4.35860000E-02
  5.00000000E+00  2.20000000E+01  7.88709000E-05  4.35930000E-02
  5.00000000E+00  2.40000000E+01  3.44428000E-07  4.37370000E-02
  5.00000000E+00  2.50000000E+01  2.29606000E-07  4.37371000E-02
  5.00000000E+00  2.70000000E+01  4.28242000E-05  4.36950000E-02
  5.00000000E+00  2.90000000E+01  7.00339000E-06  4.37110000E-02
  5.00000000E+00  3.00000000E+01  6.30298000E-05  4.37150000E-02
  5.00000000E+00  4.10000000E+01  3.32945000E-06  4.37371000E-02
  6.00000000E+00  6.00000000E+00  6.31127000E-03  3.69630000E-02
  6.00000000E+00  8.00000000E+00  1.02148000E-03  4.25160000E-02
  6.00000000E+00  1.00000000E+01  2.25774000E-03  4.27130000E-02
  6.00000000E+00  1.10000000E+01  2.29889000E-03  4.28690000E-02
  6.00000000E+00  1.30000000E+01  4.24674000E-04  4.32040000E-02
  6.00000000E+00  1.40000000E+01  3.76931000E-04  4.32380000E-02
  6.00000000E+00  1.60000000E+01  2.27675000E-04  4.40830000E-02
  6.00000000E+00  1.80000000E+01  4.89191000E-04  4.41660000E-02
  6.00000000E+00  1.90000000E+01  4.98518000E-04  4.41960000E-02
  6.00000000E+00  2.10000000E+01  9.21910000E-05  4.43240000E-02
  6.00000000E+00  2.20000000E+01  8.15194000E-05  4.43310000E-02
  6.00000000E+00  2.40000000E+01  6.88825000E-07  4.44750000E-02
  6.00000000E+00  2.50000000E+01  3.44442000E-07  4.44751000E-02
  6.00000000E+00  2.70000000E+01  3.66252000E-05  4.44330000E-02
  6.00000000E+00  2.90000000E+01  6.36056000E-05  4.44490000E-02
  6.00000000E+00  3.00000000E+01  6.17676000E-05  4.44530000E-02
  6.00000000E+00  4.10000000E+01  2.87028000E-06  4.44751000E-02
  8.00000000E+00  8.00000000E+00  2.00911000E-04  4.80690000E-02
  8.00000000E+00  1.00000000E+01  2.43971000E-04  4.82660000E-02
  8.00000000E+00  1.10000000E+01  2.19281000E-04  4.84220000E-02
  8.00000000E+00  1.30000000E+01  1.56139000E-05  4.87570000E-02
  8.00000000E+00  1.40000000E+01  1.41217000E-05  4.87910000E-02
  8.00000000E+00  1.60000000E+01  9.37969000E-05  4.96360000E-02
  8.00000000E+00  1.80000000E+01  5.51074000E-05  4.97190000E-02
  8.00000000E+00  1.90000000E+01  4.91370000E-05  4.97490000E-02
  8.00000000E+00  2.10000000E+01  3.44431000E-06  4.98770000E-02
  8.00000000E+00  2.20000000E+01  3.09983000E-06  4.98840000E-02
  8.00000000E+00  2.70000000E+01  1.52690000E-05  4.99860000E-02
  8.00000000E+00  2.90000000E+01  7.23291000E-06  5.00020000E-02
  8.00000000E+00  3.00000000E+01  6.08495000E-06  5.00060000E-02
  8.00000000E+00  4.10000000E+01  1.14813000E-06  5.00281000E-02
  1.00000000E+01  1.00000000E+01  2.15843000E-05  4.84630000E-02
  1.00000000E+01  1.10000000E+01  4.07457000E-04  4.86190000E-02
  1.00000000E+01  1.30000000E+01  1.61880000E-05  4.89540000E-02
  1.00000000E+01  1.40000000E+01  4.75292000E-05  4.89880000E-02
  1.00000000E+01  1.60000000E+01  5.51075000E-05  4.98330000E-02
  1.00000000E+01  1.80000000E+01  9.41467000E-06  4.99160000E-02
  1.00000000E+01  1.90000000E+01  8.80585000E-05  4.99460000E-02
  1.00000000E+01  2.10000000E+01  3.55904000E-06  5.00740000E-02
  1.00000000E+01  2.20000000E+01  1.03331000E-05  5.00810000E-02
  1.00000000E+01  2.70000000E+01  8.84024000E-06  5.01830000E-02
  1.00000000E+01  2.90000000E+01  1.26296000E-06  5.01990000E-02
  1.00000000E+01  3.00000000E+01  1.09062000E-05  5.02030000E-02
  1.00000000E+01  4.10000000E+01  6.88804000E-07  5.02251000E-02
  1.10000000E+01  1.10000000E+01  2.10682000E-04  4.87750000E-02
  1.10000000E+01  1.30000000E+01  6.13097000E-05  4.91100000E-02
  1.10000000E+01  1.40000000E+01  5.29262000E-05  4.91440000E-02
  1.10000000E+01  1.60000000E+01  4.90239000E-05  4.99890000E-02
  1.10000000E+01  1.80000000E+01  8.86337000E-05  5.00720000E-02
  1.10000000E+01  1.90000000E+01  9.15022000E-05  5.01020000E-02
  1.10000000E+01  2.10000000E+01  1.34331000E-05  5.02300000E-02
  1.10000000E+01  2.20000000E+01  1.14814000E-05  5.02370000E-02
  1.10000000E+01  2.40000000E+01  1.14814000E-07  5.03810000E-02
  1.10000000E+01  2.70000000E+01  7.92155000E-06  5.03390000E-02
  1.10000000E+01  2.90000000E+01  1.14814000E-05  5.03550000E-02
  1.10000000E+01  3.00000000E+01  1.13658000E-05  5.03590000E-02
  1.10000000E+01  4.10000000E+01  5.74036000E-07  5.03811000E-02
  1.30000000E+01  1.30000000E+01  1.15465000E-07  4.94450000E-02
  1.30000000E+01  1.40000000E+01  7.50485000E-06  4.94790000E-02
  1.30000000E+01  1.60000000E+01  3.46388000E-06  5.03240000E-02
  1.30000000E+01  1.80000000E+01  3.34840000E-06  5.04070000E-02
  1.30000000E+01  1.90000000E+01  1.27013000E-05  5.04370000E-02
  1.30000000E+01  2.20000000E+01  1.61646000E-06  5.05720000E-02
  1.30000000E+01  2.70000000E+01  5.77290000E-07  5.06740000E-02
  1.30000000E+01  2.90000000E+01  4.61834000E-07  5.06900000E-02
  1.30000000E+01  3.00000000E+01  1.61646000E-06  5.06940000E-02
  1.40000000E+01  1.40000000E+01  1.72215000E-06  4.95130000E-02
  1.40000000E+01  1.60000000E+01  3.09982000E-06  5.03580000E-02
  1.40000000E+01  1.80000000E+01  9.75889000E-06  5.04410000E-02
  1.40000000E+01  1.90000000E+01  1.09062000E-05  5.04710000E-02
  1.40000000E+01  2.10000000E+01  1.60732000E-06  5.05990000E-02
  1.40000000E+01  2.20000000E+01  6.88800000E-07  5.06060000E-02
  1.40000000E+01  2.70000000E+01  4.59223000E-07  5.07080000E-02
  1.40000000E+01  2.90000000E+01  1.26295000E-06  5.07240000E-02
  1.40000000E+01  3.00000000E+01  1.37767000E-06  5.07280000E-02
  1.60000000E+01  1.60000000E+01  1.09860000E-05  5.12030000E-02
  1.60000000E+01  1.80000000E+01  1.24900000E-05  5.12860000E-02
  1.60000000E+01  1.90000000E+01  1.11014000E-05  5.13160000E-02
  1.60000000E+01  2.10000000E+01  8.09506000E-07  5.14440000E-02
  1.60000000E+01  2.20000000E+01  6.93842000E-07  5.14510000E-02
  1.60000000E+01  2.70000000E+01  3.58508000E-06  5.15530000E-02
  1.60000000E+01  2.90000000E+01  1.61908000E-06  5.15690000E-02
  1.60000000E+01  3.00000000E+01  1.38776000E-06  5.15730000E-02
  1.60000000E+01  4.10000000E+01  2.31288000E-07  5.15951000E-02
  1.80000000E+01  1.80000000E+01  1.02824000E-06  5.13690000E-02
  1.80000000E+01  1.90000000E+01  1.90790000E-05  5.13990000E-02
  1.80000000E+01  2.10000000E+01  6.85422000E-07  5.15270000E-02
  1.80000000E+01  2.20000000E+01  2.05639000E-06  5.15340000E-02
  1.80000000E+01  2.70000000E+01  1.94212000E-06  5.16360000E-02
  1.80000000E+01  2.90000000E+01  2.28481000E-07  5.16520000E-02
  1.80000000E+01  3.00000000E+01  2.39906000E-06  5.16560000E-02
  1.80000000E+01  4.10000000E+01  1.14249000E-07  5.16781000E-02
  1.90000000E+01  1.90000000E+01  9.87381000E-06  5.14290000E-02
  1.90000000E+01  2.10000000E+01  2.75542000E-06  5.15570000E-02
  1.90000000E+01  2.20000000E+01  2.41094000E-06  5.15640000E-02
  1.90000000E+01  2.70000000E+01  1.72219000E-06  5.16660000E-02
  1.90000000E+01  2.90000000E+01  2.52587000E-06  5.16820000E-02
  1.90000000E+01  3.00000000E+01  2.41094000E-06  5.16860000E-02
  1.90000000E+01  4.10000000E+01  1.14815000E-07  5.17081000E-02
  2.10000000E+01  2.20000000E+01  3.44432000E-07  5.16920000E-02
  2.10000000E+01  2.70000000E+01  1.14813000E-07  5.17940000E-02
  2.10000000E+01  2.90000000E+01  1.14813000E-07  5.18100000E-02
  2.10000000E+01  3.00000000E+01  3.44432000E-07  5.18140000E-02
  2.20000000E+01  2.20000000E+01  1.19132000E-07  5.16990000E-02
  2.20000000E+01  2.70000000E+01  1.19132000E-07  5.18010000E-02
  2.20000000E+01  2.90000000E+01  2.38246000E-07  5.18170000E-02
  2.20000000E+01  3.00000000E+01  3.57389000E-07  5.18210000E-02
  2.70000000E+01  2.70000000E+01  4.25606000E-07  5.19030000E-02
  2.70000000E+01  2.90000000E+01  2.83722000E-07  5.19190000E-02
  2.70000000E+01  3.00000000E+01  2.83722000E-07  5.19230000E-02
  2.90000000E+01  3.00000000E+01  3.44430000E-07  5.19390000E-02
  3.00000000E+01  3.00000000E+01  1.14810000E-07  5.19430000E-02
                                                                       1
 65000  0  7  158.924    180717  2  0.0         1.0000E+50  0.0
92931 91  0.0         3.          0.0         0.0         0.0
  5.00000000E+00  1.92190000E-05  4.55000000E-04
  6.00000000E+00  9.90679000E-04  1.19300000E-03
  1.00000000E+01  2.51770000E-02  6.94300000E-03
  1.10000000E+01  3.55210000E-02  7.09900000E-03
  1.30000000E+01  5.55120000E-04  7.43400000E-03
  1.40000000E+01  8.30699000E-04  7.46800000E-03
  1.80000000E+01  5.96490000E-03  8.39600000E-03
  1.90000000E+01  8.76939000E-03  8.42600000E-03
  2.10000000E+01  7.52289000E-05  8.55400000E-03
  2.20000000E+01  1.16020000E-04  8.56100000E-03
  2.90000000E+01  8.17579000E-04  8.67900000E-03
  3.00000000E+01  1.16360000E-03  8.68300000E-03
                                                                       1
 65000  0  9  158.924    180717  2  0.0         1.0000E+50  0.0
92932 91  0.0         3.          0.0         0.0         0.0
  5.00000000E+00  1.60000000E+01  4.97912000E-02  5.70000000E-05
  5.00000000E+00  1.80000000E+01  3.76816000E-02  1.40000000E-04
  5.00000000E+00  1.90000000E+01  4.31422000E-02  1.70000000E-04
  5.00000000E+00  2.10000000E+01  1.15507000E-02  2.98000000E-04
  5.00000000E+00  2.20000000E+01  1.75580000E-02  3.05000000E-04
  5.00000000E+00  2.40000000E+01  2.75456000E-02  4.49000000E-04
  5.00000000E+00  2.50000000E+01  1.34191000E-02  4.49100000E-04
  5.00000000E+00  2.70000000E+01  7.79855000E-03  4.07000000E-04
  5.00000000E+00  2.90000000E+01  4.65860000E-03  4.23000000E-04
  5.00000000E+00  3.00000000E+01  5.12735000E-03  4.27000000E-04
  5.00000000E+00  4.10000000E+01  6.06871000E-04  4.49100000E-04
  6.00000000E+00  1.60000000E+01  5.53219000E-02  7.95000000E-04
  6.00000000E+00  1.80000000E+01  2.33841000E-02  8.78000000E-04
  6.00000000E+00  1.90000000E+01  4.04701000E-02  9.08000000E-04
  6.00000000E+00  2.10000000E+01  6.33774000E-02  1.03600000E-03
  6.00000000E+00  2.20000000E+01  7.89093000E-02  1.04300000E-03
  6.00000000E+00  2.40000000E+01  3.90181000E-02  1.18700000E-03
  6.00000000E+00  2.50000000E+01  1.84400000E-02  1.18710000E-03
  6.00000000E+00  2.70000000E+01  8.64777000E-03  1.14500000E-03
  6.00000000E+00  2.90000000E+01  2.96551000E-03  1.16100000E-03
  6.00000000E+00  3.00000000E+01  4.95219000E-03  1.16500000E-03
  6.00000000E+00  4.10000000E+01  6.73324000E-04  1.18710000E-03
  8.00000000E+00  8.00000000E+00  1.16100000E-02  4.78100000E-03
  8.00000000E+00  1.00000000E+01  2.33675000E-02  4.97800000E-03
  8.00000000E+00  1.10000000E+01  4.12563000E-02  5.13400000E-03
  8.00000000E+00  1.30000000E+01  3.22199000E-02  5.46900000E-03
  8.00000000E+00  1.40000000E+01  4.41745000E-02  5.50300000E-03
  8.00000000E+00  1.60000000E+01  4.61640000E-03  6.34800000E-03
  8.00000000E+00  1.80000000E+01  5.15901000E-03  6.43100000E-03
  8.00000000E+00  1.90000000E+01  8.98979000E-03  6.46100000E-03
  8.00000000E+00  2.10000000E+01  5.98414000E-03  6.58900000E-03
  8.00000000E+00  2.20000000E+01  8.13739000E-03  6.59600000E-03
  8.00000000E+00  2.40000000E+01  2.69919000E-04  6.74000000E-03
  8.00000000E+00  2.50000000E+01  1.18343000E-04  6.74010000E-03
  8.00000000E+00  2.70000000E+01  7.32196000E-04  6.69800000E-03
  8.00000000E+00  2.90000000E+01  6.72156000E-04  6.71400000E-03
  8.00000000E+00  3.00000000E+01  1.11522000E-03  6.71800000E-03
  8.00000000E+00  4.10000000E+01  5.71284000E-05  6.74010000E-03
  1.00000000E+01  1.00000000E+01  8.91929000E-05  5.17500000E-03
  1.00000000E+01  1.10000000E+01  6.79147000E-04  5.33100000E-03
  1.00000000E+01  1.30000000E+01  1.19092000E-03  5.66600000E-03
  1.00000000E+01  1.40000000E+01  1.26933000E-02  5.70000000E-03
  1.00000000E+01  1.60000000E+01  3.67847000E-03  6.54500000E-03
  1.00000000E+01  1.80000000E+01  1.69059000E-05  6.62800000E-03
  1.00000000E+01  1.90000000E+01  1.37573000E-04  6.65800000E-03
  1.00000000E+01  2.10000000E+01  2.14540000E-04  6.78600000E-03
  1.00000000E+01  2.20000000E+01  1.51447000E-03  6.79300000E-03
  1.00000000E+01  2.40000000E+01  9.32731000E-05  6.93700000E-03
  1.00000000E+01  2.50000000E+01  1.23589000E-04  6.93710000E-03
  1.00000000E+01  2.70000000E+01  5.53811000E-04  6.89500000E-03
  1.00000000E+01  2.90000000E+01  1.74890000E-06  6.91100000E-03
  1.00000000E+01  3.00000000E+01  1.69059000E-05  6.91500000E-03
  1.00000000E+01  4.10000000E+01  4.31394000E-05  6.93710000E-03
  1.10000000E+01  1.10000000E+01  1.00330000E-03  5.48700000E-03
  1.10000000E+01  1.30000000E+01  6.73781000E-03  5.82200000E-03
  1.10000000E+01  1.40000000E+01  4.39427000E-03  5.85600000E-03
  1.10000000E+01  1.60000000E+01  6.47256000E-03  6.70100000E-03
  1.10000000E+01  1.80000000E+01  1.41666000E-04  6.78400000E-03
  1.10000000E+01  1.90000000E+01  3.24123000E-04  6.81400000E-03
  1.10000000E+01  2.10000000E+01  6.23764000E-04  6.94200000E-03
  1.10000000E+01  2.20000000E+01  4.12164000E-04  6.94900000E-03
  1.10000000E+01  2.40000000E+01  2.50088000E-04  7.09300000E-03
  1.10000000E+01  2.50000000E+01  7.63682000E-05  7.09310000E-03
  1.10000000E+01  2.70000000E+01  9.74128000E-04  7.05100000E-03
  1.10000000E+01  2.90000000E+01  1.80719000E-05  7.06700000E-03
  1.10000000E+01  3.00000000E+01  3.84761000E-05  7.07100000E-03
  1.10000000E+01  4.10000000E+01  7.52020000E-05  7.09310000E-03
  1.30000000E+01  1.30000000E+01  1.88241000E-03  6.15700000E-03
  1.30000000E+01  1.40000000E+01  6.26777000E-02  6.19100000E-03
  1.30000000E+01  1.60000000E+01  4.73438000E-03  7.03600000E-03
  1.30000000E+01  1.80000000E+01  3.31718000E-04  7.11900000E-03
  1.30000000E+01  1.90000000E+01  1.55189000E-03  7.14900000E-03
  1.30000000E+01  2.10000000E+01  6.86162000E-04  7.27700000E-03
  1.30000000E+01  2.20000000E+01  8.23213000E-03  7.28400000E-03
  1.30000000E+01  2.40000000E+01  3.14813000E-04  7.42800000E-03
  1.30000000E+01  2.50000000E+01  3.31142000E-04  7.42810000E-03
  1.30000000E+01  2.70000000E+01  7.04826000E-04  7.38600000E-03
  1.30000000E+01  2.90000000E+01  4.48883000E-05  7.40200000E-03
  1.30000000E+01  3.00000000E+01  1.94132000E-04  7.40600000E-03
  1.30000000E+01  4.10000000E+01  5.47990000E-05  7.42810000E-03
  1.40000000E+01  1.40000000E+01  1.75861000E-02  6.22500000E-03
  1.40000000E+01  1.60000000E+01  6.55194000E-03  7.07000000E-03
  1.40000000E+01  1.80000000E+01  2.52424000E-03  7.15300000E-03
  1.40000000E+01  1.90000000E+01  1.06270000E-03  7.18300000E-03
  1.40000000E+01  2.10000000E+01  8.09795000E-03  7.31100000E-03
  1.40000000E+01  2.20000000E+01  4.85830000E-03  7.31800000E-03
  1.40000000E+01  2.40000000E+01  9.87565000E-04  7.46200000E-03
  1.40000000E+01  2.50000000E+01  2.84496000E-04  7.46210000E-03
  1.40000000E+01  2.70000000E+01  9.78268000E-04  7.42000000E-03
  1.40000000E+01  2.90000000E+01  3.23550000E-04  7.43600000E-03
  1.40000000E+01  3.00000000E+01  1.34078000E-04  7.44000000E-03
  1.40000000E+01  4.10000000E+01  7.57867000E-05  7.46210000E-03
  1.60000000E+01  1.60000000E+01  4.33743000E-04  7.91500000E-03
  1.60000000E+01  1.80000000E+01  8.14405000E-04  7.99800000E-03
  1.60000000E+01  1.90000000E+01  1.41424000E-03  8.02800000E-03
  1.60000000E+01  2.10000000E+01  8.77943000E-04  8.15600000E-03
  1.60000000E+01  2.20000000E+01  1.20094000E-03  8.16300000E-03
  1.60000000E+01  2.40000000E+01  3.26462000E-05  8.30700000E-03
  1.60000000E+01  2.50000000E+01  1.39920000E-05  8.30710000E-03
  1.60000000E+01  2.70000000E+01  1.35827000E-04  8.26500000E-03
  1.60000000E+01  2.90000000E+01  1.06099000E-04  8.28100000E-03
  1.60000000E+01  3.00000000E+01  1.75468000E-04  8.28500000E-03
  1.60000000E+01  4.10000000E+01  1.04926000E-05  8.30710000E-03
  1.80000000E+01  1.80000000E+01  5.82976000E-07  8.08100000E-03
  1.80000000E+01  1.90000000E+01  2.91478000E-05  8.11100000E-03
  1.80000000E+01  2.10000000E+01  5.07182000E-05  8.23900000E-03
  1.80000000E+01  2.20000000E+01  3.11890000E-04  8.24600000E-03
  1.80000000E+01  2.40000000E+01  1.22428000E-05  8.39000000E-03
  1.80000000E+01  2.50000000E+01  1.86552000E-05  8.39010000E-03
  1.80000000E+01  2.70000000E+01  1.22428000E-04  8.34800000E-03
  1.80000000E+01  3.00000000E+01  3.49771000E-06  8.36800000E-03
  1.80000000E+01  4.10000000E+01  9.32738000E-06  8.39010000E-03
  1.90000000E+01  1.90000000E+01  2.56508000E-05  8.14100000E-03
  1.90000000E+01  2.10000000E+01  1.57402000E-04  8.26900000E-03
  1.90000000E+01  2.20000000E+01  1.09596000E-04  8.27600000E-03
  1.90000000E+01  2.40000000E+01  4.31400000E-05  8.42000000E-03
  1.90000000E+01  2.50000000E+01  1.28249000E-05  8.42010000E-03
  1.90000000E+01  2.70000000E+01  2.12785000E-04  8.37800000E-03
  1.90000000E+01  2.90000000E+01  3.49774000E-06  8.39400000E-03
  1.90000000E+01  3.00000000E+01  5.82981000E-06  8.39800000E-03
  1.90000000E+01  4.10000000E+01  1.63241000E-05  8.42010000E-03
  2.10000000E+01  2.10000000E+01  5.82982000E-05  8.39700000E-03
  2.10000000E+01  2.20000000E+01  1.15194000E-03  8.40400000E-03
  2.10000000E+01  2.40000000E+01  4.02239000E-05  8.54800000E-03
  2.10000000E+01  2.50000000E+01  3.32294000E-05  8.54810000E-03
  2.10000000E+01  2.70000000E+01  1.30583000E-04  8.50600000E-03
  2.10000000E+01  2.90000000E+01  6.99571000E-06  8.52200000E-03
  2.10000000E+01  3.00000000E+01  1.98215000E-05  8.52600000E-03
  2.10000000E+01  4.10000000E+01  9.91072000E-06  8.54810000E-03
  2.20000000E+01  2.20000000E+01  3.57351000E-04  8.41100000E-03
  2.20000000E+01  2.40000000E+01  1.01431000E-04  8.55500000E-03
  2.20000000E+01  2.50000000E+01  3.26462000E-05  8.55510000E-03
  2.20000000E+01  2.70000000E+01  1.78974000E-04  8.51300000E-03
  2.20000000E+01  2.90000000E+01  4.02237000E-05  8.52900000E-03
  2.20000000E+01  3.00000000E+01  1.39920000E-05  8.53300000E-03
  2.20000000E+01  4.10000000E+01  1.39920000E-05  8.55510000E-03
  2.40000000E+01  2.40000000E+01  5.99102000E-07  8.69900000E-03
  2.40000000E+01  2.50000000E+01  4.19363000E-06  8.69910000E-03
  2.40000000E+01  2.70000000E+01  4.79290000E-06  8.65700000E-03
  2.40000000E+01  2.90000000E+01  1.79729000E-06  8.67300000E-03
  2.40000000E+01  3.00000000E+01  5.39196000E-06  8.67700000E-03
  2.40000000E+01  4.10000000E+01  5.99102000E-07  8.69910000E-03
  2.50000000E+01  2.50000000E+01  1.16597000E-06  8.69920000E-03
  2.50000000E+01  2.70000000E+01  1.74890000E-06  8.65710000E-03
  2.50000000E+01  2.90000000E+01  2.33183000E-06  8.67310000E-03
  2.50000000E+01  3.00000000E+01  1.74890000E-06  8.67710000E-03
  2.70000000E+01  2.70000000E+01  1.95371000E-05  8.61500000E-03
  2.70000000E+01  2.90000000E+01  2.93077000E-05  8.63100000E-03
  2.70000000E+01  3.00000000E+01  4.88486000E-05  8.63500000E-03
  2.70000000E+01  4.10000000E+01  3.25646000E-06  8.65710000E-03
  2.90000000E+01  3.00000000E+01  2.01821000E-06  8.65100000E-03
  2.90000000E+01  4.10000000E+01  4.03649000E-06  8.67310000E-03
  3.00000000E+01  3.00000000E+01  5.82971000E-07  8.65500000E-03
  3.00000000E+01  4.10000000E+01  2.33183000E-06  8.67710000E-03
                                                                       1
 65000  0  7  158.924    180717  2  0.0         1.0000E+50  0.0
92931 91  0.0         5.          0.0         0.0         0.0
  6.00000000E+00  6.58278000E-07  7.38000000E-04
  8.00000000E+00  5.30998000E-03  6.29100000E-03
  1.10000000E+01  1.11840000E-04  6.64400000E-03
  1.30000000E+01  1.51420000E-01  6.97900000E-03
  1.60000000E+01  1.05700000E-03  7.85800000E-03
  1.90000000E+01  2.46599000E-05  7.97100000E-03
  2.10000000E+01  2.64439000E-02  8.09900000E-03
  2.40000000E+01  2.40519000E-05  8.25000000E-03
  2.70000000E+01  1.82079000E-04  8.20800000E-03
  3.00000000E+01  5.55118000E-06  8.22800000E-03
                                                                       1
 65000  0  9  158.924    180717  2  0.0         1.0000E+50  0.0
92932 91  0.0         5.          0.0         0.0         0.0
  6.00000000E+00  1.60000000E+01  8.62883000E-03  3.40000000E-04
  6.00000000E+00  1.80000000E+01  4.71593000E-02  4.23000000E-04
  6.00000000E+00  1.90000000E+01  1.52778000E-02  4.53000000E-04
  6.00000000E+00  2.10000000E+01  5.75606000E-02  5.81000000E-04
  6.00000000E+00  2.20000000E+01  2.06816000E-02  5.88000000E-04
  6.00000000E+00  2.40000000E+01  1.28300000E-03  7.32000000E-04
  6.00000000E+00  2.50000000E+01  7.33899000E-04  7.32100000E-04
  6.00000000E+00  2.70000000E+01  1.27796000E-03  6.90000000E-04
  6.00000000E+00  2.90000000E+01  5.77966000E-03  7.06000000E-04
  6.00000000E+00  3.00000000E+01  1.87805000E-03  7.10000000E-04
  6.00000000E+00  4.10000000E+01  9.89233000E-05  7.32100000E-04
  8.00000000E+00  8.00000000E+00  8.51702000E-04  4.32600000E-03
  8.00000000E+00  1.00000000E+01  2.34347000E-02  4.52300000E-03
  8.00000000E+00  1.10000000E+01  2.27509000E-03  4.67900000E-03
  8.00000000E+00  1.30000000E+01  2.38503000E-03  5.01400000E-03
  8.00000000E+00  1.40000000E+01  2.85340000E-03  5.04800000E-03
  8.00000000E+00  1.60000000E+01  3.11301000E-04  5.89300000E-03
  8.00000000E+00  1.80000000E+01  3.47518000E-03  5.97600000E-03
  8.00000000E+00  1.90000000E+01  4.40778000E-04  6.00600000E-03
  8.00000000E+00  2.10000000E+01  3.17120000E-04  6.13400000E-03
  8.00000000E+00  2.20000000E+01  3.22949000E-04  6.14100000E-03
  8.00000000E+00  2.40000000E+01  6.98242000E-05  6.28500000E-03
  8.00000000E+00  2.50000000E+01  1.67289000E-05  6.28510000E-03
  8.00000000E+00  2.70000000E+01  4.80051000E-05  6.24300000E-03
  8.00000000E+00  2.90000000E+01  4.22574000E-04  6.25900000E-03
  8.00000000E+00  3.00000000E+01  5.38234000E-05  6.26300000E-03
  8.00000000E+00  4.10000000E+01  3.63664000E-06  6.28510000E-03
  1.00000000E+01  1.00000000E+01  2.36329000E-02  4.72000000E-03
  1.00000000E+01  1.10000000E+01  6.91970000E-02  4.87600000E-03
  1.00000000E+01  1.30000000E+01  3.69665000E-02  5.21100000E-03
  1.00000000E+01  1.40000000E+01  5.96735000E-02  5.24500000E-03
  1.00000000E+01  1.60000000E+01  5.60479000E-03  6.09000000E-03
  1.00000000E+01  1.80000000E+01  8.86160000E-03  6.17300000E-03
  1.00000000E+01  1.90000000E+01  1.48173000E-02  6.20300000E-03
  1.00000000E+01  2.10000000E+01  6.85788000E-03  6.33100000E-03
  1.00000000E+01  2.20000000E+01  1.10334000E-02  6.33800000E-03
  1.00000000E+01  2.40000000E+01  3.01832000E-04  6.48200000E-03
  1.00000000E+01  2.50000000E+01  1.06914000E-04  6.48210000E-03
  1.00000000E+01  2.70000000E+01  9.14286000E-04  6.44000000E-03
  1.00000000E+01  2.90000000E+01  1.12734000E-03  6.45600000E-03
  1.00000000E+01  3.00000000E+01  1.83280000E-03  6.46000000E-03
  1.00000000E+01  4.10000000E+01  7.12765000E-05  6.48210000E-03
  1.10000000E+01  1.10000000E+01  1.75066000E-03  5.03200000E-03
  1.10000000E+01  1.30000000E+01  4.06427000E-02  5.36700000E-03
  1.10000000E+01  1.40000000E+01  5.57722000E-03  5.40100000E-03
  1.10000000E+01  1.60000000E+01  4.62583000E-04  6.24600000E-03
  1.10000000E+01  1.80000000E+01  1.06019000E-02  6.32900000E-03
  1.10000000E+01  1.90000000E+01  6.34977000E-04  6.35900000E-03
  1.10000000E+01  2.10000000E+01  6.37720000E-03  6.48700000E-03
  1.10000000E+01  2.20000000E+01  8.26279000E-04  6.49400000E-03
  1.10000000E+01  2.40000000E+01  1.73835000E-04  6.63800000E-03
  1.10000000E+01  2.50000000E+01  3.63664000E-05  6.63810000E-03
  1.10000000E+01  2.70000000E+01  7.34622000E-05  6.59600000E-03
  1.10000000E+01  2.90000000E+01  1.29539000E-03  6.61200000E-03
  1.10000000E+01  3.00000000E+01  7.63699000E-05  6.61600000E-03
  1.10000000E+01  4.10000000E+01  5.81886000E-06  6.63810000E-03
  1.30000000E+01  1.30000000E+01  3.76824000E-02  5.70200000E-03
  1.30000000E+01  1.40000000E+01  1.57298000E-01  5.73600000E-03
  1.30000000E+01  1.60000000E+01  5.76795000E-04  6.58100000E-03
  1.30000000E+01  1.80000000E+01  5.60506000E-03  6.66400000E-03
  1.30000000E+01  1.90000000E+01  8.14768000E-03  6.69400000E-03
  1.30000000E+01  2.10000000E+01  1.17933000E-02  6.82200000E-03
  1.30000000E+01  2.20000000E+01  2.64308000E-02  6.82900000E-03
  1.30000000E+01  2.40000000E+01  1.20304000E-03  6.97300000E-03
  1.30000000E+01  2.50000000E+01  9.25173000E-04  6.97310000E-03
  1.30000000E+01  2.70000000E+01  9.45556000E-05  6.93100000E-03
  1.30000000E+01  2.90000000E+01  6.88827000E-04  6.94700000E-03
  1.30000000E+01  3.00000000E+01  9.96499000E-04  6.95100000E-03
  1.30000000E+01  4.10000000E+01  7.27365000E-06  6.97310000E-03
  1.40000000E+01  1.40000000E+01  7.54982000E-03  5.77000000E-03
  1.40000000E+01  1.60000000E+01  5.62955000E-04  6.61500000E-03
  1.40000000E+01  1.80000000E+01  8.01446000E-03  6.69800000E-03
  1.40000000E+01  1.90000000E+01  1.02408000E-03  6.72800000E-03
  1.40000000E+01  2.10000000E+01  2.04959000E-02  6.85600000E-03
  1.40000000E+01  2.20000000E+01  2.30273000E-03  6.86300000E-03
  1.40000000E+01  2.40000000E+01  4.88038000E-04  7.00700000E-03
  1.40000000E+01  2.50000000E+01  7.12784000E-05  7.00710000E-03
  1.40000000E+01  2.70000000E+01  8.87323000E-05  6.96500000E-03
  1.40000000E+01  2.90000000E+01  9.56457000E-04  6.98100000E-03
  1.40000000E+01  3.00000000E+01  1.22923000E-04  6.98500000E-03
  1.40000000E+01  4.10000000E+01  6.54621000E-06  7.00710000E-03
  1.60000000E+01  1.60000000E+01  2.76386000E-05  7.46000000E-03
  1.60000000E+01  1.80000000E+01  8.34994000E-04  7.54300000E-03
  1.60000000E+01  1.90000000E+01  9.01921000E-05  7.57300000E-03
  1.60000000E+01  2.10000000E+01  7.41894000E-05  7.70100000E-03
  1.60000000E+01  2.20000000E+01  6.47353000E-05  7.70800000E-03
  1.60000000E+01  2.40000000E+01  1.45475000E-05  7.85200000E-03
  1.60000000E+01  2.50000000E+01  2.90929000E-06  7.85210000E-03
  1.60000000E+01  2.70000000E+01  8.72825000E-06  7.81000000E-03
  1.60000000E+01  2.90000000E+01  1.01824000E-04  7.82600000E-03
  1.60000000E+01  3.00000000E+01  1.09106000E-05  7.83000000E-03
  1.60000000E+01  4.10000000E+01  7.27351000E-07  7.85210000E-03
  1.80000000E+01  1.80000000E+01  7.87931000E-04  7.62600000E-03
  1.80000000E+01  1.90000000E+01  2.26178000E-03  7.65600000E-03
  1.80000000E+01  2.10000000E+01  1.01826000E-03  7.78400000E-03
  1.80000000E+01  2.20000000E+01  1.48754000E-03  7.79100000E-03
  1.80000000E+01  2.40000000E+01  3.69337000E-05  7.93500000E-03
  1.80000000E+01  2.50000000E+01  1.08636000E-05  7.93510000E-03
  1.80000000E+01  2.70000000E+01  1.35428000E-04  7.89300000E-03
  1.80000000E+01  2.90000000E+01  1.99155000E-04  7.90900000E-03
  1.80000000E+01  3.00000000E+01  2.79531000E-04  7.91300000E-03
  1.80000000E+01  4.10000000E+01  1.08636000E-05  7.93510000E-03
  1.90000000E+01  1.90000000E+01  5.85276000E-05  7.68600000E-03
  1.90000000E+01  2.10000000E+01  1.29777000E-03  7.81400000E-03
  1.90000000E+01  2.20000000E+01  1.56558000E-04  7.82100000E-03
  1.90000000E+01  2.40000000E+01  2.85309000E-05  7.96500000E-03
  1.90000000E+01  2.50000000E+01  5.85276000E-06  7.96510000E-03
  1.90000000E+01  2.70000000E+01  1.46323000E-05  7.92300000E-03
  1.90000000E+01  2.90000000E+01  2.79456000E-04  7.93900000E-03
  1.90000000E+01  3.00000000E+01  1.38998000E-05  7.94300000E-03
  1.90000000E+01  4.10000000E+01  1.46323000E-06  7.96510000E-03
  2.10000000E+01  2.10000000E+01  9.11386000E-04  7.94200000E-03
  2.10000000E+01  2.20000000E+01  3.57194000E-03  7.94900000E-03
  2.10000000E+01  2.40000000E+01  1.30196000E-04  8.09300000E-03
  2.10000000E+01  2.50000000E+01  1.01824000E-04  8.09310000E-03
  2.10000000E+01  2.70000000E+01  1.23650000E-05  8.05100000E-03
  2.10000000E+01  2.90000000E+01  1.25103000E-04  8.06700000E-03
  2.10000000E+01  3.00000000E+01  1.57841000E-04  8.07100000E-03
  2.10000000E+01  4.10000000E+01  7.27356000E-07  8.09310000E-03
  2.20000000E+01  2.20000000E+01  2.48342000E-04  7.95600000E-03
  2.20000000E+01  2.40000000E+01  7.97159000E-05  8.10000000E-03
  2.20000000E+01  2.50000000E+01  1.22642000E-05  8.10010000E-03
  2.20000000E+01  2.70000000E+01  1.43074000E-05  8.05800000E-03
  2.20000000E+01  2.90000000E+01  2.50395000E-04  8.07400000E-03
  2.20000000E+01  3.00000000E+01  2.65715000E-05  8.07800000E-03
  2.20000000E+01  4.10000000E+01  1.02202000E-06  8.10010000E-03
  2.40000000E+01  2.40000000E+01  1.83311000E-06  8.24400000E-03
  2.40000000E+01  2.50000000E+01  5.49891000E-06  8.24410000E-03
  2.40000000E+01  2.70000000E+01  2.74952000E-06  8.20200000E-03
  2.40000000E+01  2.90000000E+01  5.49891000E-06  8.21800000E-03
  2.40000000E+01  3.00000000E+01  4.58248000E-06  8.22200000E-03
  2.50000000E+01  2.70000000E+01  6.62587000E-07  8.20210000E-03
  2.50000000E+01  2.90000000E+01  1.32522000E-06  8.21810000E-03
  2.50000000E+01  3.00000000E+01  6.62587000E-07  8.22210000E-03
  2.70000000E+01  2.70000000E+01  1.29254000E-06  8.16000000E-03
  2.70000000E+01  2.90000000E+01  2.97282000E-05  8.17600000E-03
  2.70000000E+01  3.00000000E+01  2.58516000E-06  8.18000000E-03
  2.90000000E+01  2.90000000E+01  2.45576000E-05  8.19200000E-03
  2.90000000E+01  3.00000000E+01  6.78939000E-05  8.19600000E-03
  2.90000000E+01  4.10000000E+01  2.88923000E-06  8.21810000E-03
                                                                       1
 65000  0  7  158.924    180717  2  0.0         1.0000E+50  0.0
92931 91  0.0         6.          0.0         0.0         0.0
  8.00000000E+00  9.82757000E-03  5.55300000E-03
  1.00000000E+01  6.79308000E-05  5.75000000E-03
  1.10000000E+01  6.21268000E-05  5.90600000E-03
  1.30000000E+01  1.40340000E-02  6.24100000E-03
  1.40000000E+01  1.24080000E-01  6.27500000E-03
  1.60000000E+01  1.35840000E-03  7.12000000E-03
  1.80000000E+01  1.09840000E-05  7.20300000E-03
  1.90000000E+01  1.06350000E-05  7.23300000E-03
  2.10000000E+01  2.34109000E-03  7.36100000E-03
  2.20000000E+01  2.09389000E-02  7.36800000E-03
  2.40000000E+01  3.43259000E-06  7.51200000E-03
  2.50000000E+01  1.96549000E-05  7.51210000E-03
  2.70000000E+01  2.53639000E-04  7.47000000E-03
  2.90000000E+01  2.52739000E-06  7.48600000E-03
  3.00000000E+01  2.16629000E-06  7.49000000E-03
                                                                       1
 65000  0  9  158.924    180717  2  0.0         1.0000E+50  0.0
92932 91  0.0         6.          0.0         0.0         0.0
  8.00000000E+00  8.00000000E+00  1.13211000E-03  3.58800000E-03
  8.00000000E+00  1.00000000E+01  7.11543000E-04  3.78500000E-03
  8.00000000E+00  1.10000000E+01  2.60454000E-02  3.94100000E-03
  8.00000000E+00  1.30000000E+01  2.70068000E-03  4.27600000E-03
  8.00000000E+00  1.40000000E+01  3.41890000E-03  4.31000000E-03
  8.00000000E+00  1.60000000E+01  4.15248000E-04  5.15500000E-03
  8.00000000E+00  1.80000000E+01  1.25030000E-04  5.23800000E-03
  8.00000000E+00  1.90000000E+01  3.82441000E-03  5.26800000E-03
  8.00000000E+00  2.10000000E+01  2.50061000E-04  5.39600000E-03
  8.00000000E+00  2.20000000E+01  2.84911000E-04  5.40300000E-03
  8.00000000E+00  2.40000000E+01  9.85112000E-05  5.54700000E-03
  8.00000000E+00  2.50000000E+01  6.74430000E-05  5.54710000E-03
  8.00000000E+00  2.70000000E+01  6.44098000E-05  5.50500000E-03
  8.00000000E+00  2.90000000E+01  1.59131000E-05  5.52100000E-03
  8.00000000E+00  3.00000000E+01  4.44041000E-04  5.52500000E-03
  8.00000000E+00  4.10000000E+01  5.30422000E-06  5.54710000E-03
  1.00000000E+01  1.00000000E+01  1.90202000E-04  3.98200000E-03
  1.00000000E+01  1.10000000E+01  4.36079000E-02  4.13800000E-03
  1.00000000E+01  1.30000000E+01  2.57646000E-03  4.47300000E-03
  1.00000000E+01  1.40000000E+01  2.30369000E-02  4.50700000E-03
  1.00000000E+01  1.60000000E+01  1.40945000E-04  5.35200000E-03
  1.00000000E+01  1.80000000E+01  6.97164000E-05  5.43500000E-03
  1.00000000E+01  1.90000000E+01  6.64579000E-03  5.46500000E-03
  1.00000000E+01  2.10000000E+01  4.38758000E-04  5.59300000E-03
  1.00000000E+01  2.20000000E+01  3.32067000E-03  5.60000000E-03
  1.00000000E+01  2.40000000E+01  1.08360000E-04  5.74400000E-03
  1.00000000E+01  2.50000000E+01  1.07612000E-04  5.74410000E-03
  1.00000000E+01  2.70000000E+01  2.19753000E-05  5.70200000E-03
  1.00000000E+01  2.90000000E+01  9.09305000E-06  5.71800000E-03
  1.00000000E+01  3.00000000E+01  7.75972000E-04  5.72200000E-03
  1.00000000E+01  4.10000000E+01  1.51550000E-06  5.74410000E-03
  1.10000000E+01  1.10000000E+01  5.90985000E-02  4.29400000E-03
  1.10000000E+01  1.30000000E+01  6.10223000E-02  4.62900000E-03
  1.10000000E+01  1.40000000E+01  8.88784000E-02  4.66300000E-03
  1.10000000E+01  1.60000000E+01  6.15157000E-03  5.50800000E-03
  1.10000000E+01  1.80000000E+01  9.17061000E-03  5.59100000E-03
  1.10000000E+01  1.90000000E+01  2.15736000E-02  5.62100000E-03
  1.10000000E+01  2.10000000E+01  1.08216000E-02  5.74900000E-03
  1.10000000E+01  2.20000000E+01  1.55075000E-02  5.75600000E-03
  1.10000000E+01  2.40000000E+01  4.88005000E-04  5.90000000E-03
  1.10000000E+01  2.50000000E+01  2.35662000E-04  5.90010000E-03
  1.10000000E+01  2.70000000E+01  1.00098000E-03  5.85800000E-03
  1.10000000E+01  2.90000000E+01  1.18589000E-03  5.87400000E-03
  1.10000000E+01  3.00000000E+01  2.60664000E-03  5.87800000E-03
  1.10000000E+01  4.10000000E+01  7.80495000E-05  5.90010000E-03
  1.30000000E+01  1.30000000E+01  8.82027000E-03  4.96400000E-03
  1.30000000E+01  1.40000000E+01  1.67433000E-01  4.99800000E-03
  1.30000000E+01  1.60000000E+01  6.06980000E-04  5.84300000E-03
  1.30000000E+01  1.80000000E+01  5.44823000E-04  5.92600000E-03
  1.30000000E+01  1.90000000E+01  8.60857000E-03  5.95600000E-03
  1.30000000E+01  2.10000000E+01  2.72872000E-03  6.08400000E-03
  1.30000000E+01  2.20000000E+01  2.18975000E-02  6.09100000E-03
  1.30000000E+01  2.40000000E+01  2.76582000E-04  6.23500000E-03
  1.30000000E+01  2.50000000E+01  3.55400000E-04  6.23510000E-03
  1.30000000E+01  2.70000000E+01  9.77518000E-05  6.19300000E-03
  1.30000000E+01  2.90000000E+01  7.04735000E-05  6.20900000E-03
  1.30000000E+01  3.00000000E+01  9.91904000E-04  6.21300000E-03
  1.30000000E+01  4.10000000E+01  7.57783000E-06  6.23510000E-03
  1.40000000E+01  1.40000000E+01  1.12866000E-01  5.03200000E-03
  1.40000000E+01  1.60000000E+01  8.08527000E-04  5.87700000E-03
  1.40000000E+01  1.80000000E+01  4.47007000E-03  5.96000000E-03
  1.40000000E+01  1.90000000E+01  1.41194000E-02  5.99000000E-03
  1.40000000E+01  2.10000000E+01  2.61947000E-02  6.11800000E-03
  1.40000000E+01  2.20000000E+01  3.33363000E-02  6.12500000E-03
  1.40000000E+01  2.40000000E+01  2.94996000E-03  6.26900000E-03
  1.40000000E+01  2.50000000E+01  1.01392000E-03  6.26910000E-03
  1.40000000E+01  2.70000000E+01  1.31853000E-04  6.22700000E-03
  1.40000000E+01  2.90000000E+01  5.69822000E-04  6.24300000E-03
  1.40000000E+01  3.00000000E+01  1.66863000E-03  6.24700000E-03
  1.40000000E+01  4.10000000E+01  1.06083000E-05  6.26910000E-03
  1.60000000E+01  1.60000000E+01  3.78865000E-05  6.72200000E-03
  1.60000000E+01  1.80000000E+01  2.57638000E-05  6.80500000E-03
  1.60000000E+01  1.90000000E+01  9.05557000E-04  6.83500000E-03
  1.60000000E+01  2.10000000E+01  6.13786000E-05  6.96300000E-03
  1.60000000E+01  2.20000000E+01  7.35003000E-05  6.97000000E-03
  1.60000000E+01  2.40000000E+01  1.43973000E-05  7.11400000E-03
  1.60000000E+01  2.50000000E+01  1.13664000E-05  7.11410000E-03
  1.60000000E+01  2.70000000E+01  1.21237000E-05  7.07200000E-03
  1.60000000E+01  2.90000000E+01  3.03092000E-06  7.08800000E-03
  1.60000000E+01  3.00000000E+01  1.05334000E-04  7.09200000E-03
  1.60000000E+01  4.10000000E+01  7.57761000E-07  7.11410000E-03
  1.80000000E+01  1.80000000E+01  5.30426000E-06  6.88800000E-03
  1.80000000E+01  1.90000000E+01  1.39357000E-03  6.91800000E-03
  1.80000000E+01  2.10000000E+01  9.01781000E-05  7.04600000E-03
  1.80000000E+01  2.20000000E+01  6.69865000E-04  7.05300000E-03
  1.80000000E+01  2.40000000E+01  1.51550000E-05  7.19700000E-03
  1.80000000E+01  2.50000000E+01  1.43977000E-05  7.19710000E-03
  1.80000000E+01  2.70000000E+01  3.78876000E-06  7.15500000E-03
  1.80000000E+01  2.90000000E+01  1.51550000E-06  7.17100000E-03
  1.80000000E+01  3.00000000E+01  1.62924000E-04  7.17500000E-03
  1.90000000E+01  1.90000000E+01  1.80250000E-03  6.94800000E-03
  1.90000000E+01  2.10000000E+01  1.45310000E-03  7.07600000E-03
  1.90000000E+01  2.20000000E+01  2.30817000E-03  7.08300000E-03
  1.90000000E+01  2.40000000E+01  5.40316000E-05  7.22700000E-03
  1.90000000E+01  2.50000000E+01  2.73763000E-05  7.22710000E-03
  1.90000000E+01  2.70000000E+01  1.39765000E-04  7.18500000E-03
  1.90000000E+01  2.90000000E+01  1.71455000E-04  7.20100000E-03
  1.90000000E+01  3.00000000E+01  4.32980000E-04  7.20500000E-03
  1.90000000E+01  4.10000000E+01  1.08064000E-05  7.22710000E-03
  2.10000000E+01  2.10000000E+01  2.04598000E-04  7.20400000E-03
  2.10000000E+01  2.20000000E+01  3.54863000E-03  7.21100000E-03
  2.10000000E+01  2.40000000E+01  2.95527000E-05  7.35500000E-03
  2.10000000E+01  2.50000000E+01  3.63730000E-05  7.35510000E-03
  2.10000000E+01  2.70000000E+01  9.85117000E-06  7.31300000E-03
  2.10000000E+01  2.90000000E+01  1.13667000E-05  7.32900000E-03
  2.10000000E+01  3.00000000E+01  1.76563000E-04  7.33300000E-03
  2.10000000E+01  4.10000000E+01  7.57780000E-07  7.35510000E-03
  2.20000000E+01  2.20000000E+01  2.78866000E-03  7.21800000E-03
  2.20000000E+01  2.40000000E+01  3.47837000E-04  7.36200000E-03
  2.20000000E+01  2.50000000E+01  1.17933000E-04  7.36210000E-03
  2.20000000E+01  2.70000000E+01  1.36736000E-05  7.32000000E-03
  2.20000000E+01  2.90000000E+01  9.65750000E-05  7.33600000E-03
  2.20000000E+01  3.00000000E+01  3.23060000E-04  7.34000000E-03
  2.20000000E+01  4.10000000E+01  8.54634000E-07  7.36210000E-03
  2.40000000E+01  2.40000000E+01  9.80822000E-07  7.50600000E-03
  2.40000000E+01  2.50000000E+01  8.82743000E-06  7.50610000E-03
  2.40000000E+01  2.70000000E+01  2.94248000E-06  7.46400000E-03
  2.40000000E+01  2.90000000E+01  1.96156000E-06  7.48000000E-03
  2.40000000E+01  3.00000000E+01  7.84665000E-06  7.48400000E-03
  2.50000000E+01  2.50000000E+01  2.27334000E-06  7.50620000E-03
  2.50000000E+01  2.70000000E+01  1.51548000E-06  7.46410000E-03
  2.50000000E+01  2.90000000E+01  1.51548000E-06  7.48010000E-03
  2.50000000E+01  3.00000000E+01  3.03097000E-06  7.48410000E-03
  2.70000000E+01  2.70000000E+01  1.26561000E-06  7.42200000E-03
  2.70000000E+01  2.90000000E+01  1.26561000E-06  7.43800000E-03
  2.70000000E+01  3.00000000E+01  2.91087000E-05  7.44200000E-03
  2.90000000E+01  3.00000000E+01  5.17429000E-05  7.45800000E-03
  3.00000000E+01  3.00000000E+01  9.92747000E-05  7.46200000E-03
  3.00000000E+01  4.10000000E+01  5.51503000E-06  7.48410000E-03
                                                                       1
 65000  0  7  158.924    180717  2  0.0         1.0000E+50  0.0
92931 91  0.0         8.          0.0         0.0         0.0
  1.00000000E+01  9.87481000E-06  1.97000000E-04
  1.10000000E+01  1.28752000E-04  3.53000000E-04
  1.80000000E+01  4.78639000E-04  1.65000000E-03
  1.90000000E+01  5.49127000E-04  1.68000000E-03
  2.90000000E+01  1.09361000E-04  1.93300000E-03
  3.00000000E+01  1.18181000E-04  1.93700000E-03
                                                                       1
 65000  0  9  158.924    180717  2  0.0         1.0000E+50  0.0
92932 91  0.0         8.          0.0         0.0         0.0
  1.00000000E+01  2.10000000E+01  7.04261000E-02  4.00000000E-05
  1.00000000E+01  2.20000000E+01  1.01872000E-01  4.70000000E-05
  1.00000000E+01  2.40000000E+01  2.65901000E-02  1.91000000E-04
  1.00000000E+01  2.50000000E+01  3.55163000E-02  1.91100000E-04
  1.00000000E+01  2.70000000E+01  8.38188000E-03  1.49000000E-04
  1.00000000E+01  2.90000000E+01  6.99757000E-03  1.65000000E-04
  1.00000000E+01  3.00000000E+01  1.06105000E-02  1.69000000E-04
  1.00000000E+01  4.10000000E+01  6.45993000E-04  1.91100000E-04
  1.10000000E+01  1.80000000E+01  6.96257000E-02  3.80000000E-05
  1.10000000E+01  1.90000000E+01  9.52460000E-02  6.80000000E-05
  1.10000000E+01  2.10000000E+01  4.17246000E-02  1.96000000E-04
  1.10000000E+01  2.20000000E+01  5.99159000E-02  2.03000000E-04
  1.10000000E+01  2.40000000E+01  7.56162000E-02  3.47000000E-04
  1.10000000E+01  2.50000000E+01  9.46970000E-02  3.47100000E-04
  1.10000000E+01  2.70000000E+01  1.00783000E-02  3.05000000E-04
  1.10000000E+01  2.90000000E+01  8.47426000E-03  3.21000000E-04
  1.10000000E+01  3.00000000E+01  1.13837000E-02  3.25000000E-04
  1.10000000E+01  4.10000000E+01  7.78169000E-04  3.47100000E-04
  1.30000000E+01  1.60000000E+01  2.60132000E-02  2.90000000E-04
  1.30000000E+01  1.80000000E+01  5.75682000E-03  3.73000000E-04
  1.30000000E+01  1.90000000E+01  5.09281000E-03  4.03000000E-04
  1.30000000E+01  2.10000000E+01  8.39535000E-03  5.31000000E-04
  1.30000000E+01  2.20000000E+01  1.05398000E-02  5.38000000E-04
  1.30000000E+01  2.40000000E+01  3.81720000E-03  6.82000000E-04
  1.30000000E+01  2.50000000E+01  3.62551000E-03  6.82100000E-04
  1.30000000E+01  2.70000000E+01  2.84167000E-03  6.40000000E-04
  1.30000000E+01  2.90000000E+01  5.87787000E-04  6.56000000E-04
  1.30000000E+01  3.00000000E+01  4.88354000E-04  6.60000000E-04
  1.30000000E+01  4.10000000E+01  2.11548000E-04  6.82100000E-04
  1.40000000E+01  1.60000000E+01  3.75084000E-02  3.24000000E-04
  1.40000000E+01  1.80000000E+01  1.21113000E-03  4.07000000E-04
  1.40000000E+01  1.90000000E+01  1.10459000E-02  4.37000000E-04
  1.40000000E+01  2.10000000E+01  1.13725000E-02  5.65000000E-04
  1.40000000E+01  2.20000000E+01  1.71118000E-02  5.72000000E-04
  1.40000000E+01  2.40000000E+01  4.40618000E-03  7.16000000E-04
  1.40000000E+01  2.50000000E+01  6.81402000E-03  7.16100000E-04
  1.40000000E+01  2.70000000E+01  4.05474000E-03  6.74000000E-04
  1.40000000E+01  2.90000000E+01  1.23467000E-04  6.90000000E-04
  1.40000000E+01  3.00000000E+01  1.05798000E-03  6.94000000E-04
  1.40000000E+01  4.10000000E+01  3.01918000E-04  7.16100000E-04
  1.60000000E+01  1.60000000E+01  4.86578000E-03  1.16900000E-03
  1.60000000E+01  1.80000000E+01  8.18277000E-03  1.25200000E-03
  1.60000000E+01  1.90000000E+01  1.45265000E-02  1.28200000E-03
  1.60000000E+01  2.10000000E+01  1.57130000E-02  1.41000000E-03
  1.60000000E+01  2.20000000E+01  2.26185000E-02  1.41700000E-03
  1.60000000E+01  2.40000000E+01  4.54556000E-03  1.56100000E-03
  1.60000000E+01  2.50000000E+01  5.74753000E-03  1.56110000E-03
  1.60000000E+01  2.70000000E+01  1.31279000E-03  1.51900000E-03
  1.60000000E+01  2.90000000E+01  1.06195000E-03  1.53500000E-03
  1.60000000E+01  3.00000000E+01  1.79474000E-03  1.53900000E-03
  1.60000000E+01  4.10000000E+01  1.00916000E-04  1.56110000E-03
  1.80000000E+01  1.80000000E+01  4.06653000E-04  1.33500000E-03
  1.80000000E+01  1.90000000E+01  1.04482000E-03  1.36500000E-03
  1.80000000E+01  2.10000000E+01  6.08332000E-04  1.49300000E-03
  1.80000000E+01  2.20000000E+01  3.16772000E-04  1.50000000E-03
  1.80000000E+01  2.40000000E+01  7.10003000E-05  1.64400000E-03
  1.80000000E+01  2.50000000E+01  3.11285000E-04  1.64410000E-03
  1.80000000E+01  2.70000000E+01  8.60823000E-04  1.60200000E-03
  1.80000000E+01  2.90000000E+01  8.36019000E-05  1.61800000E-03
  1.80000000E+01  3.00000000E+01  1.00830000E-04  1.62200000E-03
  1.80000000E+01  4.10000000E+01  6.42782000E-05  1.64410000E-03
  1.90000000E+01  1.90000000E+01  1.36616000E-03  1.39500000E-03
  1.90000000E+01  2.10000000E+01  8.61256000E-04  1.52300000E-03
  1.90000000E+01  2.20000000E+01  2.12338000E-03  1.53000000E-03
  1.90000000E+01  2.40000000E+01  3.24860000E-04  1.67400000E-03
  1.90000000E+01  2.50000000E+01  6.06481000E-04  1.67410000E-03
  1.90000000E+01  2.70000000E+01  1.53196000E-03  1.63200000E-03
  1.90000000E+01  2.90000000E+01  1.14163000E-04  1.64800000E-03
  1.90000000E+01  3.00000000E+01  2.84578000E-04  1.65200000E-03
  1.90000000E+01  4.10000000E+01  1.14163000E-04  1.67410000E-03
  2.10000000E+01  2.10000000E+01  1.80246000E-04  1.65100000E-03
  2.10000000E+01  2.20000000E+01  8.59809000E-04  1.65800000E-03
  2.10000000E+01  2.40000000E+01  3.04427000E-04  1.80200000E-03
  2.10000000E+01  2.50000000E+01  2.27706000E-03  1.80210000E-03
  2.10000000E+01  2.70000000E+01  1.62217000E-03  1.76000000E-03
  2.10000000E+01  2.90000000E+01  5.68743000E-05  1.77600000E-03
  2.10000000E+01  3.00000000E+01  8.44773000E-05  1.78000000E-03
  2.10000000E+01  4.10000000E+01  1.20440000E-04  1.80210000E-03
  2.20000000E+01  2.20000000E+01  4.84766000E-04  1.66500000E-03
  2.20000000E+01  2.40000000E+01  2.28117000E-03  1.80900000E-03
  2.20000000E+01  2.50000000E+01  1.29190000E-03  1.80910000E-03
  2.20000000E+01  2.70000000E+01  2.34039000E-03  1.76700000E-03
  2.20000000E+01  2.90000000E+01  3.10582000E-05  1.78300000E-03
  2.20000000E+01  3.00000000E+01  2.07756000E-04  1.78700000E-03
  2.20000000E+01  4.10000000E+01  1.73760000E-04  1.80910000E-03
  2.40000000E+01  2.40000000E+01  1.51520000E-04  1.95300000E-03
  2.40000000E+01  2.50000000E+01  1.30071000E-03  1.95310000E-03
  2.40000000E+01  2.70000000E+01  4.35236000E-04  1.91100000E-03
  2.40000000E+01  2.90000000E+01  6.71555000E-06  1.92700000E-03
  2.40000000E+01  3.00000000E+01  2.81217000E-05  1.93100000E-03
  2.40000000E+01  4.10000000E+01  3.18977000E-05  1.95310000E-03
  2.50000000E+01  2.50000000E+01  3.93674000E-04  1.95320000E-03
  2.50000000E+01  2.70000000E+01  5.62993000E-04  1.91110000E-03
  2.50000000E+01  2.90000000E+01  3.78166000E-05  1.92710000E-03
  2.50000000E+01  3.00000000E+01  5.28613000E-05  1.93110000E-03
  2.50000000E+01  4.10000000E+01  4.12545000E-05  1.95320000E-03
  2.70000000E+01  2.70000000E+01  1.10962000E-04  1.86900000E-03
  2.70000000E+01  2.90000000E+01  1.51932000E-04  1.88500000E-03
  2.70000000E+01  3.00000000E+01  2.56634000E-04  1.88900000E-03
  2.70000000E+01  4.10000000E+01  1.70711000E-05  1.91110000E-03
  2.90000000E+01  2.90000000E+01  6.25134000E-06  1.90100000E-03
  2.90000000E+01  3.00000000E+01  1.62533000E-05  1.90500000E-03
  2.90000000E+01  4.10000000E+01  1.25023000E-05  1.92710000E-03
  3.00000000E+01  3.00000000E+01  2.61370000E-05  1.90900000E-03
  3.00000000E+01  4.10000000E+01  2.61370000E-05  1.93110000E-03
                                                                       1
 65000  0  7  158.924    180717  2  0.0         1.0000E+50  0.0
92931 91  0.0         10.         0.0         0.0         0.0
  1.30000000E+01  5.20470000E-04  4.91000000E-04
  1.60000000E+01  4.41000000E-04  1.37000000E-03
  2.10000000E+01  2.18450000E-03  1.61100000E-03
  2.70000000E+01  7.98119000E-05  1.72000000E-03
                                                                       1
 65000  0  9  158.924    180717  2  0.0         1.0000E+50  0.0
92932 91  0.0         10.         0.0         0.0         0.0
  1.10000000E+01  2.10000000E+01  1.15983000E-02  0.00000000E+00
  1.10000000E+01  2.20000000E+01  2.86320000E-02  6.00000000E-06
  1.10000000E+01  2.40000000E+01  1.96362000E-02  1.50000000E-04
  1.10000000E+01  2.50000000E+01  2.16280000E-02  1.50100000E-04
  1.10000000E+01  2.70000000E+01  4.75148000E-03  1.08000000E-04
  1.10000000E+01  2.90000000E+01  4.81965000E-03  1.24000000E-04
  1.10000000E+01  3.00000000E+01  4.87462000E-03  1.28000000E-04
  1.10000000E+01  4.10000000E+01  3.49759000E-04  1.50100000E-04
  1.30000000E+01  1.60000000E+01  7.62711000E-02  9.30000000E-05
  1.30000000E+01  1.80000000E+01  7.62155000E-02  1.76000000E-04
  1.30000000E+01  1.90000000E+01  9.81543000E-02  2.06000000E-04
  1.30000000E+01  2.10000000E+01  3.29606000E-02  3.34000000E-04
  1.30000000E+01  2.20000000E+01  3.76275000E-02  3.41000000E-04
  1.30000000E+01  2.40000000E+01  9.33290000E-02  4.85000000E-04
  1.30000000E+01  2.50000000E+01  1.40276000E-01  4.85100000E-04
  1.30000000E+01  2.70000000E+01  1.23470000E-02  4.43000000E-04
  1.30000000E+01  2.90000000E+01  8.57852000E-03  4.59000000E-04
  1.30000000E+01  3.00000000E+01  1.16215000E-02  4.63000000E-04
  1.30000000E+01  4.10000000E+01  9.58669000E-04  4.85100000E-04
  1.40000000E+01  1.60000000E+01  1.28277000E-02  1.27000000E-04
  1.40000000E+01  1.80000000E+01  8.80252000E-02  2.10000000E-04
  1.40000000E+01  1.90000000E+01  8.47556000E-03  2.40000000E-04
  1.40000000E+01  2.10000000E+01  1.42159000E-03  3.68000000E-04
  1.40000000E+01  2.20000000E+01  4.33642000E-03  3.75000000E-04
  1.40000000E+01  2.40000000E+01  2.86372000E-03  5.19000000E-04
  1.40000000E+01  2.50000000E+01  2.29803000E-03  5.19100000E-04
  1.40000000E+01  2.70000000E+01  1.38061000E-03  4.77000000E-04
  1.40000000E+01  2.90000000E+01  8.03020000E-03  4.93000000E-04
  1.40000000E+01  3.00000000E+01  9.17601000E-04  4.97000000E-04
  1.40000000E+01  4.10000000E+01  1.03265000E-04  5.19100000E-04
  1.60000000E+01  1.60000000E+01  8.54570000E-04  9.72000000E-04
  1.60000000E+01  1.80000000E+01  1.18611000E-02  1.05500000E-03
  1.60000000E+01  1.90000000E+01  1.86595000E-03  1.08500000E-03
  1.60000000E+01  2.10000000E+01  3.87933000E-04  1.21300000E-03
  1.60000000E+01  2.20000000E+01  1.36311000E-03  1.22000000E-03
  1.60000000E+01  2.40000000E+01  4.95218000E-05  1.36400000E-03
  1.60000000E+01  2.50000000E+01  4.24750000E-04  1.36410000E-03
  1.60000000E+01  2.70000000E+01  2.17760000E-04  1.32200000E-03
  1.60000000E+01  2.90000000E+01  1.04058000E-03  1.33800000E-03
  1.60000000E+01  3.00000000E+01  2.08240000E-04  1.34200000E-03
  1.60000000E+01  4.10000000E+01  1.65072000E-05  1.36410000E-03
  1.80000000E+01  1.80000000E+01  8.97786000E-03  1.13800000E-03
  1.80000000E+01  1.90000000E+01  2.69997000E-02  1.16800000E-03
  1.80000000E+01  2.10000000E+01  2.53329000E-02  1.29600000E-03
  1.80000000E+01  2.20000000E+01  4.15666000E-02  1.30300000E-03
  1.80000000E+01  2.40000000E+01  6.09198000E-03  1.44700000E-03
  1.80000000E+01  2.50000000E+01  1.04981000E-02  1.44710000E-03
  1.80000000E+01  2.70000000E+01  1.95362000E-03  1.40500000E-03
  1.80000000E+01  2.90000000E+01  1.97699000E-03  1.42100000E-03
  1.80000000E+01  3.00000000E+01  3.30967000E-03  1.42500000E-03
  1.80000000E+01  4.10000000E+01  1.52474000E-04  1.44710000E-03
  1.90000000E+01  1.90000000E+01  7.80751000E-04  1.19800000E-03
  1.90000000E+01  2.10000000E+01  2.22644000E-03  1.32600000E-03
  1.90000000E+01  2.20000000E+01  1.75313000E-03  1.33300000E-03
  1.90000000E+01  2.40000000E+01  4.61942000E-03  1.47700000E-03
  1.90000000E+01  2.50000000E+01  1.31906000E-03  1.47710000E-03
  1.90000000E+01  2.70000000E+01  2.14664000E-04  1.43500000E-03
  1.90000000E+01  2.90000000E+01  2.52644000E-03  1.45100000E-03
  1.90000000E+01  3.00000000E+01  1.61837000E-04  1.45500000E-03
  1.90000000E+01  4.10000000E+01  1.62516000E-05  1.47710000E-03
  2.10000000E+01  2.10000000E+01  8.59707000E-04  1.45400000E-03
  2.10000000E+01  2.20000000E+01  2.51200000E-03  1.46100000E-03
  2.10000000E+01  2.40000000E+01  5.65726000E-04  1.60500000E-03
  2.10000000E+01  2.50000000E+01  1.04149000E-03  1.60510000E-03
  2.10000000E+01  2.70000000E+01  5.84080000E-05  1.56300000E-03
  2.10000000E+01  2.90000000E+01  2.25152000E-03  1.57900000E-03
  2.10000000E+01  3.00000000E+01  2.25746000E-04  1.58300000E-03
  2.10000000E+01  4.10000000E+01  4.59369000E-06  1.60510000E-03
  2.20000000E+01  2.20000000E+01  5.88321000E-04  1.46800000E-03
  2.20000000E+01  2.40000000E+01  1.94463000E-03  1.61200000E-03
  2.20000000E+01  2.50000000E+01  4.09324000E-04  1.61210000E-03
  2.20000000E+01  2.70000000E+01  1.79656000E-04  1.57000000E-03
  2.20000000E+01  2.90000000E+01  3.75963000E-03  1.58600000E-03
  2.20000000E+01  3.00000000E+01  1.64519000E-04  1.59000000E-03
  2.20000000E+01  4.10000000E+01  1.38196000E-05  1.61210000E-03
  2.40000000E+01  2.40000000E+01  5.73972000E-04  1.75600000E-03
  2.40000000E+01  2.50000000E+01  4.20955000E-03  1.75610000E-03
  2.40000000E+01  2.70000000E+01  2.64494000E-06  1.71400000E-03
  2.40000000E+01  2.90000000E+01  5.01256000E-04  1.73000000E-03
  2.40000000E+01  3.00000000E+01  5.17770000E-04  1.73400000E-03
  2.50000000E+01  2.50000000E+01  2.02027000E-04  1.75620000E-03
  2.50000000E+01  2.70000000E+01  6.12003000E-05  1.71410000E-03
  2.50000000E+01  2.90000000E+01  8.59436000E-04  1.73010000E-03
  2.50000000E+01  3.00000000E+01  1.32930000E-04  1.73410000E-03
  2.50000000E+01  4.10000000E+01  4.60628000E-06  1.75620000E-03
  2.70000000E+01  2.70000000E+01  1.62513000E-05  1.67200000E-03
  2.70000000E+01  2.90000000E+01  1.95751000E-04  1.68800000E-03
  2.70000000E+01  3.00000000E+01  2.65913000E-05  1.69200000E-03
  2.70000000E+01  4.10000000E+01  2.21608000E-06  1.71410000E-03
  2.90000000E+01  2.90000000E+01  1.90110000E-04  1.70400000E-03
  2.90000000E+01  3.00000000E+01  5.46557000E-04  1.70800000E-03
  2.90000000E+01  4.10000000E+01  2.49515000E-05  1.73010000E-03
  3.00000000E+01  3.00000000E+01  4.01047000E-05  1.71200000E-03
  3.00000000E+01  4.10000000E+01  1.00263000E-05  1.73410000E-03
                                                                       1
 65000  0  7  158.924    180717  2  0.0         1.0000E+50  0.0
92931 91  0.0         11.         0.0         0.0         0.0
  1.30000000E+01  1.75361000E-05  3.35000000E-04
  1.40000000E+01  2.22551000E-04  3.69000000E-04
  1.60000000E+01  6.34424000E-04  1.21400000E-03
  2.10000000E+01  2.96382000E-04  1.45500000E-03
  2.20000000E+01  2.39092000E-03  1.46200000E-03
  2.70000000E+01  1.14811000E-04  1.56400000E-03
                                                                       1
 65000  0  9  158.924    180717  2  0.0         1.0000E+50  0.0
92932 91  0.0         11.         0.0         0.0         0.0
  1.30000000E+01  1.80000000E+01  1.38785000E-02  2.00000000E-05
  1.30000000E+01  1.90000000E+01  6.67999000E-02  5.00000000E-05
  1.30000000E+01  2.10000000E+01  1.10192000E-02  1.78000000E-04
  1.30000000E+01  2.20000000E+01  9.78590000E-03  1.85000000E-04
  1.30000000E+01  2.40000000E+01  1.00820000E-02  3.29000000E-04
  1.30000000E+01  2.50000000E+01  1.47929000E-02  3.29100000E-04
  1.30000000E+01  2.70000000E+01  2.29142000E-03  2.87000000E-04
  1.30000000E+01  2.90000000E+01  1.58912000E-03  3.03000000E-04
  1.30000000E+01  3.00000000E+01  6.36672000E-03  3.07000000E-04
  1.30000000E+01  4.10000000E+01  1.75221000E-04  3.29100000E-04
  1.40000000E+01  1.80000000E+01  8.99162000E-02  5.40000000E-05
  1.40000000E+01  1.90000000E+01  1.51299000E-01  8.40000000E-05
  1.40000000E+01  2.10000000E+01  4.85535000E-02  2.12000000E-04
  1.40000000E+01  2.20000000E+01  7.19544000E-02  2.19000000E-04
  1.40000000E+01  2.40000000E+01  9.78453000E-02  3.63000000E-04
  1.40000000E+01  2.50000000E+01  1.16538000E-01  3.63100000E-04
  1.40000000E+01  2.70000000E+01  1.33865000E-02  3.21000000E-04
  1.40000000E+01  2.90000000E+01  1.08836000E-02  3.37000000E-04
  1.40000000E+01  3.00000000E+01  1.65117000E-02  3.41000000E-04
  1.40000000E+01  4.10000000E+01  1.03558000E-03  3.63100000E-04
  1.60000000E+01  1.60000000E+01  7.21648000E-04  8.16000000E-04
  1.60000000E+01  1.80000000E+01  1.09261000E-03  8.99000000E-04
  1.60000000E+01  1.90000000E+01  1.63564000E-02  9.29000000E-04
  1.60000000E+01  2.10000000E+01  9.76967000E-04  1.05700000E-03
  1.60000000E+01  2.20000000E+01  1.06466000E-03  1.06400000E-03
  1.60000000E+01  2.40000000E+01  6.23122000E-04  1.20800000E-03
  1.60000000E+01  2.50000000E+01  9.48239000E-04  1.20810000E-03
  1.60000000E+01  2.70000000E+01  1.82357000E-04  1.16600000E-03
  1.60000000E+01  2.90000000E+01  1.15623000E-04  1.18200000E-03
  1.60000000E+01  3.00000000E+01  1.39755000E-03  1.18600000E-03
  1.60000000E+01  4.10000000E+01  1.39677000E-05  1.20810000E-03
  1.80000000E+01  1.80000000E+01  1.39307000E-04  9.82000000E-04
  1.80000000E+01  1.90000000E+01  1.93832000E-02  1.01200000E-03
  1.80000000E+01  2.10000000E+01  4.73478000E-04  1.14000000E-03
  1.80000000E+01  2.20000000E+01  3.52284000E-03  1.14700000E-03
  1.80000000E+01  2.40000000E+01  7.09847000E-04  1.29100000E-03
  1.80000000E+01  2.50000000E+01  4.17234000E-03  1.29110000E-03
  1.80000000E+01  2.70000000E+01  1.23653000E-04  1.24900000E-03
  1.80000000E+01  2.90000000E+01  2.73924000E-05  1.26500000E-03
  1.80000000E+01  3.00000000E+01  1.67873000E-03  1.26900000E-03
  1.80000000E+01  4.10000000E+01  9.39165000E-06  1.29110000E-03
  1.90000000E+01  1.90000000E+01  2.69297000E-02  1.04200000E-03
  1.90000000E+01  2.10000000E+01  3.70132000E-02  1.17000000E-03
  1.90000000E+01  2.20000000E+01  4.95156000E-02  1.17700000E-03
  1.90000000E+01  2.40000000E+01  1.26172000E-02  1.32100000E-03
  1.90000000E+01  2.50000000E+01  1.43459000E-02  1.32110000E-03
  1.90000000E+01  2.70000000E+01  2.55786000E-03  1.27900000E-03
  1.90000000E+01  2.90000000E+01  2.43097000E-03  1.29500000E-03
  1.90000000E+01  3.00000000E+01  5.62064000E-03  1.29900000E-03
  1.90000000E+01  4.10000000E+01  1.99832000E-04  1.32110000E-03
  2.10000000E+01  2.10000000E+01  2.46809000E-04  1.29800000E-03
  2.10000000E+01  2.20000000E+01  4.63052000E-03  1.30500000E-03
  2.10000000E+01  2.40000000E+01  2.89370000E-04  1.44900000E-03
  2.10000000E+01  2.50000000E+01  3.58819000E-03  1.44910000E-03
  2.10000000E+01  2.70000000E+01  1.02127000E-04  1.40700000E-03
  2.10000000E+01  2.90000000E+01  3.55894000E-05  1.42300000E-03
  2.10000000E+01  3.00000000E+01  3.19673000E-03  1.42700000E-03
  2.10000000E+01  4.10000000E+01  7.73707000E-06  1.44910000E-03
  2.20000000E+01  2.20000000E+01  2.27619000E-03  1.31200000E-03
  2.20000000E+01  2.40000000E+01  2.84472000E-03  1.45600000E-03
  2.20000000E+01  2.50000000E+01  2.48686000E-03  1.45610000E-03
  2.20000000E+01  2.70000000E+01  1.13735000E-04  1.41400000E-03
  2.20000000E+01  2.90000000E+01  2.83935000E-04  1.43000000E-03
  2.20000000E+01  3.00000000E+01  4.23612000E-03  1.43400000E-03
  2.20000000E+01  4.10000000E+01  8.51074000E-06  1.45610000E-03
  2.40000000E+01  2.40000000E+01  1.74582000E-04  1.60000000E-03
  2.40000000E+01  2.50000000E+01  5.41842000E-03  1.60010000E-03
  2.40000000E+01  2.70000000E+01  6.44864000E-05  1.55800000E-03
  2.40000000E+01  2.90000000E+01  7.70654000E-05  1.57400000E-03
  2.40000000E+01  3.00000000E+01  1.05457000E-03  1.57800000E-03
  2.40000000E+01  4.10000000E+01  4.71823000E-06  1.60010000E-03
  2.50000000E+01  2.50000000E+01  1.91277000E-03  1.60020000E-03
  2.50000000E+01  2.70000000E+01  7.89495000E-05  1.55810000E-03
  2.50000000E+01  2.90000000E+01  4.52587000E-04  1.57410000E-03
  2.50000000E+01  3.00000000E+01  1.22334000E-03  1.57810000E-03
  2.50000000E+01  4.10000000E+01  5.47159000E-06  1.60020000E-03
  2.70000000E+01  2.70000000E+01  1.71759000E-05  1.51600000E-03
  2.70000000E+01  2.90000000E+01  1.82494000E-05  1.53200000E-03
  2.70000000E+01  3.00000000E+01  3.05950000E-04  1.53600000E-03
  2.70000000E+01  4.10000000E+01  2.14701000E-06  1.55810000E-03
  2.90000000E+01  2.90000000E+01  2.68565000E-06  1.54800000E-03
  2.90000000E+01  3.00000000E+01  3.69274000E-04  1.55200000E-03
  2.90000000E+01  4.10000000E+01  1.34285000E-06  1.57410000E-03
  3.00000000E+01  3.00000000E+01  1.06010000E-03  1.55600000E-03
  3.00000000E+01  4.10000000E+01  6.32037000E-05  1.57810000E-03
                                                                       1
 65000  0  7  158.924    180717  2  0.0         1.0000E+50  0.0
92931 91  0.0         13.         0.0         0.0         0.0
  1.80000000E+01  3.76941000E-03  9.62000000E-04
  1.90000000E+01  4.77932000E-04  9.92000000E-04
  2.40000000E+01  3.87801000E-03  1.27100000E-03
  2.90000000E+01  6.98033000E-04  1.24500000E-03
  3.00000000E+01  9.12113000E-05  1.24900000E-03
                                                                       1
 65000  0  9  158.924    180717  2  0.0         1.0000E+50  0.0
92932 91  0.0         13.         0.0         0.0         0.0
  1.40000000E+01  2.40000000E+01  9.47858000E-02  2.80000000E-05
  1.40000000E+01  2.50000000E+01  1.37645000E-02  2.81000000E-05
  1.40000000E+01  2.90000000E+01  7.77494000E-04  2.00000000E-06
  1.40000000E+01  3.00000000E+01  2.26216000E-03  6.00000000E-06
  1.40000000E+01  4.10000000E+01  1.70528000E-04  2.81000000E-05
  1.60000000E+01  1.60000000E+01  3.18254000E-05  4.81000000E-04
  1.60000000E+01  1.80000000E+01  2.79313000E-03  5.64000000E-04
  1.60000000E+01  1.90000000E+01  1.91691000E-03  5.94000000E-04
  1.60000000E+01  2.10000000E+01  6.59523000E-02  7.22000000E-04
  1.60000000E+01  2.20000000E+01  8.13990000E-03  7.29000000E-04
  1.60000000E+01  2.40000000E+01  1.08618000E-02  8.73000000E-04
  1.60000000E+01  2.50000000E+01  3.60592000E-03  8.73100000E-04
  1.60000000E+01  2.70000000E+01  2.44814000E-05  8.31000000E-04
  1.60000000E+01  2.90000000E+01  2.83965000E-04  8.47000000E-04
  1.60000000E+01  3.00000000E+01  1.56676000E-04  8.51000000E-04
  1.60000000E+01  4.10000000E+01  2.44814000E-06  8.73100000E-04
  1.80000000E+01  1.80000000E+01  1.51294000E-03  6.47000000E-04
  1.80000000E+01  1.90000000E+01  1.00348000E-02  6.77000000E-04
  1.80000000E+01  2.10000000E+01  5.63318000E-02  8.05000000E-04
  1.80000000E+01  2.20000000E+01  4.76395000E-03  8.12000000E-04
  1.80000000E+01  2.40000000E+01  6.86431000E-03  9.56000000E-04
  1.80000000E+01  2.50000000E+01  3.66472000E-03  9.56100000E-04
  1.80000000E+01  2.70000000E+01  2.96218000E-04  9.14000000E-04
  1.80000000E+01  2.90000000E+01  3.15806000E-04  9.30000000E-04
  1.80000000E+01  3.00000000E+01  9.32682000E-04  9.34000000E-04
  1.80000000E+01  4.10000000E+01  2.20334000E-05  9.56100000E-04
  1.90000000E+01  1.90000000E+01  3.66963000E-03  7.07000000E-04
  1.90000000E+01  2.10000000E+01  1.20739000E-01  8.35000000E-04
  1.90000000E+01  2.20000000E+01  4.51899000E-03  8.42000000E-04
  1.90000000E+01  2.40000000E+01  4.39409000E-03  9.86000000E-04
  1.90000000E+01  2.50000000E+01  2.14681000E-03  9.86100000E-04
  1.90000000E+01  2.70000000E+01  2.27662000E-04  9.44000000E-04
  1.90000000E+01  2.90000000E+01  8.98393000E-04  9.60000000E-04
  1.90000000E+01  3.00000000E+01  6.58507000E-04  9.64000000E-04
  1.90000000E+01  4.10000000E+01  1.71354000E-05  9.86100000E-04
  2.10000000E+01  2.10000000E+01  1.01348000E-01  9.63000000E-04
  2.10000000E+01  2.20000000E+01  2.05888000E-01  9.70000000E-04
  2.10000000E+01  2.40000000E+01  4.19139000E-02  1.11400000E-03
  2.10000000E+01  2.50000000E+01  5.36652000E-02  1.11410000E-03
  2.10000000E+01  2.70000000E+01  9.64553000E-03  1.07200000E-03
  2.10000000E+01  2.90000000E+01  7.23158000E-03  1.08800000E-03
  2.10000000E+01  3.00000000E+01  1.44423000E-02  1.09200000E-03
  2.10000000E+01  4.10000000E+01  7.46674000E-04  1.11410000E-03
  2.20000000E+01  2.20000000E+01  3.37106000E-03  9.77000000E-04
  2.20000000E+01  2.40000000E+01  4.22007000E-02  1.12100000E-03
  2.20000000E+01  2.50000000E+01  2.45054000E-03  1.12110000E-03
  2.20000000E+01  2.70000000E+01  6.80575000E-04  1.07900000E-03
  2.20000000E+01  2.90000000E+01  4.11275000E-04  1.09500000E-03
  2.20000000E+01  3.00000000E+01  4.43105000E-04  1.09900000E-03
  2.20000000E+01  4.10000000E+01  4.89607000E-05  1.12110000E-03
  2.40000000E+01  2.40000000E+01  1.69198000E-02  1.26500000E-03
  2.40000000E+01  2.50000000E+01  5.55332000E-02  1.26510000E-03
  2.40000000E+01  2.70000000E+01  1.66321000E-03  1.22300000E-03
  2.40000000E+01  2.90000000E+01  7.38394000E-04  1.23900000E-03
  2.40000000E+01  3.00000000E+01  5.24176000E-04  1.24300000E-03
  2.40000000E+01  4.10000000E+01  1.28521000E-04  1.26510000E-03
  2.50000000E+01  2.50000000E+01  1.13839000E-03  1.26520000E-03
  2.50000000E+01  2.70000000E+01  4.13721000E-04  1.22310000E-03
  2.50000000E+01  2.90000000E+01  2.45072000E-04  1.23910000E-03
  2.50000000E+01  3.00000000E+01  2.47704000E-04  1.24310000E-03
  2.50000000E+01  4.10000000E+01  3.16211000E-05  1.26520000E-03
  2.70000000E+01  2.70000000E+01  1.31118000E-05  1.18100000E-03
  2.70000000E+01  2.90000000E+01  1.70452000E-04  1.19700000E-03
  2.70000000E+01  3.00000000E+01  1.04897000E-04  1.20100000E-03
  2.90000000E+01  2.90000000E+01  8.98663000E-05  1.21300000E-03
  2.90000000E+01  3.00000000E+01  4.62177000E-04  1.21700000E-03
  2.90000000E+01  4.10000000E+01  1.28387000E-05  1.23910000E-03
  3.00000000E+01  3.00000000E+01  5.76515000E-04  1.22100000E-03
  3.00000000E+01  4.10000000E+01  4.43478000E-05  1.24310000E-03
                                                                       1
 65000  0  7  158.924    180717  2  0.0         1.0000E+50  0.0
92931 91  0.0         14.         0.0         0.0         0.0
  1.90000000E+01  3.85130000E-03  9.58000000E-04
  2.40000000E+01  2.30100000E-04  1.23700000E-03
  2.50000000E+01  4.45220000E-03  1.23710000E-03
  3.00000000E+01  8.73370000E-04  1.21500000E-03
                                                                       1
 65000  0  9  158.924    180717  2  0.0         1.0000E+50  0.0
92932 91  0.0         14.         0.0         0.0         0.0
  1.60000000E+01  1.60000000E+01  2.69378000E-06  4.47000000E-04
  1.60000000E+01  1.80000000E+01  7.62314000E-04  5.30000000E-04
  1.60000000E+01  1.90000000E+01  4.77598000E-03  5.60000000E-04
  1.60000000E+01  2.10000000E+01  7.00359000E-03  6.88000000E-04
  1.60000000E+01  2.20000000E+01  7.75790000E-02  6.95000000E-04
  1.60000000E+01  2.40000000E+01  3.83307000E-03  8.39000000E-04
  1.60000000E+01  2.50000000E+01  1.26658000E-02  8.39100000E-04
  1.60000000E+01  2.70000000E+01  1.88553000E-05  7.97000000E-04
  1.60000000E+01  2.90000000E+01  4.04047000E-05  8.13000000E-04
  1.60000000E+01  3.00000000E+01  4.25605000E-04  8.17000000E-04
  1.60000000E+01  4.10000000E+01  2.69378000E-06  8.39100000E-04
  1.80000000E+01  1.80000000E+01  1.34690000E-05  6.13000000E-04
  1.80000000E+01  1.90000000E+01  1.14813000E-02  6.43000000E-04
  1.80000000E+01  2.10000000E+01  6.78867000E-04  7.71000000E-04
  1.80000000E+01  2.20000000E+01  7.73654000E-02  7.78000000E-04
  1.80000000E+01  2.40000000E+01  1.72414000E-03  9.22000000E-04
  1.80000000E+01  2.50000000E+01  6.20142000E-03  9.22100000E-04
  1.80000000E+01  2.70000000E+01  7.81229000E-05  8.80000000E-04
  1.80000000E+01  2.90000000E+01  5.38772000E-06  8.96000000E-04
  1.80000000E+01  3.00000000E+01  1.01555000E-03  9.00000000E-04
  1.80000000E+01  4.10000000E+01  5.38772000E-06  9.22100000E-04
  1.90000000E+01  1.90000000E+01  8.80373000E-03  6.73000000E-04
  1.90000000E+01  2.10000000E+01  7.24403000E-03  8.01000000E-04
  1.90000000E+01  2.20000000E+01  1.23810000E-01  8.08000000E-04
  1.90000000E+01  2.40000000E+01  2.70474000E-03  9.52000000E-04
  1.90000000E+01  2.50000000E+01  6.32802000E-03  9.52100000E-04
  1.90000000E+01  2.70000000E+01  5.65715000E-04  9.10000000E-04
  1.90000000E+01  2.90000000E+01  9.99425000E-04  9.26000000E-04
  1.90000000E+01  3.00000000E+01  1.61096000E-03  9.30000000E-04
  1.90000000E+01  4.10000000E+01  4.31014000E-05  9.52100000E-04
  2.10000000E+01  2.10000000E+01  1.55439000E-03  9.29000000E-04
  2.10000000E+01  2.20000000E+01  1.60425000E-01  9.36000000E-04
  2.10000000E+01  2.40000000E+01  2.16044000E-03  1.08000000E-03
  2.10000000E+01  2.50000000E+01  2.85358000E-02  1.08010000E-03
  2.10000000E+01  2.70000000E+01  5.71095000E-04  1.03800000E-03
  2.10000000E+01  2.90000000E+01  8.88962000E-05  1.05400000E-03
  2.10000000E+01  3.00000000E+01  6.43825000E-04  1.05800000E-03
  2.10000000E+01  4.10000000E+01  4.04070000E-05  1.08010000E-03
  2.20000000E+01  2.20000000E+01  1.83316000E-01  9.43000000E-04
  2.20000000E+01  2.40000000E+01  5.10016000E-02  1.08700000E-03
  2.20000000E+01  2.50000000E+01  7.64094000E-02  1.08710000E-03
  2.20000000E+01  2.70000000E+01  1.10028000E-02  1.04500000E-03
  2.20000000E+01  2.90000000E+01  9.55820000E-03  1.06100000E-03
  2.20000000E+01  3.00000000E+01  1.49106000E-02  1.06500000E-03
  2.20000000E+01  4.10000000E+01  8.51287000E-04  1.08710000E-03
  2.40000000E+01  2.40000000E+01  1.43706000E-03  1.23100000E-03
  2.40000000E+01  2.50000000E+01  5.18524000E-02  1.23110000E-03
  2.40000000E+01  2.70000000E+01  4.44923000E-04  1.18900000E-03
  2.40000000E+01  2.90000000E+01  2.01744000E-04  1.20500000E-03
  2.40000000E+01  3.00000000E+01  2.48724000E-04  1.20900000E-03
  2.40000000E+01  4.10000000E+01  3.31636000E-05  1.23110000E-03
  2.50000000E+01  2.50000000E+01  3.24257000E-02  1.23120000E-03
  2.50000000E+01  2.70000000E+01  1.87147000E-03  1.18910000E-03
  2.50000000E+01  2.90000000E+01  7.74021000E-04  1.20510000E-03
  2.50000000E+01  3.00000000E+01  6.91096000E-04  1.20910000E-03
  2.50000000E+01  4.10000000E+01  1.43748000E-04  1.23120000E-03
  2.70000000E+01  2.70000000E+01  2.19180000E-05  1.14700000E-03
  2.70000000E+01  2.90000000E+01  4.38338000E-05  1.16300000E-03
  2.70000000E+01  3.00000000E+01  4.38338000E-04  1.16700000E-03
  2.90000000E+01  3.00000000E+01  4.65460000E-04  1.18300000E-03
  3.00000000E+01  3.00000000E+01  5.97596000E-04  1.18700000E-03
  3.00000000E+01  4.10000000E+01  4.26846000E-05  1.20910000E-03
                                                                       1
 65000  0  7  158.924    180717  2  0.0         1.0000E+50  0.0
92931 91  0.0         16.         0.0         0.0         0.0
  1.80000000E+01  1.56452000E-05  8.30000000E-05
  1.90000000E+01  1.04617000E-04  1.13000000E-04
  2.90000000E+01  4.64065000E-05  3.66000000E-04
  3.00000000E+01  3.46545000E-05  3.70000000E-04
                                                                       1
 65000  0  9  158.924    180717  2  0.0         1.0000E+50  0.0
92932 91  0.0         16.         0.0         0.0         0.0
  1.80000000E+01  2.40000000E+01  2.83547000E-02  7.70000000E-05
  1.80000000E+01  2.50000000E+01  4.16493000E-02  7.71000000E-05
  1.80000000E+01  2.70000000E+01  4.37213000E-02  3.50000000E-05
  1.80000000E+01  2.90000000E+01  3.46418000E-02  5.10000000E-05
  1.80000000E+01  3.00000000E+01  6.89982000E-02  5.50000000E-05
  1.80000000E+01  4.10000000E+01  3.28012000E-03  7.71000000E-05
  1.90000000E+01  2.40000000E+01  1.16208000E-01  1.07000000E-04
  1.90000000E+01  2.50000000E+01  1.40075000E-01  1.07100000E-04
  1.90000000E+01  2.70000000E+01  5.39305000E-02  6.50000000E-05
  1.90000000E+01  2.90000000E+01  5.49391000E-02  8.10000000E-05
  1.90000000E+01  3.00000000E+01  7.01343000E-02  8.50000000E-05
  1.90000000E+01  4.10000000E+01  4.12327000E-03  1.07100000E-04
  2.10000000E+01  2.10000000E+01  4.34054000E-03  8.40000000E-05
  2.10000000E+01  2.20000000E+01  1.99709000E-02  9.10000000E-05
  2.10000000E+01  2.40000000E+01  4.18722000E-03  2.35000000E-04
  2.10000000E+01  2.50000000E+01  9.95251000E-03  2.35100000E-04
  2.10000000E+01  2.70000000E+01  1.82985000E-02  1.93000000E-04
  2.10000000E+01  2.90000000E+01  3.74791000E-03  2.09000000E-04
  2.10000000E+01  3.00000000E+01  1.06249000E-02  2.13000000E-04
  2.10000000E+01  4.10000000E+01  1.17032000E-03  2.35100000E-04
  2.20000000E+01  2.20000000E+01  1.08334000E-02  9.80000000E-05
  2.20000000E+01  2.40000000E+01  1.13827000E-02  2.42000000E-04
  2.20000000E+01  2.50000000E+01  9.99196000E-03  2.42100000E-04
  2.20000000E+01  2.70000000E+01  2.64752000E-02  2.00000000E-04
  2.20000000E+01  2.90000000E+01  1.02094000E-02  2.16000000E-04
  2.20000000E+01  3.00000000E+01  1.01178000E-02  2.20000000E-04
  2.20000000E+01  4.10000000E+01  1.68839000E-03  2.42100000E-04
  2.40000000E+01  2.40000000E+01  2.26767000E-03  3.86000000E-04
  2.40000000E+01  2.50000000E+01  6.08398000E-03  3.86100000E-04
  2.40000000E+01  2.70000000E+01  1.01949000E-02  3.44000000E-04
  2.40000000E+01  2.90000000E+01  1.23103000E-03  3.60000000E-04
  2.40000000E+01  3.00000000E+01  3.07877000E-03  3.64000000E-04
  2.40000000E+01  4.10000000E+01  5.95242000E-04  3.86100000E-04
  2.50000000E+01  2.50000000E+01  3.93290000E-03  3.86200000E-04
  2.50000000E+01  2.70000000E+01  1.31769000E-02  3.44100000E-04
  2.50000000E+01  2.90000000E+01  8.38147000E-04  3.60100000E-04
  2.50000000E+01  3.00000000E+01  3.86966000E-03  3.64100000E-04
  2.50000000E+01  4.10000000E+01  7.68973000E-04  3.86200000E-04
  2.70000000E+01  2.70000000E+01  1.90496000E-02  3.02000000E-04
  2.70000000E+01  2.90000000E+01  2.31641000E-02  3.18000000E-04
  2.70000000E+01  3.00000000E+01  3.94873000E-02  3.22000000E-04
  2.70000000E+01  4.10000000E+01  2.61015000E-03  3.44100000E-04
  2.90000000E+01  2.90000000E+01  5.29083000E-03  3.34000000E-04
  2.90000000E+01  3.00000000E+01  2.22281000E-02  3.38000000E-04
  2.90000000E+01  4.10000000E+01  4.05788000E-03  3.60100000E-04
  3.00000000E+01  3.00000000E+01  1.77848000E-02  3.42000000E-04
  3.00000000E+01  4.10000000E+01  7.03978000E-03  3.64100000E-04
                                                                       1
 65000  0  7  158.924    180717  2  0.0         1.0000E+50  0.0
92931 91  0.0         18.         0.0         0.0         0.0
  2.10000000E+01  3.44685000E-04  1.58000000E-04
  2.70000000E+01  7.74741000E-05  2.67000000E-04
                                                                       1
 65000  0  9  158.924    180717  2  0.0         1.0000E+50  0.0
92932 91  0.0         18.         0.0         0.0         0.0
  1.90000000E+01  2.40000000E+01  5.56702000E-02  2.40000000E-05
  1.90000000E+01  2.50000000E+01  4.25626000E-02  2.41000000E-05
  1.90000000E+01  2.90000000E+01  1.11922000E-02  0.00000000E+00
  1.90000000E+01  3.00000000E+01  1.11661000E-02  2.00000000E-06
  1.90000000E+01  4.10000000E+01  1.26826000E-03  2.41000000E-05
  2.10000000E+01  2.10000000E+01  1.89168000E-02  1.00000000E-06
  2.10000000E+01  2.20000000E+01  2.91695000E-01  8.00000000E-06
  2.10000000E+01  2.40000000E+01  9.58481000E-02  1.52000000E-04
  2.10000000E+01  2.50000000E+01  1.98961000E-01  1.52100000E-04
  2.10000000E+01  2.70000000E+01  3.12326000E-02  1.10000000E-04
  2.10000000E+01  2.90000000E+01  2.19772000E-02  1.26000000E-04
  2.10000000E+01  3.00000000E+01  3.91730000E-02  1.30000000E-04
  2.10000000E+01  4.10000000E+01  2.38320000E-03  1.52100000E-04
  2.20000000E+01  2.20000000E+01  1.75178000E-02  1.50000000E-05
  2.20000000E+01  2.40000000E+01  2.85075000E-02  1.59000000E-04
  2.20000000E+01  2.50000000E+01  7.54279000E-03  1.59100000E-04
  2.20000000E+01  2.70000000E+01  5.97855000E-03  1.17000000E-04
  2.20000000E+01  2.90000000E+01  2.50657000E-02  1.33000000E-04
  2.20000000E+01  3.00000000E+01  5.37536000E-03  1.37000000E-04
  2.20000000E+01  4.10000000E+01  4.03889000E-04  1.59100000E-04
  2.40000000E+01  2.40000000E+01  1.31882000E-03  3.03000000E-04
  2.40000000E+01  2.50000000E+01  1.01009000E-02  3.03100000E-04
  2.40000000E+01  2.70000000E+01  2.57839000E-03  2.61000000E-04
  2.40000000E+01  2.90000000E+01  9.51811000E-03  2.77000000E-04
  2.40000000E+01  3.00000000E+01  3.14636000E-03  2.81000000E-04
  2.40000000E+01  4.10000000E+01  1.94294000E-04  3.03100000E-04
  2.50000000E+01  2.50000000E+01  4.19456000E-04  3.03200000E-04
  2.50000000E+01  2.70000000E+01  1.49450000E-03  2.61100000E-04
  2.50000000E+01  2.90000000E+01  1.72280000E-02  2.77100000E-04
  2.50000000E+01  3.00000000E+01  1.28236000E-03  2.81100000E-04
  2.50000000E+01  4.10000000E+01  9.55657000E-05  3.03200000E-04
  2.70000000E+01  2.70000000E+01  2.59890000E-04  2.19000000E-04
  2.70000000E+01  2.90000000E+01  4.20256000E-03  2.35000000E-04
  2.70000000E+01  3.00000000E+01  6.72854000E-04  2.39000000E-04
  2.70000000E+01  4.10000000E+01  3.45685000E-05  2.61100000E-04
  2.90000000E+01  2.90000000E+01  8.41041000E-03  2.51000000E-04
  2.90000000E+01  3.00000000E+01  2.36153000E-02  2.55000000E-04
  2.90000000E+01  4.10000000E+01  1.18313000E-03  2.77100000E-04
  3.00000000E+01  3.00000000E+01  1.18499000E-03  2.59000000E-04
  3.00000000E+01  4.10000000E+01  1.99906000E-04  2.81100000E-04
                                                                       1
 65000  0  7  158.924    180717  2  0.0         1.0000E+50  0.0
92931 91  0.0         19.         0.0         0.0         0.0
  2.10000000E+01  8.87578000E-06  1.28000000E-04
  2.20000000E+01  9.74247000E-05  1.35000000E-04
  2.70000000E+01  3.95999000E-05  2.37000000E-04
                                                                       1
 65000  0  9  158.924    180717  2  0.0         1.0000E+50  0.0
92932 91  0.0         19.         0.0         0.0         0.0
  2.10000000E+01  2.40000000E+01  1.85797000E-02  1.22000000E-04
  2.10000000E+01  2.50000000E+01  5.45661000E-02  1.22100000E-04
  2.10000000E+01  2.70000000E+01  1.46113000E-02  8.00000000E-05
  2.10000000E+01  2.90000000E+01  1.08685000E-02  9.60000000E-05
  2.10000000E+01  3.00000000E+01  4.14904000E-02  1.00000000E-04
  2.10000000E+01  4.10000000E+01  1.10368000E-03  1.22100000E-04
  2.20000000E+01  2.40000000E+01  2.44274000E-01  1.29000000E-04
  2.20000000E+01  2.50000000E+01  2.51625000E-01  1.29100000E-04
  2.20000000E+01  2.70000000E+01  7.54746000E-02  8.70000000E-05
  2.20000000E+01  2.90000000E+01  7.29346000E-02  1.03000000E-04
  2.20000000E+01  3.00000000E+01  1.07763000E-01  1.07000000E-04
  2.20000000E+01  4.10000000E+01  5.91623000E-03  1.29100000E-04
  2.40000000E+01  2.40000000E+01  4.15045000E-04  2.73000000E-04
  2.40000000E+01  2.50000000E+01  1.29435000E-02  2.73100000E-04
  2.40000000E+01  2.70000000E+01  3.46292000E-03  2.31000000E-04
  2.40000000E+01  2.90000000E+01  1.49893000E-03  2.47000000E-04
  2.40000000E+01  3.00000000E+01  2.18925000E-02  2.51000000E-04
  2.40000000E+01  4.10000000E+01  2.05017000E-04  2.73100000E-04
  2.50000000E+01  2.50000000E+01  4.87138000E-03  2.73200000E-04
  2.50000000E+01  2.70000000E+01  7.34643000E-03  2.31100000E-04
  2.50000000E+01  2.90000000E+01  6.03253000E-03  2.47100000E-04
  2.50000000E+01  3.00000000E+01  2.65114000E-02  2.51100000E-04
  2.50000000E+01  4.10000000E+01  4.82145000E-04  2.73200000E-04
  2.70000000E+01  2.70000000E+01  2.14606000E-05  1.89000000E-04
  2.70000000E+01  2.90000000E+01  2.43436000E-04  2.05000000E-04
  2.70000000E+01  3.00000000E+01  4.66101000E-03  2.09000000E-04
  2.70000000E+01  4.10000000E+01  3.67897000E-06  2.31100000E-04
  2.90000000E+01  2.90000000E+01  2.22088000E-05  2.21000000E-04
  2.90000000E+01  3.00000000E+01  2.54387000E-03  2.25000000E-04
  2.90000000E+01  4.10000000E+01  9.31293000E-06  2.47100000E-04
  3.00000000E+01  3.00000000E+01  7.03753000E-03  2.29000000E-04
  3.00000000E+01  4.10000000E+01  4.42155000E-04  2.51100000E-04
                                                                       1
 65000  0  7  158.924    180717  2  0.0         1.0000E+50  0.0
92931 91  0.0         21.         0.0         0.0         0.0
  2.40000000E+01  1.32339000E-05  1.51000000E-04
  2.90000000E+01  1.14742000E-05  1.25000000E-04
  3.00000000E+01  1.81928000E-06  1.29000000E-04
                                                                       1
 65000  0  9  158.924    180717  2  0.0         1.0000E+50  0.0
92932 91  0.0         21.         0.0         0.0         0.0
  2.20000000E+01  2.40000000E+01  4.73257000E-02  1.00000000E-06
  2.20000000E+01  2.50000000E+01  4.50176000E-03  1.10000000E-06
  2.20000000E+01  4.10000000E+01  2.30501000E-04  1.10000000E-06
  2.40000000E+01  2.40000000E+01  1.28298000E-01  1.45000000E-04
  2.40000000E+01  2.50000000E+01  4.43626000E-01  1.45100000E-04
  2.40000000E+01  2.70000000E+01  6.86050000E-02  1.03000000E-04
  2.40000000E+01  2.90000000E+01  5.67903000E-02  1.19000000E-04
  2.40000000E+01  3.00000000E+01  8.94608000E-02  1.23000000E-04
  2.40000000E+01  4.10000000E+01  5.33885000E-03  1.45100000E-04
  2.50000000E+01  2.50000000E+01  3.06369000E-03  1.45200000E-04
  2.50000000E+01  2.70000000E+01  4.75913000E-03  1.03100000E-04
  2.50000000E+01  2.90000000E+01  1.28829000E-02  1.19100000E-04
  2.50000000E+01  3.00000000E+01  4.28214000E-03  1.23100000E-04
  2.50000000E+01  4.10000000E+01  3.15097000E-04  1.45200000E-04
  2.70000000E+01  2.70000000E+01  8.29304000E-03  6.10000000E-05
  2.70000000E+01  2.90000000E+01  7.42979000E-03  7.70000000E-05
  2.70000000E+01  3.00000000E+01  8.82887000E-03  8.10000000E-05
  2.70000000E+01  4.10000000E+01  7.17258000E-04  1.03100000E-04
  2.90000000E+01  2.90000000E+01  1.78746000E-02  9.30000000E-05
  2.90000000E+01  3.00000000E+01  5.62515000E-02  9.70000000E-05
  2.90000000E+01  4.10000000E+01  2.22077000E-03  1.19100000E-04
  3.00000000E+01  3.00000000E+01  2.67005000E-02  1.01000000E-04
  3.00000000E+01  4.10000000E+01  2.17742000E-03  1.23100000E-04
                                                                       1
 65000  0  7  158.924    180717  2  0.0         1.0000E+50  0.0
92931 91  0.0         22.         0.0         0.0         0.0
  2.40000000E+01  6.89955000E-07  1.44000000E-04
  2.50000000E+01  1.40209000E-05  1.44100000E-04
  3.00000000E+01  1.27859000E-05  1.22000000E-04
                                                                       1
 65000  0  9  158.924    180717  2  0.0         1.0000E+50  0.0
92932 91  0.0         22.         0.0         0.0         0.0
  2.40000000E+01  2.40000000E+01  9.46033000E-03  1.38000000E-04
  2.40000000E+01  2.50000000E+01  3.96759000E-01  1.38100000E-04
  2.40000000E+01  2.70000000E+01  1.09901000E-02  9.60000000E-05
  2.40000000E+01  2.90000000E+01  6.10819000E-03  1.12000000E-04
  2.40000000E+01  3.00000000E+01  2.17691000E-02  1.16000000E-04
  2.40000000E+01  4.10000000E+01  7.80396000E-04  1.38100000E-04
  2.50000000E+01  2.50000000E+01  2.60947000E-01  1.38200000E-04
  2.50000000E+01  2.70000000E+01  8.12635000E-02  9.61000000E-05
  2.50000000E+01  2.90000000E+01  7.90563000E-02  1.12100000E-04
  2.50000000E+01  3.00000000E+01  1.03511000E-01  1.16100000E-04
  2.50000000E+01  4.10000000E+01  6.35807000E-03  1.38200000E-04
  2.70000000E+01  2.70000000E+01  5.10849000E-03  5.40000000E-05
  2.70000000E+01  2.90000000E+01  2.55465000E-03  7.00000000E-05
  2.70000000E+01  3.00000000E+01  6.62403000E-03  7.40000000E-05
  2.70000000E+01  4.10000000E+01  4.34732000E-04  9.61000000E-05
  2.90000000E+01  2.90000000E+01  4.89311000E-04  8.60000000E-05
  2.90000000E+01  3.00000000E+01  4.67458000E-03  9.00000000E-05
  2.90000000E+01  4.10000000E+01  1.04371000E-04  1.12100000E-04
  3.00000000E+01  3.00000000E+01  2.71450000E-03  9.40000000E-05
  3.00000000E+01  4.10000000E+01  2.64280000E-04  1.16100000E-04
                                                                       1
 65000  0  7  158.924    180717  2  0.0         1.0000E+50  0.0
92931 91  0.0         27.         0.0         0.0         0.0
  2.90000000E+01  5.51281000E-08  1.60000000E-05
  3.00000000E+01  2.09801000E-07  2.00000000E-05
                                                                       1
 65000  0  9  158.924    180717  2  0.0         1.0000E+50  0.0
92932 91  0.0         27.         0.0         0.0         0.0
  2.90000000E+01  4.10000000E+01  4.09171000E-01  1.01000000E-05
  3.00000000E+01  4.10000000E+01  5.83062000E-01  1.41000000E-05
  4.10000000E+01  4.10000000E+01  7.76712000E-03  3.62000000E-05
                                                                       1
