  8000  0  0  15.9994    180717  2  0.0         1.0000E+50  0.0
91912  0  0.0         0.0         0.0         0.0         0.0
 1.000000000E+00 2.000000000E+00
 3.000000000E+00 2.000000000E+00
 5.000000000E+00 1.330000000E+00
 6.000000000E+00 2.670000000E+00
                                                                       1
  8000  0  0  15.9994    180717  2  0.0         1.0000E+50  0.0
91913  0  0.0         0.0         0.0         0.0         0.0
 1.000000000E+00 5.380000000E-04
 3.000000000E+00 2.848000000E-05
 5.000000000E+00 1.362000000E-05
 6.000000000E+00 1.362000000E-05
                                                                       1
  8000  0  0  15.9994    180717  2  0.0         1.0000E+50  0.0
91914  0  0.0         0.0         0.0         0.0         0.0
 1.000000000E+00 8.100941409E-04
 3.000000000E+00 9.088656859E-05
 5.000000000E+00 7.332147992E-05
 6.000000000E+00 7.326886219E-05
                                                                       1
  8000  0  0  15.9994    180717  2  0.0         1.0000E+50  0.0
91915  0  0.0         0.0         0.0         0.0         0.0
 1.000000000E+00 1.043000000E-09
 3.000000000E+00 5.865800000E-09
 5.000000000E+00 6.356200000E-09
 6.000000000E+00 6.363900000E-09
                                                                       1
  8000  0  0  15.9994    180717  2  0.0         1.0000E+50  0.0
91921  0  0.0         0.0         0.0         0.0         0.0
 1.000000000E+00 8.232300000E-10
                                                                       1
  8000  0  0  15.9994    180717  2  0.0         1.0000E+50  0.0
91922  0  0.0         0.0         0.0         0.0         0.0
 1.000000000E+00 1.325600000E-07
                                                                       1
  8000  0  0  15.9994    180717  2  0.0         1.0000E+50  0.0
92935  0  0.0         0.0         0.0         0.0         0.0
 1.000000000E+00 3.890376452E-05
 3.000000000E+00 2.848000000E-05
 5.000000000E+00 1.362000000E-05
 6.000000000E+00 1.362000000E-05
                                                                       1
  8000  0  7  15.9994    180717  2  0.0         1.0000E+50  0.0
92933  0  0.0         0.0         0.0         0.0         0.0
 1.000000000E+00 5.707950000E-03
                                                                       1
  8000  0  7  15.9994    180717  2  0.0         1.0000E+50  0.0
92934  0  0.0         0.0         0.0         0.0         0.0
 1.000000000E+00 2.989931395E-06
                                                                       1
  8000  0  9  15.9994    180717  2  0.0         1.0000E+50  0.0
92933  0  0.0         0.0         0.0         0.0         0.0
 1.000000000E+00 9.942920000E-01
                                                                       1
  8000  0  9  15.9994    180717  2  0.0         1.0000E+50  0.0
92934  0  0.0         0.0         0.0         0.0         0.0
 1.000000000E+00 4.961059336E-04
                                                                       1
  8000  0  7  15.9994    180717  2  0.0         1.0000E+50  0.0
92931 91  0.0         1.          0.0         0.0         0.0
  5.00000000E+00  1.90768000E-03  5.24380000E-04
  6.00000000E+00  3.80027000E-03  5.24380000E-04
                                                                       1
  8000  0  9  15.9994    180717  2  0.0         1.0000E+50  0.0
92932 91  0.0         1.          0.0         0.0         0.0
  3.00000000E+00  3.00000000E+00  1.78644000E-01  4.81040000E-04
  3.00000000E+00  5.00000000E+00  1.16224000E-01  4.95900000E-04
  3.00000000E+00  6.00000000E+00  2.30418000E-01  4.95900000E-04
  5.00000000E+00  5.00000000E+00  1.10822000E-02  5.10760000E-04
  5.00000000E+00  6.00000000E+00  2.91115000E-01  5.10760000E-04
  6.00000000E+00  6.00000000E+00  1.66809000E-01  5.10760000E-04
                                                                       1
