1.000E-03 7.210E-01 3.617E-02 1.428E+03 0.000E+00 0.000E+00 
1.010E-03 7.195E-01 3.678E-02 1.391E+03 0.000E+00 0.000E+00 
1.020E-03 7.180E-01 3.741E-02 1.355E+03 0.000E+00 0.000E+00 
1.031E-03 7.163E-01 3.814E-02 1.315E+03 0.000E+00 0.000E+00 
1.043E-03 7.146E-01 3.888E-02 1.277E+03 0.000E+00 0.000E+00 
1.057E-03 7.125E-01 3.982E-02 1.230E+03 0.000E+00 0.000E+00 
1.072E-03 7.104E-01 4.078E-02 1.188E+03 0.000E+00 0.000E+00 
1.131E-03 7.021E-01 4.471E-02 1.029E+03 0.000E+00 0.000E+00 
1.194E-03 6.936E-01 4.898E-02 8.915E+02 0.000E+00 0.000E+00 
1.248E-03 6.861E-01 5.280E-02 7.908E+02 0.000E+00 0.000E+00 
1.305E-03 6.782E-01 5.687E-02 7.013E+02 0.000E+00 0.000E+00 
1.500E-03 6.501E-01 7.114E-02 4.797E+02 0.000E+00 0.000E+00 
2.000E-03 5.725E-01 1.074E-01 2.143E+02 0.000E+00 0.000E+00 
2.145E-03 5.501E-01 1.174E-01 1.754E+02 0.000E+00 0.000E+00 
2.303E-03 5.263E-01 1.279E-01 1.445E+02 0.000E+00 0.000E+00 
2.472E-03 5.016E-01 1.385E-01 1.185E+02 0.000E+00 0.000E+00 
2.641E-03 4.779E-01 1.486E-01 9.782E+01 0.000E+00 0.000E+00 
2.822E-03 4.536E-01 1.587E-01 8.070E+01 0.000E+00 0.000E+00 
3.000E-03 4.309E-01 1.679E-01 6.806E+01 0.000E+00 0.000E+00 
3.607E-03 3.621E-01 1.946E-01 3.956E+01 0.000E+00 0.000E+00 
4.000E-03 3.248E-01 2.082E-01 2.948E+01 0.000E+00 0.000E+00 
4.038E-03 3.214E-01 2.094E-01 2.866E+01 0.000E+00 0.000E+00 
5.000E-03 2.506E-01 2.338E-01 1.511E+01 0.000E+00 0.000E+00 
6.000E-03 1.990E-01 2.505E-01 8.689E+00 0.000E+00 0.000E+00 
7.112E-03 1.588E-01 2.628E-01 5.162E+00 0.000E+00 0.000E+00 
8.000E-03 1.354E-01 2.696E-01 3.592E+00 0.000E+00 0.000E+00 
9.659E-03 1.044E-01 2.782E-01 2.000E+00 0.000E+00 0.000E+00 
1.000E-02 9.950E-02 2.794E-01 1.794E+00 0.000E+00 0.000E+00 
1.500E-02 5.620E-02 2.889E-01 4.990E-01 0.000E+00 0.000E+00 
2.000E-02 3.669E-02 2.909E-01 1.988E-01 0.000E+00 0.000E+00 
3.000E-02 1.908E-02 2.877E-01 5.351E-02 0.000E+00 0.000E+00 
4.000E-02 1.159E-02 2.815E-01 2.092E-02 0.000E+00 0.000E+00 
5.000E-02 7.776E-03 2.746E-01 1.006E-02 0.000E+00 0.000E+00 
6.000E-02 5.572E-03 2.677E-01 5.520E-03 0.000E+00 0.000E+00 
8.000E-02 3.256E-03 2.547E-01 2.140E-03 0.000E+00 0.000E+00 
1.000E-01 2.129E-03 2.430E-01 1.027E-03 0.000E+00 0.000E+00 
1.500E-01 9.692E-04 2.192E-01 2.725E-04 0.000E+00 0.000E+00 
2.000E-01 5.502E-04 2.010E-01 1.079E-04 0.000E+00 0.000E+00 
3.000E-01 2.463E-04 1.749E-01 3.056E-05 0.000E+00 0.000E+00 
4.000E-01 1.389E-04 1.568E-01 1.310E-05 0.000E+00 0.000E+00 
5.000E-01 8.900E-05 1.432E-01 7.070E-06 0.000E+00 0.000E+00 
6.000E-01 6.185E-05 1.325E-01 4.405E-06 0.000E+00 0.000E+00 
8.000E-01 3.481E-05 1.164E-01 2.224E-06 0.000E+00 0.000E+00 
1.000E+00 2.229E-05 1.047E-01 1.383E-06 0.000E+00 0.000E+00 
1.022E+00 2.134E-05 1.036E-01 1.290E-06 0.000E+00 0.000E+00 
1.250E+00 1.427E-05 9.357E-02 8.755E-07 9.477E-06 0.000E+00 
1.500E+00 9.908E-06 8.506E-02 6.350E-07 5.265E-05 0.000E+00 
2.000E+00 5.574E-06 7.258E-02 3.990E-07 2.100E-04 0.000E+00 
2.044E+00 5.336E-06 7.169E-02 3.860E-07 2.264E-04 0.000E+00 
3.000E+00 2.478E-06 5.709E-02 2.226E-07 6.013E-04 1.998E-05 
4.000E+00 1.394E-06 4.763E-02 1.527E-07 9.758E-04 8.155E-05 
5.000E+00 8.919E-07 4.113E-02 1.157E-07 1.310E-03 1.625E-04 
6.000E+00 6.194E-07 3.636E-02 9.295E-08 1.610E-03 2.496E-04 
7.000E+00 4.550E-07 3.268E-02 7.763E-08 1.877E-03 3.366E-04 
8.000E+00 3.484E-07 2.974E-02 6.659E-08 2.118E-03 4.210E-04 
9.000E+00 2.753E-07 2.734E-02 5.829E-08 2.337E-03 5.020E-04 
1.000E+01 2.230E-07 2.533E-02 5.182E-08 2.535E-03 5.792E-04 
1.100E+01 1.843E-07 2.363E-02 4.664E-08 2.717E-03 6.525E-04 
1.200E+01 1.548E-07 2.216E-02 4.238E-08 2.883E-03 7.218E-04 
1.300E+01 1.319E-07 2.087E-02 3.885E-08 3.038E-03 7.872E-04 
1.400E+01 1.138E-07 1.974E-02 3.584E-08 3.182E-03 8.496E-04 
1.500E+01 9.911E-08 1.875E-02 3.328E-08 3.317E-03 9.089E-04 
1.600E+01 8.710E-08 1.785E-02 3.105E-08 3.444E-03 9.658E-04 
1.800E+01 6.882E-08 1.632E-02 2.739E-08 3.677E-03 1.071E-03 
2.000E+01 5.574E-08 1.505E-02 2.449E-08 3.886E-03 1.168E-03 
2.200E+01 4.608E-08 1.398E-02 2.215E-08 4.077E-03 1.257E-03 
2.400E+01 3.871E-08 1.306E-02 2.022E-08 4.250E-03 1.339E-03 
2.600E+01 3.299E-08 1.226E-02 1.859E-08 4.410E-03 1.416E-03 
2.800E+01 2.844E-08 1.157E-02 1.721E-08 4.558E-03 1.488E-03 
3.000E+01 2.478E-08 1.095E-02 1.602E-08 4.695E-03 1.555E-03 
4.000E+01 1.394E-08 8.704E-03 1.190E-08 5.260E-03 1.839E-03 
5.000E+01 8.919E-09 7.268E-03 9.463E-09 5.693E-03 2.062E-03 
6.000E+01 6.193E-09 6.258E-03 7.856E-09 6.040E-03 2.245E-03 
8.000E+01 3.484E-09 4.937E-03 5.863E-09 6.572E-03 2.534E-03 
1.000E+02 2.230E-09 4.098E-03 4.676E-09 6.967E-03 2.756E-03 
1.500E+02 9.908E-10 2.918E-03 3.105E-09 7.633E-03 3.151E-03 
2.000E+02 5.573E-10 2.288E-03 2.325E-09 8.053E-03 3.421E-03 
3.000E+02 2.477E-10 1.621E-03 1.546E-09 8.565E-03 3.778E-03 
4.000E+02 1.394E-10 1.270E-03 1.159E-09 8.869E-03 4.009E-03 
5.000E+02 8.916E-11 1.051E-03 9.265E-10 9.072E-03 4.173E-03 
6.000E+02 6.192E-11 9.002E-04 7.718E-10 9.220E-03 4.297E-03 
8.000E+02 3.484E-11 7.030E-04 5.786E-10 9.420E-03 4.474E-03 
1.000E+03 2.230E-11 5.783E-04 4.627E-10 9.551E-03 4.595E-03 
1.500E+03 9.908E-12 4.040E-04 3.083E-10 9.742E-03 4.780E-03 
2.000E+03 5.573E-12 3.126E-04 2.312E-10 9.848E-03 4.887E-03 
3.000E+03 2.477E-12 2.174E-04 1.541E-10 9.961E-03 5.006E-03 
4.000E+03 1.394E-12 1.678E-04 1.156E-10 1.002E-02 5.074E-03 
5.000E+03 8.916E-13 1.372E-04 9.245E-11 1.006E-02 5.120E-03 
6.000E+03 6.192E-13 1.163E-04 7.704E-11 1.009E-02 5.152E-03 
8.000E+03 3.484E-13 8.961E-05 5.777E-11 1.013E-02 5.193E-03 
1.000E+04 2.230E-13 7.317E-05 4.622E-11 1.015E-02 5.220E-03 
1.500E+04 9.908E-14 5.056E-05 3.081E-11 1.018E-02 5.256E-03 
2.000E+04 5.573E-14 3.888E-05 2.311E-11 1.020E-02 5.275E-03 
3.000E+04 2.477E-14 2.681E-05 1.541E-11 1.022E-02 5.297E-03 
4.000E+04 1.394E-14 2.059E-05 1.155E-11 1.023E-02 5.311E-03 
5.000E+04 8.916E-15 1.676E-05 9.243E-12 1.023E-02 5.316E-03 
6.000E+04 6.192E-15 1.417E-05 7.702E-12 1.024E-02 5.324E-03 
8.000E+04 3.484E-15 1.087E-05 5.777E-12 1.024E-02 5.329E-03 
1.000E+05 2.230E-15 8.838E-06 4.622E-12 1.025E-02 5.333E-03 

