 20000  0  0  40.08      180717  2  0.0         1.0000E+50  0.0
91912  0  0.0         0.0         0.0         0.0         0.0
 1.000000000E+00 2.000000000E+00
 3.000000000E+00 2.000000000E+00
 5.000000000E+00 2.000000000E+00
 6.000000000E+00 4.000000000E+00
 8.000000000E+00 2.000000000E+00
 1.000000000E+01 2.000000000E+00
 1.100000000E+01 4.000000000E+00
 1.600000000E+01 2.000000000E+00
                                                                       1
 20000  0  0  40.08      180717  2  0.0         1.0000E+50  0.0
91913  0  0.0         0.0         0.0         0.0         0.0
 1.000000000E+00 4.041000000E-03
 3.000000000E+00 4.410000000E-04
 5.000000000E+00 3.530000000E-04
 6.000000000E+00 3.490000000E-04
 8.000000000E+00 4.600000000E-05
 1.000000000E+01 2.800000000E-05
 1.100000000E+01 2.800000000E-05
 1.600000000E+01 6.110000000E-06
                                                                       1
 20000  0  0  40.08      180717  2  0.0         1.0000E+50  0.0
91914  0  0.0         0.0         0.0         0.0         0.0
 1.000000000E+00 5.346700946E-03
 3.000000000E+00 9.236405750E-04
 5.000000000E+00 8.758733846E-04
 6.000000000E+00 8.598939471E-04
 8.000000000E+00 1.566042137E-04
 1.000000000E+01 1.268438695E-04
 1.100000000E+01 1.264916667E-04
 1.600000000E+01 2.083005505E-05
                                                                       1
 20000  0  0  40.08      180717  2  0.0         1.0000E+50  0.0
91915  0  0.0         0.0         0.0         0.0         0.0
 1.000000000E+00 4.050800000E-10
 3.000000000E+00 1.904200000E-09
 5.000000000E+00 1.694900000E-09
 6.000000000E+00 1.708000000E-09
 8.000000000E+00 5.958400000E-09
 1.000000000E+01 6.425700000E-09
 1.100000000E+01 6.464300000E-09
 1.600000000E+01 2.101500000E-08
                                                                       1
 20000  0  0  40.08      180717  2  0.0         1.0000E+50  0.0
91921  0  0.0         0.0         0.0         0.0         0.0
 1.000000000E+00 1.194000000E-07
 3.000000000E+00 5.579000000E-10
 5.000000000E+00 5.149100000E-11
 6.000000000E+00 5.278400000E-11
                                                                       1
 20000  0  0  40.08      180717  2  0.0         1.0000E+50  0.0
91922  0  0.0         0.0         0.0         0.0         0.0
 1.000000000E+00 6.255600000E-07
 3.000000000E+00 3.946700000E-06
 5.000000000E+00 2.063100000E-07
 6.000000000E+00 2.076900000E-07
                                                                       1
 20000  0  0  40.08      180717  2  0.0         1.0000E+50  0.0
92935  0  0.0         0.0         0.0         0.0         0.0
 1.000000000E+00 1.382978152E-04
 3.000000000E+00 1.110886020E-04
 5.000000000E+00 7.033218249E-05
 6.000000000E+00 6.988027393E-05
 8.000000000E+00 4.600000000E-05
 1.000000000E+01 2.800000000E-05
 1.100000000E+01 2.800000000E-05
 1.600000000E+01 6.110000000E-06
                                                                       1
 20000  0  7  40.08      180717  2  0.0         1.0000E+50  0.0
92933  0  0.0         0.0         0.0         0.0         0.0
 1.000000000E+00 1.624860000E-01
 3.000000000E+00 1.952480000E-03
 5.000000000E+00 1.221950000E-03
 6.000000000E+00 1.156080000E-03
                                                                       1
 20000  0  7  40.08      180717  2  0.0         1.0000E+50  0.0
92934  0  0.0         0.0         0.0         0.0         0.0
 1.000000000E+00 5.958537534E-04
 3.000000000E+00 5.677462302E-07
 5.000000000E+00 3.686875780E-07
 6.000000000E+00 3.442248311E-07
                                                                       1
 20000  0  9  40.08      180717  2  0.0         1.0000E+50  0.0
92933  0  0.0         0.0         0.0         0.0         0.0
 1.000000000E+00 2.793270000E+00
 3.000000000E+00 1.905520000E+00
 5.000000000E+00 9.987780000E-01
 6.000000000E+00 9.988440000E-01
                                                                       1
 20000  0  9  40.08      180717  2  0.0         1.0000E+50  0.0
92934  0  0.0         0.0         0.0         0.0         0.0
 1.000000000E+00 3.306846418E-03
 3.000000000E+00 3.293435258E-04
 5.000000000E+00 2.822987327E-04
 6.000000000E+00 2.787755405E-04
                                                                       1
 20000  0  7  40.08      180717  2  0.0         1.0000E+50  0.0
92931 91  0.0         1.          0.0         0.0         0.0
  5.00000000E+00  4.87196000E-02  3.68800000E-03
  6.00000000E+00  9.61323000E-02  3.69200000E-03
  1.00000000E+01  5.17776000E-03  4.01300000E-03
  1.10000000E+01  1.02489000E-02  4.01300000E-03
                                                                       1
 20000  0  9  40.08      180717  2  0.0         1.0000E+50  0.0
92932 91  0.0         1.          0.0         0.0         0.0
  3.00000000E+00  3.00000000E+00  5.63485000E-02  3.15900000E-03
  3.00000000E+00  5.00000000E+00  6.20531000E-02  3.24700000E-03
  3.00000000E+00  6.00000000E+00  1.17762000E-01  3.25100000E-03
  3.00000000E+00  8.00000000E+00  1.42824000E-02  3.55400000E-03
  3.00000000E+00  1.00000000E+01  7.23290000E-03  3.57200000E-03
  3.00000000E+00  1.10000000E+01  1.37034000E-02  3.57200000E-03
  3.00000000E+00  1.60000000E+01  1.62556000E-03  3.59389000E-03
  5.00000000E+00  5.00000000E+00  1.12223000E-02  3.33500000E-03
  5.00000000E+00  6.00000000E+00  2.76841000E-01  3.33900000E-03
  5.00000000E+00  8.00000000E+00  6.82757000E-03  3.64200000E-03
  5.00000000E+00  1.00000000E+01  2.49498000E-03  3.66000000E-03
  5.00000000E+00  1.10000000E+01  2.84282000E-02  3.66000000E-03
  5.00000000E+00  1.60000000E+01  7.63476000E-04  3.68189000E-03
  6.00000000E+00  6.00000000E+00  1.56416000E-01  3.34300000E-03
  6.00000000E+00  8.00000000E+00  1.29934000E-02  3.64600000E-03
  6.00000000E+00  1.00000000E+01  2.83839000E-02  3.66400000E-03
  6.00000000E+00  1.10000000E+01  3.25412000E-02  3.66400000E-03
  6.00000000E+00  1.60000000E+01  1.45385000E-03  3.68589000E-03
  8.00000000E+00  8.00000000E+00  8.72175000E-04  3.94900000E-03
  8.00000000E+00  1.00000000E+01  7.79616000E-04  3.96700000E-03
  8.00000000E+00  1.10000000E+01  1.47733000E-03  3.96700000E-03
  8.00000000E+00  1.60000000E+01  1.99359000E-04  3.98889000E-03
  1.00000000E+01  1.00000000E+01  1.35157000E-04  3.98500000E-03
  1.00000000E+01  1.10000000E+01  2.93344000E-03  3.98500000E-03
  1.00000000E+01  1.60000000E+01  8.76773000E-05  4.00689000E-03
  1.10000000E+01  1.10000000E+01  1.69495000E-03  3.98500000E-03
  1.10000000E+01  1.60000000E+01  1.68035000E-04  4.00689000E-03
                                                                       1
 20000  0  7  40.08      180717  2  0.0         1.0000E+50  0.0
92931 91  0.0         3.          0.0         0.0         0.0
  5.00000000E+00  9.42443000E-05  8.80000000E-05
  6.00000000E+00  2.78501000E-04  9.20000000E-05
  1.00000000E+01  2.04061000E-04  4.13000000E-04
  1.10000000E+01  3.06021000E-04  4.13000000E-04
                                                                       1
 20000  0  9  40.08      180717  2  0.0         1.0000E+50  0.0
92932 91  0.0         3.          0.0         0.0         0.0
  5.00000000E+00  8.00000000E+00  1.26937000E-01  4.20000000E-05
  5.00000000E+00  1.00000000E+01  7.72997000E-02  6.00000000E-05
  5.00000000E+00  1.10000000E+01  9.32978000E-02  6.00000000E-05
  5.00000000E+00  1.60000000E+01  1.42567000E-02  8.18900000E-05
  6.00000000E+00  8.00000000E+00  2.53693000E-01  4.60000000E-05
  6.00000000E+00  1.00000000E+01  8.92701000E-02  6.40000000E-05
  6.00000000E+00  1.10000000E+01  2.24979000E-01  6.40000000E-05
  6.00000000E+00  1.60000000E+01  2.73691000E-02  8.58900000E-05
  8.00000000E+00  8.00000000E+00  1.31208000E-02  3.49000000E-04
  8.00000000E+00  1.00000000E+01  2.28754000E-02  3.67000000E-04
  8.00000000E+00  1.10000000E+01  4.52192000E-02  3.67000000E-04
  8.00000000E+00  1.60000000E+01  2.68682000E-03  3.88890000E-04
  1.00000000E+01  1.00000000E+01  5.21721000E-04  3.85000000E-04
  1.00000000E+01  1.10000000E+01  2.67985000E-04  3.85000000E-04
  1.00000000E+01  1.60000000E+01  2.04550000E-03  4.06890000E-04
  1.10000000E+01  1.10000000E+01  1.23299000E-03  3.85000000E-04
  1.10000000E+01  1.60000000E+01  4.04393000E-03  4.06890000E-04
                                                                       1
 20000  0  7  40.08      180717  2  0.0         1.0000E+50  0.0
92931 91  0.0         5.          0.0         0.0         0.0
  6.00000000E+00  8.73376000E-12  4.00000000E-06
  8.00000000E+00  1.19571000E-03  3.07000000E-04
  1.10000000E+01  8.74676000E-07  3.25000000E-04
  1.60000000E+01  2.53632000E-05  3.46890000E-04
                                                                       1
 20000  0  9  40.08      180717  2  0.0         1.0000E+50  0.0
92932 91  0.0         5.          0.0         0.0         0.0
  8.00000000E+00  8.00000000E+00  1.08556000E-02  2.61000000E-04
  8.00000000E+00  1.00000000E+01  1.98917000E-01  2.79000000E-04
  8.00000000E+00  1.10000000E+01  1.45844000E-02  2.79000000E-04
  8.00000000E+00  1.60000000E+01  2.13424000E-03  3.00890000E-04
  1.00000000E+01  1.00000000E+01  1.61409000E-01  2.97000000E-04
  1.00000000E+01  1.10000000E+01  5.70643000E-01  2.97000000E-04
  1.00000000E+01  1.60000000E+01  2.29240000E-02  3.18890000E-04
  1.10000000E+01  1.10000000E+01  1.58751000E-02  2.97000000E-04
  1.10000000E+01  1.60000000E+01  1.43604000E-03  3.18890000E-04
                                                                       1
 20000  0  7  40.08      180717  2  0.0         1.0000E+50  0.0
92931 91  0.0         6.          0.0         0.0         0.0
  8.00000000E+00  1.13130000E-03  3.03000000E-04
  1.00000000E+01  4.05972000E-07  3.21000000E-04
  1.10000000E+01  3.98812000E-07  3.21000000E-04
  1.60000000E+01  2.39671000E-05  3.42890000E-04
                                                                       1
 20000  0  9  40.08      180717  2  0.0         1.0000E+50  0.0
92932 91  0.0         6.          0.0         0.0         0.0
  8.00000000E+00  8.00000000E+00  1.06175000E-02  2.57000000E-04
  8.00000000E+00  1.00000000E+01  6.94101000E-03  2.75000000E-04
  8.00000000E+00  1.10000000E+01  2.03179000E-01  2.75000000E-04
  8.00000000E+00  1.60000000E+01  2.10301000E-03  2.96890000E-04
  1.00000000E+01  1.00000000E+01  2.69658000E-03  2.93000000E-04
  1.00000000E+01  1.10000000E+01  2.95034000E-01  2.93000000E-04
  1.00000000E+01  1.60000000E+01  6.70949000E-04  3.14890000E-04
  1.10000000E+01  1.10000000E+01  4.53602000E-01  2.93000000E-04
  1.10000000E+01  1.60000000E+01  2.39998000E-02  3.14890000E-04
                                                                       1
