 34000  0  0  78.96      180717  2  0.0         1.0000E+50  0.0
91912  0  0.0         0.0         0.0         0.0         0.0
 1.000000000E+00 2.000000000E+00
 3.000000000E+00 2.000000000E+00
 5.000000000E+00 2.000000000E+00
 6.000000000E+00 4.000000000E+00
 8.000000000E+00 2.000000000E+00
 1.000000000E+01 2.000000000E+00
 1.100000000E+01 4.000000000E+00
 1.300000000E+01 4.000000000E+00
 1.400000000E+01 6.000000000E+00
 1.600000000E+01 2.000000000E+00
 1.800000000E+01 1.330000000E+00
 1.900000000E+01 2.670000000E+00
                                                                       1
 34000  0  0  78.96      180717  2  0.0         1.0000E+50  0.0
91913  0  0.0         0.0         0.0         0.0         0.0
 1.000000000E+00 1.266200000E-02
 3.000000000E+00 1.656000000E-03
 5.000000000E+00 1.479000000E-03
 6.000000000E+00 1.439000000E-03
 8.000000000E+00 2.340000000E-04
 1.000000000E+01 1.730000000E-04
 1.100000000E+01 1.660000000E-04
 1.300000000E+01 6.100000000E-05
 1.400000000E+01 6.000000000E-05
 1.600000000E+01 2.015000000E-05
 1.800000000E+01 9.750000000E-06
 1.900000000E+01 9.750000000E-06
                                                                       1
 34000  0  0  78.96      180717  2  0.0         1.0000E+50  0.0
91914  0  0.0         0.0         0.0         0.0         0.0
 1.000000000E+00 1.612375608E-02
 3.000000000E+00 3.227358879E-03
 5.000000000E+00 3.188157642E-03
 6.000000000E+00 3.035643820E-03
 8.000000000E+00 7.867098629E-04
 1.000000000E+01 7.214906049E-04
 1.100000000E+01 6.861962006E-04
 1.300000000E+01 5.224517024E-04
 1.400000000E+01 5.146662498E-04
 1.600000000E+01 1.057419009E-04
 1.800000000E+01 7.156619145E-05
 1.900000000E+01 7.070824468E-05
                                                                       1
 34000  0  0  78.96      180717  2  0.0         1.0000E+50  0.0
91915  0  0.0         0.0         0.0         0.0         0.0
 1.000000000E+00 2.326600000E-10
 3.000000000E+00 1.029500000E-09
 5.000000000E+00 8.843000000E-10
 6.000000000E+00 9.043800000E-10
 8.000000000E+00 3.002800000E-09
 1.000000000E+01 3.032100000E-09
 1.100000000E+01 3.085800000E-09
 1.300000000E+01 3.207800000E-09
 1.400000000E+01 3.228300000E-09
 1.600000000E+01 9.152000000E-09
 1.800000000E+01 1.146500000E-08
 1.900000000E+01 1.174300000E-08
                                                                       1
 34000  0  0  78.96      180717  2  0.0         1.0000E+50  0.0
91921  0  0.0         0.0         0.0         0.0         0.0
 1.000000000E+00 1.305100000E-06
 3.000000000E+00 1.170000000E-08
 5.000000000E+00 1.718100000E-08
 6.000000000E+00 1.677900000E-08
 8.000000000E+00 7.787400000E-11
 1.000000000E+01 1.920400000E-10
 1.100000000E+01 1.725100000E-10
 1.300000000E+01 2.231800000E-12
 1.400000000E+01 2.097100000E-12
                                                                       1
 34000  0  0  78.96      180717  2  0.0         1.0000E+50  0.0
91922  0  0.0         0.0         0.0         0.0         0.0
 1.000000000E+00 8.904100000E-07
 3.000000000E+00 8.028700000E-06
 5.000000000E+00 1.012000000E-06
 6.000000000E+00 9.865200000E-07
 8.000000000E+00 4.229900000E-06
 1.000000000E+01 3.863300000E-06
 1.100000000E+01 3.506000000E-06
 1.300000000E+01 6.456500000E-08
 1.400000000E+01 6.599900000E-08
                                                                       1
 34000  0  0  78.96      180717  2  0.0         1.0000E+50  0.0
92935  0  0.0         0.0         0.0         0.0         0.0
 1.000000000E+00 1.217053098E-04
 3.000000000E+00 1.199240597E-04
 5.000000000E+00 8.661526053E-05
 6.000000000E+00 8.503583748E-05
 8.000000000E+00 7.233539230E-05
 1.000000000E+01 5.980662072E-05
 1.100000000E+01 5.876598742E-05
 1.300000000E+01 2.998143892E-05
 1.400000000E+01 3.027275285E-05
 1.600000000E+01 2.015000000E-05
 1.800000000E+01 9.750000000E-06
 1.900000000E+01 9.750000000E-06
                                                                       1
 34000  0  7  78.96      180717  2  0.0         1.0000E+50  0.0
92933  0  0.0         0.0         0.0         0.0         0.0
 1.000000000E+00 6.075810000E-01
 3.000000000E+00 1.722380000E-02
 5.000000000E+00 1.853800000E-02
 6.000000000E+00 1.737770000E-02
 8.000000000E+00 1.573680000E-04
 1.000000000E+01 1.242740000E-04
 1.100000000E+01 1.107660000E-04
 1.300000000E+01 1.614920000E-06
 1.400000000E+01 1.325400000E-06
                                                                       1
 34000  0  7  78.96      180717  2  0.0         1.0000E+50  0.0
92934  0  0.0         0.0         0.0         0.0         0.0
 1.000000000E+00 6.686627707E-03
 3.000000000E+00 2.348513677E-05
 5.000000000E+00 2.537914873E-05
 6.000000000E+00 2.310952377E-05
 8.000000000E+00 1.784961521E-08
 1.000000000E+01 1.395341756E-08
 1.100000000E+01 1.173022051E-08
 1.300000000E+01 8.370748729E-11
 1.400000000E+01 6.783845553E-11
                                                                       1
 34000  0  9  78.96      180717  2  0.0         1.0000E+50  0.0
92933  0  0.0         0.0         0.0         0.0         0.0
 1.000000000E+00 6.646620000E+00
 3.000000000E+00 6.478100000E+00
 5.000000000E+00 4.480020000E+00
 6.000000000E+00 4.351370000E+00
 8.000000000E+00 3.439940000E+00
 1.000000000E+01 2.711210000E+00
 1.100000000E+01 2.663960000E+00
 1.300000000E+01 9.999980000E-01
 1.400000000E+01 9.999990000E-01
                                                                       1
 34000  0  9  78.96      180717  2  0.0         1.0000E+50  0.0
92934  0  0.0         0.0         0.0         0.0         0.0
 1.000000000E+00 5.853668990E-03
 3.000000000E+00 1.512594334E-03
 5.000000000E+00 1.367006589E-03
 6.000000000E+00 1.330849937E-03
 8.000000000E+00 1.616462893E-04
 1.000000000E+01 1.131791129E-04
 1.100000000E+01 1.072221489E-04
 1.300000000E+01 3.101846711E-05
 1.400000000E+01 2.972724715E-05
                                                                       1
 34000  0  7  78.96      180717  2  0.0         1.0000E+50  0.0
92931 91  0.0         1.          0.0         0.0         0.0
  5.00000000E+00  1.74701000E-01  1.11830000E-02
  6.00000000E+00  3.37942000E-01  1.12230000E-02
  1.00000000E+01  2.36001000E-02  1.24890000E-02
  1.10000000E+01  4.60552000E-02  1.24960000E-02
  1.30000000E+01  5.55973000E-05  1.26010000E-02
  1.40000000E+01  7.99684000E-05  1.26020000E-02
  1.80000000E+01  1.11901000E-03  1.26522500E-02
  1.90000000E+01  2.15411000E-03  1.26522500E-02
                                                                       1
 34000  0  9  78.96      180717  2  0.0         1.0000E+50  0.0
92932 91  0.0         1.          0.0         0.0         0.0
  3.00000000E+00  3.00000000E+00  2.86240000E-02  9.35000000E-03
  3.00000000E+00  5.00000000E+00  3.19353000E-02  9.52700000E-03
  3.00000000E+00  6.00000000E+00  5.39449000E-02  9.56700000E-03
  3.00000000E+00  8.00000000E+00  8.26751000E-03  1.07720000E-02
  3.00000000E+00  1.00000000E+01  4.62411000E-03  1.08330000E-02
  3.00000000E+00  1.10000000E+01  7.74754000E-03  1.08400000E-02
  3.00000000E+00  1.30000000E+01  3.20067000E-04  1.09450000E-02
  3.00000000E+00  1.40000000E+01  4.21265000E-04  1.09460000E-02
  3.00000000E+00  1.60000000E+01  9.57695000E-04  1.09858500E-02
  3.00000000E+00  1.80000000E+01  2.61875000E-04  1.09962500E-02
  3.00000000E+00  1.90000000E+01  4.36455000E-04  1.09962500E-02
  5.00000000E+00  5.00000000E+00  5.44091000E-03  9.70400000E-03
  5.00000000E+00  6.00000000E+00  1.26052000E-01  9.74400000E-03
  5.00000000E+00  8.00000000E+00  3.87253000E-03  1.09490000E-02
  5.00000000E+00  1.00000000E+01  1.46121000E-03  1.10100000E-02
  5.00000000E+00  1.10000000E+01  1.54562000E-02  1.10170000E-02
  5.00000000E+00  1.30000000E+01  4.33932000E-04  1.11220000E-02
  5.00000000E+00  1.40000000E+01  1.58012000E-03  1.11230000E-02
  5.00000000E+00  1.60000000E+01  4.37740000E-04  1.11628500E-02
  5.00000000E+00  1.80000000E+01  8.22318000E-05  1.11732500E-02
  5.00000000E+00  1.90000000E+01  8.53951000E-04  1.11732500E-02
  6.00000000E+00  6.00000000E+00  6.85911000E-02  9.78400000E-03
  6.00000000E+00  8.00000000E+00  6.56604000E-03  1.09890000E-02
  6.00000000E+00  1.00000000E+01  1.54325000E-02  1.10500000E-02
  6.00000000E+00  1.10000000E+01  1.71393000E-02  1.10570000E-02
  6.00000000E+00  1.30000000E+01  1.94709000E-03  1.11620000E-02
  6.00000000E+00  1.40000000E+01  1.88390000E-03  1.11630000E-02
  6.00000000E+00  1.60000000E+01  7.42669000E-04  1.12028500E-02
  6.00000000E+00  1.80000000E+01  8.57805000E-04  1.12132500E-02
  6.00000000E+00  1.90000000E+01  9.50129000E-04  1.12132500E-02
  8.00000000E+00  8.00000000E+00  6.05996000E-04  1.21940000E-02
  8.00000000E+00  1.00000000E+01  5.79996000E-04  1.22550000E-02
  8.00000000E+00  1.10000000E+01  9.74027000E-04  1.22620000E-02
  8.00000000E+00  1.30000000E+01  3.77115000E-05  1.23670000E-02
  8.00000000E+00  1.40000000E+01  4.81147000E-05  1.23680000E-02
  8.00000000E+00  1.60000000E+01  1.40439000E-04  1.24078500E-02
  8.00000000E+00  1.80000000E+01  3.25104000E-05  1.24182500E-02
  8.00000000E+00  1.90000000E+01  5.46158000E-05  1.24182500E-02
  1.00000000E+01  1.00000000E+01  9.81717000E-05  1.23160000E-02
  1.00000000E+01  1.10000000E+01  2.00457000E-03  1.23230000E-02
  1.00000000E+01  1.30000000E+01  4.37813000E-05  1.24280000E-02
  1.00000000E+01  1.40000000E+01  1.64502000E-04  1.24290000E-02
  1.00000000E+01  1.60000000E+01  6.63329000E-05  1.24688500E-02
  1.00000000E+01  1.80000000E+01  1.06133000E-05  1.24792500E-02
  1.00000000E+01  1.90000000E+01  1.11441000E-04  1.24792500E-02
  1.10000000E+01  1.10000000E+01  1.14738000E-03  1.23300000E-02
  1.10000000E+01  1.30000000E+01  2.09988000E-04  1.24350000E-02
  1.10000000E+01  1.40000000E+01  1.99145000E-04  1.24360000E-02
  1.10000000E+01  1.60000000E+01  1.15154000E-04  1.24758500E-02
  1.10000000E+01  1.80000000E+01  1.13798000E-04  1.24862500E-02
  1.10000000E+01  1.90000000E+01  1.27341000E-04  1.24862500E-02
  1.30000000E+01  1.40000000E+01  1.64466000E-05  1.25410000E-02
  1.30000000E+01  1.60000000E+01  3.79533000E-06  1.25808500E-02
  1.30000000E+01  1.80000000E+01  2.53019000E-06  1.25912500E-02
  1.30000000E+01  1.90000000E+01  1.01210000E-05  1.25912500E-02
  1.40000000E+01  1.40000000E+01  3.79530000E-06  1.25420000E-02
  1.40000000E+01  1.60000000E+01  5.06042000E-06  1.25818500E-02
  1.40000000E+01  1.80000000E+01  8.85544000E-06  1.25922500E-02
  1.40000000E+01  1.90000000E+01  1.01210000E-05  1.25922500E-02
  1.60000000E+01  1.60000000E+01  7.59026000E-06  1.26217000E-02
  1.60000000E+01  1.80000000E+01  3.79528000E-06  1.26321000E-02
  1.60000000E+01  1.90000000E+01  6.32555000E-06  1.26321000E-02
  1.80000000E+01  1.90000000E+01  5.06052000E-06  1.26425000E-02
  1.90000000E+01  1.90000000E+01  2.53021000E-06  1.26425000E-02
                                                                       1
 34000  0  7  78.96      180717  2  0.0         1.0000E+50  0.0
92931 91  0.0         3.          0.0         0.0         0.0
  5.00000000E+00  1.44017000E-05  1.77000000E-04
  6.00000000E+00  7.93759000E-05  2.17000000E-04
  1.00000000E+01  9.53513000E-04  1.48300000E-03
  1.10000000E+01  1.68825000E-03  1.49000000E-03
  1.30000000E+01  4.78764000E-06  1.59500000E-03
  1.40000000E+01  7.11894000E-06  1.59600000E-03
  1.80000000E+01  4.80836000E-05  1.64625000E-03
  1.90000000E+01  8.57302000E-05  1.64625000E-03
                                                                       1
 34000  0  9  78.96      180717  2  0.0         1.0000E+50  0.0
92932 91  0.0         3.          0.0         0.0         0.0
  5.00000000E+00  1.30000000E+01  5.59359000E-02  1.16000000E-04
  5.00000000E+00  1.40000000E+01  8.94797000E-02  1.17000000E-04
  5.00000000E+00  1.60000000E+01  8.93292000E-03  1.56850000E-04
  5.00000000E+00  1.80000000E+01  3.15270000E-03  1.67250000E-04
  5.00000000E+00  1.90000000E+01  4.39708000E-03  1.67250000E-04
  6.00000000E+00  1.00000000E+01  7.60445000E-02  4.40000000E-05
  6.00000000E+00  1.10000000E+01  1.58202000E-01  5.10000000E-05
  6.00000000E+00  1.30000000E+01  1.60232000E-01  1.56000000E-04
  6.00000000E+00  1.40000000E+01  2.28382000E-01  1.57000000E-04
  6.00000000E+00  1.60000000E+01  1.51664000E-02  1.96850000E-04
  6.00000000E+00  1.80000000E+01  3.63510000E-03  2.07250000E-04
  6.00000000E+00  1.90000000E+01  7.72150000E-03  2.07250000E-04
  8.00000000E+00  8.00000000E+00  8.22446000E-03  1.18800000E-03
  8.00000000E+00  1.00000000E+01  1.54976000E-02  1.24900000E-03
  8.00000000E+00  1.10000000E+01  2.99145000E-02  1.25600000E-03
  8.00000000E+00  1.30000000E+01  2.03338000E-02  1.36100000E-03
  8.00000000E+00  1.40000000E+01  2.96988000E-02  1.36200000E-03
  8.00000000E+00  1.60000000E+01  1.69706000E-03  1.40185000E-03
  8.00000000E+00  1.80000000E+01  8.74457000E-04  1.41225000E-03
  8.00000000E+00  1.90000000E+01  1.67827000E-03  1.41225000E-03
  1.00000000E+01  1.00000000E+01  1.78196000E-04  1.31000000E-03
  1.00000000E+01  1.10000000E+01  6.09039000E-04  1.31700000E-03
  1.00000000E+01  1.30000000E+01  3.40590000E-04  1.42200000E-03
  1.00000000E+01  1.40000000E+01  6.41588000E-03  1.42300000E-03
  1.00000000E+01  1.60000000E+01  1.37668000E-03  1.46285000E-03
  1.00000000E+01  1.80000000E+01  1.50374000E-05  1.47325000E-03
  1.00000000E+01  1.90000000E+01  3.30835000E-05  1.47325000E-03
  1.10000000E+01  1.10000000E+01  8.18233000E-04  1.32400000E-03
  1.10000000E+01  1.30000000E+01  6.89220000E-03  1.42900000E-03
  1.10000000E+01  1.40000000E+01  4.88190000E-03  1.43000000E-03
  1.10000000E+01  1.60000000E+01  2.93787000E-03  1.46985000E-03
  1.10000000E+01  1.80000000E+01  3.65510000E-05  1.48025000E-03
  1.10000000E+01  1.90000000E+01  7.80824000E-05  1.48025000E-03
  1.30000000E+01  1.30000000E+01  7.94754000E-04  1.53400000E-03
  1.30000000E+01  1.40000000E+01  3.67561000E-02  1.53500000E-03
  1.30000000E+01  1.60000000E+01  1.73459000E-03  1.57485000E-03
  1.30000000E+01  1.80000000E+01  2.48122000E-05  1.58525000E-03
  1.30000000E+01  1.90000000E+01  3.44366000E-04  1.58525000E-03
  1.40000000E+01  1.40000000E+01  1.02015000E-02  1.53600000E-03
  1.40000000E+01  1.60000000E+01  2.53742000E-03  1.57585000E-03
  1.40000000E+01  1.80000000E+01  3.45855000E-04  1.58625000E-03
  1.40000000E+01  1.90000000E+01  2.51121000E-04  1.58625000E-03
  1.60000000E+01  1.60000000E+01  8.49589000E-05  1.61570000E-03
  1.60000000E+01  1.80000000E+01  7.74406000E-05  1.62610000E-03
  1.60000000E+01  1.90000000E+01  1.48867000E-04  1.62610000E-03
  1.80000000E+01  1.90000000E+01  1.50368000E-06  1.63650000E-03
  1.90000000E+01  1.90000000E+01  1.50368000E-06  1.63650000E-03
                                                                       1
 34000  0  7  78.96      180717  2  0.0         1.0000E+50  0.0
92931 91  0.0         5.          0.0         0.0         0.0
  6.00000000E+00  1.30859000E-09  4.00000000E-05
  8.00000000E+00  3.74707000E-03  1.24500000E-03
  1.10000000E+01  2.22898000E-05  1.31300000E-03
  1.30000000E+01  1.32429000E-02  1.41800000E-03
  1.60000000E+01  1.55169000E-04  1.45885000E-03
  1.90000000E+01  1.61999000E-07  1.46925000E-03
                                                                       1
 34000  0  9  78.96      180717  2  0.0         1.0000E+50  0.0
92932 91  0.0         5.          0.0         0.0         0.0
  6.00000000E+00  1.60000000E+01  2.22690000E-02  1.98500000E-05
  6.00000000E+00  1.80000000E+01  3.63917000E-02  3.02500000E-05
  6.00000000E+00  1.90000000E+01  1.45517000E-02  3.02500000E-05
  8.00000000E+00  8.00000000E+00  2.35276000E-03  1.01100000E-03
  8.00000000E+00  1.00000000E+01  4.58157000E-02  1.07200000E-03
  8.00000000E+00  1.10000000E+01  4.07086000E-03  1.07900000E-03
  8.00000000E+00  1.30000000E+01  2.27312000E-03  1.18400000E-03
  8.00000000E+00  1.40000000E+01  5.89265000E-03  1.18500000E-03
  8.00000000E+00  1.60000000E+01  4.64716000E-04  1.22485000E-03
  8.00000000E+00  1.80000000E+01  2.03689000E-03  1.23525000E-03
  8.00000000E+00  1.90000000E+01  2.09776000E-04  1.23525000E-03
  1.00000000E+01  1.00000000E+01  4.16910000E-02  1.13300000E-03
  1.00000000E+01  1.10000000E+01  1.40778000E-01  1.14000000E-03
  1.00000000E+01  1.30000000E+01  6.33417000E-02  1.24500000E-03
  1.00000000E+01  1.40000000E+01  1.17929000E-01  1.24600000E-03
  1.00000000E+01  1.60000000E+01  5.40394000E-03  1.28585000E-03
  1.00000000E+01  1.80000000E+01  4.24081000E-03  1.29625000E-03
  1.00000000E+01  1.90000000E+01  7.77268000E-03  1.29625000E-03
  1.10000000E+01  1.10000000E+01  3.88762000E-03  1.14700000E-03
  1.10000000E+01  1.30000000E+01  7.77015000E-02  1.25200000E-03
  1.10000000E+01  1.40000000E+01  1.10235000E-02  1.25300000E-03
  1.10000000E+01  1.60000000E+01  4.24878000E-04  1.29285000E-03
  1.10000000E+01  1.80000000E+01  6.41301000E-03  1.30325000E-03
  1.10000000E+01  1.90000000E+01  3.79723000E-04  1.30325000E-03
  1.30000000E+01  1.30000000E+01  6.16967000E-02  1.35700000E-03
  1.30000000E+01  1.40000000E+01  2.76418000E-01  1.35800000E-03
  1.30000000E+01  1.60000000E+01  2.75061000E-04  1.39785000E-03
  1.30000000E+01  1.80000000E+01  2.82125000E-03  1.40825000E-03
  1.30000000E+01  1.90000000E+01  4.08662000E-03  1.40825000E-03
  1.40000000E+01  1.40000000E+01  1.33145000E-02  1.35900000E-03
  1.40000000E+01  1.60000000E+01  6.34669000E-04  1.39885000E-03
  1.40000000E+01  1.80000000E+01  5.01102000E-03  1.40925000E-03
  1.40000000E+01  1.90000000E+01  5.49693000E-04  1.40925000E-03
  1.60000000E+01  1.60000000E+01  2.39001000E-05  1.43870000E-03
  1.60000000E+01  1.80000000E+01  2.41653000E-04  1.44910000E-03
  1.60000000E+01  1.90000000E+01  2.12447000E-05  1.44910000E-03
  1.80000000E+01  1.80000000E+01  9.55997000E-05  1.45950000E-03
  1.80000000E+01  1.90000000E+01  3.18657000E-04  1.45950000E-03
  1.90000000E+01  1.90000000E+01  7.96644000E-06  1.45950000E-03
                                                                       1
 34000  0  7  78.96      180717  2  0.0         1.0000E+50  0.0
92931 91  0.0         6.          0.0         0.0         0.0
  8.00000000E+00  4.08913000E-03  1.20500000E-03
  1.00000000E+01  1.22371000E-05  1.26600000E-03
  1.10000000E+01  1.17321000E-05  1.27300000E-03
  1.30000000E+01  1.18331000E-03  1.37800000E-03
  1.40000000E+01  1.18471000E-02  1.37900000E-03
  1.60000000E+01  1.36231000E-04  1.41885000E-03
  1.80000000E+01  7.60566000E-08  1.42925000E-03
  1.90000000E+01  7.22246000E-08  1.42925000E-03
                                                                       1
 34000  0  9  78.96      180717  2  0.0         1.0000E+50  0.0
92932 91  0.0         6.          0.0         0.0         0.0
  8.00000000E+00  8.00000000E+00  2.55892000E-03  9.71000000E-04
  8.00000000E+00  1.00000000E+01  1.87850000E-03  1.03200000E-03
  8.00000000E+00  1.10000000E+01  4.92855000E-02  1.03900000E-03
  8.00000000E+00  1.30000000E+01  4.11208000E-03  1.14400000E-03
  8.00000000E+00  1.40000000E+01  4.58923000E-03  1.14500000E-03
  8.00000000E+00  1.60000000E+01  5.06887000E-04  1.18485000E-03
  8.00000000E+00  1.80000000E+01  9.48739000E-05  1.19525000E-03
  8.00000000E+00  1.90000000E+01  2.18752000E-03  1.19525000E-03
  1.00000000E+01  1.00000000E+01  7.07458000E-04  1.09300000E-03
  1.00000000E+01  1.10000000E+01  7.81555000E-02  1.10000000E-03
  1.00000000E+01  1.30000000E+01  4.51308000E-03  1.20500000E-03
  1.00000000E+01  1.40000000E+01  4.19894000E-02  1.20600000E-03
  1.00000000E+01  1.60000000E+01  1.92458000E-04  1.24585000E-03
  1.00000000E+01  1.80000000E+01  7.04749000E-05  1.25625000E-03
  1.00000000E+01  1.90000000E+01  3.54264000E-03  1.25625000E-03
  1.10000000E+01  1.10000000E+01  1.14045000E-01  1.10700000E-03
  1.10000000E+01  1.30000000E+01  9.57743000E-02  1.21200000E-03
  1.10000000E+01  1.40000000E+01  1.45659000E-01  1.21300000E-03
  1.10000000E+01  1.60000000E+01  5.76277000E-03  1.25285000E-03
  1.10000000E+01  1.80000000E+01  4.29100000E-03  1.26325000E-03
  1.10000000E+01  1.90000000E+01  1.14605000E-02  1.26325000E-03
  1.30000000E+01  1.30000000E+01  1.15175000E-02  1.31700000E-03
  1.30000000E+01  1.40000000E+01  2.29262000E-01  1.31800000E-03
  1.30000000E+01  1.60000000E+01  4.52677000E-04  1.35785000E-03
  1.30000000E+01  1.80000000E+01  2.46662000E-04  1.36825000E-03
  1.30000000E+01  1.90000000E+01  4.16356000E-03  1.36825000E-03
  1.40000000E+01  1.40000000E+01  1.55503000E-01  1.31900000E-03
  1.40000000E+01  1.60000000E+01  5.25855000E-04  1.35885000E-03
  1.40000000E+01  1.80000000E+01  2.20916000E-03  1.36925000E-03
  1.40000000E+01  1.90000000E+01  6.73312000E-03  1.36925000E-03
  1.60000000E+01  1.60000000E+01  2.43961000E-05  1.39870000E-03
  1.60000000E+01  1.80000000E+01  1.08428000E-05  1.40910000E-03
  1.60000000E+01  1.90000000E+01  2.57503000E-04  1.40910000E-03
  1.80000000E+01  1.80000000E+01  2.71068000E-06  1.41950000E-03
  1.80000000E+01  1.90000000E+01  1.76191000E-04  1.41950000E-03
  1.90000000E+01  1.90000000E+01  2.57502000E-04  1.41950000E-03
                                                                       1
 34000  0  7  78.96      180717  2  0.0         1.0000E+50  0.0
92931 91  0.0         8.          0.0         0.0         0.0
  1.00000000E+01  1.29342000E-05  6.10000000E-05
  1.10000000E+01  3.40875000E-05  6.80000000E-05
  1.80000000E+01  9.43951000E-06  2.24250000E-04
  1.90000000E+01  1.48014000E-05  2.24250000E-04
                                                                       1
 34000  0  9  78.96      180717  2  0.0         1.0000E+50  0.0
92932 91  0.0         8.          0.0         0.0         0.0
  1.00000000E+01  1.30000000E+01  3.96532000E-02  0.00000000E+00
  1.00000000E+01  1.40000000E+01  3.41851000E-03  1.00000000E-06
  1.00000000E+01  1.60000000E+01  9.32644000E-02  4.08500000E-05
  1.00000000E+01  1.80000000E+01  3.53839000E-02  5.12500000E-05
  1.00000000E+01  1.90000000E+01  8.38108000E-02  5.12500000E-05
  1.10000000E+01  1.30000000E+01  1.68442000E-02  7.00000000E-06
  1.10000000E+01  1.40000000E+01  8.76458000E-02  8.00000000E-06
  1.10000000E+01  1.60000000E+01  1.66447000E-01  4.78500000E-05
  1.10000000E+01  1.80000000E+01  8.20923000E-02  5.82500000E-05
  1.10000000E+01  1.90000000E+01  1.31663000E-01  5.82500000E-05
  1.30000000E+01  1.30000000E+01  1.01395000E-02  1.12000000E-04
  1.30000000E+01  1.40000000E+01  3.09286000E-02  1.13000000E-04
  1.30000000E+01  1.60000000E+01  6.52701000E-02  1.52850000E-04
  1.30000000E+01  1.80000000E+01  4.54804000E-03  1.63250000E-04
  1.30000000E+01  1.90000000E+01  3.95417000E-03  1.63250000E-04
  1.40000000E+01  1.40000000E+01  2.18950000E-02  1.14000000E-04
  1.40000000E+01  1.60000000E+01  9.68589000E-02  1.53850000E-04
  1.40000000E+01  1.80000000E+01  2.02375000E-03  1.64250000E-04
  1.40000000E+01  1.90000000E+01  9.74276000E-03  1.64250000E-04
  1.60000000E+01  1.60000000E+01  4.50800000E-03  1.93700000E-04
  1.60000000E+01  1.80000000E+01  3.00964000E-03  2.04100000E-04
  1.60000000E+01  1.90000000E+01  5.69941000E-03  2.04100000E-04
  1.80000000E+01  1.80000000E+01  1.15205000E-04  2.14500000E-04
  1.80000000E+01  1.90000000E+01  6.99888000E-04  2.14500000E-04
  1.90000000E+01  1.90000000E+01  3.13511000E-04  2.14500000E-04
                                                                       1
 34000  0  7  78.96      180717  2  0.0         1.0000E+50  0.0
92931 91  0.0         10.         0.0         0.0         0.0
  1.30000000E+01  1.03740000E-04  1.12000000E-04
  1.60000000E+01  1.79729000E-05  1.52850000E-04
                                                                       1
 34000  0  9  78.96      180717  2  0.0         1.0000E+50  0.0
92932 91  0.0         10.         0.0         0.0         0.0
  1.30000000E+01  1.30000000E+01  1.25731000E-01  5.10000000E-05
  1.30000000E+01  1.40000000E+01  5.71959000E-01  5.20000000E-05
  1.30000000E+01  1.60000000E+01  7.71506000E-02  9.18500000E-05
  1.30000000E+01  1.80000000E+01  4.46168000E-02  1.02250000E-04
  1.30000000E+01  1.90000000E+01  6.66993000E-02  1.02250000E-04
  1.40000000E+01  1.40000000E+01  1.88310000E-02  5.30000000E-05
  1.40000000E+01  1.60000000E+01  1.23953000E-02  9.28500000E-05
  1.40000000E+01  1.80000000E+01  7.05102000E-02  1.03250000E-04
  1.40000000E+01  1.90000000E+01  6.81313000E-03  1.03250000E-04
  1.60000000E+01  1.60000000E+01  1.30992000E-04  1.32700000E-04
  1.60000000E+01  1.80000000E+01  2.22967000E-03  1.43100000E-04
  1.60000000E+01  1.90000000E+01  2.35226000E-04  1.43100000E-04
  1.80000000E+01  1.80000000E+01  3.32411000E-04  1.53500000E-04
  1.80000000E+01  1.90000000E+01  2.19308000E-03  1.53500000E-04
  1.90000000E+01  1.90000000E+01  5.07078000E-05  1.53500000E-04
                                                                       1
 34000  0  7  78.96      180717  2  0.0         1.0000E+50  0.0
92931 91  0.0         11.         0.0         0.0         0.0
  1.30000000E+01  9.06327000E-06  1.05000000E-04
  1.40000000E+01  8.45897000E-05  1.06000000E-04
  1.60000000E+01  1.47660000E-05  1.45850000E-04
                                                                       1
 34000  0  9  78.96      180717  2  0.0         1.0000E+50  0.0
92932 91  0.0         11.         0.0         0.0         0.0
  1.30000000E+01  1.30000000E+01  2.31477000E-02  4.40000000E-05
  1.30000000E+01  1.40000000E+01  3.60711000E-01  4.50000000E-05
  1.30000000E+01  1.60000000E+01  1.79650000E-02  8.48500000E-05
  1.30000000E+01  1.80000000E+01  6.27576000E-03  9.52500000E-05
  1.30000000E+01  1.90000000E+01  5.89988000E-02  9.52500000E-05
  1.40000000E+01  1.40000000E+01  2.86054000E-01  4.60000000E-05
  1.40000000E+01  1.60000000E+01  8.70133000E-02  8.58500000E-05
  1.40000000E+01  1.80000000E+01  4.29477000E-02  9.62500000E-05
  1.40000000E+01  1.90000000E+01  1.10953000E-01  9.62500000E-05
  1.60000000E+01  1.60000000E+01  8.69148000E-05  1.25700000E-04
  1.60000000E+01  1.80000000E+01  1.21062000E-04  1.36100000E-04
  1.60000000E+01  1.90000000E+01  2.62691000E-03  1.36100000E-04
  1.80000000E+01  1.80000000E+01  7.76050000E-06  1.46500000E-04
  1.80000000E+01  1.90000000E+01  1.34564000E-03  1.46500000E-04
  1.90000000E+01  1.90000000E+01  1.63659000E-03  1.46500000E-04
                                                                       1
 34000  0  7  78.96      180717  2  0.0         1.0000E+50  0.0
92931 91  0.0         13.         0.0         0.0         0.0
  1.80000000E+01  1.36030000E-06  5.12500000E-05
  1.90000000E+01  2.54620000E-07  5.12500000E-05
                                                                       1
 34000  0  9  78.96      180717  2  0.0         1.0000E+50  0.0
92932 91  0.0         13.         0.0         0.0         0.0
  1.60000000E+01  1.60000000E+01  3.01347000E-01  2.07000000E-05
  1.60000000E+01  1.80000000E+01  2.43812000E-01  3.11000000E-05
  1.60000000E+01  1.90000000E+01  2.68282000E-01  3.11000000E-05
  1.80000000E+01  1.80000000E+01  3.11408000E-02  4.15000000E-05
  1.80000000E+01  1.90000000E+01  1.29309000E-01  4.15000000E-05
  1.90000000E+01  1.90000000E+01  2.61070000E-02  4.15000000E-05
                                                                       1
 34000  0  7  78.96      180717  2  0.0         1.0000E+50  0.0
92931 91  0.0         14.         0.0         0.0         0.0
  1.90000000E+01  1.32540000E-06  5.02500000E-05
                                                                       1
 34000  0  9  78.96      180717  2  0.0         1.0000E+50  0.0
92932 91  0.0         14.         0.0         0.0         0.0
  1.60000000E+01  1.60000000E+01  3.14907000E-01  1.97000000E-05
  1.60000000E+01  1.80000000E+01  1.34483000E-01  3.01000000E-05
  1.60000000E+01  1.90000000E+01  3.90750000E-01  3.01000000E-05
  1.80000000E+01  1.80000000E+01  4.71399000E-03  4.05000000E-05
  1.80000000E+01  1.90000000E+01  6.74690000E-02  4.05000000E-05
  1.90000000E+01  1.90000000E+01  8.76760000E-02  4.05000000E-05
                                                                       1
