 66000  0  0  162.5      180717  2  0.0         1.0000E+50  0.0
91912  0  0.0         0.0         0.0         0.0         0.0
 1.000000000E+00 2.000000000E+00
 3.000000000E+00 2.000000000E+00
 5.000000000E+00 2.000000000E+00
 6.000000000E+00 4.000000000E+00
 8.000000000E+00 2.000000000E+00
 1.000000000E+01 2.000000000E+00
 1.100000000E+01 4.000000000E+00
 1.300000000E+01 4.000000000E+00
 1.400000000E+01 6.000000000E+00
 1.600000000E+01 2.000000000E+00
 1.800000000E+01 2.000000000E+00
 1.900000000E+01 4.000000000E+00
 2.100000000E+01 4.000000000E+00
 2.200000000E+01 6.000000000E+00
 2.400000000E+01 4.290000000E+00
 2.500000000E+01 5.710000000E+00
 2.700000000E+01 2.000000000E+00
 2.900000000E+01 2.000000000E+00
 3.000000000E+01 4.000000000E+00
 4.100000000E+01 2.000000000E+00
                                                                       1
 66000  0  0  162.5      180717  2  0.0         1.0000E+50  0.0
91913  0  0.0         0.0         0.0         0.0         0.0
 1.000000000E+00 5.379200000E-02
 3.000000000E+00 9.050000000E-03
 5.000000000E+00 8.585000000E-03
 6.000000000E+00 7.794000000E-03
 8.000000000E+00 2.048000000E-03
 1.000000000E+01 1.846000000E-03
 1.100000000E+01 1.678000000E-03
 1.300000000E+01 1.335000000E-03
 1.400000000E+01 1.298000000E-03
 1.600000000E+01 4.160000000E-04
 1.800000000E+01 3.310000000E-04
 1.900000000E+01 2.970000000E-04
 2.100000000E+01 1.640000000E-04
 2.200000000E+01 1.570000000E-04
 2.400000000E+01 6.000000000E-06
 2.500000000E+01 5.950000000E-06
 2.700000000E+01 5.000000000E-05
 2.900000000E+01 3.300000000E-05
 3.000000000E+01 2.800000000E-05
 4.100000000E+01 5.950000000E-06
                                                                       1
 66000  0  0  162.5      180717  2  0.0         1.0000E+50  0.0
91914  0  0.0         0.0         0.0         0.0         0.0
 1.000000000E+00 7.080917176E-02
 3.000000000E+00 1.628548128E-02
 5.000000000E+00 1.621123657E-02
 6.000000000E+00 1.323908212E-02
 8.000000000E+00 5.107213953E-03
 1.000000000E+01 4.985984598E-03
 1.100000000E+01 4.272383250E-03
 1.300000000E+01 4.091995735E-03
 1.400000000E+01 3.926862024E-03
 1.600000000E+01 1.617995052E-03
 1.800000000E+01 1.483560933E-03
 1.900000000E+01 1.294918370E-03
 2.100000000E+01 1.066338660E-03
 2.200000000E+01 1.020441213E-03
 2.400000000E+01 3.585141243E-04
 2.500000000E+01 3.812126812E-04
 2.700000000E+01 3.000186324E-04
 2.900000000E+01 2.526406534E-04
 3.000000000E+01 2.105332859E-04
 4.100000000E+01 3.405401869E-05
                                                                       1
 66000  0  0  162.5      180717  2  0.0         1.0000E+50  0.0
91915  0  0.0         0.0         0.0         0.0         0.0
 1.000000000E+00 1.116000000E-10
 3.000000000E+00 4.707300000E-10
 5.000000000E+00 3.919500000E-10
 6.000000000E+00 4.290200000E-10
 8.000000000E+00 1.232600000E-09
 1.000000000E+01 1.176200000E-09
 1.100000000E+01 1.246500000E-09
 1.300000000E+01 1.099800000E-09
 1.400000000E+01 1.121400000E-09
 1.600000000E+01 2.786100000E-09
 1.800000000E+01 2.836000000E-09
 1.900000000E+01 2.995800000E-09
 2.100000000E+01 3.154100000E-09
 2.200000000E+01 3.209800000E-09
 2.400000000E+01 4.247700000E-09
 2.500000000E+01 4.321100000E-09
 2.700000000E+01 6.781000000E-09
 2.900000000E+01 7.607300000E-09
 3.000000000E+01 8.144100000E-09
 4.100000000E+01 2.169800000E-08
                                                                       1
 66000  0  0  162.5      180717  2  0.0         1.0000E+50  0.0
91921  0  0.0         0.0         0.0         0.0         0.0
 1.000000000E+00 2.318100000E-05
 3.000000000E+00 4.557000000E-07
 5.000000000E+00 7.815800000E-07
 6.000000000E+00 7.127300000E-07
 8.000000000E+00 1.432100000E-08
 1.000000000E+01 1.474500000E-08
 1.100000000E+01 1.520400000E-08
 1.300000000E+01 1.100600000E-08
 1.400000000E+01 1.034700000E-08
 1.600000000E+01 3.672700000E-10
 1.800000000E+01 7.209900000E-10
 1.900000000E+01 4.811100000E-10
 2.100000000E+01 4.513000000E-10
 2.200000000E+01 4.097200000E-10
 2.700000000E+01 1.762400000E-11
                                                                       1
 66000  0  0  162.5      180717  2  0.0         1.0000E+50  0.0
91922  0  0.0         0.0         0.0         0.0         0.0
 1.000000000E+00 1.505800000E-06
 3.000000000E+00 4.399100000E-06
 5.000000000E+00 3.075600000E-06
 6.000000000E+00 3.013300000E-06
 8.000000000E+00 1.697100000E-05
 1.000000000E+01 8.840800000E-06
 1.100000000E+01 8.958600000E-06
 1.300000000E+01 1.677800000E-06
 1.400000000E+01 1.054300000E-06
 1.600000000E+01 1.182100000E-05
 1.800000000E+01 1.483900000E-05
 1.900000000E+01 7.999000000E-06
 2.100000000E+01 4.096400000E-06
 2.200000000E+01 3.375400000E-06
 2.700000000E+01 3.084100000E-06
                                                                       1
 66000  0  0  162.5      180717  2  0.0         1.0000E+50  0.0
92935  0  0.0         0.0         0.0         0.0         0.0
 1.000000000E+00 1.142983873E-04
 3.000000000E+00 1.431009598E-04
 5.000000000E+00 1.194426962E-04
 6.000000000E+00 1.125136671E-04
 8.000000000E+00 1.075164483E-04
 1.000000000E+01 9.033301032E-05
 1.100000000E+01 8.269407316E-05
 1.300000000E+01 5.890310452E-05
 1.400000000E+01 5.572829904E-05
 1.600000000E+01 6.398361999E-05
 1.800000000E+01 5.059954733E-05
 1.900000000E+01 4.480609068E-05
 2.100000000E+01 2.933682887E-05
 2.200000000E+01 2.625811283E-05
 2.400000000E+01 6.000000000E-06
 2.500000000E+01 5.950000000E-06
 2.700000000E+01 3.289537917E-05
 2.900000000E+01 3.300000000E-05
 3.000000000E+01 2.800000000E-05
 4.100000000E+01 5.950000000E-06
                                                                       1
 66000  0  7  162.5      180717  2  0.0         1.0000E+50  0.0
92933  0  0.0         0.0         0.0         0.0         0.0
 1.000000000E+00 1.124420000E+00
 3.000000000E+00 2.118680000E-01
 5.000000000E+00 2.420140000E-01
 6.000000000E+00 1.995260000E-01
 8.000000000E+00 1.240200000E-02
 1.000000000E+01 1.267760000E-02
 1.100000000E+01 1.207520000E-02
 1.300000000E+01 1.122930000E-02
 1.400000000E+01 1.061340000E-02
 1.600000000E+01 4.223380000E-04
 1.800000000E+01 5.222840000E-04
 1.900000000E+01 1.916610000E-04
 2.100000000E+01 3.458440000E-05
 2.200000000E+01 3.386710000E-05
 2.700000000E+01 3.752170000E-07
                                                                       1
 66000  0  7  162.5      180717  2  0.0         1.0000E+50  0.0
92934  0  0.0         0.0         0.0         0.0         0.0
 1.000000000E+00 4.541264835E-02
 3.000000000E+00 1.419622413E-03
 5.000000000E+00 1.660837289E-03
 6.000000000E+00 1.224602576E-03
 8.000000000E+00 1.587610980E-05
 1.000000000E+01 1.580992277E-05
 1.100000000E+01 1.503042176E-05
 1.300000000E+01 1.324662390E-05
 1.400000000E+01 1.248756907E-05
 1.600000000E+01 8.412133399E-08
 1.800000000E+01 9.417853422E-08
 1.900000000E+01 3.088979284E-08
 2.100000000E+01 4.986318549E-09
 2.200000000E+01 4.755442212E-09
 2.700000000E+01 5.206757062E-12
                                                                       1
 66000  0  9  162.5      180717  2  0.0         1.0000E+50  0.0
92933  0  0.0         0.0         0.0         0.0         0.0
 1.000000000E+00 7.364220000E+00
 3.000000000E+00 9.325940000E+00
 5.000000000E+00 7.707460000E+00
 6.000000000E+00 7.265440000E+00
 8.000000000E+00 6.656930000E+00
 1.000000000E+01 5.467120000E+00
 1.100000000E+01 4.994780000E+00
 1.300000000E+01 3.326350000E+00
 1.400000000E+01 3.178200000E+00
 1.600000000E+01 2.943720000E+00
 1.800000000E+01 2.525390000E+00
 1.900000000E+01 2.091890000E+00
 2.100000000E+01 1.151430000E+00
 2.200000000E+01 1.103330000E+00
 2.700000000E+01 1.000000000E+00
                                                                       1
 66000  0  9  162.5      180717  2  0.0         1.0000E+50  0.0
92934  0  0.0         0.0         0.0         0.0         0.0
 1.000000000E+00 8.265078230E-03
 3.000000000E+00 7.487274619E-03
 5.000000000E+00 6.804722013E-03
 6.000000000E+00 6.456879751E-03
 8.000000000E+00 1.924604499E-03
 1.000000000E+01 1.739861806E-03
 1.100000000E+01 1.580273991E-03
 1.300000000E+01 1.262846476E-03
 1.400000000E+01 1.229788826E-03
 1.600000000E+01 3.519327066E-04
 1.800000000E+01 2.803058899E-04
 1.900000000E+01 2.521627384E-04
 2.100000000E+01 1.346582630E-04
 2.200000000E+01 1.307369883E-04
 2.700000000E+01 1.037293785E-05
                                                                       1
 66000  0  7  162.5      180717  2  0.0         1.0000E+50  0.0
92931 91  0.0         1.          0.0         0.0         0.0
  5.00000000E+00  2.70040000E-01  4.52070000E-02
  6.00000000E+00  4.82590000E-01  4.59980000E-02
  1.00000000E+01  4.96700000E-02  5.19460000E-02
  1.10000000E+01  9.60170000E-02  5.21140000E-02
  1.30000000E+01  8.17830000E-04  5.24570000E-02
  1.40000000E+01  1.06890000E-03  5.24940000E-02
  1.80000000E+01  1.09330000E-02  5.34610000E-02
  1.90000000E+01  2.11790000E-02  5.34950000E-02
  2.10000000E+01  1.84630000E-04  5.36280000E-02
  2.20000000E+01  2.40370000E-04  5.36350000E-02
  2.90000000E+01  2.38080000E-03  5.37590000E-02
  3.00000000E+01  4.93810000E-03  5.37640000E-02
                                                                       1
 66000  0  9  162.5      180717  2  0.0         1.0000E+50  0.0
92932 91  0.0         1.          0.0         0.0         0.0
  3.00000000E+00  3.00000000E+00  5.47190000E-03  3.56920000E-02
  3.00000000E+00  5.00000000E+00  7.22423000E-03  3.61570000E-02
  3.00000000E+00  6.00000000E+00  6.40908000E-03  3.69480000E-02
  3.00000000E+00  8.00000000E+00  2.09365000E-03  4.26940000E-02
  3.00000000E+00  1.00000000E+01  1.49202000E-03  4.28960000E-02
  3.00000000E+00  1.10000000E+01  1.37284000E-03  4.30640000E-02
  3.00000000E+00  1.30000000E+01  1.03002000E-04  4.34070000E-02
  3.00000000E+00  1.40000000E+01  9.63966000E-05  4.34440000E-02
  3.00000000E+00  1.60000000E+01  4.91940000E-04  4.43260000E-02
  3.00000000E+00  1.80000000E+01  3.37501000E-04  4.44110000E-02
  3.00000000E+00  1.90000000E+01  3.08034000E-04  4.44450000E-02
  3.00000000E+00  2.10000000E+01  2.29615000E-05  4.45780000E-02
  3.00000000E+00  2.20000000E+01  2.12292000E-05  4.45850000E-02
  3.00000000E+00  2.70000000E+01  7.95005000E-05  4.46920000E-02
  3.00000000E+00  2.90000000E+01  4.37565000E-05  4.47090000E-02
  3.00000000E+00  3.00000000E+01  3.79083000E-05  4.47140000E-02
  3.00000000E+00  4.10000000E+01  6.06567000E-06  4.47360500E-02
  5.00000000E+00  5.00000000E+00  6.44609000E-04  3.66220000E-02
  5.00000000E+00  6.00000000E+00  1.27054000E-02  3.74130000E-02
  5.00000000E+00  8.00000000E+00  1.16481000E-03  4.31590000E-02
  5.00000000E+00  1.00000000E+01  2.35046000E-04  4.33610000E-02
  5.00000000E+00  1.10000000E+01  2.25996000E-03  4.35290000E-02
  5.00000000E+00  1.30000000E+01  1.13956000E-04  4.38720000E-02
  5.00000000E+00  1.40000000E+01  3.50516000E-04  4.39090000E-02
  5.00000000E+00  1.60000000E+01  2.63542000E-04  4.47910000E-02
  5.00000000E+00  1.80000000E+01  5.18841000E-05  4.48760000E-02
  5.00000000E+00  1.90000000E+01  4.87878000E-04  4.49100000E-02
  5.00000000E+00  2.10000000E+01  2.48046000E-05  4.50430000E-02
  5.00000000E+00  2.20000000E+01  7.60414000E-05  4.50500000E-02
  5.00000000E+00  2.40000000E+01  3.24957000E-07  4.52010000E-02
  5.00000000E+00  2.50000000E+01  3.24957000E-07  4.52010500E-02
  5.00000000E+00  2.70000000E+01  4.22434000E-05  4.51570000E-02
  5.00000000E+00  2.90000000E+01  6.71582000E-06  4.51740000E-02
  5.00000000E+00  3.00000000E+01  5.96833000E-05  4.51790000E-02
  5.00000000E+00  4.10000000E+01  3.24957000E-06  4.52010500E-02
  6.00000000E+00  6.00000000E+00  5.96127000E-03  3.82040000E-02
  6.00000000E+00  8.00000000E+00  9.79343000E-04  4.39500000E-02
  6.00000000E+00  1.00000000E+01  2.15221000E-03  4.41520000E-02
  6.00000000E+00  1.10000000E+01  2.18572000E-03  4.43200000E-02
  6.00000000E+00  1.30000000E+01  4.06003000E-04  4.46630000E-02
  6.00000000E+00  1.40000000E+01  3.58865000E-04  4.47000000E-02
  6.00000000E+00  1.60000000E+01  2.18916000E-04  4.55820000E-02
  6.00000000E+00  1.80000000E+01  4.67940000E-04  4.56670000E-02
  6.00000000E+00  1.90000000E+01  4.75427000E-04  4.57010000E-02
  6.00000000E+00  2.10000000E+01  8.88232000E-05  4.58340000E-02
  6.00000000E+00  2.20000000E+01  7.80995000E-05  4.58410000E-02
  6.00000000E+00  2.40000000E+01  7.58217000E-07  4.59920000E-02
  6.00000000E+00  2.50000000E+01  4.33272000E-07  4.59920500E-02
  6.00000000E+00  2.70000000E+01  3.49874000E-05  4.59480000E-02
  6.00000000E+00  2.90000000E+01  6.02240000E-05  4.59650000E-02
  6.00000000E+00  3.00000000E+01  5.82753000E-05  4.59700000E-02
  6.00000000E+00  4.10000000E+01  2.70800000E-06  4.59920500E-02
  8.00000000E+00  8.00000000E+00  1.97128000E-04  4.96960000E-02
  8.00000000E+00  1.00000000E+01  2.42190000E-04  4.98980000E-02
  8.00000000E+00  1.10000000E+01  2.11749000E-04  5.00660000E-02
  8.00000000E+00  1.30000000E+01  1.52724000E-05  5.04090000E-02
  8.00000000E+00  1.40000000E+01  1.35392000E-05  5.04460000E-02
  8.00000000E+00  1.60000000E+01  9.22885000E-05  5.13280000E-02
  8.00000000E+00  1.80000000E+01  5.49162000E-05  5.14130000E-02
  8.00000000E+00  1.90000000E+01  4.76588000E-05  5.14470000E-02
  8.00000000E+00  2.10000000E+01  3.35772000E-06  5.15800000E-02
  8.00000000E+00  2.20000000E+01  3.03278000E-06  5.15870000E-02
  8.00000000E+00  2.70000000E+01  1.49473000E-05  5.16940000E-02
  8.00000000E+00  2.90000000E+01  7.14888000E-06  5.17110000E-02
  8.00000000E+00  3.00000000E+01  5.84899000E-06  5.17160000E-02
  8.00000000E+00  4.10000000E+01  1.19149000E-06  5.17380500E-02
  1.00000000E+01  1.00000000E+01  2.07968000E-05  5.01000000E-02
  1.00000000E+01  1.10000000E+01  3.91125000E-04  5.02680000E-02
  1.00000000E+01  1.30000000E+01  1.58140000E-05  5.06110000E-02
  1.00000000E+01  1.40000000E+01  4.58168000E-05  5.06480000E-02
  1.00000000E+01  1.60000000E+01  5.49167000E-05  5.15300000E-02
  1.00000000E+01  1.80000000E+01  9.09823000E-06  5.16150000E-02
  1.00000000E+01  1.90000000E+01  8.48086000E-05  5.16490000E-02
  1.00000000E+01  2.10000000E+01  3.46604000E-06  5.17820000E-02
  1.00000000E+01  2.20000000E+01  9.96459000E-06  5.17890000E-02
  1.00000000E+01  2.70000000E+01  8.77398000E-06  5.18960000E-02
  1.00000000E+01  2.90000000E+01  1.19150000E-06  5.19130000E-02
  1.00000000E+01  3.00000000E+01  1.03979000E-05  5.19180000E-02
  1.00000000E+01  4.10000000E+01  6.49865000E-07  5.19400500E-02
  1.10000000E+01  1.10000000E+01  2.01678000E-04  5.04360000E-02
  1.10000000E+01  1.30000000E+01  5.91397000E-05  5.07790000E-02
  1.10000000E+01  1.40000000E+01  5.08003000E-05  5.08160000E-02
  1.10000000E+01  1.60000000E+01  4.74408000E-05  5.16980000E-02
  1.10000000E+01  1.80000000E+01  8.53536000E-05  5.17830000E-02
  1.10000000E+01  1.90000000E+01  8.78405000E-05  5.18170000E-02
  1.10000000E+01  2.10000000E+01  1.29978000E-05  5.19500000E-02
  1.10000000E+01  2.20000000E+01  1.11564000E-05  5.19570000E-02
  1.10000000E+01  2.40000000E+01  1.08312000E-07  5.21080000E-02
  1.10000000E+01  2.70000000E+01  7.58175000E-06  5.20640000E-02
  1.10000000E+01  2.90000000E+01  1.10484000E-05  5.20810000E-02
  1.10000000E+01  3.00000000E+01  1.07231000E-05  5.20860000E-02
  1.10000000E+01  4.10000000E+01  5.41559000E-07  5.21080500E-02
  1.30000000E+01  1.30000000E+01  1.09695000E-07  5.11220000E-02
  1.30000000E+01  1.40000000E+01  7.24023000E-06  5.11590000E-02
  1.30000000E+01  1.60000000E+01  3.40063000E-06  5.20410000E-02
  1.30000000E+01  1.80000000E+01  3.29097000E-06  5.21260000E-02
  1.30000000E+01  1.90000000E+01  1.23956000E-05  5.21600000E-02
  1.30000000E+01  2.20000000E+01  1.53581000E-06  5.23000000E-02
  1.30000000E+01  2.70000000E+01  5.48477000E-07  5.24070000E-02
  1.30000000E+01  2.90000000E+01  4.38782000E-07  5.24240000E-02
  1.30000000E+01  3.00000000E+01  1.53581000E-06  5.24290000E-02
  1.40000000E+01  1.40000000E+01  1.73296000E-06  5.11960000E-02
  1.40000000E+01  1.60000000E+01  3.03270000E-06  5.20780000E-02
  1.40000000E+01  1.80000000E+01  9.42276000E-06  5.21630000E-02
  1.40000000E+01  1.90000000E+01  1.05056000E-05  5.21970000E-02
  1.40000000E+01  2.10000000E+01  1.51640000E-06  5.23300000E-02
  1.40000000E+01  2.20000000E+01  7.58153000E-07  5.23370000E-02
  1.40000000E+01  2.70000000E+01  4.33235000E-07  5.24440000E-02
  1.40000000E+01  2.90000000E+01  1.19146000E-06  5.24610000E-02
  1.40000000E+01  3.00000000E+01  1.29975000E-06  5.24660000E-02
  1.60000000E+01  1.60000000E+01  1.09470000E-05  5.29600000E-02
  1.60000000E+01  1.80000000E+01  1.25895000E-05  5.30450000E-02
  1.60000000E+01  1.90000000E+01  1.08377000E-05  5.30790000E-02
  1.60000000E+01  2.10000000E+01  7.66279000E-07  5.32120000E-02
  1.60000000E+01  2.20000000E+01  6.56808000E-07  5.32190000E-02
  1.60000000E+01  2.70000000E+01  3.50307000E-06  5.33260000E-02
  1.60000000E+01  2.90000000E+01  1.64209000E-06  5.33430000E-02
  1.60000000E+01  3.00000000E+01  1.31368000E-06  5.33480000E-02
  1.60000000E+01  4.10000000E+01  2.18939000E-07  5.33700500E-02
  1.80000000E+01  1.80000000E+01  9.74847000E-07  5.31300000E-02
  1.80000000E+01  1.90000000E+01  1.85219000E-05  5.31640000E-02
  1.80000000E+01  2.10000000E+01  7.58174000E-07  5.32970000E-02
  1.80000000E+01  2.20000000E+01  2.05795000E-06  5.33040000E-02
  1.80000000E+01  2.70000000E+01  1.94967000E-06  5.34110000E-02
  1.80000000E+01  2.90000000E+01  2.16624000E-07  5.34280000E-02
  1.80000000E+01  3.00000000E+01  2.27451000E-06  5.34330000E-02
  1.80000000E+01  4.10000000E+01  1.08312000E-07  5.34550500E-02
  1.90000000E+01  1.90000000E+01  9.43765000E-06  5.31980000E-02
  1.90000000E+01  2.10000000E+01  2.68118000E-06  5.33310000E-02
  1.90000000E+01  2.20000000E+01  2.25212000E-06  5.33380000E-02
  1.90000000E+01  2.70000000E+01  1.71594000E-06  5.34450000E-02
  1.90000000E+01  2.90000000E+01  2.35944000E-06  5.34620000E-02
  1.90000000E+01  3.00000000E+01  2.35944000E-06  5.34670000E-02
  1.90000000E+01  4.10000000E+01  1.07245000E-07  5.34890500E-02
  2.10000000E+01  2.20000000E+01  3.24944000E-07  5.34710000E-02
  2.10000000E+01  2.70000000E+01  1.08311000E-07  5.35780000E-02
  2.10000000E+01  2.90000000E+01  1.08311000E-07  5.35950000E-02
  2.10000000E+01  3.00000000E+01  3.24944000E-07  5.36000000E-02
  2.20000000E+01  2.20000000E+01  1.16574000E-07  5.34780000E-02
  2.20000000E+01  2.70000000E+01  1.16574000E-07  5.35850000E-02
  2.20000000E+01  2.90000000E+01  2.33148000E-07  5.36020000E-02
  2.20000000E+01  3.00000000E+01  3.49733000E-07  5.36070000E-02
  2.70000000E+01  2.70000000E+01  4.25982000E-07  5.36920000E-02
  2.70000000E+01  2.90000000E+01  2.83979000E-07  5.37090000E-02
  2.70000000E+01  3.00000000E+01  2.83979000E-07  5.37140000E-02
  2.90000000E+01  3.00000000E+01  3.24940000E-07  5.37310000E-02
  3.00000000E+01  3.00000000E+01  1.08310000E-07  5.37360000E-02
                                                                       1
 66000  0  7  162.5      180717  2  0.0         1.0000E+50  0.0
92931 91  0.0         3.          0.0         0.0         0.0
  5.00000000E+00  1.90198000E-05  4.65000000E-04
  6.00000000E+00  1.07709000E-03  1.25600000E-03
  1.00000000E+01  2.62327000E-02  7.20400000E-03
  1.10000000E+01  3.65676000E-02  7.37200000E-03
  1.30000000E+01  5.97223000E-04  7.71500000E-03
  1.40000000E+01  8.93960000E-04  7.75200000E-03
  1.80000000E+01  6.23213000E-03  8.71900000E-03
  1.90000000E+01  9.06690000E-03  8.75300000E-03
  2.10000000E+01  8.10551000E-05  8.88600000E-03
  2.20000000E+01  1.25169000E-04  8.89300000E-03
  2.90000000E+01  8.45670000E-04  9.01700000E-03
  3.00000000E+01  1.18769000E-03  9.02200000E-03
                                                                       1
 66000  0  9  162.5      180717  2  0.0         1.0000E+50  0.0
92932 91  0.0         3.          0.0         0.0         0.0
  5.00000000E+00  1.60000000E+01  4.99517000E-02  4.90000000E-05
  5.00000000E+00  1.80000000E+01  3.75506000E-02  1.34000000E-04
  5.00000000E+00  1.90000000E+01  4.22908000E-02  1.68000000E-04
  5.00000000E+00  2.10000000E+01  1.13405000E-02  3.01000000E-04
  5.00000000E+00  2.20000000E+01  1.70827000E-02  3.08000000E-04
  5.00000000E+00  2.40000000E+01  2.74972000E-02  4.59000000E-04
  5.00000000E+00  2.50000000E+01  1.78477000E-02  4.59050000E-04
  5.00000000E+00  2.70000000E+01  7.65229000E-03  4.15000000E-04
  5.00000000E+00  2.90000000E+01  4.57812000E-03  4.32000000E-04
  5.00000000E+00  3.00000000E+01  4.97159000E-03  4.37000000E-04
  5.00000000E+00  4.10000000E+01  5.84231000E-04  4.59050000E-04
  6.00000000E+00  1.60000000E+01  5.37977000E-02  8.40000000E-04
  6.00000000E+00  1.80000000E+01  2.26448000E-02  9.25000000E-04
  6.00000000E+00  1.90000000E+01  3.88310000E-02  9.59000000E-04
  6.00000000E+00  2.10000000E+01  6.30182000E-02  1.09200000E-03
  6.00000000E+00  2.20000000E+01  7.82813000E-02  1.09900000E-03
  6.00000000E+00  2.40000000E+01  3.90618000E-02  1.25000000E-03
  6.00000000E+00  2.50000000E+01  2.45625000E-02  1.25005000E-03
  6.00000000E+00  2.70000000E+01  8.34780000E-03  1.20600000E-03
  6.00000000E+00  2.90000000E+01  2.84527000E-03  1.22300000E-03
  6.00000000E+00  3.00000000E+01  4.69767000E-03  1.22800000E-03
  6.00000000E+00  4.10000000E+01  6.38125000E-04  1.25005000E-03
  8.00000000E+00  8.00000000E+00  1.14823000E-02  4.95400000E-03
  8.00000000E+00  1.00000000E+01  2.31194000E-02  5.15600000E-03
  8.00000000E+00  1.10000000E+01  4.06212000E-02  5.32400000E-03
  8.00000000E+00  1.30000000E+01  3.16517000E-02  5.66700000E-03
  8.00000000E+00  1.40000000E+01  4.32565000E-02  5.70400000E-03
  8.00000000E+00  1.60000000E+01  4.57521000E-03  6.58600000E-03
  8.00000000E+00  1.80000000E+01  5.12484000E-03  6.67100000E-03
  8.00000000E+00  1.90000000E+01  8.87535000E-03  6.70500000E-03
  8.00000000E+00  2.10000000E+01  5.91886000E-03  6.83800000E-03
  8.00000000E+00  2.20000000E+01  8.01817000E-03  6.84500000E-03
  8.00000000E+00  2.40000000E+01  2.77928000E-04  6.99600000E-03
  8.00000000E+00  2.50000000E+01  1.61658000E-04  6.99605000E-03
  8.00000000E+00  2.70000000E+01  7.20937000E-04  6.95200000E-03
  8.00000000E+00  2.90000000E+01  6.61381000E-04  6.96900000E-03
  8.00000000E+00  3.00000000E+01  1.08740000E-03  6.97400000E-03
  8.00000000E+00  4.10000000E+01  5.50191000E-05  6.99605000E-03
  1.00000000E+01  1.00000000E+01  8.50814000E-05  5.35800000E-03
  1.00000000E+01  1.10000000E+01  6.55125000E-04  5.52600000E-03
  1.00000000E+01  1.30000000E+01  1.19739000E-03  5.86900000E-03
  1.00000000E+01  1.40000000E+01  1.25558000E-02  5.90600000E-03
  1.00000000E+01  1.60000000E+01  3.64895000E-03  6.78800000E-03
  1.00000000E+01  1.80000000E+01  1.58813000E-05  6.87300000E-03
  1.00000000E+01  1.90000000E+01  1.32723000E-04  6.90700000E-03
  1.00000000E+01  2.10000000E+01  2.15544000E-04  7.04000000E-03
  1.00000000E+01  2.20000000E+01  1.50372000E-03  7.04700000E-03
  1.00000000E+01  2.40000000E+01  9.58541000E-05  7.19800000E-03
  1.00000000E+01  2.50000000E+01  1.69033000E-04  7.19805000E-03
  1.00000000E+01  2.70000000E+01  5.45657000E-04  7.15400000E-03
  1.00000000E+01  2.90000000E+01  1.70157000E-06  7.17100000E-03
  1.00000000E+01  3.00000000E+01  1.58813000E-05  7.17600000E-03
  1.00000000E+01  4.10000000E+01  4.14057000E-05  7.19805000E-03
  1.10000000E+01  1.10000000E+01  9.97703000E-04  5.69400000E-03
  1.10000000E+01  1.30000000E+01  6.49189000E-03  6.03700000E-03
  1.10000000E+01  1.40000000E+01  4.21489000E-03  6.07400000E-03
  1.10000000E+01  1.60000000E+01  6.38513000E-03  6.95600000E-03
  1.10000000E+01  1.80000000E+01  1.37268000E-04  7.04100000E-03
  1.10000000E+01  1.90000000E+01  3.23304000E-04  7.07500000E-03
  1.10000000E+01  2.10000000E+01  5.96130000E-04  7.20800000E-03
  1.10000000E+01  2.20000000E+01  3.90238000E-04  7.21500000E-03
  1.10000000E+01  2.40000000E+01  2.51856000E-04  7.36600000E-03
  1.10000000E+01  2.50000000E+01  1.02668000E-04  7.36605000E-03
  1.10000000E+01  2.70000000E+01  9.54055000E-04  7.32200000E-03
  1.10000000E+01  2.90000000E+01  1.75836000E-05  7.33900000E-03
  1.10000000E+01  3.00000000E+01  3.74361000E-05  7.34400000E-03
  1.10000000E+01  4.10000000E+01  7.26041000E-05  7.36605000E-03
  1.30000000E+01  1.30000000E+01  1.85591000E-03  6.38000000E-03
  1.30000000E+01  1.40000000E+01  6.13022000E-02  6.41700000E-03
  1.30000000E+01  1.60000000E+01  4.65745000E-03  7.29900000E-03
  1.30000000E+01  1.80000000E+01  3.34082000E-04  7.38400000E-03
  1.30000000E+01  1.90000000E+01  1.50536000E-03  7.41800000E-03
  1.30000000E+01  2.10000000E+01  6.80665000E-04  7.55100000E-03
  1.30000000E+01  2.20000000E+01  8.08278000E-03  7.55800000E-03
  1.30000000E+01  2.40000000E+01  3.21605000E-04  7.70900000E-03
  1.30000000E+01  2.50000000E+01  4.50363000E-04  7.70905000E-03
  1.30000000E+01  2.70000000E+01  6.88598000E-04  7.66500000E-03
  1.30000000E+01  2.90000000E+01  4.48085000E-05  7.68200000E-03
  1.30000000E+01  3.00000000E+01  1.86046000E-04  7.68700000E-03
  1.30000000E+01  4.10000000E+01  5.21840000E-05  7.70905000E-03
  1.40000000E+01  1.40000000E+01  1.71929000E-02  6.45400000E-03
  1.40000000E+01  1.60000000E+01  6.42702000E-03  7.33600000E-03
  1.40000000E+01  1.80000000E+01  2.50429000E-03  7.42100000E-03
  1.40000000E+01  1.90000000E+01  1.02668000E-03  7.45500000E-03
  1.40000000E+01  2.10000000E+01  7.94826000E-03  7.58800000E-03
  1.40000000E+01  2.20000000E+01  4.77078000E-03  7.59500000E-03
  1.40000000E+01  2.40000000E+01  1.00798000E-03  7.74600000E-03
  1.40000000E+01  2.50000000E+01  3.86261000E-04  7.74605000E-03
  1.40000000E+01  2.70000000E+01  9.52951000E-04  7.70200000E-03
  1.40000000E+01  2.90000000E+01  3.17636000E-04  7.71900000E-03
  1.40000000E+01  3.00000000E+01  1.28190000E-04  7.72400000E-03
  1.40000000E+01  4.10000000E+01  7.26040000E-05  7.74605000E-03
  1.60000000E+01  1.60000000E+01  4.31072000E-04  8.21800000E-03
  1.60000000E+01  1.80000000E+01  8.11686000E-04  8.30300000E-03
  1.60000000E+01  1.90000000E+01  1.39990000E-03  8.33700000E-03
  1.60000000E+01  2.10000000E+01  8.69532000E-04  8.47000000E-03
  1.60000000E+01  2.20000000E+01  1.18545000E-03  8.47700000E-03
  1.60000000E+01  2.40000000E+01  3.34648000E-05  8.62800000E-03
  1.60000000E+01  2.50000000E+01  1.92857000E-05  8.62805000E-03
  1.60000000E+01  2.70000000E+01  1.34434000E-04  8.58400000E-03
  1.60000000E+01  2.90000000E+01  1.04934000E-04  8.60100000E-03
  1.60000000E+01  3.00000000E+01  1.71868000E-04  8.60600000E-03
  1.60000000E+01  4.10000000E+01  1.02101000E-05  8.62805000E-03
  1.80000000E+01  1.80000000E+01  5.67226000E-07  8.38800000E-03
  1.80000000E+01  1.90000000E+01  2.83602000E-05  8.42200000E-03
  1.80000000E+01  2.10000000E+01  5.10493000E-05  8.55500000E-03
  1.80000000E+01  2.20000000E+01  3.10258000E-04  8.56200000E-03
  1.80000000E+01  2.40000000E+01  1.30466000E-05  8.71300000E-03
  1.80000000E+01  2.50000000E+01  2.55246000E-05  8.71305000E-03
  1.80000000E+01  2.70000000E+01  1.21379000E-04  8.66900000E-03
  1.80000000E+01  3.00000000E+01  3.40315000E-06  8.69100000E-03
  1.80000000E+01  4.10000000E+01  9.07530000E-06  8.71305000E-03
  1.90000000E+01  1.90000000E+01  2.55246000E-05  8.45600000E-03
  1.90000000E+01  2.10000000E+01  1.52012000E-04  8.58900000E-03
  1.90000000E+01  2.20000000E+01  1.04934000E-04  8.59600000E-03
  1.90000000E+01  2.40000000E+01  4.36748000E-05  8.74700000E-03
  1.90000000E+01  2.50000000E+01  1.75835000E-05  8.74705000E-03
  1.90000000E+01  2.70000000E+01  2.09301000E-04  8.70300000E-03
  1.90000000E+01  2.90000000E+01  3.40314000E-06  8.72000000E-03
  1.90000000E+01  3.00000000E+01  6.23937000E-06  8.72500000E-03
  1.90000000E+01  4.10000000E+01  1.58813000E-05  8.74705000E-03
  2.10000000E+01  2.10000000E+01  5.84236000E-05  8.72200000E-03
  2.10000000E+01  2.20000000E+01  1.13618000E-03  8.72900000E-03
  2.10000000E+01  2.40000000E+01  4.08399000E-05  8.88000000E-03
  2.10000000E+01  2.50000000E+01  4.48090000E-05  8.88005000E-03
  2.10000000E+01  2.70000000E+01  1.28192000E-04  8.83600000E-03
  2.10000000E+01  2.90000000E+01  6.80672000E-06  8.85300000E-03
  2.10000000E+01  3.00000000E+01  1.92860000E-05  8.85800000E-03
  2.10000000E+01  4.10000000E+01  9.64248000E-06  8.88005000E-03
  2.20000000E+01  2.20000000E+01  3.52814000E-04  8.73600000E-03
  2.20000000E+01  2.40000000E+01  1.03800000E-04  8.88700000E-03
  2.20000000E+01  2.50000000E+01  4.42417000E-05  8.88705000E-03
  2.20000000E+01  2.70000000E+01  1.75268000E-04  8.84300000E-03
  2.20000000E+01  2.90000000E+01  3.97038000E-05  8.86000000E-03
  2.20000000E+01  3.00000000E+01  1.30466000E-05  8.86500000E-03
  2.20000000E+01  4.10000000E+01  1.30466000E-05  8.88705000E-03
  2.40000000E+01  2.40000000E+01  6.18219000E-07  9.03800000E-03
  2.40000000E+01  2.50000000E+01  6.18219000E-06  9.03805000E-03
  2.40000000E+01  2.70000000E+01  4.94575000E-06  8.99400000E-03
  2.40000000E+01  2.90000000E+01  1.85454000E-06  9.01100000E-03
  2.40000000E+01  3.00000000E+01  5.56386000E-06  9.01600000E-03
  2.40000000E+01  4.10000000E+01  6.18219000E-07  9.03805000E-03
  2.50000000E+01  2.50000000E+01  1.13445000E-06  9.03810000E-03
  2.50000000E+01  2.70000000E+01  2.83602000E-06  8.99405000E-03
  2.50000000E+01  2.90000000E+01  2.83602000E-06  9.01105000E-03
  2.50000000E+01  3.00000000E+01  2.26880000E-06  9.01605000E-03
  2.70000000E+01  2.70000000E+01  2.00684000E-05  8.95000000E-03
  2.70000000E+01  2.90000000E+01  3.12157000E-05  8.96700000E-03
  2.70000000E+01  3.00000000E+01  5.01701000E-05  8.97200000E-03
  2.70000000E+01  4.10000000E+01  3.34454000E-06  8.99405000E-03
  2.90000000E+01  3.00000000E+01  2.09465000E-06  8.98900000E-03
  2.90000000E+01  4.10000000E+01  4.18928000E-06  9.01105000E-03
  3.00000000E+01  3.00000000E+01  7.76452000E-07  8.99400000E-03
  3.00000000E+01  4.10000000E+01  2.32921000E-06  9.01605000E-03
                                                                       1
 66000  0  7  162.5      180717  2  0.0         1.0000E+50  0.0
92931 91  0.0         5.          0.0         0.0         0.0
  6.00000000E+00  7.95775000E-07  7.91000000E-04
  8.00000000E+00  5.44567000E-03  6.53700000E-03
  1.10000000E+01  1.19509000E-04  6.90700000E-03
  1.30000000E+01  1.60749000E-01  7.25000000E-03
  1.60000000E+01  1.11119000E-03  8.16900000E-03
  1.90000000E+01  2.72118000E-05  8.28800000E-03
  2.10000000E+01  2.81968000E-02  8.42100000E-03
  2.40000000E+01  3.04788000E-05  8.57900000E-03
  2.70000000E+01  1.94439000E-04  8.53500000E-03
  3.00000000E+01  6.10736000E-06  8.55700000E-03
                                                                       1
 66000  0  9  162.5      180717  2  0.0         1.0000E+50  0.0
92932 91  0.0         5.          0.0         0.0         0.0
  6.00000000E+00  1.60000000E+01  8.40595000E-03  3.75000000E-04
  6.00000000E+00  1.80000000E+01  4.66122000E-02  4.60000000E-04
  6.00000000E+00  1.90000000E+01  1.50262000E-02  4.94000000E-04
  6.00000000E+00  2.10000000E+01  5.64083000E-02  6.27000000E-04
  6.00000000E+00  2.20000000E+01  2.01929000E-02  6.34000000E-04
  6.00000000E+00  2.40000000E+01  1.29586000E-03  7.85000000E-04
  6.00000000E+00  2.50000000E+01  9.85055000E-04  7.85050000E-04
  6.00000000E+00  2.70000000E+01  1.23678000E-03  7.41000000E-04
  6.00000000E+00  2.90000000E+01  5.66129000E-03  7.58000000E-04
  6.00000000E+00  3.00000000E+01  1.82070000E-03  7.63000000E-04
  6.00000000E+00  4.10000000E+01  9.38750000E-05  7.85050000E-04
  8.00000000E+00  8.00000000E+00  8.32780000E-04  4.48900000E-03
  8.00000000E+00  1.00000000E+01  2.32913000E-02  4.69100000E-03
  8.00000000E+00  1.10000000E+01  2.25866000E-03  4.85900000E-03
  8.00000000E+00  1.30000000E+01  2.45142000E-03  5.20200000E-03
  8.00000000E+00  1.40000000E+01  2.80284000E-03  5.23900000E-03
  8.00000000E+00  1.60000000E+01  3.05084000E-04  6.12100000E-03
  8.00000000E+00  1.80000000E+01  3.45912000E-03  6.20600000E-03
  8.00000000E+00  1.90000000E+01  4.38799000E-04  6.24000000E-03
  8.00000000E+00  2.10000000E+01  3.27142000E-04  6.37300000E-03
  8.00000000E+00  2.20000000E+01  3.17897000E-04  6.38000000E-03
  8.00000000E+00  2.40000000E+01  7.11192000E-05  6.53100000E-03
  8.00000000E+00  2.50000000E+01  2.27571000E-05  6.53105000E-03
  8.00000000E+00  2.70000000E+01  4.69376000E-05  6.48700000E-03
  8.00000000E+00  2.90000000E+01  4.16742000E-04  6.50400000E-03
  8.00000000E+00  3.00000000E+01  5.26283000E-05  6.50900000E-03
  8.00000000E+00  4.10000000E+01  3.55590000E-06  6.53105000E-03
  1.00000000E+01  1.00000000E+01  2.35267000E-02  4.89300000E-03
  1.00000000E+01  1.10000000E+01  6.84390000E-02  5.06100000E-03
  1.00000000E+01  1.30000000E+01  3.65417000E-02  5.40400000E-03
  1.00000000E+01  1.40000000E+01  5.85886000E-02  5.44100000E-03
  1.00000000E+01  1.60000000E+01  5.58646000E-03  6.32300000E-03
  1.00000000E+01  1.80000000E+01  8.85364000E-03  6.40800000E-03
  1.00000000E+01  1.90000000E+01  1.46996000E-02  6.44200000E-03
  1.00000000E+01  2.10000000E+01  6.82535000E-03  6.57500000E-03
  1.00000000E+01  2.20000000E+01  1.09029000E-02  6.58200000E-03
  1.00000000E+01  2.40000000E+01  3.11492000E-04  6.73300000E-03
  1.00000000E+01  2.50000000E+01  1.45796000E-04  6.73305000E-03
  1.00000000E+01  2.70000000E+01  9.05386000E-04  6.68900000E-03
  1.00000000E+01  2.90000000E+01  1.11650000E-03  6.70600000E-03
  1.00000000E+01  3.00000000E+01  1.79579000E-03  6.71100000E-03
  1.00000000E+01  4.10000000E+01  6.96961000E-05  6.73305000E-03
  1.10000000E+01  1.10000000E+01  1.72317000E-03  5.22900000E-03
  1.10000000E+01  1.30000000E+01  3.98215000E-02  5.57200000E-03
  1.10000000E+01  1.40000000E+01  5.47688000E-03  5.60900000E-03
  1.10000000E+01  1.60000000E+01  4.60859000E-04  6.49100000E-03
  1.10000000E+01  1.80000000E+01  1.05006000E-02  6.57600000E-03
  1.10000000E+01  1.90000000E+01  6.27974000E-04  6.61000000E-03
  1.10000000E+01  2.10000000E+01  6.28961000E-03  6.74300000E-03
  1.10000000E+01  2.20000000E+01  8.17833000E-04  6.75000000E-03
  1.10000000E+01  2.40000000E+01  1.75664000E-04  6.90100000E-03
  1.10000000E+01  2.50000000E+01  4.90709000E-05  6.90105000E-03
  1.10000000E+01  2.70000000E+01  7.25409000E-05  6.85700000E-03
  1.10000000E+01  2.90000000E+01  1.27164000E-03  6.87400000E-03
  1.10000000E+01  3.00000000E+01  7.46739000E-05  6.87900000E-03
  1.10000000E+01  4.10000000E+01  5.68959000E-06  6.90105000E-03
  1.30000000E+01  1.30000000E+01  3.70732000E-02  5.91500000E-03
  1.30000000E+01  1.40000000E+01  1.54317000E-01  5.95200000E-03
  1.30000000E+01  1.60000000E+01  5.90262000E-04  6.83400000E-03
  1.30000000E+01  1.80000000E+01  5.54857000E-03  6.91900000E-03
  1.30000000E+01  1.90000000E+01  8.02201000E-03  6.95300000E-03
  1.30000000E+01  2.10000000E+01  1.16484000E-02  7.08600000E-03
  1.30000000E+01  2.20000000E+01  2.60367000E-02  7.09300000E-03
  1.30000000E+01  2.40000000E+01  1.22814000E-03  7.24400000E-03
  1.30000000E+01  2.50000000E+01  1.25657000E-03  7.24405000E-03
  1.30000000E+01  2.70000000E+01  9.60081000E-05  7.20000000E-03
  1.30000000E+01  2.90000000E+01  6.74890000E-04  7.21700000E-03
  1.30000000E+01  3.00000000E+01  9.69325000E-04  7.22200000E-03
  1.30000000E+01  4.10000000E+01  7.11172000E-06  7.24405000E-03
  1.40000000E+01  1.40000000E+01  7.40837000E-03  5.98900000E-03
  1.40000000E+01  1.60000000E+01  5.52600000E-04  6.87100000E-03
  1.40000000E+01  1.80000000E+01  7.88219000E-03  6.95600000E-03
  1.40000000E+01  1.90000000E+01  1.00984000E-03  6.99000000E-03
  1.40000000E+01  2.10000000E+01  2.01795000E-02  7.12300000E-03
  1.40000000E+01  2.20000000E+01  2.26868000E-03  7.13000000E-03
  1.40000000E+01  2.40000000E+01  4.98556000E-04  7.28100000E-03
  1.40000000E+01  2.50000000E+01  9.67276000E-05  7.28105000E-03
  1.40000000E+01  2.70000000E+01  8.60521000E-05  7.23700000E-03
  1.40000000E+01  2.90000000E+01  9.31658000E-04  7.25400000E-03
  1.40000000E+01  3.00000000E+01  1.20188000E-04  7.25900000E-03
  1.40000000E+01  4.10000000E+01  6.40075000E-06  7.28105000E-03
  1.60000000E+01  1.60000000E+01  2.70261000E-05  7.75300000E-03
  1.60000000E+01  1.80000000E+01  8.34242000E-04  7.83800000E-03
  1.60000000E+01  1.90000000E+01  9.03222000E-05  7.87200000E-03
  1.60000000E+01  2.10000000E+01  7.60970000E-05  8.00500000E-03
  1.60000000E+01  2.20000000E+01  6.40085000E-05  8.01200000E-03
  1.60000000E+01  2.40000000E+01  1.49345000E-05  8.16300000E-03
  1.60000000E+01  2.50000000E+01  4.26713000E-06  8.16305000E-03
  1.60000000E+01  2.70000000E+01  8.53457000E-06  8.11900000E-03
  1.60000000E+01  2.90000000E+01  1.00281000E-04  8.13600000E-03
  1.60000000E+01  3.00000000E+01  1.06681000E-05  8.14100000E-03
  1.60000000E+01  4.10000000E+01  7.11210000E-07  8.16305000E-03
  1.80000000E+01  1.80000000E+01  7.93665000E-04  7.92300000E-03
  1.80000000E+01  1.90000000E+01  2.25864000E-03  7.95700000E-03
  1.80000000E+01  2.10000000E+01  1.01909000E-03  8.09000000E-03
  1.80000000E+01  2.20000000E+01  1.47918000E-03  8.09700000E-03
  1.80000000E+01  2.40000000E+01  3.84034000E-05  8.24800000E-03
  1.80000000E+01  2.50000000E+01  1.49340000E-05  8.24805000E-03
  1.80000000E+01  2.70000000E+01  1.35125000E-04  8.20400000E-03
  1.80000000E+01  2.90000000E+01  1.98414000E-04  8.22100000E-03
  1.80000000E+01  3.00000000E+01  2.75947000E-04  8.22600000E-03
  1.80000000E+01  4.10000000E+01  1.06677000E-05  8.24805000E-03
  1.90000000E+01  1.90000000E+01  5.79398000E-05  7.99100000E-03
  1.90000000E+01  2.10000000E+01  1.28536000E-03  8.12400000E-03
  1.90000000E+01  2.20000000E+01  1.55222000E-04  8.13100000E-03
  1.90000000E+01  2.40000000E+01  2.86099000E-05  8.28200000E-03
  1.90000000E+01  2.50000000E+01  7.15296000E-06  8.28205000E-03
  1.90000000E+01  2.70000000E+01  1.43055000E-05  8.23800000E-03
  1.90000000E+01  2.90000000E+01  2.75383000E-04  8.25500000E-03
  1.90000000E+01  3.00000000E+01  1.35906000E-05  8.26000000E-03
  1.90000000E+01  4.10000000E+01  1.43055000E-06  8.28205000E-03
  2.10000000E+01  2.10000000E+01  9.03913000E-04  8.25700000E-03
  2.10000000E+01  2.20000000E+01  3.53019000E-03  8.26400000E-03
  2.10000000E+01  2.40000000E+01  1.33706000E-04  8.41500000E-03
  2.10000000E+01  2.50000000E+01  1.38675000E-04  8.41505000E-03
  2.10000000E+01  2.70000000E+01  1.20892000E-05  8.37100000E-03
  2.10000000E+01  2.90000000E+01  1.23755000E-04  8.38800000E-03
  2.10000000E+01  3.00000000E+01  1.54331000E-04  8.39300000E-03
  2.10000000E+01  4.10000000E+01  7.11190000E-07  8.41505000E-03
  2.20000000E+01  2.20000000E+01  2.51384000E-04  8.27100000E-03
  2.20000000E+01  2.40000000E+01  8.37981000E-05  8.42200000E-03
  2.20000000E+01  2.50000000E+01  1.63514000E-05  8.42205000E-03
  2.20000000E+01  2.70000000E+01  1.43064000E-05  8.37800000E-03
  2.20000000E+01  2.90000000E+01  2.51384000E-04  8.39500000E-03
  2.20000000E+01  3.00000000E+01  2.65695000E-05  8.40000000E-03
  2.20000000E+01  4.10000000E+01  1.02192000E-06  8.42205000E-03
  2.40000000E+01  2.40000000E+01  1.98620000E-06  8.57300000E-03
  2.40000000E+01  2.50000000E+01  7.94510000E-06  8.57305000E-03
  2.40000000E+01  2.70000000E+01  2.97937000E-06  8.52900000E-03
  2.40000000E+01  2.90000000E+01  5.95861000E-06  8.54600000E-03
  2.40000000E+01  3.00000000E+01  4.96558000E-06  8.55100000E-03
  2.50000000E+01  2.50000000E+01  8.87966000E-07  8.57310000E-03
  2.50000000E+01  2.70000000E+01  8.87966000E-07  8.52905000E-03
  2.50000000E+01  2.90000000E+01  1.77588000E-06  8.54605000E-03
  2.50000000E+01  3.00000000E+01  8.87966000E-07  8.55105000E-03
  2.70000000E+01  2.70000000E+01  1.29883000E-06  8.48500000E-03
  2.70000000E+01  2.90000000E+01  2.98734000E-05  8.50200000E-03
  2.70000000E+01  3.00000000E+01  2.59758000E-06  8.50700000E-03
  2.90000000E+01  2.90000000E+01  2.49380000E-05  8.51900000E-03
  2.90000000E+01  3.00000000E+01  6.89495000E-05  8.52400000E-03
  2.90000000E+01  4.10000000E+01  2.93403000E-06  8.54605000E-03
                                                                       1
 66000  0  7  162.5      180717  2  0.0         1.0000E+50  0.0
92931 91  0.0         6.          0.0         0.0         0.0
  8.00000000E+00  1.01080000E-02  5.74600000E-03
  1.00000000E+01  7.11822000E-05  5.94800000E-03
  1.10000000E+01  6.51122000E-05  6.11600000E-03
  1.30000000E+01  1.47800000E-02  6.45900000E-03
  1.40000000E+01  1.30640000E-01  6.49600000E-03
  1.60000000E+01  1.44450000E-03  7.37800000E-03
  1.80000000E+01  1.19880000E-05  7.46300000E-03
  1.90000000E+01  1.16170000E-05  7.49700000E-03
  2.10000000E+01  2.47241000E-03  7.63000000E-03
  2.20000000E+01  2.21091000E-02  7.63700000E-03
  2.40000000E+01  4.32911000E-06  7.78800000E-03
  2.50000000E+01  2.45611000E-05  7.78805000E-03
  2.70000000E+01  2.72991000E-04  7.74400000E-03
  2.90000000E+01  2.78571000E-06  7.76100000E-03
  3.00000000E+01  2.36511000E-06  7.76600000E-03
                                                                       1
 66000  0  9  162.5      180717  2  0.0         1.0000E+50  0.0
92932 91  0.0         6.          0.0         0.0         0.0
  8.00000000E+00  8.00000000E+00  1.11278000E-03  3.69800000E-03
  8.00000000E+00  1.00000000E+01  6.91115000E-04  3.90000000E-03
  8.00000000E+00  1.10000000E+01  2.58124000E-02  4.06800000E-03
  8.00000000E+00  1.30000000E+01  2.69216000E-03  4.41100000E-03
  8.00000000E+00  1.40000000E+01  3.45632000E-03  4.44800000E-03
  8.00000000E+00  1.60000000E+01  4.08338000E-04  5.33000000E-03
  8.00000000E+00  1.80000000E+01  1.21834000E-04  5.41500000E-03
  8.00000000E+00  1.90000000E+01  3.79684000E-03  5.44900000E-03
  8.00000000E+00  2.10000000E+01  2.49571000E-04  5.58200000E-03
  8.00000000E+00  2.20000000E+01  2.87971000E-04  5.58900000E-03
  8.00000000E+00  2.40000000E+01  1.03371000E-04  5.74000000E-03
  8.00000000E+00  2.50000000E+01  9.37785000E-05  5.74005000E-03
  8.00000000E+00  2.70000000E+01  6.27629000E-05  5.69600000E-03
  8.00000000E+00  2.90000000E+01  1.47675000E-05  5.71300000E-03
  8.00000000E+00  3.00000000E+01  4.34900000E-04  5.71800000E-03
  8.00000000E+00  4.10000000E+01  5.16857000E-06  5.74005000E-03
  1.00000000E+01  1.00000000E+01  1.80162000E-04  4.10200000E-03
  1.00000000E+01  1.10000000E+01  4.32435000E-02  4.27000000E-03
  1.00000000E+01  1.30000000E+01  2.52605000E-03  4.61300000E-03
  1.00000000E+01  1.40000000E+01  2.25793000E-02  4.65000000E-03
  1.00000000E+01  1.60000000E+01  1.36596000E-04  5.53200000E-03
  1.00000000E+01  1.80000000E+01  6.64557000E-05  5.61700000E-03
  1.00000000E+01  1.90000000E+01  6.59816000E-03  5.65100000E-03
  1.00000000E+01  2.10000000E+01  4.31951000E-04  5.78400000E-03
  1.00000000E+01  2.20000000E+01  3.25766000E-03  5.79100000E-03
  1.00000000E+01  2.40000000E+01  1.12967000E-04  5.94200000E-03
  1.00000000E+01  2.50000000E+01  1.49891000E-04  5.94205000E-03
  1.00000000E+01  2.70000000E+01  2.14134000E-05  5.89800000E-03
  1.00000000E+01  2.90000000E+01  8.12226000E-06  5.91500000E-03
  1.00000000E+01  3.00000000E+01  7.60540000E-04  5.92000000E-03
  1.00000000E+01  4.10000000E+01  1.47676000E-06  5.94205000E-03
  1.10000000E+01  1.10000000E+01  5.83995000E-02  4.43800000E-03
  1.10000000E+01  1.30000000E+01  6.03935000E-02  4.78100000E-03
  1.10000000E+01  1.40000000E+01  8.76713000E-02  4.81800000E-03
  1.10000000E+01  1.60000000E+01  6.11831000E-03  5.70000000E-03
  1.10000000E+01  1.80000000E+01  9.12445000E-03  5.78500000E-03
  1.10000000E+01  1.90000000E+01  2.13689000E-02  5.81900000E-03
  1.10000000E+01  2.10000000E+01  1.07578000E-02  5.95200000E-03
  1.10000000E+01  2.20000000E+01  1.53551000E-02  5.95900000E-03
  1.10000000E+01  2.40000000E+01  5.04324000E-04  6.11000000E-03
  1.10000000E+01  2.50000000E+01  3.23402000E-04  6.11005000E-03
  1.10000000E+01  2.70000000E+01  9.89468000E-04  6.06600000E-03
  1.10000000E+01  2.90000000E+01  1.16890000E-03  6.08300000E-03
  1.10000000E+01  3.00000000E+01  2.54972000E-03  6.08800000E-03
  1.10000000E+01  4.10000000E+01  7.60541000E-05  6.11005000E-03
  1.30000000E+01  1.30000000E+01  8.70821000E-03  5.12400000E-03
  1.30000000E+01  1.40000000E+01  1.65065000E-01  5.16100000E-03
  1.30000000E+01  1.60000000E+01  6.07670000E-04  6.04300000E-03
  1.30000000E+01  1.80000000E+01  5.36794000E-04  6.12800000E-03
  1.30000000E+01  1.90000000E+01  8.51520000E-03  6.16200000E-03
  1.30000000E+01  2.10000000E+01  2.70610000E-03  6.29500000E-03
  1.30000000E+01  2.20000000E+01  2.16529000E-02  6.30200000E-03
  1.30000000E+01  2.40000000E+01  2.86505000E-04  6.45300000E-03
  1.30000000E+01  2.50000000E+01  4.89556000E-04  6.45305000E-03
  1.30000000E+01  2.70000000E+01  9.74656000E-05  6.40900000E-03
  1.30000000E+01  2.90000000E+01  6.86695000E-05  6.42600000E-03
  1.30000000E+01  3.00000000E+01  9.68773000E-04  6.43100000E-03
  1.30000000E+01  4.10000000E+01  7.38391000E-06  6.45305000E-03
  1.40000000E+01  1.40000000E+01  1.11212000E-01  5.19800000E-03
  1.40000000E+01  1.60000000E+01  8.21074000E-04  6.08000000E-03
  1.40000000E+01  1.80000000E+01  4.38794000E-03  6.16500000E-03
  1.40000000E+01  1.90000000E+01  1.39258000E-02  6.19900000E-03
  1.40000000E+01  2.10000000E+01  2.59499000E-02  6.33200000E-03
  1.40000000E+01  2.20000000E+01  3.29846000E-02  6.33900000E-03
  1.40000000E+01  2.40000000E+01  3.05076000E-03  6.49000000E-03
  1.40000000E+01  2.50000000E+01  1.39470000E-03  6.49005000E-03
  1.40000000E+01  2.70000000E+01  1.33646000E-04  6.44600000E-03
  1.40000000E+01  2.90000000E+01  5.54495000E-04  6.46300000E-03
  1.40000000E+01  3.00000000E+01  1.62512000E-03  6.46800000E-03
  1.40000000E+01  4.10000000E+01  1.03367000E-05  6.49005000E-03
  1.60000000E+01  1.60000000E+01  3.76571000E-05  6.96200000E-03
  1.60000000E+01  1.80000000E+01  2.43673000E-05  7.04700000E-03
  1.60000000E+01  1.90000000E+01  9.00857000E-04  7.08100000E-03
  1.60000000E+01  2.10000000E+01  6.12876000E-05  7.21400000E-03
  1.60000000E+01  2.20000000E+01  7.45795000E-05  7.22100000E-03
  1.60000000E+01  2.40000000E+01  1.47680000E-05  7.37200000E-03
  1.60000000E+01  2.50000000E+01  1.55071000E-05  7.37205000E-03
  1.60000000E+01  2.70000000E+01  1.18146000E-05  7.32800000E-03
  1.60000000E+01  2.90000000E+01  2.95350000E-06  7.34500000E-03
  1.60000000E+01  3.00000000E+01  1.03374000E-04  7.35000000E-03
  1.60000000E+01  4.10000000E+01  7.38414000E-07  7.37205000E-03
  1.80000000E+01  1.80000000E+01  5.16860000E-06  7.13200000E-03
  1.80000000E+01  1.90000000E+01  1.38739000E-03  7.16600000E-03
  1.80000000E+01  2.10000000E+01  8.86035000E-05  7.29900000E-03
  1.80000000E+01  2.20000000E+01  6.59372000E-04  7.30600000E-03
  1.80000000E+01  2.40000000E+01  1.62449000E-05  7.45700000E-03
  1.80000000E+01  2.50000000E+01  2.06744000E-05  7.45705000E-03
  1.80000000E+01  2.70000000E+01  3.69192000E-06  7.41300000E-03
  1.80000000E+01  2.90000000E+01  1.47676000E-06  7.43000000E-03
  1.80000000E+01  3.00000000E+01  1.59486000E-04  7.43500000E-03
  1.90000000E+01  1.90000000E+01  1.80381000E-03  7.20000000E-03
  1.90000000E+01  2.10000000E+01  1.45815000E-03  7.33300000E-03
  1.90000000E+01  2.20000000E+01  2.30694000E-03  7.34000000E-03
  1.90000000E+01  2.40000000E+01  5.66817000E-05  7.49100000E-03
  1.90000000E+01  2.50000000E+01  3.82601000E-05  7.49105000E-03
  1.90000000E+01  2.70000000E+01  1.39576000E-04  7.44700000E-03
  1.90000000E+01  2.90000000E+01  1.70747000E-04  7.46400000E-03
  1.90000000E+01  3.00000000E+01  4.27229000E-04  7.46900000E-03
  1.90000000E+01  4.10000000E+01  1.06271000E-05  7.49105000E-03
  2.10000000E+01  2.10000000E+01  2.03799000E-04  7.46600000E-03
  2.10000000E+01  2.20000000E+01  3.52790000E-03  7.47300000E-03
  2.10000000E+01  2.40000000E+01  3.10113000E-05  7.62400000E-03
  2.10000000E+01  2.50000000E+01  5.02084000E-05  7.62405000E-03
  2.10000000E+01  2.70000000E+01  9.59866000E-06  7.58000000E-03
  2.10000000E+01  2.90000000E+01  1.10752000E-05  7.59700000E-03
  2.10000000E+01  3.00000000E+01  1.72780000E-04  7.60200000E-03
  2.10000000E+01  4.10000000E+01  7.38391000E-07  7.62405000E-03
  2.20000000E+01  2.20000000E+01  2.79609000E-03  7.48000000E-03
  2.20000000E+01  2.40000000E+01  3.62224000E-04  7.63100000E-03
  2.20000000E+01  2.50000000E+01  1.63885000E-04  7.63105000E-03
  2.20000000E+01  2.70000000E+01  1.42871000E-05  7.58700000E-03
  2.20000000E+01  2.90000000E+01  9.49662000E-05  7.60400000E-03
  2.20000000E+01  3.00000000E+01  3.18517000E-04  7.60900000E-03
  2.20000000E+01  4.10000000E+01  8.40441000E-07  7.63105000E-03
  2.40000000E+01  2.40000000E+01  9.98578000E-07  7.78200000E-03
  2.40000000E+01  2.50000000E+01  1.29809000E-05  7.78205000E-03
  2.40000000E+01  2.70000000E+01  2.99568000E-06  7.73800000E-03
  2.40000000E+01  2.90000000E+01  2.99568000E-06  7.75500000E-03
  2.40000000E+01  3.00000000E+01  8.98721000E-06  7.76000000E-03
  2.50000000E+01  2.50000000E+01  2.95321000E-06  7.78210000E-03
  2.50000000E+01  2.70000000E+01  2.21498000E-06  7.73805000E-03
  2.50000000E+01  2.90000000E+01  2.21498000E-06  7.75505000E-03
  2.50000000E+01  3.00000000E+01  4.42987000E-06  7.76005000E-03
  2.70000000E+01  2.70000000E+01  1.28638000E-06  7.69400000E-03
  2.70000000E+01  2.90000000E+01  1.28638000E-06  7.71100000E-03
  2.70000000E+01  3.00000000E+01  2.95863000E-05  7.71600000E-03
  2.90000000E+01  3.00000000E+01  5.41762000E-05  7.73300000E-03
  3.00000000E+01  3.00000000E+01  1.05367000E-04  7.73800000E-03
  3.00000000E+01  4.10000000E+01  5.85365000E-06  7.76005000E-03
                                                                       1
 66000  0  7  162.5      180717  2  0.0         1.0000E+50  0.0
92931 91  0.0         8.          0.0         0.0         0.0
  1.00000000E+01  9.99615000E-06  2.02000000E-04
  1.10000000E+01  1.39204000E-04  3.70000000E-04
  1.80000000E+01  5.26512000E-04  1.71700000E-03
  1.90000000E+01  5.92620000E-04  1.75100000E-03
  2.90000000E+01  1.20981000E-04  2.01500000E-03
  3.00000000E+01  1.26889000E-04  2.02000000E-03
                                                                       1
 66000  0  9  162.5      180717  2  0.0         1.0000E+50  0.0
92932 91  0.0         8.          0.0         0.0         0.0
  1.00000000E+01  2.10000000E+01  6.74933000E-02  3.80000000E-05
  1.00000000E+01  2.20000000E+01  9.89692000E-02  4.50000000E-05
  1.00000000E+01  2.40000000E+01  2.86201000E-02  1.96000000E-04
  1.00000000E+01  2.50000000E+01  3.81094000E-02  1.96050000E-04
  1.00000000E+01  2.70000000E+01  8.22137000E-03  1.52000000E-04
  1.00000000E+01  2.90000000E+01  6.86413000E-03  1.69000000E-04
  1.00000000E+01  3.00000000E+01  1.02755000E-02  1.74000000E-04
  1.00000000E+01  4.10000000E+01  6.20347000E-04  1.96050000E-04
  1.10000000E+01  1.80000000E+01  6.76722000E-02  3.90000000E-05
  1.10000000E+01  1.90000000E+01  9.05467000E-02  7.30000000E-05
  1.10000000E+01  2.10000000E+01  3.93001000E-02  2.06000000E-04
  1.10000000E+01  2.20000000E+01  5.65091000E-02  2.13000000E-04
  1.10000000E+01  2.40000000E+01  8.38256000E-02  3.64000000E-04
  1.10000000E+01  2.50000000E+01  1.04767000E-01  3.64050000E-04
  1.10000000E+01  2.70000000E+01  9.70733000E-03  3.20000000E-04
  1.10000000E+01  2.90000000E+01  8.15248000E-03  3.37000000E-04
  1.10000000E+01  3.00000000E+01  1.07639000E-02  3.42000000E-04
  1.10000000E+01  4.10000000E+01  7.33442000E-04  3.64050000E-04
  1.30000000E+01  1.60000000E+01  2.54494000E-02  2.97000000E-04
  1.30000000E+01  1.80000000E+01  5.63843000E-03  3.82000000E-04
  1.30000000E+01  1.90000000E+01  5.05883000E-03  4.16000000E-04
  1.30000000E+01  2.10000000E+01  8.26069000E-03  5.49000000E-04
  1.30000000E+01  2.20000000E+01  1.03648000E-02  5.56000000E-04
  1.30000000E+01  2.40000000E+01  4.24216000E-03  7.07000000E-04
  1.30000000E+01  2.50000000E+01  4.00585000E-03  7.07050000E-04
  1.30000000E+01  2.70000000E+01  2.76038000E-03  6.63000000E-04
  1.30000000E+01  2.90000000E+01  5.70866000E-04  6.80000000E-04
  1.30000000E+01  3.00000000E+01  4.79891000E-04  6.85000000E-04
  1.30000000E+01  4.10000000E+01  2.01999000E-04  7.07050000E-04
  1.40000000E+01  1.60000000E+01  3.66036000E-02  3.34000000E-04
  1.40000000E+01  1.80000000E+01  1.17013000E-03  4.19000000E-04
  1.40000000E+01  1.90000000E+01  1.08098000E-02  4.53000000E-04
  1.40000000E+01  2.10000000E+01  1.12238000E-02  5.86000000E-04
  1.40000000E+01  2.20000000E+01  1.68288000E-02  5.93000000E-04
  1.40000000E+01  2.40000000E+01  4.88328000E-03  7.44000000E-04
  1.40000000E+01  2.50000000E+01  7.55518000E-03  7.44050000E-04
  1.40000000E+01  2.70000000E+01  3.93418000E-03  7.00000000E-04
  1.40000000E+01  2.90000000E+01  1.19074000E-04  7.17000000E-04
  1.40000000E+01  3.00000000E+01  1.02390000E-03  7.22000000E-04
  1.40000000E+01  4.10000000E+01  2.87903000E-04  7.44050000E-04
  1.60000000E+01  1.60000000E+01  4.64470000E-03  1.21600000E-03
  1.60000000E+01  1.80000000E+01  7.83262000E-03  1.30100000E-03
  1.60000000E+01  1.90000000E+01  1.38485000E-02  1.33500000E-03
  1.60000000E+01  2.10000000E+01  1.50032000E-02  1.46800000E-03
  1.60000000E+01  2.20000000E+01  2.15662000E-02  1.47500000E-03
  1.60000000E+01  2.40000000E+01  4.93364000E-03  1.62600000E-03
  1.60000000E+01  2.50000000E+01  6.22467000E-03  1.62605000E-03
  1.60000000E+01  2.70000000E+01  1.24380000E-03  1.58200000E-03
  1.60000000E+01  2.90000000E+01  1.00529000E-03  1.59900000E-03
  1.60000000E+01  3.00000000E+01  1.68737000E-03  1.60400000E-03
  1.60000000E+01  4.10000000E+01  9.40328000E-05  1.62605000E-03
  1.80000000E+01  1.80000000E+01  3.86583000E-04  1.38600000E-03
  1.80000000E+01  1.90000000E+01  9.98881000E-04  1.42000000E-03
  1.80000000E+01  2.10000000E+01  5.77876000E-04  1.55300000E-03
  1.80000000E+01  2.20000000E+01  3.06150000E-04  1.56000000E-03
  1.80000000E+01  2.40000000E+01  7.44341000E-05  1.71100000E-03
  1.80000000E+01  2.50000000E+01  3.40571000E-04  1.71105000E-03
  1.80000000E+01  2.70000000E+01  8.21602000E-04  1.66700000E-03
  1.80000000E+01  2.90000000E+01  7.88380000E-05  1.68400000E-03
  1.80000000E+01  3.00000000E+01  9.52418000E-05  1.68900000E-03
  1.80000000E+01  4.10000000E+01  6.00283000E-05  1.71105000E-03
  1.90000000E+01  1.90000000E+01  1.30101000E-03  1.45400000E-03
  1.90000000E+01  2.10000000E+01  8.41186000E-04  1.58700000E-03
  1.90000000E+01  2.20000000E+01  2.06055000E-03  1.59400000E-03
  1.90000000E+01  2.40000000E+01  3.57757000E-04  1.74500000E-03
  1.90000000E+01  2.50000000E+01  6.69526000E-04  1.74505000E-03
  1.90000000E+01  2.70000000E+01  1.45745000E-03  1.70100000E-03
  1.90000000E+01  2.90000000E+01  1.08049000E-04  1.71800000E-03
  1.90000000E+01  3.00000000E+01  2.67730000E-04  1.72300000E-03
  1.90000000E+01  4.10000000E+01  1.06850000E-04  1.74505000E-03
  2.10000000E+01  2.10000000E+01  1.72481000E-04  1.72000000E-03
  2.10000000E+01  2.20000000E+01  8.28370000E-04  1.72700000E-03
  2.10000000E+01  2.40000000E+01  3.35775000E-04  1.87800000E-03
  2.10000000E+01  2.50000000E+01  2.50294000E-03  1.87805000E-03
  2.10000000E+01  2.70000000E+01  1.55348000E-03  1.83400000E-03
  2.10000000E+01  2.90000000E+01  5.36234000E-05  1.85100000E-03
  2.10000000E+01  3.00000000E+01  8.16381000E-05  1.85600000E-03
  2.10000000E+01  4.10000000E+01  1.13252000E-04  1.87805000E-03
  2.20000000E+01  2.20000000E+01  4.63422000E-04  1.73400000E-03
  2.20000000E+01  2.40000000E+01  2.49239000E-03  1.88500000E-03
  2.20000000E+01  2.50000000E+01  1.41185000E-03  1.88505000E-03
  2.20000000E+01  2.70000000E+01  2.23028000E-03  1.84100000E-03
  2.20000000E+01  2.90000000E+01  3.00130000E-05  1.85800000E-03
  2.20000000E+01  3.00000000E+01  1.99292000E-04  1.86300000E-03
  2.20000000E+01  4.10000000E+01  1.62482000E-04  1.88505000E-03
  2.40000000E+01  2.40000000E+01  1.96084000E-04  2.03600000E-03
  2.40000000E+01  2.50000000E+01  1.60761000E-03  2.03605000E-03
  2.40000000E+01  2.70000000E+01  4.72614000E-04  1.99200000E-03
  2.40000000E+01  2.90000000E+01  6.80292000E-06  2.00900000E-03
  2.40000000E+01  3.00000000E+01  3.04152000E-05  2.01400000E-03
  2.40000000E+01  4.10000000E+01  3.40171000E-05  2.03605000E-03
  2.50000000E+01  2.50000000E+01  4.99564000E-04  2.03610000E-03
  2.50000000E+01  2.70000000E+01  6.08820000E-04  1.99205000E-03
  2.50000000E+01  2.90000000E+01  4.09158000E-05  2.00905000E-03
  2.50000000E+01  3.00000000E+01  5.72784000E-05  2.01405000E-03
  2.50000000E+01  4.10000000E+01  4.41898000E-05  2.03610000E-03
  2.70000000E+01  2.70000000E+01  1.13482000E-04  1.94800000E-03
  2.70000000E+01  2.90000000E+01  1.55012000E-04  1.96500000E-03
  2.70000000E+01  3.00000000E+01  2.59729000E-04  1.97000000E-03
  2.70000000E+01  4.10000000E+01  1.69634000E-05  1.99205000E-03
  2.90000000E+01  2.90000000E+01  6.65255000E-06  1.98200000E-03
  2.90000000E+01  3.00000000E+01  1.66311000E-05  1.98700000E-03
  2.90000000E+01  4.10000000E+01  1.26394000E-05  2.00905000E-03
  3.00000000E+01  3.00000000E+01  2.81423000E-05  1.99200000E-03
  3.00000000E+01  4.10000000E+01  2.64863000E-05  2.01405000E-03
                                                                       1
 66000  0  7  162.5      180717  2  0.0         1.0000E+50  0.0
92931 91  0.0         10.         0.0         0.0         0.0
  1.30000000E+01  5.36645000E-04  5.11000000E-04
  1.60000000E+01  4.55005000E-04  1.43000000E-03
  2.10000000E+01  2.27572000E-03  1.68200000E-03
  2.70000000E+01  8.28598000E-05  1.79600000E-03
                                                                       1
 66000  0  9  162.5      180717  2  0.0         1.0000E+50  0.0
92932 91  0.0         10.         0.0         0.0         0.0
  1.10000000E+01  2.10000000E+01  1.12045000E-02  4.00000000E-06
  1.10000000E+01  2.20000000E+01  2.73876000E-02  1.10000000E-05
  1.10000000E+01  2.40000000E+01  2.11348000E-02  1.62000000E-04
  1.10000000E+01  2.50000000E+01  2.29393000E-02  1.62050000E-04
  1.10000000E+01  2.70000000E+01  4.44900000E-03  1.18000000E-04
  1.10000000E+01  2.90000000E+01  4.52247000E-03  1.35000000E-04
  1.10000000E+01  3.00000000E+01  4.47361000E-03  1.40000000E-04
  1.10000000E+01  4.10000000E+01  3.20470000E-04  1.62050000E-04
  1.30000000E+01  1.60000000E+01  7.26379000E-02  9.50000000E-05
  1.30000000E+01  1.80000000E+01  7.25669000E-02  1.80000000E-04
  1.30000000E+01  1.90000000E+01  9.19743000E-02  2.14000000E-04
  1.30000000E+01  2.10000000E+01  3.11707000E-02  3.47000000E-04
  1.30000000E+01  2.20000000E+01  3.56394000E-02  3.54000000E-04
  1.30000000E+01  2.40000000E+01  1.00644000E-01  5.05000000E-04
  1.30000000E+01  2.50000000E+01  1.51168000E-01  5.05050000E-04
  1.30000000E+01  2.70000000E+01  1.16814000E-02  4.61000000E-04
  1.30000000E+01  2.90000000E+01  8.09702000E-03  4.78000000E-04
  1.30000000E+01  3.00000000E+01  1.07699000E-02  4.83000000E-04
  1.30000000E+01  4.10000000E+01  8.92294000E-04  5.05050000E-04
  1.40000000E+01  1.60000000E+01  1.21864000E-02  1.32000000E-04
  1.40000000E+01  1.80000000E+01  8.36298000E-02  2.17000000E-04
  1.40000000E+01  1.90000000E+01  7.97901000E-03  2.51000000E-04
  1.40000000E+01  2.10000000E+01  1.33626000E-03  3.84000000E-04
  1.40000000E+01  2.20000000E+01  4.12126000E-03  3.91000000E-04
  1.40000000E+01  2.40000000E+01  3.12623000E-03  5.42000000E-04
  1.40000000E+01  2.50000000E+01  2.48604000E-03  5.42050000E-04
  1.40000000E+01  2.70000000E+01  1.30597000E-03  4.98000000E-04
  1.40000000E+01  2.90000000E+01  7.55266000E-03  5.15000000E-04
  1.40000000E+01  3.00000000E+01  8.55257000E-04  5.20000000E-04
  1.40000000E+01  4.10000000E+01  9.58155000E-05  5.42050000E-04
  1.60000000E+01  1.60000000E+01  8.66759000E-04  1.01400000E-03
  1.60000000E+01  1.80000000E+01  1.20418000E-02  1.09900000E-03
  1.60000000E+01  1.90000000E+01  1.88064000E-03  1.13300000E-03
  1.60000000E+01  2.10000000E+01  3.91483000E-04  1.26600000E-03
  1.60000000E+01  2.20000000E+01  1.38490000E-03  1.27300000E-03
  1.60000000E+01  2.40000000E+01  5.05317000E-05  1.42400000E-03
  1.60000000E+01  2.50000000E+01  4.88078000E-04  1.42405000E-03
  1.60000000E+01  2.70000000E+01  2.19400000E-04  1.38000000E-03
  1.60000000E+01  2.90000000E+01  1.04523000E-03  1.39700000E-03
  1.60000000E+01  3.00000000E+01  2.07256000E-04  1.40200000E-03
  1.60000000E+01  4.10000000E+01  1.66317000E-05  1.42405000E-03
  1.80000000E+01  1.80000000E+01  9.07120000E-03  1.18400000E-03
  1.80000000E+01  1.90000000E+01  2.71728000E-02  1.21800000E-03
  1.80000000E+01  2.10000000E+01  2.55763000E-02  1.35100000E-03
  1.80000000E+01  2.20000000E+01  4.18872000E-02  1.35800000E-03
  1.80000000E+01  2.40000000E+01  6.97514000E-03  1.50900000E-03
  1.80000000E+01  2.50000000E+01  1.19839000E-02  1.50905000E-03
  1.80000000E+01  2.70000000E+01  1.95368000E-03  1.46500000E-03
  1.80000000E+01  2.90000000E+01  1.97771000E-03  1.48200000E-03
  1.80000000E+01  3.00000000E+01  3.28691000E-03  1.48700000E-03
  1.80000000E+01  4.10000000E+01  1.50081000E-04  1.50905000E-03
  1.90000000E+01  1.90000000E+01  7.82844000E-04  1.25200000E-03
  1.90000000E+01  2.10000000E+01  2.20589000E-03  1.38500000E-03
  1.90000000E+01  2.20000000E+01  1.74803000E-03  1.39200000E-03
  1.90000000E+01  2.40000000E+01  5.26841000E-03  1.54300000E-03
  1.90000000E+01  2.50000000E+01  1.49541000E-03  1.54305000E-03
  1.90000000E+01  2.70000000E+01  2.12764000E-04  1.49900000E-03
  1.90000000E+01  2.90000000E+01  2.50990000E-03  1.51600000E-03
  1.90000000E+01  3.00000000E+01  1.60754000E-04  1.52100000E-03
  1.90000000E+01  4.10000000E+01  1.55353000E-05  1.54305000E-03
  2.10000000E+01  2.10000000E+01  8.68986000E-04  1.51800000E-03
  2.10000000E+01  2.20000000E+01  2.53910000E-03  1.52500000E-03
  2.10000000E+01  2.40000000E+01  6.45808000E-04  1.67600000E-03
  2.10000000E+01  2.50000000E+01  1.19257000E-03  1.67605000E-03
  2.10000000E+01  2.70000000E+01  5.81101000E-05  1.63200000E-03
  2.10000000E+01  2.90000000E+01  2.26014000E-03  1.64900000E-03
  2.10000000E+01  3.00000000E+01  2.23866000E-04  1.65400000E-03
  2.10000000E+01  4.10000000E+01  4.62216000E-06  1.67605000E-03
  2.20000000E+01  2.20000000E+01  6.00261000E-04  1.53200000E-03
  2.20000000E+01  2.40000000E+01  2.22458000E-03  1.68300000E-03
  2.20000000E+01  2.50000000E+01  4.68582000E-04  1.68305000E-03
  2.20000000E+01  2.70000000E+01  1.83150000E-04  1.63900000E-03
  2.20000000E+01  2.90000000E+01  3.80198000E-03  1.65600000E-03
  2.20000000E+01  3.00000000E+01  1.65103000E-04  1.66100000E-03
  2.20000000E+01  4.10000000E+01  1.40371000E-05  1.68305000E-03
  2.40000000E+01  2.40000000E+01  7.76069000E-04  1.83400000E-03
  2.40000000E+01  2.50000000E+01  5.48470000E-03  1.83405000E-03
  2.40000000E+01  2.70000000E+01  2.66451000E-06  1.79000000E-03
  2.40000000E+01  2.90000000E+01  5.72903000E-04  1.80700000E-03
  2.40000000E+01  3.00000000E+01  5.89554000E-04  1.81200000E-03
  2.50000000E+01  2.50000000E+01  2.70720000E-04  1.83410000E-03
  2.50000000E+01  2.70000000E+01  7.01884000E-05  1.79005000E-03
  2.50000000E+01  2.90000000E+01  9.86660000E-04  1.80705000E-03
  2.50000000E+01  3.00000000E+01  1.51741000E-04  1.81205000E-03
  2.50000000E+01  4.10000000E+01  5.34784000E-06  1.83410000E-03
  2.70000000E+01  2.70000000E+01  1.70844000E-05  1.74600000E-03
  2.70000000E+01  2.90000000E+01  2.03457000E-04  1.76300000E-03
  2.70000000E+01  3.00000000E+01  2.71783000E-05  1.76800000E-03
  2.70000000E+01  4.10000000E+01  2.32967000E-06  1.79005000E-03
  2.90000000E+01  2.90000000E+01  2.03161000E-04  1.78000000E-03
  2.90000000E+01  3.00000000E+01  5.77556000E-04  1.78500000E-03
  2.90000000E+01  4.10000000E+01  2.55543000E-05  1.80705000E-03
  3.00000000E+01  3.00000000E+01  4.45576000E-05  1.79000000E-03
  3.00000000E+01  4.10000000E+01  1.11395000E-05  1.81205000E-03
                                                                       1
 66000  0  7  162.5      180717  2  0.0         1.0000E+50  0.0
92931 91  0.0         11.         0.0         0.0         0.0
  1.30000000E+01  1.74839000E-05  3.43000000E-04
  1.40000000E+01  2.25709000E-04  3.80000000E-04
  1.60000000E+01  6.72077000E-04  1.26200000E-03
  2.10000000E+01  3.16009000E-04  1.51400000E-03
  2.20000000E+01  2.54019000E-03  1.52100000E-03
  2.70000000E+01  1.21689000E-04  1.62800000E-03
                                                                       1
 66000  0  9  162.5      180717  2  0.0         1.0000E+50  0.0
92932 91  0.0         11.         0.0         0.0         0.0
  1.30000000E+01  1.80000000E+01  1.34660000E-02  1.20000000E-05
  1.30000000E+01  1.90000000E+01  6.30962000E-02  4.60000000E-05
  1.30000000E+01  2.10000000E+01  1.06191000E-02  1.79000000E-04
  1.30000000E+01  2.20000000E+01  9.56309000E-03  1.86000000E-04
  1.30000000E+01  2.40000000E+01  1.07743000E-02  3.37000000E-04
  1.30000000E+01  2.50000000E+01  1.57506000E-02  3.37050000E-04
  1.30000000E+01  2.70000000E+01  2.17746000E-03  2.93000000E-04
  1.30000000E+01  2.90000000E+01  1.51313000E-03  3.10000000E-04
  1.30000000E+01  3.00000000E+01  5.96642000E-03  3.15000000E-04
  1.30000000E+01  4.10000000E+01  1.63135000E-04  3.37050000E-04
  1.40000000E+01  1.80000000E+01  8.58766000E-02  4.90000000E-05
  1.40000000E+01  1.90000000E+01  1.42846000E-01  8.30000000E-05
  1.40000000E+01  2.10000000E+01  4.69642000E-02  2.16000000E-04
  1.40000000E+01  2.20000000E+01  6.90238000E-02  2.23000000E-04
  1.40000000E+01  2.40000000E+01  1.04855000E-01  3.74000000E-04
  1.40000000E+01  2.50000000E+01  1.24872000E-01  3.74050000E-04
  1.40000000E+01  2.70000000E+01  1.27171000E-02  3.30000000E-04
  1.40000000E+01  2.90000000E+01  1.03551000E-02  3.47000000E-04
  1.40000000E+01  3.00000000E+01  1.54544000E-02  3.52000000E-04
  1.40000000E+01  4.10000000E+01  9.63462000E-04  3.74050000E-04
  1.60000000E+01  1.60000000E+01  7.07523000E-04  8.46000000E-04
  1.60000000E+01  1.80000000E+01  1.07773000E-03  9.31000000E-04
  1.60000000E+01  1.90000000E+01  1.62404000E-02  9.65000000E-04
  1.60000000E+01  2.10000000E+01  9.68354000E-04  1.09800000E-03
  1.60000000E+01  2.20000000E+01  1.05782000E-03  1.10500000E-03
  1.60000000E+01  2.40000000E+01  7.05961000E-04  1.25600000E-03
  1.60000000E+01  2.50000000E+01  1.07773000E-03  1.25605000E-03
  1.60000000E+01  2.70000000E+01  1.77456000E-04  1.21200000E-03
  1.60000000E+01  2.90000000E+01  1.12439000E-04  1.22900000E-03
  1.60000000E+01  3.00000000E+01  1.37146000E-03  1.23400000E-03
  1.60000000E+01  4.10000000E+01  1.30030000E-05  1.25605000E-03
  1.80000000E+01  1.80000000E+01  1.32717000E-04  1.01600000E-03
  1.80000000E+01  1.90000000E+01  1.92039000E-02  1.05000000E-03
  1.80000000E+01  2.10000000E+01  4.63335000E-04  1.18300000E-03
  1.80000000E+01  2.20000000E+01  3.50650000E-03  1.19000000E-03
  1.80000000E+01  2.40000000E+01  8.05487000E-04  1.34100000E-03
  1.80000000E+01  2.50000000E+01  4.71256000E-03  1.34105000E-03
  1.80000000E+01  2.70000000E+01  1.20441000E-04  1.29700000E-03
  1.80000000E+01  2.90000000E+01  2.53146000E-05  1.31400000E-03
  1.80000000E+01  3.00000000E+01  1.64245000E-03  1.31900000E-03
  1.80000000E+01  4.10000000E+01  9.20571000E-06  1.34105000E-03
  1.90000000E+01  1.90000000E+01  2.68590000E-02  1.08400000E-03
  1.90000000E+01  2.10000000E+01  3.69585000E-02  1.21700000E-03
  1.90000000E+01  2.20000000E+01  4.93601000E-02  1.22400000E-03
  1.90000000E+01  2.40000000E+01  1.43308000E-02  1.37500000E-03
  1.90000000E+01  2.50000000E+01  1.62757000E-02  1.37505000E-03
  1.90000000E+01  2.70000000E+01  2.53328000E-03  1.33100000E-03
  1.90000000E+01  2.90000000E+01  2.40695000E-03  1.34800000E-03
  1.90000000E+01  3.00000000E+01  5.53098000E-03  1.35300000E-03
  1.90000000E+01  4.10000000E+01  1.94111000E-04  1.37505000E-03
  2.10000000E+01  2.10000000E+01  2.44091000E-04  1.35000000E-03
  2.10000000E+01  2.20000000E+01  4.68858000E-03  1.35700000E-03
  2.10000000E+01  2.40000000E+01  3.31051000E-04  1.50800000E-03
  2.10000000E+01  2.50000000E+01  4.09165000E-03  1.50805000E-03
  2.10000000E+01  2.70000000E+01  1.00687000E-04  1.46400000E-03
  2.10000000E+01  2.90000000E+01  3.43252000E-05  1.48100000E-03
  2.10000000E+01  3.00000000E+01  3.13794000E-03  1.48600000E-03
  2.10000000E+01  4.10000000E+01  7.62806000E-06  1.50805000E-03
  2.20000000E+01  2.20000000E+01  2.28140000E-03  1.36400000E-03
  2.20000000E+01  2.40000000E+01  3.26131000E-03  1.51500000E-03
  2.20000000E+01  2.50000000E+01  2.83521000E-03  1.51505000E-03
  2.20000000E+01  2.70000000E+01  1.12125000E-04  1.47100000E-03
  2.20000000E+01  2.90000000E+01  2.80702000E-04  1.48800000E-03
  2.20000000E+01  3.00000000E+01  4.15081000E-03  1.49300000E-03
  2.20000000E+01  4.10000000E+01  8.39015000E-06  1.51505000E-03
  2.40000000E+01  2.40000000E+01  2.32816000E-04  1.66600000E-03
  2.40000000E+01  2.50000000E+01  6.94138000E-03  1.66605000E-03
  2.40000000E+01  2.70000000E+01  7.27069000E-05  1.62200000E-03
  2.40000000E+01  2.90000000E+01  8.66295000E-05  1.63900000E-03
  2.40000000E+01  3.00000000E+01  1.17492000E-03  1.64400000E-03
  2.40000000E+01  4.10000000E+01  5.41419000E-06  1.66605000E-03
  2.50000000E+01  2.50000000E+01  2.51788000E-03  1.66610000E-03
  2.50000000E+01  2.70000000E+01  8.87371000E-05  1.62205000E-03
  2.50000000E+01  2.90000000E+01  5.10055000E-04  1.63905000E-03
  2.50000000E+01  3.00000000E+01  1.36814000E-03  1.64405000E-03
  2.50000000E+01  4.10000000E+01  6.17319000E-06  1.66610000E-03
  2.70000000E+01  2.70000000E+01  1.67050000E-05  1.57800000E-03
  2.70000000E+01  2.90000000E+01  1.89318000E-05  1.59500000E-03
  2.70000000E+01  3.00000000E+01  3.12934000E-04  1.60000000E-03
  2.70000000E+01  4.10000000E+01  2.22728000E-06  1.62205000E-03
  2.90000000E+01  2.90000000E+01  2.77264000E-06  1.61200000E-03
  2.90000000E+01  3.00000000E+01  3.75699000E-04  1.61700000E-03
  2.90000000E+01  4.10000000E+01  1.38637000E-06  1.63905000E-03
  3.00000000E+01  3.00000000E+01  1.13840000E-03  1.62200000E-03
  3.00000000E+01  4.10000000E+01  6.91905000E-05  1.64405000E-03
                                                                       1
 66000  0  7  162.5      180717  2  0.0         1.0000E+50  0.0
92931 91  0.0         13.         0.0         0.0         0.0
  1.80000000E+01  3.54520000E-03  1.00400000E-03
  1.90000000E+01  4.38450000E-04  1.03800000E-03
  2.40000000E+01  5.07360000E-03  1.32900000E-03
  2.90000000E+01  6.71020000E-04  1.30200000E-03
  3.00000000E+01  8.44380000E-05  1.30700000E-03
                                                                       1
 66000  0  9  162.5      180717  2  0.0         1.0000E+50  0.0
92932 91  0.0         13.         0.0         0.0         0.0
  1.40000000E+01  2.40000000E+01  1.01919000E-01  3.10000000E-05
  1.40000000E+01  2.50000000E+01  1.47157000E-02  3.10500000E-05
  1.40000000E+01  2.90000000E+01  7.51115000E-04  4.00000000E-06
  1.40000000E+01  3.00000000E+01  2.09792000E-03  9.00000000E-06
  1.40000000E+01  4.10000000E+01  1.56331000E-04  3.10500000E-05
  1.60000000E+01  1.60000000E+01  3.44089000E-05  5.03000000E-04
  1.60000000E+01  1.80000000E+01  2.60828000E-03  5.88000000E-04
  1.60000000E+01  1.90000000E+01  1.78709000E-03  6.22000000E-04
  1.60000000E+01  2.10000000E+01  6.19613000E-02  7.55000000E-04
  1.60000000E+01  2.20000000E+01  7.57930000E-03  7.62000000E-04
  1.60000000E+01  2.40000000E+01  1.16121000E-02  9.13000000E-04
  1.60000000E+01  2.50000000E+01  3.81477000E-03  9.13050000E-04
  1.60000000E+01  2.70000000E+01  2.52344000E-05  8.69000000E-04
  1.60000000E+01  2.90000000E+01  2.63790000E-04  8.86000000E-04
  1.60000000E+01  3.00000000E+01  1.44510000E-04  8.91000000E-04
  1.60000000E+01  4.10000000E+01  2.29393000E-06  9.13050000E-04
  1.80000000E+01  1.80000000E+01  1.43372000E-03  6.73000000E-04
  1.80000000E+01  1.90000000E+01  9.39154000E-03  7.07000000E-04
  1.80000000E+01  2.10000000E+01  5.31659000E-02  8.40000000E-04
  1.80000000E+01  2.20000000E+01  4.46177000E-03  8.47000000E-04
  1.80000000E+01  2.40000000E+01  7.28792000E-03  9.98000000E-04
  1.80000000E+01  2.50000000E+01  3.83319000E-03  9.98050000E-04
  1.80000000E+01  2.70000000E+01  2.77575000E-04  9.54000000E-04
  1.80000000E+01  2.90000000E+01  2.95927000E-04  9.71000000E-04
  1.80000000E+01  3.00000000E+01  8.64791000E-04  9.76000000E-04
  1.80000000E+01  4.10000000E+01  2.06460000E-05  9.98050000E-04
  1.90000000E+01  1.90000000E+01  3.42487000E-03  7.41000000E-04
  1.90000000E+01  2.10000000E+01  1.13563000E-01  8.74000000E-04
  1.90000000E+01  2.20000000E+01  4.25062000E-03  8.81000000E-04
  1.90000000E+01  2.40000000E+01  4.53039000E-03  1.03200000E-03
  1.90000000E+01  2.50000000E+01  2.24575000E-03  1.03205000E-03
  1.90000000E+01  2.70000000E+01  2.13343000E-04  9.88000000E-04
  1.90000000E+01  2.90000000E+01  8.30391000E-04  1.00500000E-03
  1.90000000E+01  3.00000000E+01  6.05590000E-04  1.01000000E-03
  1.90000000E+01  4.10000000E+01  1.60566000E-05  1.03205000E-03
  2.10000000E+01  2.10000000E+01  9.54995000E-02  1.00700000E-03
  2.10000000E+01  2.20000000E+01  1.93674000E-01  1.01400000E-03
  2.10000000E+01  2.40000000E+01  4.50532000E-02  1.16500000E-03
  2.10000000E+01  2.50000000E+01  5.73018000E-02  1.16505000E-03
  2.10000000E+01  2.70000000E+01  9.00878000E-03  1.12100000E-03
  2.10000000E+01  2.90000000E+01  6.75341000E-03  1.13800000E-03
  2.10000000E+01  3.00000000E+01  1.34034000E-02  1.14300000E-03
  2.10000000E+01  4.10000000E+01  6.85906000E-04  1.16505000E-03
  2.20000000E+01  2.20000000E+01  3.16571000E-03  1.02100000E-03
  2.20000000E+01  2.40000000E+01  4.57763000E-02  1.17200000E-03
  2.20000000E+01  2.50000000E+01  2.62653000E-03  1.17205000E-03
  2.20000000E+01  2.70000000E+01  6.30835000E-04  1.12800000E-03
  2.20000000E+01  2.90000000E+01  3.80811000E-04  1.14500000E-03
  2.20000000E+01  3.00000000E+01  4.12916000E-04  1.15000000E-03
  2.20000000E+01  4.10000000E+01  4.58802000E-05  1.17205000E-03
  2.40000000E+01  2.40000000E+01  2.12050000E-02  1.32300000E-03
  2.40000000E+01  2.50000000E+01  6.70780000E-02  1.32305000E-03
  2.40000000E+01  2.70000000E+01  1.76135000E-03  1.27900000E-03
  2.40000000E+01  2.90000000E+01  7.77343000E-04  1.29600000E-03
  2.40000000E+01  3.00000000E+01  5.33111000E-04  1.30100000E-03
  2.40000000E+01  4.10000000E+01  1.36211000E-04  1.32305000E-03
  2.50000000E+01  2.50000000E+01  1.45819000E-03  1.32310000E-03
  2.50000000E+01  2.70000000E+01  4.51220000E-04  1.27905000E-03
  2.50000000E+01  2.90000000E+01  2.65125000E-04  1.29605000E-03
  2.50000000E+01  3.00000000E+01  2.65125000E-04  1.30105000E-03
  2.50000000E+01  4.10000000E+01  3.31401000E-05  1.32310000E-03
  2.70000000E+01  2.70000000E+01  1.43347000E-05  1.23500000E-03
  2.70000000E+01  2.90000000E+01  1.86354000E-04  1.25200000E-03
  2.70000000E+01  3.00000000E+01  1.14681000E-04  1.25700000E-03
  2.90000000E+01  2.90000000E+01  9.84452000E-05  1.26900000E-03
  2.90000000E+01  3.00000000E+01  4.92251000E-04  1.27400000E-03
  2.90000000E+01  4.10000000E+01  1.40640000E-05  1.29605000E-03
  3.00000000E+01  3.00000000E+01  6.44365000E-04  1.27900000E-03
  3.00000000E+01  4.10000000E+01  5.36953000E-05  1.30105000E-03
                                                                       1
 66000  0  7  162.5      180717  2  0.0         1.0000E+50  0.0
92931 91  0.0         14.         0.0         0.0         0.0
  1.90000000E+01  3.50122000E-03  1.00100000E-03
  2.40000000E+01  3.00822000E-04  1.29200000E-03
  2.50000000E+01  5.81703000E-03  1.29205000E-03
  3.00000000E+01  8.29015000E-04  1.27000000E-03
                                                                       1
 66000  0  9  162.5      180717  2  0.0         1.0000E+50  0.0
92932 91  0.0         14.         0.0         0.0         0.0
  1.60000000E+01  1.60000000E+01  2.54452000E-06  4.66000000E-04
  1.60000000E+01  1.80000000E+01  6.97181000E-04  5.51000000E-04
  1.60000000E+01  1.90000000E+01  4.50635000E-03  5.85000000E-04
  1.60000000E+01  2.10000000E+01  6.61053000E-03  7.18000000E-04
  1.60000000E+01  2.20000000E+01  7.35182000E-02  7.25000000E-04
  1.60000000E+01  2.40000000E+01  4.11191000E-03  8.76000000E-04
  1.60000000E+01  2.50000000E+01  1.36310000E-02  8.76050000E-04
  1.60000000E+01  2.70000000E+01  1.78103000E-05  8.32000000E-04
  1.60000000E+01  2.90000000E+01  3.56227000E-05  8.49000000E-04
  1.60000000E+01  3.00000000E+01  3.96943000E-04  8.54000000E-04
  1.60000000E+01  4.10000000E+01  2.54452000E-06  8.76050000E-04
  1.80000000E+01  1.80000000E+01  1.27223000E-05  6.36000000E-04
  1.80000000E+01  1.90000000E+01  1.08984000E-02  6.70000000E-04
  1.80000000E+01  2.10000000E+01  6.36135000E-04  8.03000000E-04
  1.80000000E+01  2.20000000E+01  7.35262000E-02  8.10000000E-04
  1.80000000E+01  2.40000000E+01  1.85503000E-03  9.61000000E-04
  1.80000000E+01  2.50000000E+01  6.68191000E-03  9.61050000E-04
  1.80000000E+01  2.70000000E+01  7.12464000E-05  9.17000000E-04
  1.80000000E+01  2.90000000E+01  5.08902000E-06  9.34000000E-04
  1.80000000E+01  3.00000000E+01  9.51678000E-04  9.39000000E-04
  1.80000000E+01  4.10000000E+01  5.08902000E-06  9.61050000E-04
  1.90000000E+01  1.90000000E+01  8.33075000E-03  7.04000000E-04
  1.90000000E+01  2.10000000E+01  6.89057000E-03  8.37000000E-04
  1.90000000E+01  2.20000000E+01  1.17305000E-01  8.44000000E-04
  1.90000000E+01  2.40000000E+01  2.82685000E-03  9.95000000E-04
  1.90000000E+01  2.50000000E+01  6.54691000E-03  9.95050000E-04
  1.90000000E+01  2.70000000E+01  5.36899000E-04  9.51000000E-04
  1.90000000E+01  2.90000000E+01  9.38941000E-04  9.68000000E-04
  1.90000000E+01  3.00000000E+01  1.50387000E-03  9.73000000E-04
  1.90000000E+01  4.10000000E+01  4.07118000E-05  9.95050000E-04
  2.10000000E+01  2.10000000E+01  1.47571000E-03  9.70000000E-04
  2.10000000E+01  2.20000000E+01  1.52389000E-01  9.77000000E-04
  2.10000000E+01  2.40000000E+01  2.35629000E-03  1.12800000E-03
  2.10000000E+01  2.50000000E+01  3.11551000E-02  1.12805000E-03
  2.10000000E+01  2.70000000E+01  5.36906000E-04  1.08400000E-03
  2.10000000E+01  2.90000000E+01  8.39686000E-05  1.10100000E-03
  2.10000000E+01  3.00000000E+01  6.05589000E-04  1.10600000E-03
  2.10000000E+01  4.10000000E+01  3.81678000E-05  1.12805000E-03
  2.20000000E+01  2.20000000E+01  1.73822000E-01  9.84000000E-04
  2.20000000E+01  2.40000000E+01  5.51235000E-02  1.13500000E-03
  2.20000000E+01  2.50000000E+01  8.28407000E-02  1.13505000E-03
  2.20000000E+01  2.70000000E+01  1.03587000E-02  1.09100000E-03
  2.20000000E+01  2.90000000E+01  8.99739000E-03  1.10800000E-03
  2.20000000E+01  3.00000000E+01  1.39536000E-02  1.11300000E-03
  2.20000000E+01  4.10000000E+01  7.86245000E-04  1.13505000E-03
  2.40000000E+01  2.40000000E+01  1.81961000E-03  1.28600000E-03
  2.40000000E+01  2.50000000E+01  6.32850000E-02  1.28605000E-03
  2.40000000E+01  2.70000000E+01  4.75018000E-04  1.24200000E-03
  2.40000000E+01  2.90000000E+01  2.15445000E-04  1.25900000E-03
  2.40000000E+01  3.00000000E+01  2.56983000E-04  1.26400000E-03
  2.40000000E+01  4.10000000E+01  3.63396000E-05  1.28605000E-03
  2.50000000E+01  2.50000000E+01  4.04649000E-02  1.28610000E-03
  2.50000000E+01  2.70000000E+01  1.99135000E-03  1.24205000E-03
  2.50000000E+01  2.90000000E+01  8.23004000E-04  1.25905000E-03
  2.50000000E+01  3.00000000E+01  7.08767000E-04  1.26405000E-03
  2.50000000E+01  4.10000000E+01  1.53170000E-04  1.28610000E-03
  2.70000000E+01  2.70000000E+01  2.43278000E-05  1.19800000E-03
  2.70000000E+01  2.90000000E+01  2.43278000E-05  1.21500000E-03
  2.70000000E+01  3.00000000E+01  4.86547000E-04  1.22000000E-03
  2.90000000E+01  3.00000000E+01  4.82633000E-04  1.23700000E-03
  3.00000000E+01  3.00000000E+01  6.62121000E-04  1.24200000E-03
  3.00000000E+01  4.10000000E+01  2.45231000E-05  1.26405000E-03
                                                                       1
 66000  0  7  162.5      180717  2  0.0         1.0000E+50  0.0
92931 91  0.0         16.         0.0         0.0         0.0
  1.80000000E+01  1.62052000E-05  8.50000000E-05
  1.90000000E+01  1.13697000E-04  1.19000000E-04
  2.90000000E+01  5.17155000E-05  3.83000000E-04
  3.00000000E+01  3.74802000E-05  3.88000000E-04
                                                                       1
 66000  0  9  162.5      180717  2  0.0         1.0000E+50  0.0
92932 91  0.0         16.         0.0         0.0         0.0
  1.80000000E+01  2.40000000E+01  2.86127000E-02  7.90000000E-05
  1.80000000E+01  2.50000000E+01  4.16772000E-02  7.90500000E-05
  1.80000000E+01  2.70000000E+01  4.17456000E-02  3.50000000E-05
  1.80000000E+01  2.90000000E+01  3.31829000E-02  5.20000000E-05
  1.80000000E+01  3.00000000E+01  6.52110000E-02  5.70000000E-05
  1.80000000E+01  4.10000000E+01  3.06575000E-03  7.90500000E-05
  1.90000000E+01  2.40000000E+01  1.23373000E-01  1.13000000E-04
  1.90000000E+01  2.50000000E+01  1.48731000E-01  1.13050000E-04
  1.90000000E+01  2.70000000E+01  5.13419000E-02  6.90000000E-05
  1.90000000E+01  2.90000000E+01  5.23555000E-02  8.60000000E-05
  1.90000000E+01  3.00000000E+01  6.59113000E-02  9.10000000E-05
  1.90000000E+01  4.10000000E+01  3.84832000E-03  1.13050000E-04
  2.10000000E+01  2.10000000E+01  4.21069000E-03  8.80000000E-05
  2.10000000E+01  2.20000000E+01  1.86018000E-02  9.50000000E-05
  2.10000000E+01  2.40000000E+01  4.41990000E-03  2.46000000E-04
  2.10000000E+01  2.50000000E+01  1.04275000E-02  2.46050000E-04
  2.10000000E+01  2.70000000E+01  1.75053000E-02  2.02000000E-04
  2.10000000E+01  2.90000000E+01  3.60599000E-03  2.19000000E-04
  2.10000000E+01  3.00000000E+01  9.96088000E-03  2.24000000E-04
  2.10000000E+01  4.10000000E+01  1.09766000E-03  2.46050000E-04
  2.20000000E+01  2.20000000E+01  1.02886000E-02  1.02000000E-04
  2.20000000E+01  2.40000000E+01  1.19326000E-02  2.53000000E-04
  2.20000000E+01  2.50000000E+01  1.04942000E-02  2.53050000E-04
  2.20000000E+01  2.70000000E+01  2.53089000E-02  2.09000000E-04
  2.20000000E+01  2.90000000E+01  9.68752000E-03  2.26000000E-04
  2.20000000E+01  3.00000000E+01  9.48892000E-03  2.31000000E-04
  2.20000000E+01  4.10000000E+01  1.58120000E-03  2.53050000E-04
  2.40000000E+01  2.40000000E+01  2.82579000E-03  4.04000000E-04
  2.40000000E+01  2.50000000E+01  7.25861000E-03  4.04050000E-04
  2.40000000E+01  2.70000000E+01  1.09266000E-02  3.60000000E-04
  2.40000000E+01  2.90000000E+01  1.31038000E-03  3.77000000E-04
  2.40000000E+01  3.00000000E+01  3.30563000E-03  3.82000000E-04
  2.40000000E+01  4.10000000E+01  6.26605000E-04  4.04050000E-04
  2.50000000E+01  2.50000000E+01  4.81711000E-03  4.04100000E-04
  2.50000000E+01  2.70000000E+01  1.40588000E-02  3.60050000E-04
  2.50000000E+01  2.90000000E+01  8.68131000E-04  3.77050000E-04
  2.50000000E+01  3.00000000E+01  4.12960000E-03  3.82050000E-04
  2.50000000E+01  4.10000000E+01  8.05931000E-04  4.04100000E-04
  2.70000000E+01  2.70000000E+01  1.98831000E-02  3.16000000E-04
  2.70000000E+01  2.90000000E+01  2.41528000E-02  3.33000000E-04
  2.70000000E+01  3.00000000E+01  4.09044000E-02  3.38000000E-04
  2.70000000E+01  4.10000000E+01  2.67977000E-03  3.60050000E-04
  2.90000000E+01  2.90000000E+01  5.05296000E-03  3.50000000E-04
  2.90000000E+01  3.00000000E+01  2.11282000E-02  3.55000000E-04
  2.90000000E+01  4.10000000E+01  3.82155000E-03  3.77050000E-04
  3.00000000E+01  3.00000000E+01  1.69076000E-02  3.60000000E-04
  3.00000000E+01  4.10000000E+01  6.64999000E-03  3.82050000E-04
                                                                       1
 66000  0  7  162.5      180717  2  0.0         1.0000E+50  0.0
92931 91  0.0         18.         0.0         0.0         0.0
  2.10000000E+01  3.75917000E-04  1.67000000E-04
  2.70000000E+01  8.51767000E-05  2.81000000E-04
                                                                       1
 66000  0  9  162.5      180717  2  0.0         1.0000E+50  0.0
92932 91  0.0         18.         0.0         0.0         0.0
  1.90000000E+01  2.40000000E+01  5.92303000E-02  2.80000000E-05
  1.90000000E+01  2.50000000E+01  4.56154000E-02  2.80500000E-05
  1.90000000E+01  2.90000000E+01  1.08809000E-02  1.00000000E-06
  1.90000000E+01  3.00000000E+01  1.08463000E-02  6.00000000E-06
  1.90000000E+01  4.10000000E+01  1.20670000E-03  2.80500000E-05
  2.10000000E+01  2.10000000E+01  1.69482000E-02  3.00000000E-06
  2.10000000E+01  2.20000000E+01  2.62872000E-01  1.00000000E-05
  2.10000000E+01  2.40000000E+01  1.01189000E-01  1.61000000E-04
  2.10000000E+01  2.50000000E+01  2.09982000E-01  1.61050000E-04
  2.10000000E+01  2.70000000E+01  2.97433000E-02  1.17000000E-04
  2.10000000E+01  2.90000000E+01  2.09120000E-02  1.34000000E-04
  2.10000000E+01  3.00000000E+01  3.66739000E-02  1.39000000E-04
  2.10000000E+01  4.10000000E+01  2.23652000E-03  1.61050000E-04
  2.20000000E+01  2.20000000E+01  1.69014000E-02  1.70000000E-05
  2.20000000E+01  2.40000000E+01  3.05118000E-02  1.68000000E-04
  2.20000000E+01  2.50000000E+01  8.05175000E-03  1.68050000E-04
  2.20000000E+01  2.70000000E+01  5.75483000E-03  1.24000000E-04
  2.20000000E+01  2.90000000E+01  2.40145000E-02  1.41000000E-04
  2.20000000E+01  3.00000000E+01  5.08092000E-03  1.46000000E-04
  2.20000000E+01  4.10000000E+01  3.82548000E-04  1.68050000E-04
  2.40000000E+01  2.40000000E+01  1.65980000E-03  3.19000000E-04
  2.40000000E+01  2.50000000E+01  1.23029000E-02  3.19050000E-04
  2.40000000E+01  2.70000000E+01  2.82493000E-03  2.75000000E-04
  2.40000000E+01  2.90000000E+01  1.05484000E-02  2.92000000E-04
  2.40000000E+01  3.00000000E+01  3.36015000E-03  2.97000000E-04
  2.40000000E+01  4.10000000E+01  2.09716000E-04  3.19050000E-04
  2.50000000E+01  2.50000000E+01  5.41316000E-04  3.19100000E-04
  2.50000000E+01  2.70000000E+01  1.71554000E-03  2.75050000E-04
  2.50000000E+01  2.90000000E+01  1.97927000E-02  2.92050000E-04
  2.50000000E+01  3.00000000E+01  1.44203000E-03  2.97050000E-04
  2.50000000E+01  4.10000000E+01  1.08315000E-04  3.19100000E-04
  2.70000000E+01  2.70000000E+01  2.96946000E-04  2.31000000E-04
  2.70000000E+01  2.90000000E+01  4.72071000E-03  2.48000000E-04
  2.70000000E+01  3.00000000E+01  7.59222000E-04  2.53000000E-04
  2.70000000E+01  4.10000000E+01  3.87034000E-05  2.75050000E-04
  2.90000000E+01  2.90000000E+01  9.80361000E-03  2.65000000E-04
  2.90000000E+01  3.00000000E+01  2.73498000E-02  2.70000000E-04
  2.90000000E+01  4.10000000E+01  1.35450000E-03  2.92050000E-04
  3.00000000E+01  3.00000000E+01  1.43128000E-03  2.75000000E-04
  3.00000000E+01  4.10000000E+01  2.43319000E-04  2.97050000E-04
                                                                       1
 66000  0  7  162.5      180717  2  0.0         1.0000E+50  0.0
92931 91  0.0         19.         0.0         0.0         0.0
  2.10000000E+01  9.70730000E-06  1.33000000E-04
  2.20000000E+01  1.06167000E-04  1.40000000E-04
  2.70000000E+01  4.54658000E-05  2.47000000E-04
                                                                       1
 66000  0  9  162.5      180717  2  0.0         1.0000E+50  0.0
92932 91  0.0         19.         0.0         0.0         0.0
  2.10000000E+01  2.40000000E+01  1.89147000E-02  1.27000000E-04
  2.10000000E+01  2.50000000E+01  5.52664000E-02  1.27050000E-04
  2.10000000E+01  2.70000000E+01  1.38400000E-02  8.30000000E-05
  2.10000000E+01  2.90000000E+01  1.02766000E-02  1.00000000E-04
  2.10000000E+01  3.00000000E+01  3.88519000E-02  1.05000000E-04
  2.10000000E+01  4.10000000E+01  1.02110000E-03  1.27050000E-04
  2.20000000E+01  2.40000000E+01  2.48828000E-01  1.34000000E-04
  2.20000000E+01  2.50000000E+01  2.57241000E-01  1.34050000E-04
  2.20000000E+01  2.70000000E+01  7.14833000E-02  9.00000000E-05
  2.20000000E+01  2.90000000E+01  6.90735000E-02  1.07000000E-04
  2.20000000E+01  3.00000000E+01  1.00875000E-01  1.12000000E-04
  2.20000000E+01  4.10000000E+01  5.46340000E-03  1.34050000E-04
  2.40000000E+01  2.40000000E+01  4.92490000E-04  2.85000000E-04
  2.40000000E+01  2.50000000E+01  1.48492000E-02  2.85050000E-04
  2.40000000E+01  2.70000000E+01  3.67715000E-03  2.41000000E-04
  2.40000000E+01  2.90000000E+01  1.58704000E-03  2.58000000E-04
  2.40000000E+01  3.00000000E+01  2.30709000E-02  2.63000000E-04
  2.40000000E+01  4.10000000E+01  2.14460000E-04  2.85050000E-04
  2.50000000E+01  2.50000000E+01  5.70791000E-03  2.85100000E-04
  2.50000000E+01  2.70000000E+01  7.75463000E-03  2.41050000E-04
  2.50000000E+01  2.90000000E+01  6.32656000E-03  2.58050000E-04
  2.50000000E+01  3.00000000E+01  2.78052000E-02  2.63050000E-04
  2.50000000E+01  4.10000000E+01  4.99894000E-04  2.85100000E-04
  2.70000000E+01  2.70000000E+01  2.05640000E-05  1.97000000E-04
  2.70000000E+01  2.90000000E+01  2.59374000E-04  2.14000000E-04
  2.70000000E+01  3.00000000E+01  4.96277000E-03  2.19000000E-04
  2.70000000E+01  4.10000000E+01  3.31691000E-06  2.41050000E-04
  2.90000000E+01  2.90000000E+01  2.35095000E-05  2.31000000E-04
  2.90000000E+01  3.00000000E+01  2.83607000E-03  2.36000000E-04
  2.90000000E+01  4.10000000E+01  1.05387000E-05  2.58050000E-04
  3.00000000E+01  3.00000000E+01  8.09896000E-03  2.41000000E-04
  3.00000000E+01  4.10000000E+01  5.03685000E-04  2.63050000E-04
                                                                       1
 66000  0  7  162.5      180717  2  0.0         1.0000E+50  0.0
92931 91  0.0         21.         0.0         0.0         0.0
  2.40000000E+01  1.88926000E-05  1.58000000E-04
  2.90000000E+01  1.20820000E-05  1.31000000E-04
  3.00000000E+01  1.89460000E-06  1.36000000E-04
                                                                       1
 66000  0  9  162.5      180717  2  0.0         1.0000E+50  0.0
92932 91  0.0         21.         0.0         0.0         0.0
  2.20000000E+01  2.40000000E+01  4.49881000E-02  1.00000000E-06
  2.20000000E+01  2.50000000E+01  4.39193000E-03  1.05000000E-06
  2.20000000E+01  4.10000000E+01  1.91009000E-04  1.05000000E-06
  2.40000000E+01  2.40000000E+01  1.42599000E-01  1.52000000E-04
  2.40000000E+01  2.50000000E+01  4.75986000E-01  1.52050000E-04
  2.40000000E+01  2.70000000E+01  6.71265000E-02  1.08000000E-04
  2.40000000E+01  2.90000000E+01  5.51607000E-02  1.25000000E-04
  2.40000000E+01  3.00000000E+01  8.59682000E-02  1.30000000E-04
  2.40000000E+01  4.10000000E+01  5.13027000E-03  1.52050000E-04
  2.50000000E+01  2.50000000E+01  3.62897000E-03  1.52100000E-04
  2.50000000E+01  2.70000000E+01  5.00994000E-03  1.08050000E-04
  2.50000000E+01  2.90000000E+01  1.32743000E-02  1.25050000E-04
  2.50000000E+01  3.00000000E+01  4.40828000E-03  1.30050000E-04
  2.50000000E+01  4.10000000E+01  3.26516000E-04  1.52100000E-04
  2.70000000E+01  2.70000000E+01  6.01858000E-03  6.40000000E-05
  2.70000000E+01  2.90000000E+01  5.54890000E-03  8.10000000E-05
  2.70000000E+01  3.00000000E+01  6.52914000E-03  8.60000000E-05
  2.70000000E+01  4.10000000E+01  5.13404000E-04  1.08050000E-04
  2.90000000E+01  2.90000000E+01  1.23281000E-02  9.80000000E-05
  2.90000000E+01  3.00000000E+01  3.84740000E-02  1.03000000E-04
  2.90000000E+01  4.10000000E+01  1.51400000E-03  1.25050000E-04
  3.00000000E+01  3.00000000E+01  1.92714000E-02  1.08000000E-04
  3.00000000E+01  4.10000000E+01  1.57961000E-03  1.30050000E-04
                                                                       1
 66000  0  7  162.5      180717  2  0.0         1.0000E+50  0.0
92931 91  0.0         22.         0.0         0.0         0.0
  2.40000000E+01  9.73283000E-07  1.51000000E-04
  2.50000000E+01  1.98161000E-05  1.51050000E-04
  3.00000000E+01  1.30390000E-05  1.29000000E-04
                                                                       1
 66000  0  9  162.5      180717  2  0.0         1.0000E+50  0.0
92932 91  0.0         22.         0.0         0.0         0.0
  2.40000000E+01  2.40000000E+01  1.00569000E-02  1.45000000E-04
  2.40000000E+01  2.50000000E+01  4.07316000E-01  1.45050000E-04
  2.40000000E+01  2.70000000E+01  1.03259000E-02  1.01000000E-04
  2.40000000E+01  2.90000000E+01  5.71381000E-03  1.18000000E-04
  2.40000000E+01  3.00000000E+01  1.98287000E-02  1.23000000E-04
  2.40000000E+01  4.10000000E+01  7.19875000E-04  1.45050000E-04
  2.50000000E+01  2.50000000E+01  2.74987000E-01  1.45100000E-04
  2.50000000E+01  2.70000000E+01  7.64435000E-02  1.01050000E-04
  2.50000000E+01  2.90000000E+01  7.42803000E-02  1.18050000E-04
  2.50000000E+01  3.00000000E+01  9.53362000E-02  1.23050000E-04
  2.50000000E+01  4.10000000E+01  5.86467000E-03  1.45100000E-04
  2.70000000E+01  2.70000000E+01  4.23803000E-03  5.70000000E-05
  2.70000000E+01  2.90000000E+01  2.16857000E-03  7.40000000E-05
  2.70000000E+01  3.00000000E+01  5.58990000E-03  7.90000000E-05
  2.70000000E+01  4.10000000E+01  3.55525000E-04  1.01050000E-04
  2.90000000E+01  2.90000000E+01  4.08716000E-04  9.10000000E-05
  2.90000000E+01  3.00000000E+01  3.85094000E-03  9.60000000E-05
  2.90000000E+01  4.10000000E+01  8.62545000E-05  1.18050000E-04
  3.00000000E+01  3.00000000E+01  2.18048000E-03  1.01000000E-04
  3.00000000E+01  4.10000000E+01  2.15228000E-04  1.23050000E-04
                                                                       1
 66000  0  7  162.5      180717  2  0.0         1.0000E+50  0.0
92931 91  0.0         27.         0.0         0.0         0.0
  2.90000000E+01  7.68777000E-08  1.70000000E-05
  3.00000000E+01  2.98339000E-07  2.20000000E-05
                                                                       1
 66000  0  9  162.5      180717  2  0.0         1.0000E+50  0.0
92932 91  0.0         27.         0.0         0.0         0.0
  2.90000000E+01  4.10000000E+01  4.11569000E-01  1.10500000E-05
  3.00000000E+01  4.10000000E+01  5.80708000E-01  1.60500000E-05
  4.10000000E+01  4.10000000E+01  7.72307000E-03  3.81000000E-05
                                                                       1
