  7000  0  0  14.0067    180717  2  0.0         1.0000E+50  0.0
91912  0  0.0         0.0         0.0         0.0         0.0
 1.000000000E+00 2.000000000E+00
 3.000000000E+00 2.000000000E+00
 5.000000000E+00 1.000000000E+00
 6.000000000E+00 2.000000000E+00
                                                                       1
  7000  0  0  14.0067    180717  2  0.0         1.0000E+50  0.0
91913  0  0.0         0.0         0.0         0.0         0.0
 1.000000000E+00 4.030000000E-04
 3.000000000E+00 2.033000000E-05
 5.000000000E+00 1.238000000E-05
 6.000000000E+00 1.238000000E-05
                                                                       1
  7000  0  0  14.0067    180717  2  0.0         1.0000E+50  0.0
91914  0  0.0         0.0         0.0         0.0         0.0
 1.000000000E+00 6.117616648E-04
 3.000000000E+00 6.093719481E-05
 5.000000000E+00 5.939170435E-05
 6.000000000E+00 5.934419861E-05
                                                                       1
  7000  0  0  14.0067    180717  2  0.0         1.0000E+50  0.0
91915  0  0.0         0.0         0.0         0.0         0.0
 1.000000000E+00 1.198300000E-09
 3.000000000E+00 6.784800000E-09
 5.000000000E+00 7.472200000E-09
 6.000000000E+00 7.479900000E-09
                                                                       1
  7000  0  0  14.0067    180717  2  0.0         1.0000E+50  0.0
91921  0  0.0         0.0         0.0         0.0         0.0
 1.000000000E+00 3.304900000E-10
                                                                       1
  7000  0  0  14.0067    180717  2  0.0         1.0000E+50  0.0
91922  0  0.0         0.0         0.0         0.0         0.0
 1.000000000E+00 9.240500000E-08
                                                                       1
  7000  0  0  14.0067    180717  2  0.0         1.0000E+50  0.0
92935  0  0.0         0.0         0.0         0.0         0.0
 1.000000000E+00 3.345542053E-05
 3.000000000E+00 2.033000000E-05
 5.000000000E+00 1.238000000E-05
 6.000000000E+00 1.238000000E-05
                                                                       1
  7000  0  7  14.0067    180717  2  0.0         1.0000E+50  0.0
92933  0  0.0         0.0         0.0         0.0         0.0
 1.000000000E+00 3.276010000E-03
                                                                       1
  7000  0  7  14.0067    180717  2  0.0         1.0000E+50  0.0
92934  0  0.0         0.0         0.0         0.0         0.0
 1.000000000E+00 1.282771347E-06
                                                                       1
  7000  0  9  14.0067    180717  2  0.0         1.0000E+50  0.0
92933  0  0.0         0.0         0.0         0.0         0.0
 1.000000000E+00 9.967240000E-01
                                                                       1
  7000  0  9  14.0067    180717  2  0.0         1.0000E+50  0.0
92934  0  0.0         0.0         0.0         0.0         0.0
 1.000000000E+00 3.682614697E-04
                                                                       1
  7000  0  7  14.0067    180717  2  0.0         1.0000E+50  0.0
92931 91  0.0         1.          0.0         0.0         0.0
  5.00000000E+00  1.09420000E-03  3.90620000E-04
  6.00000000E+00  2.18181000E-03  3.90620000E-04
                                                                       1
  7000  0  9  14.0067    180717  2  0.0         1.0000E+50  0.0
92932 91  0.0         1.          0.0         0.0         0.0
  3.00000000E+00  3.00000000E+00  2.65388000E-01  3.62340000E-04
  3.00000000E+00  5.00000000E+00  1.29999000E-01  3.70290000E-04
  3.00000000E+00  6.00000000E+00  2.58276000E-01  3.70290000E-04
  5.00000000E+00  5.00000000E+00  8.15943000E-03  3.78240000E-04
  5.00000000E+00  6.00000000E+00  2.12711000E-01  3.78240000E-04
  6.00000000E+00  6.00000000E+00  1.22190000E-01  3.78240000E-04
                                                                       1
