  9000  0  0  18.9984    180717  2  0.0         1.0000E+50  0.0
91912  0  0.0         0.0         0.0         0.0         0.0
 1.000000000E+00 2.000000000E+00
 3.000000000E+00 2.000000000E+00
 5.000000000E+00 1.670000000E+00
 6.000000000E+00 3.330000000E+00
                                                                       1
  9000  0  0  18.9984    180717  2  0.0         1.0000E+50  0.0
91913  0  0.0         0.0         0.0         0.0         0.0
 1.000000000E+00 6.940000000E-04
 3.000000000E+00 3.785000000E-05
 5.000000000E+00 1.742000000E-05
 6.000000000E+00 1.742000000E-05
                                                                       1
  9000  0  0  18.9984    180717  2  0.0         1.0000E+50  0.0
91914  0  0.0         0.0         0.0         0.0         0.0
 1.000000000E+00 1.038827375E-03
 3.000000000E+00 1.269497217E-04
 5.000000000E+00 1.028444106E-04
 6.000000000E+00 1.027964664E-04
                                                                       1
  9000  0  0  18.9984    180717  2  0.0         1.0000E+50  0.0
91915  0  0.0         0.0         0.0         0.0         0.0
 1.000000000E+00 9.236900000E-10
 3.000000000E+00 5.174500000E-09
 5.000000000E+00 5.541400000E-09
 6.000000000E+00 5.556800000E-09
                                                                       1
  9000  0  0  18.9984    180717  2  0.0         1.0000E+50  0.0
91921  0  0.0         0.0         0.0         0.0         0.0
 1.000000000E+00 1.757400000E-09
                                                                       1
  9000  0  0  18.9984    180717  2  0.0         1.0000E+50  0.0
91922  0  0.0         0.0         0.0         0.0         0.0
 1.000000000E+00 1.818700000E-07
                                                                       1
  9000  0  0  18.9984    180717  2  0.0         1.0000E+50  0.0
92935  0  0.0         0.0         0.0         0.0         0.0
 1.000000000E+00 4.478642503E-05
 3.000000000E+00 3.785000000E-05
 5.000000000E+00 1.742000000E-05
 6.000000000E+00 1.742000000E-05
                                                                       1
  9000  0  7  18.9984    180717  2  0.0         1.0000E+50  0.0
92933  0  0.0         0.0         0.0         0.0         0.0
 1.000000000E+00 9.175840000E-03
                                                                       1
  9000  0  7  18.9984    180717  2  0.0         1.0000E+50  0.0
92934  0  0.0         0.0         0.0         0.0         0.0
 1.000000000E+00 6.210733908E-06
                                                                       1
  9000  0  9  18.9984    180717  2  0.0         1.0000E+50  0.0
92933  0  0.0         0.0         0.0         0.0         0.0
 1.000000000E+00 9.908240000E-01
                                                                       1
  9000  0  9  18.9984    180717  2  0.0         1.0000E+50  0.0
92934  0  0.0         0.0         0.0         0.0         0.0
 1.000000000E+00 6.430032947E-04
                                                                       1
  9000  0  7  18.9984    180717  2  0.0         1.0000E+50  0.0
92931 91  0.0         1.          0.0         0.0         0.0
  5.00000000E+00  3.06841000E-03  6.76580000E-04
  6.00000000E+00  6.10743000E-03  6.76580000E-04
                                                                       1
  9000  0  9  18.9984    180717  2  0.0         1.0000E+50  0.0
92932 91  0.0         1.          0.0         0.0         0.0
  3.00000000E+00  3.00000000E+00  1.25970000E-01  6.18300000E-04
  3.00000000E+00  5.00000000E+00  1.03000000E-01  6.38730000E-04
  3.00000000E+00  6.00000000E+00  2.03651000E-01  6.38730000E-04
  5.00000000E+00  5.00000000E+00  1.30903000E-02  6.59160000E-04
  5.00000000E+00  6.00000000E+00  3.46901000E-01  6.59160000E-04
  6.00000000E+00  6.00000000E+00  1.98211000E-01  6.59160000E-04
                                                                       1
