5.349236e-01  5.349241e-01  5.349243e-01  5.349247e-01  5.349254e-01  5.349264e-01  
5.349281e-01  5.349308e-01  5.349349e-01  5.349416e-01  5.349521e-01  5.349688e-01  
5.349952e-01  5.350371e-01  5.351034e-01  5.352086e-01  5.353752e-01  5.356393e-01  
5.360580e-01  5.367217e-01  5.377739e-01  5.394428e-01  5.420931e-01  5.463138e-01  
5.530840e-01  5.641263e-01  5.824723e-01  6.087224e-01  6.364742e-01  6.655361e-01  
6.959372e-01  7.277414e-01  7.610447e-01  7.961559e-01  8.335930e-01  8.738800e-01  
9.172600e-01  9.634700e-01  1.010790e+00  1.054930e+00  1.090980e+00  1.118040e+00  
1.138300e+00  1.147480e+00  1.155660e+00  1.160720e+00  1.164010e+00  1.164620e+00  
1.165040e+00  1.165080e+00  1.165120e+00  1.165120e+00  1.165130e+00  1.165140e+00  
7.625708e-01  7.625715e-01  7.625719e-01  7.625725e-01  7.625735e-01  7.625751e-01  
7.625777e-01  7.625817e-01  7.625880e-01  7.625981e-01  7.626141e-01  7.626394e-01  
7.626796e-01  7.627432e-01  7.628440e-01  7.630038e-01  7.632570e-01  7.636583e-01  
7.642945e-01  7.653028e-01  7.669011e-01  7.694353e-01  7.734557e-01  7.798428e-01  
7.900250e-01  8.063919e-01  8.329559e-01  8.700073e-01  9.083006e-01  9.478735e-01  
9.887751e-01  1.031125e+00  1.075074e+00  1.120778e+00  1.168396e+00  1.218320e+00  
1.271200e+00  1.327040e+00  1.383630e+00  1.435610e+00  1.477310e+00  1.509040e+00  
1.531400e+00  1.538940e+00  1.547260e+00  1.554780e+00  1.559440e+00  1.560360e+00  
1.561310e+00  1.561430e+00  1.561500e+00  1.561530e+00  1.561510e+00  1.561470e+00  
9.828222e-01  9.828231e-01  9.828236e-01  9.828244e-01  9.828257e-01  9.828278e-01  
9.828310e-01  9.828362e-01  9.828444e-01  9.828573e-01  9.828779e-01  9.829104e-01  
9.829620e-01  9.830439e-01  9.831736e-01  9.833791e-01  9.837049e-01  9.842211e-01  
9.850395e-01  9.863366e-01  9.883925e-01  9.916521e-01  9.968218e-01  1.005029e+00  
1.018089e+00  1.038988e+00  1.072637e+00  1.119050e+00  1.166396e+00  1.214629e+00  
1.263792e+00  1.314050e+00  1.365665e+00  1.418731e+00  1.473329e+00  1.529770e+00  
1.588650e+00  1.649870e+00  1.711090e+00  1.767000e+00  1.812030e+00  1.846580e+00  
1.871240e+00  1.879790e+00  1.889290e+00  1.898060e+00  1.904510e+00  1.905930e+00  
1.907310e+00  1.907470e+00  1.907590e+00  1.907620e+00  1.907610e+00  1.907550e+00  
1.394204e+00  1.394205e+00  1.394206e+00  1.394207e+00  1.394209e+00  1.394212e+00  
1.394216e+00  1.394223e+00  1.394234e+00  1.394252e+00  1.394281e+00  1.394325e+00  
1.394396e+00  1.394509e+00  1.394687e+00  1.394969e+00  1.395417e+00  1.396127e+00  
1.397252e+00  1.399034e+00  1.401859e+00  1.406338e+00  1.413438e+00  1.424696e+00  
1.442554e+00  1.470919e+00  1.515957e+00  1.576965e+00  1.637764e+00  1.698270e+00  
1.758503e+00  1.818819e+00  1.879779e+00  1.941429e+00  2.003637e+00  2.066500e+00  
2.130340e+00  2.194890e+00  2.258040e+00  2.315610e+00  2.363400e+00  2.401920e+00  
2.431690e+00  2.443200e+00  2.455620e+00  2.466770e+00  2.476540e+00  2.478900e+00  
2.480970e+00  2.481220e+00  2.481420e+00  2.481460e+00  2.481460e+00  2.481420e+00  
1.766655e+00  1.766657e+00  1.766657e+00  1.766659e+00  1.766661e+00  1.766664e+00  
1.766670e+00  1.766678e+00  1.766692e+00  1.766714e+00  1.766748e+00  1.766803e+00  
1.766889e+00  1.767026e+00  1.767243e+00  1.767586e+00  1.768131e+00  1.768994e+00  
1.770363e+00  1.772531e+00  1.775969e+00  1.781416e+00  1.790048e+00  1.803716e+00  
1.825328e+00  1.859373e+00  1.912706e+00  1.983661e+00  2.052925e+00  2.120493e+00  
2.186494e+00  2.251476e+00  2.316319e+00  2.381139e+00  2.445827e+00  2.510230e+00  
2.573940e+00  2.636230e+00  2.695800e+00  2.750930e+00  2.799600e+00  2.840530e+00  
2.874120e+00  2.889410e+00  2.904790e+00  2.917230e+00  2.929980e+00  2.933180e+00  
2.935710e+00  2.936050e+00  2.936300e+00  2.936330e+00  2.936370e+00  2.936360e+00  
2.102444e+00  2.102446e+00  2.102447e+00  2.102448e+00  2.102451e+00  2.102455e+00  
2.102461e+00  2.102471e+00  2.102487e+00  2.102512e+00  2.102553e+00  2.102616e+00  
2.102716e+00  2.102876e+00  2.103128e+00  2.103529e+00  2.104163e+00  2.105168e+00  
2.106762e+00  2.109287e+00  2.113290e+00  2.119631e+00  2.129672e+00  2.145540e+00  
2.170508e+00  2.209367e+00  2.268977e+00  2.346339e+00  2.420088e+00  2.490917e+00  
2.559146e+00  2.625473e+00  2.690989e+00  2.755731e+00  2.819268e+00  2.881350e+00  
2.941650e+00  2.999720e+00  3.054780e+00  3.106370e+00  3.153830e+00  3.196110e+00  
3.233250e+00  3.250770e+00  3.268440e+00  3.282730e+00  3.297470e+00  3.301210e+00  
3.304170e+00  3.304570e+00  3.304860e+00  3.304890e+00  3.304930e+00  3.304970e+00  
2.406491e+00  2.406493e+00  2.406494e+00  2.406496e+00  2.406499e+00  2.406503e+00  
2.406510e+00  2.406522e+00  2.406539e+00  2.406568e+00  2.406612e+00  2.406683e+00  
2.406796e+00  2.406973e+00  2.407256e+00  2.407703e+00  2.408413e+00  2.409538e+00  
2.411321e+00  2.414147e+00  2.418623e+00  2.425715e+00  2.436937e+00  2.454642e+00  
2.482379e+00  2.525072e+00  2.589289e+00  2.670620e+00  2.746303e+00  2.817863e+00  
2.885819e+00  2.951029e+00  3.014797e+00  3.077082e+00  3.137410e+00  3.195410e+00  
3.250970e+00  3.303880e+00  3.353880e+00  3.401440e+00  3.446960e+00  3.489650e+00  
3.529270e+00  3.548490e+00  3.567930e+00  3.583600e+00  3.599810e+00  3.603950e+00  
3.607220e+00  3.607650e+00  3.607970e+00  3.608010e+00  3.608060e+00  3.608120e+00  
2.933604e+00  2.933606e+00  2.933608e+00  2.933610e+00  2.933613e+00  2.933618e+00  
2.933626e+00  2.933640e+00  2.933660e+00  2.933693e+00  2.933745e+00  2.933828e+00  
2.933959e+00  2.934167e+00  2.934496e+00  2.935018e+00  2.935845e+00  2.937156e+00  
2.939233e+00  2.942525e+00  2.947742e+00  2.956000e+00  2.969054e+00  2.989586e+00  
3.021497e+00  3.069631e+00  3.139383e+00  3.223600e+00  3.298103e+00  3.366171e+00  
3.428778e+00  3.487084e+00  3.542784e+00  3.596006e+00  3.646397e+00  3.693790e+00  
3.738480e+00  3.780710e+00  3.820840e+00  3.860470e+00  3.901160e+00  3.942590e+00  
3.984330e+00  4.005440e+00  4.026900e+00  4.044200e+00  4.062060e+00  4.066650e+00  
4.070260e+00  4.070730e+00  4.071080e+00  4.071130e+00  4.071180e+00  4.071270e+00  
3.375805e+00  3.375808e+00  3.375809e+00  3.375811e+00  3.375815e+00  3.375821e+00  
3.375830e+00  3.375844e+00  3.375867e+00  3.375903e+00  3.375961e+00  3.376052e+00  
3.376196e+00  3.376424e+00  3.376786e+00  3.377360e+00  3.378270e+00  3.379713e+00  
3.381999e+00  3.385622e+00  3.391363e+00  3.400449e+00  3.414794e+00  3.437298e+00  
3.472030e+00  3.523465e+00  3.595406e+00  3.678122e+00  3.747271e+00  3.807957e+00  
3.861602e+00  3.909672e+00  3.954261e+00  3.995788e+00  4.034337e+00  4.070210e+00  
4.103970e+00  4.136200e+00  4.167580e+00  4.200010e+00  4.235420e+00  4.273860e+00  
4.314970e+00  4.336400e+00  4.358350e+00  4.376090e+00  4.394400e+00  4.399080e+00  
4.402790e+00  4.403280e+00  4.403640e+00  4.403690e+00  4.403730e+00  4.403820e+00  
4.235809e+00  4.235812e+00  4.235813e+00  4.235816e+00  4.235820e+00  4.235827e+00  
4.235837e+00  4.235853e+00  4.235879e+00  4.235920e+00  4.235985e+00  4.236087e+00  
4.236250e+00  4.236508e+00  4.236917e+00  4.237565e+00  4.238592e+00  4.240219e+00  
4.242799e+00  4.246888e+00  4.253366e+00  4.263610e+00  4.279748e+00  4.304918e+00  
4.343169e+00  4.397473e+00  4.466968e+00  4.536349e+00  4.583858e+00  4.618844e+00  
4.644145e+00  4.662387e+00  4.677056e+00  4.689005e+00  4.698874e+00  4.707448e+00  
4.716560e+00  4.727630e+00  4.741340e+00  4.758550e+00  4.780330e+00  4.807930e+00  
4.841550e+00  4.859940e+00  4.879190e+00  4.895080e+00  4.911500e+00  4.915670e+00  
4.919010e+00  4.919450e+00  4.919770e+00  4.919810e+00  4.919840e+00  4.919880e+00  
4.884217e+00  4.884219e+00  4.884221e+00  4.884223e+00  4.884226e+00  4.884232e+00  
4.884240e+00  4.884254e+00  4.884275e+00  4.884309e+00  4.884364e+00  4.884449e+00  
4.884585e+00  4.884800e+00  4.885140e+00  4.885681e+00  4.886537e+00  4.887896e+00  
4.890050e+00  4.893466e+00  4.898879e+00  4.907445e+00  4.920951e+00  4.942057e+00  
4.974306e+00  5.020812e+00  5.081915e+00  5.142966e+00  5.178911e+00  5.191772e+00  
5.185919e+00  5.168824e+00  5.149935e+00  5.131903e+00  5.115748e+00  5.102536e+00  
5.094190e+00  5.091810e+00  5.094790e+00  5.100480e+00  5.107210e+00  5.119070e+00  
5.141350e+00  5.156300e+00  5.170660e+00  5.181060e+00  5.193880e+00  5.197220e+00  
5.199650e+00  5.199940e+00  5.200220e+00  5.200240e+00  5.200310e+00  5.200240e+00  
5.810251e+00  5.810253e+00  5.810254e+00  5.810256e+00  5.810259e+00  5.810263e+00  
5.810269e+00  5.810280e+00  5.810298e+00  5.810326e+00  5.810370e+00  5.810440e+00  
5.810551e+00  5.810727e+00  5.811005e+00  5.811448e+00  5.812150e+00  5.813263e+00  
5.815030e+00  5.817832e+00  5.822277e+00  5.829304e+00  5.840341e+00  5.857415e+00  
5.882834e+00  5.916890e+00  5.954059e+00  5.976379e+00  5.967356e+00  5.930794e+00  
5.873413e+00  5.805825e+00  5.740361e+00  5.680826e+00  5.628154e+00  5.583043e+00  
5.546590e+00  5.519100e+00  5.499210e+00  5.482600e+00  5.466030e+00  5.453910e+00  
5.452090e+00  5.455000e+00  5.457130e+00  5.457810e+00  5.461340e+00  5.462320e+00  
5.462880e+00  5.462950e+00  5.463060e+00  5.463050e+00  5.463090e+00  5.462940e+00  
6.464476e+00  6.464478e+00  6.464480e+00  6.464482e+00  6.464486e+00  6.464491e+00  
6.464501e+00  6.464515e+00  6.464538e+00  6.464573e+00  6.464630e+00  6.464720e+00  
6.464863e+00  6.465090e+00  6.465450e+00  6.466020e+00  6.466924e+00  6.468361e+00  
6.470640e+00  6.474255e+00  6.479980e+00  6.488999e+00  6.503030e+00  6.524216e+00  
6.553678e+00  6.584672e+00  6.594116e+00  6.553913e+00  6.475389e+00  6.385859e+00  
6.292168e+00  6.198056e+00  6.107588e+00  6.022764e+00  5.945062e+00  5.875055e+00  
5.813300e+00  5.760250e+00  5.715630e+00  5.678000e+00  5.645770e+00  5.618390e+00  
5.594990e+00  5.584710e+00  5.575490e+00  5.569300e+00  5.563890e+00  5.562580e+00  
5.561600e+00  5.561490e+00  5.561410e+00  5.561390e+00  5.561390e+00  5.561260e+00  
7.001349e+00  7.001351e+00  7.001352e+00  7.001354e+00  7.001357e+00  7.001361e+00  
7.001369e+00  7.001380e+00  7.001398e+00  7.001427e+00  7.001474e+00  7.001547e+00  
7.001663e+00  7.001847e+00  7.002139e+00  7.002603e+00  7.003339e+00  7.004509e+00  
7.006368e+00  7.009320e+00  7.013993e+00  7.021334e+00  7.032659e+00  7.049383e+00  
7.071154e+00  7.087648e+00  7.069002e+00  6.985793e+00  6.863585e+00  6.734638e+00  
6.606249e+00  6.481586e+00  6.364073e+00  6.255029e+00  6.155245e+00  6.064554e+00  
5.983386e+00  5.912160e+00  5.850350e+00  5.796020e+00  5.747180e+00  5.703220e+00  
5.662940e+00  5.643840e+00  5.625640e+00  5.612290e+00  5.599810e+00  5.596850e+00  
5.594500e+00  5.594190e+00  5.593970e+00  5.593940e+00  5.593930e+00  5.593870e+00  
7.454280e+00  7.454282e+00  7.454282e+00  7.454284e+00  7.454286e+00  7.454289e+00  
7.454295e+00  7.454303e+00  7.454317e+00  7.454337e+00  7.454371e+00  7.454425e+00  
7.454509e+00  7.454644e+00  7.454858e+00  7.455198e+00  7.455739e+00  7.456601e+00  
7.457973e+00  7.460155e+00  7.463608e+00  7.469005e+00  7.477206e+00  7.488841e+00  
7.502062e+00  7.503206e+00  7.456544e+00  7.332418e+00  7.170310e+00  7.006537e+00  
6.848455e+00  6.698054e+00  6.557662e+00  6.428034e+00  6.309196e+00  6.200462e+00  
6.102140e+00  6.014660e+00  5.937340e+00  5.867970e+00  5.804460e+00  5.746450e+00  
5.692500e+00  5.666240e+00  5.640680e+00  5.621420e+00  5.603070e+00  5.598730e+00  
5.595270e+00  5.594810e+00  5.594460e+00  5.594410e+00  5.594390e+00  5.594460e+00  
8.372715e+00  8.372711e+00  8.372708e+00  8.372705e+00  8.372699e+00  8.372689e+00  
8.372673e+00  8.372649e+00  8.372611e+00  8.372549e+00  8.372452e+00  8.372298e+00  
8.372055e+00  8.371669e+00  8.371059e+00  8.370093e+00  8.368567e+00  8.366152e+00  
8.362339e+00  8.356314e+00  8.346779e+00  8.331663e+00  8.307653e+00  8.269504e+00  
8.208999e+00  8.113417e+00  7.963492e+00  7.764513e+00  7.570248e+00  7.381092e+00  
7.197357e+00  7.019192e+00  6.847212e+00  6.682593e+00  6.525913e+00  6.377558e+00  
6.238673e+00  6.111160e+00  5.996320e+00  5.895800e+00  5.810590e+00  5.737100e+00  
5.674050e+00  5.649630e+00  5.631740e+00  5.615380e+00  5.548880e+00  5.517750e+00  
5.532130e+00  5.538680e+00  5.535300e+00  5.533230e+00  5.536510e+00  5.534810e+00  
8.741291e+00  8.741290e+00  8.741289e+00  8.741288e+00  8.741287e+00  8.741284e+00  
8.741280e+00  8.741274e+00  8.741263e+00  8.741247e+00  8.741223e+00  8.741182e+00  
8.741120e+00  8.741021e+00  8.740864e+00  8.740619e+00  8.740235e+00  8.739636e+00  
8.738701e+00  8.737234e+00  8.734899e+00  8.731082e+00  8.724576e+00  8.712660e+00  
8.687828e+00  8.626105e+00  8.474878e+00  8.211270e+00  7.921632e+00  7.649845e+00  
7.401705e+00  7.175350e+00  6.968591e+00  6.779724e+00  6.604898e+00  6.441388e+00  
6.289805e+00  6.151090e+00  6.024770e+00  5.908030e+00  5.799000e+00  5.698730e+00  
5.605440e+00  5.559090e+00  5.513010e+00  5.477200e+00  5.442380e+00  5.434080e+00  
5.427430e+00  5.426520e+00  5.425850e+00  5.425760e+00  5.425700e+00  5.425990e+00  
9.687642e+00  9.687636e+00  9.687634e+00  9.687630e+00  9.687623e+00  9.687613e+00  
9.687596e+00  9.687570e+00  9.687529e+00  9.687462e+00  9.687358e+00  9.687192e+00  
9.686929e+00  9.686516e+00  9.685860e+00  9.684828e+00  9.683201e+00  9.680637e+00  
9.676598e+00  9.670214e+00  9.660066e+00  9.643822e+00  9.617593e+00  9.574543e+00  
9.501064e+00  9.365363e+00  9.106597e+00  8.715428e+00  8.317996e+00  7.954565e+00  
7.629043e+00  7.338905e+00  7.080770e+00  6.848094e+00  6.630743e+00  6.422669e+00  
6.226511e+00  6.044913e+00  5.877780e+00  5.721750e+00  5.574790e+00  5.438570e+00  
5.311860e+00  5.249610e+00  5.187930e+00  5.139990e+00  5.092850e+00  5.081220e+00  
5.071980e+00  5.070780e+00  5.069900e+00  5.069780e+00  5.069700e+00  5.069630e+00  
1.037414e+01  1.037413e+01  1.037412e+01  1.037411e+01  1.037410e+01  1.037407e+01  
1.037403e+01  1.037397e+01  1.037387e+01  1.037371e+01  1.037346e+01  1.037306e+01  
1.037243e+01  1.037144e+01  1.036986e+01  1.036737e+01  1.036344e+01  1.035722e+01  
1.034742e+01  1.033188e+01  1.030721e+01  1.026800e+01  1.020570e+01  1.010702e+01  
9.951668e+00  9.711068e+00  9.346891e+00  8.883210e+00  8.452730e+00  8.054238e+00  
7.686288e+00  7.347845e+00  7.038500e+00  6.756423e+00  6.499052e+00  6.263106e+00  
6.043821e+00  5.838131e+00  5.647111e+00  5.470840e+00  5.307050e+00  5.146630e+00  
4.982650e+00  4.903050e+00  4.831850e+00  4.782920e+00  4.727650e+00  4.712030e+00  
4.701340e+00  4.700330e+00  4.699190e+00  4.699010e+00  4.698860e+00  4.698330e+00  
1.098794e+01  1.098793e+01  1.098792e+01  1.098790e+01  1.098788e+01  1.098785e+01  
1.098780e+01  1.098772e+01  1.098759e+01  1.098737e+01  1.098704e+01  1.098652e+01  
1.098569e+01  1.098439e+01  1.098232e+01  1.097906e+01  1.097392e+01  1.096582e+01  
1.095298e+01  1.093261e+01  1.090020e+01  1.084861e+01  1.076665e+01  1.063681e+01  
1.043275e+01  1.011904e+01  9.649746e+00  9.060037e+00  8.520435e+00  8.028258e+00  
7.581344e+00  7.176425e+00  6.810874e+00  6.481378e+00  6.183588e+00  5.912217e+00  
5.659907e+00  5.421474e+00  5.197270e+00  4.987690e+00  4.790040e+00  4.595570e+00  
4.398930e+00  4.304330e+00  4.220250e+00  4.162620e+00  4.096490e+00  4.077380e+00  
4.064590e+00  4.063440e+00  4.062110e+00  4.061930e+00  4.061660e+00  4.060760e+00  
1.129954e+01  1.129952e+01  1.129951e+01  1.129950e+01  1.129948e+01  1.129944e+01  
1.129938e+01  1.129928e+01  1.129912e+01  1.129888e+01  1.129850e+01  1.129790e+01  
1.129694e+01  1.129544e+01  1.129307e+01  1.128931e+01  1.128341e+01  1.127409e+01  
1.125931e+01  1.123580e+01  1.119831e+01  1.113861e+01  1.104370e+01  1.089326e+01  
1.065729e+01  1.029651e+01  9.761311e+00  9.094640e+00  8.490998e+00  7.945215e+00  
7.453713e+00  7.011096e+00  6.612103e+00  6.252085e+00  5.925964e+00  5.627554e+00  
5.348392e+00  5.082662e+00  4.830780e+00  4.593964e+00  4.372320e+00  4.162090e+00  
3.961860e+00  3.866080e+00  3.771420e+00  3.697310e+00  3.624930e+00  3.606840e+00  
3.592380e+00  3.590690e+00  3.589250e+00  3.589070e+00  3.588920e+00  3.588700e+00  
1.150403e+01  1.150401e+01  1.150400e+01  1.150399e+01  1.150396e+01  1.150392e+01  
1.150385e+01  1.150374e+01  1.150358e+01  1.150331e+01  1.150289e+01  1.150222e+01  
1.150117e+01  1.149951e+01  1.149688e+01  1.149277e+01  1.148627e+01  1.147600e+01  
1.145970e+01  1.143368e+01  1.139217e+01  1.132601e+01  1.122075e+01  1.105383e+01  
1.079268e+01  1.039548e+01  9.811308e+00  9.089581e+00  8.442758e+00  7.862580e+00  
7.342734e+00  6.875192e+00  6.451870e+00  6.067679e+00  5.718036e+00  5.397667e+00  
5.099612e+00  4.818884e+00  4.554908e+00  4.306962e+00  4.074020e+00  3.852460e+00  
3.640410e+00  3.538270e+00  3.436850e+00  3.356900e+00  3.279100e+00  3.260710e+00  
3.245810e+00  3.243900e+00  3.242260e+00  3.242120e+00  3.241900e+00  3.243110e+00  
1.163023e+01  1.163021e+01  1.163020e+01  1.163018e+01  1.163015e+01  1.163011e+01  
1.163004e+01  1.162992e+01  1.162975e+01  1.162946e+01  1.162902e+01  1.162831e+01  
1.162719e+01  1.162543e+01  1.162265e+01  1.161829e+01  1.161142e+01  1.160055e+01  
1.158323e+01  1.155553e+01  1.151130e+01  1.144076e+01  1.132834e+01  1.115009e+01  
1.087169e+01  1.044973e+01  9.832601e+00  9.073510e+00  8.397550e+00  7.794377e+00  
7.255128e+00  6.769769e+00  6.328620e+00  5.926415e+00  5.559223e+00  5.222675e+00  
4.911275e+00  4.620728e+00  4.349209e+00  4.093677e+00  3.851667e+00  3.621250e+00  
3.401040e+00  3.294560e+00  3.187750e+00  3.102640e+00  3.020510e+00  3.001210e+00  
2.986020e+00  2.984130e+00  2.982260e+00  2.981950e+00  2.981860e+00  2.983830e+00  
1.176828e+01  1.176826e+01  1.176825e+01  1.176823e+01  1.176820e+01  1.176815e+01  
1.176807e+01  1.176795e+01  1.176776e+01  1.176745e+01  1.176697e+01  1.176622e+01  
1.176503e+01  1.176317e+01  1.176023e+01  1.175564e+01  1.174840e+01  1.173689e+01  
1.171844e+01  1.168884e+01  1.164147e+01  1.156574e+01  1.144463e+01  1.125277e+01  
1.095351e+01  1.050144e+01  9.843802e+00  9.037689e+00  8.323924e+00  7.690800e+00  
7.126219e+00  6.618377e+00  6.156549e+00  5.735191e+00  5.350231e+00  4.997230e+00  
4.670891e+00  4.366841e+00  4.082786e+00  3.814983e+00  3.560228e+00  3.316530e+00  
3.081470e+00  2.966760e+00  2.851830e+00  2.760210e+00  2.670100e+00  2.648060e+00  
2.630680e+00  2.628610e+00  2.626670e+00  2.626370e+00  2.626250e+00  2.627070e+00  
1.182627e+01  1.182625e+01  1.182624e+01  1.182622e+01  1.182619e+01  1.182614e+01  
1.182606e+01  1.182592e+01  1.182573e+01  1.182542e+01  1.182492e+01  1.182415e+01  
1.182294e+01  1.182104e+01  1.181807e+01  1.181342e+01  1.180608e+01  1.179433e+01  
1.177541e+01  1.174496e+01  1.169614e+01  1.161769e+01  1.149206e+01  1.129312e+01  
1.098293e+01  1.051530e+01  9.836743e+00  9.006224e+00  8.272904e+00  7.623915e+00  
7.045926e+00  6.526452e+00  6.054592e+00  5.624578e+00  5.231964e+00  4.871902e+00  
4.538584e+00  4.227239e+00  3.935225e+00  3.658409e+00  3.393109e+00  3.137132e+00  
2.888320e+00  2.766030e+00  2.643860e+00  2.546530e+00  2.448380e+00  2.422910e+00  
2.402600e+00  2.400310e+00  2.398450e+00  2.398190e+00  2.398000e+00  2.396290e+00  
1.183788e+01  1.183786e+01  1.183785e+01  1.183783e+01  1.183779e+01  1.183774e+01  
1.183766e+01  1.183753e+01  1.183733e+01  1.183702e+01  1.183653e+01  1.183577e+01  
1.183458e+01  1.183275e+01  1.182993e+01  1.182550e+01  1.181840e+01  1.180683e+01  
1.178796e+01  1.175743e+01  1.170790e+01  1.162744e+01  1.149852e+01  1.129419e+01  
1.097603e+01  1.049770e+01  9.804404e+00  8.956747e+00  8.210665e+00  7.548875e+00  
6.958996e+00  6.429055e+00  5.948868e+00  5.512336e+00  5.114370e+00  4.749340e+00  
4.410447e+00  4.092071e+00  3.790933e+00  3.501979e+00  3.220133e+00  2.941116e+00  
2.660840e+00  2.518380e+00  2.372250e+00  2.252640e+00  2.132130e+00  2.101140e+00  
2.075920e+00  2.072980e+00  2.070700e+00  2.070410e+00  2.070110e+00  2.068100e+00  
1.178576e+01  1.178574e+01  1.178573e+01  1.178571e+01  1.178568e+01  1.178563e+01  
1.178555e+01  1.178543e+01  1.178523e+01  1.178493e+01  1.178447e+01  1.178374e+01  
1.178265e+01  1.178099e+01  1.177844e+01  1.177440e+01  1.176778e+01  1.175678e+01  
1.173870e+01  1.170906e+01  1.166010e+01  1.158029e+01  1.145219e+01  1.124908e+01  
1.093391e+01  1.046130e+01  9.774943e+00  8.935836e+00  8.196618e+00  7.537760e+00  
6.948547e+00  6.418301e+00  5.937885e+00  5.501347e+00  5.103479e+00  4.738527e+00  
4.399536e+00  4.080552e+00  3.777678e+00  3.484690e+00  3.194788e+00  2.900303e+00  
2.591884e+00  2.428490e+00  2.253610e+00  2.105160e+00  1.960520e+00  1.926980e+00  
1.899980e+00  1.896460e+00  1.893060e+00  1.892550e+00  1.892300e+00  1.895400e+00  
1.163768e+01  1.163766e+01  1.163765e+01  1.163763e+01  1.163760e+01  1.163756e+01  
1.163747e+01  1.163737e+01  1.163719e+01  1.163693e+01  1.163654e+01  1.163596e+01  
1.163514e+01  1.163392e+01  1.163206e+01  1.162893e+01  1.162344e+01  1.161401e+01  
1.159803e+01  1.157053e+01  1.152403e+01  1.144782e+01  1.132480e+01  1.113079e+01  
1.083156e+01  1.038335e+01  9.731280e+00  8.929950e+00  8.215415e+00  7.571892e+00  
6.992273e+00  6.469615e+00  5.997844e+00  5.570993e+00  5.182732e+00  4.825792e+00  
4.491040e+00  4.171428e+00  3.864226e+00  3.565431e+00  3.267135e+00  2.951844e+00  
2.598111e+00  2.399719e+00  2.179950e+00  1.984210e+00  1.779860e+00  1.734830e+00  
1.713000e+00  1.710690e+00  1.703490e+00  1.701750e+00  1.703070e+00  1.714840e+00  
1.151914e+01  1.151912e+01  1.151911e+01  1.151909e+01  1.151906e+01  1.151901e+01  
1.151896e+01  1.151885e+01  1.151870e+01  1.151848e+01  1.151816e+01  1.151774e+01  
1.151719e+01  1.151644e+01  1.151520e+01  1.151282e+01  1.150830e+01  1.150021e+01  
1.148560e+01  1.145915e+01  1.141412e+01  1.133953e+01  1.121942e+01  1.103150e+01  
1.074354e+01  1.031136e+01  9.691627e+00  8.927638e+00  8.242014e+00  7.621834e+00  
7.060860e+00  6.552908e+00  6.092681e+00  5.674768e+00  5.293455e+00  4.942100e+00  
4.612175e+00  4.296800e+00  3.992633e+00  3.694374e+00  3.391443e+00  3.060408e+00  
2.671149e+00  2.443805e+00  2.184610e+00  1.947800e+00  1.691740e+00  1.633520e+00  
1.616120e+00  1.615410e+00  1.605050e+00  1.602200e+00  1.605130e+00  1.621190e+00  
1.144853e+01  1.144851e+01  1.144849e+01  1.144848e+01  1.144845e+01  1.144841e+01  
1.144835e+01  1.144826e+01  1.144812e+01  1.144794e+01  1.144771e+01  1.144746e+01  
1.144721e+01  1.144690e+01  1.144618e+01  1.144444e+01  1.144079e+01  1.143374e+01  
1.141972e+01  1.139380e+01  1.134918e+01  1.127477e+01  1.115591e+01  1.097139e+01  
1.068969e+01  1.026860e+01  9.669582e+00  8.933205e+00  8.271135e+00  7.671427e+00  
7.127514e+00  6.632664e+00  6.181108e+00  5.768524e+00  5.390931e+00  5.043768e+00  
4.721312e+00  4.417715e+00  4.126916e+00  3.838345e+00  3.536370e+00  3.194740e+00  
2.775752e+00  2.519940e+00  2.215846e+00  1.932490e+00  1.638820e+00  1.581090e+00  
1.560170e+00  1.557790e+00  1.546020e+00  1.543120e+00  1.546260e+00  1.564100e+00  
1.137438e+01  1.137435e+01  1.137434e+01  1.137433e+01  1.137430e+01  1.137426e+01  
1.137421e+01  1.137413e+01  1.137402e+01  1.137389e+01  1.137376e+01  1.137370e+01  
1.137377e+01  1.137388e+01  1.137368e+01  1.137258e+01  1.136984e+01  1.136367e+01  
1.135014e+01  1.132481e+01  1.128052e+01  1.120672e+01  1.108988e+01  1.090993e+01  
1.063429e+01  1.022959e+01  9.652531e+00  8.941756e+00  8.300634e+00  7.718382e+00  
7.189152e+00  6.706814e+00  6.266070e+00  5.862939e+00  5.493608e+00  5.153656e+00  
4.837482e+00  4.539226e+00  4.252656e+00  3.966792e+00  3.664705e+00  3.316762e+00  
2.878330e+00  2.603130e+00  2.267521e+00  1.948430e+00  1.610850e+00  1.543400e+00  
1.523260e+00  1.521490e+00  1.507650e+00  1.504140e+00  1.508260e+00  1.525800e+00  
1.126305e+01  1.126303e+01  1.126302e+01  1.126301e+01  1.126299e+01  1.126295e+01  
1.126291e+01  1.126285e+01  1.126279e+01  1.126278e+01  1.126287e+01  1.126323e+01  
1.126392e+01  1.126481e+01  1.126553e+01  1.126567e+01  1.126445e+01  1.125914e+01  
1.124617e+01  1.122111e+01  1.117628e+01  1.110288e+01  1.098869e+01  1.081506e+01  
1.054966e+01  1.017228e+01  9.630984e+00  8.960558e+00  8.353725e+00  7.800686e+00  
7.296684e+00  6.836323e+00  6.415054e+00  6.029208e+00  5.675282e+00  5.349064e+00  
5.044964e+00  4.757111e+00  4.479184e+00  4.199741e+00  3.900031e+00  3.545222e+00  
3.078953e+00  2.773371e+00  2.386235e+00  2.007342e+00  1.595400e+00  1.506640e+00  
1.474160e+00  1.473270e+00  1.462580e+00  1.459590e+00  1.464600e+00  1.477780e+00  
1.118367e+01  1.118366e+01  1.118365e+01  1.118363e+01  1.118361e+01  1.118358e+01  
1.118355e+01  1.118352e+01  1.118353e+01  1.118365e+01  1.118402e+01  1.118481e+01  
1.118608e+01  1.118766e+01  1.118924e+01  1.119056e+01  1.119035e+01  1.118535e+01  
1.117260e+01  1.114686e+01  1.110109e+01  1.102764e+01  1.091541e+01  1.074332e+01  
1.049107e+01  1.013391e+01  9.619778e+00  8.979929e+00  8.399433e+00  7.869263e+00  
7.385340e+00  6.942945e+00  6.537992e+00  6.167131e+00  5.826930e+00  5.513217e+00  
5.220222e+00  4.941964e+00  4.672191e+00  4.399329e+00  4.103750e+00  3.747678e+00  
3.265773e+00  2.939098e+00  2.511922e+00  2.082089e+00  1.601180e+00  1.493150e+00  
1.449130e+00  1.447640e+00  1.436380e+00  1.433130e+00  1.437690e+00  1.448750e+00  
1.106021e+01  1.106020e+01  1.106019e+01  1.106018e+01  1.106016e+01  1.106015e+01  
1.106016e+01  1.106023e+01  1.106045e+01  1.106098e+01  1.106209e+01  1.106396e+01  
1.106653e+01  1.106964e+01  1.107333e+01  1.107690e+01  1.107750e+01  1.107279e+01  
1.105890e+01  1.103028e+01  1.098223e+01  1.090867e+01  1.079836e+01  1.063249e+01  
1.040736e+01  1.008443e+01  9.615347e+00  9.027059e+00  8.489791e+00  7.997001e+00  
7.546342e+00  7.134939e+00  6.760426e+00  6.419616e+00  6.108625e+00  5.822372e+00  
5.553448e+00  5.294540e+00  5.039348e+00  4.776257e+00  4.487374e+00  4.141553e+00  
3.665369e+00  3.319396e+00  2.825861e+00  2.289011e+00  1.645980e+00  1.501880e+00  
1.429640e+00  1.421530e+00  1.400070e+00  1.395330e+00  1.398510e+00  1.408570e+00  
1.099765e+01  1.099764e+01  1.099763e+01  1.099763e+01  1.099762e+01  1.099764e+01  
1.099770e+01  1.099789e+01  1.099839e+01  1.099942e+01  1.100129e+01  1.100412e+01  
1.100779e+01  1.101239e+01  1.101789e+01  1.102230e+01  1.102301e+01  1.101758e+01  
1.100102e+01  1.096940e+01  1.091900e+01  1.084497e+01  1.072884e+01  1.057690e+01  
1.036713e+01  1.006382e+01  9.620744e+00  9.063867e+00  8.553888e+00  8.085569e+00  
7.657160e+00  7.266583e+00  6.912159e+00  6.590974e+00  6.299350e+00  6.032236e+00  
5.782070e+00  5.541330e+00  5.303607e+00  5.056817e+00  4.782313e+00  4.447698e+00  
3.973203e+00  3.617264e+00  3.094131e+00  2.500606e+00  1.731040e+00  1.537600e+00  
1.419560e+00  1.406180e+00  1.383350e+00  1.378580e+00  1.380990e+00  1.387530e+00  
1.093944e+01  1.093943e+01  1.093943e+01  1.093944e+01  1.093946e+01  1.093954e+01  
1.093977e+01  1.094030e+01  1.094144e+01  1.094355e+01  1.094684e+01  1.095129e+01  
1.095703e+01  1.096436e+01  1.097170e+01  1.097628e+01  1.097627e+01  1.096702e+01  
1.094511e+01  1.090833e+01  1.085475e+01  1.076964e+01  1.066217e+01  1.052521e+01  
1.033265e+01  1.005146e+01  9.638280e+00  9.117919e+00  8.640550e+00  8.202144e+00  
7.801464e+00  7.437026e+00  7.107699e+00  6.811193e+00  6.544387e+00  6.302882e+00  
6.079786e+00  5.868189e+00  5.662190e+00  5.449894e+00  5.210918e+00  4.905321e+00  
4.440245e+00  4.074323e+00  3.519921e+00  2.864270e+00  1.926478e+00  1.641960e+00  
1.413580e+00  1.387560e+00  1.369330e+00  1.366170e+00  1.361300e+00  1.366090e+00  
1.091626e+01  1.091626e+01  1.091626e+01  1.091628e+01  1.091635e+01  1.091653e+01  
1.091696e+01  1.091793e+01  1.091981e+01  1.092296e+01  1.092745e+01  1.093336e+01  
1.094113e+01  1.095030e+01  1.095790e+01  1.096228e+01  1.095989e+01  1.094640e+01  
1.092004e+01  1.087972e+01  1.082067e+01  1.073212e+01  1.063358e+01  1.050500e+01  
1.032211e+01  1.005320e+01  9.656487e+00  9.155846e+00  8.696056e+00  8.274026e+00  
7.888911e+00  7.539927e+00  7.226524e+00  6.946702e+00  6.697521e+00  6.474770e+00  
6.271561e+00  6.081012e+00  5.897300e+00  5.708366e+00  5.494033e+00  5.216081e+00  
4.780782e+00  4.426234e+00  3.869587e+00  3.177297e+00  2.100417e+00  1.744620e+00  
1.427330e+00  1.386540e+00  1.360510e+00  1.357180e+00  1.349560e+00  1.355350e+00  
1.091423e+01  1.091423e+01  1.091424e+01  1.091429e+01  1.091440e+01  1.091471e+01  
1.091540e+01  1.091684e+01  1.091948e+01  1.092357e+01  1.092913e+01  1.093648e+01  
1.094605e+01  1.095596e+01  1.096357e+01  1.096701e+01  1.096147e+01  1.094421e+01  
1.091410e+01  1.087126e+01  1.080024e+01  1.071924e+01  1.062563e+01  1.050143e+01  
1.032310e+01  1.005977e+01  9.670999e+00  9.181090e+00  8.732145e+00  8.321160e+00  
7.947156e+00  7.609135e+00  7.306365e+00  7.037285e+00  6.799707e+00  6.590440e+00  
6.403994e+00  6.234009e+00  6.072934e+00  5.904257e+00  5.704323e+00  5.437735e+00  
5.020731e+00  4.687970e+00  4.169994e+00  3.484697e+00  2.261776e+00  1.828070e+00  
1.444720e+00  1.393570e+00  1.355300e+00  1.349680e+00  1.346220e+00  1.348980e+00  
1.091119e+01  1.091120e+01  1.091122e+01  1.091129e+01  1.091148e+01  1.091192e+01  
1.091290e+01  1.091486e+01  1.091823e+01  1.092316e+01  1.092975e+01  1.093853e+01  
1.094945e+01  1.095955e+01  1.096706e+01  1.096884e+01  1.096026e+01  1.093973e+01  
1.090686e+01  1.086111e+01  1.078475e+01  1.070877e+01  1.061899e+01  1.049839e+01  
1.032396e+01  1.006543e+01  9.683187e+00  9.201506e+00  8.760275e+00  8.356841e+00  
7.990320e+00  7.659880e+00  7.364880e+00  7.104002e+00  6.875315e+00  6.675930e+00  
6.500786e+00  6.343985e+00  6.198473e+00  6.048242e+00  5.869546e+00  5.625068e+00  
5.229709e+00  4.908875e+00  4.404314e+00  3.720504e+00  2.423019e+00  1.923265e+00  
1.460630e+00  1.398000e+00  1.353030e+00  1.346000e+00  1.342410e+00  1.344800e+00  
1.090860e+01  1.090862e+01  1.090867e+01  1.090881e+01  1.090916e+01  1.090994e+01  
1.091159e+01  1.091461e+01  1.091929e+01  1.092573e+01  1.093435e+01  1.094571e+01  
1.095785e+01  1.096804e+01  1.097442e+01  1.097197e+01  1.095813e+01  1.093227e+01  
1.089583e+01  1.083276e+01  1.076538e+01  1.069597e+01  1.061155e+01  1.049601e+01  
1.032698e+01  1.007491e+01  9.701189e+00  9.230056e+00  8.798480e+00  8.404458e+00  
8.047508e+00  7.727259e+00  7.443532e+00  7.195175e+00  6.980289e+00  6.795976e+00  
6.636975e+00  6.497637e+00  6.372401e+00  6.247836e+00  6.102681e+00  5.899959e+00  
5.554831e+00  5.261833e+00  4.782325e+00  4.098925e+00  2.700549e+00  2.112725e+00  
1.499350e+00  1.408740e+00  1.349560e+00  1.344600e+00  1.334980e+00  1.339600e+00  
1.093100e+01  1.093105e+01  1.093114e+01  1.093137e+01  1.093192e+01  1.093311e+01  
1.093548e+01  1.093949e+01  1.094533e+01  1.095319e+01  1.096378e+01  1.097690e+01  
1.098928e+01  1.099930e+01  1.100330e+01  1.099665e+01  1.097823e+01  1.094854e+01  
1.090703e+01  1.083653e+01  1.077458e+01  1.070832e+01  1.062568e+01  1.051059e+01  
1.034076e+01  1.008707e+01  9.712211e+00  9.242663e+00  8.815658e+00  8.428637e+00  
8.080317e+00  7.769279e+00  7.494292e+00  7.254096e+00  7.047050e+00  6.870428e+00  
6.719259e+00  6.589312e+00  6.479029e+00  6.382588e+00  6.281049e+00  6.117287e+00  
5.789217e+00  5.507421e+00  5.063368e+00  4.416304e+00  2.950923e+00  2.278804e+00  
1.536090e+00  1.425310e+00  1.350050e+00  1.341310e+00  1.334100e+00  1.336410e+00  
1.092099e+01  1.092113e+01  1.092135e+01  1.092188e+01  1.092308e+01  1.092546e+01  
1.092960e+01  1.093576e+01  1.094414e+01  1.095548e+01  1.097000e+01  1.098445e+01  
1.099695e+01  1.100419e+01  1.100097e+01  1.098596e+01  1.095967e+01  1.092434e+01  
1.085707e+01  1.080112e+01  1.074805e+01  1.068867e+01  1.061189e+01  1.050235e+01  
1.033859e+01  1.009251e+01  9.727854e+00  9.270172e+00  8.853199e+00  8.475067e+00  
8.134717e+00  7.831149e+00  7.563681e+00  7.331884e+00  7.135299e+00  6.972908e+00  
6.842358e+00  6.740803e+00  6.664071e+00  6.599586e+00  6.527235e+00  6.412398e+00  
6.173805e+00  5.948421e+00  5.563308e+00  4.968281e+00  3.465075e+00  2.639688e+00  
1.633290e+00  1.476140e+00  1.354210e+00  1.341680e+00  1.325940e+00  1.332040e+00  
1.091921e+01  1.091948e+01  1.091988e+01  1.092081e+01  1.092278e+01  1.092641e+01  
1.093212e+01  1.094009e+01  1.095088e+01  1.096535e+01  1.098149e+01  1.099619e+01  
1.100756e+01  1.100996e+01  1.100058e+01  1.097925e+01  1.094891e+01  1.089183e+01  
1.083361e+01  1.078475e+01  1.073681e+01  1.068150e+01  1.060807e+01  1.050162e+01  
1.034114e+01  1.009868e+01  9.738052e+00  9.284882e+00  8.871589e+00  8.496776e+00  
8.159776e+00  7.860197e+00  7.597938e+00  7.372711e+00  7.183975e+00  7.030582e+00  
6.909932e+00  6.819436e+00  6.756866e+00  6.713131e+00  6.671613e+00  6.597972e+00  
6.417235e+00  6.230845e+00  5.886963e+00  5.335822e+00  3.861484e+00  2.959512e+00  
1.726600e+00  1.521870e+00  1.362160e+00  1.343480e+00  1.327810e+00  1.329820e+00  
1.091995e+01  1.092060e+01  1.092150e+01  1.092344e+01  1.092709e+01  1.093297e+01  
1.094128e+01  1.095259e+01  1.096792e+01  1.098575e+01  1.100248e+01  1.101647e+01  
1.102198e+01  1.101545e+01  1.099655e+01  1.096824e+01  1.091597e+01  1.085598e+01  
1.080960e+01  1.076865e+01  1.072662e+01  1.067575e+01  1.060577e+01  1.050225e+01  
1.034459e+01  1.010510e+01  9.747615e+00  9.298067e+00  8.888243e+00  8.517460e+00  
8.185127e+00  7.890926e+00  7.634806e+00  7.416557e+00  7.235920e+00  7.091926e+00  
6.982274e+00  6.904916e+00  6.858774e+00  6.836438e+00  6.825822e+00  6.804356e+00  
6.707502e+00  6.574399e+00  6.294365e+00  5.816233e+00  4.440294e+00  3.460604e+00  
1.907783e+00  1.627180e+00  1.379760e+00  1.352290e+00  1.324090e+00  1.327600e+00  
1.092060e+01  1.092178e+01  1.092332e+01  1.092639e+01  1.093165e+01  1.093941e+01  
1.095003e+01  1.096456e+01  1.098306e+01  1.100158e+01  1.101837e+01  1.102910e+01  
1.102817e+01  1.101454e+01  1.098964e+01  1.095597e+01  1.088587e+01  1.083605e+01  
1.079598e+01  1.075964e+01  1.072093e+01  1.067240e+01  1.060407e+01  1.050178e+01  
1.034517e+01  1.010691e+01  9.751385e+00  9.304537e+00  8.897262e+00  8.528678e+00  
8.198524e+00  7.907041e+00  7.654590e+00  7.440669e+00  7.264161e+00  7.123965e+00  
7.018762e+00  6.947713e+00  6.911179e+00  6.904193e+00  6.916214e+00  6.921249e+00  
6.856611e+00  6.756114e+00  6.552298e+00  6.179691e+00  4.846618e+00  3.786973e+00  
2.093363e+00  1.751930e+00  1.396400e+00  1.346430e+00  1.328510e+00  1.326500e+00  
1.092006e+01  1.092190e+01  1.092416e+01  1.092837e+01  1.093507e+01  1.094449e+01  
1.095735e+01  1.097479e+01  1.099469e+01  1.101350e+01  1.102927e+01  1.103558e+01  
1.102915e+01  1.100989e+01  1.098168e+01  1.092458e+01  1.086569e+01  1.082193e+01  
1.078613e+01  1.075292e+01  1.071648e+01  1.066957e+01  1.060244e+01  1.050114e+01  
1.034550e+01  1.010834e+01  9.754193e+00  9.308794e+00  8.902768e+00  8.535492e+00  
8.206848e+00  7.917044e+00  7.666602e+00  7.454960e+00  7.281051e+00  7.143844e+00  
7.042100e+00  6.975229e+00  6.944114e+00  6.944705e+00  6.968375e+00  6.993379e+00  
6.963763e+00  6.889190e+00  6.720623e+00  6.397015e+00  5.164154e+00  4.099393e+00  
2.249202e+00  1.850530e+00  1.418090e+00  1.354650e+00  1.332100e+00  1.325860e+00  
1.091944e+01  1.092206e+01  1.092508e+01  1.093038e+01  1.093836e+01  1.094934e+01  
1.096440e+01  1.098406e+01  1.100444e+01  1.102336e+01  1.103700e+01  1.103895e+01  
1.102775e+01  1.100442e+01  1.097358e+01  1.090301e+01  1.085104e+01  1.081158e+01  
1.077892e+01  1.074801e+01  1.071321e+01  1.066747e+01  1.060126e+01  1.050074e+01  
1.034590e+01  1.010960e+01  9.756314e+00  9.311704e+00  8.906358e+00  8.540061e+00  
8.212596e+00  7.924142e+00  7.675068e+00  7.464817e+00  7.292456e+00  7.157068e+00  
7.057842e+00  6.994431e+00  6.967354e+00  6.971753e+00  7.000462e+00  7.041475e+00  
7.047159e+00  6.993028e+00  6.838717e+00  6.535701e+00  5.416277e+00  4.379364e+00  
2.393117e+00  1.940812e+00  1.442100e+00  1.366430e+00  1.331850e+00  1.325430e+00  
1.091893e+01  1.092339e+01  1.092795e+01  1.093521e+01  1.094546e+01  1.095948e+01  
1.097854e+01  1.100031e+01  1.102115e+01  1.103891e+01  1.104674e+01  1.104139e+01  
1.102232e+01  1.099436e+01  1.093514e+01  1.087485e+01  1.083142e+01  1.079790e+01  
1.076960e+01  1.074180e+01  1.070916e+01  1.066495e+01  1.059986e+01  1.050030e+01  
1.034638e+01  1.011107e+01  9.758821e+00  9.315292e+00  8.911014e+00  8.546047e+00  
8.220120e+00  7.933334e+00  7.685909e+00  7.477407e+00  7.306995e+00  7.174025e+00  
7.077907e+00  7.018594e+00  6.996774e+00  7.007892e+00  7.045967e+00  7.103346e+00  
7.143709e+00  7.120670e+00  7.010915e+00  6.763266e+00  5.775837e+00  4.795779e+00  
2.670367e+00  2.119843e+00  1.485330e+00  1.384500e+00  1.337960e+00  1.324890e+00  
1.091827e+01  1.092482e+01  1.093027e+01  1.093973e+01  1.095214e+01  1.096914e+01  
1.099099e+01  1.101258e+01  1.103451e+01  1.104999e+01  1.105122e+01  1.103942e+01  
1.101538e+01  1.098342e+01  1.090765e+01  1.085611e+01  1.081819e+01  1.078870e+01  
1.076329e+01  1.073754e+01  1.070631e+01  1.066311e+01  1.059879e+01  1.049990e+01  
1.034667e+01  1.011211e+01  9.760624e+00  9.317783e+00  8.914134e+00  8.549957e+00  
8.224939e+00  7.938923e+00  7.692057e+00  7.484223e+00  7.315199e+00  7.184529e+00  
7.090970e+00  7.034055e+00  7.014884e+00  7.029909e+00  7.073932e+00  7.138809e+00  
7.200788e+00  7.205528e+00  7.134166e+00  6.909557e+00  5.991899e+00  5.146505e+00  
2.928801e+00  2.274063e+00  1.526380e+00  1.413450e+00  1.333200e+00  1.324570e+00  
