4.202577e-01  4.202582e-01  4.202584e-01  4.202589e-01  4.202596e-01  4.202606e-01  
4.202624e-01  4.202651e-01  4.202695e-01  4.202763e-01  4.202872e-01  4.203045e-01  
4.203318e-01  4.203752e-01  4.204439e-01  4.205528e-01  4.207254e-01  4.209990e-01  
4.214325e-01  4.221197e-01  4.232092e-01  4.249364e-01  4.276770e-01  4.320319e-01  
4.389790e-01  4.501627e-01  4.683407e-01  4.936666e-01  5.197545e-01  5.464925e-01  
5.737699e-01  6.014154e-01  6.292898e-01  6.572126e-01  6.850623e-01  7.128500e-01  
7.408200e-01  7.691900e-01  7.977700e-01  8.264700e-01  8.556800e-01  8.876400e-01  
9.240100e-01  9.417800e-01  9.544800e-01  9.603900e-01  9.769600e-01  9.860500e-01  
9.896100e-01  9.893600e-01  9.901500e-01  9.906300e-01  9.907200e-01  9.917400e-01  
6.297899e-01  6.297905e-01  6.297908e-01  6.297914e-01  6.297922e-01  6.297936e-01  
6.297958e-01  6.297992e-01  6.298046e-01  6.298132e-01  6.298268e-01  6.298484e-01  
6.298827e-01  6.299370e-01  6.300230e-01  6.301593e-01  6.303753e-01  6.307177e-01  
6.312604e-01  6.321206e-01  6.334841e-01  6.356462e-01  6.390768e-01  6.445281e-01  
6.532241e-01  6.672235e-01  6.899962e-01  7.218114e-01  7.547186e-01  7.886755e-01  
8.235913e-01  8.593555e-01  8.958547e-01  9.329320e-01  9.704445e-01  1.008310e+00  
1.046540e+00  1.085070e+00  1.123580e+00  1.161790e+00  1.200070e+00  1.241180e+00  
1.288030e+00  1.312570e+00  1.334860e+00  1.350360e+00  1.370660e+00  1.376900e+00  
1.379410e+00  1.381000e+00  1.381210e+00  1.378610e+00  1.378230e+00  1.359620e+00  
8.262155e-01  8.262162e-01  8.262166e-01  8.262173e-01  8.262184e-01  8.262200e-01  
8.262227e-01  8.262269e-01  8.262336e-01  8.262441e-01  8.262609e-01  8.262874e-01  
8.263294e-01  8.263961e-01  8.265016e-01  8.266689e-01  8.269342e-01  8.273547e-01  
8.280210e-01  8.290772e-01  8.307514e-01  8.334062e-01  8.376180e-01  8.443092e-01  
8.549765e-01  8.721244e-01  8.999494e-01  9.387043e-01  9.786510e-01  1.019707e+00  
1.061771e+00  1.104683e+00  1.148311e+00  1.192442e+00  1.236917e+00  1.281610e+00  
1.326560e+00  1.371690e+00  1.416610e+00  1.461010e+00  1.505360e+00  1.553020e+00  
1.607870e+00  1.637280e+00  1.665400e+00  1.686000e+00  1.708860e+00  1.714270e+00  
1.716970e+00  1.719040e+00  1.719120e+00  1.715920e+00  1.715440e+00  1.695730e+00  
1.184574e+00  1.184575e+00  1.184576e+00  1.184577e+00  1.184578e+00  1.184580e+00  
1.184584e+00  1.184590e+00  1.184599e+00  1.184613e+00  1.184637e+00  1.184673e+00  
1.184731e+00  1.184823e+00  1.184968e+00  1.185199e+00  1.185564e+00  1.186143e+00  
1.187060e+00  1.188515e+00  1.190820e+00  1.194476e+00  1.200274e+00  1.209479e+00  
1.224126e+00  1.247570e+00  1.285323e+00  1.337359e+00  1.390284e+00  1.443888e+00  
1.497898e+00  1.552014e+00  1.605936e+00  1.659365e+00  1.712064e+00  1.764050e+00  
1.815760e+00  1.867520e+00  1.918980e+00  1.969950e+00  2.021220e+00  2.077030e+00  
2.142240e+00  2.177470e+00  2.210810e+00  2.234680e+00  2.260520e+00  2.266900e+00  
2.271140e+00  2.272510e+00  2.272860e+00  2.271290e+00  2.271080e+00  2.266690e+00  
1.505070e+00  1.505071e+00  1.505072e+00  1.505073e+00  1.505075e+00  1.505078e+00  
1.505082e+00  1.505089e+00  1.505101e+00  1.505119e+00  1.505148e+00  1.505193e+00  
1.505265e+00  1.505380e+00  1.505561e+00  1.505848e+00  1.506303e+00  1.507025e+00  
1.508168e+00  1.509980e+00  1.512853e+00  1.517407e+00  1.524628e+00  1.536083e+00  
1.554283e+00  1.583293e+00  1.629676e+00  1.692973e+00  1.756488e+00  1.819829e+00  
1.882554e+00  1.944195e+00  2.004269e+00  2.062390e+00  2.118342e+00  2.172410e+00  
2.225650e+00  2.279020e+00  2.332350e+00  2.385640e+00  2.439930e+00  2.499830e+00  
2.570250e+00  2.607920e+00  2.642120e+00  2.665210e+00  2.692370e+00  2.700650e+00  
2.706450e+00  2.706610e+00  2.707360e+00  2.708170e+00  2.708360e+00  2.720460e+00  
1.795252e+00  1.795253e+00  1.795254e+00  1.795256e+00  1.795258e+00  1.795261e+00  
1.795266e+00  1.795275e+00  1.795288e+00  1.795309e+00  1.795343e+00  1.795396e+00  
1.795480e+00  1.795613e+00  1.795824e+00  1.796159e+00  1.796690e+00  1.797531e+00  
1.798863e+00  1.800977e+00  1.804325e+00  1.809634e+00  1.818050e+00  1.831394e+00  
1.852561e+00  1.886183e+00  1.939600e+00  2.011848e+00  2.083503e+00  2.153981e+00  
2.222671e+00  2.288944e+00  2.352200e+00  2.411976e+00  2.468150e+00  2.521310e+00  
2.573230e+00  2.625530e+00  2.678260e+00  2.731600e+00  2.786790e+00  2.848370e+00  
2.920790e+00  2.958950e+00  2.992020e+00  3.012890e+00  3.040420e+00  3.050550e+00  
3.057480e+00  3.056510e+00  3.057600e+00  3.060480e+00  3.061040e+00  3.084990e+00  
2.051739e+00  2.051741e+00  2.051742e+00  2.051744e+00  2.051746e+00  2.051751e+00  
2.051757e+00  2.051768e+00  2.051785e+00  2.051811e+00  2.051854e+00  2.051921e+00  
2.052026e+00  2.052195e+00  2.052462e+00  2.052886e+00  2.053558e+00  2.054622e+00  
2.056310e+00  2.058984e+00  2.063222e+00  2.069936e+00  2.080569e+00  2.097375e+00  
2.123834e+00  2.165080e+00  2.228425e+00  2.310215e+00  2.386759e+00  2.457784e+00  
2.523659e+00  2.585645e+00  2.645760e+00  2.704312e+00  2.761030e+00  2.816070e+00  
2.870000e+00  2.923430e+00  2.976640e+00  3.030810e+00  3.087380e+00  3.147360e+00  
3.211280e+00  3.244110e+00  3.276490e+00  3.301400e+00  3.328520e+00  3.337260e+00  
3.345200e+00  3.345440e+00  3.345890e+00  3.347360e+00  3.352270e+00  3.380470e+00  
2.514283e+00  2.514285e+00  2.514287e+00  2.514289e+00  2.514292e+00  2.514297e+00  
2.514305e+00  2.514318e+00  2.514339e+00  2.514371e+00  2.514423e+00  2.514504e+00  
2.514634e+00  2.514839e+00  2.515165e+00  2.515681e+00  2.516498e+00  2.517794e+00  
2.519847e+00  2.523102e+00  2.528260e+00  2.536431e+00  2.549358e+00  2.569752e+00  
2.601698e+00  2.650871e+00  2.724618e+00  2.816554e+00  2.898497e+00  2.970405e+00  
3.033388e+00  3.090186e+00  3.144810e+00  3.198089e+00  3.249922e+00  3.300460e+00  
3.350220e+00  3.399720e+00  3.449170e+00  3.499480e+00  3.551720e+00  3.606630e+00  
3.664450e+00  3.693860e+00  3.722820e+00  3.745300e+00  3.770990e+00  3.779760e+00  
3.787760e+00  3.787800e+00  3.788210e+00  3.790070e+00  3.795610e+00  3.819230e+00  
2.913659e+00  2.913661e+00  2.913663e+00  2.913665e+00  2.913669e+00  2.913675e+00  
2.913684e+00  2.913699e+00  2.913722e+00  2.913759e+00  2.913817e+00  2.913910e+00  
2.914056e+00  2.914289e+00  2.914657e+00  2.915241e+00  2.916166e+00  2.917633e+00  
2.919958e+00  2.923643e+00  2.929481e+00  2.938728e+00  2.953347e+00  2.976369e+00  
3.012270e+00  3.066900e+00  3.147020e+00  3.243531e+00  3.325342e+00  3.392840e+00  
3.448059e+00  3.495417e+00  3.541007e+00  3.586301e+00  3.631276e+00  3.675970e+00  
3.720640e+00  3.765380e+00  3.810150e+00  3.855180e+00  3.900980e+00  3.948850e+00  
3.999870e+00  4.026000e+00  4.051540e+00  4.071430e+00  4.095230e+00  4.103310e+00  
4.111410e+00  4.108670e+00  4.109430e+00  4.115520e+00  4.114540e+00  4.124480e+00  
3.733219e+00  3.733222e+00  3.733223e+00  3.733226e+00  3.733230e+00  3.733237e+00  
3.733247e+00  3.733262e+00  3.733288e+00  3.733329e+00  3.733393e+00  3.733495e+00  
3.733658e+00  3.733915e+00  3.734323e+00  3.734969e+00  3.735992e+00  3.737616e+00  
3.740190e+00  3.744268e+00  3.750731e+00  3.760962e+00  3.777115e+00  3.802464e+00  
3.841656e+00  3.899964e+00  3.981725e+00  4.073428e+00  4.142571e+00  4.190592e+00  
4.221346e+00  4.242078e+00  4.262263e+00  4.284298e+00  4.308605e+00  4.335386e+00  
4.364940e+00  4.396950e+00  4.430080e+00  4.461090e+00  4.487930e+00  4.515590e+00  
4.550220e+00  4.569890e+00  4.588970e+00  4.603700e+00  4.622510e+00  4.627280e+00  
4.630820e+00  4.631430e+00  4.631690e+00  4.631390e+00  4.631620e+00  4.601310e+00  
4.379919e+00  4.379922e+00  4.379923e+00  4.379926e+00  4.379930e+00  4.379936e+00  
4.379946e+00  4.379962e+00  4.379986e+00  4.380026e+00  4.380088e+00  4.380187e+00  
4.380344e+00  4.380592e+00  4.380986e+00  4.381610e+00  4.382601e+00  4.384171e+00  
4.386660e+00  4.390606e+00  4.396859e+00  4.406751e+00  4.422350e+00  4.446756e+00  
4.484194e+00  4.538733e+00  4.611922e+00  4.687986e+00  4.737354e+00  4.762338e+00  
4.768059e+00  4.763397e+00  4.759529e+00  4.759435e+00  4.763709e+00  4.772579e+00  
4.786380e+00  4.804450e+00  4.824610e+00  4.841500e+00  4.851510e+00  4.862310e+00  
4.883510e+00  4.898010e+00  4.911930e+00  4.922420e+00  4.936770e+00  4.939210e+00  
4.939750e+00  4.942370e+00  4.942320e+00  4.938180e+00  4.939110e+00  4.892720e+00  
5.365855e+00  5.365857e+00  5.365858e+00  5.365860e+00  5.365863e+00  5.365868e+00  
5.365875e+00  5.365887e+00  5.365906e+00  5.365936e+00  5.365983e+00  5.366058e+00  
5.366177e+00  5.366364e+00  5.366663e+00  5.367136e+00  5.367887e+00  5.369077e+00  
5.370966e+00  5.373963e+00  5.378712e+00  5.386215e+00  5.398009e+00  5.416320e+00  
5.443863e+00  5.481835e+00  5.526662e+00  5.561745e+00  5.568051e+00  5.549069e+00  
5.511127e+00  5.464343e+00  5.420670e+00  5.383578e+00  5.353655e+00  5.330977e+00  
5.315550e+00  5.306380e+00  5.300760e+00  5.292040e+00  5.276010e+00  5.262250e+00  
5.263040e+00  5.269120e+00  5.274700e+00  5.278290e+00  5.285330e+00  5.285680e+00  
5.284300e+00  5.287330e+00  5.287170e+00  5.281990e+00  5.283040e+00  5.250050e+00  
6.102365e+00  6.102366e+00  6.102367e+00  6.102368e+00  6.102370e+00  6.102373e+00  
6.102377e+00  6.102385e+00  6.102396e+00  6.102414e+00  6.102443e+00  6.102489e+00  
6.102561e+00  6.102676e+00  6.102857e+00  6.103145e+00  6.103604e+00  6.104332e+00  
6.105489e+00  6.107328e+00  6.110242e+00  6.114835e+00  6.122004e+00  6.132962e+00  
6.148771e+00  6.167892e+00  6.182398e+00  6.176468e+00  6.142547e+00  6.084821e+00  
6.010190e+00  5.929101e+00  5.853535e+00  5.786907e+00  5.729753e+00  5.681724e+00  
5.642230e+00  5.609940e+00  5.582110e+00  5.552290e+00  5.516470e+00  5.484380e+00  
5.468560e+00  5.467190e+00  5.465610e+00  5.463610e+00  5.464580e+00  5.463790e+00  
5.461880e+00  5.464090e+00  5.463960e+00  5.460020e+00  5.460760e+00  5.449980e+00  
6.818407e+00  6.818405e+00  6.818404e+00  6.818403e+00  6.818401e+00  6.818396e+00  
6.818390e+00  6.818381e+00  6.818366e+00  6.818342e+00  6.818305e+00  6.818246e+00  
6.818152e+00  6.818004e+00  6.817768e+00  6.817396e+00  6.816808e+00  6.815880e+00  
6.814413e+00  6.812095e+00  6.808427e+00  6.802607e+00  6.793362e+00  6.778664e+00  
6.755272e+00  6.717989e+00  6.658696e+00  6.578672e+00  6.498954e+00  6.419649e+00  
6.340907e+00  6.262858e+00  6.185659e+00  6.109704e+00  6.035647e+00  5.963457e+00  
5.893745e+00  5.827410e+00  5.765040e+00  5.707870e+00  5.657410e+00  5.614950e+00  
5.585050e+00  5.578910e+00  5.582260e+00  5.589790e+00  5.571870e+00  5.557090e+00  
5.560520e+00  5.563770e+00  5.563230e+00  5.561640e+00  5.561390e+00  5.565460e+00  
7.292059e+00  7.292057e+00  7.292055e+00  7.292053e+00  7.292050e+00  7.292045e+00  
7.292037e+00  7.292024e+00  7.292003e+00  7.291970e+00  7.291918e+00  7.291835e+00  
7.291704e+00  7.291496e+00  7.291169e+00  7.290650e+00  7.289829e+00  7.288533e+00  
7.286485e+00  7.283248e+00  7.278120e+00  7.269983e+00  7.257060e+00  7.236530e+00  
7.203896e+00  7.152047e+00  7.070010e+00  6.959909e+00  6.850961e+00  6.743396e+00  
6.637401e+00  6.533074e+00  6.430808e+00  6.331169e+00  6.234829e+00  6.141885e+00  
6.053153e+00  5.969840e+00  5.892720e+00  5.823220e+00  5.762700e+00  5.711090e+00  
5.671320e+00  5.659760e+00  5.657000e+00  5.658260e+00  5.629570e+00  5.611640e+00  
5.617800e+00  5.621830e+00  5.620610e+00  5.618760e+00  5.619350e+00  5.629810e+00  
8.030513e+00  8.030510e+00  8.030508e+00  8.030505e+00  8.030500e+00  8.030492e+00  
8.030479e+00  8.030460e+00  8.030429e+00  8.030378e+00  8.030300e+00  8.030175e+00  
8.029979e+00  8.029667e+00  8.029173e+00  8.028393e+00  8.027160e+00  8.025211e+00  
8.022132e+00  8.017260e+00  8.009539e+00  7.997282e+00  7.977821e+00  7.946911e+00  
7.897848e+00  7.820196e+00  7.698072e+00  7.535307e+00  7.375633e+00  7.219375e+00  
7.066828e+00  6.918096e+00  6.773729e+00  6.634749e+00  6.501647e+00  6.374790e+00  
6.255170e+00  6.144420e+00  6.043730e+00  5.954610e+00  5.878090e+00  5.811750e+00  
5.755550e+00  5.734660e+00  5.721100e+00  5.711220e+00  5.664680e+00  5.641790e+00  
5.651990e+00  5.657160e+00  5.654810e+00  5.652560e+00  5.653780e+00  5.665690e+00  
8.467146e+00  8.467144e+00  8.467142e+00  8.467140e+00  8.467137e+00  8.467131e+00  
8.467122e+00  8.467108e+00  8.467086e+00  8.467051e+00  8.466994e+00  8.466906e+00  
8.466767e+00  8.466545e+00  8.466197e+00  8.465646e+00  8.464778e+00  8.463410e+00  
8.461252e+00  8.457840e+00  8.452417e+00  8.443769e+00  8.429907e+00  8.407430e+00  
8.370079e+00  8.304731e+00  8.185834e+00  8.003045e+00  7.799107e+00  7.580852e+00  
7.357359e+00  7.140759e+00  6.944238e+00  6.770770e+00  6.618582e+00  6.484490e+00  
6.363255e+00  6.250540e+00  6.144680e+00  6.041310e+00  5.937960e+00  5.839770e+00  
5.754600e+00  5.718500e+00  5.685010e+00  5.660440e+00  5.636610e+00  5.629760e+00  
5.623060e+00  5.623560e+00  5.623080e+00  5.620890e+00  5.621230e+00  5.630370e+00  
9.426394e+00  9.426389e+00  9.426386e+00  9.426381e+00  9.426374e+00  9.426362e+00  
9.426344e+00  9.426315e+00  9.426268e+00  9.426193e+00  9.426077e+00  9.425892e+00  
9.425599e+00  9.425135e+00  9.424402e+00  9.423246e+00  9.421422e+00  9.418544e+00  
9.413995e+00  9.406783e+00  9.395319e+00  9.377081e+00  9.347984e+00  9.301375e+00  
9.226108e+00  9.102280e+00  8.895509e+00  8.602900e+00  8.300323e+00  7.994425e+00  
7.693636e+00  7.409404e+00  7.153566e+00  6.927462e+00  6.728347e+00  6.551890e+00  
6.391148e+00  6.240848e+00  6.100360e+00  5.966680e+00  5.837930e+00  5.715910e+00  
5.604510e+00  5.554100e+00  5.505640e+00  5.468850e+00  5.433590e+00  5.424430e+00  
5.415620e+00  5.416540e+00  5.415730e+00  5.412340e+00  5.412830e+00  5.412850e+00  
9.996619e+00  9.996613e+00  9.996610e+00  9.996605e+00  9.996597e+00  9.996584e+00  
9.996564e+00  9.996531e+00  9.996480e+00  9.996399e+00  9.996270e+00  9.996068e+00  
9.995746e+00  9.995240e+00  9.994440e+00  9.993180e+00  9.991195e+00  9.988063e+00  
9.983107e+00  9.975232e+00  9.962690e+00  9.942659e+00  9.910453e+00  9.858054e+00  
9.770450e+00  9.615128e+00  9.331834e+00  8.915071e+00  8.495624e+00  8.109020e+00  
7.759732e+00  7.446729e+00  7.168799e+00  6.919300e+00  6.687863e+00  6.469215e+00  
6.267792e+00  6.086964e+00  5.925271e+00  5.776180e+00  5.634100e+00  5.500770e+00  
5.376480e+00  5.316550e+00  5.258600e+00  5.214610e+00  5.171340e+00  5.161160e+00  
5.152090e+00  5.152720e+00  5.151490e+00  5.148680e+00  5.148220e+00  5.144570e+00  
1.081582e+01  1.081581e+01  1.081580e+01  1.081579e+01  1.081577e+01  1.081574e+01  
1.081570e+01  1.081563e+01  1.081551e+01  1.081533e+01  1.081504e+01  1.081459e+01  
1.081387e+01  1.081274e+01  1.081095e+01  1.080813e+01  1.080367e+01  1.079661e+01  
1.078543e+01  1.076765e+01  1.073941e+01  1.069449e+01  1.062310e+01  1.050999e+01  
1.033213e+01  1.005735e+01  9.642912e+00  9.116930e+00  8.629879e+00  8.180470e+00  
7.767753e+00  7.389858e+00  7.045488e+00  6.732856e+00  6.449541e+00  6.192725e+00  
5.958514e+00  5.744449e+00  5.551676e+00  5.380920e+00  5.229060e+00  5.082170e+00  
4.927870e+00  4.850870e+00  4.780470e+00  4.731090e+00  4.678020e+00  4.664380e+00  
4.655600e+00  4.655610e+00  4.654220e+00  4.652480e+00  4.652140e+00  4.648060e+00  
1.118542e+01  1.118541e+01  1.118540e+01  1.118538e+01  1.118536e+01  1.118533e+01  
1.118528e+01  1.118519e+01  1.118505e+01  1.118483e+01  1.118450e+01  1.118396e+01  
1.118313e+01  1.118180e+01  1.117970e+01  1.117639e+01  1.117116e+01  1.116288e+01  
1.114972e+01  1.112881e+01  1.109554e+01  1.104255e+01  1.095827e+01  1.082484e+01  
1.061527e+01  1.029305e+01  9.810781e+00  9.203509e+00  8.646914e+00  8.138094e+00  
7.675497e+00  7.256083e+00  6.876880e+00  6.534945e+00  6.226929e+00  5.948804e+00  
5.695011e+00  5.461873e+00  5.249980e+00  5.059834e+00  4.888660e+00  4.722720e+00  
4.550590e+00  4.465180e+00  4.386430e+00  4.330050e+00  4.268920e+00  4.253610e+00  
4.244610e+00  4.243080e+00  4.241880e+00  4.242920e+00  4.242850e+00  4.241410e+00  
1.138850e+01  1.138848e+01  1.138848e+01  1.138846e+01  1.138844e+01  1.138840e+01  
1.138834e+01  1.138825e+01  1.138810e+01  1.138786e+01  1.138749e+01  1.138689e+01  
1.138595e+01  1.138448e+01  1.138216e+01  1.137850e+01  1.137272e+01  1.136354e+01  
1.134894e+01  1.132572e+01  1.128871e+01  1.122970e+01  1.113586e+01  1.098731e+01  
1.075442e+01  1.039842e+01  9.870202e+00  9.210564e+00  8.612499e+00  8.070709e+00  
7.581470e+00  7.139590e+00  6.739807e+00  6.378389e+00  6.051932e+00  5.756430e+00  
5.486482e+00  5.237987e+00  5.009655e+00  4.798618e+00  4.602230e+00  4.417490e+00  
4.242600e+00  4.158060e+00  4.070860e+00  3.999250e+00  3.932150e+00  3.917850e+00  
3.907310e+00  3.905080e+00  3.903680e+00  3.905410e+00  3.909710e+00  3.909340e+00  
1.152292e+01  1.152290e+01  1.152289e+01  1.152288e+01  1.152285e+01  1.152281e+01  
1.152275e+01  1.152264e+01  1.152249e+01  1.152223e+01  1.152183e+01  1.152119e+01  
1.152018e+01  1.151860e+01  1.151612e+01  1.151219e+01  1.150599e+01  1.149612e+01  
1.148040e+01  1.145538e+01  1.141544e+01  1.135170e+01  1.125034e+01  1.108982e+01  
1.083857e+01  1.045606e+01  9.891846e+00  9.191355e+00  8.561390e+00  7.995073e+00  
7.486574e+00  7.029256e+00  6.616497e+00  6.243636e+00  5.906459e+00  5.600029e+00  
5.317647e+00  5.054661e+00  4.811185e+00  4.587391e+00  4.382065e+00  4.187500e+00  
3.996380e+00  3.901970e+00  3.806710e+00  3.731040e+00  3.658880e+00  3.642180e+00  
3.632350e+00  3.625490e+00  3.624320e+00  3.633630e+00  3.631840e+00  3.635520e+00  
1.164654e+01  1.164652e+01  1.164651e+01  1.164649e+01  1.164647e+01  1.164642e+01  
1.164635e+01  1.164624e+01  1.164606e+01  1.164579e+01  1.164535e+01  1.164466e+01  
1.164357e+01  1.164186e+01  1.163919e+01  1.163496e+01  1.162826e+01  1.161756e+01  
1.160051e+01  1.157325e+01  1.152961e+01  1.145988e+01  1.134888e+01  1.117301e+01  
1.089845e+01  1.048274e+01  9.874680e+00  9.125325e+00  8.458058e+00  7.863689e+00  
7.332671e+00  6.855603e+00  6.423835e+00  6.032402e+00  5.677368e+00  5.354236e+00  
5.057294e+00  4.781944e+00  4.526202e+00  4.286433e+00  4.059124e+00  3.841150e+00  
3.628850e+00  3.523870e+00  3.416520e+00  3.329700e+00  3.247000e+00  3.226930e+00  
3.209960e+00  3.206830e+00  3.205180e+00  3.207040e+00  3.211630e+00  3.212600e+00  
1.167174e+01  1.167172e+01  1.167171e+01  1.167169e+01  1.167166e+01  1.167162e+01  
1.167154e+01  1.167143e+01  1.167125e+01  1.167096e+01  1.167051e+01  1.166980e+01  
1.166870e+01  1.166696e+01  1.166423e+01  1.165993e+01  1.165307e+01  1.164210e+01  
1.162457e+01  1.159645e+01  1.155129e+01  1.147903e+01  1.136372e+01  1.118099e+01  
1.089598e+01  1.046482e+01  9.835155e+00  9.059771e+00  8.370573e+00  7.757616e+00  
7.210425e+00  6.719327e+00  6.275697e+00  5.874379e+00  5.511012e+00  5.180637e+00  
4.877059e+00  4.595153e+00  4.332131e+00  4.083138e+00  3.843422e+00  3.609312e+00  
3.377200e+00  3.261200e+00  3.143930e+00  3.050050e+00  2.956760e+00  2.931630e+00  
2.909720e+00  2.907010e+00  2.905190e+00  2.905110e+00  2.905230e+00  2.905330e+00  
1.158735e+01  1.158733e+01  1.158732e+01  1.158730e+01  1.158727e+01  1.158723e+01  
1.158715e+01  1.158704e+01  1.158686e+01  1.158658e+01  1.158613e+01  1.158544e+01  
1.158437e+01  1.158271e+01  1.158011e+01  1.157595e+01  1.156926e+01  1.155852e+01  
1.154114e+01  1.151294e+01  1.146739e+01  1.139402e+01  1.127637e+01  1.109007e+01  
1.079959e+01  1.036021e+01  9.717255e+00  8.923418e+00  8.217102e+00  7.585547e+00  
7.020005e+00  6.512224e+00  6.055151e+00  5.643466e+00  5.272147e+00  4.935687e+00  
4.627153e+00  4.340557e+00  4.071578e+00  3.812916e+00  3.557074e+00  3.297930e+00  
3.029610e+00  2.890570e+00  2.747630e+00  2.630770e+00  2.512140e+00  2.480870e+00  
2.454600e+00  2.452160e+00  2.449760e+00  2.447990e+00  2.444390e+00  2.443560e+00  
1.145012e+01  1.145010e+01  1.145009e+01  1.145007e+01  1.145004e+01  1.145000e+01  
1.144993e+01  1.144982e+01  1.144964e+01  1.144937e+01  1.144895e+01  1.144832e+01  
1.144733e+01  1.144583e+01  1.144345e+01  1.143959e+01  1.143335e+01  1.142321e+01  
1.140652e+01  1.137916e+01  1.133465e+01  1.126230e+01  1.114618e+01  1.096240e+01  
1.067624e+01  1.024409e+01  9.609531e+00  8.824617e+00  8.124184e+00  7.493997e+00  
6.927207e+00  6.417053e+00  5.957883e+00  5.544555e+00  5.172026e+00  4.834685e+00  
4.525722e+00  4.238869e+00  3.969124e+00  3.707787e+00  3.445467e+00  3.172854e+00  
2.879025e+00  2.720640e+00  2.550970e+00  2.406700e+00  2.264590e+00  2.232640e+00  
2.208590e+00  2.205450e+00  2.202320e+00  2.202180e+00  2.202760e+00  2.205770e+00  
1.120824e+01  1.120822e+01  1.120821e+01  1.120819e+01  1.120817e+01  1.120812e+01  
1.120806e+01  1.120795e+01  1.120779e+01  1.120755e+01  1.120720e+01  1.120668e+01  
1.120590e+01  1.120472e+01  1.120275e+01  1.119953e+01  1.119416e+01  1.118503e+01  
1.116952e+01  1.114363e+01  1.110042e+01  1.102960e+01  1.091601e+01  1.073660e+01  
1.045912e+01  1.004188e+01  9.432496e+00  8.681085e+00  8.008612e+00  7.401616e+00  
6.853936e+00  6.359516e+00  5.913164e+00  5.509655e+00  5.143585e+00  4.808667e+00  
4.497006e+00  4.202435e+00  3.922493e+00  3.653349e+00  3.386833e+00  3.103632e+00  
2.779663e+00  2.594506e+00  2.386090e+00  2.197960e+00  2.002330e+00  1.962270e+00  
1.950290e+00  1.948070e+00  1.942060e+00  1.944700e+00  1.958640e+00  1.981140e+00  
1.100611e+01  1.100609e+01  1.100608e+01  1.100607e+01  1.100604e+01  1.100600e+01  
1.100595e+01  1.100585e+01  1.100572e+01  1.100552e+01  1.100525e+01  1.100488e+01  
1.100435e+01  1.100350e+01  1.100203e+01  1.099954e+01  1.099507e+01  1.098701e+01  
1.097292e+01  1.094855e+01  1.090695e+01  1.083873e+01  1.072920e+01  1.055722e+01  
1.029263e+01  9.893906e+00  9.318564e+00  8.606084e+00  7.963604e+00  7.380336e+00  
6.850971e+00  6.370379e+00  5.934064e+00  5.537543e+00  5.176102e+00  4.844301e+00  
4.535200e+00  4.243156e+00  3.965240e+00  3.696682e+00  3.427271e+00  3.133126e+00  
2.783120e+00  2.575838e+00  2.336180e+00  2.114400e+00  1.875290e+00  1.824760e+00  
1.820170e+00  1.818940e+00  1.810940e+00  1.815710e+00  1.840250e+00  1.878270e+00  
1.085359e+01  1.085356e+01  1.085355e+01  1.085354e+01  1.085352e+01  1.085349e+01  
1.085343e+01  1.085335e+01  1.085324e+01  1.085309e+01  1.085292e+01  1.085271e+01  
1.085243e+01  1.085191e+01  1.085095e+01  1.084912e+01  1.084545e+01  1.083837e+01  
1.082546e+01  1.080212e+01  1.076193e+01  1.069581e+01  1.058990e+01  1.042481e+01  
1.017146e+01  9.790455e+00  9.243000e+00  8.564010e+00  7.947976e+00  7.385910e+00  
6.873378e+00  6.405868e+00  5.979494e+00  5.590363e+00  5.234344e+00  4.906653e+00  
4.601122e+00  4.312499e+00  4.037512e+00  3.770472e+00  3.499328e+00  3.195949e+00  
2.823491e+00  2.598162e+00  2.334550e+00  2.089340e+00  1.819490e+00  1.755090e+00  
1.730750e+00  1.733750e+00  1.742970e+00  1.750140e+00  1.775110e+00  1.817400e+00  
1.074029e+01  1.074028e+01  1.074027e+01  1.074025e+01  1.074023e+01  1.074019e+01  
1.074015e+01  1.074008e+01  1.074000e+01  1.073990e+01  1.073983e+01  1.073978e+01  
1.073973e+01  1.073952e+01  1.073905e+01  1.073781e+01  1.073480e+01  1.072855e+01  
1.071643e+01  1.069366e+01  1.065435e+01  1.058948e+01  1.048624e+01  1.032646e+01  
1.008046e+01  9.716645e+00  9.192475e+00  8.540574e+00  7.946579e+00  7.402518e+00  
6.904551e+00  6.448704e+00  6.031542e+00  5.649594e+00  5.299256e+00  4.976157e+00  
4.674788e+00  4.390186e+00  4.118820e+00  3.854410e+00  3.583553e+00  3.274791e+00  
2.885940e+00  2.645500e+00  2.359174e+00  2.088910e+00  1.785520e+00  1.710360e+00  
1.682030e+00  1.686190e+00  1.698380e+00  1.706690e+00  1.733780e+00  1.776930e+00  
1.058305e+01  1.058303e+01  1.058302e+01  1.058300e+01  1.058299e+01  1.058296e+01  
1.058293e+01  1.058290e+01  1.058286e+01  1.058289e+01  1.058303e+01  1.058331e+01  
1.058367e+01  1.058412e+01  1.058451e+01  1.058425e+01  1.058234e+01  1.057732e+01  
1.056583e+01  1.054357e+01  1.050488e+01  1.044120e+01  1.034163e+01  1.018918e+01  
9.955053e+00  9.619056e+00  9.131824e+00  8.521649e+00  7.962601e+00  7.447603e+00  
6.973754e+00  6.537784e+00  6.136929e+00  5.768366e+00  5.429093e+00  5.115509e+00  
4.822894e+00  4.546766e+00  4.283274e+00  4.025286e+00  3.757288e+00  3.442622e+00  
3.029882e+00  2.765592e+00  2.441567e+00  2.127450e+00  1.762720e+00  1.666660e+00  
1.627780e+00  1.633360e+00  1.649950e+00  1.659470e+00  1.687210e+00  1.726960e+00  
1.048267e+01  1.048266e+01  1.048265e+01  1.048264e+01  1.048263e+01  1.048261e+01  
1.048259e+01  1.048258e+01  1.048263e+01  1.048278e+01  1.048314e+01  1.048370e+01  
1.048450e+01  1.048559e+01  1.048671e+01  1.048723e+01  1.048624e+01  1.048187e+01  
1.047041e+01  1.044814e+01  1.040911e+01  1.034591e+01  1.024866e+01  1.009861e+01  
9.877304e+00  9.561026e+00  9.100619e+00  8.520888e+00  7.987845e+00  7.495017e+00  
7.040086e+00  6.620203e+00  6.233072e+00  5.876294e+00  5.547256e+00  5.242857e+00  
4.958917e+00  4.691264e+00  4.435846e+00  4.185031e+00  3.921795e+00  3.605588e+00  
3.177283e+00  2.895218e+00  2.541051e+00  2.189572e+00  1.769190e+00  1.653110e+00  
1.601580e+00  1.607630e+00  1.626930e+00  1.636680e+00  1.662320e+00  1.697490e+00  
1.035698e+01  1.035697e+01  1.035696e+01  1.035696e+01  1.035695e+01  1.035695e+01  
1.035698e+01  1.035708e+01  1.035732e+01  1.035785e+01  1.035873e+01  1.036001e+01  
1.036191e+01  1.036436e+01  1.036694e+01  1.036904e+01  1.036942e+01  1.036494e+01  
1.035279e+01  1.032874e+01  1.028779e+01  1.022455e+01  1.012875e+01  9.983855e+00  
9.785415e+00  9.498540e+00  9.078063e+00  8.545876e+00  8.054270e+00  7.598051e+00  
7.175523e+00  6.784469e+00  6.423190e+00  6.089822e+00  5.782343e+00  5.498234e+00  
5.233994e+00  4.985871e+00  4.749772e+00  4.517448e+00  4.269872e+00  3.960329e+00  
3.515398e+00  3.206005e+00  2.798570e+00  2.374501e+00  1.831710e+00  1.669140e+00  
1.581410e+00  1.586060e+00  1.607260e+00  1.615230e+00  1.630490e+00  1.658220e+00  
1.034553e+01  1.034552e+01  1.034551e+01  1.034551e+01  1.034552e+01  1.034555e+01  
1.034564e+01  1.034586e+01  1.034637e+01  1.034727e+01  1.034863e+01  1.035070e+01  
1.035361e+01  1.035717e+01  1.036089e+01  1.036420e+01  1.036469e+01  1.035955e+01  
1.034596e+01  1.031960e+01  1.027712e+01  1.021377e+01  1.011369e+01  9.981315e+00  
9.796286e+00  9.523386e+00  9.113246e+00  8.585486e+00  8.095028e+00  7.645359e+00  
7.237459e+00  6.871393e+00  6.546439e+00  6.253137e+00  5.976805e+00  5.708562e+00  
5.450199e+00  5.203094e+00  4.966115e+00  4.736330e+00  4.504914e+00  4.244779e+00  
3.859621e+00  3.542405e+00  3.068602e+00  2.535166e+00  1.866790e+00  1.707270e+00  
1.607740e+00  1.595070e+00  1.590930e+00  1.599050e+00  1.629570e+00  1.638630e+00  
1.032720e+01  1.032719e+01  1.032719e+01  1.032720e+01  1.032724e+01  1.032734e+01  
1.032760e+01  1.032814e+01  1.032917e+01  1.033075e+01  1.033315e+01  1.033666e+01  
1.034119e+01  1.034637e+01  1.035183e+01  1.035552e+01  1.035463e+01  1.034681e+01  
1.032831e+01  1.029668e+01  1.024962e+01  1.017415e+01  1.007706e+01  9.950939e+00  
9.771701e+00  9.508640e+00  9.121480e+00  8.633972e+00  8.186502e+00  7.775155e+00  
7.398074e+00  7.053136e+00  6.738489e+00  6.452103e+00  6.191518e+00  5.953324e+00  
5.732140e+00  5.523176e+00  5.323589e+00  5.127288e+00  4.920278e+00  4.667040e+00  
4.282297e+00  3.970302e+00  3.479600e+00  2.888132e+00  2.047641e+00  1.799260e+00  
1.619700e+00  1.603110e+00  1.596940e+00  1.600380e+00  1.613870e+00  1.619350e+00  
1.032277e+01  1.032277e+01  1.032277e+01  1.032280e+01  1.032289e+01  1.032310e+01  
1.032356e+01  1.032448e+01  1.032600e+01  1.032829e+01  1.033177e+01  1.033654e+01  
1.034236e+01  1.034896e+01  1.035531e+01  1.035831e+01  1.035596e+01  1.034501e+01  
1.032278e+01  1.028814e+01  1.023637e+01  1.015794e+01  1.006831e+01  9.949233e+00  
9.778147e+00  9.525390e+00  9.151822e+00  8.680332e+00  8.247011e+00  7.848950e+00  
7.484953e+00  7.153778e+00  6.854445e+00  6.585103e+00  6.343321e+00  6.125482e+00  
5.925813e+00  5.738995e+00  5.561726e+00  5.386734e+00  5.199627e+00  4.967474e+00  
4.605456e+00  4.301648e+00  3.806817e+00  3.180098e+00  2.210039e+00  1.896830e+00  
1.639910e+00  1.612060e+00  1.600190e+00  1.601070e+00  1.603070e+00  1.609640e+00  
1.032753e+01  1.032754e+01  1.032755e+01  1.032761e+01  1.032776e+01  1.032809e+01  
1.032879e+01  1.033008e+01  1.033207e+01  1.033512e+01  1.033958e+01  1.034543e+01  
1.035234e+01  1.036009e+01  1.036635e+01  1.036845e+01  1.036420e+01  1.035010e+01  
1.032495e+01  1.028814e+01  1.022641e+01  1.015454e+01  1.006947e+01  9.954775e+00  
9.788583e+00  9.541869e+00  9.176258e+00  8.714280e+00  8.289574e+00  7.899885e+00  
7.544401e+00  7.222528e+00  6.933827e+00  6.676637e+00  6.448578e+00  6.246060e+00  
6.063164e+00  5.894291e+00  5.735677e+00  5.578841e+00  5.408752e+00  5.194381e+00  
4.852980e+00  4.560168e+00  4.072381e+00  3.429709e+00  2.361137e+00  1.990230e+00  
1.660100e+00  1.620400e+00  1.601540e+00  1.600700e+00  1.595380e+00  1.603790e+00  
1.033405e+01  1.033406e+01  1.033409e+01  1.033418e+01  1.033440e+01  1.033487e+01  
1.033583e+01  1.033746e+01  1.033994e+01  1.034375e+01  1.034910e+01  1.035585e+01  
1.036378e+01  1.037219e+01  1.037796e+01  1.037908e+01  1.037256e+01  1.035573e+01  
1.032824e+01  1.028888e+01  1.022260e+01  1.015489e+01  1.007300e+01  9.961315e+00  
9.798364e+00  9.555559e+00  9.195090e+00  8.739448e+00  8.320615e+00  7.936759e+00  
7.587386e+00  7.272305e+00  6.991424e+00  6.743295e+00  6.525607e+00  6.334892e+00  
6.165218e+00  6.010896e+00  5.867805e+00  5.726455e+00  5.571192e+00  5.372430e+00  
5.049931e+00  4.768997e+00  4.293508e+00  3.645904e+00  2.500700e+00  2.078748e+00  
1.679970e+00  1.628420e+00  1.601790e+00  1.599690e+00  1.589720e+00  1.599920e+00  
1.035114e+01  1.035118e+01  1.035124e+01  1.035141e+01  1.035180e+01  1.035260e+01  
1.035406e+01  1.035636e+01  1.035989e+01  1.036507e+01  1.037196e+01  1.038026e+01  
1.038984e+01  1.039828e+01  1.040284e+01  1.040134e+01  1.039035e+01  1.036918e+01  
1.033828e+01  1.028402e+01  1.022481e+01  1.016196e+01  1.008366e+01  9.974811e+00  
9.814334e+00  9.574274e+00  9.218106e+00  8.769453e+00  8.358724e+00  7.984010e+00  
7.644508e+00  7.339668e+00  7.068998e+00  6.831570e+00  6.626054e+00  6.450359e+00  
6.300618e+00  6.172168e+00  6.059202e+00  5.947367e+00  5.815343e+00  5.629895e+00  
5.318186e+00  5.059956e+00  4.645281e+00  4.047023e+00  2.765450e+00  2.222256e+00  
1.709330e+00  1.645470e+00  1.603690e+00  1.593410e+00  1.592000e+00  1.595090e+00  
1.035463e+01  1.035469e+01  1.035480e+01  1.035506e+01  1.035565e+01  1.035681e+01  
1.035876e+01  1.036173e+01  1.036630e+01  1.037270e+01  1.038082e+01  1.039054e+01  
1.040097e+01  1.040873e+01  1.041192e+01  1.040729e+01  1.039262e+01  1.036827e+01  
1.033321e+01  1.027298e+01  1.021879e+01  1.015941e+01  1.008392e+01  9.977567e+00  
9.819586e+00  9.582470e+00  9.230381e+00  8.787292e+00  8.382176e+00  8.013262e+00  
7.679821e+00  7.381390e+00  7.117511e+00  6.887473e+00  6.690298e+00  6.524364e+00  
6.386402e+00  6.272364e+00  6.176839e+00  6.085578e+00  5.976859e+00  5.815510e+00  
5.528887e+00  5.287548e+00  4.898947e+00  4.323909e+00  2.994364e+00  2.375245e+00  
1.739490e+00  1.656160e+00  1.603380e+00  1.591350e+00  1.589410e+00  1.592170e+00  
1.035329e+01  1.035346e+01  1.035372e+01  1.035429e+01  1.035547e+01  1.035748e+01  
1.036057e+01  1.036536e+01  1.037218e+01  1.038103e+01  1.039175e+01  1.040379e+01  
1.041373e+01  1.041941e+01  1.041775e+01  1.040606e+01  1.038493e+01  1.035545e+01  
1.029847e+01  1.025012e+01  1.020302e+01  1.014898e+01  1.007777e+01  9.975101e+00  
9.820796e+00  9.588152e+00  9.242479e+00  8.807725e+00  8.410849e+00  8.050387e+00  
7.725695e+00  7.436394e+00  7.182275e+00  6.962917e+00  6.777770e+00  6.625646e+00  
6.503925e+00  6.409578e+00  6.338735e+00  6.279446e+00  6.212034e+00  6.100897e+00  
5.874976e+00  5.671597e+00  5.331685e+00  4.809084e+00  3.458626e+00  2.711339e+00  
1.816170e+00  1.685200e+00  1.602040e+00  1.590280e+00  1.584590e+00  1.588270e+00  
1.036339e+01  1.036372e+01  1.036417e+01  1.036513e+01  1.036691e+01  1.036969e+01  
1.037403e+01  1.038045e+01  1.038915e+01  1.039987e+01  1.041266e+01  1.042490e+01  
1.043354e+01  1.043631e+01  1.042949e+01  1.041272e+01  1.038778e+01  1.033975e+01  
1.029002e+01  1.024721e+01  1.020388e+01  1.015241e+01  1.008274e+01  9.980712e+00  
9.826246e+00  9.592836e+00  9.246490e+00  8.812829e+00  8.419063e+00  8.063490e+00  
7.745007e+00  7.462706e+00  7.215846e+00  7.003786e+00  6.825769e+00  6.680105e+00  
6.563343e+00  6.473185e+00  6.410311e+00  6.372314e+00  6.345384e+00  6.279720e+00  
6.091853e+00  5.913796e+00  5.621563e+00  5.144407e+00  3.792195e+00  3.005853e+00  
1.897660e+00  1.718410e+00  1.602110e+00  1.593160e+00  1.580980e+00  1.586340e+00  
1.036189e+01  1.036265e+01  1.036359e+01  1.036538e+01  1.036824e+01  1.037266e+01  
1.037936e+01  1.038853e+01  1.039999e+01  1.041389e+01  1.042796e+01  1.043868e+01  
1.044392e+01  1.043967e+01  1.042511e+01  1.040217e+01  1.035856e+01  1.030789e+01  
1.026793e+01  1.023169e+01  1.019326e+01  1.014550e+01  1.007872e+01  9.979161e+00  
9.827154e+00  9.596532e+00  9.253698e+00  8.824497e+00  8.434941e+00  8.083556e+00  
7.769313e+00  7.491430e+00  7.249358e+00  7.042648e+00  6.870779e+00  6.732403e+00  
6.624649e+00  6.545940e+00  6.498294e+00  6.481475e+00  6.485545e+00  6.467795e+00  
6.353570e+00  6.223016e+00  5.984377e+00  5.571485e+00  4.315529e+00  3.464716e+00  
2.053146e+00  1.801230e+00  1.613180e+00  1.597950e+00  1.578140e+00  1.584390e+00  
1.036475e+01  1.036608e+01  1.036758e+01  1.037013e+01  1.037406e+01  1.038018e+01  
1.038887e+01  1.040012e+01  1.041395e+01  1.042952e+01  1.044277e+01  1.045156e+01  
1.045209e+01  1.044192e+01  1.042229e+01  1.039464e+01  1.033593e+01  1.029365e+01  
1.025892e+01  1.022650e+01  1.019085e+01  1.014506e+01  1.007968e+01  9.981183e+00  
9.830085e+00  9.600466e+00  9.259039e+00  8.831659e+00  8.443903e+00  8.094417e+00  
7.782212e+00  7.506588e+00  7.267026e+00  7.063184e+00  6.894583e+00  6.760106e+00  
6.657051e+00  6.584250e+00  6.544543e+00  6.539222e+00  6.561320e+00  6.574191e+00  
6.510618e+00  6.413110e+00  6.210454e+00  5.844286e+00  4.691187e+00  3.819344e+00  
2.201634e+00  1.888880e+00  1.628390e+00  1.603830e+00  1.577190e+00  1.583420e+00  
1.036753e+01  1.036954e+01  1.037159e+01  1.037485e+01  1.037994e+01  1.038756e+01  
1.039796e+01  1.041095e+01  1.042670e+01  1.044241e+01  1.045456e+01  1.046072e+01  
1.045663e+01  1.044199e+01  1.041927e+01  1.037182e+01  1.032237e+01  1.028509e+01  
1.025388e+01  1.022402e+01  1.019020e+01  1.014566e+01  1.008112e+01  9.983212e+00  
9.832570e+00  9.603431e+00  9.262708e+00  8.836258e+00  8.449521e+00  8.101164e+00  
7.790239e+00  7.516054e+00  7.278149e+00  7.076217e+00  6.909796e+00  6.777877e+00  
6.677831e+00  6.608729e+00  6.573931e+00  6.575818e+00  6.609484e+00  6.642883e+00  
6.614851e+00  6.541536e+00  6.366728e+00  6.037976e+00  4.974776e+00  4.102022e+00  
2.342323e+00  1.976550e+00  1.644940e+00  1.609810e+00  1.577040e+00  1.582850e+00  
1.035117e+01  1.035393e+01  1.035651e+01  1.036048e+01  1.036672e+01  1.037571e+01  
1.038752e+01  1.040214e+01  1.041910e+01  1.043427e+01  1.044519e+01  1.044819e+01  
1.044008e+01  1.042204e+01  1.039702e+01  1.033821e+01  1.029454e+01  1.026093e+01  
1.023251e+01  1.020486e+01  1.017286e+01  1.013003e+01  1.006740e+01  9.971926e+00  
9.824638e+00  9.599972e+00  9.264610e+00  8.843090e+00  8.458971e+00  8.111454e+00  
7.800138e+00  7.525023e+00  7.286388e+00  7.084305e+00  6.918763e+00  6.789413e+00  
6.694706e+00  6.633632e+00  6.606482e+00  6.608458e+00  6.632673e+00  6.668940e+00  
6.682648e+00  6.642234e+00  6.492051e+00  6.179739e+00  5.187882e+00  4.340570e+00  
2.479067e+00  2.059566e+00  1.659850e+00  1.618200e+00  1.577600e+00  1.582460e+00  
1.035174e+01  1.035615e+01  1.035968e+01  1.036521e+01  1.037351e+01  1.038484e+01  
1.039905e+01  1.041635e+01  1.043371e+01  1.044746e+01  1.045497e+01  1.045186e+01  
1.043754e+01  1.041521e+01  1.036617e+01  1.031580e+01  1.027918e+01  1.025049e+01  
1.022568e+01  1.020058e+01  1.017035e+01  1.012874e+01  1.006697e+01  9.972142e+00  
9.825435e+00  9.601412e+00  9.266929e+00  8.846598e+00  8.463749e+00  8.117561e+00  
7.807683e+00  7.534107e+00  7.297132e+00  7.096897e+00  6.933513e+00  6.806793e+00  
6.715414e+00  6.658608e+00  6.636797e+00  6.645370e+00  6.678422e+00  6.729787e+00  
6.773892e+00  6.761098e+00  6.655430e+00  6.395761e+00  5.498234e+00  4.698217e+00  
2.734577e+00  2.223634e+00  1.692640e+00  1.631470e+00  1.578200e+00  1.581980e+00  
1.035179e+01  1.035791e+01  1.036196e+01  1.036943e+01  1.037958e+01  1.039281e+01  
1.040917e+01  1.042730e+01  1.044472e+01  1.045735e+01  1.045991e+01  1.045149e+01  
1.043290e+01  1.040702e+01  1.034398e+01  1.030083e+01  1.026876e+01  1.024342e+01  
1.022105e+01  1.019768e+01  1.016866e+01  1.012794e+01  1.006688e+01  9.972729e+00  
9.826729e+00  9.603357e+00  9.269142e+00  8.848562e+00  8.465381e+00  8.119443e+00  
7.810474e+00  7.538526e+00  7.303870e+00  7.106175e+00  6.944761e+00  6.819189e+00  
6.728958e+00  6.674152e+00  6.655408e+00  6.668411e+00  6.708280e+00  6.771401e+00  
6.830794e+00  6.828170e+00  6.753342e+00  6.559581e+00  5.755019e+00  4.923847e+00  
2.951562e+00  2.393513e+00  1.731390e+00  1.627410e+00  1.592240e+00  1.581680e+00  
