1.318271e+00  1.318272e+00  1.318272e+00  1.318273e+00  1.318275e+00  1.318277e+00  
1.318280e+00  1.318286e+00  1.318295e+00  1.318309e+00  1.318331e+00  1.318365e+00  
1.318420e+00  1.318508e+00  1.318646e+00  1.318866e+00  1.319214e+00  1.319766e+00  
1.320640e+00  1.322026e+00  1.324222e+00  1.327703e+00  1.333224e+00  1.341982e+00  
1.355896e+00  1.378076e+00  1.413544e+00  1.461980e+00  1.510667e+00  1.559363e+00  
1.607774e+00  1.655582e+00  1.702474e+00  1.748141e+00  1.792388e+00  1.835260e+00  
1.877240e+00  1.918660e+00  1.958940e+00  1.997350e+00  2.033280e+00  2.067270e+00  
2.099780e+00  2.115530e+00  2.132320e+00  2.147810e+00  2.169540e+00  2.176780e+00  
2.181220e+00  2.181350e+00  2.181410e+00  2.181430e+00  2.181270e+00  2.182010e+00  
1.743063e+00  1.743064e+00  1.743065e+00  1.743066e+00  1.743067e+00  1.743070e+00  
1.743074e+00  1.743080e+00  1.743090e+00  1.743106e+00  1.743132e+00  1.743172e+00  
1.743236e+00  1.743337e+00  1.743497e+00  1.743750e+00  1.744152e+00  1.744789e+00  
1.745799e+00  1.747400e+00  1.749938e+00  1.753959e+00  1.760335e+00  1.770446e+00  
1.786487e+00  1.811969e+00  1.852475e+00  1.907358e+00  1.961969e+00  2.016016e+00  
2.069159e+00  2.121004e+00  2.171212e+00  2.219480e+00  2.265654e+00  2.309980e+00  
2.353290e+00  2.396230e+00  2.438430e+00  2.479400e+00  2.518940e+00  2.558260e+00  
2.598120e+00  2.617240e+00  2.634510e+00  2.646810e+00  2.663200e+00  2.669580e+00  
2.676390e+00  2.676270e+00  2.673430e+00  2.672600e+00  2.673060e+00  2.677200e+00  
2.107303e+00  2.107304e+00  2.107305e+00  2.107306e+00  2.107308e+00  2.107311e+00  
2.107315e+00  2.107322e+00  2.107333e+00  2.107351e+00  2.107379e+00  2.107424e+00  
2.107494e+00  2.107606e+00  2.107784e+00  2.108066e+00  2.108511e+00  2.109218e+00  
2.110338e+00  2.112114e+00  2.114928e+00  2.119389e+00  2.126459e+00  2.137664e+00  
2.155413e+00  2.183502e+00  2.227846e+00  2.287386e+00  2.345983e+00  2.403212e+00  
2.458652e+00  2.511884e+00  2.562515e+00  2.610230e+00  2.654972e+00  2.697240e+00  
2.738320e+00  2.779330e+00  2.820100e+00  2.860390e+00  2.900300e+00  2.941380e+00  
2.984390e+00  3.004920e+00  3.021730e+00  3.031670e+00  3.046160e+00  3.052420e+00  
3.057990e+00  3.057790e+00  3.055500e+00  3.054820e+00  3.055250e+00  3.058640e+00  
2.700642e+00  2.700644e+00  2.700645e+00  2.700646e+00  2.700648e+00  2.700652e+00  
2.700658e+00  2.700668e+00  2.700683e+00  2.700707e+00  2.700745e+00  2.700805e+00  
2.700901e+00  2.701052e+00  2.701292e+00  2.701672e+00  2.702275e+00  2.703230e+00  
2.704744e+00  2.707142e+00  2.710945e+00  2.716967e+00  2.726498e+00  2.741539e+00  
2.765117e+00  2.801462e+00  2.856161e+00  2.924907e+00  2.987084e+00  3.042676e+00  
3.092262e+00  3.137342e+00  3.180067e+00  3.220913e+00  3.259871e+00  3.297450e+00  
3.334570e+00  3.371940e+00  3.409210e+00  3.445650e+00  3.480830e+00  3.516070e+00  
3.552530e+00  3.570580e+00  3.587560e+00  3.599890e+00  3.612910e+00  3.616120e+00  
3.617900e+00  3.618270e+00  3.619180e+00  3.619360e+00  3.619360e+00  3.618550e+00  
3.184609e+00  3.184611e+00  3.184612e+00  3.184614e+00  3.184617e+00  3.184621e+00  
3.184628e+00  3.184639e+00  3.184656e+00  3.184684e+00  3.184728e+00  3.184798e+00  
3.184908e+00  3.185083e+00  3.185360e+00  3.185799e+00  3.186495e+00  3.187597e+00  
3.189347e+00  3.192118e+00  3.196509e+00  3.203465e+00  3.214464e+00  3.231790e+00  
3.258818e+00  3.299965e+00  3.360442e+00  3.433788e+00  3.496735e+00  3.549517e+00  
3.593275e+00  3.630550e+00  3.664847e+00  3.697019e+00  3.727213e+00  3.756050e+00  
3.784660e+00  3.813860e+00  3.843260e+00  3.871920e+00  3.899300e+00  3.927240e+00  
3.957860e+00  3.973990e+00  3.989940e+00  4.001950e+00  4.013300e+00  4.015560e+00  
4.013680e+00  4.014330e+00  4.018080e+00  4.018920e+00  4.018740e+00  4.014240e+00  
3.591448e+00  3.591450e+00  3.591451e+00  3.591453e+00  3.591456e+00  3.591461e+00  
3.591469e+00  3.591481e+00  3.591500e+00  3.591531e+00  3.591579e+00  3.591656e+00  
3.591777e+00  3.591970e+00  3.592275e+00  3.592758e+00  3.593524e+00  3.594738e+00  
3.596664e+00  3.599716e+00  3.604551e+00  3.612209e+00  3.624313e+00  3.643349e+00  
3.672926e+00  3.717493e+00  3.781681e+00  3.857067e+00  3.918613e+00  3.966764e+00  
4.003251e+00  4.031580e+00  4.056485e+00  4.079184e+00  4.099917e+00  4.119440e+00  
4.139000e+00  4.159490e+00  4.180490e+00  4.200830e+00  4.219830e+00  4.239720e+00  
4.263350e+00  4.276820e+00  4.291030e+00  4.302280e+00  4.311910e+00  4.313410e+00  
4.309110e+00  4.309940e+00  4.315470e+00  4.316730e+00  4.316410e+00  4.309600e+00  
3.941691e+00  3.941693e+00  3.941695e+00  3.941697e+00  3.941700e+00  3.941705e+00  
3.941713e+00  3.941726e+00  3.941747e+00  3.941779e+00  3.941830e+00  3.941911e+00  
3.942041e+00  3.942246e+00  3.942571e+00  3.943087e+00  3.943903e+00  3.945198e+00  
3.947251e+00  3.950503e+00  3.955659e+00  3.963820e+00  3.976714e+00  3.996968e+00  
4.028327e+00  4.075154e+00  4.141379e+00  4.216846e+00  4.275429e+00  4.317825e+00  
4.346300e+00  4.365251e+00  4.380554e+00  4.393686e+00  4.404984e+00  4.415300e+00  
4.425950e+00  4.437840e+00  4.450520e+00  4.462620e+00  4.473380e+00  4.485280e+00  
4.501770e+00  4.512310e+00  4.524190e+00  4.534070e+00  4.541870e+00  4.542770e+00  
4.537210e+00  4.538080e+00  4.544380e+00  4.545810e+00  4.545440e+00  4.537600e+00  
4.528415e+00  4.528417e+00  4.528418e+00  4.528420e+00  4.528423e+00  4.528428e+00  
4.528436e+00  4.528448e+00  4.528468e+00  4.528499e+00  4.528548e+00  4.528626e+00  
4.528750e+00  4.528945e+00  4.529254e+00  4.529746e+00  4.530525e+00  4.531761e+00  
4.533719e+00  4.536824e+00  4.541745e+00  4.549539e+00  4.561851e+00  4.581180e+00  
4.611064e+00  4.655547e+00  4.718068e+00  4.788466e+00  4.841480e+00  4.877182e+00  
4.896757e+00  4.902989e+00  4.899922e+00  4.889457e+00  4.873804e+00  4.857150e+00  
4.846700e+00  4.847220e+00  4.855030e+00  4.859240e+00  4.851630e+00  4.842870e+00  
4.845790e+00  4.851560e+00  4.858220e+00  4.863490e+00  4.867370e+00  4.866300e+00  
4.861900e+00  4.862730e+00  4.867720e+00  4.869150e+00  4.868350e+00  4.861910e+00  
4.995372e+00  4.995374e+00  4.995375e+00  4.995377e+00  4.995380e+00  4.995385e+00  
4.995393e+00  4.995405e+00  4.995424e+00  4.995455e+00  4.995503e+00  4.995580e+00  
4.995702e+00  4.995894e+00  4.996200e+00  4.996685e+00  4.997453e+00  4.998672e+00  
5.000606e+00  5.003670e+00  5.008529e+00  5.016222e+00  5.028366e+00  5.047388e+00  
5.076627e+00  5.119507e+00  5.177946e+00  5.240282e+00  5.282400e+00  5.304643e+00  
5.308655e+00  5.297912e+00  5.277303e+00  5.249155e+00  5.216093e+00  5.182790e+00  
5.157260e+00  5.144590e+00  5.140460e+00  5.132290e+00  5.110780e+00  5.088650e+00  
5.080050e+00  5.079940e+00  5.080240e+00  5.080140e+00  5.079510e+00  5.078350e+00  
5.075870e+00  5.076260e+00  5.078640e+00  5.079320e+00  5.078990e+00  5.075640e+00  
5.853609e+00  5.853611e+00  5.853612e+00  5.853614e+00  5.853617e+00  5.853622e+00  
5.853630e+00  5.853643e+00  5.853662e+00  5.853694e+00  5.853742e+00  5.853821e+00  
5.853946e+00  5.854143e+00  5.854457e+00  5.854953e+00  5.855740e+00  5.856989e+00  
5.858971e+00  5.862115e+00  5.867102e+00  5.874990e+00  5.887401e+00  5.906662e+00  
5.935586e+00  5.975377e+00  6.022059e+00  6.057647e+00  6.061863e+00  6.037920e+00  
5.991773e+00  5.933056e+00  5.873488e+00  5.815865e+00  5.760948e+00  5.708958e+00  
5.660400e+00  5.614960e+00  5.571940e+00  5.529290e+00  5.485950e+00  5.445710e+00  
5.413330e+00  5.399730e+00  5.384330e+00  5.370660e+00  5.361130e+00  5.359720e+00  
5.363020e+00  5.362240e+00  5.357490e+00  5.356410e+00  5.356710e+00  5.362530e+00  
6.476492e+00  6.476494e+00  6.476495e+00  6.476496e+00  6.476499e+00  6.476502e+00  
6.476509e+00  6.476518e+00  6.476534e+00  6.476558e+00  6.476597e+00  6.476658e+00  
6.476753e+00  6.476907e+00  6.477150e+00  6.477536e+00  6.478147e+00  6.479121e+00  
6.480667e+00  6.483122e+00  6.487019e+00  6.493181e+00  6.502834e+00  6.517642e+00  
6.539252e+00  6.566547e+00  6.591173e+00  6.593816e+00  6.562388e+00  6.501282e+00  
6.417950e+00  6.323690e+00  6.231808e+00  6.145569e+00  6.065515e+00  5.991257e+00  
5.922350e+00  5.857530e+00  5.795840e+00  5.734830e+00  5.673120e+00  5.614760e+00  
5.564440e+00  5.541080e+00  5.513580e+00  5.488900e+00  5.472250e+00  5.470090e+00  
5.478310e+00  5.476730e+00  5.466220e+00  5.463810e+00  5.464470e+00  5.477450e+00  
7.350885e+00  7.350885e+00  7.350886e+00  7.350886e+00  7.350886e+00  7.350887e+00  
7.350889e+00  7.350891e+00  7.350895e+00  7.350900e+00  7.350908e+00  7.350922e+00  
7.350944e+00  7.350978e+00  7.351033e+00  7.351122e+00  7.351265e+00  7.351496e+00  
7.351871e+00  7.352477e+00  7.353449e+00  7.354971e+00  7.357236e+00  7.360242e+00  
7.362941e+00  7.359636e+00  7.334489e+00  7.269015e+00  7.170050e+00  7.043577e+00  
6.898570e+00  6.747919e+00  6.605625e+00  6.475487e+00  6.357505e+00  6.250148e+00  
6.151300e+00  6.058730e+00  5.971510e+00  5.887720e+00  5.805410e+00  5.724130e+00  
5.643650e+00  5.603350e+00  5.561060e+00  5.525970e+00  5.496030e+00  5.495210e+00  
5.503770e+00  5.501320e+00  5.487200e+00  5.483230e+00  5.485430e+00  5.503250e+00  
7.953198e+00  7.953197e+00  7.953197e+00  7.953196e+00  7.953195e+00  7.953193e+00  
7.953190e+00  7.953185e+00  7.953177e+00  7.953165e+00  7.953145e+00  7.953115e+00  
7.953067e+00  7.952990e+00  7.952870e+00  7.952680e+00  7.952385e+00  7.951923e+00  
7.951205e+00  7.950084e+00  7.948324e+00  7.945508e+00  7.940851e+00  7.932807e+00  
7.917842e+00  7.886101e+00  7.815151e+00  7.687834e+00  7.528571e+00  7.344822e+00  
7.147012e+00  6.949461e+00  6.767292e+00  6.604141e+00  6.459566e+00  6.330518e+00  
6.213010e+00  6.103210e+00  5.998910e+00  5.896220e+00  5.792410e+00  5.691350e+00  
5.597250e+00  5.550970e+00  5.498750e+00  5.453680e+00  5.420040e+00  5.414110e+00  
5.421900e+00  5.419570e+00  5.405980e+00  5.402900e+00  5.403710e+00  5.420150e+00  
8.413028e+00  8.413026e+00  8.413025e+00  8.413023e+00  8.413020e+00  8.413015e+00  
8.413007e+00  8.412995e+00  8.412976e+00  8.412944e+00  8.412896e+00  8.412820e+00  
8.412697e+00  8.412505e+00  8.412202e+00  8.411723e+00  8.410971e+00  8.409787e+00  
8.407929e+00  8.405010e+00  8.400402e+00  8.393056e+00  8.381183e+00  8.361670e+00  
8.328559e+00  8.268332e+00  8.153399e+00  7.969699e+00  7.758405e+00  7.527642e+00  
7.288162e+00  7.054182e+00  6.840827e+00  6.651177e+00  6.484354e+00  6.336299e+00  
6.201833e+00  6.076510e+00  5.957750e+00  5.841350e+00  5.724260e+00  5.609820e+00  
5.502140e+00  5.449890e+00  5.393900e+00  5.347230e+00  5.308340e+00  5.300090e+00  
5.300510e+00  5.298710e+00  5.290630e+00  5.288820e+00  5.289250e+00  5.298540e+00  
8.780942e+00  8.780939e+00  8.780937e+00  8.780934e+00  8.780929e+00  8.780921e+00  
8.780909e+00  8.780890e+00  8.780860e+00  8.780811e+00  8.780735e+00  8.780613e+00  
8.780422e+00  8.780118e+00  8.779640e+00  8.778884e+00  8.777694e+00  8.775822e+00  
8.772878e+00  8.768242e+00  8.760914e+00  8.749235e+00  8.730456e+00  8.699993e+00  
8.649627e+00  8.562607e+00  8.407133e+00  8.172697e+00  7.915820e+00  7.644967e+00  
7.370708e+00  7.106616e+00  6.867453e+00  6.655841e+00  6.470198e+00  6.305843e+00  
6.156552e+00  6.017630e+00  5.886260e+00  5.758180e+00  5.630210e+00  5.505030e+00  
5.386660e+00  5.330270e+00  5.273110e+00  5.227280e+00  5.184250e+00  5.173690e+00  
5.165330e+00  5.164270e+00  5.163160e+00  5.163000e+00  5.162940e+00  5.163220e+00  
9.291148e+00  9.291145e+00  9.291143e+00  9.291140e+00  9.291135e+00  9.291128e+00  
9.291116e+00  9.291098e+00  9.291067e+00  9.291021e+00  9.290947e+00  9.290829e+00  
9.290644e+00  9.290350e+00  9.289889e+00  9.289163e+00  9.288025e+00  9.286241e+00  
9.283445e+00  9.279048e+00  9.272070e+00  9.260818e+00  9.242380e+00  9.211365e+00  
9.155999e+00  9.045579e+00  8.818013e+00  8.456482e+00  8.077013e+00  7.724182e+00  
7.403966e+00  7.114756e+00  6.855143e+00  6.621800e+00  6.407459e+00  6.206810e+00  
6.020854e+00  5.851290e+00  5.696200e+00  5.551280e+00  5.411420e+00  5.270110e+00  
5.131310e+00  5.070590e+00  5.013050e+00  4.968050e+00  4.918690e+00  4.904980e+00  
4.883360e+00  4.883280e+00  4.892760e+00  4.895480e+00  4.894220e+00  4.880910e+00  
9.842106e+00  9.842097e+00  9.842091e+00  9.842082e+00  9.842068e+00  9.842046e+00  
9.842012e+00  9.841958e+00  9.841870e+00  9.841733e+00  9.841516e+00  9.841172e+00  
9.840628e+00  9.839766e+00  9.838405e+00  9.836256e+00  9.832867e+00  9.827524e+00  
9.819098e+00  9.805787e+00  9.784678e+00  9.751070e+00  9.697546e+00  9.612523e+00  
9.478168e+00  9.268503e+00  8.947433e+00  8.533972e+00  8.144817e+00  7.779483e+00  
7.437398e+00  7.117944e+00  6.820851e+00  6.547140e+00  6.295537e+00  6.064065e+00  
5.851108e+00  5.656810e+00  5.481520e+00  5.324480e+00  5.182330e+00  5.040220e+00  
4.885270e+00  4.807880e+00  4.742130e+00  4.701430e+00  4.652090e+00  4.632370e+00  
4.606560e+00  4.607390e+00  4.620440e+00  4.623970e+00  4.622700e+00  4.604150e+00  
1.047091e+01  1.047090e+01  1.047089e+01  1.047088e+01  1.047086e+01  1.047083e+01  
1.047078e+01  1.047071e+01  1.047059e+01  1.047040e+01  1.047011e+01  1.046964e+01  
1.046890e+01  1.046772e+01  1.046587e+01  1.046295e+01  1.045836e+01  1.045112e+01  
1.043971e+01  1.042164e+01  1.039288e+01  1.034699e+01  1.027391e+01  1.015781e+01  
9.974691e+00  9.691032e+00  9.262581e+00  8.719424e+00  8.217940e+00  7.755527e+00  
7.329760e+00  6.939543e+00  6.583799e+00  6.260709e+00  5.967163e+00  5.699100e+00  
5.451940e+00  5.223267e+00  5.014140e+00  4.823260e+00  4.647620e+00  4.475760e+00  
4.298750e+00  4.212520e+00  4.136040e+00  4.084350e+00  4.026190e+00  4.008430e+00  
3.991840e+00  3.991300e+00  3.994830e+00  3.995890e+00  3.995340e+00  3.989130e+00  
1.083457e+01  1.083455e+01  1.083455e+01  1.083453e+01  1.083451e+01  1.083447e+01  
1.083442e+01  1.083433e+01  1.083419e+01  1.083396e+01  1.083360e+01  1.083304e+01  
1.083217e+01  1.083078e+01  1.082857e+01  1.082511e+01  1.081967e+01  1.081111e+01  
1.079760e+01  1.077613e+01  1.074185e+01  1.068710e+01  1.059982e+01  1.046111e+01  
1.024250e+01  9.905571e+00  9.400919e+00  8.767316e+00  8.188366e+00  7.660328e+00  
7.179423e+00  6.742721e+00  6.348746e+00  5.993514e+00  5.672218e+00  5.379457e+00  
5.108700e+00  4.855918e+00  4.622082e+00  4.406670e+00  4.206700e+00  4.013990e+00  
3.822690e+00  3.730230e+00  3.643870e+00  3.580620e+00  3.515790e+00  3.502670e+00  
3.499330e+00  3.496920e+00  3.487610e+00  3.485290e+00  3.485890e+00  3.496400e+00  
1.127442e+01  1.127440e+01  1.127439e+01  1.127437e+01  1.127434e+01  1.127429e+01  
1.127422e+01  1.127411e+01  1.127393e+01  1.127365e+01  1.127320e+01  1.127249e+01  
1.127138e+01  1.126962e+01  1.126686e+01  1.126254e+01  1.125574e+01  1.124504e+01  
1.122808e+01  1.120094e+01  1.115744e+01  1.108792e+01  1.097694e+01  1.080047e+01  
1.052361e+01  1.010244e+01  9.484801e+00  8.727240e+00  8.051456e+00  7.448718e+00  
6.911558e+00  6.430501e+00  5.997854e+00  5.607570e+00  5.253145e+00  4.927720e+00  
4.622912e+00  4.333561e+00  4.061185e+00  3.808710e+00  3.576040e+00  3.359550e+00  
3.157760e+00  3.062450e+00  2.967990e+00  2.894530e+00  2.827570e+00  2.812050e+00  
2.805100e+00  2.802920e+00  2.796150e+00  2.794720e+00  2.794930e+00  2.802010e+00  
1.154812e+01  1.154810e+01  1.154808e+01  1.154807e+01  1.154803e+01  1.154798e+01  
1.154789e+01  1.154777e+01  1.154756e+01  1.154724e+01  1.154674e+01  1.154593e+01  
1.154468e+01  1.154270e+01  1.153960e+01  1.153475e+01  1.152714e+01  1.151514e+01  
1.149596e+01  1.146513e+01  1.141565e+01  1.133640e+01  1.120960e+01  1.100788e+01  
1.069259e+01  1.021643e+01  9.526263e+00  8.689027e+00  7.952163e+00  7.301997e+00  
6.728647e+00  6.219096e+00  5.761274e+00  5.347849e+00  4.972313e+00  4.627531e+00  
4.305177e+00  3.999739e+00  3.711551e+00  3.441985e+00  3.191480e+00  2.957320e+00  
2.740500e+00  2.639990e+00  2.544370e+00  2.472460e+00  2.402240e+00  2.384680e+00  
2.368580e+00  2.367240e+00  2.368110e+00  2.368470e+00  2.368160e+00  2.365360e+00  
1.174241e+01  1.174239e+01  1.174237e+01  1.174235e+01  1.174232e+01  1.174226e+01  
1.174218e+01  1.174204e+01  1.174182e+01  1.174148e+01  1.174093e+01  1.174008e+01  
1.173872e+01  1.173662e+01  1.173333e+01  1.172819e+01  1.172013e+01  1.170734e+01  
1.168677e+01  1.165357e+01  1.160022e+01  1.151453e+01  1.137708e+01  1.115851e+01  
1.081772e+01  1.030534e+01  9.567622e+00  8.677081e+00  7.899408e+00  7.217418e+00  
6.618815e+00  6.088573e+00  5.612364e+00  5.181944e+00  4.790757e+00  4.431778e+00  
4.096723e+00  3.780066e+00  3.481503e+00  3.201496e+00  2.940630e+00  2.696450e+00  
2.469380e+00  2.363840e+00  2.264230e+00  2.190030e+00  2.117820e+00  2.099900e+00  
2.082950e+00  2.081660e+00  2.083120e+00  2.083630e+00  2.083270e+00  2.079490e+00  
1.189412e+01  1.189410e+01  1.189408e+01  1.189405e+01  1.189401e+01  1.189395e+01  
1.189386e+01  1.189372e+01  1.189349e+01  1.189313e+01  1.189256e+01  1.189167e+01  
1.189027e+01  1.188809e+01  1.188469e+01  1.187940e+01  1.187109e+01  1.185783e+01  
1.183633e+01  1.180154e+01  1.174552e+01  1.165527e+01  1.151017e+01  1.127968e+01  
1.092091e+01  1.038340e+01  9.613013e+00  8.685097e+00  7.878902e+00  7.175252e+00  
6.558893e+00  6.013333e+00  5.523147e+00  5.079635e+00  4.676237e+00  4.306010e+00  
3.960893e+00  3.635441e+00  3.329053e+00  3.041757e+00  2.773813e+00  2.522950e+00  
2.287790e+00  2.177500e+00  2.072980e+00  1.995130e+00  1.921060e+00  1.903160e+00  
1.887920e+00  1.886400e+00  1.886150e+00  1.886270e+00  1.886020e+00  1.884240e+00  
1.212594e+01  1.212591e+01  1.212590e+01  1.212588e+01  1.212584e+01  1.212578e+01  
1.212567e+01  1.212552e+01  1.212528e+01  1.212490e+01  1.212431e+01  1.212338e+01  
1.212194e+01  1.211971e+01  1.211627e+01  1.211091e+01  1.210244e+01  1.208868e+01  
1.206612e+01  1.202952e+01  1.197018e+01  1.187391e+01  1.171875e+01  1.147283e+01  
1.109095e+01  1.052181e+01  9.711277e+00  8.737959e+00  7.897519e+00  7.168957e+00  
6.531819e+00  5.967194e+00  5.458448e+00  4.996832e+00  4.575936e+00  4.189105e+00  
3.828740e+00  3.489670e+00  3.171079e+00  2.872583e+00  2.593462e+00  2.330860e+00  
2.081040e+00  1.961900e+00  1.848230e+00  1.763290e+00  1.684150e+00  1.665450e+00  
1.651710e+00  1.649840e+00  1.647380e+00  1.646990e+00  1.646870e+00  1.647820e+00  
1.229942e+01  1.229939e+01  1.229938e+01  1.229935e+01  1.229931e+01  1.229924e+01  
1.229915e+01  1.229899e+01  1.229874e+01  1.229836e+01  1.229776e+01  1.229683e+01  
1.229540e+01  1.229320e+01  1.228984e+01  1.228462e+01  1.227622e+01  1.226230e+01  
1.223938e+01  1.220193e+01  1.214077e+01  1.204079e+01  1.187975e+01  1.162479e+01  
1.122974e+01  1.064319e+01  9.811636e+00  8.815637e+00  7.959238e+00  7.219164e+00  
6.572209e+00  5.997718e+00  5.478306e+00  5.005452e+00  4.573012e+00  4.174589e+00  
3.802937e+00  3.453124e+00  3.124239e+00  2.815829e+00  2.526351e+00  2.251295e+00  
1.986680e+00  1.858830e+00  1.736380e+00  1.644390e+00  1.558210e+00  1.537600e+00  
1.522250e+00  1.520220e+00  1.517730e+00  1.517340e+00  1.517200e+00  1.518260e+00  
1.256895e+01  1.256892e+01  1.256891e+01  1.256888e+01  1.256884e+01  1.256877e+01  
1.256867e+01  1.256852e+01  1.256828e+01  1.256791e+01  1.256734e+01  1.256648e+01  
1.256521e+01  1.256331e+01  1.256047e+01  1.255594e+01  1.254819e+01  1.253485e+01  
1.251250e+01  1.247513e+01  1.241241e+01  1.230903e+01  1.214275e+01  1.188007e+01  
1.147526e+01  1.087756e+01  1.003250e+01  9.022396e+00  8.158781e+00  7.409504e+00  
6.752541e+00  6.167060e+00  5.636003e+00  5.150765e+00  4.705038e+00  4.292004e+00  
3.903797e+00  3.535235e+00  3.185829e+00  2.855693e+00  2.542418e+00  2.237452e+00  
1.935030e+00  1.784490e+00  1.635800e+00  1.520080e+00  1.410960e+00  1.384140e+00  
1.362380e+00  1.359890e+00  1.358060e+00  1.357830e+00  1.357600e+00  1.357580e+00  
1.270589e+01  1.270586e+01  1.270585e+01  1.270583e+01  1.270578e+01  1.270572e+01  
1.270562e+01  1.270548e+01  1.270526e+01  1.270492e+01  1.270441e+01  1.270369e+01  
1.270267e+01  1.270126e+01  1.269915e+01  1.269545e+01  1.268859e+01  1.267649e+01  
1.265554e+01  1.261918e+01  1.255668e+01  1.245362e+01  1.228773e+01  1.202678e+01  
1.162713e+01  1.103953e+01  1.020494e+01  9.206298e+00  8.350488e+00  7.601799e+00  
6.941937e+00  6.352741e+00  5.819207e+00  5.332408e+00  4.884914e+00  4.468507e+00  
4.073447e+00  3.693547e+00  3.329107e+00  2.981492e+00  2.648198e+00  2.317445e+00  
1.978770e+00  1.804930e+00  1.625640e+00  1.480080e+00  1.344120e+00  1.311360e+00  
1.285050e+00  1.281810e+00  1.278950e+00  1.278580e+00  1.278320e+00  1.278710e+00  
1.278276e+01  1.278274e+01  1.278272e+01  1.278270e+01  1.278267e+01  1.278262e+01  
1.278253e+01  1.278242e+01  1.278225e+01  1.278200e+01  1.278171e+01  1.278138e+01  
1.278110e+01  1.278087e+01  1.278031e+01  1.277838e+01  1.277393e+01  1.276495e+01  
1.274732e+01  1.271357e+01  1.265457e+01  1.255645e+01  1.239912e+01  1.215463e+01  
1.178461e+01  1.124018e+01  1.046112e+01  9.516444e+00  8.686284e+00  7.943846e+00  
7.278968e+00  6.681539e+00  6.143188e+00  5.655577e+00  5.210064e+00  4.796922e+00  
4.404228e+00  4.023155e+00  3.650924e+00  3.283914e+00  2.916021e+00  2.535598e+00  
2.129103e+00  1.911920e+00  1.681340e+00  1.482980e+00  1.278010e+00  1.231540e+00  
1.207440e+00  1.204190e+00  1.195090e+00  1.192900e+00  1.194130e+00  1.198020e+00  
1.283281e+01  1.283279e+01  1.283277e+01  1.283275e+01  1.283271e+01  1.283267e+01  
1.283261e+01  1.283251e+01  1.283238e+01  1.283226e+01  1.283217e+01  1.283228e+01  
1.283277e+01  1.283363e+01  1.283422e+01  1.283373e+01  1.283118e+01  1.282418e+01  
1.280745e+01  1.277400e+01  1.271491e+01  1.261653e+01  1.246052e+01  1.222190e+01  
1.186440e+01  1.133657e+01  1.059836e+01  9.699323e+00  8.901781e+00  8.184164e+00  
7.537553e+00  6.953179e+00  6.423620e+00  5.941380e+00  5.498550e+00  5.085989e+00  
4.692208e+00  4.308287e+00  3.930517e+00  3.553719e+00  3.168712e+00  2.757611e+00  
2.298325e+00  2.042653e+00  1.762910e+00  1.516050e+00  1.250350e+00  1.187760e+00  
1.165810e+00  1.163190e+00  1.148480e+00  1.144540e+00  1.147440e+00  1.153700e+00  
1.284769e+01  1.284767e+01  1.284766e+01  1.284764e+01  1.284761e+01  1.284757e+01  
1.284752e+01  1.284745e+01  1.284738e+01  1.284738e+01  1.284757e+01  1.284819e+01  
1.284950e+01  1.285133e+01  1.285299e+01  1.285400e+01  1.285319e+01  1.284757e+01  
1.283114e+01  1.279781e+01  1.273818e+01  1.263954e+01  1.248543e+01  1.225310e+01  
1.190649e+01  1.139658e+01  1.068968e+01  9.829105e+00  9.060171e+00  8.364922e+00  
7.735646e+00  7.164469e+00  6.644726e+00  6.169604e+00  5.731811e+00  5.322707e+00  
4.931272e+00  4.548566e+00  4.170111e+00  3.789326e+00  3.394323e+00  2.961570e+00  
2.460892e+00  2.173450e+00  1.850780e+00  1.561310e+00  1.240110e+00  1.161560e+00  
1.137950e+00  1.135780e+00  1.117770e+00  1.112770e+00  1.116760e+00  1.122950e+00  
1.284747e+01  1.284745e+01  1.284743e+01  1.284741e+01  1.284739e+01  1.284736e+01  
1.284732e+01  1.284728e+01  1.284728e+01  1.284744e+01  1.284793e+01  1.284911e+01  
1.285119e+01  1.285389e+01  1.285660e+01  1.285900e+01  1.285968e+01  1.285468e+01  
1.283825e+01  1.280441e+01  1.274361e+01  1.264414e+01  1.249140e+01  1.226392e+01  
1.192249e+01  1.143398e+01  1.075460e+01  9.925426e+00  9.181198e+00  8.505712e+00  
7.892246e+00  7.333620e+00  6.823778e+00  6.356425e+00  5.924782e+00  5.520657e+00  
5.133401e+00  4.754103e+00  4.377674e+00  3.996325e+00  3.595796e+00  3.147526e+00  
2.613841e+00  2.299786e+00  1.940135e+00  1.612020e+00  1.239860e+00  1.145860e+00  
1.117640e+00  1.115620e+00  1.095730e+00  1.090110e+00  1.094750e+00  1.099780e+00  
1.281569e+01  1.281566e+01  1.281565e+01  1.281564e+01  1.281562e+01  1.281561e+01  
1.281559e+01  1.281564e+01  1.281582e+01  1.281633e+01  1.281753e+01  1.281986e+01  
1.282340e+01  1.282762e+01  1.283245e+01  1.283735e+01  1.284004e+01  1.283517e+01  
1.281827e+01  1.278229e+01  1.271859e+01  1.261751e+01  1.246727e+01  1.224715e+01  
1.191734e+01  1.146810e+01  1.083744e+01  1.006054e+01  9.358565e+00  8.717078e+00  
8.131060e+00  7.594438e+00  7.102290e+00  6.649331e+00  6.229751e+00  5.836418e+00  
5.459843e+00  5.091375e+00  4.724773e+00  4.349787e+00  3.947030e+00  3.476701e+00  
2.886430e+00  2.526040e+00  2.104115e+00  1.714133e+00  1.270480e+00  1.148030e+00  
1.076700e+00  1.075550e+00  1.073810e+00  1.069250e+00  1.056490e+00  1.067010e+00  
1.279098e+01  1.279096e+01  1.279095e+01  1.279094e+01  1.279093e+01  1.279093e+01  
1.279096e+01  1.279110e+01  1.279148e+01  1.279243e+01  1.279442e+01  1.279789e+01  
1.280264e+01  1.280835e+01  1.281516e+01  1.282213e+01  1.282544e+01  1.282022e+01  
1.280180e+01  1.276280e+01  1.269563e+01  1.259281e+01  1.244373e+01  1.222195e+01  
1.190953e+01  1.148692e+01  1.089060e+01  1.015041e+01  9.479313e+00  8.863856e+00  
8.299896e+00  7.782081e+00  7.306138e+00  6.867394e+00  6.460609e+00  6.079251e+00  
5.714459e+00  5.357754e+00  5.002233e+00  4.636255e+00  4.237193e+00  3.757724e+00  
3.132984e+00  2.739625e+00  2.267767e+00  1.820970e+00  1.301210e+00  1.152770e+00  
1.059330e+00  1.056130e+00  1.054540e+00  1.049910e+00  1.035380e+00  1.044960e+00  
1.281700e+01  1.281698e+01  1.281698e+01  1.281698e+01  1.281700e+01  1.281705e+01  
1.281723e+01  1.281767e+01  1.281874e+01  1.282099e+01  1.282504e+01  1.283090e+01  
1.283827e+01  1.284764e+01  1.285853e+01  1.286780e+01  1.287039e+01  1.286250e+01  
1.283758e+01  1.278950e+01  1.271366e+01  1.260523e+01  1.245010e+01  1.222398e+01  
1.193755e+01  1.154266e+01  1.098158e+01  1.028361e+01  9.651421e+00  9.073357e+00  
8.545633e+00  8.063303e+00  7.622292e+00  7.217910e+00  6.844787e+00  6.495771e+00  
6.160720e+00  5.830275e+00  5.498053e+00  5.153200e+00  4.774175e+00  4.314084e+00  
3.684082e+00  3.247822e+00  2.666157e+00  2.074282e+00  1.372630e+00  1.176260e+00  
1.055200e+00  1.040440e+00  1.017110e+00  1.013270e+00  1.011840e+00  1.012730e+00  
1.277992e+01  1.277990e+01  1.277991e+01  1.277991e+01  1.277997e+01  1.278011e+01  
1.278048e+01  1.278136e+01  1.278329e+01  1.278701e+01  1.279295e+01  1.280075e+01  
1.281086e+01  1.282348e+01  1.283705e+01  1.284626e+01  1.284763e+01  1.283562e+01  
1.280424e+01  1.274914e+01  1.266851e+01  1.255783e+01  1.238875e+01  1.218385e+01  
1.191800e+01  1.154730e+01  1.101700e+01  1.035645e+01  9.756582e+00  9.207813e+00  
8.706860e+00  8.249460e+00  7.832019e+00  7.450467e+00  7.099872e+00  6.773645e+00  
6.462055e+00  6.155951e+00  5.848718e+00  5.528604e+00  5.171515e+00  4.723433e+00  
4.082417e+00  3.624546e+00  2.999441e+00  2.336282e+00  1.482270e+00  1.226710e+00  
1.047290e+00  1.025630e+00  1.001410e+00  9.976100e-01  9.958800e-01  9.953700e-01  
1.269160e+01  1.269160e+01  1.269161e+01  1.269168e+01  1.269183e+01  1.269221e+01  
1.269312e+01  1.269513e+01  1.269909e+01  1.270564e+01  1.271453e+01  1.272621e+01  
1.274127e+01  1.275869e+01  1.277323e+01  1.278119e+01  1.277748e+01  1.275620e+01  
1.271346e+01  1.264935e+01  1.256355e+01  1.243202e+01  1.227844e+01  1.209965e+01  
1.186223e+01  1.152644e+01  1.104135e+01  1.043444e+01  9.880608e+00  9.372585e+00  
8.908057e+00  8.483868e+00  8.097380e+00  7.745609e+00  7.424908e+00  7.130185e+00  
6.853649e+00  6.587371e+00  6.324545e+00  6.051759e+00  5.739546e+00  5.318427e+00  
4.666285e+00  4.183949e+00  3.515741e+00  2.775392e+00  1.716947e+00  1.364390e+00  
1.048850e+00  1.009060e+00  9.853300e-01  9.818000e-01  9.705700e-01  9.769900e-01  
1.268564e+01  1.268566e+01  1.268570e+01  1.268582e+01  1.268612e+01  1.268683e+01  
1.268846e+01  1.269183e+01  1.269788e+01  1.270668e+01  1.271828e+01  1.273364e+01  
1.275271e+01  1.277178e+01  1.278564e+01  1.279061e+01  1.278020e+01  1.274972e+01  
1.269847e+01  1.262820e+01  1.253190e+01  1.239260e+01  1.225335e+01  1.208588e+01  
1.185946e+01  1.153592e+01  1.106653e+01  1.047977e+01  9.945245e+00  9.456782e+00  
9.012149e+00  8.608507e+00  8.243404e+00  7.914101e+00  7.617088e+00  7.347373e+00  
7.097018e+00  6.858230e+00  6.624977e+00  6.384985e+00  6.110079e+00  5.731196e+00  
5.118332e+00  4.643441e+00  3.954868e+00  3.150081e+00  1.915170e+00  1.482490e+00  
1.071060e+00  1.012730e+00  9.731200e-01  9.693500e-01  9.624300e-01  9.673000e-01  
1.268701e+01  1.268705e+01  1.268712e+01  1.268733e+01  1.268781e+01  1.268894e+01  
1.269142e+01  1.269626e+01  1.270417e+01  1.271491e+01  1.272923e+01  1.274789e+01  
1.276968e+01  1.278869e+01  1.280139e+01  1.280212e+01  1.278495e+01  1.274676e+01  
1.268943e+01  1.261507e+01  1.249647e+01  1.237151e+01  1.224110e+01  1.208084e+01  
1.186116e+01  1.154487e+01  1.108477e+01  1.051014e+01  9.987646e+00  9.511817e+00  
9.080439e+00  8.690861e+00  8.340772e+00  8.027584e+00  7.747895e+00  7.496736e+00  
7.266017e+00  7.048046e+00  6.837613e+00  6.623633e+00  6.379740e+00  6.039051e+00  
5.468871e+00  5.009972e+00  4.318931e+00  3.474367e+00  2.100407e+00  1.595990e+00  
1.096920e+00  1.021180e+00  9.654500e-01  9.610400e-01  9.581100e-01  9.613100e-01  
1.267295e+01  1.267302e+01  1.267314e+01  1.267344e+01  1.267414e+01  1.267577e+01  
1.267919e+01  1.268550e+01  1.269500e+01  1.270764e+01  1.272459e+01  1.274615e+01  
1.276922e+01  1.278787e+01  1.279866e+01  1.279484e+01  1.277133e+01  1.272727e+01  
1.266577e+01  1.258691e+01  1.245896e+01  1.234435e+01  1.222216e+01  1.207003e+01  
1.185943e+01  1.155397e+01  1.110669e+01  1.054511e+01  1.003174e+01  9.562511e+00  
9.136126e+00  8.751210e+00  8.406784e+00  8.101018e+00  7.831392e+00  7.594157e+00  
7.382993e+00  7.190428e+00  7.007551e+00  6.814910e+00  6.581758e+00  6.254872e+00  
5.721756e+00  5.297102e+00  4.651369e+00  3.815522e+00  2.290694e+00  1.691184e+00  
1.104210e+00  1.023360e+00  9.702000e-01  9.634600e-01  9.594800e-01  9.572600e-01  
1.269302e+01  1.269315e+01  1.269338e+01  1.269392e+01  1.269519e+01  1.269797e+01  
1.270343e+01  1.271236e+01  1.272459e+01  1.274105e+01  1.276268e+01  1.278832e+01  
1.281159e+01  1.282883e+01  1.283399e+01  1.282082e+01  1.278634e+01  1.273341e+01  
1.266598e+01  1.255455e+01  1.244325e+01  1.233967e+01  1.222501e+01  1.207811e+01  
1.187108e+01  1.156860e+01  1.112582e+01  1.057228e+01  1.006944e+01  9.613395e+00  
9.202002e+00  8.833269e+00  8.505506e+00  8.216753e+00  7.964570e+00  7.745050e+00  
7.551492e+00  7.377724e+00  7.219937e+00  7.068448e+00  6.896882e+00  6.633028e+00  
6.145930e+00  5.743629e+00  5.129099e+00  4.295047e+00  2.618291e+00  1.907737e+00  
1.152110e+00  1.041910e+00  9.678900e-01  9.610000e-01  9.538300e-01  9.521200e-01  
1.269369e+01  1.269393e+01  1.269429e+01  1.269515e+01  1.269710e+01  1.270121e+01  
1.270868e+01  1.271978e+01  1.273465e+01  1.275471e+01  1.278031e+01  1.280752e+01  
1.283034e+01  1.284482e+01  1.284367e+01  1.282178e+01  1.277929e+01  1.272059e+01  
1.264505e+01  1.252090e+01  1.242144e+01  1.232585e+01  1.221743e+01  1.207578e+01  
1.187369e+01  1.157661e+01  1.114068e+01  1.059559e+01  1.010056e+01  9.652344e+00  
9.248862e+00  8.888359e+00  8.569397e+00  8.290286e+00  8.048916e+00  7.841878e+00  
7.663042e+00  7.506969e+00  7.370847e+00  7.246325e+00  7.108711e+00  6.887053e+00  
6.451969e+00  6.080401e+00  5.498212e+00  4.675396e+00  2.908810e+00  2.108365e+00  
1.201010e+00  1.064560e+00  9.686800e-01  9.598300e-01  9.504600e-01  9.489800e-01  
1.268288e+01  1.268346e+01  1.268429e+01  1.268621e+01  1.269028e+01  1.269789e+01  
1.270955e+01  1.272525e+01  1.274661e+01  1.277431e+01  1.280514e+01  1.283224e+01  
1.285186e+01  1.285627e+01  1.283968e+01  1.280146e+01  1.274647e+01  1.267902e+01  
1.255591e+01  1.246022e+01  1.237782e+01  1.229509e+01  1.219714e+01  1.206484e+01  
1.187235e+01  1.158653e+01  1.116493e+01  1.063574e+01  1.015335e+01  9.715614e+00  
9.321402e+00  8.970060e+00  8.661229e+00  8.394048e+00  8.167399e+00  7.979393e+00  
7.826041e+00  7.703032e+00  7.605747e+00  7.520626e+00  7.423987e+00  7.269885e+00  
6.954561e+00  6.656652e+00  6.136995e+00  5.356143e+00  3.523513e+00  2.546392e+00  
1.321760e+00  1.127600e+00  9.758800e-01  9.605100e-01  9.463600e-01  9.447400e-01  
1.270346e+01  1.270452e+01  1.270600e+01  1.270926e+01  1.271573e+01  1.272647e+01  
1.274139e+01  1.276166e+01  1.278868e+01  1.282149e+01  1.285284e+01  1.287863e+01  
1.289198e+01  1.288568e+01  1.285630e+01  1.280776e+01  1.274644e+01  1.263879e+01  
1.253341e+01  1.245111e+01  1.237786e+01  1.230158e+01  1.220795e+01  1.207822e+01  
1.188694e+01  1.160117e+01  1.117912e+01  1.065155e+01  1.017299e+01  9.740860e+00  
9.353787e+00  9.010644e+00  8.710512e+00  8.452351e+00  8.234952e+00  8.056136e+00  
7.911434e+00  7.797636e+00  7.715114e+00  7.660536e+00  7.616836e+00  7.523958e+00  
7.267739e+00  7.010171e+00  6.558363e+00  5.838514e+00  3.981681e+00  2.924399e+00  
1.442290e+00  1.193150e+00  9.856000e-01  9.635900e-01  9.439100e-01  9.426200e-01  
1.268637e+01  1.268880e+01  1.269197e+01  1.269841e+01  1.270940e+01  1.272494e+01  
1.274610e+01  1.277455e+01  1.281001e+01  1.284531e+01  1.287558e+01  1.289423e+01  
1.289322e+01  1.286811e+01  1.282240e+01  1.276308e+01  1.266237e+01  1.255069e+01  
1.246874e+01  1.240212e+01  1.234063e+01  1.227341e+01  1.218718e+01  1.206432e+01  
1.188040e+01  1.160319e+01  1.119116e+01  1.067428e+01  1.020352e+01  9.777365e+00  
9.395160e+00  9.056625e+00  8.761761e+00  8.510249e+00  8.301569e+00  8.134682e+00  
8.006828e+00  7.915350e+00  7.858528e+00  7.827483e+00  7.806278e+00  7.762592e+00  
7.619182e+00  7.446150e+00  7.091872e+00  6.478740e+00  4.695665e+00  3.496912e+00  
1.670370e+00  1.332460e+00  1.009760e+00  9.672000e-01  9.426900e-01  9.404700e-01  
1.268649e+01  1.269079e+01  1.269603e+01  1.270569e+01  1.272025e+01  1.274002e+01  
1.276707e+01  1.280223e+01  1.284097e+01  1.287596e+01  1.290255e+01  1.291167e+01  
1.289695e+01  1.285880e+01  1.280373e+01  1.273601e+01  1.260256e+01  1.251093e+01  
1.244139e+01  1.238373e+01  1.232870e+01  1.226604e+01  1.218306e+01  1.206263e+01  
1.188083e+01  1.160593e+01  1.119689e+01  1.068343e+01  1.021588e+01  9.792852e+00  
9.413775e+00  9.078569e+00  8.787393e+00  8.540089e+00  8.336337e+00  8.175259e+00  
8.054474e+00  7.971744e+00  7.926410e+00  7.911306e+00  7.913531e+00  7.906630e+00  
7.824873e+00  7.699086e+00  7.411364e+00  6.880598e+00  5.207479e+00  3.964800e+00  
1.877185e+00  1.459180e+00  1.035460e+00  9.757300e-01  9.448800e-01  9.394000e-01  
1.268661e+01  1.269320e+01  1.270065e+01  1.271317e+01  1.273071e+01  1.275472e+01  
1.278699e+01  1.282679e+01  1.286597e+01  1.289988e+01  1.292074e+01  1.292020e+01  
1.289409e+01  1.284697e+01  1.278693e+01  1.267587e+01  1.256453e+01  1.248485e+01  
1.242366e+01  1.237210e+01  1.232146e+01  1.226196e+01  1.218137e+01  1.206297e+01  
1.188313e+01  1.161015e+01  1.120260e+01  1.068983e+01  1.022246e+01  9.800439e+00  
9.423190e+00  9.090303e+00  8.801726e+00  8.557291e+00  8.356767e+00  8.199427e+00  
8.083221e+00  8.006349e+00  7.968565e+00  7.963328e+00  7.979983e+00  7.999044e+00  
7.964704e+00  7.873425e+00  7.628661e+00  7.141912e+00  5.581865e+00  4.377294e+00  
2.069883e+00  1.570950e+00  1.060550e+00  9.917800e-01  9.443900e-01  9.387500e-01  
1.268576e+01  1.269499e+01  1.270464e+01  1.271958e+01  1.273998e+01  1.276800e+01  
1.280488e+01  1.284700e+01  1.288605e+01  1.291757e+01  1.293206e+01  1.292225e+01  
1.288733e+01  1.283385e+01  1.277005e+01  1.263416e+01  1.253645e+01  1.246521e+01  
1.241011e+01  1.236295e+01  1.231540e+01  1.225811e+01  1.217914e+01  1.206207e+01  
1.188350e+01  1.161178e+01  1.120539e+01  1.069349e+01  1.022688e+01  9.806063e+00  
9.430363e+00  9.099214e+00  8.812386e+00  8.569780e+00  8.371355e+00  8.216494e+00  
8.103305e+00  8.030172e+00  7.997347e+00  7.999158e+00  8.026232e+00  8.061512e+00  
8.056516e+00  7.991403e+00  7.789301e+00  7.356513e+00  5.883867e+00  4.697244e+00  
2.254290e+00  1.685070e+00  1.086990e+00  1.002870e+00  9.463800e-01  9.383200e-01  
1.268562e+01  1.270083e+01  1.271440e+01  1.273342e+01  1.275954e+01  1.279473e+01  
1.283820e+01  1.288125e+01  1.291902e+01  1.294315e+01  1.294470e+01  1.291963e+01  
1.287195e+01  1.281152e+01  1.269548e+01  1.258022e+01  1.249931e+01  1.243965e+01  
1.239294e+01  1.235171e+01  1.230825e+01  1.225375e+01  1.217675e+01  1.206118e+01  
1.188392e+01  1.161354e+01  1.120860e+01  1.069814e+01  1.023292e+01  9.813689e+00  
9.439798e+00  9.110677e+00  8.826067e+00  8.585948e+00  8.390322e+00  8.238719e+00  
8.129348e+00  8.061063e+00  8.034684e+00  8.045593e+00  8.086104e+00  8.142833e+00  
8.177028e+00  8.147540e+00  8.007573e+00  7.658554e+00  6.335990e+00  5.202879e+00  
2.595479e+00  1.898555e+00  1.139900e+00  1.026290e+00  9.509900e-01  9.377800e-01  
1.268613e+01  1.270785e+01  1.272293e+01  1.274730e+01  1.277894e+01  1.282028e+01  
1.286646e+01  1.290751e+01  1.294415e+01  1.296128e+01  1.294876e+01  1.291197e+01  
1.285659e+01  1.279018e+01  1.264367e+01  1.254565e+01  1.247553e+01  1.242364e+01  
1.238252e+01  1.234512e+01  1.230425e+01  1.225147e+01  1.217563e+01  1.206089e+01  
1.188427e+01  1.161447e+01  1.121025e+01  1.070094e+01  1.023688e+01  9.818654e+00  
9.445741e+00  9.117709e+00  8.834447e+00  8.595907e+00  8.402039e+00  8.252444e+00  
8.145412e+00  8.080135e+00  8.057763e+00  8.074250e+00  8.123028e+00  8.193293e+00  
8.252408e+00  8.246023e+00  8.149054e+00  7.862073e+00  6.663007e+00  5.589535e+00  
2.896999e+00  2.094083e+00  1.192190e+00  1.050980e+00  9.560300e-01  9.374500e-01  
