 49000  0  0  114.82     180717  2  0.0         1.0000E+50  0.0
91912  0  0.0         0.0         0.0         0.0         0.0
 1.000000000E+00 2.000000000E+00
 3.000000000E+00 2.000000000E+00
 5.000000000E+00 2.000000000E+00
 6.000000000E+00 4.000000000E+00
 8.000000000E+00 2.000000000E+00
 1.000000000E+01 2.000000000E+00
 1.100000000E+01 4.000000000E+00
 1.300000000E+01 4.000000000E+00
 1.400000000E+01 6.000000000E+00
 1.600000000E+01 2.000000000E+00
 1.800000000E+01 2.000000000E+00
 1.900000000E+01 4.000000000E+00
 2.100000000E+01 4.000000000E+00
 2.200000000E+01 6.000000000E+00
 2.700000000E+01 2.000000000E+00
 2.900000000E+01 3.300000000E-01
 3.000000000E+01 6.700000000E-01
                                                                       1
 49000  0  0  114.82     180717  2  0.0         1.0000E+50  0.0
91913  0  0.0         0.0         0.0         0.0         0.0
 1.000000000E+00 2.794400000E-02
 3.000000000E+00 4.242000000E-03
 5.000000000E+00 3.943000000E-03
 6.000000000E+00 3.735000000E-03
 8.000000000E+00 8.300000000E-04
 1.000000000E+01 7.070000000E-04
 1.100000000E+01 6.690000000E-04
 1.300000000E+01 4.550000000E-04
 1.400000000E+01 4.470000000E-04
 1.600000000E+01 1.260000000E-04
 1.800000000E+01 9.000000000E-05
 1.900000000E+01 8.200000000E-05
 2.100000000E+01 2.100000000E-05
 2.200000000E+01 2.000000000E-05
 2.700000000E+01 8.600000000E-06
 2.900000000E+01 7.200000000E-06
 3.000000000E+01 5.790000000E-06
                                                                       1
 49000  0  0  114.82     180717  2  0.0         1.0000E+50  0.0
91914  0  0.0         0.0         0.0         0.0         0.0
 1.000000000E+00 3.549921851E-02
 3.000000000E+00 7.669787270E-03
 5.000000000E+00 7.627267191E-03
 6.000000000E+00 6.860022127E-03
 8.000000000E+00 2.212405700E-03
 1.000000000E+01 2.119928819E-03
 1.100000000E+01 1.951498933E-03
 1.300000000E+01 1.783129446E-03
 1.400000000E+01 1.742115894E-03
 1.600000000E+01 5.610595778E-04
 1.800000000E+01 5.005177922E-04
 1.900000000E+01 4.531265053E-04
 2.100000000E+01 2.591675167E-04
 2.200000000E+01 2.488689992E-04
 2.700000000E+01 5.611837488E-05
 2.900000000E+01 4.997474542E-05
 3.000000000E+01 3.681327511E-05
                                                                       1
 49000  0  0  114.82     180717  2  0.0         1.0000E+50  0.0
91915  0  0.0         0.0         0.0         0.0         0.0
 1.000000000E+00 1.569400000E-10
 3.000000000E+00 6.753900000E-10
 5.000000000E+00 5.707400000E-10
 6.000000000E+00 5.985500000E-10
 8.000000000E+00 1.829600000E-09
 1.000000000E+01 1.778300000E-09
 1.100000000E+01 1.836200000E-09
 1.300000000E+01 1.681700000E-09
 1.400000000E+01 1.699900000E-09
 1.600000000E+01 4.433100000E-09
 1.800000000E+01 4.688000000E-09
 1.900000000E+01 4.842400000E-09
 2.100000000E+01 5.931400000E-09
 2.200000000E+01 6.004800000E-09
 2.700000000E+01 1.322600000E-08
 2.900000000E+01 1.882900000E-08
 3.000000000E+01 2.000700000E-08
                                                                       1
 49000  0  0  114.82     180717  2  0.0         1.0000E+50  0.0
91921  0  0.0         0.0         0.0         0.0         0.0
 1.000000000E+00 6.493100000E-06
 3.000000000E+00 9.537900000E-08
 5.000000000E+00 1.592200000E-07
 6.000000000E+00 1.514600000E-07
 8.000000000E+00 1.835100000E-09
 1.000000000E+01 1.861000000E-09
 1.100000000E+01 1.779700000E-09
 1.300000000E+01 1.389500000E-10
 1.400000000E+01 1.220300000E-10
 1.600000000E+01 3.908200000E-11
 1.800000000E+01 1.190800000E-10
 1.900000000E+01 9.698800000E-11
 2.100000000E+01 1.345600000E-13
 2.200000000E+01 1.146000000E-13
                                                                       1
 49000  0  0  114.82     180717  2  0.0         1.0000E+50  0.0
91922  0  0.0         0.0         0.0         0.0         0.0
 1.000000000E+00 1.173600000E-06
 3.000000000E+00 2.794700000E-06
 5.000000000E+00 2.345400000E-06
 6.000000000E+00 2.153200000E-06
 8.000000000E+00 1.176700000E-05
 1.000000000E+01 4.023700000E-06
 1.100000000E+01 4.303900000E-06
 1.300000000E+01 3.873200000E-07
 1.400000000E+01 3.924000000E-07
 1.600000000E+01 2.618900000E-05
 1.800000000E+01 1.923400000E-05
 1.900000000E+01 2.146100000E-05
 2.100000000E+01 3.781000000E-08
 2.200000000E+01 1.828500000E-08
                                                                       1
 49000  0  0  114.82     180717  2  0.0         1.0000E+50  0.0
92935  0  0.0         0.0         0.0         0.0         0.0
 1.000000000E+00 1.139808147E-04
 3.000000000E+00 1.283079667E-04
 5.000000000E+00 1.081267112E-04
 6.000000000E+00 1.022336538E-04
 8.000000000E+00 9.695266382E-05
 1.000000000E+01 7.824404834E-05
 1.100000000E+01 7.503691616E-05
 1.300000000E+01 4.547976857E-05
 1.400000000E+01 4.355329205E-05
 1.600000000E+01 4.588439249E-05
 1.800000000E+01 3.295515038E-05
 1.900000000E+01 3.115090736E-05
 2.100000000E+01 1.471309925E-05
 2.200000000E+01 1.230317331E-05
 2.700000000E+01 8.600000000E-06
 2.900000000E+01 7.200000000E-06
 3.000000000E+01 5.790000000E-06
                                                                       1
 49000  0  7  114.82     180717  2  0.0         1.0000E+50  0.0
92933  0  0.0         0.0         0.0         0.0         0.0
 1.000000000E+00 9.213070000E-01
 3.000000000E+00 7.081490000E-02
 5.000000000E+00 7.695840000E-02
 6.000000000E+00 6.816570000E-02
 8.000000000E+00 2.069690000E-03
 1.000000000E+01 2.204720000E-03
 1.100000000E+01 2.061960000E-03
 1.300000000E+01 9.277870000E-04
 1.400000000E+01 8.382130000E-04
 1.600000000E+01 4.885030000E-05
 1.800000000E+01 3.404150000E-05
 1.900000000E+01 9.612450000E-06
 2.100000000E+01 4.346420000E-10
 2.200000000E+01 4.568280000E-10
                                                                       1
 49000  0  7  114.82     180717  2  0.0         1.0000E+50  0.0
92934  0  0.0         0.0         0.0         0.0         0.0
 1.000000000E+00 2.129362625E-02
 3.000000000E+00 2.406336865E-04
 5.000000000E+00 2.600949819E-04
 6.000000000E+00 2.175754707E-04
 8.000000000E+00 1.011167829E-06
 1.000000000E+01 1.006893429E-06
 1.100000000E+01 9.498712459E-07
 1.300000000E+01 3.353917664E-07
 1.400000000E+01 3.005517483E-07
 1.600000000E+01 2.334792807E-09
 1.800000000E+01 2.236654181E-09
 1.900000000E+01 5.677876714E-10
 2.100000000E+01 7.386834445E-15
 2.200000000E+01 7.434133442E-15
                                                                       1
 49000  0  9  114.82     180717  2  0.0         1.0000E+50  0.0
92933  0  0.0         0.0         0.0         0.0         0.0
 1.000000000E+00 1.301830000E+01
 3.000000000E+00 1.467630000E+01
 5.000000000E+00 1.222540000E+01
 6.000000000E+00 1.160780000E+01
 8.000000000E+00 1.064900000E+01
 1.000000000E+01 8.430300000E+00
 1.100000000E+01 8.173600000E+00
 1.300000000E+01 4.513020000E+00
 1.400000000E+01 4.541370000E+00
 1.600000000E+01 4.732550000E+00
 1.800000000E+01 2.983070000E+00
 1.900000000E+01 2.981250000E+00
 2.100000000E+01 1.000000000E+00
 2.200000000E+01 1.000000000E+00
                                                                       1
 49000  0  9  114.82     180717  2  0.0         1.0000E+50  0.0
92934  0  0.0         0.0         0.0         0.0         0.0
 1.000000000E+00 6.536399946E-03
 3.000000000E+00 3.873057340E-03
 5.000000000E+00 3.574783308E-03
 6.000000000E+00 3.415194883E-03
 8.000000000E+00 7.320357724E-04
 1.000000000E+01 6.277487379E-04
 1.100000000E+01 5.930128521E-04
 1.300000000E+01 4.091851792E-04
 1.400000000E+01 4.031466358E-04
 1.600000000E+01 8.011324316E-05
 1.800000000E+01 5.704256913E-05
 1.900000000E+01 5.084860379E-05
 2.100000000E+01 6.286933699E-06
 2.200000000E+01 7.696786005E-06
                                                                       1
 49000  0  7  114.82     180717  2  0.0         1.0000E+50  0.0
92931 91  0.0         1.          0.0         0.0         0.0
  5.00000000E+00  2.45699000E-01  2.40010000E-02
  6.00000000E+00  4.60909000E-01  2.42090000E-02
  1.00000000E+01  4.11269000E-02  2.72370000E-02
  1.10000000E+01  7.98527000E-02  2.72750000E-02
  1.30000000E+01  3.12289000E-04  2.74890000E-02
  1.40000000E+01  4.33329000E-04  2.74970000E-02
  1.80000000E+01  8.39467000E-03  2.78540000E-02
  1.90000000E+01  1.63419000E-02  2.78620000E-02
  2.10000000E+01  4.27049000E-05  2.79230000E-02
  2.20000000E+01  5.88148000E-05  2.79240000E-02
  2.90000000E+01  6.08048000E-05  2.79368000E-02
  3.00000000E+01  1.08290000E-04  2.79382100E-02
                                                                       1
 49000  0  9  114.82     180717  2  0.0         1.0000E+50  0.0
92932 91  0.0         1.          0.0         0.0         0.0
  3.00000000E+00  3.00000000E+00  1.10692000E-02  1.94600000E-02
  3.00000000E+00  5.00000000E+00  1.28924000E-02  1.97590000E-02
  3.00000000E+00  6.00000000E+00  1.72017000E-02  1.99670000E-02
  3.00000000E+00  8.00000000E+00  3.82424000E-03  2.28720000E-02
  3.00000000E+00  1.00000000E+01  2.36619000E-03  2.29950000E-02
  3.00000000E+00  1.10000000E+01  3.17103000E-03  2.30330000E-02
  3.00000000E+00  1.30000000E+01  1.99254000E-04  2.32470000E-02
  3.00000000E+00  1.40000000E+01  2.28159000E-04  2.32550000E-02
  3.00000000E+00  1.60000000E+01  7.64388000E-04  2.35760000E-02
  3.00000000E+00  1.80000000E+01  4.33870000E-04  2.36120000E-02
  3.00000000E+00  1.90000000E+01  5.75326000E-04  2.36200000E-02
  3.00000000E+00  2.10000000E+01  2.78829000E-05  2.36810000E-02
  3.00000000E+00  2.20000000E+01  3.16221000E-05  2.36820000E-02
  3.00000000E+00  2.70000000E+01  8.39854000E-05  2.36934000E-02
  3.00000000E+00  2.90000000E+01  5.44045000E-06  2.36948000E-02
  3.00000000E+00  3.00000000E+01  7.14052000E-06  2.36962100E-02
  5.00000000E+00  5.00000000E+00  1.76059000E-03  2.00580000E-02
  5.00000000E+00  6.00000000E+00  3.80208000E-02  2.02660000E-02
  5.00000000E+00  8.00000000E+00  1.84423000E-03  2.31710000E-02
  5.00000000E+00  1.00000000E+01  5.81791000E-04  2.32940000E-02
  5.00000000E+00  1.10000000E+01  5.86284000E-03  2.33320000E-02
  5.00000000E+00  1.30000000E+01  2.47530000E-04  2.35460000E-02
  5.00000000E+00  1.40000000E+01  8.48378000E-04  2.35540000E-02
  5.00000000E+00  1.60000000E+01  3.55318000E-04  2.38750000E-02
  5.00000000E+00  1.80000000E+01  1.05069000E-04  2.39110000E-02
  5.00000000E+00  1.90000000E+01  1.03095000E-03  2.39190000E-02
  5.00000000E+00  2.10000000E+01  3.43429000E-05  2.39800000E-02
  5.00000000E+00  2.20000000E+01  1.16287000E-04  2.39810000E-02
  5.00000000E+00  2.70000000E+01  3.87633000E-05  2.39924000E-02
  5.00000000E+00  2.90000000E+01  1.36004000E-06  2.39938000E-02
  5.00000000E+00  3.00000000E+01  1.25810000E-05  2.39952100E-02
  6.00000000E+00  6.00000000E+00  1.94558000E-02  2.04740000E-02
  6.00000000E+00  8.00000000E+00  2.43189000E-03  2.33790000E-02
  6.00000000E+00  1.00000000E+01  5.75590000E-03  2.35020000E-02
  6.00000000E+00  1.10000000E+01  6.15099000E-03  2.35400000E-02
  6.00000000E+00  1.30000000E+01  1.02041000E-03  2.37540000E-02
  6.00000000E+00  1.40000000E+01  9.51738000E-04  2.37620000E-02
  6.00000000E+00  1.60000000E+01  4.67532000E-04  2.40830000E-02
  6.00000000E+00  1.80000000E+01  1.02108000E-03  2.41190000E-02
  6.00000000E+00  1.90000000E+01  1.08738000E-03  2.41270000E-02
  6.00000000E+00  2.10000000E+01  1.41454000E-04  2.41880000E-02
  6.00000000E+00  2.20000000E+01  1.30906000E-04  2.41890000E-02
  6.00000000E+00  2.70000000E+01  5.10031000E-05  2.42004000E-02
  6.00000000E+00  2.90000000E+01  1.25809000E-05  2.42018000E-02
  6.00000000E+00  3.00000000E+01  1.32612000E-05  2.42032100E-02
  8.00000000E+00  8.00000000E+00  3.25413000E-04  2.62840000E-02
  8.00000000E+00  1.00000000E+01  3.41729000E-04  2.64070000E-02
  8.00000000E+00  1.10000000E+01  4.51906000E-04  2.64450000E-02
  8.00000000E+00  1.30000000E+01  2.68620000E-05  2.66590000E-02
  8.00000000E+00  1.40000000E+01  2.95828000E-05  2.66670000E-02
  8.00000000E+00  1.60000000E+01  1.29549000E-04  2.69880000E-02
  8.00000000E+00  1.80000000E+01  6.29050000E-05  2.70240000E-02
  8.00000000E+00  1.90000000E+01  8.19476000E-05  2.70320000E-02
  8.00000000E+00  2.10000000E+01  3.74045000E-06  2.70930000E-02
  8.00000000E+00  2.20000000E+01  4.08036000E-06  2.70940000E-02
  8.00000000E+00  2.70000000E+01  1.42808000E-05  2.71054000E-02
  8.00000000E+00  2.90000000E+01  6.80049000E-07  2.71068000E-02
  8.00000000E+00  3.00000000E+01  1.02014000E-06  2.71082100E-02
  1.00000000E+01  1.00000000E+01  4.62437000E-05  2.65300000E-02
  1.00000000E+01  1.10000000E+01  9.01070000E-04  2.65680000E-02
  1.00000000E+01  1.30000000E+01  2.92423000E-05  2.67820000E-02
  1.00000000E+01  1.40000000E+01  1.00987000E-04  2.67900000E-02
  1.00000000E+01  1.60000000E+01  6.59652000E-05  2.71110000E-02
  1.00000000E+01  1.80000000E+01  1.66603000E-05  2.71470000E-02
  1.00000000E+01  1.90000000E+01  1.58786000E-04  2.71550000E-02
  1.00000000E+01  2.10000000E+01  4.08030000E-06  2.72160000E-02
  1.00000000E+01  2.20000000E+01  1.39404000E-05  2.72170000E-02
  1.00000000E+01  2.70000000E+01  7.14049000E-06  2.72284000E-02
  1.00000000E+01  2.90000000E+01  3.40028000E-07  2.72298000E-02
  1.00000000E+01  3.00000000E+01  2.04014000E-06  2.72312100E-02
  1.10000000E+01  1.10000000E+01  4.87598000E-04  2.66060000E-02
  1.10000000E+01  1.30000000E+01  1.27852000E-04  2.68200000E-02
  1.10000000E+01  1.40000000E+01  1.16288000E-04  2.68280000E-02
  1.10000000E+01  1.60000000E+01  8.70466000E-05  2.71490000E-02
  1.10000000E+01  1.80000000E+01  1.60147000E-04  2.71850000E-02
  1.10000000E+01  1.90000000E+01  1.72400000E-04  2.71930000E-02
  1.10000000E+01  2.10000000E+01  1.76827000E-05  2.72540000E-02
  1.10000000E+01  2.20000000E+01  1.59812000E-05  2.72550000E-02
  1.10000000E+01  2.70000000E+01  9.52083000E-06  2.72664000E-02
  1.10000000E+01  2.90000000E+01  2.04016000E-06  2.72678000E-02
  1.10000000E+01  3.00000000E+01  2.04016000E-06  2.72692100E-02
  1.30000000E+01  1.40000000E+01  1.46744000E-05  2.70420000E-02
  1.30000000E+01  1.60000000E+01  5.00239000E-06  2.73630000E-02
  1.30000000E+01  1.80000000E+01  5.00239000E-06  2.73990000E-02
  1.30000000E+01  1.90000000E+01  2.13432000E-05  2.74070000E-02
  1.30000000E+01  2.20000000E+01  2.00097000E-06  2.74690000E-02
  1.30000000E+01  2.70000000E+01  6.66981000E-07  2.74804000E-02
  1.30000000E+01  3.00000000E+01  3.33499000E-07  2.74832100E-02
  1.40000000E+01  1.40000000E+01  3.78005000E-06  2.70500000E-02
  1.40000000E+01  1.60000000E+01  5.84164000E-06  2.73710000E-02
  1.40000000E+01  1.80000000E+01  1.71806000E-05  2.74070000E-02
  1.40000000E+01  1.90000000E+01  1.99303000E-05  2.74150000E-02
  1.40000000E+01  2.10000000E+01  2.06177000E-06  2.74760000E-02
  1.40000000E+01  2.20000000E+01  1.03094000E-06  2.74770000E-02
  1.40000000E+01  2.70000000E+01  6.87248000E-07  2.74884000E-02
  1.40000000E+01  2.90000000E+01  3.43633000E-07  2.74898000E-02
  1.40000000E+01  3.00000000E+01  3.43633000E-07  2.74912100E-02
  1.60000000E+01  1.60000000E+01  1.34758000E-05  2.76920000E-02
  1.60000000E+01  1.80000000E+01  1.27664000E-05  2.77280000E-02
  1.60000000E+01  1.90000000E+01  1.63125000E-05  2.77360000E-02
  1.60000000E+01  2.10000000E+01  7.09235000E-07  2.77970000E-02
  1.60000000E+01  2.20000000E+01  7.09235000E-07  2.77980000E-02
  1.60000000E+01  2.70000000E+01  2.83696000E-06  2.78094000E-02
  1.60000000E+01  3.00000000E+01  3.54627000E-07  2.78122100E-02
  1.80000000E+01  1.80000000E+01  1.33804000E-06  2.77640000E-02
  1.80000000E+01  1.90000000E+01  2.77666000E-05  2.77720000E-02
  1.80000000E+01  2.10000000E+01  6.69043000E-07  2.78330000E-02
  1.80000000E+01  2.20000000E+01  2.34158000E-06  2.78340000E-02
  1.80000000E+01  2.70000000E+01  1.33804000E-06  2.78454000E-02
  1.80000000E+01  3.00000000E+01  3.34530000E-07  2.78482100E-02
  1.90000000E+01  1.90000000E+01  1.61790000E-05  2.77800000E-02
  1.90000000E+01  2.10000000E+01  3.23592000E-06  2.78410000E-02
  1.90000000E+01  2.20000000E+01  2.87629000E-06  2.78420000E-02
  1.90000000E+01  2.70000000E+01  1.79761000E-06  2.78534000E-02
  1.90000000E+01  2.90000000E+01  3.59544000E-07  2.78548000E-02
  1.90000000E+01  3.00000000E+01  3.59544000E-07  2.78562100E-02
  2.10000000E+01  2.20000000E+01  4.23379000E-07  2.79030000E-02
                                                                       1
 49000  0  7  114.82     180717  2  0.0         1.0000E+50  0.0
92931 91  0.0         3.          0.0         0.0         0.0
  5.00000000E+00  2.03271000E-05  2.99000000E-04
  6.00000000E+00  2.50072000E-04  5.07000000E-04
  1.00000000E+01  1.02851000E-02  3.53500000E-03
  1.10000000E+01  1.68651000E-02  3.57300000E-03
  1.30000000E+01  1.24421000E-04  3.78700000E-03
  1.40000000E+01  1.85641000E-04  3.79500000E-03
  1.80000000E+01  1.95251000E-03  4.15200000E-03
  1.90000000E+01  3.24772000E-03  4.16000000E-03
  2.10000000E+01  1.17491000E-05  4.22100000E-03
  2.20000000E+01  1.76511000E-05  4.22200000E-03
  2.90000000E+01  1.65441000E-05  4.23480000E-03
  3.00000000E+01  2.53942000E-05  4.23621000E-03
                                                                       1
 49000  0  9  114.82     180717  2  0.0         1.0000E+50  0.0
92932 91  0.0         3.          0.0         0.0         0.0
  5.00000000E+00  1.60000000E+01  5.88937000E-02  1.73000000E-04
  5.00000000E+00  1.80000000E+01  4.11128000E-02  2.09000000E-04
  5.00000000E+00  1.90000000E+01  5.42717000E-02  2.17000000E-04
  5.00000000E+00  2.10000000E+01  1.19829000E-02  2.78000000E-04
  5.00000000E+00  2.20000000E+01  1.96309000E-02  2.79000000E-04
  5.00000000E+00  2.70000000E+01  6.26656000E-03  2.90400000E-04
  5.00000000E+00  2.90000000E+01  4.85827000E-04  2.91800000E-04
  5.00000000E+00  3.00000000E+01  6.27036000E-04  2.93210000E-04
  6.00000000E+00  1.60000000E+01  8.25243000E-02  3.81000000E-04
  6.00000000E+00  1.80000000E+01  3.62001000E-02  4.17000000E-04
  6.00000000E+00  1.90000000E+01  6.99323000E-02  4.25000000E-04
  6.00000000E+00  2.10000000E+01  5.19192000E-02  4.86000000E-04
  6.00000000E+00  2.20000000E+01  6.73032000E-02  4.87000000E-04
  6.00000000E+00  2.70000000E+01  8.76763000E-03  4.98400000E-04
  6.00000000E+00  2.90000000E+01  4.34972000E-04  4.99800000E-04
  6.00000000E+00  3.00000000E+01  8.30433000E-04  5.01210000E-04
  8.00000000E+00  8.00000000E+00  1.45732000E-02  2.58200000E-03
  8.00000000E+00  1.00000000E+01  2.88183000E-02  2.70500000E-03
  8.00000000E+00  1.10000000E+01  5.40196000E-02  2.74300000E-03
  8.00000000E+00  1.30000000E+01  4.30715000E-02  2.95700000E-03
  8.00000000E+00  1.40000000E+01  6.14967000E-02  2.96500000E-03
  8.00000000E+00  1.60000000E+01  4.99575000E-03  3.28600000E-03
  8.00000000E+00  1.80000000E+01  5.17946000E-03  3.32200000E-03
  8.00000000E+00  1.90000000E+01  9.59710000E-03  3.33000000E-03
  8.00000000E+00  2.10000000E+01  5.24526000E-03  3.39100000E-03
  8.00000000E+00  2.20000000E+01  7.41648000E-03  3.39200000E-03
  8.00000000E+00  2.70000000E+01  5.37596000E-04  3.40340000E-03
  8.00000000E+00  2.90000000E+01  6.40227000E-05  3.40480000E-03
  8.00000000E+00  3.00000000E+01  1.16751000E-04  3.40621000E-03
  1.00000000E+01  1.00000000E+01  1.85483000E-04  2.82800000E-03
  1.00000000E+01  1.10000000E+01  1.20322000E-03  2.86600000E-03
  1.00000000E+01  1.30000000E+01  1.11572000E-03  3.08000000E-03
  1.00000000E+01  1.40000000E+01  1.55443000E-02  3.08800000E-03
  1.00000000E+01  1.60000000E+01  4.00897000E-03  3.40900000E-03
  1.00000000E+01  1.80000000E+01  3.67197000E-05  3.44500000E-03
  1.00000000E+01  1.90000000E+01  2.03374000E-04  3.45300000E-03
  1.00000000E+01  2.10000000E+01  1.38413000E-04  3.51400000E-03
  1.00000000E+01  2.20000000E+01  1.28892000E-03  3.51500000E-03
  1.00000000E+01  2.70000000E+01  4.15218000E-04  3.52640000E-03
  1.00000000E+01  3.00000000E+01  2.82465000E-06  3.52921000E-03
  1.10000000E+01  1.10000000E+01  1.26160000E-03  2.90400000E-03
  1.10000000E+01  1.30000000E+01  1.18840000E-02  3.11800000E-03
  1.10000000E+01  1.40000000E+01  8.19040000E-03  3.12600000E-03
  1.10000000E+01  1.60000000E+01  7.51530000E-03  3.44700000E-03
  1.10000000E+01  1.80000000E+01  2.03370000E-04  3.48300000E-03
  1.10000000E+01  1.90000000E+01  3.49300000E-04  3.49100000E-03
  1.10000000E+01  2.10000000E+01  8.92570000E-04  3.55200000E-03
  1.10000000E+01  2.20000000E+01  6.36450000E-04  3.55300000E-03
  1.10000000E+01  2.70000000E+01  7.78630000E-04  3.56440000E-03
  1.10000000E+01  2.90000000E+01  2.82460000E-06  3.56580000E-03
  1.10000000E+01  3.00000000E+01  3.76600000E-06  3.56721000E-03
  1.30000000E+01  1.30000000E+01  2.35651000E-03  3.33200000E-03
  1.30000000E+01  1.40000000E+01  8.81216000E-02  3.34000000E-03
  1.30000000E+01  1.60000000E+01  5.70828000E-03  3.66100000E-03
  1.30000000E+01  1.80000000E+01  2.61740000E-04  3.69700000E-03
  1.30000000E+01  1.90000000E+01  2.10712000E-03  3.70500000E-03
  1.30000000E+01  2.10000000E+01  5.69578000E-04  3.76600000E-03
  1.30000000E+01  2.20000000E+01  8.03829000E-03  3.76700000E-03
  1.30000000E+01  2.70000000E+01  5.88437000E-04  3.77840000E-03
  1.30000000E+01  2.90000000E+01  3.76585000E-06  3.77980000E-03
  1.30000000E+01  3.00000000E+01  2.54200000E-05  3.78121000E-03
  1.40000000E+01  1.40000000E+01  2.48353000E-02  3.34800000E-03
  1.40000000E+01  1.60000000E+01  8.18841000E-03  3.66900000E-03
  1.40000000E+01  1.80000000E+01  2.57044000E-03  3.70500000E-03
  1.40000000E+01  1.90000000E+01  1.52152000E-03  3.71300000E-03
  1.40000000E+01  2.10000000E+01  8.02101000E-03  3.77400000E-03
  1.40000000E+01  2.20000000E+01  4.71516000E-03  3.77500000E-03
  1.40000000E+01  2.70000000E+01  8.44562000E-04  3.78640000E-03
  1.40000000E+01  2.90000000E+01  3.10704000E-05  3.78780000E-03
  1.40000000E+01  3.00000000E+01  1.88303000E-05  3.78921000E-03
  1.60000000E+01  1.60000000E+01  4.08605000E-04  3.99000000E-03
  1.60000000E+01  1.80000000E+01  7.22168000E-04  4.02600000E-03
  1.60000000E+01  1.90000000E+01  1.33701000E-03  4.03400000E-03
  1.60000000E+01  2.10000000E+01  6.92968000E-04  4.09500000E-03
  1.60000000E+01  2.20000000E+01  9.83931000E-04  4.09600000E-03
  1.60000000E+01  2.70000000E+01  8.75630000E-05  4.10740000E-03
  1.60000000E+01  2.90000000E+01  8.47389000E-06  4.10880000E-03
  1.60000000E+01  3.00000000E+01  1.60062000E-05  4.11021000E-03
  1.80000000E+01  1.80000000E+01  1.88300000E-06  4.06200000E-03
  1.80000000E+01  1.90000000E+01  3.48360000E-05  4.07000000E-03
  1.80000000E+01  2.10000000E+01  2.73040000E-05  4.13100000E-03
  1.80000000E+01  2.20000000E+01  2.19370000E-04  4.13200000E-03
  1.80000000E+01  2.70000000E+01  7.43791000E-05  4.14340000E-03
  1.90000000E+01  1.90000000E+01  2.44801000E-05  4.07800000E-03
  1.90000000E+01  2.10000000E+01  1.65701000E-04  4.13900000E-03
  1.90000000E+01  2.20000000E+01  1.22400000E-04  4.14000000E-03
  1.90000000E+01  2.70000000E+01  1.38410000E-04  4.15140000E-03
  1.90000000E+01  3.00000000E+01  9.41533000E-07  4.15421000E-03
  2.10000000E+01  2.10000000E+01  3.29536000E-05  4.20000000E-03
  2.10000000E+01  2.20000000E+01  7.73003000E-04  4.20100000E-03
  2.10000000E+01  2.70000000E+01  7.15562000E-05  4.21240000E-03
  2.10000000E+01  3.00000000E+01  1.88303000E-06  4.21521000E-03
  2.20000000E+01  2.20000000E+01  2.34443000E-04  4.20200000E-03
  2.20000000E+01  2.70000000E+01  1.01691000E-04  4.21340000E-03
  2.20000000E+01  2.90000000E+01  2.82464000E-06  4.21480000E-03
  2.20000000E+01  3.00000000E+01  1.88303000E-06  4.21621000E-03
  2.70000000E+01  2.70000000E+01  4.70748000E-06  4.22480000E-03
  2.70000000E+01  2.90000000E+01  9.41545000E-07  4.22620000E-03
  2.70000000E+01  3.00000000E+01  1.88303000E-06  4.22761000E-03
                                                                       1
 49000  0  7  114.82     180717  2  0.0         1.0000E+50  0.0
92931 91  0.0         5.          0.0         0.0         0.0
  6.00000000E+00  2.37041000E-08  2.08000000E-04
  8.00000000E+00  3.59692000E-03  3.11300000E-03
  1.10000000E+01  4.51632000E-05  3.27400000E-03
  1.30000000E+01  5.35573000E-02  3.48800000E-03
  1.60000000E+01  4.16342000E-04  3.81700000E-03
  1.90000000E+01  3.61202000E-06  3.86100000E-03
  2.10000000E+01  6.00883000E-03  3.92200000E-03
  2.70000000E+01  3.08832000E-05  3.93440000E-03
  3.00000000E+01  2.82402000E-08  3.93721000E-03
                                                                       1
 49000  0  9  114.82     180717  2  0.0         1.0000E+50  0.0
92932 91  0.0         5.          0.0         0.0         0.0
  6.00000000E+00  1.60000000E+01  1.31747000E-02  8.20000000E-05
  6.00000000E+00  1.80000000E+01  5.12122000E-02  1.18000000E-04
  6.00000000E+00  1.90000000E+01  1.83060000E-02  1.26000000E-04
  6.00000000E+00  2.10000000E+01  5.91906000E-02  1.87000000E-04
  6.00000000E+00  2.20000000E+01  2.22377000E-02  1.88000000E-04
  6.00000000E+00  2.70000000E+01  1.30228000E-03  1.99400000E-04
  6.00000000E+00  2.90000000E+01  6.15778000E-04  2.00800000E-04
  6.00000000E+00  3.00000000E+01  2.21557000E-04  2.02210000E-04
  8.00000000E+00  8.00000000E+00  1.15885000E-03  2.28300000E-03
  8.00000000E+00  1.00000000E+01  2.68790000E-02  2.40600000E-03
  8.00000000E+00  1.10000000E+01  2.60122000E-03  2.44400000E-03
  8.00000000E+00  1.30000000E+01  1.79866000E-03  2.65800000E-03
  8.00000000E+00  1.40000000E+01  3.87634000E-03  2.66600000E-03
  8.00000000E+00  1.60000000E+01  3.72528000E-04  2.98700000E-03
  8.00000000E+00  1.80000000E+01  3.38638000E-03  3.02300000E-03
  8.00000000E+00  1.90000000E+01  4.11636000E-04  3.03100000E-03
  8.00000000E+00  2.10000000E+01  1.61832000E-04  3.09200000E-03
  8.00000000E+00  2.20000000E+01  3.04108000E-04  3.09300000E-03
  8.00000000E+00  2.70000000E+01  3.91002000E-05  3.10440000E-03
  8.00000000E+00  2.90000000E+01  4.01859000E-05  3.10580000E-03
  8.00000000E+00  3.00000000E+01  5.43027000E-06  3.10721000E-03
  1.00000000E+01  1.00000000E+01  2.61792000E-02  2.52900000E-03
  1.00000000E+01  1.10000000E+01  8.36362000E-02  2.56700000E-03
  1.00000000E+01  1.30000000E+01  4.50797000E-02  2.78100000E-03
  1.00000000E+01  1.40000000E+01  7.83878000E-02  2.78900000E-03
  1.00000000E+01  1.60000000E+01  5.47268000E-03  3.11000000E-03
  1.00000000E+01  1.80000000E+01  8.12620000E-03  3.14600000E-03
  1.00000000E+01  1.90000000E+01  1.45986000E-02  3.15400000E-03
  1.00000000E+01  2.10000000E+01  5.46748000E-03  3.21500000E-03
  1.00000000E+01  2.20000000E+01  9.45600000E-03  3.21600000E-03
  1.00000000E+01  2.70000000E+01  6.01711000E-04  3.22740000E-03
  1.00000000E+01  2.90000000E+01  9.88388000E-05  3.22880000E-03
  1.00000000E+01  3.00000000E+01  1.77037000E-04  3.23021000E-03
  1.10000000E+01  1.10000000E+01  2.22213000E-03  2.60500000E-03
  1.10000000E+01  1.30000000E+01  5.49654000E-02  2.81900000E-03
  1.10000000E+01  1.40000000E+01  7.40928000E-03  2.82700000E-03
  1.10000000E+01  1.60000000E+01  4.57263000E-04  3.14800000E-03
  1.10000000E+01  1.80000000E+01  1.09287000E-02  3.18400000E-03
  1.10000000E+01  1.90000000E+01  6.58183000E-04  3.19200000E-03
  1.10000000E+01  2.10000000E+01  5.81395000E-03  3.25300000E-03
  1.10000000E+01  2.20000000E+01  7.28751000E-04  3.25400000E-03
  1.10000000E+01  2.70000000E+01  4.88753000E-05  3.26540000E-03
  1.10000000E+01  2.90000000E+01  1.29241000E-04  3.26680000E-03
  1.10000000E+01  3.00000000E+01  7.60243000E-06  3.26821000E-03
  1.30000000E+01  1.30000000E+01  4.98011000E-02  3.03300000E-03
  1.30000000E+01  1.40000000E+01  2.15566000E-01  3.04100000E-03
  1.30000000E+01  1.60000000E+01  3.72529000E-04  3.36200000E-03
  1.30000000E+01  1.80000000E+01  5.90493000E-03  3.39800000E-03
  1.30000000E+01  1.90000000E+01  9.10809000E-03  3.40600000E-03
  1.30000000E+01  2.10000000E+01  1.05039000E-02  3.46700000E-03
  1.30000000E+01  2.20000000E+01  2.40538000E-02  3.46800000E-03
  1.30000000E+01  2.70000000E+01  4.12707000E-05  3.47940000E-03
  1.30000000E+01  2.90000000E+01  7.05971000E-05  3.48080000E-03
  1.30000000E+01  3.00000000E+01  1.09698000E-04  3.48221000E-03
  1.40000000E+01  1.40000000E+01  1.02499000E-02  3.04900000E-03
  1.40000000E+01  1.60000000E+01  6.71198000E-04  3.37000000E-03
  1.40000000E+01  1.80000000E+01  9.21332000E-03  3.40600000E-03
  1.40000000E+01  1.90000000E+01  1.12625000E-03  3.41400000E-03
  1.40000000E+01  2.10000000E+01  1.96461000E-02  3.47500000E-03
  1.40000000E+01  2.20000000E+01  2.09726000E-03  3.47600000E-03
  1.40000000E+01  2.70000000E+01  7.16814000E-05  3.48740000E-03
  1.40000000E+01  2.90000000E+01  1.07528000E-04  3.48880000E-03
  1.40000000E+01  3.00000000E+01  1.30331000E-05  3.49021000E-03
  1.60000000E+01  1.60000000E+01  3.63623000E-05  3.69100000E-03
  1.60000000E+01  1.80000000E+01  8.59179000E-04  3.72700000E-03
  1.60000000E+01  1.90000000E+01  9.02293000E-05  3.73500000E-03
  1.60000000E+01  2.10000000E+01  4.04009000E-05  3.79600000E-03
  1.60000000E+01  2.20000000E+01  6.73337000E-05  3.79700000E-03
  1.60000000E+01  2.70000000E+01  8.08021000E-06  3.80840000E-03
  1.60000000E+01  2.90000000E+01  1.07740000E-05  3.80980000E-03
  1.60000000E+01  3.00000000E+01  1.34670000E-06  3.81121000E-03
  1.80000000E+01  1.80000000E+01  6.02250000E-04  3.76300000E-03
  1.80000000E+01  1.90000000E+01  1.89396000E-03  3.77100000E-03
  1.80000000E+01  2.10000000E+01  7.01347000E-04  3.83200000E-03
  1.80000000E+01  2.20000000E+01  1.10965000E-03  3.83300000E-03
  1.80000000E+01  2.70000000E+01  7.54123000E-05  3.84440000E-03
  1.80000000E+01  2.90000000E+01  1.50821000E-05  3.84580000E-03
  1.80000000E+01  3.00000000E+01  2.26236000E-05  3.84721000E-03
  1.90000000E+01  1.90000000E+01  4.88720000E-05  3.77900000E-03
  1.90000000E+01  2.10000000E+01  9.70903000E-04  3.84000000E-03
  1.90000000E+01  2.20000000E+01  1.14038000E-04  3.84100000E-03
  1.90000000E+01  2.70000000E+01  7.60191000E-06  3.85240000E-03
  1.90000000E+01  2.90000000E+01  2.28056000E-05  3.85380000E-03
  1.90000000E+01  3.00000000E+01  1.08600000E-06  3.85521000E-03
  2.10000000E+01  2.10000000E+01  5.48463000E-04  3.90100000E-03
  2.10000000E+01  2.20000000E+01  2.24936000E-03  3.90200000E-03
  2.10000000E+01  2.70000000E+01  3.25826000E-06  3.91340000E-03
  2.10000000E+01  2.90000000E+01  8.68902000E-06  3.91480000E-03
  2.10000000E+01  3.00000000E+01  1.19476000E-05  3.91621000E-03
  2.20000000E+01  2.20000000E+01  1.21586000E-04  3.90300000E-03
  2.20000000E+01  2.70000000E+01  6.14020000E-06  3.91440000E-03
  2.20000000E+01  2.90000000E+01  1.47370000E-05  3.91580000E-03
  2.20000000E+01  3.00000000E+01  1.22806000E-06  3.91721000E-03
  2.70000000E+01  2.90000000E+01  1.08611000E-06  3.92720000E-03
                                                                       1
 49000  0  7  114.82     180717  2  0.0         1.0000E+50  0.0
92931 91  0.0         6.          0.0         0.0         0.0
  8.00000000E+00  6.21202000E-03  2.90500000E-03
  1.00000000E+01  3.09891000E-05  3.02800000E-03
  1.10000000E+01  2.90761000E-05  3.06600000E-03
  1.30000000E+01  5.39872000E-03  3.28000000E-03
  1.40000000E+01  4.78882000E-02  3.28800000E-03
  1.60000000E+01  4.41862000E-04  3.60900000E-03
  1.80000000E+01  1.82781000E-06  3.64500000E-03
  1.90000000E+01  1.74281000E-06  3.65300000E-03
  2.10000000E+01  5.94202000E-04  3.71400000E-03
  2.20000000E+01  5.26492000E-03  3.71500000E-03
  2.70000000E+01  3.90521000E-05  3.72640000E-03
  2.90000000E+01  1.54491000E-08  3.72780000E-03
  3.00000000E+01  1.36000000E-08  3.72921000E-03
                                                                       1
 49000  0  9  114.82     180717  2  0.0         1.0000E+50  0.0
92932 91  0.0         6.          0.0         0.0         0.0
  8.00000000E+00  8.00000000E+00  1.48931000E-03  2.07500000E-03
  8.00000000E+00  1.00000000E+01  1.09629000E-03  2.19800000E-03
  8.00000000E+00  1.10000000E+01  3.11246000E-02  2.23600000E-03
  8.00000000E+00  1.30000000E+01  3.04949000E-03  2.45000000E-03
  8.00000000E+00  1.40000000E+01  3.21231000E-03  2.45800000E-03
  8.00000000E+00  1.60000000E+01  4.77937000E-04  2.77900000E-03
  8.00000000E+00  1.80000000E+01  1.66402000E-04  2.81500000E-03
  8.00000000E+00  1.90000000E+01  3.91568000E-03  2.82300000E-03
  8.00000000E+00  2.10000000E+01  2.14780000E-04  2.88400000E-03
  8.00000000E+00  2.20000000E+01  2.12421000E-04  2.88500000E-03
  8.00000000E+00  2.70000000E+01  5.07474000E-05  2.89640000E-03
  8.00000000E+00  2.90000000E+01  2.36030000E-06  2.89780000E-03
  8.00000000E+00  3.00000000E+01  4.48451000E-05  2.89921000E-03
  1.00000000E+01  1.00000000E+01  3.78825000E-04  2.32100000E-03
  1.00000000E+01  1.10000000E+01  5.16581000E-02  2.35900000E-03
  1.00000000E+01  1.30000000E+01  3.55575000E-03  2.57300000E-03
  1.00000000E+01  1.40000000E+01  3.18263000E-02  2.58100000E-03
  1.00000000E+01  1.60000000E+01  1.90002000E-04  2.90200000E-03
  1.00000000E+01  1.80000000E+01  1.14468000E-04  2.93800000E-03
  1.00000000E+01  1.90000000E+01  6.71377000E-03  2.94600000E-03
  1.00000000E+01  2.10000000E+01  4.05972000E-04  3.00700000E-03
  1.00000000E+01  2.20000000E+01  3.18992000E-03  3.00800000E-03
  1.00000000E+01  2.70000000E+01  2.00627000E-05  3.01940000E-03
  1.00000000E+01  2.90000000E+01  1.18016000E-06  3.02080000E-03
  1.00000000E+01  3.00000000E+01  7.78888000E-05  3.02221000E-03
  1.10000000E+01  1.10000000E+01  7.34249000E-02  2.39700000E-03
  1.10000000E+01  1.30000000E+01  7.38546000E-02  2.61100000E-03
  1.10000000E+01  1.40000000E+01  1.12487000E-01  2.61900000E-03
  1.10000000E+01  1.60000000E+01  6.28779000E-03  2.94000000E-03
  1.10000000E+01  1.80000000E+01  8.94888000E-03  2.97600000E-03
  1.10000000E+01  1.90000000E+01  2.23423000E-02  2.98400000E-03
  1.10000000E+01  2.10000000E+01  8.67742000E-03  3.04500000E-03
  1.10000000E+01  2.20000000E+01  1.30028000E-02  3.04600000E-03
  1.10000000E+01  2.70000000E+01  6.90359000E-04  3.05740000E-03
  1.10000000E+01  2.90000000E+01  1.09758000E-04  3.05880000E-03
  1.10000000E+01  3.00000000E+01  2.65523000E-04  3.06021000E-03
  1.30000000E+01  1.30000000E+01  1.06669000E-02  2.82500000E-03
  1.30000000E+01  1.40000000E+01  2.05682000E-01  2.83300000E-03
  1.30000000E+01  1.60000000E+01  5.71176000E-04  3.15400000E-03
  1.30000000E+01  1.80000000E+01  6.11297000E-04  3.19000000E-03
  1.30000000E+01  1.90000000E+01  9.01475000E-03  3.19800000E-03
  1.30000000E+01  2.10000000E+01  2.26112000E-03  3.25900000E-03
  1.30000000E+01  2.20000000E+01  1.89400000E-02  3.26000000E-03
  1.30000000E+01  2.70000000E+01  6.25480000E-05  3.27140000E-03
  1.30000000E+01  2.90000000E+01  7.08061000E-06  3.27280000E-03
  1.30000000E+01  3.00000000E+01  1.03851000E-04  3.27421000E-03
  1.40000000E+01  1.40000000E+01  1.39866000E-01  2.84100000E-03
  1.40000000E+01  1.60000000E+01  6.43181000E-04  3.16200000E-03
  1.40000000E+01  1.80000000E+01  5.16322000E-03  3.19800000E-03
  1.40000000E+01  1.90000000E+01  1.52310000E-02  3.20600000E-03
  1.40000000E+01  2.10000000E+01  2.20248000E-02  3.26700000E-03
  1.40000000E+01  2.20000000E+01  2.83598000E-02  3.26800000E-03
  1.40000000E+01  2.70000000E+01  7.08072000E-05  3.27940000E-03
  1.40000000E+01  2.90000000E+01  6.25489000E-05  3.28080000E-03
  1.40000000E+01  3.00000000E+01  1.79387000E-04  3.28221000E-03
  1.60000000E+01  1.60000000E+01  4.73080000E-05  3.48300000E-03
  1.60000000E+01  1.80000000E+01  3.69603000E-05  3.51900000E-03
  1.60000000E+01  1.90000000E+01  9.91961000E-04  3.52700000E-03
  1.60000000E+01  2.10000000E+01  5.32218000E-05  3.58800000E-03
  1.60000000E+01  2.20000000E+01  5.61780000E-05  3.58900000E-03
  1.60000000E+01  2.70000000E+01  1.03483000E-05  3.60040000E-03
  1.60000000E+01  3.00000000E+01  1.18269000E-05  3.60321000E-03
  1.80000000E+01  1.80000000E+01  8.21448000E-06  3.55500000E-03
  1.80000000E+01  1.90000000E+01  1.15476000E-03  3.56300000E-03
  1.80000000E+01  2.10000000E+01  6.80639000E-05  3.62400000E-03
  1.80000000E+01  2.20000000E+01  5.26938000E-04  3.62500000E-03
  1.80000000E+01  2.70000000E+01  3.52054000E-06  3.63640000E-03
  1.80000000E+01  3.00000000E+01  1.29084000E-05  3.63921000E-03
  1.90000000E+01  1.90000000E+01  1.63158000E-03  3.57100000E-03
  1.90000000E+01  2.10000000E+01  1.04841000E-03  3.63200000E-03
  1.90000000E+01  2.20000000E+01  1.72245000E-03  3.63300000E-03
  1.90000000E+01  2.70000000E+01  8.63006000E-05  3.64440000E-03
  1.90000000E+01  2.90000000E+01  1.39945000E-05  3.64580000E-03
  1.90000000E+01  3.00000000E+01  3.84850000E-05  3.64721000E-03
  2.10000000E+01  2.10000000E+01  1.18019000E-04  3.69300000E-03
  2.10000000E+01  2.20000000E+01  2.07709000E-03  3.69400000E-03
  2.10000000E+01  2.70000000E+01  4.72052000E-06  3.70540000E-03
  2.10000000E+01  2.90000000E+01  1.18019000E-06  3.70680000E-03
  2.10000000E+01  3.00000000E+01  1.18019000E-05  3.70821000E-03
  2.20000000E+01  2.20000000E+01  1.52418000E-03  3.69500000E-03
  2.20000000E+01  2.70000000E+01  4.98101000E-06  3.70640000E-03
  2.20000000E+01  2.90000000E+01  7.47163000E-06  3.70780000E-03
  2.20000000E+01  3.00000000E+01  2.11704000E-05  3.70921000E-03
  2.70000000E+01  3.00000000E+01  1.18020000E-06  3.72061000E-03
                                                                       1
 49000  0  7  114.82     180717  2  0.0         1.0000E+50  0.0
92931 91  0.0         8.          0.0         0.0         0.0
  1.00000000E+01  1.20234000E-05  1.23000000E-04
  1.10000000E+01  6.13267000E-05  1.61000000E-04
  1.80000000E+01  1.38112000E-04  7.40000000E-04
  1.90000000E+01  1.97064000E-04  7.48000000E-04
  2.90000000E+01  1.27064000E-06  8.22800000E-04
  3.00000000E+01  1.69943000E-06  8.24210000E-04
                                                                       1
 49000  0  9  114.82     180717  2  0.0         1.0000E+50  0.0
92932 91  0.0         8.          0.0         0.0         0.0
  1.00000000E+01  1.80000000E+01  5.06489000E-02  3.30000000E-05
  1.00000000E+01  1.90000000E+01  9.56822000E-02  4.10000000E-05
  1.00000000E+01  2.10000000E+01  5.86778000E-02  1.02000000E-04
  1.00000000E+01  2.20000000E+01  7.89299000E-02  1.03000000E-04
  1.00000000E+01  2.70000000E+01  4.57234000E-03  1.14400000E-04
  1.00000000E+01  2.90000000E+01  3.58231000E-04  1.15800000E-04
  1.00000000E+01  3.00000000E+01  6.14311000E-04  1.17210000E-04
  1.10000000E+01  1.60000000E+01  7.65737000E-02  3.50000000E-05
  1.10000000E+01  1.80000000E+01  8.37926000E-02  7.10000000E-05
  1.10000000E+01  1.90000000E+01  1.31907000E-01  7.90000000E-05
  1.10000000E+01  2.10000000E+01  5.03908000E-02  1.40000000E-04
  1.10000000E+01  2.20000000E+01  7.43234000E-02  1.41000000E-04
  1.10000000E+01  2.70000000E+01  6.75027000E-03  1.52400000E-04
  1.10000000E+01  2.90000000E+01  5.63258000E-04  1.53800000E-04
  1.10000000E+01  3.00000000E+01  8.49183000E-04  1.55210000E-04
  1.30000000E+01  1.60000000E+01  3.07246000E-02  2.49000000E-04
  1.30000000E+01  1.80000000E+01  6.10665000E-03  2.85000000E-04
  1.30000000E+01  1.90000000E+01  4.63810000E-03  2.93000000E-04
  1.30000000E+01  2.10000000E+01  5.94528000E-03  3.54000000E-04
  1.30000000E+01  2.20000000E+01  7.01621000E-03  3.55000000E-04
  1.30000000E+01  2.70000000E+01  2.01395000E-03  3.66400000E-04
  1.30000000E+01  2.90000000E+01  3.77647000E-05  3.67800000E-04
  1.30000000E+01  3.00000000E+01  2.62085000E-05  3.69210000E-04
  1.40000000E+01  1.60000000E+01  4.51657000E-02  2.57000000E-04
  1.40000000E+01  1.80000000E+01  1.66566000E-03  2.93000000E-04
  1.40000000E+01  1.90000000E+01  1.20782000E-02  3.01000000E-04
  1.40000000E+01  2.10000000E+01  7.40202000E-03  3.62000000E-04
  1.40000000E+01  2.20000000E+01  1.18979000E-02  3.63000000E-04
  1.40000000E+01  2.70000000E+01  2.95113000E-03  3.74400000E-04
  1.40000000E+01  2.90000000E+01  9.49168000E-06  3.75800000E-04
  1.40000000E+01  3.00000000E+01  6.91293000E-05  3.77210000E-04
  1.60000000E+01  1.60000000E+01  1.12525000E-02  5.78000000E-04
  1.60000000E+01  1.80000000E+01  1.73242000E-02  6.14000000E-04
  1.60000000E+01  1.90000000E+01  3.20517000E-02  6.22000000E-04
  1.60000000E+01  2.10000000E+01  2.58183000E-02  6.83000000E-04
  1.60000000E+01  2.20000000E+01  3.74731000E-02  6.84000000E-04
  1.60000000E+01  2.70000000E+01  1.71432000E-03  6.95400000E-04
  1.60000000E+01  2.90000000E+01  1.26283000E-04  6.96800000E-04
  1.60000000E+01  3.00000000E+01  2.16841000E-04  6.98210000E-04
  1.80000000E+01  1.80000000E+01  1.04747000E-03  6.50000000E-04
  1.80000000E+01  1.90000000E+01  2.51973000E-03  6.58000000E-04
  1.80000000E+01  2.10000000E+01  1.27575000E-03  7.19000000E-04
  1.80000000E+01  2.20000000E+01  3.86539000E-04  7.20000000E-04
  1.80000000E+01  2.70000000E+01  1.14247000E-03  7.31400000E-04
  1.80000000E+01  2.90000000E+01  1.31929000E-05  7.32800000E-04
  1.80000000E+01  3.00000000E+01  1.45115000E-05  7.34210000E-04
  1.90000000E+01  1.90000000E+01  3.20106000E-03  6.66000000E-04
  1.90000000E+01  2.10000000E+01  1.00114000E-03  7.27000000E-04
  1.90000000E+01  2.20000000E+01  2.98948000E-03  7.28000000E-04
  1.90000000E+01  2.70000000E+01  2.02363000E-03  7.39400000E-04
  1.90000000E+01  2.90000000E+01  1.51114000E-05  7.40800000E-04
  1.90000000E+01  3.00000000E+01  3.77778000E-05  7.42210000E-04
  2.10000000E+01  2.10000000E+01  2.90085000E-04  7.88000000E-04
  2.10000000E+01  2.20000000E+01  7.59034000E-04  7.89000000E-04
  2.10000000E+01  2.70000000E+01  1.54714000E-03  8.00400000E-04
  2.10000000E+01  2.90000000E+01  7.25211000E-06  8.01800000E-04
  2.10000000E+01  3.00000000E+01  4.83457000E-06  8.03210000E-04
  2.20000000E+01  2.20000000E+01  6.07949000E-04  7.90000000E-04
  2.20000000E+01  2.70000000E+01  2.24565000E-03  8.01400000E-04
  2.20000000E+01  2.90000000E+01  2.41726000E-06  8.02800000E-04
  2.20000000E+01  3.00000000E+01  1.69211000E-05  8.04210000E-04
  2.70000000E+01  2.70000000E+01  5.92214000E-05  8.12800000E-04
  2.70000000E+01  2.90000000E+01  7.25198000E-06  8.14200000E-04
  2.70000000E+01  3.00000000E+01  1.32949000E-05  8.15610000E-04
                                                                       1
 49000  0  7  114.82     180717  2  0.0         1.0000E+50  0.0
92931 91  0.0         10.         0.0         0.0         0.0
  1.30000000E+01  4.24827000E-04  2.52000000E-04
  1.60000000E+01  2.30758000E-04  5.81000000E-04
  2.10000000E+01  5.95233000E-04  6.86000000E-04
  2.70000000E+01  2.31479000E-05  6.98400000E-04
                                                                       1
 49000  0  9  114.82     180717  2  0.0         1.0000E+50  0.0
92932 91  0.0         10.         0.0         0.0         0.0
  1.10000000E+01  2.10000000E+01  1.89180000E-02  1.70000000E-05
  1.10000000E+01  2.20000000E+01  4.66191000E-02  1.80000000E-05
  1.10000000E+01  2.70000000E+01  5.98734000E-03  2.94000000E-05
  1.10000000E+01  2.90000000E+01  4.34351000E-04  3.08000000E-05
  1.10000000E+01  3.00000000E+01  4.45779000E-04  3.22100000E-05
  1.30000000E+01  1.60000000E+01  1.39268000E-01  1.26000000E-04
  1.30000000E+01  1.80000000E+01  1.41825000E-01  1.62000000E-04
  1.30000000E+01  1.90000000E+01  2.13852000E-01  1.70000000E-04
  1.30000000E+01  2.10000000E+01  4.58588000E-02  2.31000000E-04
  1.30000000E+01  2.20000000E+01  4.52938000E-02  2.32000000E-04
  1.30000000E+01  2.70000000E+01  1.25979000E-02  2.43400000E-04
  1.30000000E+01  2.90000000E+01  9.19801000E-04  2.44800000E-04
  1.30000000E+01  3.00000000E+01  1.39179000E-03  2.46210000E-04
  1.40000000E+01  1.60000000E+01  2.39640000E-02  1.34000000E-04
  1.40000000E+01  1.80000000E+01  1.80196000E-01  1.70000000E-04
  1.40000000E+01  1.90000000E+01  1.90542000E-02  1.78000000E-04
  1.40000000E+01  2.10000000E+01  4.53050000E-03  2.39000000E-04
  1.40000000E+01  2.20000000E+01  6.25299000E-03  2.40000000E-04
  1.40000000E+01  2.70000000E+01  1.52893000E-03  2.51400000E-04
  1.40000000E+01  2.90000000E+01  1.02602000E-03  2.52800000E-04
  1.40000000E+01  3.00000000E+01  1.15652000E-04  2.54210000E-04
  1.60000000E+01  1.60000000E+01  7.06205000E-04  4.55000000E-04
  1.60000000E+01  1.80000000E+01  1.02425000E-02  4.91000000E-04
  1.60000000E+01  1.90000000E+01  1.66063000E-03  4.99000000E-04
  1.60000000E+01  2.10000000E+01  3.59234000E-04  5.60000000E-04
  1.60000000E+01  2.20000000E+01  8.90880000E-04  5.61000000E-04
  1.60000000E+01  2.70000000E+01  1.03154000E-04  5.72400000E-04
  1.60000000E+01  2.90000000E+01  5.62647000E-05  5.73800000E-04
  1.60000000E+01  3.00000000E+01  1.00991000E-05  5.75210000E-04
  1.80000000E+01  1.80000000E+01  6.73287000E-03  5.27000000E-04
  1.80000000E+01  1.90000000E+01  2.11462000E-02  5.35000000E-04
  1.80000000E+01  2.10000000E+01  1.48517000E-02  5.96000000E-04
  1.80000000E+01  2.20000000E+01  2.46766000E-02  5.97000000E-04
  1.80000000E+01  2.70000000E+01  8.84031000E-04  6.08400000E-04
  1.80000000E+01  2.90000000E+01  8.69304000E-05  6.09800000E-04
  1.80000000E+01  3.00000000E+01  1.42315000E-04  6.11210000E-04
  1.90000000E+01  1.90000000E+01  6.16559000E-04  5.43000000E-04
  1.90000000E+01  2.10000000E+01  1.79304000E-03  6.04000000E-04
  1.90000000E+01  2.20000000E+01  1.21599000E-03  6.05000000E-04
  1.90000000E+01  2.70000000E+01  1.17257000E-04  6.16400000E-04
  1.90000000E+01  2.90000000E+01  1.31239000E-04  6.17800000E-04
  1.90000000E+01  3.00000000E+01  6.98894000E-06  6.19210000E-04
  2.10000000E+01  2.10000000E+01  5.31666000E-04  6.65000000E-04
  2.10000000E+01  2.20000000E+01  1.14554000E-03  6.66000000E-04
  2.10000000E+01  2.70000000E+01  3.21025000E-05  6.77400000E-04
  2.10000000E+01  2.90000000E+01  9.16147000E-05  6.78800000E-04
  2.10000000E+01  3.00000000E+01  1.09623000E-05  6.80210000E-04
  2.20000000E+01  2.20000000E+01  2.18482000E-04  6.67000000E-04
  2.20000000E+01  2.70000000E+01  5.05125000E-05  6.78400000E-04
  2.20000000E+01  2.90000000E+01  1.19886000E-04  6.79800000E-04
  2.20000000E+01  3.00000000E+01  5.47729000E-06  6.81210000E-04
  2.70000000E+01  2.70000000E+01  3.36178000E-06  6.89800000E-04
  2.70000000E+01  2.90000000E+01  4.70650000E-06  6.91200000E-04
  2.70000000E+01  3.00000000E+01  6.72375000E-07  6.92610000E-04
  2.90000000E+01  3.00000000E+01  6.72376000E-07  6.94010000E-04
                                                                       1
 49000  0  7  114.82     180717  2  0.0         1.0000E+50  0.0
92931 91  0.0         11.         0.0         0.0         0.0
  1.30000000E+01  2.68731000E-05  2.14000000E-04
  1.40000000E+01  2.77578000E-04  2.22000000E-04
  1.60000000E+01  2.81847000E-04  5.43000000E-04
  2.10000000E+01  7.38662000E-05  6.48000000E-04
  2.20000000E+01  6.09594000E-04  6.49000000E-04
  2.70000000E+01  2.80689000E-05  6.60400000E-04
                                                                       1
 49000  0  9  114.82     180717  2  0.0         1.0000E+50  0.0
92932 91  0.0         11.         0.0         0.0         0.0
  1.30000000E+01  1.60000000E+01  2.84590000E-02  8.80000000E-05
  1.30000000E+01  1.80000000E+01  1.99782000E-02  1.24000000E-04
  1.30000000E+01  1.90000000E+01  1.26970000E-01  1.32000000E-04
  1.30000000E+01  2.10000000E+01  1.11938000E-02  1.93000000E-04
  1.30000000E+01  2.20000000E+01  7.70633000E-03  1.94000000E-04
  1.30000000E+01  2.70000000E+01  2.11418000E-03  2.05400000E-04
  1.30000000E+01  2.90000000E+01  1.36567000E-04  2.06800000E-04
  1.30000000E+01  3.00000000E+01  7.05492000E-04  2.08210000E-04
  1.40000000E+01  1.60000000E+01  1.31805000E-01  9.60000000E-05
  1.40000000E+01  1.80000000E+01  1.33523000E-01  1.32000000E-04
  1.40000000E+01  1.90000000E+01  2.77672000E-01  1.40000000E-04
  1.40000000E+01  2.10000000E+01  3.97124000E-02  2.01000000E-04
  1.40000000E+01  2.20000000E+01  7.15554000E-02  2.02000000E-04
  1.40000000E+01  2.70000000E+01  1.18037000E-02  2.13400000E-04
  1.40000000E+01  2.90000000E+01  9.21429000E-04  2.14800000E-04
  1.40000000E+01  3.00000000E+01  1.68307000E-03  2.16210000E-04
  1.60000000E+01  1.60000000E+01  8.98589000E-04  4.17000000E-04
  1.60000000E+01  1.80000000E+01  1.30670000E-03  4.53000000E-04
  1.60000000E+01  1.90000000E+01  1.89493000E-02  4.61000000E-04
  1.60000000E+01  2.10000000E+01  9.70051000E-04  5.22000000E-04
  1.60000000E+01  2.20000000E+01  1.08997000E-03  5.23000000E-04
  1.60000000E+01  2.70000000E+01  1.30795000E-04  5.34400000E-04
  1.60000000E+01  2.90000000E+01  8.47713000E-06  5.35800000E-04
  1.60000000E+01  3.00000000E+01  9.93066000E-05  5.37210000E-04
  1.80000000E+01  1.80000000E+01  2.06686000E-04  4.89000000E-04
  1.80000000E+01  1.90000000E+01  1.88601000E-02  4.97000000E-04
  1.80000000E+01  2.10000000E+01  4.90469000E-04  5.58000000E-04
  1.80000000E+01  2.20000000E+01  2.48479000E-03  5.59000000E-04
  1.80000000E+01  2.70000000E+01  8.15604000E-05  5.70400000E-04
  1.80000000E+01  2.90000000E+01  2.23463000E-06  5.71800000E-04
  1.80000000E+01  3.00000000E+01  9.94392000E-05  5.73210000E-04
  1.90000000E+01  1.90000000E+01  2.41871000E-02  5.05000000E-04
  1.90000000E+01  2.10000000E+01  2.49091000E-02  5.66000000E-04
  1.90000000E+01  2.20000000E+01  3.38675000E-02  5.67000000E-04
  1.90000000E+01  2.70000000E+01  1.33581000E-03  5.78400000E-04
  1.90000000E+01  2.90000000E+01  1.18696000E-04  5.79800000E-04
  1.90000000E+01  3.00000000E+01  2.91875000E-04  5.81210000E-04
  2.10000000E+01  2.10000000E+01  1.33995000E-04  6.27000000E-04
  2.10000000E+01  2.20000000E+01  1.12278000E-03  6.28000000E-04
  2.10000000E+01  2.70000000E+01  3.52623000E-05  6.39400000E-04
  2.10000000E+01  2.90000000E+01  1.41058000E-06  6.40800000E-04
  2.10000000E+01  3.00000000E+01  9.52086000E-05  6.42210000E-04
  2.20000000E+01  2.20000000E+01  7.97471000E-04  6.29000000E-04
  2.20000000E+01  2.70000000E+01  4.35253000E-05  6.40400000E-04
  2.20000000E+01  2.90000000E+01  8.42415000E-06  6.41800000E-04
  2.20000000E+01  3.00000000E+01  1.27756000E-04  6.43210000E-04
  2.70000000E+01  2.70000000E+01  2.38560000E-06  6.51800000E-04
  2.70000000E+01  3.00000000E+01  4.17468000E-06  6.54610000E-04
  2.90000000E+01  3.00000000E+01  5.96400000E-07  6.56010000E-04
                                                                       1
 49000  0  7  114.82     180717  2  0.0         1.0000E+50  0.0
92931 91  0.0         13.         0.0         0.0         0.0
  1.80000000E+01  7.73915000E-04  3.65000000E-04
  1.90000000E+01  1.28401000E-04  3.73000000E-04
  2.90000000E+01  6.34274000E-06  4.47800000E-04
  3.00000000E+01  9.71226000E-07  4.49210000E-04
                                                                       1
 49000  0  9  114.82     180717  2  0.0         1.0000E+50  0.0
92932 91  0.0         13.         0.0         0.0         0.0
  1.40000000E+01  2.90000000E+01  4.70287000E-04  8.00000000E-07
  1.40000000E+01  3.00000000E+01  1.49512000E-03  2.21000000E-06
  1.60000000E+01  1.60000000E+01  5.54502000E-04  2.03000000E-04
  1.60000000E+01  1.80000000E+01  1.09502000E-02  2.39000000E-04
  1.60000000E+01  1.90000000E+01  1.04584000E-02  2.47000000E-04
  1.60000000E+01  2.10000000E+01  1.34907000E-01  3.08000000E-04
  1.60000000E+01  2.20000000E+01  2.19622000E-02  3.09000000E-04
  1.60000000E+01  2.70000000E+01  6.31731000E-05  3.20400000E-04
  1.60000000E+01  2.90000000E+01  6.31731000E-05  3.21800000E-04
  1.60000000E+01  3.00000000E+01  4.21133000E-05  3.23210000E-04
  1.80000000E+01  1.80000000E+01  1.51615000E-03  2.75000000E-04
  1.80000000E+01  1.90000000E+01  2.21655000E-02  2.83000000E-04
  1.80000000E+01  2.10000000E+01  1.00603000E-01  3.44000000E-04
  1.80000000E+01  2.20000000E+01  8.94932000E-03  3.45000000E-04
  1.80000000E+01  2.70000000E+01  3.86053000E-04  3.56400000E-04
  1.80000000E+01  2.90000000E+01  2.10572000E-05  3.57800000E-04
  1.80000000E+01  3.00000000E+01  1.19323000E-04  3.59210000E-04
  1.90000000E+01  1.90000000E+01  9.17386000E-03  2.91000000E-04
  1.90000000E+01  2.10000000E+01  2.23419000E-01  3.52000000E-04
  1.90000000E+01  2.20000000E+01  9.22314000E-03  3.53000000E-04
  1.90000000E+01  2.70000000E+01  4.91323000E-04  3.64400000E-04
  1.90000000E+01  2.90000000E+01  1.26351000E-04  3.65800000E-04
  1.90000000E+01  3.00000000E+01  9.82681000E-05  3.67210000E-04
  2.10000000E+01  2.10000000E+01  1.38534000E-01  4.13000000E-04
  2.10000000E+01  2.20000000E+01  2.84465000E-01  4.14000000E-04
  2.10000000E+01  2.70000000E+01  1.07322000E-02  4.25400000E-04
  2.10000000E+01  2.90000000E+01  7.29985000E-04  4.26800000E-04
  2.10000000E+01  3.00000000E+01  1.48109000E-03  4.28210000E-04
  2.20000000E+01  2.20000000E+01  4.80098000E-03  4.15000000E-04
  2.20000000E+01  2.70000000E+01  9.89694000E-04  4.26400000E-04
  2.20000000E+01  2.90000000E+01  4.91322000E-05  4.27800000E-04
  2.20000000E+01  3.00000000E+01  4.91322000E-05  4.29210000E-04
                                                                       1
 49000  0  7  114.82     180717  2  0.0         1.0000E+50  0.0
92931 91  0.0         14.         0.0         0.0         0.0
  1.90000000E+01  8.15090000E-04  3.65000000E-04
  3.00000000E+01  6.16207000E-06  4.41210000E-04
                                                                       1
 49000  0  9  114.82     180717  2  0.0         1.0000E+50  0.0
92932 91  0.0         14.         0.0         0.0         0.0
  1.60000000E+01  1.60000000E+01  8.45286000E-04  1.95000000E-04
  1.60000000E+01  1.80000000E+01  6.25656000E-03  2.31000000E-04
  1.60000000E+01  1.90000000E+01  1.71551000E-02  2.39000000E-04
  1.60000000E+01  2.10000000E+01  1.60677000E-02  3.00000000E-04
  1.60000000E+01  2.20000000E+01  1.42137000E-01  3.01000000E-04
  1.60000000E+01  2.70000000E+01  9.00717000E-05  3.12400000E-04
  1.60000000E+01  2.90000000E+01  2.77136000E-05  3.13800000E-04
  1.60000000E+01  3.00000000E+01  8.31434000E-05  3.15210000E-04
  1.80000000E+01  1.80000000E+01  2.07859000E-05  2.67000000E-04
  1.80000000E+01  1.90000000E+01  2.21863000E-02  2.75000000E-04
  1.80000000E+01  2.10000000E+01  1.94016000E-03  3.36000000E-04
  1.80000000E+01  2.20000000E+01  1.23040000E-01  3.37000000E-04
  1.80000000E+01  2.70000000E+01  2.77145000E-04  3.48400000E-04
  1.80000000E+01  3.00000000E+01  1.17792000E-04  3.51210000E-04
  1.90000000E+01  1.90000000E+01  1.51464000E-02  2.83000000E-04
  1.90000000E+01  2.10000000E+01  1.14461000E-02  3.44000000E-04
  1.90000000E+01  2.20000000E+01  2.04087000E-01  3.45000000E-04
  1.90000000E+01  2.70000000E+01  6.78996000E-04  3.56400000E-04
  1.90000000E+01  2.90000000E+01  1.17790000E-04  3.57800000E-04
  1.90000000E+01  3.00000000E+01  1.66296000E-04  3.59210000E-04
  2.10000000E+01  2.10000000E+01  1.98170000E-03  4.05000000E-04
  2.10000000E+01  2.20000000E+01  1.95751000E-01  4.06000000E-04
  2.10000000E+01  2.70000000E+01  7.20583000E-04  4.17400000E-04
  2.10000000E+01  2.90000000E+01  1.38580000E-05  4.18800000E-04
  2.10000000E+01  3.00000000E+01  5.54307000E-05  4.20210000E-04
  2.20000000E+01  2.20000000E+01  2.25564000E-01  4.07000000E-04
  2.20000000E+01  2.70000000E+01  1.09743000E-02  4.18400000E-04
  2.20000000E+01  2.90000000E+01  8.66068000E-04  4.19800000E-04
  2.20000000E+01  3.00000000E+01  1.35811000E-03  4.21210000E-04
  2.70000000E+01  3.00000000E+01  6.92898000E-06  4.32610000E-04
                                                                       1
 49000  0  7  114.82     180717  2  0.0         1.0000E+50  0.0
92931 91  0.0         16.         0.0         0.0         0.0
  1.80000000E+01  8.99273000E-06  3.60000000E-05
  1.90000000E+01  2.66255000E-05  4.40000000E-05
  2.90000000E+01  2.82324000E-07  1.18800000E-04
  3.00000000E+01  2.36710000E-07  1.20210000E-04
                                                                       1
 49000  0  9  114.82     180717  2  0.0         1.0000E+50  0.0
92932 91  0.0         16.         0.0         0.0         0.0
  1.80000000E+01  2.10000000E+01  3.13612000E-02  1.50000000E-05
  1.80000000E+01  2.20000000E+01  1.17895000E-01  1.60000000E-05
  1.80000000E+01  2.70000000E+01  8.75568000E-03  2.74000000E-05
  1.80000000E+01  2.90000000E+01  4.93629000E-04  2.88000000E-05
  1.80000000E+01  3.00000000E+01  1.28375000E-03  3.02100000E-05
  1.90000000E+01  2.10000000E+01  3.55758000E-01  2.30000000E-05
  1.90000000E+01  2.20000000E+01  3.78615000E-01  2.40000000E-05
  1.90000000E+01  2.70000000E+01  1.83631000E-02  3.54000000E-05
  1.90000000E+01  2.90000000E+01  1.65767000E-03  3.68000000E-05
  1.90000000E+01  3.00000000E+01  2.18216000E-03  3.82100000E-05
  2.10000000E+01  2.10000000E+01  1.56975000E-03  8.40000000E-05
  2.10000000E+01  2.20000000E+01  4.37208000E-02  8.50000000E-05
  2.10000000E+01  2.70000000E+01  7.85877000E-03  9.64000000E-05
  2.10000000E+01  2.90000000E+01  6.52069000E-05  9.78000000E-05
  2.10000000E+01  3.00000000E+01  7.36206000E-04  9.92100000E-05
  2.20000000E+01  2.20000000E+01  5.88485000E-03  8.60000000E-05
  2.20000000E+01  2.70000000E+01  5.12322000E-03  9.74000000E-05
  2.20000000E+01  2.90000000E+01  2.69092000E-04  9.88000000E-05
  2.20000000E+01  3.00000000E+01  2.39777000E-04  1.00210000E-04
  2.70000000E+01  2.70000000E+01  1.30436000E-02  1.08800000E-04
  2.70000000E+01  2.90000000E+01  1.47146000E-03  1.10200000E-04
  2.70000000E+01  3.00000000E+01  2.55089000E-03  1.11610000E-04
  2.90000000E+01  3.00000000E+01  1.06499000E-03  1.13010000E-04
                                                                       1
 49000  0  7  114.82     180717  2  0.0         1.0000E+50  0.0
92931 91  0.0         18.         0.0         0.0         0.0
  2.10000000E+01  3.17311000E-05  6.90000000E-05
  2.70000000E+01  2.29661000E-06  8.14000000E-05
                                                                       1
 49000  0  9  114.82     180717  2  0.0         1.0000E+50  0.0
92932 91  0.0         18.         0.0         0.0         0.0
  1.90000000E+01  2.90000000E+01  5.49502000E-04  8.00000000E-07
  1.90000000E+01  3.00000000E+01  7.92402000E-04  2.21000000E-06
  2.10000000E+01  2.10000000E+01  1.60965000E-01  4.80000000E-05
  2.10000000E+01  2.20000000E+01  7.91695000E-01  4.90000000E-05
  2.10000000E+01  2.70000000E+01  1.26357000E-02  6.04000000E-05
  2.10000000E+01  2.90000000E+01  9.81929000E-04  6.18000000E-05
  2.10000000E+01  3.00000000E+01  1.95464000E-03  6.32100000E-05
  2.20000000E+01  2.20000000E+01  2.78490000E-02  5.00000000E-05
  2.20000000E+01  2.70000000E+01  1.17376000E-03  6.14000000E-05
  2.20000000E+01  2.90000000E+01  1.09766000E-03  6.28000000E-05
  2.20000000E+01  3.00000000E+01  2.05692000E-04  6.42100000E-05
  2.70000000E+01  2.70000000E+01  3.11231000E-06  7.28000000E-05
  2.70000000E+01  2.90000000E+01  4.99385000E-05  7.42000000E-05
  2.70000000E+01  3.00000000E+01  5.23435000E-06  7.56100000E-05
  2.90000000E+01  3.00000000E+01  7.35662000E-06  7.70100000E-05
                                                                       1
 49000  0  7  114.82     180717  2  0.0         1.0000E+50  0.0
92931 91  0.0         19.         0.0         0.0         0.0
  2.10000000E+01  8.31720000E-07  6.10000000E-05
  2.20000000E+01  7.93580000E-06  6.20000000E-05
  2.70000000E+01  8.44040000E-07  7.34000000E-05
                                                                       1
 49000  0  9  114.82     180717  2  0.0         1.0000E+50  0.0
92932 91  0.0         19.         0.0         0.0         0.0
  2.10000000E+01  2.10000000E+01  2.29548000E-02  4.00000000E-05
  2.10000000E+01  2.20000000E+01  5.81745000E-01  4.10000000E-05
  2.10000000E+01  2.70000000E+01  2.16648000E-03  5.24000000E-05
  2.10000000E+01  2.90000000E+01  1.69898000E-04  5.38000000E-05
  2.10000000E+01  3.00000000E+01  8.73573000E-04  5.52100000E-05
  2.20000000E+01  2.20000000E+01  3.76626000E-01  4.20000000E-05
  2.20000000E+01  2.70000000E+01  1.21088000E-02  5.34000000E-05
  2.20000000E+01  2.90000000E+01  1.22648000E-03  5.48000000E-05
  2.20000000E+01  3.00000000E+01  2.05908000E-03  5.62100000E-05
  2.70000000E+01  2.70000000E+01  1.77507000E-06  6.48000000E-05
  2.70000000E+01  2.90000000E+01  3.80364000E-06  6.62000000E-05
  2.70000000E+01  3.00000000E+01  5.07143000E-05  6.76100000E-05
  2.90000000E+01  3.00000000E+01  4.05730000E-06  6.90100000E-05
                                                                       1
 49000  0  7  114.82     180717  2  0.0         1.0000E+50  0.0
92931 91  0.0         21.         0.0         0.0         0.0
  2.90000000E+01  3.70179000E-10  1.38000000E-05
  3.00000000E+01  6.44637000E-11  1.52100000E-05
                                                                       1
 49000  0  9  114.82     180717  2  0.0         1.0000E+50  0.0
92932 91  0.0         21.         0.0         0.0         0.0
  2.70000000E+01  2.70000000E+01  4.32822000E-01  3.80000000E-06
  2.70000000E+01  2.90000000E+01  2.69162000E-01  5.20000000E-06
  2.70000000E+01  3.00000000E+01  2.39722000E-01  6.61000000E-06
  2.90000000E+01  3.00000000E+01  5.82938000E-02  8.01000000E-06
                                                                       1
 49000  0  7  114.82     180717  2  0.0         1.0000E+50  0.0
92931 91  0.0         22.         0.0         0.0         0.0
  3.00000000E+01  4.56828000E-10  1.42100000E-05
                                                                       1
 49000  0  9  114.82     180717  2  0.0         1.0000E+50  0.0
92932 91  0.0         22.         0.0         0.0         0.0
  2.70000000E+01  2.90000000E+01  2.12361000E-01  4.20000000E-06
  2.70000000E+01  3.00000000E+01  7.26924000E-01  5.61000000E-06
  2.90000000E+01  3.00000000E+01  6.07147000E-02  7.01000000E-06
                                                                       1
