2.257315e+00  2.257316e+00  2.257317e+00  2.257318e+00  2.257320e+00  2.257322e+00  
2.257327e+00  2.257334e+00  2.257344e+00  2.257362e+00  2.257389e+00  2.257432e+00  
2.257501e+00  2.257609e+00  2.257782e+00  2.258054e+00  2.258487e+00  2.259173e+00  
2.260259e+00  2.261981e+00  2.264709e+00  2.269032e+00  2.275876e+00  2.286694e+00  
2.303719e+00  2.330224e+00  2.370868e+00  2.423392e+00  2.472750e+00  2.518843e+00  
2.561879e+00  2.602455e+00  2.641517e+00  2.679326e+00  2.716126e+00  2.752620e+00  
2.790150e+00  2.829850e+00  2.871580e+00  2.914560e+00  2.957420e+00  2.997810e+00  
3.032740e+00  3.048540e+00  3.066740e+00  3.084650e+00  3.105920e+00  3.111740e+00  
3.116510e+00  3.117100e+00  3.117600e+00  3.117650e+00  3.117710e+00  3.117720e+00  
2.834098e+00  2.834099e+00  2.834100e+00  2.834101e+00  2.834102e+00  2.834105e+00  
2.834108e+00  2.834115e+00  2.834124e+00  2.834140e+00  2.834164e+00  2.834203e+00  
2.834264e+00  2.834361e+00  2.834514e+00  2.834757e+00  2.835143e+00  2.835754e+00  
2.836722e+00  2.838258e+00  2.840691e+00  2.844547e+00  2.850657e+00  2.860326e+00  
2.875591e+00  2.899541e+00  2.936785e+00  2.985829e+00  3.032915e+00  3.077739e+00  
3.119959e+00  3.159302e+00  3.195569e+00  3.228746e+00  3.259120e+00  3.287730e+00  
3.316510e+00  3.347310e+00  3.380580e+00  3.416740e+00  3.456280e+00  3.499620e+00  
3.545950e+00  3.568260e+00  3.586120e+00  3.595960e+00  3.609430e+00  3.614400e+00  
3.616510e+00  3.616550e+00  3.616880e+00  3.616910e+00  3.617110e+00  3.617000e+00  
3.294700e+00  3.294701e+00  3.294702e+00  3.294703e+00  3.294705e+00  3.294707e+00  
3.294712e+00  3.294719e+00  3.294730e+00  3.294748e+00  3.294775e+00  3.294820e+00  
3.294890e+00  3.295000e+00  3.295175e+00  3.295453e+00  3.295894e+00  3.296594e+00  
3.297702e+00  3.299458e+00  3.302241e+00  3.306649e+00  3.313625e+00  3.324622e+00  
3.341817e+00  3.368142e+00  3.407286e+00  3.455764e+00  3.498728e+00  3.536231e+00  
3.568702e+00  3.597151e+00  3.623006e+00  3.646742e+00  3.668756e+00  3.690090e+00  
3.712410e+00  3.737340e+00  3.765340e+00  3.796710e+00  3.831560e+00  3.869170e+00  
3.907900e+00  3.926720e+00  3.943650e+00  3.954590e+00  3.963520e+00  3.965570e+00  
3.967180e+00  3.967360e+00  3.967500e+00  3.967530e+00  3.967540e+00  3.967540e+00  
4.010551e+00  4.010552e+00  4.010553e+00  4.010555e+00  4.010557e+00  4.010560e+00  
4.010566e+00  4.010574e+00  4.010588e+00  4.010609e+00  4.010644e+00  4.010697e+00  
4.010783e+00  4.010918e+00  4.011133e+00  4.011475e+00  4.012015e+00  4.012872e+00  
4.014230e+00  4.016384e+00  4.019795e+00  4.025196e+00  4.033727e+00  4.047118e+00  
4.067809e+00  4.098520e+00  4.141424e+00  4.189455e+00  4.225693e+00  4.250699e+00  
4.265957e+00  4.274308e+00  4.279507e+00  4.282766e+00  4.284783e+00  4.287120e+00  
4.292070e+00  4.301520e+00  4.315380e+00  4.332280e+00  4.351100e+00  4.373310e+00  
4.400080e+00  4.414040e+00  4.425110e+00  4.430400e+00  4.434960e+00  4.435920e+00  
4.436440e+00  4.436490e+00  4.436550e+00  4.436550e+00  4.436590e+00  4.436570e+00  
4.551915e+00  4.551917e+00  4.551918e+00  4.551920e+00  4.551923e+00  4.551928e+00  
4.551935e+00  4.551946e+00  4.551965e+00  4.551994e+00  4.552040e+00  4.552113e+00  
4.552228e+00  4.552411e+00  4.552702e+00  4.553162e+00  4.553890e+00  4.555046e+00  
4.556878e+00  4.559781e+00  4.564379e+00  4.571649e+00  4.583093e+00  4.600901e+00  
4.627783e+00  4.665175e+00  4.710706e+00  4.751504e+00  4.772801e+00  4.781115e+00  
4.779341e+00  4.770900e+00  4.760115e+00  4.748122e+00  4.735225e+00  4.722390e+00  
4.711160e+00  4.702960e+00  4.698360e+00  4.697840e+00  4.701990e+00  4.711600e+00  
4.724710e+00  4.730260e+00  4.734510e+00  4.736560e+00  4.737670e+00  4.737740e+00  
4.737750e+00  4.737750e+00  4.737750e+00  4.737740e+00  4.737740e+00  4.737750e+00  
4.979167e+00  4.979170e+00  4.979171e+00  4.979174e+00  4.979177e+00  4.979184e+00  
4.979194e+00  4.979209e+00  4.979234e+00  4.979272e+00  4.979334e+00  4.979432e+00  
4.979587e+00  4.979831e+00  4.980220e+00  4.980837e+00  4.981815e+00  4.983364e+00  
4.985819e+00  4.989709e+00  4.995869e+00  5.005598e+00  5.020869e+00  5.044452e+00  
5.079336e+00  5.124962e+00  5.172408e+00  5.201685e+00  5.203498e+00  5.194153e+00  
5.177735e+00  5.156734e+00  5.134000e+00  5.109455e+00  5.081762e+00  5.051710e+00  
5.023610e+00  5.000960e+00  4.983710e+00  4.970040e+00  4.958900e+00  4.953220e+00  
4.952910e+00  4.951990e+00  4.950290e+00  4.948410e+00  4.946670e+00  4.946090e+00  
4.945610e+00  4.945550e+00  4.945500e+00  4.945480e+00  4.945490e+00  4.945490e+00  
5.357395e+00  5.357397e+00  5.357398e+00  5.357400e+00  5.357403e+00  5.357408e+00  
5.357415e+00  5.357427e+00  5.357446e+00  5.357476e+00  5.357523e+00  5.357598e+00  
5.357717e+00  5.357906e+00  5.358205e+00  5.358677e+00  5.359428e+00  5.360617e+00  
5.362503e+00  5.365494e+00  5.370233e+00  5.377730e+00  5.389534e+00  5.407906e+00  
5.435643e+00  5.474257e+00  5.520913e+00  5.559405e+00  5.569780e+00  5.554893e+00  
5.520092e+00  5.474069e+00  5.427467e+00  5.383046e+00  5.341183e+00  5.302530e+00  
5.267410e+00  5.235790e+00  5.207330e+00  5.180600e+00  5.154890e+00  5.133200e+00  
5.119260e+00  5.114720e+00  5.108280e+00  5.101280e+00  5.097010e+00  5.096040e+00  
5.094950e+00  5.094810e+00  5.094730e+00  5.094700e+00  5.094740e+00  5.094730e+00  
5.935535e+00  5.935537e+00  5.935538e+00  5.935540e+00  5.935543e+00  5.935548e+00  
5.935556e+00  5.935568e+00  5.935587e+00  5.935618e+00  5.935666e+00  5.935741e+00  
5.935863e+00  5.936055e+00  5.936360e+00  5.936842e+00  5.937607e+00  5.938821e+00  
5.940747e+00  5.943802e+00  5.948642e+00  5.956299e+00  5.968339e+00  5.986995e+00  
6.014823e+00  6.052258e+00  6.093565e+00  6.119204e+00  6.110801e+00  6.072324e+00  
6.010862e+00  5.937507e+00  5.865449e+00  5.798012e+00  5.735260e+00  5.677250e+00  
5.623250e+00  5.572110e+00  5.523180e+00  5.474650e+00  5.425790e+00  5.380700e+00  
5.344750e+00  5.330230e+00  5.314760e+00  5.301530e+00  5.291280e+00  5.288910e+00  
5.286770e+00  5.286520e+00  5.286320e+00  5.286270e+00  5.286300e+00  5.286290e+00  
6.382167e+00  6.382169e+00  6.382170e+00  6.382172e+00  6.382175e+00  6.382179e+00  
6.382186e+00  6.382198e+00  6.382215e+00  6.382243e+00  6.382288e+00  6.382360e+00  
6.382473e+00  6.382652e+00  6.382936e+00  6.383386e+00  6.384101e+00  6.385235e+00  
6.387034e+00  6.389891e+00  6.394419e+00  6.401582e+00  6.412827e+00  6.430160e+00  
6.455653e+00  6.488540e+00  6.520488e+00  6.530213e+00  6.502657e+00  6.442678e+00  
6.358475e+00  6.262661e+00  6.169993e+00  6.083892e+00  6.004340e+00  5.930900e+00  
5.862050e+00  5.795760e+00  5.731020e+00  5.665500e+00  5.598210e+00  5.534270e+00  
5.480570e+00  5.457920e+00  5.434970e+00  5.416320e+00  5.400260e+00  5.396480e+00  
5.393280e+00  5.392890e+00  5.392580e+00  5.392540e+00  5.392530e+00  5.392520e+00  
7.152575e+00  7.152578e+00  7.152579e+00  7.152582e+00  7.152586e+00  7.152592e+00  
7.152602e+00  7.152618e+00  7.152643e+00  7.152682e+00  7.152745e+00  7.152844e+00  
7.153002e+00  7.153252e+00  7.153647e+00  7.154275e+00  7.155273e+00  7.156855e+00  
7.159369e+00  7.163358e+00  7.169680e+00  7.179644e+00  7.195134e+00  7.218396e+00  
7.250188e+00  7.281336e+00  7.282213e+00  7.218760e+00  7.108946e+00  6.986314e+00  
6.859842e+00  6.734924e+00  6.617332e+00  6.505815e+00  6.397137e+00  6.289133e+00  
6.184880e+00  6.085800e+00  5.990950e+00  5.897360e+00  5.802990e+00  5.710870e+00  
5.624980e+00  5.584970e+00  5.546870e+00  5.518370e+00  5.490080e+00  5.483260e+00  
5.477880e+00  5.477170e+00  5.476660e+00  5.476580e+00  5.476530e+00  5.476530e+00  
7.710462e+00  7.710463e+00  7.710464e+00  7.710466e+00  7.710468e+00  7.710472e+00  
7.710477e+00  7.710486e+00  7.710500e+00  7.710523e+00  7.710558e+00  7.710615e+00  
7.710705e+00  7.710848e+00  7.711074e+00  7.711434e+00  7.712008e+00  7.712920e+00  
7.714375e+00  7.716694e+00  7.720379e+00  7.726174e+00  7.735061e+00  7.747883e+00  
7.763374e+00  7.769887e+00  7.734980e+00  7.627925e+00  7.477173e+00  7.312786e+00  
7.144350e+00  6.979004e+00  6.824447e+00  6.681000e+00  6.547211e+00  6.420421e+00  
6.300040e+00  6.184180e+00  6.071960e+00  5.961250e+00  5.850480e+00  5.741230e+00  
5.635580e+00  5.584500e+00  5.534820e+00  5.497160e+00  5.461010e+00  5.452140e+00  
5.445080e+00  5.444180e+00  5.443510e+00  5.443400e+00  5.443340e+00  5.443320e+00  
8.481297e+00  8.481295e+00  8.481294e+00  8.481293e+00  8.481291e+00  8.481287e+00  
8.481281e+00  8.481272e+00  8.481257e+00  8.481232e+00  8.481195e+00  8.481136e+00  
8.481042e+00  8.480894e+00  8.480661e+00  8.480292e+00  8.479713e+00  8.478806e+00  
8.477384e+00  8.475162e+00  8.471672e+00  8.466135e+00  8.457158e+00  8.442143e+00  
8.415835e+00  8.365386e+00  8.263147e+00  8.091692e+00  7.887185e+00  7.658162e+00  
7.416143e+00  7.176514e+00  6.954928e+00  6.755465e+00  6.577911e+00  6.419487e+00  
6.277160e+00  6.146380e+00  6.022930e+00  5.898150e+00  5.765730e+00  5.632210e+00  
5.505620e+00  5.444270e+00  5.379700e+00  5.326840e+00  5.282340e+00  5.271450e+00  
5.262100e+00  5.261000e+00  5.260150e+00  5.259980e+00  5.259940e+00  5.259890e+00  
8.987544e+00  8.987541e+00  8.987539e+00  8.987535e+00  8.987530e+00  8.987523e+00  
8.987510e+00  8.987490e+00  8.987459e+00  8.987408e+00  8.987330e+00  8.987204e+00  
8.987005e+00  8.986692e+00  8.986197e+00  8.985416e+00  8.984186e+00  8.982252e+00  
8.979216e+00  8.974447e+00  8.966934e+00  8.955004e+00  8.935818e+00  8.904548e+00  
8.852586e+00  8.762161e+00  8.599050e+00  8.350877e+00  8.077220e+00  7.786975e+00  
7.491588e+00  7.205833e+00  6.944247e+00  6.710347e+00  6.503789e+00  6.320599e+00  
6.156920e+00  6.008220e+00  5.869690e+00  5.732480e+00  5.589690e+00  5.446060e+00  
5.307410e+00  5.239140e+00  5.167330e+00  5.108760e+00  5.059240e+00  5.047100e+00  
5.036700e+00  5.035480e+00  5.034520e+00  5.034340e+00  5.034310e+00  5.034240e+00  
9.363832e+00  9.363827e+00  9.363824e+00  9.363819e+00  9.363812e+00  9.363801e+00  
9.363782e+00  9.363753e+00  9.363705e+00  9.363632e+00  9.363514e+00  9.363329e+00  
9.363036e+00  9.362573e+00  9.361841e+00  9.360687e+00  9.358870e+00  9.356012e+00  
9.351521e+00  9.344463e+00  9.333325e+00  9.315617e+00  9.287185e+00  9.241218e+00  
9.166123e+00  9.039940e+00  8.823324e+00  8.509326e+00  8.177838e+00  7.837818e+00  
7.500124e+00  7.178326e+00  6.886143e+00  6.626018e+00  6.397150e+00  6.194285e+00  
6.012193e+00  5.846420e+00  5.692260e+00  5.542280e+00  5.390500e+00  5.239600e+00  
5.093370e+00  5.021660e+00  4.947730e+00  4.888250e+00  4.835520e+00  4.822560e+00  
4.811740e+00  4.810450e+00  4.809420e+00  4.809260e+00  4.809190e+00  4.809150e+00  
9.659702e+00  9.659696e+00  9.659692e+00  9.659686e+00  9.659676e+00  9.659661e+00  
9.659637e+00  9.659599e+00  9.659539e+00  9.659444e+00  9.659292e+00  9.659052e+00  
9.658674e+00  9.658075e+00  9.657130e+00  9.655640e+00  9.653294e+00  9.649604e+00  
9.643808e+00  9.634692e+00  9.620293e+00  9.597365e+00  9.560569e+00  9.501325e+00  
9.405356e+00  9.247125e+00  8.983242e+00  8.612246e+00  8.231720e+00  7.850429e+00  
7.478430e+00  7.127759e+00  6.811238e+00  6.530640e+00  6.283907e+00  6.064710e+00  
5.866316e+00  5.684120e+00  5.514140e+00  5.351160e+00  5.190870e+00  5.033910e+00  
4.882370e+00  4.809080e+00  4.735700e+00  4.677840e+00  4.622900e+00  4.609380e+00  
4.598480e+00  4.597180e+00  4.596080e+00  4.595930e+00  4.595830e+00  4.595820e+00  
1.003603e+01  1.003603e+01  1.003602e+01  1.003602e+01  1.003601e+01  1.003599e+01  
1.003597e+01  1.003594e+01  1.003588e+01  1.003579e+01  1.003565e+01  1.003542e+01  
1.003507e+01  1.003450e+01  1.003362e+01  1.003223e+01  1.003006e+01  1.002666e+01  
1.002134e+01  1.001300e+01  9.999772e+00  9.978476e+00  9.943745e+00  9.886335e+00  
9.787924e+00  9.606273e+00  9.262038e+00  8.748545e+00  8.233497e+00  7.767494e+00  
7.353594e+00  6.985174e+00  6.656394e+00  6.361157e+00  6.088184e+00  5.830061e+00  
5.590440e+00  5.373720e+00  5.177050e+00  4.995270e+00  4.823210e+00  4.655280e+00  
4.492480e+00  4.417840e+00  4.346700e+00  4.292020e+00  4.234250e+00  4.220500e+00  
4.209660e+00  4.208190e+00  4.207130e+00  4.207000e+00  4.206900e+00  4.206890e+00  
1.050488e+01  1.050487e+01  1.050486e+01  1.050485e+01  1.050483e+01  1.050480e+01  
1.050475e+01  1.050467e+01  1.050456e+01  1.050437e+01  1.050406e+01  1.050358e+01  
1.050282e+01  1.050163e+01  1.049976e+01  1.049679e+01  1.049212e+01  1.048479e+01  
1.047327e+01  1.045510e+01  1.042626e+01  1.038019e+01  1.030654e+01  1.018927e+01  
1.000371e+01  9.714962e+00  9.276599e+00  8.719917e+00  8.204534e+00  7.728487e+00  
7.289701e+00  6.885908e+00  6.515466e+00  6.179154e+00  5.873506e+00  5.593969e+00  
5.336532e+00  5.100310e+00  4.884970e+00  4.689040e+00  4.509840e+00  4.335980e+00  
4.159040e+00  4.074040e+00  3.999920e+00  3.950890e+00  3.894510e+00  3.878040e+00  
3.867740e+00  3.866890e+00  3.865580e+00  3.865330e+00  3.865310e+00  3.865300e+00  
1.082090e+01  1.082089e+01  1.082088e+01  1.082087e+01  1.082085e+01  1.082083e+01  
1.082078e+01  1.082072e+01  1.082061e+01  1.082044e+01  1.082017e+01  1.081974e+01  
1.081906e+01  1.081800e+01  1.081633e+01  1.081372e+01  1.080965e+01  1.080331e+01  
1.079336e+01  1.077763e+01  1.075237e+01  1.071144e+01  1.064513e+01  1.053691e+01  
1.035719e+01  1.004833e+01  9.514402e+00  8.777830e+00  8.087290e+00  7.492810e+00  
6.984587e+00  6.544364e+00  6.154482e+00  5.801182e+00  5.468353e+00  5.148034e+00  
4.847912e+00  4.574584e+00  4.327220e+00  4.098300e+00  3.883130e+00  3.681570e+00  
3.494780e+00  3.407950e+00  3.326370e+00  3.266500e+00  3.208830e+00  3.195310e+00  
3.184740e+00  3.183350e+00  3.182330e+00  3.182210e+00  3.182110e+00  3.182080e+00  
1.121404e+01  1.121402e+01  1.121401e+01  1.121399e+01  1.121396e+01  1.121392e+01  
1.121385e+01  1.121374e+01  1.121356e+01  1.121328e+01  1.121283e+01  1.121214e+01  
1.121104e+01  1.120931e+01  1.120659e+01  1.120233e+01  1.119569e+01  1.118528e+01  
1.116890e+01  1.114284e+01  1.110090e+01  1.103342e+01  1.092530e+01  1.075235e+01  
1.047891e+01  1.005883e+01  9.436955e+00  8.668620e+00  7.979279e+00  7.361257e+00  
6.807063e+00  6.311016e+00  5.870056e+00  5.476955e+00  5.123122e+00  4.799290e+00  
4.494681e+00  4.203520e+00  3.929553e+00  3.676220e+00  3.444120e+00  3.228480e+00  
3.026550e+00  2.931640e+00  2.839990e+00  2.772150e+00  2.716060e+00  2.703010e+00  
2.692330e+00  2.691100e+00  2.690100e+00  2.689930e+00  2.689860e+00  2.689800e+00  
1.158744e+01  1.158742e+01  1.158740e+01  1.158738e+01  1.158735e+01  1.158729e+01  
1.158721e+01  1.158706e+01  1.158684e+01  1.158650e+01  1.158596e+01  1.158511e+01  
1.158376e+01  1.158166e+01  1.157837e+01  1.157325e+01  1.156528e+01  1.155280e+01  
1.153299e+01  1.150103e+01  1.144922e+01  1.136579e+01  1.123142e+01  1.101613e+01  
1.067762e+01  1.016661e+01  9.430244e+00  8.545994e+00  7.774187e+00  7.098966e+00  
6.507464e+00  5.983845e+00  5.515863e+00  5.095182e+00  4.713416e+00  4.362445e+00  
4.033285e+00  3.720700e+00  3.426356e+00  3.153470e+00  2.900340e+00  2.662270e+00  
2.438000e+00  2.332740e+00  2.233650e+00  2.162540e+00  2.103470e+00  2.089960e+00  
2.079120e+00  2.077880e+00  2.076870e+00  2.076710e+00  2.076610e+00  2.076560e+00  
1.184264e+01  1.184261e+01  1.184260e+01  1.184258e+01  1.184254e+01  1.184248e+01  
1.184238e+01  1.184223e+01  1.184198e+01  1.184160e+01  1.184099e+01  1.184005e+01  
1.183857e+01  1.183626e+01  1.183268e+01  1.182714e+01  1.181853e+01  1.180498e+01  
1.178320e+01  1.174758e+01  1.168976e+01  1.159624e+01  1.144477e+01  1.120185e+01  
1.082197e+01  1.025440e+01  9.448254e+00  8.492509e+00  7.670867e+00  6.960218e+00  
6.344800e+00  5.803874e+00  5.318881e+00  4.880488e+00  4.481313e+00  4.113986e+00  
3.770580e+00  3.446142e+00  3.140939e+00  2.856487e+00  2.592180e+00  2.341510e+00  
2.103370e+00  1.991590e+00  1.888600e+00  1.815880e+00  1.752030e+00  1.737490e+00  
1.726230e+00  1.724920e+00  1.723800e+00  1.723670e+00  1.723530e+00  1.723530e+00  
1.204696e+01  1.204693e+01  1.204692e+01  1.204689e+01  1.204685e+01  1.204678e+01  
1.204667e+01  1.204651e+01  1.204626e+01  1.204585e+01  1.204521e+01  1.204421e+01  
1.204265e+01  1.204026e+01  1.203654e+01  1.203082e+01  1.202196e+01  1.200788e+01  
1.198485e+01  1.194691e+01  1.188520e+01  1.178472e+01  1.162123e+01  1.135914e+01  
1.095138e+01  1.034620e+01  9.494181e+00  8.489101e+00  7.633176e+00  6.898087e+00  
6.264699e+00  5.709602e+00  5.211172e+00  4.759190e+00  4.346855e+00  3.967440e+00  
3.613659e+00  3.280736e+00  2.968177e+00  2.676350e+00  2.405030e+00  2.147220e+00  
1.899910e+00  1.782710e+00  1.674180e+00  1.596870e+00  1.528690e+00  1.513210e+00  
1.501240e+00  1.499840e+00  1.498630e+00  1.498490e+00  1.498360e+00  1.498380e+00  
1.222226e+01  1.222223e+01  1.222221e+01  1.222219e+01  1.222214e+01  1.222207e+01  
1.222196e+01  1.222179e+01  1.222153e+01  1.222111e+01  1.222045e+01  1.221942e+01  
1.221783e+01  1.221539e+01  1.221165e+01  1.220593e+01  1.219703e+01  1.218269e+01  
1.215883e+01  1.211941e+01  1.205501e+01  1.194936e+01  1.177681e+01  1.150081e+01  
1.107313e+01  1.044157e+01  9.557400e+00  8.516107e+00  7.634574e+00  6.881886e+00  
6.234644e+00  5.667671e+00  5.158071e+00  4.695269e+00  4.272651e+00  3.883829e+00  
3.521859e+00  3.182039e+00  2.863501e+00  2.565949e+00  2.288772e+00  2.025680e+00  
1.771000e+00  1.648960e+00  1.534620e+00  1.451940e+00  1.379480e+00  1.363000e+00  
1.350140e+00  1.348630e+00  1.347330e+00  1.347170e+00  1.347060e+00  1.347070e+00  
1.251920e+01  1.251916e+01  1.251914e+01  1.251911e+01  1.251907e+01  1.251900e+01  
1.251889e+01  1.251872e+01  1.251843e+01  1.251800e+01  1.251732e+01  1.251629e+01  
1.251471e+01  1.251232e+01  1.250871e+01  1.250326e+01  1.249463e+01  1.248017e+01  
1.245547e+01  1.241451e+01  1.234653e+01  1.223345e+01  1.204811e+01  1.175357e+01  
1.129975e+01  1.063451e+01  9.709124e+00  8.620034e+00  7.703367e+00  6.926957e+00  
6.260202e+00  5.675505e+00  5.149330e+00  4.671093e+00  4.234126e+00  3.831951e+00  
3.457577e+00  3.106198e+00  2.776733e+00  2.468565e+00  2.180000e+00  1.905400e+00  
1.636760e+00  1.505830e+00  1.380830e+00  1.288140e+00  1.206240e+00  1.187250e+00  
1.172240e+00  1.170470e+00  1.168970e+00  1.168770e+00  1.168650e+00  1.168590e+00  
1.276741e+01  1.276738e+01  1.276736e+01  1.276733e+01  1.276729e+01  1.276722e+01  
1.276711e+01  1.276692e+01  1.276665e+01  1.276621e+01  1.276554e+01  1.276452e+01  
1.276301e+01  1.276077e+01  1.275748e+01  1.275251e+01  1.274435e+01  1.273000e+01  
1.270521e+01  1.266362e+01  1.259325e+01  1.247480e+01  1.228102e+01  1.197486e+01  
1.150525e+01  1.082026e+01  9.870520e+00  8.753343e+00  7.816159e+00  7.024538e+00  
6.344851e+00  5.748143e+00  5.210923e+00  4.722657e+00  4.276403e+00  3.865166e+00  
3.481345e+00  3.119889e+00  2.779819e+00  2.460763e+00  2.160436e+00  1.872078e+00  
1.588780e+00  1.449020e+00  1.313870e+00  1.211630e+00  1.118980e+00  1.096980e+00  
1.079510e+00  1.077450e+00  1.075710e+00  1.075490e+00  1.075320e+00  1.075180e+00  
1.323359e+01  1.323356e+01  1.323354e+01  1.323351e+01  1.323347e+01  1.323339e+01  
1.323327e+01  1.323309e+01  1.323283e+01  1.323242e+01  1.323181e+01  1.323095e+01  
1.322976e+01  1.322818e+01  1.322603e+01  1.322254e+01  1.321562e+01  1.320223e+01  
1.317850e+01  1.313620e+01  1.306116e+01  1.293327e+01  1.272693e+01  1.240420e+01  
1.191497e+01  1.120667e+01  1.022798e+01  9.081053e+00  8.128035e+00  7.319275e+00  
6.623196e+00  6.010493e+00  5.458126e+00  4.955292e+00  4.494488e+00  4.067807e+00  
3.666442e+00  3.284661e+00  2.922002e+00  2.578606e+00  2.251309e+00  1.929507e+00  
1.606580e+00  1.443680e+00  1.280670e+00  1.151750e+00  1.029710e+00  9.997500e-01  
9.756900e-01  9.728300e-01  9.704700e-01  9.701700e-01  9.698700e-01  9.698500e-01  
1.355073e+01  1.355069e+01  1.355067e+01  1.355064e+01  1.355060e+01  1.355053e+01  
1.355041e+01  1.355025e+01  1.354999e+01  1.354964e+01  1.354913e+01  1.354851e+01  
1.354780e+01  1.354710e+01  1.354628e+01  1.354421e+01  1.353847e+01  1.352674e+01  
1.350419e+01  1.346086e+01  1.338131e+01  1.324713e+01  1.303275e+01  1.270137e+01  
1.220437e+01  1.149071e+01  1.050487e+01  9.356752e+00  8.408125e+00  7.598931e+00  
6.899994e+00  6.282620e+00  5.724021e+00  5.213423e+00  4.743378e+00  4.305950e+00  
3.892082e+00  3.495853e+00  3.116741e+00  2.754854e+00  2.405880e+00  2.055772e+00  
1.693379e+00  1.506540e+00  1.312650e+00  1.153570e+00  1.000770e+00  9.630400e-01  
9.327900e-01  9.291300e-01  9.259800e-01  9.255600e-01  9.253700e-01  9.255300e-01  
1.395706e+01  1.395703e+01  1.395701e+01  1.395698e+01  1.395694e+01  1.395686e+01  
1.395676e+01  1.395661e+01  1.395641e+01  1.395617e+01  1.395597e+01  1.395596e+01  
1.395646e+01  1.395777e+01  1.395936e+01  1.395934e+01  1.395621e+01  1.394714e+01  
1.392445e+01  1.387547e+01  1.378590e+01  1.363830e+01  1.340705e+01  1.305773e+01  
1.254333e+01  1.181969e+01  1.085320e+01  9.758541e+00  8.857748e+00  8.077423e+00  
7.389436e+00  6.768027e+00  6.193173e+00  5.661637e+00  5.175587e+00  4.729938e+00  
4.308959e+00  3.901235e+00  3.503773e+00  3.113253e+00  2.726920e+00  2.342500e+00  
1.922437e+00  1.677945e+00  1.418790e+00  1.201320e+00  9.855400e-01  9.335000e-01  
8.936800e-01  8.882300e-01  8.830200e-01  8.822600e-01  8.834700e-01  8.828400e-01  
1.392846e+01  1.392844e+01  1.392841e+01  1.392839e+01  1.392835e+01  1.392830e+01  
1.392824e+01  1.392816e+01  1.392811e+01  1.392816e+01  1.392851e+01  1.392960e+01  
1.393198e+01  1.393598e+01  1.394051e+01  1.394423e+01  1.394651e+01  1.394293e+01  
1.392439e+01  1.387911e+01  1.379696e+01  1.366278e+01  1.345805e+01  1.315476e+01  
1.271199e+01  1.207115e+01  1.120259e+01  1.016346e+01  9.258287e+00  8.452839e+00  
7.734707e+00  7.091707e+00  6.514146e+00  5.992445e+00  5.516912e+00  5.076591e+00  
4.658160e+00  4.251343e+00  3.851630e+00  3.452872e+00  3.044436e+00  2.606227e+00  
2.114811e+00  1.841622e+00  1.544460e+00  1.282440e+00  9.916500e-01  9.150700e-01  
8.716600e-01  8.675700e-01  8.593400e-01  8.579600e-01  8.615000e-01  8.588500e-01  
1.402233e+01  1.402230e+01  1.402228e+01  1.402226e+01  1.402224e+01  1.402219e+01  
1.402215e+01  1.402213e+01  1.402220e+01  1.402252e+01  1.402344e+01  1.402558e+01  
1.402971e+01  1.403572e+01  1.404220e+01  1.404884e+01  1.405419e+01  1.405203e+01  
1.403168e+01  1.398356e+01  1.389778e+01  1.376097e+01  1.355695e+01  1.325937e+01  
1.282728e+01  1.220450e+01  1.137092e+01  1.037461e+01  9.498379e+00  8.713698e+00  
8.010006e+00  7.376407e+00  6.804278e+00  6.285059e+00  5.809851e+00  5.368482e+00  
4.948343e+00  4.539257e+00  4.135915e+00  3.730668e+00  3.309976e+00  2.847665e+00  
2.311598e+00  2.004270e+00  1.660879e+00  1.354380e+00  1.004780e+00  9.099400e-01  
8.572700e-01  8.525500e-01  8.428300e-01  8.412500e-01  8.461600e-01  8.419600e-01  
1.407560e+01  1.407558e+01  1.407557e+01  1.407554e+01  1.407551e+01  1.407549e+01  
1.407548e+01  1.407552e+01  1.407574e+01  1.407636e+01  1.407793e+01  1.408125e+01  
1.408707e+01  1.409480e+01  1.410326e+01  1.411277e+01  1.412037e+01  1.411831e+01  
1.409545e+01  1.404434e+01  1.395460e+01  1.381542e+01  1.361159e+01  1.331867e+01  
1.288931e+01  1.229337e+01  1.149228e+01  1.053201e+01  9.682138e+00  8.917195e+00  
8.228148e+00  7.605026e+00  7.040144e+00  6.525612e+00  6.053249e+00  5.613517e+00  
5.194354e+00  4.785672e+00  4.381593e+00  3.973227e+00  3.544628e+00  3.064484e+00  
2.492623e+00  2.156720e+00  1.773567e+00  1.425920e+00  1.022190e+00  9.101100e-01  
8.468400e-01  8.411900e-01  8.304200e-01  8.287600e-01  8.345500e-01  8.291000e-01  
1.412424e+01  1.412421e+01  1.412420e+01  1.412419e+01  1.412418e+01  1.412418e+01  
1.412424e+01  1.412443e+01  1.412500e+01  1.412640e+01  1.412948e+01  1.413531e+01  
1.414416e+01  1.415480e+01  1.416754e+01  1.418176e+01  1.419180e+01  1.418705e+01  
1.415918e+01  1.410106e+01  1.400398e+01  1.386020e+01  1.365602e+01  1.336832e+01  
1.294644e+01  1.239895e+01  1.165431e+01  1.075113e+01  9.946080e+00  9.216163e+00  
8.554468e+00  7.952476e+00  7.403754e+00  6.901512e+00  6.438518e+00  6.006142e+00  
5.593176e+00  5.189729e+00  4.789021e+00  4.380403e+00  3.944190e+00  3.440803e+00  
2.816050e+00  2.435031e+00  1.986033e+00  1.565231e+00  1.064050e+00  9.201400e-01  
8.332900e-01  8.251100e-01  8.128500e-01  8.112000e-01  8.177800e-01  8.106900e-01  
1.412111e+01  1.412108e+01  1.412107e+01  1.412106e+01  1.412107e+01  1.412111e+01  
1.412126e+01  1.412166e+01  1.412269e+01  1.412501e+01  1.412980e+01  1.413812e+01  
1.414944e+01  1.416302e+01  1.417998e+01  1.419752e+01  1.420756e+01  1.419901e+01  
1.416624e+01  1.410119e+01  1.399856e+01  1.385135e+01  1.364812e+01  1.335524e+01  
1.295886e+01  1.244991e+01  1.175282e+01  1.089748e+01  1.013066e+01  9.430969e+00  
8.793141e+00  8.209874e+00  7.675786e+00  7.185127e+00  6.731685e+00  6.307912e+00  
5.903865e+00  5.510157e+00  5.119104e+00  4.718090e+00  4.283066e+00  3.764436e+00  
3.093884e+00  2.672908e+00  2.167879e+00  1.688740e+00  1.121970e+00  9.513100e-01  
8.189300e-01  8.074600e-01  8.051700e-01  8.045500e-01  7.987500e-01  7.981400e-01  
1.418091e+01  1.418089e+01  1.418089e+01  1.418091e+01  1.418097e+01  1.418114e+01  
1.418158e+01  1.418268e+01  1.418516e+01  1.419034e+01  1.419966e+01  1.421306e+01  
1.422960e+01  1.425105e+01  1.427562e+01  1.429585e+01  1.429974e+01  1.428158e+01  
1.423432e+01  1.415416e+01  1.403848e+01  1.388247e+01  1.366958e+01  1.336857e+01  
1.301471e+01  1.254881e+01  1.190324e+01  1.110646e+01  1.039008e+01  9.736330e+00  
9.140678e+00  8.596697e+00  8.099513e+00  7.643605e+00  7.222813e+00  6.829228e+00  
6.451839e+00  6.080465e+00  5.707924e+00  5.322176e+00  4.899838e+00  4.390884e+00  
3.703243e+00  3.234636e+00  2.618529e+00  1.992290e+00  1.230270e+00  1.002600e+00  
8.216000e-01  8.000200e-01  7.834100e-01  7.814300e-01  7.861500e-01  7.794900e-01  
1.415076e+01  1.415075e+01  1.415076e+01  1.415082e+01  1.415095e+01  1.415130e+01  
1.415217e+01  1.415419e+01  1.415856e+01  1.416700e+01  1.418039e+01  1.419768e+01  
1.421994e+01  1.424799e+01  1.427648e+01  1.429374e+01  1.429093e+01  1.426273e+01  
1.420339e+01  1.411275e+01  1.398892e+01  1.382912e+01  1.359092e+01  1.332343e+01  
1.299991e+01  1.256771e+01  1.196303e+01  1.121468e+01  1.053896e+01  9.921262e+00  
9.357706e+00  8.842826e+00  8.372384e+00  7.941577e+00  7.544827e+00  7.174731e+00  
6.820772e+00  6.472886e+00  6.123602e+00  5.759888e+00  5.355638e+00  4.853513e+00  
4.148137e+00  3.653806e+00  2.989160e+00  2.284841e+00  1.359230e+00  1.069860e+00  
8.243200e-01  7.938500e-01  7.740100e-01  7.721300e-01  7.749800e-01  7.692600e-01  
1.407037e+01  1.407039e+01  1.407044e+01  1.407057e+01  1.407094e+01  1.407181e+01  
1.407386e+01  1.407833e+01  1.408718e+01  1.410177e+01  1.412122e+01  1.414640e+01  
1.417921e+01  1.421503e+01  1.424218e+01  1.424995e+01  1.423347e+01  1.418638e+01  
1.410978e+01  1.400415e+01  1.387182e+01  1.367491e+01  1.345963e+01  1.323038e+01  
1.294500e+01  1.255653e+01  1.200609e+01  1.132194e+01  1.070086e+01  1.013201e+01  
9.612377e+00  9.137804e+00  8.705009e+00  8.310218e+00  7.948924e+00  7.614907e+00  
7.298875e+00  6.991566e+00  6.685278e+00  6.365707e+00  6.002428e+00  5.525661e+00  
4.810210e+00  4.288794e+00  3.569180e+00  2.767686e+00  1.607112e+00  1.219820e+00  
8.496700e-01  7.964100e-01  7.606300e-01  7.587900e-01  7.577600e-01  7.582900e-01  
1.406743e+01  1.406747e+01  1.406758e+01  1.406785e+01  1.406853e+01  1.407014e+01  
1.407373e+01  1.408120e+01  1.409462e+01  1.411399e+01  1.413880e+01  1.417210e+01  
1.421198e+01  1.424931e+01  1.426990e+01  1.426845e+01  1.423744e+01  1.417612e+01  
1.408623e+01  1.397119e+01  1.382172e+01  1.361127e+01  1.341961e+01  1.320782e+01  
1.293812e+01  1.256588e+01  1.203547e+01  1.137669e+01  1.078007e+01  1.023628e+01  
9.742362e+00  9.294389e+00  8.889212e+00  8.523034e+00  8.191191e+00  7.886936e+00  
7.599877e+00  7.320053e+00  7.040549e+00  6.748372e+00  6.415437e+00  5.976030e+00  
5.303465e+00  4.797894e+00  4.072165e+00  3.210249e+00  1.832794e+00  1.345380e+00  
8.690600e-01  8.016800e-01  7.598000e-01  7.579200e-01  7.534100e-01  7.524600e-01  
1.404885e+01  1.404895e+01  1.404913e+01  1.404957e+01  1.405066e+01  1.405317e+01  
1.405863e+01  1.406934e+01  1.408682e+01  1.411004e+01  1.414068e+01  1.418072e+01  
1.422473e+01  1.425920e+01  1.427344e+01  1.426197e+01  1.421880e+01  1.414641e+01  
1.404711e+01  1.392680e+01  1.374022e+01  1.355555e+01  1.338038e+01  1.318275e+01  
1.292712e+01  1.257047e+01  1.205896e+01  1.142219e+01  1.084427e+01  1.031694e+01  
9.837568e+00  9.402562e+00  9.009062e+00  8.654550e+00  8.336236e+00  8.050090e+00  
7.789641e+00  7.546417e+00  7.308546e+00  7.051633e+00  6.740540e+00  6.321936e+00  
5.680117e+00  5.189980e+00  4.468163e+00  3.575174e+00  2.049566e+00  1.473850e+00  
8.950800e-01  8.125900e-01  7.587000e-01  7.545200e-01  7.510000e-01  7.488600e-01  
1.404065e+01  1.404081e+01  1.404108e+01  1.404173e+01  1.404331e+01  1.404688e+01  
1.405442e+01  1.406837e+01  1.408921e+01  1.411618e+01  1.415263e+01  1.419782e+01  
1.424319e+01  1.427319e+01  1.428122e+01  1.425962e+01  1.420658e+01  1.412487e+01  
1.401898e+01  1.389119e+01  1.368783e+01  1.351929e+01  1.335536e+01  1.316706e+01  
1.292015e+01  1.257300e+01  1.207363e+01  1.145151e+01  1.088645e+01  1.037036e+01  
9.901001e+00  9.475939e+00  9.093283e+00  8.751496e+00  8.448937e+00  8.181767e+00  
7.941896e+00  7.719191e+00  7.501080e+00  7.267558e+00  6.987428e+00  6.602296e+00  
5.990176e+00  5.513149e+00  4.799930e+00  3.886152e+00  2.248923e+00  1.595098e+00  
9.251300e-01  8.282700e-01  7.579300e-01  7.525000e-01  7.465100e-01  7.464200e-01  
1.405466e+01  1.405498e+01  1.405548e+01  1.405667e+01  1.405946e+01  1.406557e+01  
1.407760e+01  1.409728e+01  1.412361e+01  1.415866e+01  1.420483e+01  1.425636e+01  
1.429851e+01  1.431977e+01  1.431413e+01  1.427527e+01  1.420638e+01  1.411081e+01  
1.399708e+01  1.381488e+01  1.364138e+01  1.349309e+01  1.334374e+01  1.316679e+01  
1.292920e+01  1.259044e+01  1.209993e+01  1.148877e+01  1.093518e+01  1.043287e+01  
9.979658e+00  9.573080e+00  9.211010e+00  8.891039e+00  8.610157e+00  8.363686e+00  
8.143784e+00  7.942951e+00  7.756194e+00  7.571800e+00  7.359731e+00  7.040753e+00  
6.471965e+00  6.012264e+00  5.321887e+00  4.406469e+00  2.605711e+00  1.833610e+00  
9.850200e-01  8.551100e-01  7.590500e-01  7.514300e-01  7.441900e-01  7.433300e-01  
1.405749e+01  1.405802e+01  1.405882e+01  1.406070e+01  1.406500e+01  1.407400e+01  
1.409046e+01  1.411471e+01  1.414629e+01  1.418934e+01  1.424246e+01  1.429552e+01  
1.433160e+01  1.434435e+01  1.432499e+01  1.427294e+01  1.419157e+01  1.408753e+01  
1.396115e+01  1.375764e+01  1.360466e+01  1.346994e+01  1.333088e+01  1.316216e+01  
1.293179e+01  1.260034e+01  1.211849e+01  1.151766e+01  1.097375e+01  1.048078e+01  
1.003707e+01  9.640373e+00  9.288825e+00  8.980378e+00  8.712390e+00  8.480752e+00  
8.278266e+00  8.098291e+00  7.936865e+00  7.783653e+00  7.610150e+00  7.337773e+00  
6.823327e+00  6.393247e+00  5.730681e+00  4.819866e+00  2.919589e+00  2.051504e+00  
1.044800e+00  8.862900e-01  7.618700e-01  7.508600e-01  7.422100e-01  7.414300e-01  
1.404896e+01  1.405023e+01  1.405206e+01  1.405624e+01  1.406516e+01  1.408191e+01  
1.410739e+01  1.414080e+01  1.418648e+01  1.424434e+01  1.430505e+01  1.435023e+01  
1.437194e+01  1.436115e+01  1.431558e+01  1.423918e+01  1.413854e+01  1.402244e+01  
1.381575e+01  1.366177e+01  1.353811e+01  1.342499e+01  1.330293e+01  1.314856e+01  
1.293198e+01  1.261589e+01  1.215285e+01  1.157197e+01  1.104257e+01  1.056142e+01  
1.012803e+01  9.741395e+00  9.401411e+00  9.107005e+00  8.856662e+00  8.647831e+00  
8.475482e+00  8.334156e+00  8.218003e+00  8.111191e+00  7.986234e+00  7.789992e+00  
7.404196e+00  7.050762e+00  6.449828e+00  5.570334e+00  3.575990e+00  2.527243e+00  
1.188650e+00  9.651300e-01  7.723400e-01  7.530500e-01  7.402100e-01  7.388800e-01  
1.405641e+01  1.405874e+01  1.406196e+01  1.406908e+01  1.408329e+01  1.410690e+01  
1.413894e+01  1.418198e+01  1.423949e+01  1.430549e+01  1.436305e+01  1.439836e+01  
1.440440e+01  1.437343e+01  1.430937e+01  1.421672e+01  1.410781e+01  1.392426e+01  
1.374908e+01  1.361892e+01  1.351183e+01  1.341089e+01  1.329784e+01  1.315040e+01  
1.293957e+01  1.262851e+01  1.217031e+01  1.159630e+01  1.107372e+01  1.059995e+01  
1.017435e+01  9.795824e+00  9.464190e+00  9.178716e+00  8.938313e+00  8.741054e+00  
8.582798e+00  8.459156e+00  8.365659e+00  8.288485e+00  8.203454e+00  8.063475e+00  
7.761175e+00  7.465434e+00  6.935896e+00  6.116064e+00  4.081187e+00  2.913398e+00  
1.326890e+00  1.048960e+00  7.868700e-01  7.535400e-01  7.394000e-01  7.376100e-01  
1.405958e+01  1.406491e+01  1.407183e+01  1.408593e+01  1.411009e+01  1.414359e+01  
1.418839e+01  1.424918e+01  1.432102e+01  1.438739e+01  1.443157e+01  1.444670e+01  
1.442308e+01  1.436421e+01  1.427449e+01  1.416674e+01  1.399264e+01  1.380325e+01  
1.366867e+01  1.356517e+01  1.347739e+01  1.339043e+01  1.328751e+01  1.314776e+01  
1.294339e+01  1.263834e+01  1.218650e+01  1.162054e+01  1.110540e+01  1.063922e+01  
1.022119e+01  9.850665e+00  9.527509e+00  9.251374e+00  9.021762e+00  8.837213e+00  
8.694507e+00  8.590548e+00  8.522923e+00  8.481048e+00  8.446009e+00  8.379696e+00  
8.190280e+00  7.973156e+00  7.542114e+00  6.823149e+00  4.847013e+00  3.558479e+00  
1.577386e+00  1.199130e+00  8.177100e-01  7.642200e-01  7.407400e-01  7.363100e-01  
1.406024e+01  1.406963e+01  1.408108e+01  1.410230e+01  1.413403e+01  1.417594e+01  
1.423381e+01  1.430672e+01  1.438264e+01  1.444026e+01  1.447160e+01  1.446525e+01  
1.442039e+01  1.434148e+01  1.423799e+01  1.411819e+01  1.388896e+01  1.373469e+01  
1.362174e+01  1.353373e+01  1.345703e+01  1.337779e+01  1.328023e+01  1.314434e+01  
1.294306e+01  1.264106e+01  1.219301e+01  1.163157e+01  1.112062e+01  1.065838e+01  
1.024418e+01  9.877504e+00  9.558406e+00  9.286719e+00  9.062447e+00  8.884605e+00  
8.750799e+00  8.658809e+00  8.606836e+00  8.584901e+00  8.576978e+00  8.554946e+00  
8.442436e+00  8.280735e+00  7.917127e+00  7.264591e+00  5.390152e+00  4.088995e+00  
1.808047e+00  1.332630e+00  8.478400e-01  7.824100e-01  7.405000e-01  7.356600e-01  
1.405979e+01  1.407417e+01  1.409050e+01  1.411799e+01  1.415566e+01  1.420658e+01  
1.427529e+01  1.435556e+01  1.442830e+01  1.447722e+01  1.449422e+01  1.446990e+01  
1.440857e+01  1.431546e+01  1.420573e+01  1.401270e+01  1.382215e+01  1.368873e+01  
1.359023e+01  1.351263e+01  1.344330e+01  1.336918e+01  1.327524e+01  1.314205e+01  
1.294307e+01  1.264328e+01  1.219741e+01  1.163746e+01  1.112759e+01  1.066700e+01  
1.025509e+01  9.891738e+00  9.577120e+00  9.310481e+00  9.090876e+00  8.916954e+00  
8.787356e+00  8.701074e+00  8.657191e+00  8.647236e+00  8.658124e+00  8.667897e+00  
8.602903e+00  8.473577e+00  8.169436e+00  7.609652e+00  5.841949e+00  4.480043e+00  
2.009772e+00  1.469270e+00  8.824100e-01  7.925500e-01  7.467300e-01  7.352700e-01  
1.405735e+01  1.407748e+01  1.409866e+01  1.413131e+01  1.417464e+01  1.423451e+01  
1.431156e+01  1.439487e+01  1.446173e+01  1.450214e+01  1.450459e+01  1.446594e+01  
1.439105e+01  1.428859e+01  1.417406e+01  1.393914e+01  1.377250e+01  1.365380e+01  
1.356588e+01  1.349590e+01  1.343194e+01  1.336161e+01  1.327048e+01  1.313962e+01  
1.294286e+01  1.264528e+01  1.220130e+01  1.164249e+01  1.113327e+01  1.067381e+01  
1.026357e+01  9.902140e+00  9.589450e+00  9.325041e+00  9.108454e+00  8.938521e+00  
8.813301e+00  8.731479e+00  8.692944e+00  8.690749e+00  8.713626e+00  8.740872e+00  
8.713706e+00  8.622701e+00  8.368620e+00  7.847263e+00  6.148874e+00  4.850502e+00  
2.216918e+00  1.589575e+00  9.138600e-01  8.113700e-01  7.441900e-01  7.350100e-01  
1.405691e+01  1.409016e+01  1.411993e+01  1.416077e+01  1.421618e+01  1.429107e+01  
1.437875e+01  1.445873e+01  1.451385e+01  1.453533e+01  1.451314e+01  1.445249e+01  
1.435739e+01  1.424616e+01  1.404365e+01  1.384522e+01  1.370798e+01  1.360944e+01  
1.353604e+01  1.347629e+01  1.341932e+01  1.335376e+01  1.326593e+01  1.313753e+01  
1.294283e+01  1.264719e+01  1.220515e+01  1.164829e+01  1.114074e+01  1.068324e+01  
1.027533e+01  9.916471e+00  9.606579e+00  9.345287e+00  9.132048e+00  8.965952e+00  
8.845371e+00  8.769514e+00  8.738887e+00  8.747660e+00  8.786736e+00  8.840032e+00  
8.860186e+00  8.811423e+00  8.629459e+00  8.203145e+00  6.658724e+00  5.402581e+00  
2.587378e+00  1.819707e+00  9.776000e-01  8.433300e-01  7.486500e-01  7.346700e-01  
1.405811e+01  1.410565e+01  1.413852e+01  1.419027e+01  1.425796e+01  1.434384e+01  
1.443475e+01  1.450313e+01  1.455122e+01  1.455630e+01  1.451212e+01  1.443325e+01  
1.432709e+01  1.420765e+01  1.395383e+01  1.378559e+01  1.366717e+01  1.358213e+01  
1.351835e+01  1.346521e+01  1.341265e+01  1.334999e+01  1.326407e+01  1.313692e+01  
1.294311e+01  1.264825e+01  1.220720e+01  1.165181e+01  1.114583e+01  1.068978e+01  
1.028324e+01  9.925735e+00  9.617280e+00  9.357627e+00  9.146325e+00  8.982747e+00  
8.865234e+00  8.793136e+00  8.767376e+00  8.782865e+00  8.831989e+00  8.901764e+00  
8.951990e+00  8.930695e+00  8.799426e+00  8.445273e+00  7.032366e+00  5.827899e+00  
2.912037e+00  2.029131e+00  1.039460e+00  8.757900e-01  7.537400e-01  7.344700e-01  
