5.434939e-01  5.434944e-01  5.434946e-01  5.434950e-01  5.434957e-01  5.434968e-01  
5.434985e-01  5.435011e-01  5.435053e-01  5.435120e-01  5.435227e-01  5.435395e-01  
5.435661e-01  5.436084e-01  5.436753e-01  5.437814e-01  5.439496e-01  5.442162e-01  
5.446387e-01  5.453085e-01  5.463704e-01  5.480545e-01  5.507291e-01  5.549884e-01  
5.618198e-01  5.729600e-01  5.914607e-01  6.179108e-01  6.458530e-01  6.751152e-01  
7.057267e-01  7.377717e-01  7.714251e-01  8.069962e-01  8.450630e-01  8.861800e-01  
9.306000e-01  9.780300e-01  1.026590e+00  1.071640e+00  1.107810e+00  1.134070e+00  
1.153450e+00  1.162790e+00  1.171060e+00  1.175650e+00  1.177350e+00  1.178030e+00  
1.178310e+00  1.178260e+00  1.178260e+00  1.178290e+00  1.178260e+00  1.178270e+00  
7.735014e-01  7.735021e-01  7.735025e-01  7.735031e-01  7.735042e-01  7.735058e-01  
7.735083e-01  7.735124e-01  7.735188e-01  7.735290e-01  7.735451e-01  7.735707e-01  
7.736112e-01  7.736754e-01  7.737772e-01  7.739386e-01  7.741943e-01  7.745994e-01  
7.752417e-01  7.762597e-01  7.778735e-01  7.804320e-01  7.844911e-01  7.909391e-01  
8.012171e-01  8.177319e-01  8.445232e-01  8.818748e-01  9.204487e-01  9.603122e-01  
1.001524e+00  1.044215e+00  1.088624e+00  1.134898e+00  1.183236e+00  1.234050e+00  
1.288010e+00  1.345080e+00  1.402860e+00  1.455530e+00  1.496950e+00  1.527730e+00  
1.548970e+00  1.556010e+00  1.563960e+00  1.569830e+00  1.569450e+00  1.573390e+00  
1.575690e+00  1.575440e+00  1.575370e+00  1.575590e+00  1.575430e+00  1.575490e+00  
9.958631e-01  9.958640e-01  9.958645e-01  9.958653e-01  9.958667e-01  9.958687e-01  
9.958720e-01  9.958772e-01  9.958855e-01  9.958986e-01  9.959193e-01  9.959522e-01  
9.960044e-01  9.960870e-01  9.962179e-01  9.964253e-01  9.967542e-01  9.972755e-01  
9.981016e-01  9.994110e-01  1.001487e+00  1.004777e+00  1.009996e+00  1.018280e+00  
1.031462e+00  1.052548e+00  1.086483e+00  1.133267e+00  1.180953e+00  1.229527e+00  
1.279050e+00  1.329700e+00  1.381796e+00  1.435452e+00  1.490769e+00  1.548060e+00  
1.607920e+00  1.670220e+00  1.732440e+00  1.788830e+00  1.833430e+00  1.866860e+00  
1.890110e+00  1.897930e+00  1.906760e+00  1.913780e+00  1.915610e+00  1.919720e+00  
1.922270e+00  1.922110e+00  1.922110e+00  1.922310e+00  1.922160e+00  1.922220e+00  
1.410796e+00  1.410797e+00  1.410798e+00  1.410799e+00  1.410801e+00  1.410804e+00  
1.410808e+00  1.410815e+00  1.410827e+00  1.410845e+00  1.410873e+00  1.410918e+00  
1.410990e+00  1.411104e+00  1.411284e+00  1.411569e+00  1.412021e+00  1.412737e+00  
1.413872e+00  1.415671e+00  1.418522e+00  1.423042e+00  1.430208e+00  1.441567e+00  
1.459583e+00  1.488182e+00  1.533580e+00  1.595030e+00  1.656250e+00  1.717118e+00  
1.777721e+00  1.838418e+00  1.899799e+00  1.961930e+00  2.024697e+00  2.088190e+00  
2.152690e+00  2.217900e+00  2.281570e+00  2.339240e+00  2.386430e+00  2.423760e+00  
2.451900e+00  2.462400e+00  2.473760e+00  2.484210e+00  2.493470e+00  2.494970e+00  
2.496540e+00  2.496820e+00  2.497000e+00  2.497010e+00  2.497030e+00  2.497040e+00  
1.786128e+00  1.786129e+00  1.786130e+00  1.786132e+00  1.786134e+00  1.786137e+00  
1.786143e+00  1.786152e+00  1.786165e+00  1.786187e+00  1.786222e+00  1.786277e+00  
1.786364e+00  1.786502e+00  1.786720e+00  1.787067e+00  1.787616e+00  1.788487e+00  
1.789866e+00  1.792052e+00  1.795518e+00  1.801009e+00  1.809710e+00  1.823490e+00  
1.845273e+00  1.879580e+00  1.933297e+00  2.004714e+00  2.074390e+00  2.142310e+00  
2.208622e+00  2.273885e+00  2.339010e+00  2.404141e+00  2.469157e+00  2.533940e+00  
2.597980e+00  2.660500e+00  2.720120e+00  2.775020e+00  2.823070e+00  2.862930e+00  
2.894730e+00  2.908830e+00  2.923380e+00  2.936400e+00  2.951300e+00  2.952180e+00  
2.951700e+00  2.952090e+00  2.952690e+00  2.952710e+00  2.952720e+00  2.952680e+00  
2.124238e+00  2.124240e+00  2.124241e+00  2.124242e+00  2.124245e+00  2.124249e+00  
2.124255e+00  2.124266e+00  2.124282e+00  2.124307e+00  2.124347e+00  2.124411e+00  
2.124513e+00  2.124673e+00  2.124928e+00  2.125331e+00  2.125970e+00  2.126983e+00  
2.128589e+00  2.131134e+00  2.135167e+00  2.141557e+00  2.151674e+00  2.167662e+00  
2.192815e+00  2.231944e+00  2.291936e+00  2.369761e+00  2.443872e+00  2.514974e+00  
2.583423e+00  2.649891e+00  2.715548e+00  2.780393e+00  2.844048e+00  2.906220e+00  
2.966540e+00  3.024480e+00  3.079240e+00  3.130380e+00  3.177190e+00  3.218530e+00  
3.253950e+00  3.270210e+00  3.287270e+00  3.303070e+00  3.321970e+00  3.322230e+00  
3.320530e+00  3.321010e+00  3.321880e+00  3.321890e+00  3.321910e+00  3.321840e+00  
2.430196e+00  2.430198e+00  2.430199e+00  2.430201e+00  2.430204e+00  2.430208e+00  
2.430215e+00  2.430227e+00  2.430245e+00  2.430273e+00  2.430318e+00  2.430390e+00  
2.430503e+00  2.430682e+00  2.430967e+00  2.431418e+00  2.432131e+00  2.433264e+00  
2.435059e+00  2.437904e+00  2.442411e+00  2.449552e+00  2.460850e+00  2.478675e+00  
2.506594e+00  2.549557e+00  2.614147e+00  2.695900e+00  2.771888e+00  2.843640e+00  
2.911677e+00  2.976899e+00  3.040627e+00  3.102842e+00  3.163080e+00  3.220930e+00  
3.276240e+00  3.328740e+00  3.378170e+00  3.425100e+00  3.469960e+00  3.511840e+00  
3.549880e+00  3.567890e+00  3.586880e+00  3.604590e+00  3.625990e+00  3.626090e+00  
3.623930e+00  3.624460e+00  3.625470e+00  3.625480e+00  3.625500e+00  3.625420e+00  
2.960119e+00  2.960121e+00  2.960123e+00  2.960125e+00  2.960128e+00  2.960133e+00  
2.960142e+00  2.960155e+00  2.960176e+00  2.960209e+00  2.960261e+00  2.960344e+00  
2.960476e+00  2.960685e+00  2.961016e+00  2.961541e+00  2.962373e+00  2.963691e+00  
2.965780e+00  2.969091e+00  2.974337e+00  2.982643e+00  2.995770e+00  3.016417e+00  
3.048505e+00  3.096889e+00  3.166966e+00  3.251489e+00  3.326125e+00  3.394167e+00  
3.456604e+00  3.514633e+00  3.570003e+00  3.622836e+00  3.672788e+00  3.719680e+00  
3.763720e+00  3.805170e+00  3.844410e+00  3.883190e+00  3.923190e+00  3.963980e+00  
4.004580e+00  4.024750e+00  4.045950e+00  4.065110e+00  4.087620e+00  4.088720e+00  
4.087630e+00  4.088190e+00  4.089150e+00  4.089180e+00  4.089210e+00  4.089120e+00  
3.404207e+00  3.404210e+00  3.404211e+00  3.404213e+00  3.404217e+00  3.404223e+00  
3.404232e+00  3.404246e+00  3.404269e+00  3.404306e+00  3.404363e+00  3.404455e+00  
3.404599e+00  3.404829e+00  3.405193e+00  3.405770e+00  3.406685e+00  3.408135e+00  
3.410434e+00  3.414075e+00  3.419845e+00  3.428978e+00  3.443396e+00  3.466014e+00  
3.500913e+00  3.552566e+00  3.624737e+00  3.707590e+00  3.776672e+00  3.837101e+00  
3.890338e+00  3.937889e+00  3.981900e+00  4.022789e+00  4.060669e+00  4.095780e+00  
4.128690e+00  4.159940e+00  4.190280e+00  4.221740e+00  4.256400e+00  4.294300e+00  
4.334740e+00  4.355640e+00  4.377320e+00  4.395800e+00  4.416220e+00  4.419230e+00  
4.420660e+00  4.421200e+00  4.421840e+00  4.421870e+00  4.421900e+00  4.421880e+00  
4.266651e+00  4.266654e+00  4.266655e+00  4.266658e+00  4.266662e+00  4.266669e+00  
4.266679e+00  4.266695e+00  4.266721e+00  4.266762e+00  4.266827e+00  4.266930e+00  
4.267094e+00  4.267353e+00  4.267763e+00  4.268413e+00  4.269444e+00  4.271078e+00  
4.273668e+00  4.277773e+00  4.284275e+00  4.294559e+00  4.310758e+00  4.336017e+00  
4.374390e+00  4.428810e+00  4.498282e+00  4.567323e+00  4.614227e+00  4.648437e+00  
4.672860e+00  4.690115e+00  4.703776e+00  4.714736e+00  4.723597e+00  4.731158e+00  
4.739190e+00  4.749120e+00  4.761660e+00  4.777840e+00  4.798900e+00  4.826040e+00  
4.859420e+00  4.877880e+00  4.897650e+00  4.911370e+00  4.919310e+00  4.930990e+00  
4.937150e+00  4.936610e+00  4.936910e+00  4.937350e+00  4.937010e+00  4.937180e+00  
4.915920e+00  4.915922e+00  4.915924e+00  4.915926e+00  4.915929e+00  4.915935e+00  
4.915943e+00  4.915957e+00  4.915978e+00  4.916012e+00  4.916067e+00  4.916152e+00  
4.916288e+00  4.916503e+00  4.916843e+00  4.917384e+00  4.918240e+00  4.919599e+00  
4.921753e+00  4.925169e+00  4.930581e+00  4.939147e+00  4.952651e+00  4.973748e+00  
5.005971e+00  5.052384e+00  5.113195e+00  5.173617e+00  5.208648e+00  5.220393e+00  
5.213254e+00  5.194843e+00  5.174646e+00  5.155403e+00  5.138088e+00  5.123776e+00  
5.114370e+00  5.110960e+00  5.112920e+00  5.117610e+00  5.123400e+00  5.134650e+00  
5.157090e+00  5.172620e+00  5.187500e+00  5.193310e+00  5.192010e+00  5.207830e+00  
5.216150e+00  5.215240e+00  5.215150e+00  5.215840e+00  5.215400e+00  5.215580e+00  
5.841587e+00  5.841589e+00  5.841590e+00  5.841592e+00  5.841594e+00  5.841599e+00  
5.841606e+00  5.841617e+00  5.841634e+00  5.841662e+00  5.841706e+00  5.841776e+00  
5.841886e+00  5.842059e+00  5.842336e+00  5.842775e+00  5.843472e+00  5.844576e+00  
5.846329e+00  5.849110e+00  5.853519e+00  5.860489e+00  5.871437e+00  5.888361e+00  
5.913535e+00  5.947149e+00  5.983482e+00  6.004496e+00  5.993971e+00  5.955754e+00  
5.896679e+00  5.827425e+00  5.760442e+00  5.699547e+00  5.645695e+00  5.599525e+00  
5.562140e+00  5.533770e+00  5.513050e+00  5.495490e+00  5.477890e+00  5.464980e+00  
5.463190e+00  5.466690e+00  5.469340e+00  5.464310e+00  5.450430e+00  5.466670e+00  
5.474370e+00  5.472980e+00  5.472620e+00  5.473450e+00  5.472880e+00  5.473080e+00  
6.494214e+00  6.494216e+00  6.494218e+00  6.494220e+00  6.494224e+00  6.494229e+00  
6.494238e+00  6.494252e+00  6.494274e+00  6.494310e+00  6.494367e+00  6.494457e+00  
6.494599e+00  6.494824e+00  6.495182e+00  6.495750e+00  6.496651e+00  6.498081e+00  
6.500351e+00  6.503951e+00  6.509651e+00  6.518627e+00  6.532591e+00  6.553656e+00  
6.582891e+00  6.613367e+00  6.621563e+00  6.579166e+00  6.498312e+00  6.406721e+00  
6.311265e+00  6.215565e+00  6.123579e+00  6.037354e+00  5.958413e+00  5.887368e+00  
5.824700e+00  5.770770e+00  5.725330e+00  5.686870e+00  5.653810e+00  5.625650e+00  
5.601580e+00  5.591360e+00  5.583040e+00  5.572600e+00  5.550810e+00  5.563820e+00  
5.568180e+00  5.566210e+00  5.566070e+00  5.566810e+00  5.566110e+00  5.566400e+00  
7.029729e+00  7.029731e+00  7.029732e+00  7.029734e+00  7.029737e+00  7.029741e+00  
7.029749e+00  7.029760e+00  7.029778e+00  7.029807e+00  7.029853e+00  7.029925e+00  
7.030040e+00  7.030222e+00  7.030510e+00  7.030969e+00  7.031698e+00  7.032855e+00  
7.034694e+00  7.037614e+00  7.042237e+00  7.049496e+00  7.060686e+00  7.077188e+00  
7.098576e+00  7.114301e+00  7.094024e+00  7.008183e+00  6.883329e+00  6.752150e+00  
6.621946e+00  6.495656e+00  6.376545e+00  6.265960e+00  6.164846e+00  6.073095e+00  
5.991016e+00  5.918960e+00  5.856350e+00  5.801190e+00  5.751510e+00  5.706790e+00  
5.665800e+00  5.646460e+00  5.628450e+00  5.612420e+00  5.590410e+00  5.595500e+00  
5.596140e+00  5.594780e+00  5.594510e+00  5.594910e+00  5.594490e+00  5.594660e+00  
7.481346e+00  7.481347e+00  7.481348e+00  7.481350e+00  7.481352e+00  7.481355e+00  
7.481360e+00  7.481368e+00  7.481381e+00  7.481402e+00  7.481435e+00  7.481488e+00  
7.481570e+00  7.481702e+00  7.481912e+00  7.482245e+00  7.482775e+00  7.483618e+00  
7.484963e+00  7.487100e+00  7.490483e+00  7.495763e+00  7.503777e+00  7.515107e+00  
7.527800e+00  7.527905e+00  7.479333e+00  7.352259e+00  7.187303e+00  7.021219e+00  
6.861291e+00  6.709203e+00  6.567134e+00  6.435835e+00  6.315547e+00  6.205672e+00  
6.106371e+00  6.018000e+00  5.939850e+00  5.869670e+00  5.805380e+00  5.746710e+00  
5.692060e+00  5.665270e+00  5.639170e+00  5.619050e+00  5.598930e+00  5.595640e+00  
5.592520e+00  5.591910e+00  5.591560e+00  5.591570e+00  5.591470e+00  5.591510e+00  
8.396834e+00  8.396830e+00  8.396827e+00  8.396823e+00  8.396817e+00  8.396807e+00  
8.396792e+00  8.396767e+00  8.396728e+00  8.396666e+00  8.396567e+00  8.396411e+00  
8.396164e+00  8.395773e+00  8.395153e+00  8.394175e+00  8.392625e+00  8.390177e+00  
8.386310e+00  8.380196e+00  8.370523e+00  8.355183e+00  8.330818e+00  8.292125e+00  
8.230780e+00  8.133901e+00  7.981997e+00  7.780404e+00  7.583653e+00  7.392125e+00  
7.206164e+00  7.025882e+00  6.851903e+00  6.685444e+00  6.527043e+00  6.377138e+00  
6.236846e+00  6.108070e+00  5.992180e+00  5.890790e+00  5.804930e+00  5.730960e+00  
5.667660e+00  5.643310e+00  5.625840e+00  5.610440e+00  5.546160e+00  5.514790e+00  
5.523540e+00  5.529070e+00  5.526470e+00  5.524710e+00  5.527340e+00  5.525710e+00  
8.763548e+00  8.763547e+00  8.763546e+00  8.763544e+00  8.763542e+00  8.763540e+00  
8.763536e+00  8.763529e+00  8.763518e+00  8.763502e+00  8.763474e+00  8.763433e+00  
8.763365e+00  8.763260e+00  8.763094e+00  8.762834e+00  8.762426e+00  8.761788e+00  
8.760792e+00  8.759228e+00  8.756736e+00  8.752670e+00  8.745770e+00  8.733242e+00  
8.707430e+00  8.644073e+00  8.490142e+00  8.222973e+00  7.930217e+00  7.656018e+00  
7.405983e+00  7.177920e+00  6.969322e+00  6.778544e+00  6.601939e+00  6.436948e+00  
6.284045e+00  6.144110e+00  6.016690e+00  5.899050e+00  5.789380e+00  5.688680e+00  
5.594620e+00  5.547080e+00  5.498820e+00  5.466420e+00  5.447520e+00  5.424440e+00  
5.412230e+00  5.413200e+00  5.412580e+00  5.411720e+00  5.412350e+00  5.412060e+00  
9.704261e+00  9.704256e+00  9.704254e+00  9.704249e+00  9.704243e+00  9.704232e+00  
9.704215e+00  9.704188e+00  9.704146e+00  9.704079e+00  9.703971e+00  9.703802e+00  
9.703536e+00  9.703113e+00  9.702446e+00  9.701394e+00  9.699735e+00  9.697124e+00  
9.693005e+00  9.686495e+00  9.676144e+00  9.659578e+00  9.632857e+00  9.589039e+00  
9.514336e+00  9.376694e+00  9.114956e+00  8.720121e+00  8.319581e+00  7.953640e+00  
7.626102e+00  7.334235e+00  7.074490e+00  6.840244e+00  6.621384e+00  6.411809e+00  
6.214102e+00  6.030945e+00  5.862340e+00  5.705140e+00  5.557390e+00  5.420340e+00  
5.292180e+00  5.228770e+00  5.165490e+00  5.119230e+00  5.080830e+00  5.061040e+00  
5.048740e+00  5.048580e+00  5.047720e+00  5.047160e+00  5.047470e+00  5.047300e+00  
1.038597e+01  1.038596e+01  1.038595e+01  1.038594e+01  1.038593e+01  1.038590e+01  
1.038586e+01  1.038580e+01  1.038570e+01  1.038554e+01  1.038529e+01  1.038487e+01  
1.038424e+01  1.038324e+01  1.038165e+01  1.037914e+01  1.037518e+01  1.036891e+01  
1.035902e+01  1.034335e+01  1.031846e+01  1.027892e+01  1.021612e+01  1.011664e+01  
9.960011e+00  9.717468e+00  9.350435e+00  8.883294e+00  8.449848e+00  8.048784e+00  
7.678627e+00  7.338307e+00  7.027340e+00  6.743884e+00  6.485313e+00  6.248227e+00  
6.027771e+00  5.820771e+00  5.628341e+00  5.450480e+00  5.285010e+00  5.123010e+00  
4.957630e+00  4.877110e+00  4.804260e+00  4.753280e+00  4.696270e+00  4.681190e+00  
4.673340e+00  4.672590e+00  4.671050e+00  4.670980e+00  4.670630e+00  4.670790e+00  
1.099432e+01  1.099431e+01  1.099430e+01  1.099428e+01  1.099426e+01  1.099423e+01  
1.099418e+01  1.099409e+01  1.099396e+01  1.099375e+01  1.099342e+01  1.099290e+01  
1.099206e+01  1.099074e+01  1.098867e+01  1.098539e+01  1.098022e+01  1.097205e+01  
1.095913e+01  1.093861e+01  1.090597e+01  1.085405e+01  1.077158e+01  1.064087e+01  
1.043546e+01  1.011971e+01  9.647457e+00  9.054275e+00  8.511776e+00  8.017224e+00  
7.568333e+00  7.161785e+00  6.794913e+00  6.464308e+00  6.165508e+00  5.893147e+00  
5.639707e+00  5.399875e+00  5.174020e+00  4.962520e+00  4.762770e+00  4.566310e+00  
4.367980e+00  4.272360e+00  4.186500e+00  4.126620e+00  4.058350e+00  4.039740e+00  
4.030370e+00  4.029540e+00  4.027730e+00  4.027660e+00  4.027140e+00  4.027350e+00  
1.130211e+01  1.130209e+01  1.130208e+01  1.130207e+01  1.130204e+01  1.130201e+01  
1.130195e+01  1.130184e+01  1.130169e+01  1.130145e+01  1.130107e+01  1.130046e+01  
1.129950e+01  1.129799e+01  1.129561e+01  1.129185e+01  1.128591e+01  1.127654e+01  
1.126169e+01  1.123806e+01  1.120041e+01  1.114047e+01  1.104517e+01  1.089404e+01  
1.065699e+01  1.029456e+01  9.756878e+00  9.087112e+00  8.480659e+00  7.932382e+00  
7.438722e+00  6.994315e+00  6.593883e+00  6.232715e+00  5.905614e+00  5.606235e+00  
5.325953e+00  5.058802e+00  4.805200e+00  4.566345e+00  4.342450e+00  4.130020e+00  
3.927950e+00  3.831400e+00  3.736120e+00  3.661910e+00  3.589880e+00  3.570820e+00  
3.555880e+00  3.554250e+00  3.552820e+00  3.552600e+00  3.552480e+00  3.552410e+00  
1.150441e+01  1.150439e+01  1.150438e+01  1.150436e+01  1.150434e+01  1.150430e+01  
1.150423e+01  1.150412e+01  1.150395e+01  1.150369e+01  1.150325e+01  1.150258e+01  
1.150153e+01  1.149986e+01  1.149723e+01  1.149309e+01  1.148656e+01  1.147624e+01  
1.145984e+01  1.143367e+01  1.139196e+01  1.132551e+01  1.121973e+01  1.105196e+01  
1.078953e+01  1.039055e+01  9.804210e+00  9.080456e+00  8.432330e+00  7.851197e+00  
7.330393e+00  6.861402e+00  6.435810e+00  6.048639e+00  5.695787e+00  5.372519e+00  
5.072782e+00  4.791895e+00  4.528348e+00  4.279602e+00  4.043660e+00  3.818920e+00  
3.605610e+00  3.503500e+00  3.402080e+00  3.322370e+00  3.245350e+00  3.225670e+00  
3.209320e+00  3.207390e+00  3.205900e+00  3.205690e+00  3.205520e+00  3.205470e+00  
1.163313e+01  1.163311e+01  1.163310e+01  1.163308e+01  1.163305e+01  1.163301e+01  
1.163294e+01  1.163282e+01  1.163265e+01  1.163236e+01  1.163191e+01  1.163120e+01  
1.163007e+01  1.162831e+01  1.162552e+01  1.162114e+01  1.161425e+01  1.160333e+01  
1.158592e+01  1.155811e+01  1.151373e+01  1.144296e+01  1.133010e+01  1.115113e+01  
1.087161e+01  1.044791e+01  9.828258e+00  9.066058e+00  8.387313e+00  7.781684e+00  
7.240237e+00  6.752918e+00  6.309999e+00  5.906205e+00  5.537522e+00  5.199546e+00  
4.886746e+00  4.594769e+00  4.321759e+00  4.064637e+00  3.820947e+00  3.588840e+00  
3.367180e+00  3.260240e+00  3.153560e+00  3.069170e+00  2.987410e+00  2.967140e+00  
2.950700e+00  2.948710e+00  2.946960e+00  2.946710e+00  2.946570e+00  2.946540e+00  
1.177424e+01  1.177422e+01  1.177421e+01  1.177419e+01  1.177416e+01  1.177410e+01  
1.177402e+01  1.177390e+01  1.177371e+01  1.177341e+01  1.177292e+01  1.177217e+01  
1.177097e+01  1.176910e+01  1.176616e+01  1.176154e+01  1.175427e+01  1.174270e+01  
1.172415e+01  1.169444e+01  1.164693e+01  1.157088e+01  1.144923e+01  1.125653e+01  
1.095592e+01  1.050190e+01  9.841556e+00  9.032179e+00  8.315658e+00  7.680137e+00  
7.113408e+00  6.603616e+00  6.139948e+00  5.716822e+00  5.330142e+00  4.975502e+00  
4.647582e+00  4.342051e+00  4.056567e+00  3.787403e+00  3.531358e+00  3.286590e+00  
3.050780e+00  2.935880e+00  2.820990e+00  2.729470e+00  2.638810e+00  2.616520e+00  
2.599070e+00  2.596990e+00  2.595020e+00  2.594720e+00  2.594610e+00  2.594570e+00  
1.183588e+01  1.183586e+01  1.183585e+01  1.183583e+01  1.183580e+01  1.183575e+01  
1.183567e+01  1.183554e+01  1.183534e+01  1.183503e+01  1.183454e+01  1.183376e+01  
1.183254e+01  1.183063e+01  1.182765e+01  1.182299e+01  1.181560e+01  1.180377e+01  
1.178474e+01  1.175420e+01  1.170520e+01  1.162638e+01  1.150012e+01  1.130020e+01  
1.098844e+01  1.051856e+01  9.837021e+00  9.003106e+00  8.267009e+00  7.615772e+00  
7.035815e+00  6.514563e+00  6.040942e+00  5.609188e+00  5.214844e+00  4.853072e+00  
4.518084e+00  4.205159e+00  3.911686e+00  3.633559e+00  3.367219e+00  3.110532e+00  
2.861380e+00  2.739000e+00  2.616650e+00  2.518890e+00  2.419860e+00  2.394640e+00  
2.374920e+00  2.372700e+00  2.370740e+00  2.370420e+00  2.370270e+00  2.370190e+00  
1.185633e+01  1.185631e+01  1.185630e+01  1.185628e+01  1.185624e+01  1.185619e+01  
1.185611e+01  1.185599e+01  1.185579e+01  1.185547e+01  1.185498e+01  1.185421e+01  
1.185302e+01  1.185119e+01  1.184834e+01  1.184388e+01  1.183670e+01  1.182504e+01  
1.180611e+01  1.177547e+01  1.172565e+01  1.164468e+01  1.151494e+01  1.130927e+01  
1.098907e+01  1.050790e+01  9.810958e+00  8.959423e+00  8.210521e+00  7.546624e+00  
6.955116e+00  6.423765e+00  5.942128e+00  5.504086e+00  5.104550e+00  4.737870e+00  
4.397267e+00  4.077121e+00  3.774263e+00  3.483749e+00  3.200704e+00  2.920876e+00  
2.640230e+00  2.497650e+00  2.351240e+00  2.231210e+00  2.110360e+00  2.079610e+00  
2.054740e+00  2.051850e+00  2.049520e+00  2.049180e+00  2.048910e+00  2.048600e+00  
1.181157e+01  1.181155e+01  1.181154e+01  1.181152e+01  1.181149e+01  1.181144e+01  
1.181136e+01  1.181124e+01  1.181104e+01  1.181074e+01  1.181027e+01  1.180955e+01  
1.180845e+01  1.180677e+01  1.180421e+01  1.180011e+01  1.179340e+01  1.178233e+01  
1.176419e+01  1.173442e+01  1.168509e+01  1.160468e+01  1.147558e+01  1.127087e+01  
1.095332e+01  1.047742e+01  9.786901e+00  8.943454e+00  8.201227e+00  7.540209e+00  
6.949468e+00  6.417981e+00  5.936326e+00  5.498508e+00  5.099269e+00  4.732828e+00  
4.392176e+00  4.071342e+00  3.766448e+00  3.471461e+00  3.179658e+00  2.883573e+00  
2.574125e+00  2.410520e+00  2.235740e+00  2.087780e+00  1.943820e+00  1.909720e+00  
1.881840e+00  1.878230e+00  1.874950e+00  1.874510e+00  1.874200e+00  1.875120e+00  
1.167353e+01  1.167351e+01  1.167350e+01  1.167348e+01  1.167344e+01  1.167340e+01  
1.167332e+01  1.167322e+01  1.167304e+01  1.167278e+01  1.167238e+01  1.167180e+01  
1.167097e+01  1.166975e+01  1.166786e+01  1.166465e+01  1.165911e+01  1.164968e+01  
1.163370e+01  1.160599e+01  1.155914e+01  1.148229e+01  1.135820e+01  1.116254e+01  
1.086088e+01  1.040922e+01  9.752591e+00  8.946251e+00  8.227895e+00  7.581442e+00  
6.999614e+00  6.475326e+00  6.002394e+00  5.574634e+00  5.185584e+00  4.827782e+00  
4.491801e+00  4.170389e+00  3.860856e+00  3.559213e+00  3.257755e+00  2.939484e+00  
2.583611e+00  2.384808e+00  2.165490e+00  1.970910e+00  1.768010e+00  1.722690e+00  
1.697730e+00  1.694860e+00  1.688090e+00  1.686570e+00  1.687550e+00  1.696800e+00  
1.158291e+01  1.158289e+01  1.158288e+01  1.158286e+01  1.158284e+01  1.158279e+01  
1.158272e+01  1.158262e+01  1.158247e+01  1.158223e+01  1.158191e+01  1.158148e+01  
1.158091e+01  1.158012e+01  1.157878e+01  1.157625e+01  1.157164e+01  1.156343e+01  
1.154847e+01  1.152136e+01  1.147526e+01  1.139882e+01  1.127581e+01  1.108347e+01  
1.078901e+01  1.034814e+01  9.718601e+00  8.946220e+00  8.256515e+00  7.634855e+00  
7.073411e+00  6.564299e+00  6.100733e+00  5.677869e+00  5.291285e+00  4.936011e+00  
4.605906e+00  4.294861e+00  3.997043e+00  3.702494e+00  3.397544e+00  3.061118e+00  
2.664820e+00  2.432575e+00  2.166860e+00  1.926070e+00  1.680890e+00  1.630390e+00  
1.602890e+00  1.599290e+00  1.590540e+00  1.588550e+00  1.590180e+00  1.606680e+00  
1.149479e+01  1.149477e+01  1.149476e+01  1.149474e+01  1.149472e+01  1.149468e+01  
1.149461e+01  1.149453e+01  1.149439e+01  1.149421e+01  1.149398e+01  1.149373e+01  
1.149346e+01  1.149312e+01  1.149234e+01  1.149055e+01  1.148696e+01  1.147996e+01  
1.146581e+01  1.143964e+01  1.139452e+01  1.131921e+01  1.119898e+01  1.101240e+01  
1.072767e+01  1.030237e+01  9.698106e+00  8.956368e+00  8.290577e+00  7.688350e+00  
7.142806e+00  6.646885e+00  6.194499e+00  5.781205e+00  5.402872e+00  5.054818e+00  
4.731063e+00  4.425546e+00  4.132057e+00  3.839704e+00  3.532850e+00  3.186010e+00  
2.763062e+00  2.506861e+00  2.204906e+00  1.925340e+00  1.633950e+00  1.573460e+00  
1.546400e+00  1.543310e+00  1.532350e+00  1.529660e+00  1.532300e+00  1.551010e+00  
1.142309e+01  1.142307e+01  1.142306e+01  1.142305e+01  1.142302e+01  1.142298e+01  
1.142292e+01  1.142284e+01  1.142273e+01  1.142260e+01  1.142248e+01  1.142241e+01  
1.142247e+01  1.142254e+01  1.142228e+01  1.142119e+01  1.141854e+01  1.141238e+01  
1.139872e+01  1.137315e+01  1.132829e+01  1.125357e+01  1.113534e+01  1.095330e+01  
1.067458e+01  1.026569e+01  9.683406e+00  8.967289e+00  8.322427e+00  7.737635e+00  
7.206745e+00  6.723296e+00  6.281702e+00  5.877831e+00  5.507749e+00  5.166918e+00  
4.849483e+00  4.549386e+00  4.260166e+00  3.970423e+00  3.663135e+00  3.309432e+00  
2.866450e+00  2.590800e+00  2.257870e+00  1.943440e+00  1.608510e+00  1.537600e+00  
1.509770e+00  1.507090e+00  1.494270e+00  1.491020e+00  1.494500e+00  1.512980e+00  
1.131408e+01  1.131406e+01  1.131405e+01  1.131404e+01  1.131402e+01  1.131398e+01  
1.131394e+01  1.131388e+01  1.131382e+01  1.131381e+01  1.131391e+01  1.131427e+01  
1.131494e+01  1.131576e+01  1.131645e+01  1.131671e+01  1.131561e+01  1.131026e+01  
1.129719e+01  1.127182e+01  1.122639e+01  1.115205e+01  1.103645e+01  1.086076e+01  
1.059234e+01  1.021100e+01  9.664799e+00  8.989232e+00  8.378709e+00  7.823109e+00  
7.317377e+00  6.855835e+00  6.433607e+00  6.046930e+00  5.692203e+00  5.365066e+00  
5.059756e+00  4.770173e+00  4.489705e+00  4.206401e+00  3.901301e+00  3.540203e+00  
3.068693e+00  2.762642e+00  2.378835e+00  2.005462e+00  1.596160e+00  1.503260e+00  
1.461540e+00  1.459330e+00  1.449330e+00  1.446560e+00  1.450510e+00  1.464460e+00  
1.123535e+01  1.123534e+01  1.123533e+01  1.123531e+01  1.123529e+01  1.123526e+01  
1.123524e+01  1.123521e+01  1.123522e+01  1.123534e+01  1.123571e+01  1.123650e+01  
1.123773e+01  1.123924e+01  1.124088e+01  1.124237e+01  1.124225e+01  1.123722e+01  
1.122438e+01  1.119829e+01  1.115192e+01  1.107753e+01  1.096396e+01  1.078986e+01  
1.053479e+01  1.017391e+01  9.655122e+00  9.010384e+00  8.426337e+00  7.893648e+00  
7.408014e+00  6.964349e+00  6.558366e+00  6.186554e+00  5.845463e+00  5.530759e+00  
5.236584e+00  4.956725e+00  4.684591e+00  4.408070e+00  4.107170e+00  3.744559e+00  
3.256883e+00  2.929638e+00  2.506182e+00  2.082448e+00  1.604000e+00  1.491150e+00  
1.436680e+00  1.433680e+00  1.423160e+00  1.420170e+00  1.423560e+00  1.434800e+00  
1.111068e+01  1.111067e+01  1.111066e+01  1.111065e+01  1.111063e+01  1.111062e+01  
1.111064e+01  1.111071e+01  1.111093e+01  1.111148e+01  1.111260e+01  1.111442e+01  
1.111691e+01  1.112009e+01  1.112397e+01  1.112771e+01  1.112835e+01  1.112367e+01  
1.110960e+01  1.108057e+01  1.103189e+01  1.095745e+01  1.084589e+01  1.067818e+01  
1.045068e+01  1.012464e+01  9.651621e+00  9.059123e+00  8.518805e+00  8.023825e+00  
7.571566e+00  7.158932e+00  6.783230e+00  6.441219e+00  6.129017e+00  5.841555e+00  
5.571401e+00  5.311172e+00  5.054280e+00  4.788589e+00  4.495585e+00  4.143533e+00  
3.659919e+00  3.311945e+00  2.821141e+00  2.291541e+00  1.652550e+00  1.499810e+00  
1.416160e+00  1.407120e+00  1.386970e+00  1.382490e+00  1.385300e+00  1.394240e+00  
1.104603e+01  1.104602e+01  1.104601e+01  1.104600e+01  1.104600e+01  1.104602e+01  
1.104609e+01  1.104629e+01  1.104678e+01  1.104783e+01  1.104970e+01  1.105245e+01  
1.105610e+01  1.106088e+01  1.106663e+01  1.107114e+01  1.107195e+01  1.106651e+01  
1.104968e+01  1.101764e+01  1.096662e+01  1.089177e+01  1.077439e+01  1.062090e+01  
1.040913e+01  1.010316e+01  9.656719e+00  9.096242e+00  8.583573e+00  8.113253e+00  
7.683344e+00  7.291537e+00  6.935892e+00  6.613518e+00  6.320674e+00  6.052369e+00  
5.801042e+00  5.559114e+00  5.319930e+00  5.070938e+00  4.792904e+00  4.452709e+00  
3.971093e+00  3.612855e+00  3.091402e+00  2.503546e+00  1.736060e+00  1.534600e+00  
1.406310e+00  1.392040e+00  1.370210e+00  1.365660e+00  1.367750e+00  1.373550e+00  
1.098340e+01  1.098339e+01  1.098339e+01  1.098340e+01  1.098342e+01  1.098351e+01  
1.098375e+01  1.098429e+01  1.098545e+01  1.098756e+01  1.099078e+01  1.099518e+01  
1.100110e+01  1.100873e+01  1.101622e+01  1.102097e+01  1.102101e+01  1.101161e+01  
1.098941e+01  1.095218e+01  1.089803e+01  1.081208e+01  1.070365e+01  1.056561e+01  
1.037165e+01  1.008861e+01  9.672994e+00  9.149894e+00  8.670344e+00  8.230198e+00  
7.828097e+00  7.462470e+00  7.132043e+00  6.834467e+00  6.566622e+00  6.324126e+00  
6.100040e+00  5.887382e+00  5.680062e+00  5.465827e+00  5.223870e+00  4.914021e+00  
4.443696e+00  4.075774e+00  3.521330e+00  2.866771e+00  1.925867e+00  1.637020e+00  
1.401460e+00  1.374330e+00  1.356040e+00  1.352970e+00  1.347620e+00  1.352740e+00  
1.095721e+01  1.095720e+01  1.095720e+01  1.095723e+01  1.095730e+01  1.095749e+01  
1.095793e+01  1.095891e+01  1.096081e+01  1.096391e+01  1.096832e+01  1.097433e+01  
1.098241e+01  1.099183e+01  1.099958e+01  1.100414e+01  1.100170e+01  1.098800e+01  
1.096129e+01  1.092053e+01  1.086091e+01  1.077156e+01  1.067230e+01  1.054291e+01  
1.035899e+01  1.008866e+01  9.689960e+00  9.187119e+00  8.725519e+00  8.301980e+00  
7.915584e+00  7.565481e+00  7.251038e+00  6.970227e+00  6.720125e+00  6.496475e+00  
6.292395e+00  6.100936e+00  5.916164e+00  5.725739e+00  5.509185e+00  5.227944e+00  
4.788153e+00  4.431264e+00  3.872857e+00  3.179197e+00  2.097427e+00  1.738030e+00  
1.415360e+00  1.373640e+00  1.347230e+00  1.343920e+00  1.336080e+00  1.342150e+00  
1.095317e+01  1.095317e+01  1.095318e+01  1.095323e+01  1.095335e+01  1.095367e+01  
1.095437e+01  1.095583e+01  1.095846e+01  1.096246e+01  1.096801e+01  1.097558e+01  
1.098551e+01  1.099560e+01  1.100342e+01  1.100696e+01  1.100129e+01  1.098379e+01  
1.095329e+01  1.091001e+01  1.083829e+01  1.075662e+01  1.066240e+01  1.053752e+01  
1.035835e+01  1.009387e+01  9.703503e+00  9.211733e+00  8.761240e+00  8.348934e+00  
7.973760e+00  7.634719e+00  7.330969e+00  7.060939e+00  6.822471e+00  6.612344e+00  
6.425118e+00  6.254392e+00  6.092518e+00  5.922770e+00  5.721246e+00  5.452178e+00  
5.031192e+00  4.695581e+00  4.174095e+00  3.486018e+00  2.258446e+00  1.820260e+00  
1.432570e+00  1.380830e+00  1.342140e+00  1.336440e+00  1.332970e+00  1.335740e+00  
1.094890e+01  1.094891e+01  1.094893e+01  1.094901e+01  1.094920e+01  1.094965e+01  
1.095066e+01  1.095263e+01  1.095597e+01  1.096079e+01  1.096746e+01  1.097656e+01  
1.098779e+01  1.099807e+01  1.100580e+01  1.100761e+01  1.099885e+01  1.097803e+01  
1.094476e+01  1.089855e+01  1.082144e+01  1.074488e+01  1.065456e+01  1.053338e+01  
1.035823e+01  1.009872e+01  9.715110e+00  9.231789e+00  8.789128e+00  8.384425e+00  
8.016794e+00  7.685333e+00  7.389434e+00  7.127696e+00  6.898220e+00  6.698124e+00  
6.522311e+00  6.364878e+00  6.218678e+00  6.067576e+00  5.887619e+00  5.641041e+00  
5.242091e+00  4.918586e+00  4.410415e+00  3.722284e+00  2.417680e+00  1.915464e+00  
1.448840e+00  1.385410e+00  1.339870e+00  1.332810e+00  1.329160e+00  1.331470e+00  
1.094480e+01  1.094482e+01  1.094488e+01  1.094502e+01  1.094539e+01  1.094619e+01  
1.094786e+01  1.095086e+01  1.095545e+01  1.096187e+01  1.097073e+01  1.098250e+01  
1.099484e+01  1.100529e+01  1.101181e+01  1.100927e+01  1.099518e+01  1.096896e+01  
1.093212e+01  1.086837e+01  1.080040e+01  1.073053e+01  1.064569e+01  1.052970e+01  
1.036011e+01  1.010728e+01  9.732413e+00  9.259910e+00  8.827034e+00  8.431831e+00  
8.073821e+00  7.752613e+00  7.468055e+00  7.218958e+00  7.003443e+00  6.818580e+00  
6.659059e+00  6.519221e+00  6.393445e+00  6.268230e+00  6.122185e+00  5.918072e+00  
5.570294e+00  5.274834e+00  4.791046e+00  4.101795e+00  2.694699e+00  2.104764e+00  
1.488080e+00  1.396640e+00  1.336460e+00  1.331380e+00  1.321700e+00  1.326140e+00  
1.096723e+01  1.096728e+01  1.096738e+01  1.096761e+01  1.096817e+01  1.096940e+01  
1.097178e+01  1.097574e+01  1.098147e+01  1.098943e+01  1.100040e+01  1.101386e+01  
1.102646e+01  1.103675e+01  1.104076e+01  1.103395e+01  1.101522e+01  1.098515e+01  
1.094318e+01  1.087193e+01  1.080944e+01  1.074275e+01  1.065968e+01  1.054414e+01  
1.037372e+01  1.011923e+01  9.743243e+00  9.272286e+00  8.844021e+00  8.455871e+00  
8.106551e+00  7.794633e+00  7.518885e+00  7.278029e+00  7.070424e+00  6.893302e+00  
6.741693e+00  6.611327e+00  6.500623e+00  6.403712e+00  6.301593e+00  6.136942e+00  
5.806830e+00  5.522663e+00  5.073909e+00  4.420585e+00  2.946673e+00  2.271744e+00  
1.525170e+00  1.413430e+00  1.337000e+00  1.328190e+00  1.320800e+00  1.322900e+00  
1.095722e+01  1.095737e+01  1.095760e+01  1.095814e+01  1.095936e+01  1.096176e+01  
1.096586e+01  1.097191e+01  1.098035e+01  1.099208e+01  1.100700e+01  1.102169e+01  
1.103449e+01  1.104181e+01  1.103846e+01  1.102317e+01  1.099650e+01  1.096074e+01  
1.089270e+01  1.083620e+01  1.078271e+01  1.072299e+01  1.064587e+01  1.053595e+01  
1.037170e+01  1.012490e+01  9.759175e+00  9.300154e+00  8.881951e+00  8.502670e+00  
8.161250e+00  7.856762e+00  7.588483e+00  7.356027e+00  7.158873e+00  6.996041e+00  
6.865181e+00  6.763396e+00  6.686536e+00  6.621899e+00  6.549279e+00  6.433862e+00  
6.193639e+00  5.966384e+00  5.577920e+00  4.978221e+00  3.465925e+00  2.635819e+00  
1.623220e+00  1.464840e+00  1.341330e+00  1.328550e+00  1.312740e+00  1.318570e+00  
1.095580e+01  1.095608e+01  1.095650e+01  1.095745e+01  1.095945e+01  1.096306e+01  
1.096867e+01  1.097659e+01  1.098767e+01  1.100263e+01  1.101903e+01  1.103407e+01  
1.104566e+01  1.104798e+01  1.103839e+01  1.101670e+01  1.098595e+01  1.092819e+01  
1.086932e+01  1.082000e+01  1.077171e+01  1.071610e+01  1.064238e+01  1.053559e+01  
1.037462e+01  1.013146e+01  9.769774e+00  9.315214e+00  8.900611e+00  8.524589e+00  
8.186479e+00  7.885929e+00  7.622840e+00  7.396973e+00  7.207718e+00  7.053964e+00  
6.933046e+00  6.842370e+00  6.779679e+00  6.735874e+00  6.694257e+00  6.620347e+00  
6.438559e+00  6.250668e+00  5.903757e+00  5.349294e+00  3.867974e+00  2.958402e+00  
1.717200e+00  1.511040e+00  1.349430e+00  1.330460e+00  1.314590e+00  1.316420e+00  
1.095695e+01  1.095762e+01  1.095855e+01  1.096051e+01  1.096417e+01  1.096995e+01  
1.097818e+01  1.098975e+01  1.100560e+01  1.102375e+01  1.104083e+01  1.105510e+01  
1.106059e+01  1.105386e+01  1.103461e+01  1.100589e+01  1.095298e+01  1.089229e+01  
1.084541e+01  1.080411e+01  1.076180e+01  1.071070e+01  1.064047e+01  1.053665e+01  
1.037856e+01  1.013837e+01  9.779758e+00  9.328679e+00  8.917414e+00  8.545372e+00  
8.211970e+00  7.916848e+00  7.659948e+00  7.441069e+00  7.259883e+00  7.115458e+00  
7.005517e+00  6.928030e+00  6.881868e+00  6.859553e+00  6.848935e+00  6.827490e+00  
6.730397e+00  6.596403e+00  6.313819e+00  5.833636e+00  4.452885e+00  3.462534e+00  
1.899643e+00  1.617340e+00  1.367340e+00  1.339330e+00  1.310940e+00  1.314250e+00  
1.095792e+01  1.095915e+01  1.096071e+01  1.096380e+01  1.096901e+01  1.097663e+01  
1.098738e+01  1.100240e+01  1.102133e+01  1.104017e+01  1.105735e+01  1.106817e+01  
1.106711e+01  1.105319e+01  1.102789e+01  1.099376e+01  1.092280e+01  1.087240e+01  
1.083191e+01  1.079526e+01  1.075631e+01  1.070754e+01  1.063895e+01  1.053629e+01  
1.037916e+01  1.014013e+01  9.783478e+00  9.335129e+00  8.926473e+00  8.556690e+00  
8.225496e+00  7.933083e+00  7.679852e+00  7.465252e+00  7.288193e+00  7.147568e+00  
7.042065e+00  6.970867e+00  6.934293e+00  6.927456e+00  6.939717e+00  6.944873e+00  
6.879755e+00  6.778648e+00  6.573962e+00  6.200084e+00  4.859460e+00  3.791693e+00  
2.086302e+00  1.742610e+00  1.384300e+00  1.333760e+00  1.315390e+00  1.313160e+00  
1.095750e+01  1.095940e+01  1.096169e+01  1.096590e+01  1.097248e+01  1.098183e+01  
1.099503e+01  1.101303e+01  1.103324e+01  1.105248e+01  1.106853e+01  1.107480e+01  
1.106819e+01  1.104857e+01  1.101992e+01  1.096209e+01  1.090249e+01  1.085823e+01  
1.082207e+01  1.078859e+01  1.075191e+01  1.070478e+01  1.063738e+01  1.053570e+01  
1.037952e+01  1.014155e+01  9.786224e+00  9.339355e+00  8.931999e+00  8.563565e+00  
8.233850e+00  7.943127e+00  7.691884e+00  7.479563e+00  7.305103e+00  7.167466e+00  
7.065432e+00  6.998412e+00  6.967277e+00  6.967988e+00  6.991889e+00  7.017112e+00  
6.987427e+00  6.912535e+00  6.743267e+00  6.418178e+00  5.177646e+00  4.105503e+00  
2.243152e+00  1.841860e+00  1.406220e+00  1.342130e+00  1.319010e+00  1.312510e+00  
1.095681e+01  1.095950e+01  1.096255e+01  1.096780e+01  1.097564e+01  1.098669e+01  
1.100225e+01  1.102240e+01  1.104311e+01  1.106247e+01  1.107626e+01  1.107811e+01  
1.106663e+01  1.104292e+01  1.101163e+01  1.094017e+01  1.088758e+01  1.084768e+01  
1.081469e+01  1.078354e+01  1.074853e+01  1.070258e+01  1.063609e+01  1.053520e+01  
1.037981e+01  1.014272e+01  9.788285e+00  9.342236e+00  8.935600e+00  8.568134e+00  
8.239628e+00  7.950243e+00  7.700361e+00  7.489439e+00  7.316498e+00  7.180700e+00  
7.081195e+00  7.017633e+00  6.990537e+00  6.995057e+00  7.023985e+00  7.065258e+00  
7.071122e+00  7.016922e+00  6.862010e+00  6.557255e+00  5.429919e+00  4.386455e+00  
2.388127e+00  1.932822e+00  1.430390e+00  1.353980e+00  1.318810e+00  1.312070e+00  
1.095622e+01  1.096076e+01  1.096532e+01  1.097246e+01  1.098264e+01  1.099702e+01  
1.101669e+01  1.103881e+01  1.106010e+01  1.107818e+01  1.108598e+01  1.108043e+01  
1.106099e+01  1.103261e+01  1.097261e+01  1.091157e+01  1.086762e+01  1.083375e+01  
1.080517e+01  1.077716e+01  1.074434e+01  1.069993e+01  1.063459e+01  1.053466e+01  
1.038020e+01  1.014410e+01  9.790703e+00  9.345753e+00  8.940196e+00  8.574068e+00  
8.247121e+00  7.959416e+00  7.711202e+00  7.502038e+00  7.331076e+00  7.197666e+00  
7.101280e+00  7.041836e+00  7.020028e+00  7.031255e+00  7.069510e+00  7.127160e+00  
7.168022e+00  7.145213e+00  7.035039e+00  6.785220e+00  5.789591e+00  4.804680e+00  
2.667127e+00  2.112883e+00  1.474010e+00  1.372340e+00  1.324950e+00  1.311520e+00  
1.095547e+01  1.096212e+01  1.096752e+01  1.097682e+01  1.098935e+01  1.100690e+01  
1.102927e+01  1.105122e+01  1.107365e+01  1.108927e+01  1.109038e+01  1.107830e+01  
1.105384e+01  1.102142e+01  1.094469e+01  1.089251e+01  1.085414e+01  1.082433e+01  
1.079871e+01  1.077278e+01  1.074138e+01  1.069800e+01  1.063344e+01  1.053420e+01  
1.038047e+01  1.014513e+01  9.792495e+00  9.348244e+00  8.943306e+00  8.577968e+00  
8.251901e+00  7.964975e+00  7.717309e+00  7.508824e+00  7.339271e+00  7.208201e+00  
7.114373e+00  7.057307e+00  7.038136e+00  7.053291e+00  7.097595e+00  7.162782e+00  
7.225022e+00  7.230022e+00  7.159011e+00  6.932481e+00  6.004753e+00  5.156986e+00  
2.927342e+00  2.268193e+00  1.515410e+00  1.401410e+00  1.320260e+00  1.311190e+00  
