3.038456e+00  3.038457e+00  3.038458e+00  3.038459e+00  3.038461e+00  3.038464e+00  
3.038469e+00  3.038476e+00  3.038488e+00  3.038507e+00  3.038537e+00  3.038584e+00  
3.038660e+00  3.038779e+00  3.038967e+00  3.039266e+00  3.039740e+00  3.040492e+00  
3.041681e+00  3.043568e+00  3.046557e+00  3.051292e+00  3.058779e+00  3.070587e+00  
3.089056e+00  3.117361e+00  3.159504e+00  3.211691e+00  3.258000e+00  3.298638e+00  
3.334254e+00  3.366292e+00  3.396720e+00  3.426141e+00  3.454945e+00  3.484030e+00  
3.514820e+00  3.548360e+00  3.583900e+00  3.619160e+00  3.651650e+00  3.680690e+00  
3.705120e+00  3.715330e+00  3.725640e+00  3.734570e+00  3.745070e+00  3.747860e+00  
3.750060e+00  3.750320e+00  3.750560e+00  3.750590e+00  3.750620e+00  3.750630e+00  
3.702249e+00  3.702250e+00  3.702251e+00  3.702252e+00  3.702253e+00  3.702255e+00  
3.702259e+00  3.702265e+00  3.702274e+00  3.702288e+00  3.702311e+00  3.702347e+00  
3.702404e+00  3.702494e+00  3.702638e+00  3.702866e+00  3.703227e+00  3.703800e+00  
3.704707e+00  3.706145e+00  3.708424e+00  3.712037e+00  3.717758e+00  3.726799e+00  
3.741023e+00  3.763138e+00  3.796907e+00  3.840115e+00  3.880004e+00  3.916194e+00  
3.948333e+00  3.976133e+00  3.999401e+00  4.018215e+00  4.032976e+00  4.045090e+00  
4.056990e+00  4.070870e+00  4.087250e+00  4.106510e+00  4.128790e+00  4.153250e+00  
4.177710e+00  4.188100e+00  4.194160e+00  4.194860e+00  4.198080e+00  4.200310e+00  
4.200240e+00  4.200050e+00  4.200150e+00  4.200110e+00  4.200350e+00  4.200180e+00  
4.210225e+00  4.210226e+00  4.210227e+00  4.210227e+00  4.210229e+00  4.210231e+00  
4.210234e+00  4.210240e+00  4.210249e+00  4.210263e+00  4.210285e+00  4.210320e+00  
4.210375e+00  4.210463e+00  4.210602e+00  4.210823e+00  4.211172e+00  4.211727e+00  
4.212606e+00  4.213999e+00  4.216206e+00  4.219705e+00  4.225241e+00  4.233979e+00  
4.247664e+00  4.268683e+00  4.300046e+00  4.338806e+00  4.372759e+00  4.401466e+00  
4.424541e+00  4.441644e+00  4.452628e+00  4.457624e+00  4.457351e+00  4.453660e+00  
4.449770e+00  4.448580e+00  4.450920e+00  4.457510e+00  4.468890e+00  4.484450e+00  
4.502140e+00  4.509470e+00  4.510970e+00  4.506460e+00  4.505270e+00  4.507050e+00  
4.505820e+00  4.505400e+00  4.505450e+00  4.505400e+00  4.505680e+00  4.505480e+00  
4.948348e+00  4.948350e+00  4.948350e+00  4.948352e+00  4.948354e+00  4.948357e+00  
4.948363e+00  4.948372e+00  4.948385e+00  4.948408e+00  4.948442e+00  4.948497e+00  
4.948585e+00  4.948723e+00  4.948943e+00  4.949290e+00  4.949841e+00  4.950713e+00  
4.952098e+00  4.954292e+00  4.957767e+00  4.963267e+00  4.971940e+00  4.985495e+00  
5.006191e+00  5.035875e+00  5.074320e+00  5.111592e+00  5.131783e+00  5.136036e+00  
5.126832e+00  5.108444e+00  5.086354e+00  5.062232e+00  5.036880e+00  5.012080e+00  
4.990180e+00  4.972900e+00  4.959720e+00  4.948210e+00  4.936470e+00  4.926460e+00  
4.920370e+00  4.918060e+00  4.913380e+00  4.906950e+00  4.900310e+00  4.898600e+00  
4.897020e+00  4.896810e+00  4.896660e+00  4.896650e+00  4.896650e+00  4.896620e+00  
5.496235e+00  5.496237e+00  5.496238e+00  5.496240e+00  5.496243e+00  5.496247e+00  
5.496255e+00  5.496266e+00  5.496284e+00  5.496314e+00  5.496359e+00  5.496431e+00  
5.496547e+00  5.496729e+00  5.497019e+00  5.497477e+00  5.498205e+00  5.499357e+00  
5.501184e+00  5.504080e+00  5.508666e+00  5.515913e+00  5.527302e+00  5.544937e+00  
5.571184e+00  5.606111e+00  5.643830e+00  5.668074e+00  5.666772e+00  5.647846e+00  
5.615417e+00  5.574592e+00  5.531572e+00  5.487823e+00  5.443357e+00  5.399220e+00  
5.357110e+00  5.318420e+00  5.283600e+00  5.252530e+00  5.225280e+00  5.202410e+00  
5.181940e+00  5.170610e+00  5.158370e+00  5.148080e+00  5.137710e+00  5.135020e+00  
5.132840e+00  5.132560e+00  5.132350e+00  5.132310e+00  5.132290e+00  5.132280e+00  
5.933213e+00  5.933215e+00  5.933216e+00  5.933218e+00  5.933220e+00  5.933224e+00  
5.933231e+00  5.933242e+00  5.933258e+00  5.933284e+00  5.933326e+00  5.933393e+00  
5.933498e+00  5.933663e+00  5.933927e+00  5.934344e+00  5.935007e+00  5.936056e+00  
5.937722e+00  5.940361e+00  5.944544e+00  5.951159e+00  5.961565e+00  5.977711e+00  
6.001847e+00  6.034359e+00  6.070187e+00  6.092284e+00  6.084612e+00  6.050324e+00  
5.994997e+00  5.927580e+00  5.858801e+00  5.791610e+00  5.726711e+00  5.665460e+00  
5.609090e+00  5.558190e+00  5.512070e+00  5.468120e+00  5.424520e+00  5.384180e+00  
5.350740e+00  5.335940e+00  5.318550e+00  5.302440e+00  5.289640e+00  5.286520e+00  
5.283650e+00  5.283310e+00  5.283060e+00  5.282990e+00  5.283010e+00  5.282990e+00  
6.288197e+00  6.288199e+00  6.288200e+00  6.288202e+00  6.288204e+00  6.288208e+00  
6.288215e+00  6.288226e+00  6.288242e+00  6.288269e+00  6.288311e+00  6.288378e+00  
6.288484e+00  6.288651e+00  6.288917e+00  6.289338e+00  6.290006e+00  6.291066e+00  
6.292746e+00  6.295411e+00  6.299634e+00  6.306312e+00  6.316809e+00  6.333042e+00  
6.357063e+00  6.388420e+00  6.419803e+00  6.431704e+00  6.409439e+00  6.357036e+00  
6.281410e+00  6.193264e+00  6.105320e+00  6.020942e+00  5.940714e+00  5.865750e+00  
5.796620e+00  5.733300e+00  5.674970e+00  5.618700e+00  5.562580e+00  5.510130e+00  
5.465800e+00  5.446160e+00  5.424180e+00  5.404730e+00  5.389280e+00  5.385560e+00  
5.382210e+00  5.381800e+00  5.381490e+00  5.381430e+00  5.381440e+00  5.381420e+00  
6.844544e+00  6.844546e+00  6.844547e+00  6.844548e+00  6.844551e+00  6.844554e+00  
6.844560e+00  6.844570e+00  6.844585e+00  6.844608e+00  6.844646e+00  6.844706e+00  
6.844802e+00  6.844952e+00  6.845192e+00  6.845571e+00  6.846172e+00  6.847127e+00  
6.848642e+00  6.851046e+00  6.854859e+00  6.860889e+00  6.870349e+00  6.884857e+00  
6.905792e+00  6.930861e+00  6.948640e+00  6.936521e+00  6.884730e+00  6.798792e+00  
6.687591e+00  6.564413e+00  6.444658e+00  6.332226e+00  6.227437e+00  6.130800e+00  
6.041850e+00  5.959370e+00  5.882100e+00  5.806430e+00  5.730140e+00  5.657950e+00  
5.596130e+00  5.568930e+00  5.540070e+00  5.515670e+00  5.495240e+00  5.490340e+00  
5.486080e+00  5.485560e+00  5.485160e+00  5.485090e+00  5.485080e+00  5.485080e+00  
7.269159e+00  7.269160e+00  7.269161e+00  7.269162e+00  7.269164e+00  7.269167e+00  
7.269172e+00  7.269179e+00  7.269191e+00  7.269210e+00  7.269239e+00  7.269285e+00  
7.269360e+00  7.269477e+00  7.269664e+00  7.269960e+00  7.270429e+00  7.271177e+00  
7.272362e+00  7.274249e+00  7.277244e+00  7.281984e+00  7.289394e+00  7.300606e+00  
7.316077e+00  7.331588e+00  7.332033e+00  7.293527e+00  7.212846e+00  7.096610e+00  
6.955077e+00  6.803129e+00  6.657761e+00  6.522960e+00  6.398952e+00  6.285600e+00  
6.181650e+00  6.084800e+00  5.993390e+00  5.903100e+00  5.811250e+00  5.723800e+00  
5.648580e+00  5.615720e+00  5.581810e+00  5.553740e+00  5.528830e+00  5.522820e+00  
5.517780e+00  5.517170e+00  5.516680e+00  5.516610e+00  5.516580e+00  5.516560e+00  
7.990950e+00  7.990952e+00  7.990952e+00  7.990954e+00  7.990956e+00  7.990960e+00  
7.990966e+00  7.990975e+00  7.990989e+00  7.991012e+00  7.991048e+00  7.991106e+00  
7.991196e+00  7.991341e+00  7.991570e+00  7.991935e+00  7.992513e+00  7.993435e+00  
7.994902e+00  7.997238e+00  8.000949e+00  8.006796e+00  8.015790e+00  8.028735e+00  
8.043776e+00  8.046562e+00  7.998476e+00  7.865108e+00  7.683535e+00  7.488926e+00  
7.291869e+00  7.099874e+00  6.921021e+00  6.754781e+00  6.599007e+00  6.451279e+00  
6.312850e+00  6.183060e+00  6.061190e+00  5.944610e+00  5.831340e+00  5.723260e+00  
5.623810e+00  5.578320e+00  5.534620e+00  5.501160e+00  5.467330e+00  5.459120e+00  
5.452620e+00  5.451760e+00  5.451140e+00  5.451050e+00  5.450990e+00  5.450990e+00  
8.495062e+00  8.495062e+00  8.495062e+00  8.495062e+00  8.495063e+00  8.495064e+00  
8.495066e+00  8.495070e+00  8.495075e+00  8.495083e+00  8.495094e+00  8.495115e+00  
8.495146e+00  8.495195e+00  8.495274e+00  8.495402e+00  8.495605e+00  8.495935e+00  
8.496469e+00  8.497336e+00  8.498735e+00  8.500930e+00  8.504116e+00  8.507669e+00  
8.507081e+00  8.482646e+00  8.386992e+00  8.187346e+00  7.943284e+00  7.694974e+00  
7.452298e+00  7.220225e+00  7.003991e+00  6.803853e+00  6.619869e+00  6.449643e+00  
6.291910e+00  6.143700e+00  6.004060e+00  5.870550e+00  5.741420e+00  5.618420e+00  
5.504480e+00  5.451590e+00  5.400330e+00  5.360970e+00  5.322050e+00  5.312510e+00  
5.304910e+00  5.303930e+00  5.303200e+00  5.303100e+00  5.303040e+00  5.303020e+00  
9.209416e+00  9.209412e+00  9.209410e+00  9.209407e+00  9.209401e+00  9.209393e+00  
9.209379e+00  9.209357e+00  9.209324e+00  9.209270e+00  9.209184e+00  9.209049e+00  
9.208835e+00  9.208496e+00  9.207961e+00  9.207116e+00  9.205782e+00  9.203680e+00  
9.200376e+00  9.195187e+00  9.187040e+00  9.174208e+00  9.153802e+00  9.120692e+00  
9.065164e+00  8.967179e+00  8.789080e+00  8.517707e+00  8.218024e+00  7.899855e+00  
7.576079e+00  7.263074e+00  6.976465e+00  6.719945e+00  6.492595e+00  6.289772e+00  
6.106870e+00  5.938070e+00  5.779800e+00  5.625720e+00  5.471800e+00  5.324690e+00  
5.193110e+00  5.133040e+00  5.071250e+00  5.021080e+00  4.977610e+00  4.966970e+00  
4.957960e+00  4.956890e+00  4.956050e+00  4.955900e+00  4.955870e+00  4.955860e+00  
9.660064e+00  9.660058e+00  9.660055e+00  9.660050e+00  9.660040e+00  9.660027e+00  
9.660005e+00  9.659972e+00  9.659917e+00  9.659833e+00  9.659698e+00  9.659484e+00  
9.659145e+00  9.658611e+00  9.657765e+00  9.656429e+00  9.654323e+00  9.651005e+00  
9.645789e+00  9.637599e+00  9.624738e+00  9.604469e+00  9.572242e+00  9.520202e+00  
9.434524e+00  9.289900e+00  9.042798e+00  8.687550e+00  8.315163e+00  7.935124e+00  
7.559324e+00  7.202539e+00  6.878142e+00  6.588799e+00  6.333328e+00  6.105243e+00  
5.898680e+00  5.707940e+00  5.529170e+00  5.357110e+00  5.188360e+00  5.027710e+00  
4.881870e+00  4.814610e+00  4.746440e+00  4.692370e+00  4.646330e+00  4.635160e+00  
4.625740e+00  4.624630e+00  4.623740e+00  4.623580e+00  4.623550e+00  4.623540e+00  
9.987620e+00  9.987611e+00  9.987607e+00  9.987600e+00  9.987589e+00  9.987571e+00  
9.987543e+00  9.987498e+00  9.987428e+00  9.987315e+00  9.987138e+00  9.986857e+00  
9.986412e+00  9.985708e+00  9.984596e+00  9.982840e+00  9.980074e+00  9.975719e+00  
9.968879e+00  9.958145e+00  9.941291e+00  9.914712e+00  9.872391e+00  9.804088e+00  
9.692511e+00  9.508253e+00  9.203676e+00  8.780154e+00  8.350106e+00  7.922485e+00  
7.507727e+00  7.118353e+00  6.766377e+00  6.453048e+00  6.176665e+00  5.929163e+00  
5.703344e+00  5.493930e+00  5.296950e+00  5.108700e+00  4.926800e+00  4.754260e+00  
4.596220e+00  4.523490e+00  4.451970e+00  4.397190e+00  4.349650e+00  4.338240e+00  
4.328870e+00  4.327770e+00  4.326870e+00  4.326730e+00  4.326670e+00  4.326650e+00  
1.023982e+01  1.023981e+01  1.023981e+01  1.023980e+01  1.023978e+01  1.023976e+01  
1.023973e+01  1.023968e+01  1.023959e+01  1.023946e+01  1.023924e+01  1.023891e+01  
1.023837e+01  1.023752e+01  1.023618e+01  1.023406e+01  1.023073e+01  1.022549e+01  
1.021727e+01  1.020438e+01  1.018414e+01  1.015218e+01  1.010119e+01  1.001880e+01  
9.884647e+00  9.665713e+00  9.312650e+00  8.832193e+00  8.355132e+00  7.889624e+00  
7.444589e+00  7.030050e+00  6.656806e+00  6.325378e+00  6.032668e+00  5.769628e+00  
5.527721e+00  5.301940e+00  5.088670e+00  4.885750e+00  4.691950e+00  4.508680e+00  
4.339930e+00  4.262800e+00  4.189580e+00  4.135620e+00  4.087070e+00  4.075570e+00  
4.066450e+00  4.065380e+00  4.064460e+00  4.064350e+00  4.064270e+00  4.064250e+00  
1.070351e+01  1.070350e+01  1.070349e+01  1.070348e+01  1.070346e+01  1.070341e+01  
1.070336e+01  1.070328e+01  1.070316e+01  1.070296e+01  1.070264e+01  1.070214e+01  
1.070134e+01  1.070008e+01  1.069809e+01  1.069494e+01  1.068999e+01  1.068221e+01  
1.067001e+01  1.065089e+01  1.062082e+01  1.057324e+01  1.049716e+01  1.037479e+01  
1.017916e+01  9.873572e+00  9.409800e+00  8.820932e+00  8.275271e+00  7.771052e+00  
7.305914e+00  6.876456e+00  6.481403e+00  6.121711e+00  5.794190e+00  5.493271e+00  
5.214834e+00  4.958700e+00  4.722670e+00  4.505390e+00  4.304150e+00  4.108550e+00  
3.912300e+00  3.819860e+00  3.741850e+00  3.693930e+00  3.644560e+00  3.631770e+00  
3.623110e+00  3.622320e+00  3.621360e+00  3.621160e+00  3.621200e+00  3.621090e+00  
1.094648e+01  1.094647e+01  1.094646e+01  1.094644e+01  1.094641e+01  1.094637e+01  
1.094632e+01  1.094623e+01  1.094608e+01  1.094586e+01  1.094549e+01  1.094492e+01  
1.094401e+01  1.094259e+01  1.094033e+01  1.093678e+01  1.093119e+01  1.092245e+01  
1.090876e+01  1.088731e+01  1.085358e+01  1.079999e+01  1.071382e+01  1.057466e+01  
1.035230e+01  1.000654e+01  9.485289e+00  8.829165e+00  8.227530e+00  7.676645e+00  
7.172811e+00  6.712327e+00  6.292354e+00  5.913574e+00  5.570442e+00  5.255891e+00  
4.963915e+00  4.693020e+00  4.441910e+00  4.207970e+00  3.988710e+00  3.775510e+00  
3.564580e+00  3.466520e+00  3.384710e+00  3.335230e+00  3.284130e+00  3.270820e+00  
3.262370e+00  3.261650e+00  3.260680e+00  3.260510e+00  3.260460e+00  3.260390e+00  
1.131547e+01  1.131545e+01  1.131543e+01  1.131541e+01  1.131538e+01  1.131534e+01  
1.131527e+01  1.131516e+01  1.131499e+01  1.131471e+01  1.131426e+01  1.131357e+01  
1.131247e+01  1.131074e+01  1.130801e+01  1.130375e+01  1.129707e+01  1.128666e+01  
1.127045e+01  1.124508e+01  1.120498e+01  1.114044e+01  1.103521e+01  1.086427e+01  
1.059209e+01  1.017225e+01  9.546607e+00  8.770997e+00  8.072532e+00  7.442683e+00  
6.874115e+00  6.363080e+00  5.906352e+00  5.498823e+00  5.132654e+00  4.798427e+00  
4.487002e+00  4.193918e+00  3.920390e+00  3.662240e+00  3.416390e+00  3.176450e+00  
2.940810e+00  2.830720e+00  2.736300e+00  2.676430e+00  2.619730e+00  2.607390e+00  
2.598010e+00  2.596950e+00  2.596110e+00  2.596000e+00  2.595840e+00  2.595840e+00  
1.155430e+01  1.155428e+01  1.155426e+01  1.155425e+01  1.155421e+01  1.155416e+01  
1.155408e+01  1.155395e+01  1.155375e+01  1.155342e+01  1.155290e+01  1.155209e+01  
1.155081e+01  1.154880e+01  1.154565e+01  1.154072e+01  1.153305e+01  1.152114e+01  
1.150265e+01  1.147367e+01  1.142737e+01  1.135178e+01  1.122755e+01  1.102597e+01  
1.070741e+01  1.022164e+01  9.512476e+00  8.653318e+00  7.896972e+00  7.229256e+00  
6.637037e+00  6.109726e+00  5.640935e+00  5.221682e+00  4.842300e+00  4.492975e+00  
4.163353e+00  3.848341e+00  3.551854e+00  3.275660e+00  3.017770e+00  2.771600e+00  
2.533070e+00  2.418690e+00  2.310870e+00  2.234610e+00  2.175850e+00  2.163130e+00  
2.152890e+00  2.151720e+00  2.150790e+00  2.150630e+00  2.150570e+00  2.150560e+00  
1.191544e+01  1.191541e+01  1.191540e+01  1.191536e+01  1.191532e+01  1.191526e+01  
1.191517e+01  1.191501e+01  1.191476e+01  1.191437e+01  1.191375e+01  1.191277e+01  
1.191125e+01  1.190885e+01  1.190512e+01  1.189934e+01  1.189043e+01  1.187671e+01  
1.185539e+01  1.182152e+01  1.176589e+01  1.167295e+01  1.151924e+01  1.127187e+01  
1.088425e+01  1.030211e+01  9.476705e+00  8.504974e+00  7.671948e+00  6.954506e+00  
6.334488e+00  5.789530e+00  5.302766e+00  4.864419e+00  4.465124e+00  4.096494e+00  
3.749996e+00  3.420963e+00  3.111387e+00  2.824740e+00  2.556730e+00  2.298260e+00  
2.044320e+00  1.920990e+00  1.804190e+00  1.720310e+00  1.652830e+00  1.637880e+00  
1.625910e+00  1.624530e+00  1.623400e+00  1.623230e+00  1.623150e+00  1.623150e+00  
1.218812e+01  1.218809e+01  1.218806e+01  1.218804e+01  1.218799e+01  1.218793e+01  
1.218782e+01  1.218765e+01  1.218737e+01  1.218694e+01  1.218626e+01  1.218518e+01  
1.218352e+01  1.218092e+01  1.217691e+01  1.217077e+01  1.216138e+01  1.214701e+01  
1.212453e+01  1.208787e+01  1.202583e+01  1.192060e+01  1.174711e+01  1.146983e+01  
1.103677e+01  1.039364e+01  9.496578e+00  8.453042e+00  7.572286e+00  6.822322e+00  
6.182606e+00  5.625487e+00  5.126636e+00  4.675094e+00  4.262801e+00  3.882130e+00  
3.525429e+00  3.188186e+00  2.871148e+00  2.576796e+00  2.303410e+00  2.038700e+00  
1.777040e+00  1.649500e+00  1.528870e+00  1.441090e+00  1.365450e+00  1.348250e+00  
1.334700e+00  1.333120e+00  1.331790e+00  1.331620e+00  1.331490e+00  1.331470e+00  
1.242022e+01  1.242019e+01  1.242017e+01  1.242014e+01  1.242009e+01  1.242002e+01  
1.241990e+01  1.241972e+01  1.241942e+01  1.241897e+01  1.241825e+01  1.241713e+01  
1.241539e+01  1.241271e+01  1.240861e+01  1.240238e+01  1.239298e+01  1.237863e+01  
1.235579e+01  1.231728e+01  1.225032e+01  1.213593e+01  1.194865e+01  1.165029e+01  
1.118559e+01  1.050189e+01  9.557063e+00  8.462258e+00  7.547461e+00  6.774202e+00  
6.118228e+00  5.549301e+00  5.039641e+00  4.577053e+00  4.154152e+00  3.763906e+00  
3.399068e+00  3.055163e+00  2.732322e+00  2.432074e+00  2.153980e+00  1.885620e+00  
1.619080e+00  1.488250e+00  1.363220e+00  1.270360e+00  1.187790e+00  1.168670e+00  
1.153590e+00  1.151820e+00  1.150330e+00  1.150130e+00  1.149990e+00  1.149920e+00  
1.262472e+01  1.262469e+01  1.262466e+01  1.262463e+01  1.262458e+01  1.262451e+01  
1.262439e+01  1.262419e+01  1.262390e+01  1.262342e+01  1.262269e+01  1.262154e+01  
1.261977e+01  1.261707e+01  1.261299e+01  1.260689e+01  1.259778e+01  1.258383e+01  
1.256104e+01  1.252109e+01  1.245005e+01  1.232866e+01  1.213131e+01  1.181708e+01  
1.132956e+01  1.061760e+01  9.639088e+00  8.505767e+00  7.564633e+00  6.774285e+00  
6.105109e+00  5.525123e+00  5.005437e+00  4.533349e+00  4.101589e+00  3.703379e+00  
3.331624e+00  2.981803e+00  2.653698e+00  2.348191e+00  2.064784e+00  1.793060e+00  
1.522100e+00  1.388100e+00  1.258410e+00  1.160240e+00  1.071330e+00  1.050410e+00  
1.033830e+00  1.031880e+00  1.030230e+00  1.030010e+00  1.029850e+00  1.029760e+00  
1.297170e+01  1.297167e+01  1.297165e+01  1.297161e+01  1.297156e+01  1.297148e+01  
1.297135e+01  1.297116e+01  1.297085e+01  1.297037e+01  1.296962e+01  1.296847e+01  
1.296673e+01  1.296414e+01  1.296036e+01  1.295490e+01  1.294693e+01  1.293441e+01  
1.291208e+01  1.286970e+01  1.279224e+01  1.266138e+01  1.245012e+01  1.211379e+01  
1.159710e+01  1.084974e+01  9.828441e+00  8.644108e+00  7.665850e+00  6.851739e+00  
6.162822e+00  5.564637e+00  5.028236e+00  4.541097e+00  4.095780e+00  3.685290e+00  
3.302278e+00  2.941958e+00  2.603644e+00  2.287526e+00  1.992042e+00  1.709790e+00  
1.428430e+00  1.287680e+00  1.148730e+00  1.040400e+00  9.389000e-01  9.143000e-01  
8.946700e-01  8.923300e-01  8.903700e-01  8.901200e-01  8.899200e-01  8.898300e-01  
1.325784e+01  1.325781e+01  1.325779e+01  1.325776e+01  1.325771e+01  1.325762e+01  
1.325750e+01  1.325730e+01  1.325698e+01  1.325651e+01  1.325577e+01  1.325467e+01  
1.325304e+01  1.325069e+01  1.324743e+01  1.324298e+01  1.323661e+01  1.322578e+01  
1.320386e+01  1.315926e+01  1.307718e+01  1.294053e+01  1.271961e+01  1.236929e+01  
1.183618e+01  1.106876e+01  1.002301e+01  8.809328e+00  7.809486e+00  6.979298e+00  
6.276125e+00  5.664167e+00  5.115111e+00  4.616792e+00  4.161520e+00  3.741790e+00  
3.349675e+00  2.979912e+00  2.631533e+00  2.304203e+00  1.995576e+00  1.698777e+00  
1.404640e+00  1.256240e+00  1.107610e+00  9.891900e-01  8.744800e-01  8.460000e-01  
8.232300e-01  8.205000e-01  8.182100e-01  8.179200e-01  8.176800e-01  8.176300e-01  
1.379478e+01  1.379474e+01  1.379472e+01  1.379469e+01  1.379464e+01  1.379455e+01  
1.379443e+01  1.379424e+01  1.379394e+01  1.379350e+01  1.379285e+01  1.379195e+01  
1.379078e+01  1.378942e+01  1.378808e+01  1.378697e+01  1.378510e+01  1.377781e+01  
1.375546e+01  1.370565e+01  1.361700e+01  1.347032e+01  1.323246e+01  1.286351e+01  
1.231098e+01  1.152172e+01  1.044809e+01  9.204155e+00  8.189521e+00  7.339192e+00  
6.614734e+00  5.981040e+00  5.411531e+00  4.894132e+00  4.420830e+00  3.983399e+00  
3.572891e+00  3.183219e+00  2.812819e+00  2.460340e+00  2.122045e+00  1.789154e+00  
1.456060e+00  1.285640e+00  1.109350e+00  9.631600e-01  8.147700e-01  7.768500e-01  
7.465100e-01  7.428200e-01  7.397100e-01  7.393400e-01  7.389800e-01  7.390200e-01  
1.416678e+01  1.416675e+01  1.416672e+01  1.416669e+01  1.416664e+01  1.416656e+01  
1.416644e+01  1.416626e+01  1.416599e+01  1.416561e+01  1.416509e+01  1.416450e+01  
1.416398e+01  1.416397e+01  1.416512e+01  1.416786e+01  1.417004e+01  1.416451e+01  
1.414003e+01  1.408654e+01  1.399352e+01  1.383736e+01  1.358822e+01  1.320949e+01  
1.264915e+01  1.185701e+01  1.077715e+01  9.533565e+00  8.524617e+00  7.671265e+00  
6.939513e+00  6.296051e+00  5.715475e+00  5.186028e+00  4.699884e+00  4.248945e+00  
3.824246e+00  3.419436e+00  3.032405e+00  2.660941e+00  2.299685e+00  1.936763e+00  
1.562212e+00  1.367800e+00  1.160590e+00  9.839600e-01  8.022600e-01  7.554900e-01  
7.178600e-01  7.133000e-01  7.094900e-01  7.090000e-01  7.086100e-01  7.084600e-01  
1.464808e+01  1.464804e+01  1.464802e+01  1.464798e+01  1.464793e+01  1.464786e+01  
1.464775e+01  1.464759e+01  1.464739e+01  1.464716e+01  1.464701e+01  1.464725e+01  
1.464849e+01  1.465191e+01  1.465885e+01  1.466871e+01  1.467570e+01  1.466910e+01  
1.463927e+01  1.458010e+01  1.447401e+01  1.429812e+01  1.402920e+01  1.363024e+01  
1.305342e+01  1.225451e+01  1.119999e+01  1.001658e+01  9.054419e+00  8.223854e+00  
7.495035e+00  6.840798e+00  6.240688e+00  5.688323e+00  5.181878e+00  4.715624e+00  
4.278054e+00  3.859717e+00  3.454905e+00  3.055939e+00  2.656875e+00  2.255048e+00  
1.816501e+00  1.563711e+00  1.291480e+00  1.055980e+00  8.096900e-01  7.465500e-01  
6.944400e-01  6.879200e-01  6.834900e-01  6.827600e-01  6.825200e-01  6.808400e-01  
1.467389e+01  1.467385e+01  1.467384e+01  1.467381e+01  1.467377e+01  1.467372e+01  
1.467364e+01  1.467357e+01  1.467352e+01  1.467362e+01  1.467416e+01  1.467577e+01  
1.467975e+01  1.468803e+01  1.470199e+01  1.471880e+01  1.472966e+01  1.472385e+01  
1.469721e+01  1.464102e+01  1.453660e+01  1.437073e+01  1.412486e+01  1.376938e+01  
1.326308e+01  1.254233e+01  1.159201e+01  1.046979e+01  9.504620e+00  8.649822e+00  
7.890676e+00  7.212690e+00  6.605058e+00  6.057313e+00  5.559138e+00  5.099186e+00  
4.663939e+00  4.242798e+00  3.830532e+00  3.419976e+00  2.998958e+00  2.544742e+00  
2.031311e+00  1.744328e+00  1.431490e+00  1.153350e+00  8.339300e-01  7.435100e-01  
6.818300e-01  6.760600e-01  6.702300e-01  6.691400e-01  6.693400e-01  6.657700e-01  
1.481492e+01  1.481489e+01  1.481487e+01  1.481485e+01  1.481481e+01  1.481477e+01  
1.481473e+01  1.481472e+01  1.481480e+01  1.481523e+01  1.481648e+01  1.481960e+01  
1.482649e+01  1.483959e+01  1.485926e+01  1.487990e+01  1.489065e+01  1.488340e+01  
1.485575e+01  1.479330e+01  1.468121e+01  1.451018e+01  1.426197e+01  1.391058e+01  
1.341276e+01  1.270769e+01  1.179389e+01  1.071794e+01  9.781873e+00  8.947261e+00  
8.201596e+00  7.531838e+00  6.928353e+00  6.381695e+00  5.882458e+00  5.420084e+00  
4.981775e+00  4.557012e+00  4.139785e+00  3.721377e+00  3.286590e+00  2.806395e+00  
2.245560e+00  1.922553e+00  1.561048e+00  1.238060e+00  8.600500e-01  7.508300e-01  
6.743700e-01  6.671300e-01  6.609000e-01  6.598400e-01  6.598500e-01  6.552900e-01  
1.490461e+01  1.490458e+01  1.490456e+01  1.490454e+01  1.490451e+01  1.490448e+01  
1.490448e+01  1.490453e+01  1.490480e+01  1.490561e+01  1.490770e+01  1.491258e+01  
1.492272e+01  1.494065e+01  1.496504e+01  1.498777e+01  1.499730e+01  1.498945e+01  
1.495920e+01  1.488949e+01  1.477095e+01  1.459478e+01  1.434434e+01  1.399610e+01  
1.349606e+01  1.282112e+01  1.194211e+01  1.090391e+01  9.994584e+00  9.179432e+00  
8.447929e+00  7.788083e+00  7.191223e+00  6.648659e+00  6.151645e+00  5.690203e+00  
5.252024e+00  4.826652e+00  4.407485e+00  3.984607e+00  3.540380e+00  3.040518e+00  
2.441569e+00  2.088409e+00  1.685346e+00  1.320240e+00  8.882100e-01  7.612100e-01  
6.694100e-01  6.604200e-01  6.537500e-01  6.527800e-01  6.525200e-01  6.473700e-01  
1.500674e+01  1.500671e+01  1.500670e+01  1.500668e+01  1.500666e+01  1.500667e+01  
1.500673e+01  1.500698e+01  1.500767e+01  1.500945e+01  1.501362e+01  1.502263e+01  
1.503982e+01  1.506654e+01  1.509736e+01  1.512063e+01  1.512800e+01  1.511879e+01  
1.507917e+01  1.499614e+01  1.486638e+01  1.468045e+01  1.442617e+01  1.407958e+01  
1.358044e+01  1.296145e+01  1.214403e+01  1.116511e+01  1.030142e+01  9.521306e+00  
8.816980e+00  8.178002e+00  7.597080e+00  7.066592e+00  6.578673e+00  6.124152e+00  
5.691324e+00  5.269787e+00  4.852096e+00  4.426580e+00  3.971934e+00  3.445615e+00  
2.789948e+00  2.389357e+00  1.917634e+00  1.476821e+00  9.470100e-01  7.870300e-01  
6.643500e-01  6.513400e-01  6.433500e-01  6.425500e-01  6.417400e-01  6.361100e-01  
1.505755e+01  1.505751e+01  1.505751e+01  1.505750e+01  1.505750e+01  1.505755e+01  
1.505772e+01  1.505818e+01  1.505943e+01  1.506242e+01  1.506914e+01  1.508293e+01  
1.510724e+01  1.514093e+01  1.517488e+01  1.519654e+01  1.520326e+01  1.518998e+01  
1.513925e+01  1.504572e+01  1.490598e+01  1.471240e+01  1.445564e+01  1.409444e+01  
1.362160e+01  1.304287e+01  1.227310e+01  1.133979e+01  1.051266e+01  9.762110e+00  
9.081927e+00  8.462721e+00  7.898152e+00  7.381318e+00  6.904930e+00  6.460269e+00  
6.036015e+00  5.621701e+00  5.209361e+00  4.786192e+00  4.328231e+00  3.786834e+00  
3.092573e+00  2.656781e+00  2.131047e+00  1.624942e+00  1.006790e+00  8.165100e-01  
6.633800e-01  6.459800e-01  6.360400e-01  6.353600e-01  6.340800e-01  6.284600e-01  
1.510159e+01  1.510156e+01  1.510156e+01  1.510157e+01  1.510165e+01  1.510184e+01  
1.510235e+01  1.510366e+01  1.510677e+01  1.511380e+01  1.512845e+01  1.515525e+01  
1.519453e+01  1.523799e+01  1.527154e+01  1.529101e+01  1.529402e+01  1.526225e+01  
1.518922e+01  1.507505e+01  1.491625e+01  1.471173e+01  1.444210e+01  1.406975e+01  
1.366000e+01  1.314453e+01  1.244842e+01  1.159469e+01  1.083205e+01  1.013649e+01  
9.503361e+00  8.925119e+00  8.396592e+00  7.911921e+00  7.464725e+00  7.046893e+00  
6.647394e+00  6.255599e+00  5.862968e+00  5.455122e+00  5.004336e+00  4.452314e+00  
3.707889e+00  3.217296e+00  2.597964e+00  1.968884e+00  1.154770e+00  8.966400e-01  
6.702400e-01  6.412400e-01  6.245200e-01  6.238600e-01  6.218200e-01  6.170700e-01  
1.510654e+01  1.510652e+01  1.510653e+01  1.510659e+01  1.510674e+01  1.510714e+01  
1.510815e+01  1.511061e+01  1.511627e+01  1.512850e+01  1.515238e+01  1.519126e+01  
1.524018e+01  1.528550e+01  1.531680e+01  1.533556e+01  1.532719e+01  1.527742e+01  
1.518804e+01  1.505730e+01  1.488665e+01  1.467562e+01  1.436606e+01  1.403815e+01  
1.366520e+01  1.318734e+01  1.253407e+01  1.173109e+01  1.101057e+01  1.035247e+01  
9.752888e+00  9.205299e+00  8.705165e+00  8.247196e+00  7.825451e+00  7.432121e+00  
7.056174e+00  6.686878e+00  6.315580e+00  5.927402e+00  5.492843e+00  4.948488e+00  
4.188599e+00  3.670013e+00  2.992882e+00  2.275756e+00  1.296170e+00  9.781300e-01  
6.833700e-01  6.429200e-01  6.179700e-01  6.169300e-01  6.144800e-01  6.107900e-01  
1.509671e+01  1.509672e+01  1.509677e+01  1.509694e+01  1.509733e+01  1.509836e+01  
1.510081e+01  1.510646e+01  1.511889e+01  1.514372e+01  1.518574e+01  1.524146e+01  
1.529706e+01  1.533938e+01  1.537029e+01  1.537701e+01  1.534165e+01  1.526611e+01  
1.515030e+01  1.499763e+01  1.481427e+01  1.454601e+01  1.426487e+01  1.398432e+01  
1.365354e+01  1.321934e+01  1.261674e+01  1.187387e+01  1.120478e+01  1.059429e+01  
1.003886e+01  9.533247e+00  9.073513e+00  8.655072e+00  8.272448e+00  7.918168e+00  
7.581091e+00  7.250435e+00  6.917917e+00  6.568770e+00  6.172610e+00  5.661365e+00  
4.911892e+00  4.373691e+00  3.634878e+00  2.801659e+00  1.556429e+00  1.135150e+00  
7.166200e-01  6.546900e-01  6.115400e-01  6.089400e-01  6.061500e-01  6.040400e-01  
1.508859e+01  1.508863e+01  1.508876e+01  1.508907e+01  1.508983e+01  1.509172e+01  
1.509613e+01  1.510609e+01  1.512691e+01  1.516506e+01  1.522134e+01  1.528508e+01  
1.533925e+01  1.538117e+01  1.540711e+01  1.539439e+01  1.533878e+01  1.524286e+01  
1.510816e+01  1.494362e+01  1.473619e+01  1.444880e+01  1.420300e+01  1.394885e+01  
1.364198e+01  1.323236e+01  1.265860e+01  1.194950e+01  1.131049e+01  1.072846e+01  
1.020037e+01  9.721620e+00  9.288658e+00  8.897280e+00  8.542380e+00  8.216694e+00  
7.909113e+00  7.608945e+00  7.308545e+00  6.993805e+00  6.634689e+00  6.161745e+00  
5.442529e+00  4.906095e+00  4.141755e+00  3.238867e+00  1.796816e+00  1.282600e+00  
7.531600e-01  6.713300e-01  6.093300e-01  6.046100e-01  6.017100e-01  6.004600e-01  
1.507478e+01  1.507488e+01  1.507509e+01  1.507558e+01  1.507683e+01  1.507982e+01  
1.508672e+01  1.510183e+01  1.513190e+01  1.518224e+01  1.524828e+01  1.531409e+01  
1.536650e+01  1.540836e+01  1.542312e+01  1.539294e+01  1.532129e+01  1.520858e+01  
1.506136e+01  1.488994e+01  1.462807e+01  1.437816e+01  1.415564e+01  1.392065e+01  
1.363186e+01  1.324135e+01  1.268999e+01  1.200627e+01  1.138824e+01  1.082474e+01  
1.031279e+01  9.848387e+00  9.428333e+00  9.049635e+00  8.709044e+00  8.401879e+00  
8.120770e+00  7.856574e+00  7.597458e+00  7.319497e+00  6.986587e+00  6.539854e+00  
5.848890e+00  5.320460e+00  4.554654e+00  3.619593e+00  2.027000e+00  1.417750e+00  
7.880600e-01  6.903200e-01  6.096300e-01  6.021700e-01  5.995200e-01  5.982500e-01  
1.506124e+01  1.506141e+01  1.506172e+01  1.506245e+01  1.506429e+01  1.506862e+01  
1.507845e+01  1.509940e+01  1.513884e+01  1.519942e+01  1.527144e+01  1.533637e+01  
1.538869e+01  1.542756e+01  1.542882e+01  1.538459e+01  1.529875e+01  1.517277e+01  
1.501730e+01  1.483574e+01  1.454975e+01  1.432406e+01  1.411861e+01  1.389807e+01  
1.362298e+01  1.324676e+01  1.271160e+01  1.204568e+01  1.144145e+01  1.088980e+01  
1.038879e+01  9.935563e+00  9.528075e+00  9.163664e+00  8.839080e+00  8.549563e+00  
8.287413e+00  8.043589e+00  7.807334e+00  7.556307e+00  7.254563e+00  6.838634e+00  
6.177843e+00  5.664685e+00  4.903138e+00  3.944947e+00  2.237137e+00  1.552414e+00  
8.242400e-01  7.065600e-01  6.104500e-01  6.025500e-01  5.982400e-01  5.967600e-01  
1.505262e+01  1.505297e+01  1.505352e+01  1.505490e+01  1.505821e+01  1.506588e+01  
1.508275e+01  1.511645e+01  1.517316e+01  1.524815e+01  1.532405e+01  1.538661e+01  
1.543929e+01  1.546372e+01  1.544052e+01  1.537372e+01  1.526409e+01  1.511987e+01  
1.495479e+01  1.469444e+01  1.445340e+01  1.425860e+01  1.407615e+01  1.387457e+01  
1.361665e+01  1.325766e+01  1.274167e+01  1.209727e+01  1.151074e+01  1.097530e+01  
1.048985e+01  1.005264e+01  9.662880e+00  9.318379e+00  9.016175e+00  8.751770e+00  
8.517643e+00  8.305172e+00  8.104756e+00  7.895339e+00  7.642451e+00  7.283683e+00  
6.686952e+00  6.204578e+00  5.462576e+00  4.486701e+00  2.615044e+00  1.799093e+00  
8.950300e-01  7.449700e-01  6.148000e-01  6.021500e-01  5.961400e-01  5.948600e-01  
1.505574e+01  1.505633e+01  1.505723e+01  1.505942e+01  1.506463e+01  1.507641e+01  
1.510142e+01  1.514808e+01  1.521863e+01  1.530138e+01  1.537597e+01  1.543884e+01  
1.548691e+01  1.549284e+01  1.545091e+01  1.536487e+01  1.523756e+01  1.508266e+01  
1.489990e+01  1.460866e+01  1.439795e+01  1.422308e+01  1.405561e+01  1.386584e+01  
1.361796e+01  1.326853e+01  1.276310e+01  1.213130e+01  1.155574e+01  1.103099e+01  
1.055611e+01  1.012987e+01  9.751812e+00  9.420125e+00  9.132217e+00  8.884130e+00  
8.668911e+00  8.478701e+00  8.304797e+00  8.127326e+00  7.913308e+00  7.602474e+00  
7.063851e+00  6.612583e+00  5.896269e+00  4.920973e+00  2.945184e+00  2.027798e+00  
9.632100e-01  7.831400e-01  6.206900e-01  6.031100e-01  5.949900e-01  5.936900e-01  
1.507907e+01  1.508048e+01  1.508260e+01  1.508761e+01  1.509908e+01  1.512380e+01  
1.517109e+01  1.524517e+01  1.533569e+01  1.542090e+01  1.549374e+01  1.555430e+01  
1.557404e+01  1.554261e+01  1.546480e+01  1.534263e+01  1.519013e+01  1.501943e+01  
1.471918e+01  1.450044e+01  1.433159e+01  1.418619e+01  1.403995e+01  1.386542e+01  
1.362900e+01  1.329003e+01  1.279761e+01  1.218169e+01  1.162104e+01  1.111196e+01  
1.065303e+01  1.024321e+01  9.882113e+00  9.568433e+00  9.300553e+00  9.075694e+00  
8.888598e+00  8.733302e+00  8.602978e+00  8.479960e+00  8.334825e+00  8.113617e+00  
7.692745e+00  7.310916e+00  6.663021e+00  5.721714e+00  3.622459e+00  2.529541e+00  
1.122840e+00  8.751700e-01  6.385100e-01  6.087300e-01  5.938400e-01  5.921200e-01  
1.508683e+01  1.508946e+01  1.509325e+01  1.510209e+01  1.512172e+01  1.516145e+01  
1.522945e+01  1.532130e+01  1.541723e+01  1.549994e+01  1.557393e+01  1.561841e+01  
1.560954e+01  1.555172e+01  1.544593e+01  1.530219e+01  1.513960e+01  1.487075e+01  
1.461736e+01  1.443387e+01  1.428941e+01  1.416183e+01  1.402866e+01  1.386397e+01  
1.363550e+01  1.330321e+01  1.281673e+01  1.220855e+01  1.165552e+01  1.115470e+01  
1.070446e+01  1.030391e+01  9.952572e+00  9.649534e+00  9.393436e+00  9.182021e+00  
9.010639e+00  8.874371e+00  8.768156e+00  8.677243e+00  8.576086e+00  8.415427e+00  
8.080848e+00  7.757381e+00  7.180833e+00  6.297381e+00  4.153296e+00  2.939584e+00  
1.270310e+00  9.657200e-01  6.589100e-01  6.147800e-01  5.939100e-01  5.913400e-01  
1.509196e+01  1.509807e+01  1.510657e+01  1.512564e+01  1.516496e+01  1.523426e+01  
1.533131e+01  1.543681e+01  1.552982e+01  1.561437e+01  1.567304e+01  1.567670e+01  
1.562818e+01  1.552894e+01  1.538775e+01  1.522534e+01  1.496875e+01  1.469229e+01  
1.449907e+01  1.435488e+01  1.423880e+01  1.413160e+01  1.401299e+01  1.385910e+01  
1.363937e+01  1.331476e+01  1.283586e+01  1.223687e+01  1.169224e+01  1.119975e+01  
1.075797e+01  1.036625e+01  1.002451e+01  9.732304e+00  9.488608e+00  9.291855e+00  
9.138366e+00  9.024584e+00  8.947546e+00  8.895676e+00  8.848551e+00  8.765654e+00  
8.548312e+00  8.306479e+00  7.832959e+00  7.052050e+00  4.954398e+00  3.615437e+00  
1.535770e+00  1.127960e+00  6.996100e-01  6.337200e-01  5.952400e-01  5.905400e-01  
1.509451e+01  1.510550e+01  1.512027e+01  1.515202e+01  1.521214e+01  1.530472e+01  
1.541611e+01  1.552084e+01  1.561449e+01  1.569390e+01  1.572432e+01  1.569778e+01  
1.561878e+01  1.549076e+01  1.533227e+01  1.515379e+01  1.481704e+01  1.459266e+01  
1.443141e+01  1.431006e+01  1.421024e+01  1.411432e+01  1.400346e+01  1.385501e+01  
1.363945e+01  1.331880e+01  1.284470e+01  1.225113e+01  1.171119e+01  1.122293e+01  
1.078525e+01  1.039772e+01  1.006038e+01  9.773196e+00  9.535491e+00  9.346357e+00  
9.203088e+00  9.103116e+00  9.044191e+00  9.015416e+00  8.998959e+00  8.962720e+00  
8.822692e+00  8.637927e+00  8.238981e+00  7.534138e+00  5.526477e+00  4.159844e+00  
1.777008e+00  1.274380e+00  7.386600e-01  6.559100e-01  5.959900e-01  5.901400e-01  
1.509335e+01  1.511053e+01  1.513287e+01  1.517855e+01  1.525770e+01  1.536632e+01  
1.548219e+01  1.558493e+01  1.567998e+01  1.574420e+01  1.574899e+01  1.569897e+01  
1.559497e+01  1.544832e+01  1.528247e+01  1.499728e+01  1.471791e+01  1.452446e+01  
1.438459e+01  1.427868e+01  1.418977e+01  1.410150e+01  1.399612e+01  1.385193e+01  
1.364009e+01  1.332295e+01  1.285178e+01  1.225983e+01  1.172074e+01  1.123400e+01  
1.079883e+01  1.041481e+01  1.008174e+01  9.799428e+00  9.567059e+00  9.383604e+00  
9.246405e+00  9.153222e+00  9.102978e+00  9.086994e+00  9.090922e+00  9.087872e+00  
9.001147e+00  8.856501e+00  8.520977e+00  7.891876e+00  5.972392e+00  4.594573e+00  
1.994475e+00  1.413510e+00  7.783300e-01  6.759300e-01  5.985300e-01  5.899000e-01  
1.509240e+01  1.511700e+01  1.514786e+01  1.520768e+01  1.530283e+01  1.542146e+01  
1.553679e+01  1.564009e+01  1.573214e+01  1.577716e+01  1.576161e+01  1.569098e+01  
1.556746e+01  1.540911e+01  1.523733e+01  1.489114e+01  1.464721e+01  1.447549e+01  
1.435117e+01  1.425636e+01  1.417517e+01  1.409217e+01  1.399049e+01  1.384904e+01  
1.363949e+01  1.332454e+01  1.285561e+01  1.226548e+01  1.172777e+01  1.124253e+01  
1.080926e+01  1.042740e+01  1.009689e+01  9.817479e+00  9.588219e+00  9.408123e+00  
9.274983e+00  9.187019e+00  9.143704e+00  9.137390e+00  9.155479e+00  9.174536e+00  
9.126414e+00  9.014213e+00  8.729104e+00  8.162017e+00  6.330858e+00  4.958957e+00  
2.202983e+00  1.543810e+00  8.164200e-01  6.965000e-01  6.013500e-01  5.897400e-01  
1.509249e+01  1.513523e+01  1.518475e+01  1.527056e+01  1.538832e+01  1.551428e+01  
1.562697e+01  1.573247e+01  1.580533e+01  1.581548e+01  1.576779e+01  1.566376e+01  
1.551342e+01  1.534475e+01  1.504495e+01  1.475312e+01  1.455277e+01  1.441084e+01  
1.430791e+01  1.422811e+01  1.415714e+01  1.408103e+01  1.398400e+01  1.384584e+01  
1.363888e+01  1.332624e+01  1.285972e+01  1.227227e+01  1.173691e+01  1.125409e+01  
1.082331e+01  1.044431e+01  1.011692e+01  9.840842e+00  9.615390e+00  9.439691e+00  
9.311939e+00  9.230762e+00  9.196395e+00  9.202589e+00  9.239159e+00  9.287700e+00  
9.292575e+00  9.226333e+00  9.015998e+00  8.546883e+00  6.877808e+00  5.541807e+00  
2.591832e+00  1.783868e+00  8.896800e-01  7.370300e-01  6.078300e-01  5.895300e-01  
1.509365e+01  1.515815e+01  1.522056e+01  1.533251e+01  1.546343e+01  1.558859e+01  
1.570236e+01  1.579704e+01  1.585105e+01  1.583918e+01  1.575929e+01  1.562929e+01  
1.546532e+01  1.528601e+01  1.491153e+01  1.466450e+01  1.449200e+01  1.437001e+01  
1.428126e+01  1.421119e+01  1.414673e+01  1.407489e+01  1.398066e+01  1.384437e+01  
1.363871e+01  1.332712e+01  1.286175e+01  1.227601e+01  1.174252e+01  1.126147e+01  
1.083245e+01  1.045515e+01  1.012948e+01  9.855262e+00  9.632038e+00  9.459078e+00  
9.334711e+00  9.257783e+00  9.228974e+00  9.242855e+00  9.290894e+00  9.358125e+00  
9.397659e+00  9.362427e+00  9.204955e+00  8.809867e+00  7.280877e+00  5.993152e+00  
2.930973e+00  2.001205e+00  9.592600e-01  7.764100e-01  6.151000e-01  5.894100e-01  
