4.543408e-01  4.543412e-01  4.543415e-01  4.543419e-01  4.543426e-01  4.543437e-01  
4.543453e-01  4.543480e-01  4.543522e-01  4.543588e-01  4.543694e-01  4.543861e-01  
4.544127e-01  4.544547e-01  4.545213e-01  4.546269e-01  4.547943e-01  4.550594e-01  
4.554797e-01  4.561460e-01  4.572022e-01  4.588772e-01  4.615351e-01  4.657611e-01  
4.725117e-01  4.834149e-01  5.012463e-01  5.263336e-01  5.525326e-01  5.798016e-01  
6.080999e-01  6.373580e-01  6.674718e-01  6.982838e-01  7.296325e-01  7.613300e-01  
7.931300e-01  8.249400e-01  8.569100e-01  8.900500e-01  9.250100e-01  9.597800e-01  
9.897500e-01  1.001230e+00  1.011410e+00  1.019730e+00  1.033420e+00  1.037790e+00  
1.040730e+00  1.041090e+00  1.041450e+00  1.041510e+00  1.041510e+00  1.042290e+00  
6.705853e-01  6.705859e-01  6.705862e-01  6.705867e-01  6.705876e-01  6.705889e-01  
6.705909e-01  6.705942e-01  6.705995e-01  6.706077e-01  6.706209e-01  6.706416e-01  
6.706746e-01  6.707269e-01  6.708097e-01  6.709411e-01  6.711492e-01  6.714791e-01  
6.720019e-01  6.728307e-01  6.741446e-01  6.762286e-01  6.795374e-01  6.848041e-01  
6.932408e-01  7.069591e-01  7.296592e-01  7.620863e-01  7.964853e-01  8.328438e-01  
8.710309e-01  9.107362e-01  9.515078e-01  9.930139e-01  1.034885e+00  1.076680e+00  
1.117800e+00  1.157840e+00  1.197280e+00  1.238280e+00  1.282430e+00  1.326240e+00  
1.362260e+00  1.375570e+00  1.389730e+00  1.403950e+00  1.424430e+00  1.430940e+00  
1.435710e+00  1.435830e+00  1.435990e+00  1.436450e+00  1.436270e+00  1.416920e+00  
8.743632e-01  8.743639e-01  8.743643e-01  8.743650e-01  8.743660e-01  8.743677e-01  
8.743703e-01  8.743744e-01  8.743809e-01  8.743913e-01  8.744078e-01  8.744339e-01  
8.744752e-01  8.745407e-01  8.746445e-01  8.748090e-01  8.750697e-01  8.754829e-01  
8.761378e-01  8.771761e-01  8.788219e-01  8.814324e-01  8.855762e-01  8.921693e-01  
9.027182e-01  9.198234e-01  9.479899e-01  9.879574e-01  1.030037e+00  1.074164e+00  
1.120140e+00  1.167553e+00  1.215866e+00  1.264655e+00  1.313508e+00  1.361960e+00  
1.409460e+00  1.455660e+00  1.500990e+00  1.547580e+00  1.597000e+00  1.645970e+00  
1.687980e+00  1.705120e+00  1.723580e+00  1.741240e+00  1.763790e+00  1.770740e+00  
1.776090e+00  1.776260e+00  1.776410e+00  1.776880e+00  1.776690e+00  1.756240e+00  
1.246147e+00  1.246148e+00  1.246149e+00  1.246150e+00  1.246151e+00  1.246154e+00  
1.246157e+00  1.246163e+00  1.246173e+00  1.246188e+00  1.246212e+00  1.246250e+00  
1.246311e+00  1.246407e+00  1.246559e+00  1.246799e+00  1.247181e+00  1.247785e+00  
1.248743e+00  1.250262e+00  1.252670e+00  1.256487e+00  1.262541e+00  1.272153e+00  
1.287451e+00  1.311946e+00  1.351419e+00  1.405898e+00  1.461377e+00  1.517643e+00  
1.574445e+00  1.631484e+00  1.688427e+00  1.744970e+00  1.800845e+00  1.856020e+00  
1.910830e+00  1.965450e+00  2.019290e+00  2.071680e+00  2.122500e+00  2.174120e+00  
2.228780e+00  2.256230e+00  2.281980e+00  2.300780e+00  2.322560e+00  2.328890e+00  
2.333860e+00  2.334300e+00  2.334650e+00  2.334780e+00  2.334730e+00  2.330230e+00  
1.581499e+00  1.581500e+00  1.581501e+00  1.581502e+00  1.581504e+00  1.581507e+00  
1.581512e+00  1.581520e+00  1.581532e+00  1.581552e+00  1.581582e+00  1.581631e+00  
1.581709e+00  1.581831e+00  1.582026e+00  1.582334e+00  1.582822e+00  1.583596e+00  
1.584823e+00  1.586767e+00  1.589849e+00  1.594735e+00  1.602480e+00  1.614758e+00  
1.634228e+00  1.665128e+00  1.714136e+00  1.780219e+00  1.845449e+00  1.909302e+00  
1.971610e+00  2.032524e+00  2.092430e+00  2.151586e+00  2.210473e+00  2.269310e+00  
2.327390e+00  2.384230e+00  2.440230e+00  2.495600e+00  2.550190e+00  2.604370e+00  
2.660920e+00  2.691650e+00  2.722260e+00  2.744150e+00  2.763450e+00  2.768130e+00  
2.772230e+00  2.773090e+00  2.773650e+00  2.773410e+00  2.773550e+00  2.786550e+00  
1.880758e+00  1.880760e+00  1.880761e+00  1.880762e+00  1.880765e+00  1.880768e+00  
1.880775e+00  1.880784e+00  1.880800e+00  1.880824e+00  1.880862e+00  1.880923e+00  
1.881020e+00  1.881172e+00  1.881415e+00  1.881799e+00  1.882409e+00  1.883375e+00  
1.884908e+00  1.887335e+00  1.891182e+00  1.897278e+00  1.906933e+00  1.922202e+00  
1.946270e+00  1.983907e+00  2.042065e+00  2.117860e+00  2.189690e+00  2.257392e+00  
2.321286e+00  2.382512e+00  2.442790e+00  2.502443e+00  2.561303e+00  2.619500e+00  
2.677530e+00  2.735600e+00  2.792780e+00  2.847550e+00  2.899460e+00  2.953350e+00  
3.014870e+00  3.047830e+00  3.079410e+00  3.101530e+00  3.119880e+00  3.123460e+00  
3.126360e+00  3.127290e+00  3.128260e+00  3.127870e+00  3.128090e+00  3.153980e+00  
2.153868e+00  2.153870e+00  2.153871e+00  2.153873e+00  2.153876e+00  2.153880e+00  
2.153887e+00  2.153898e+00  2.153916e+00  2.153944e+00  2.153989e+00  2.154060e+00  
2.154172e+00  2.154350e+00  2.154631e+00  2.155078e+00  2.155786e+00  2.156907e+00  
2.158685e+00  2.161502e+00  2.165968e+00  2.173042e+00  2.184240e+00  2.201925e+00  
2.229703e+00  2.272765e+00  2.338226e+00  2.421534e+00  2.498014e+00  2.567594e+00  
2.631053e+00  2.690411e+00  2.748660e+00  2.806457e+00  2.863673e+00  2.920460e+00  
2.977260e+00  3.034140e+00  3.090040e+00  3.143050e+00  3.192700e+00  3.245080e+00  
3.307420e+00  3.341530e+00  3.373610e+00  3.395340e+00  3.413090e+00  3.415760e+00  
3.417950e+00  3.419010e+00  3.420140e+00  3.419610e+00  3.419920e+00  3.452810e+00  
2.634972e+00  2.634974e+00  2.634976e+00  2.634978e+00  2.634981e+00  2.634987e+00  
2.634995e+00  2.635009e+00  2.635030e+00  2.635064e+00  2.635118e+00  2.635203e+00  
2.635338e+00  2.635552e+00  2.635892e+00  2.636430e+00  2.637282e+00  2.638633e+00  
2.640775e+00  2.644170e+00  2.649549e+00  2.658070e+00  2.671545e+00  2.692786e+00  
2.725983e+00  2.776788e+00  2.852142e+00  2.944528e+00  3.025007e+00  3.093790e+00  
3.152509e+00  3.204801e+00  3.255799e+00  3.306731e+00  3.357576e+00  3.408470e+00  
3.459730e+00  3.511260e+00  3.561990e+00  3.609970e+00  3.654630e+00  3.702420e+00  
3.760860e+00  3.793270e+00  3.823550e+00  3.844330e+00  3.863150e+00  3.865160e+00  
3.866960e+00  3.868030e+00  3.869140e+00  3.868620e+00  3.868990e+00  3.899150e+00  
3.048724e+00  3.048727e+00  3.048728e+00  3.048730e+00  3.048734e+00  3.048740e+00  
3.048749e+00  3.048764e+00  3.048788e+00  3.048825e+00  3.048885e+00  3.048979e+00  
3.049128e+00  3.049364e+00  3.049737e+00  3.050331e+00  3.051271e+00  3.052762e+00  
3.055125e+00  3.058870e+00  3.064803e+00  3.074200e+00  3.089052e+00  3.112426e+00  
3.148817e+00  3.203964e+00  3.284206e+00  3.379748e+00  3.459337e+00  3.523554e+00  
3.574758e+00  3.617901e+00  3.659686e+00  3.701802e+00  3.744291e+00  3.787280e+00  
3.831010e+00  3.875300e+00  3.919340e+00  3.961480e+00  4.001210e+00  4.043500e+00  
4.094200e+00  4.122120e+00  4.148770e+00  4.168610e+00  4.190030e+00  4.192390e+00  
4.194650e+00  4.195540e+00  4.196340e+00  4.196050e+00  4.196350e+00  4.211410e+00  
3.883776e+00  3.883779e+00  3.883780e+00  3.883783e+00  3.883787e+00  3.883793e+00  
3.883803e+00  3.883819e+00  3.883844e+00  3.883884e+00  3.883948e+00  3.884048e+00  
3.884207e+00  3.884460e+00  3.884860e+00  3.885494e+00  3.886498e+00  3.888091e+00  
3.890616e+00  3.894619e+00  3.900962e+00  3.911002e+00  3.926852e+00  3.951719e+00  
3.990134e+00  4.047183e+00  4.126904e+00  4.215883e+00  4.282388e+00  4.327868e+00  
4.356080e+00  4.374109e+00  4.391120e+00  4.409388e+00  4.429245e+00  4.450727e+00  
4.474010e+00  4.498930e+00  4.525260e+00  4.552320e+00  4.579520e+00  4.607460e+00  
4.636860e+00  4.652360e+00  4.669190e+00  4.686210e+00  4.712450e+00  4.716490e+00  
4.720620e+00  4.720780e+00  4.720500e+00  4.720930e+00  4.720870e+00  4.696080e+00  
4.531825e+00  4.531828e+00  4.531829e+00  4.531831e+00  4.531835e+00  4.531841e+00  
4.531851e+00  4.531866e+00  4.531889e+00  4.531927e+00  4.531987e+00  4.532081e+00  
4.532232e+00  4.532469e+00  4.532846e+00  4.533443e+00  4.534390e+00  4.535892e+00  
4.538273e+00  4.542048e+00  4.548030e+00  4.557496e+00  4.572420e+00  4.595762e+00  
4.631553e+00  4.683642e+00  4.753435e+00  4.825869e+00  4.872662e+00  4.895968e+00  
4.900479e+00  4.894386e+00  4.887966e+00  4.883885e+00  4.882569e+00  4.884081e+00  
4.888620e+00  4.896040e+00  4.906340e+00  4.919010e+00  4.933200e+00  4.947520e+00  
4.960670e+00  4.967530e+00  4.977060e+00  4.990370e+00  5.015750e+00  5.020610e+00  
5.025880e+00  5.025350e+00  5.024070e+00  5.025030e+00  5.024570e+00  4.981560e+00  
5.495291e+00  5.495293e+00  5.495295e+00  5.495297e+00  5.495301e+00  5.495306e+00  
5.495315e+00  5.495330e+00  5.495352e+00  5.495388e+00  5.495444e+00  5.495533e+00  
5.495675e+00  5.495901e+00  5.496258e+00  5.496825e+00  5.497723e+00  5.499149e+00  
5.501410e+00  5.504997e+00  5.510675e+00  5.519638e+00  5.533678e+00  5.555292e+00  
5.587061e+00  5.627857e+00  5.667849e+00  5.686650e+00  5.675586e+00  5.649061e+00  
5.612544e+00  5.571303e+00  5.531388e+00  5.494548e+00  5.460846e+00  5.430104e+00  
5.402700e+00  5.378810e+00  5.358660e+00  5.342310e+00  5.331130e+00  5.330350e+00  
5.328320e+00  5.317090e+00  5.315590e+00  5.327480e+00  5.339300e+00  5.343140e+00  
5.348720e+00  5.347210e+00  5.345030e+00  5.346060e+00  5.345250e+00  5.309040e+00  
6.217771e+00  6.217773e+00  6.217774e+00  6.217775e+00  6.217777e+00  6.217781e+00  
6.217787e+00  6.217796e+00  6.217810e+00  6.217833e+00  6.217870e+00  6.217927e+00  
6.218019e+00  6.218164e+00  6.218393e+00  6.218758e+00  6.219337e+00  6.220258e+00  
6.221721e+00  6.224043e+00  6.227719e+00  6.233505e+00  6.242507e+00  6.256138e+00  
6.275295e+00  6.296309e+00  6.305653e+00  6.284299e+00  6.233853e+00  6.167649e+00  
6.092067e+00  6.013969e+00  5.940963e+00  5.874686e+00  5.814364e+00  5.758878e+00  
5.708240e+00  5.662540e+00  5.621820e+00  5.585760e+00  5.554950e+00  5.532990e+00  
5.514250e+00  5.500890e+00  5.493710e+00  5.495170e+00  5.495200e+00  5.498230e+00  
5.501980e+00  5.500330e+00  5.498200e+00  5.499000e+00  5.498280e+00  5.479280e+00  
6.786889e+00  6.786890e+00  6.786890e+00  6.786891e+00  6.786893e+00  6.786895e+00  
6.786898e+00  6.786903e+00  6.786912e+00  6.786925e+00  6.786946e+00  6.786980e+00  
6.787033e+00  6.787116e+00  6.787249e+00  6.787461e+00  6.787801e+00  6.788340e+00  
6.789199e+00  6.790568e+00  6.792732e+00  6.796111e+00  6.801277e+00  6.808768e+00  
6.817970e+00  6.822411e+00  6.803805e+00  6.743371e+00  6.654165e+00  6.551425e+00  
6.442153e+00  6.333578e+00  6.233687e+00  6.143542e+00  6.061518e+00  5.985688e+00  
5.916035e+00  5.852750e+00  5.795560e+00  5.743510e+00  5.696340e+00  5.656510e+00  
5.623130e+00  5.606990e+00  5.594290e+00  5.586790e+00  5.577060e+00  5.579420e+00  
5.580790e+00  5.579380e+00  5.578040e+00  5.578570e+00  5.578120e+00  5.571720e+00  
7.253293e+00  7.253293e+00  7.253294e+00  7.253294e+00  7.253295e+00  7.253296e+00  
7.253298e+00  7.253300e+00  7.253305e+00  7.253311e+00  7.253321e+00  7.253338e+00  
7.253364e+00  7.253407e+00  7.253475e+00  7.253583e+00  7.253758e+00  7.254039e+00  
7.254490e+00  7.255212e+00  7.256347e+00  7.258084e+00  7.260609e+00  7.263791e+00  
7.265698e+00  7.256858e+00  7.213274e+00  7.115380e+00  6.988498e+00  6.851992e+00  
6.713317e+00  6.579103e+00  6.456734e+00  6.346647e+00  6.246278e+00  6.153135e+00  
6.067365e+00  5.989340e+00  5.918450e+00  5.852940e+00  5.791720e+00  5.736850e+00  
5.690200e+00  5.669810e+00  5.651370e+00  5.636730e+00  5.619290e+00  5.621130e+00  
5.620040e+00  5.619080e+00  5.618930e+00  5.619180e+00  5.619100e+00  5.619200e+00  
7.981674e+00  7.981674e+00  7.981674e+00  7.981674e+00  7.981672e+00  7.981672e+00  
7.981671e+00  7.981670e+00  7.981668e+00  7.981665e+00  7.981660e+00  7.981653e+00  
7.981641e+00  7.981623e+00  7.981595e+00  7.981552e+00  7.981489e+00  7.981396e+00  
7.981256e+00  7.981041e+00  7.980681e+00  7.980015e+00  7.978652e+00  7.975364e+00  
7.965895e+00  7.934874e+00  7.846605e+00  7.679527e+00  7.483390e+00  7.287382e+00  
7.099264e+00  6.923346e+00  6.764334e+00  6.621578e+00  6.490756e+00  6.368760e+00  
6.256169e+00  6.153830e+00  6.060570e+00  5.973040e+00  5.888770e+00  5.810030e+00  
5.740910e+00  5.710860e+00  5.681610e+00  5.656470e+00  5.628350e+00  5.628600e+00  
5.623210e+00  5.623230e+00  5.625290e+00  5.625140e+00  5.625720e+00  5.629890e+00  
8.531396e+00  8.531395e+00  8.531395e+00  8.531394e+00  8.531393e+00  8.531391e+00  
8.531387e+00  8.531382e+00  8.531374e+00  8.531361e+00  8.531342e+00  8.531310e+00  
8.531260e+00  8.531183e+00  8.531061e+00  8.530872e+00  8.530575e+00  8.530115e+00  
8.529396e+00  8.528260e+00  8.526428e+00  8.523404e+00  8.518225e+00  8.508624e+00  
8.488195e+00  8.436323e+00  8.307174e+00  8.078545e+00  7.822598e+00  7.576721e+00  
7.348186e+00  7.138818e+00  6.950204e+00  6.780588e+00  6.624671e+00  6.478930e+00  
6.344364e+00  6.221950e+00  6.110430e+00  6.005180e+00  5.902910e+00  5.806180e+00  
5.719430e+00  5.680580e+00  5.642320e+00  5.610080e+00  5.575560e+00  5.573190e+00  
5.564640e+00  5.565470e+00  5.568910e+00  5.568410e+00  5.569370e+00  5.573620e+00  
9.547455e+00  9.547449e+00  9.547445e+00  9.547440e+00  9.547431e+00  9.547417e+00  
9.547394e+00  9.547358e+00  9.547302e+00  9.547211e+00  9.547070e+00  9.546845e+00  
9.546488e+00  9.545925e+00  9.545035e+00  9.543630e+00  9.541412e+00  9.537910e+00  
9.532374e+00  9.523596e+00  9.509643e+00  9.487457e+00  9.452131e+00  9.395805e+00  
9.305849e+00  9.161638e+00  8.930679e+00  8.616793e+00  8.304062e+00  7.995649e+00  
7.695642e+00  7.409882e+00  7.144585e+00  6.901670e+00  6.681617e+00  6.485020e+00  
6.313005e+00  6.164855e+00  6.034010e+00  5.903190e+00  5.761210e+00  5.625560e+00  
5.511940e+00  5.460070e+00  5.407690e+00  5.365480e+00  5.324300e+00  5.312380e+00  
5.301160e+00  5.301810e+00  5.305570e+00  5.305850e+00  5.304540e+00  5.309050e+00  
1.020564e+01  1.020563e+01  1.020563e+01  1.020562e+01  1.020560e+01  1.020558e+01  
1.020554e+01  1.020549e+01  1.020540e+01  1.020526e+01  1.020504e+01  1.020468e+01  
1.020412e+01  1.020325e+01  1.020184e+01  1.019964e+01  1.019616e+01  1.019066e+01  
1.018195e+01  1.016812e+01  1.014616e+01  1.011125e+01  1.005580e+01  9.967852e+00  
9.829283e+00  9.613983e+00  9.285848e+00  8.864657e+00  8.469655e+00  8.100199e+00  
7.755641e+00  7.435586e+00  7.140227e+00  6.868670e+00  6.619595e+00  6.391338e+00  
6.181593e+00  5.989231e+00  5.815691e+00  5.661300e+00  5.523140e+00  5.388240e+00  
5.245150e+00  5.174320e+00  5.112300e+00  5.071640e+00  5.024780e+00  5.009600e+00  
4.995500e+00  4.995900e+00  4.997890e+00  4.996740e+00  4.997060e+00  5.001550e+00  
1.087513e+01  1.087512e+01  1.087511e+01  1.087510e+01  1.087508e+01  1.087505e+01  
1.087500e+01  1.087493e+01  1.087481e+01  1.087462e+01  1.087432e+01  1.087384e+01  
1.087309e+01  1.087191e+01  1.087004e+01  1.086709e+01  1.086243e+01  1.085508e+01  
1.084339e+01  1.082481e+01  1.079528e+01  1.074830e+01  1.067359e+01  1.055523e+01  
1.036924e+01  1.008231e+01  9.650624e+00  9.104262e+00  8.599963e+00  8.136105e+00  
7.711330e+00  7.323410e+00  6.970654e+00  6.650835e+00  6.360972e+00  6.097537e+00  
5.855598e+00  5.631920e+00  5.427404e+00  5.242660e+00  5.074790e+00  4.911860e+00  
4.744570e+00  4.663420e+00  4.591790e+00  4.543220e+00  4.485070e+00  4.467090e+00  
4.454850e+00  4.453860e+00  4.452150e+00  4.451360e+00  4.450510e+00  4.456910e+00  
1.122935e+01  1.122934e+01  1.122933e+01  1.122931e+01  1.122929e+01  1.122925e+01  
1.122920e+01  1.122911e+01  1.122897e+01  1.122875e+01  1.122840e+01  1.122785e+01  
1.122697e+01  1.122559e+01  1.122342e+01  1.121999e+01  1.121458e+01  1.120600e+01  
1.119235e+01  1.117065e+01  1.113608e+01  1.108104e+01  1.099345e+01  1.085478e+01  
1.063712e+01  1.030297e+01  9.803896e+00  9.176937e+00  8.603887e+00  8.081370e+00  
7.607461e+00  7.178663e+00  6.791546e+00  6.442693e+00  6.128159e+00  5.843196e+00  
5.581304e+00  5.338035e+00  5.113750e+00  4.908827e+00  4.720840e+00  4.538180e+00  
4.352570e+00  4.262630e+00  4.181820e+00  4.125220e+00  4.058710e+00  4.039750e+00  
4.029340e+00  4.027410e+00  4.023560e+00  4.023310e+00  4.022170e+00  4.028560e+00  
1.143208e+01  1.143206e+01  1.143205e+01  1.143204e+01  1.143201e+01  1.143197e+01  
1.143191e+01  1.143181e+01  1.143166e+01  1.143141e+01  1.143102e+01  1.143040e+01  
1.142943e+01  1.142790e+01  1.142548e+01  1.142168e+01  1.141567e+01  1.140613e+01  
1.139091e+01  1.136670e+01  1.132810e+01  1.126655e+01  1.116860e+01  1.101363e+01  
1.077093e+01  1.040083e+01  9.853760e+00  9.173698e+00  8.560135e+00  8.006614e+00  
7.508333e+00  7.058970e+00  6.652063e+00  6.283487e+00  5.949512e+00  5.645841e+00  
5.366694e+00  5.107628e+00  4.867255e+00  4.642706e+00  4.431610e+00  4.232120e+00  
4.044150e+00  3.954600e+00  3.864740e+00  3.792590e+00  3.720810e+00  3.703720e+00  
3.691710e+00  3.689240e+00  3.684640e+00  3.683940e+00  3.684790e+00  3.689110e+00  
1.156252e+01  1.156250e+01  1.156249e+01  1.156248e+01  1.156245e+01  1.156241e+01  
1.156234e+01  1.156224e+01  1.156207e+01  1.156180e+01  1.156138e+01  1.156072e+01  
1.155969e+01  1.155805e+01  1.155548e+01  1.155142e+01  1.154501e+01  1.153479e+01  
1.151850e+01  1.149254e+01  1.145109e+01  1.138490e+01  1.127960e+01  1.111295e+01  
1.085240e+01  1.045656e+01  9.874725e+00  9.155086e+00  8.510497e+00  7.932799e+00  
7.415038e+00  6.949228e+00  6.527593e+00  6.145374e+00  5.798709e+00  5.483119e+00  
5.192779e+00  4.923112e+00  4.672335e+00  4.437109e+00  4.214716e+00  4.003280e+00  
3.801790e+00  3.704800e+00  3.607500e+00  3.529600e+00  3.452890e+00  3.435150e+00  
3.421500e+00  3.418580e+00  3.413950e+00  3.413540e+00  3.414880e+00  3.417430e+00  
1.168911e+01  1.168909e+01  1.168908e+01  1.168906e+01  1.168903e+01  1.168899e+01  
1.168892e+01  1.168880e+01  1.168862e+01  1.168834e+01  1.168788e+01  1.168718e+01  
1.168606e+01  1.168432e+01  1.168158e+01  1.167726e+01  1.167040e+01  1.165943e+01  
1.164192e+01  1.161391e+01  1.156902e+01  1.149725e+01  1.138297e+01  1.120200e+01  
1.091965e+01  1.049235e+01  9.868053e+00  9.099582e+00  8.416188e+00  7.808147e+00  
7.265387e+00  6.778125e+00  6.337321e+00  5.937741e+00  5.575158e+00  5.244785e+00  
4.940575e+00  4.657655e+00  4.393603e+00  4.144242e+00  3.905851e+00  3.676310e+00  
3.453230e+00  3.343780e+00  3.233680e+00  3.145640e+00  3.059810e+00  3.039730e+00  
3.022190e+00  3.018910e+00  3.015270e+00  3.015340e+00  3.016890e+00  3.015860e+00  
1.172726e+01  1.172724e+01  1.172723e+01  1.172721e+01  1.172718e+01  1.172713e+01  
1.172706e+01  1.172694e+01  1.172675e+01  1.172646e+01  1.172599e+01  1.172527e+01  
1.172413e+01  1.172235e+01  1.171956e+01  1.171517e+01  1.170812e+01  1.169684e+01  
1.167880e+01  1.164981e+01  1.160319e+01  1.152858e+01  1.140955e+01  1.122107e+01  
1.092730e+01  1.048348e+01  9.836919e+00  9.042594e+00  8.338418e+00  7.713467e+00  
7.156362e+00  6.656509e+00  6.204554e+00  5.795046e+00  5.423521e+00  5.084958e+00  
4.773129e+00  4.482874e+00  4.211262e+00  3.953367e+00  3.704580e+00  3.461872e+00  
3.222040e+00  3.102300e+00  2.981020e+00  2.883550e+00  2.788540e+00  2.765560e+00  
2.744580e+00  2.741350e+00  2.739040e+00  2.739360e+00  2.740490e+00  2.736780e+00  
1.168158e+01  1.168156e+01  1.168155e+01  1.168153e+01  1.168150e+01  1.168145e+01  
1.168138e+01  1.168125e+01  1.168107e+01  1.168077e+01  1.168031e+01  1.167960e+01  
1.167849e+01  1.167679e+01  1.167412e+01  1.166983e+01  1.166291e+01  1.165176e+01  
1.163368e+01  1.160427e+01  1.155675e+01  1.148023e+01  1.135768e+01  1.116382e+01  
1.086186e+01  1.040661e+01  9.743992e+00  8.930612e+00  8.211407e+00  7.571405e+00  
7.000007e+00  6.486908e+00  6.023348e+00  5.603775e+00  5.223377e+00  4.876857e+00  
4.557723e+00  4.260327e+00  3.980818e+00  3.712745e+00  3.449393e+00  3.184558e+00  
2.911970e+00  2.770610e+00  2.623940e+00  2.503250e+00  2.384230e+00  2.354380e+00  
2.328950e+00  2.326390e+00  2.325610e+00  2.325580e+00  2.324810e+00  2.321420e+00  
1.157672e+01  1.157669e+01  1.157668e+01  1.157666e+01  1.157663e+01  1.157658e+01  
1.157651e+01  1.157639e+01  1.157622e+01  1.157594e+01  1.157550e+01  1.157485e+01  
1.157384e+01  1.157230e+01  1.156986e+01  1.156588e+01  1.155939e+01  1.154880e+01  
1.153135e+01  1.150266e+01  1.145600e+01  1.138022e+01  1.125885e+01  1.106681e+01  
1.076829e+01  1.031908e+01  9.663536e+00  8.858088e+00  8.144524e+00  7.506059e+00  
6.933811e+00  6.418879e+00  5.953692e+00  5.532844e+00  5.151454e+00  4.804115e+00  
4.484251e+00  4.185988e+00  3.904744e+00  3.632817e+00  3.361676e+00  3.081963e+00  
2.783108e+00  2.623440e+00  2.453740e+00  2.310340e+00  2.166330e+00  2.130880e+00  
2.105400e+00  2.103300e+00  2.101040e+00  2.099840e+00  2.097520e+00  2.101750e+00  
1.137962e+01  1.137960e+01  1.137959e+01  1.137957e+01  1.137955e+01  1.137950e+01  
1.137943e+01  1.137932e+01  1.137917e+01  1.137892e+01  1.137857e+01  1.137806e+01  
1.137730e+01  1.137614e+01  1.137420e+01  1.137094e+01  1.136547e+01  1.135610e+01  
1.134007e+01  1.131327e+01  1.126856e+01  1.119549e+01  1.107829e+01  1.089323e+01  
1.060717e+01  1.017733e+01  9.549838e+00  8.776325e+00  8.084261e+00  7.459586e+00  
6.895975e+00  6.387267e+00  5.928125e+00  5.513375e+00  5.137636e+00  4.794867e+00  
4.477576e+00  4.179695e+00  3.898102e+00  3.627708e+00  3.357752e+00  3.063132e+00  
2.717482e+00  2.522610e+00  2.314520e+00  2.134630e+00  1.939810e+00  1.895190e+00  
1.877800e+00  1.874000e+00  1.862300e+00  1.860100e+00  1.853650e+00  1.885520e+00  
1.120053e+01  1.120051e+01  1.120050e+01  1.120049e+01  1.120046e+01  1.120042e+01  
1.120035e+01  1.120026e+01  1.120013e+01  1.119993e+01  1.119968e+01  1.119934e+01  
1.119886e+01  1.119808e+01  1.119666e+01  1.119418e+01  1.118970e+01  1.118145e+01  
1.116690e+01  1.114174e+01  1.109895e+01  1.102887e+01  1.091624e+01  1.073956e+01  
1.046780e+01  1.005803e+01  9.465849e+00  8.730879e+00  8.066557e+00  7.462297e+00  
6.913504e+00  6.415672e+00  5.965058e+00  5.557235e+00  5.187484e+00  4.850553e+00  
4.539820e+00  4.248866e+00  3.971619e+00  3.697500e+00  3.413310e+00  3.101416e+00  
2.738079e+00  2.527697e+00  2.289380e+00  2.071380e+00  1.832260e+00  1.778750e+00  
1.759950e+00  1.757490e+00  1.741020e+00  1.734450e+00  1.732890e+00  1.782410e+00  
1.107856e+01  1.107854e+01  1.107853e+01  1.107852e+01  1.107849e+01  1.107846e+01  
1.107841e+01  1.107832e+01  1.107822e+01  1.107807e+01  1.107792e+01  1.107776e+01  
1.107756e+01  1.107712e+01  1.107621e+01  1.107443e+01  1.107074e+01  1.106339e+01  
1.104997e+01  1.102570e+01  1.098422e+01  1.091589e+01  1.080651e+01  1.063606e+01  
1.037463e+01  9.980995e+00  9.413957e+00  8.708388e+00  8.066221e+00  7.479174e+00  
6.943863e+00  6.456974e+00  6.015779e+00  5.616228e+00  5.253787e+00  4.923246e+00  
4.618054e+00  4.331669e+00  4.057732e+00  3.785031e+00  3.499067e+00  3.179587e+00  
2.797530e+00  2.569831e+00  2.304069e+00  2.054530e+00  1.773450e+00  1.710790e+00  
1.692340e+00  1.689820e+00  1.669250e+00  1.661230e+00  1.660320e+00  1.721270e+00  
1.098619e+01  1.098617e+01  1.098617e+01  1.098615e+01  1.098613e+01  1.098609e+01  
1.098604e+01  1.098598e+01  1.098590e+01  1.098582e+01  1.098579e+01  1.098580e+01  
1.098584e+01  1.098573e+01  1.098533e+01  1.098416e+01  1.098108e+01  1.097452e+01  
1.096177e+01  1.093800e+01  1.089724e+01  1.082982e+01  1.072268e+01  1.055695e+01  
1.030188e+01  9.924181e+00  9.378341e+00  8.696993e+00  8.074086e+00  7.502555e+00  
6.979877e+00  6.503500e+00  6.071449e+00  5.679929e+00  5.324570e+00  5.000281e+00  
4.700531e+00  4.418728e+00  4.148351e+00  3.877769e+00  3.591532e+00  3.267239e+00  
2.871039e+00  2.629079e+00  2.339442e+00  2.061200e+00  1.740970e+00  1.668880e+00  
1.648740e+00  1.646250e+00  1.623330e+00  1.614470e+00  1.614000e+00  1.680900e+00  
1.085517e+01  1.085515e+01  1.085515e+01  1.085513e+01  1.085511e+01  1.085509e+01  
1.085505e+01  1.085503e+01  1.085501e+01  1.085506e+01  1.085526e+01  1.085564e+01  
1.085613e+01  1.085669e+01  1.085720e+01  1.085700e+01  1.085492e+01  1.084951e+01  
1.083724e+01  1.081392e+01  1.077333e+01  1.070662e+01  1.060237e+01  1.044300e+01  
1.019825e+01  9.846479e+00  9.334561e+00  8.691110e+00  8.099730e+00  7.554452e+00  
7.053853e+00  6.596383e+00  6.180897e+00  5.804113e+00  5.461879e+00  5.149305e+00  
4.859888e+00  4.587020e+00  4.324035e+00  4.058856e+00  3.774707e+00  3.445960e+00  
3.030371e+00  2.766180e+00  2.436646e+00  2.107800e+00  1.716660e+00  1.625670e+00  
1.597890e+00  1.595190e+00  1.570220e+00  1.560660e+00  1.560740e+00  1.631450e+00  
1.076760e+01  1.076759e+01  1.076758e+01  1.076757e+01  1.076755e+01  1.076753e+01  
1.076752e+01  1.076752e+01  1.076758e+01  1.076779e+01  1.076824e+01  1.076894e+01  
1.076987e+01  1.077110e+01  1.077238e+01  1.077292e+01  1.077173e+01  1.076685e+01  
1.075461e+01  1.073114e+01  1.068990e+01  1.062333e+01  1.052099e+01  1.036328e+01  
1.013067e+01  9.797610e+00  9.310965e+00  8.696069e+00  8.129175e+00  7.604948e+00  
7.122556e+00  6.681041e+00  6.279792e+00  5.915823e+00  5.585224e+00  5.283184e+00  
5.003273e+00  4.738858e+00  4.483269e+00  4.224232e+00  3.944215e+00  3.615276e+00  
3.188241e+00  2.907776e+00  2.546221e+00  2.174251e+00  1.719820e+00  1.610280e+00  
1.571020e+00  1.567690e+00  1.542440e+00  1.532910e+00  1.533270e+00  1.602530e+00  
1.064384e+01  1.064383e+01  1.064382e+01  1.064381e+01  1.064381e+01  1.064381e+01  
1.064385e+01  1.064397e+01  1.064427e+01  1.064490e+01  1.064594e+01  1.064741e+01  
1.064950e+01  1.065221e+01  1.065494e+01  1.065699e+01  1.065710e+01  1.065209e+01  
1.063920e+01  1.061360e+01  1.057024e+01  1.050332e+01  1.040224e+01  1.024948e+01  
1.004014e+01  9.736858e+00  9.290607e+00  8.723796e+00  8.198891e+00  7.711871e+00  
7.262643e+00  6.850990e+00  6.477031e+00  6.138241e+00  5.831053e+00  5.550912e+00  
5.291291e+00  5.045578e+00  4.807329e+00  4.564353e+00  4.298284e+00  3.978268e+00  
3.542486e+00  3.237853e+00  2.819719e+00  2.364651e+00  1.774690e+00  1.620640e+00  
1.543910e+00  1.537460e+00  1.514430e+00  1.506250e+00  1.506760e+00  1.564350e+00  
1.058311e+01  1.058310e+01  1.058309e+01  1.058309e+01  1.058310e+01  1.058314e+01  
1.058325e+01  1.058352e+01  1.058412e+01  1.058517e+01  1.058675e+01  1.058903e+01  
1.059221e+01  1.059605e+01  1.059986e+01  1.060307e+01  1.060315e+01  1.059755e+01  
1.058286e+01  1.055463e+01  1.050921e+01  1.044176e+01  1.033544e+01  1.019491e+01  
9.999160e+00  9.713483e+00  9.291288e+00  8.754407e+00  8.256268e+00  7.793810e+00  
7.367160e+00  6.976484e+00  6.622210e+00  6.302108e+00  6.012825e+00  5.749912e+00  
5.506829e+00  5.276953e+00  5.054143e+00  4.826487e+00  4.575618e+00  4.269600e+00  
3.838530e+00  3.522842e+00  3.069150e+00  2.554025e+00  1.852300e+00  1.657230e+00  
1.538770e+00  1.527810e+00  1.507100e+00  1.500560e+00  1.500610e+00  1.545480e+00  
1.053145e+01  1.053145e+01  1.053144e+01  1.053146e+01  1.053151e+01  1.053164e+01  
1.053194e+01  1.053259e+01  1.053379e+01  1.053562e+01  1.053829e+01  1.054217e+01  
1.054712e+01  1.055256e+01  1.055819e+01  1.056182e+01  1.056095e+01  1.055288e+01  
1.053361e+01  1.050086e+01  1.045245e+01  1.037502e+01  1.027615e+01  1.014866e+01  
9.967951e+00  9.701928e+00  9.307160e+00  8.805032e+00  8.339282e+00  7.907686e+00  
7.510435e+00  7.147917e+00  6.820800e+00  6.527164e+00  6.263970e+00  6.026955e+00  
5.809571e+00  5.605256e+00  5.408389e+00  5.207637e+00  4.984985e+00  4.708325e+00  
4.298968e+00  3.978711e+00  3.488189e+00  2.895180e+00  2.018190e+00  1.750430e+00  
1.548230e+00  1.526180e+00  1.506550e+00  1.502320e+00  1.500220e+00  1.527080e+00  
1.051552e+01  1.051552e+01  1.051552e+01  1.051556e+01  1.051567e+01  1.051591e+01  
1.051646e+01  1.051754e+01  1.051929e+01  1.052187e+01  1.052571e+01  1.053093e+01  
1.053714e+01  1.054399e+01  1.055039e+01  1.055336e+01  1.055101e+01  1.053942e+01  
1.051624e+01  1.048017e+01  1.042667e+01  1.034589e+01  1.025449e+01  1.013382e+01  
9.960867e+00  9.704906e+00  9.324551e+00  8.841301e+00  8.394090e+00  7.980989e+00  
7.602113e+00  7.257799e+00  6.948666e+00  6.673024e+00  6.428033e+00  6.209683e+00  
6.011474e+00  5.826995e+00  5.651006e+00  5.472424e+00  5.273615e+00  5.022830e+00  
4.637940e+00  4.323328e+00  3.821445e+00  3.185926e+00  2.179218e+00  1.847490e+00  
1.565240e+00  1.530990e+00  1.508440e+00  1.505240e+00  1.500310e+00  1.517890e+00  
1.052051e+01  1.052051e+01  1.052053e+01  1.052060e+01  1.052078e+01  1.052116e+01  
1.052199e+01  1.052349e+01  1.052576e+01  1.052914e+01  1.053403e+01  1.054038e+01  
1.054761e+01  1.055555e+01  1.056176e+01  1.056395e+01  1.055935e+01  1.054439e+01  
1.051782e+01  1.047927e+01  1.041488e+01  1.034033e+01  1.025265e+01  1.013493e+01  
9.964707e+00  9.712192e+00  9.337928e+00  8.864788e+00  8.429523e+00  8.029795e+00  
7.664871e+00  7.334169e+00  7.037368e+00  6.773237e+00  6.539999e+00  6.335041e+00  
6.153976e+00  5.991161e+00  5.838587e+00  5.678742e+00  5.489442e+00  5.245059e+00  
4.875834e+00  4.580800e+00  4.111900e+00  3.477396e+00  2.324725e+00  1.921040e+00  
1.587600e+00  1.543280e+00  1.508630e+00  1.506020e+00  1.502200e+00  1.512380e+00  
1.052082e+01  1.052084e+01  1.052088e+01  1.052098e+01  1.052124e+01  1.052179e+01  
1.052291e+01  1.052480e+01  1.052760e+01  1.053179e+01  1.053764e+01  1.054487e+01  
1.055310e+01  1.056164e+01  1.056739e+01  1.056858e+01  1.056148e+01  1.054366e+01  
1.051456e+01  1.047334e+01  1.040411e+01  1.033385e+01  1.024939e+01  1.013461e+01  
9.967512e+00  9.718914e+00  9.350388e+00  8.885146e+00  8.458024e+00  8.066838e+00  
7.710795e+00  7.389334e+00  7.102024e+00  6.847715e+00  6.624748e+00  6.430592e+00  
6.260889e+00  6.110237e+00  5.971496e+00  5.828506e+00  5.659442e+00  5.435609e+00  
5.083948e+00  4.796802e+00  4.334948e+00  3.696251e+00  2.473929e+00  2.011348e+00  
1.602750e+00  1.549380e+00  1.511430e+00  1.506320e+00  1.503580e+00  1.508740e+00  
1.052154e+01  1.052158e+01  1.052166e+01  1.052186e+01  1.052231e+01  1.052325e+01  
1.052495e+01  1.052757e+01  1.053147e+01  1.053716e+01  1.054462e+01  1.055332e+01  
1.056319e+01  1.057166e+01  1.057643e+01  1.057469e+01  1.056296e+01  1.054048e+01  
1.050807e+01  1.045140e+01  1.038998e+01  1.032540e+01  1.024553e+01  1.013501e+01  
9.972427e+00  9.729342e+00  9.368504e+00  8.913540e+00  8.496652e+00  8.116068e+00  
7.771247e+00  7.461966e+00  7.188038e+00  6.948290e+00  6.740864e+00  6.562860e+00  
6.409098e+00  6.274189e+00  6.153243e+00  6.034328e+00  5.898734e+00  5.714075e+00  
5.402695e+00  5.135182e+00  4.689304e+00  4.046831e+00  2.734367e+00  2.190715e+00  
1.637590e+00  1.559310e+00  1.512820e+00  1.509490e+00  1.501230e+00  1.504240e+00  
1.054519e+01  1.054527e+01  1.054540e+01  1.054570e+01  1.054639e+01  1.054774e+01  
1.054998e+01  1.055332e+01  1.055834e+01  1.056534e+01  1.057400e+01  1.058409e+01  
1.059469e+01  1.060251e+01  1.060583e+01  1.060060e+01  1.058491e+01  1.055894e+01  
1.052192e+01  1.045858e+01  1.040182e+01  1.033987e+01  1.026135e+01  1.015094e+01  
9.987239e+00  9.742206e+00  9.379937e+00  8.926269e+00  8.513872e+00  8.140350e+00  
7.804358e+00  7.504628e+00  7.239890e+00  7.008883e+00  6.809947e+00  6.640363e+00  
6.495152e+00  6.370154e+00  6.264071e+00  6.171810e+00  6.076221e+00  5.925051e+00  
5.623676e+00  5.363336e+00  4.949541e+00  4.343999e+00  2.971542e+00  2.344694e+00  
1.669700e+00  1.573810e+00  1.514310e+00  1.506780e+00  1.501500e+00  1.501510e+00  
1.053656e+01  1.053676e+01  1.053706e+01  1.053774e+01  1.053911e+01  1.054143e+01  
1.054491e+01  1.055017e+01  1.055765e+01  1.056713e+01  1.057830e+01  1.059063e+01  
1.060066e+01  1.060664e+01  1.060455e+01  1.059202e+01  1.056934e+01  1.053817e+01  
1.047824e+01  1.042761e+01  1.037859e+01  1.032265e+01  1.024922e+01  1.014360e+01  
9.985118e+00  9.746678e+00  9.393484e+00  8.950781e+00  8.548135e+00  8.183613e+00  
7.856032e+00  7.564371e+00  7.307703e+00  7.085485e+00  6.897169e+00  6.741495e+00  
6.615795e+00  6.517118e+00  6.441915e+00  6.379128e+00  6.310306e+00  6.201308e+00  
5.974328e+00  5.762598e+00  5.407763e+00  4.859807e+00  3.456153e+00  2.685467e+00  
1.754330e+00  1.614120e+00  1.515360e+00  1.506560e+00  1.490970e+00  1.497890e+00  
1.053320e+01  1.053359e+01  1.053412e+01  1.053524e+01  1.053730e+01  1.054048e+01  
1.054527e+01  1.055233e+01  1.056175e+01  1.057302e+01  1.058625e+01  1.059864e+01  
1.060766e+01  1.061036e+01  1.060288e+01  1.058486e+01  1.055844e+01  1.050795e+01  
1.045594e+01  1.041157e+01  1.036712e+01  1.031486e+01  1.024456e+01  1.014195e+01  
9.986750e+00  9.752068e+00  9.403064e+00  8.964793e+00  8.565458e+00  8.203705e+00  
7.878803e+00  7.590332e+00  7.338092e+00  7.121634e+00  6.940397e+00  6.792923e+00  
6.676271e+00  6.587774e+00  6.525931e+00  6.483474e+00  6.444754e+00  6.372252e+00  
6.192035e+00  6.013928e+00  5.700233e+00  5.203493e+00  3.834552e+00  2.982361e+00  
1.835990e+00  1.652340e+00  1.520210e+00  1.504490e+00  1.491860e+00  1.496100e+00  
1.054602e+01  1.054691e+01  1.054801e+01  1.055008e+01  1.055336e+01  1.055827e+01  
1.056562e+01  1.057559e+01  1.058770e+01  1.060212e+01  1.061640e+01  1.062753e+01  
1.063286e+01  1.062796e+01  1.061223e+01  1.058777e+01  1.054173e+01  1.048843e+01  
1.044661e+01  1.040891e+01  1.036927e+01  1.032030e+01  1.025208e+01  1.015056e+01  
9.995684e+00  9.760782e+00  9.411631e+00  8.974591e+00  8.577956e+00  8.220231e+00  
7.900378e+00  7.617546e+00  7.371203e+00  7.160884e+00  6.986086e+00  6.845389e+00  
6.735887e+00  6.655958e+00  6.607623e+00  6.590545e+00  6.594446e+00  6.575427e+00  
6.457241e+00  6.323478e+00  6.080398e+00  5.656655e+00  4.350390e+00  3.465313e+00  
2.005036e+00  1.741170e+00  1.531830e+00  1.511140e+00  1.488210e+00  1.494300e+00  
1.053190e+01  1.053345e+01  1.053520e+01  1.053814e+01  1.054257e+01  1.054928e+01  
1.055879e+01  1.057082e+01  1.058526e+01  1.060121e+01  1.061477e+01  1.062401e+01  
1.062413e+01  1.061312e+01  1.059198e+01  1.056270e+01  1.050088e+01  1.045660e+01  
1.042052e+01  1.038720e+01  1.035101e+01  1.030493e+01  1.023948e+01  1.014106e+01  
9.990086e+00  9.760152e+00  9.416753e+00  8.984803e+00  8.590887e+00  8.234411e+00  
7.915047e+00  7.632883e+00  7.388250e+00  7.180609e+00  7.009030e+00  6.872532e+00  
6.769937e+00  6.700537e+00  6.664551e+00  6.657081e+00  6.667430e+00  6.669282e+00  
6.602530e+00  6.505792e+00  6.317317e+00  5.978247e+00  4.747889e+00  3.756232e+00  
2.175803e+00  1.862040e+00  1.544840e+00  1.502980e+00  1.490510e+00  1.493410e+00  
1.052991e+01  1.053225e+01  1.053463e+01  1.053836e+01  1.054399e+01  1.055235e+01  
1.056365e+01  1.057733e+01  1.059369e+01  1.060965e+01  1.062235e+01  1.062857e+01  
1.062388e+01  1.060797e+01  1.058375e+01  1.053366e+01  1.048164e+01  1.044267e+01  
1.041032e+01  1.037975e+01  1.034552e+01  1.030085e+01  1.023642e+01  1.013883e+01  
9.988683e+00  9.759861e+00  9.418291e+00  8.988811e+00  8.597214e+00  8.242718e+00  
7.924952e+00  7.643987e+00  7.400174e+00  7.193521e+00  7.023932e+00  6.890843e+00  
6.792467e+00  6.727546e+00  6.696337e+00  6.693986e+00  6.711753e+00  6.731833e+00  
6.710753e+00  6.647368e+00  6.478011e+00  6.149948e+00  5.033869e+00  4.088920e+00  
2.312372e+00  1.937210e+00  1.567960e+00  1.519430e+00  1.488340e+00  1.492880e+00  
1.053035e+01  1.053357e+01  1.053655e+01  1.054104e+01  1.054790e+01  1.055775e+01  
1.057044e+01  1.058573e+01  1.060317e+01  1.061866e+01  1.063015e+01  1.063286e+01  
1.062404e+01  1.060445e+01  1.057779e+01  1.051573e+01  1.046977e+01  1.043453e+01  
1.040493e+01  1.037636e+01  1.034354e+01  1.029986e+01  1.023613e+01  1.013912e+01  
9.989532e+00  9.761363e+00  9.420692e+00  8.992293e+00  8.601694e+00  8.248127e+00  
7.931222e+00  7.651036e+00  7.407922e+00  7.202039e+00  7.033467e+00  6.902028e+00  
6.806412e+00  6.745678e+00  6.719579e+00  6.721986e+00  6.745002e+00  6.779630e+00  
6.792370e+00  6.750876e+00  6.596623e+00  6.273571e+00  5.244038e+00  4.370940e+00  
2.451506e+00  2.012275e+00  1.583240e+00  1.535660e+00  1.489880e+00  1.492530e+00  
1.053074e+01  1.053587e+01  1.053991e+01  1.054604e+01  1.055514e+01  1.056745e+01  
1.058242e+01  1.060039e+01  1.061804e+01  1.063244e+01  1.064006e+01  1.063637e+01  
1.062073e+01  1.059683e+01  1.054496e+01  1.049185e+01  1.045334e+01  1.042331e+01  
1.039750e+01  1.037162e+01  1.034068e+01  1.029827e+01  1.023544e+01  1.013909e+01  
9.990082e+00  9.762544e+00  9.422741e+00  8.995600e+00  8.606402e+00  8.254354e+00  
7.939106e+00  7.660711e+00  7.419515e+00  7.215711e+00  7.049478e+00  6.920737e+00  
6.828319e+00  6.771484e+00  6.750293e+00  6.759147e+00  6.791540e+00  6.842475e+00  
6.887183e+00  6.873979e+00  6.764492e+00  6.496014e+00  5.569372e+00  4.742839e+00  
2.716215e+00  2.182883e+00  1.619650e+00  1.551080e+00  1.491430e+00  1.492090e+00  
1.053070e+01  1.053780e+01  1.054235e+01  1.055057e+01  1.056170e+01  1.057587e+01  
1.059299e+01  1.061159e+01  1.062947e+01  1.064277e+01  1.064495e+01  1.063572e+01  
1.061555e+01  1.058798e+01  1.052141e+01  1.047594e+01  1.044226e+01  1.041577e+01  
1.039256e+01  1.036852e+01  1.033889e+01  1.029746e+01  1.023547e+01  1.013995e+01  
9.991841e+00  9.765120e+00  9.425564e+00  8.997973e+00  8.608214e+00  8.256425e+00  
7.942247e+00  7.665579e+00  7.426603e+00  7.225238e+00  7.061365e+00  6.934583e+00  
6.843743e+00  6.788276e+00  6.769034e+00  6.782127e+00  6.822317e+00  6.883159e+00  
6.943974e+00  6.949380e+00  6.876844e+00  6.654963e+00  5.798599e+00  5.021631e+00  
2.949230e+00  2.343333e+00  1.660100e+00  1.562380e+00  1.494390e+00  1.491820e+00  
