6.034884e-01  6.034889e-01  6.034892e-01  6.034896e-01  6.034903e-01  6.034915e-01  
6.034932e-01  6.034961e-01  6.035006e-01  6.035077e-01  6.035190e-01  6.035369e-01  
6.035652e-01  6.036101e-01  6.036814e-01  6.037942e-01  6.039731e-01  6.042566e-01  
6.047058e-01  6.054180e-01  6.065472e-01  6.083381e-01  6.111817e-01  6.157089e-01  
6.229650e-01  6.347778e-01  6.543518e-01  6.822939e-01  7.117781e-01  7.426623e-01  
7.749958e-01  8.089358e-01  8.447382e-01  8.828781e-01  9.241534e-01  9.694400e-01  
1.019250e+00  1.073300e+00  1.128890e+00  1.178970e+00  1.215500e+00  1.237600e+00  
1.252230e+00  1.261250e+00  1.269160e+00  1.272320e+00  1.269480e+00  1.268510e+00  
1.268550e+00  1.268550e+00  1.268400e+00  1.268370e+00  1.268350e+00  1.268360e+00  
8.512794e-01  8.512801e-01  8.512805e-01  8.512811e-01  8.512822e-01  8.512838e-01  
8.512863e-01  8.512904e-01  8.512968e-01  8.513070e-01  8.513231e-01  8.513486e-01  
8.513892e-01  8.514534e-01  8.515553e-01  8.517167e-01  8.519725e-01  8.523778e-01  
8.530204e-01  8.540390e-01  8.556540e-01  8.582156e-01  8.622839e-01  8.687643e-01  
8.791638e-01  8.961421e-01  9.243385e-01  9.643831e-01  1.005880e+00  1.048017e+00  
1.090912e+00  1.135174e+00  1.181659e+00  1.230661e+00  1.282236e+00  1.336820e+00  
1.395540e+00  1.458630e+00  1.523080e+00  1.581140e+00  1.623760e+00  1.648330e+00  
1.660420e+00  1.666960e+00  1.672880e+00  1.675200e+00  1.671640e+00  1.671490e+00  
1.673990e+00  1.674320e+00  1.674140e+00  1.674100e+00  1.674060e+00  1.674090e+00  
1.087305e+00  1.087306e+00  1.087306e+00  1.087307e+00  1.087309e+00  1.087311e+00  
1.087314e+00  1.087320e+00  1.087329e+00  1.087342e+00  1.087364e+00  1.087399e+00  
1.087454e+00  1.087541e+00  1.087679e+00  1.087897e+00  1.088244e+00  1.088793e+00  
1.089663e+00  1.091042e+00  1.093227e+00  1.096693e+00  1.102188e+00  1.110911e+00  
1.124783e+00  1.146950e+00  1.182563e+00  1.231571e+00  1.281421e+00  1.332140e+00  
1.383797e+00  1.436689e+00  1.491187e+00  1.547496e+00  1.605820e+00  1.666620e+00  
1.730660e+00  1.797820e+00  1.864920e+00  1.924560e+00  1.968890e+00  1.998070e+00  
2.012840e+00  2.015270e+00  2.019870e+00  2.025320e+00  2.023940e+00  2.023860e+00  
2.026170e+00  2.026500e+00  2.026330e+00  2.026410e+00  2.026260e+00  2.026340e+00  
1.525583e+00  1.525584e+00  1.525585e+00  1.525586e+00  1.525588e+00  1.525591e+00  
1.525596e+00  1.525603e+00  1.525615e+00  1.525634e+00  1.525664e+00  1.525711e+00  
1.525786e+00  1.525905e+00  1.526094e+00  1.526393e+00  1.526867e+00  1.527618e+00  
1.528808e+00  1.530694e+00  1.533683e+00  1.538423e+00  1.545934e+00  1.557840e+00  
1.576709e+00  1.606608e+00  1.653959e+00  1.717866e+00  1.781303e+00  1.844187e+00  
1.906654e+00  1.969165e+00  2.032479e+00  2.096717e+00  2.161779e+00  2.227770e+00  
2.294980e+00  2.362920e+00  2.428770e+00  2.486780e+00  2.531210e+00  2.562690e+00  
2.582100e+00  2.587310e+00  2.593660e+00  2.600710e+00  2.607220e+00  2.608350e+00  
2.607410e+00  2.607200e+00  2.607420e+00  2.607420e+00  2.607480e+00  2.607450e+00  
1.918081e+00  1.918083e+00  1.918084e+00  1.918085e+00  1.918087e+00  1.918091e+00  
1.918097e+00  1.918106e+00  1.918120e+00  1.918143e+00  1.918179e+00  1.918237e+00  
1.918328e+00  1.918473e+00  1.918702e+00  1.919066e+00  1.919642e+00  1.920555e+00  
1.922001e+00  1.924294e+00  1.927929e+00  1.933689e+00  1.942814e+00  1.957259e+00  
1.980080e+00  2.015962e+00  2.071975e+00  2.146103e+00  2.217888e+00  2.287285e+00  
2.354592e+00  2.420740e+00  2.487138e+00  2.553861e+00  2.620450e+00  2.686390e+00  
2.751000e+00  2.813260e+00  2.871660e+00  2.924340e+00  2.969160e+00  3.004830e+00  
3.029210e+00  3.036840e+00  3.045000e+00  3.053870e+00  3.067360e+00  3.070240e+00  
3.066680e+00  3.065580e+00  3.065930e+00  3.066240e+00  3.065810e+00  3.066110e+00  
2.270929e+00  2.270931e+00  2.270932e+00  2.270933e+00  2.270936e+00  2.270940e+00  
2.270947e+00  2.270958e+00  2.270974e+00  2.271001e+00  2.271043e+00  2.271109e+00  
2.271215e+00  2.271382e+00  2.271647e+00  2.272067e+00  2.272732e+00  2.273787e+00  
2.275459e+00  2.278108e+00  2.282306e+00  2.288958e+00  2.299489e+00  2.316121e+00  
2.342253e+00  2.382777e+00  2.444574e+00  2.524243e+00  2.599695e+00  2.671944e+00  
2.741251e+00  2.808264e+00  2.874007e+00  2.938676e+00  3.002322e+00  3.064780e+00  
3.125070e+00  3.182010e+00  3.234460e+00  3.281550e+00  3.322420e+00  3.356900e+00  
3.385370e+00  3.397730e+00  3.410190e+00  3.421830e+00  3.439380e+00  3.442140e+00  
3.437030e+00  3.435870e+00  3.436310e+00  3.436680e+00  3.436300e+00  3.436530e+00  
2.587891e+00  2.587893e+00  2.587894e+00  2.587896e+00  2.587899e+00  2.587904e+00  
2.587911e+00  2.587923e+00  2.587942e+00  2.587971e+00  2.588018e+00  2.588092e+00  
2.588210e+00  2.588396e+00  2.588691e+00  2.589159e+00  2.589901e+00  2.591077e+00  
2.592940e+00  2.595895e+00  2.600576e+00  2.607990e+00  2.619719e+00  2.638211e+00  
2.667127e+00  2.711437e+00  2.777585e+00  2.860665e+00  2.937385e+00  3.009677e+00  
3.078001e+00  3.143060e+00  3.205895e+00  3.266746e+00  3.325666e+00  3.382510e+00  
3.436500e+00  3.486690e+00  3.532540e+00  3.574290e+00  3.612380e+00  3.647250e+00  
3.679320e+00  3.694220e+00  3.709240e+00  3.722930e+00  3.743350e+00  3.746630e+00  
3.740900e+00  3.739580e+00  3.740090e+00  3.740500e+00  3.740060e+00  3.740340e+00  
3.137018e+00  3.137020e+00  3.137021e+00  3.137023e+00  3.137027e+00  3.137031e+00  
3.137039e+00  3.137052e+00  3.137072e+00  3.137103e+00  3.137153e+00  3.137232e+00  
3.137358e+00  3.137556e+00  3.137871e+00  3.138370e+00  3.139160e+00  3.140414e+00  
3.142400e+00  3.145548e+00  3.150538e+00  3.158442e+00  3.170948e+00  3.190673e+00  
3.221551e+00  3.268997e+00  3.339988e+00  3.428373e+00  3.507093e+00  3.576217e+00  
3.636645e+00  3.690713e+00  3.741672e+00  3.790122e+00  3.835806e+00  3.878680e+00  
3.919100e+00  3.957250e+00  3.993060e+00  4.027070e+00  4.060160e+00  4.093520e+00  
4.128380e+00  4.146400e+00  4.165160e+00  4.181730e+00  4.203280e+00  4.207420e+00  
4.203090e+00  4.201780e+00  4.202420e+00  4.202860e+00  4.202400e+00  4.202680e+00  
3.587596e+00  3.587599e+00  3.587600e+00  3.587602e+00  3.587606e+00  3.587612e+00  
3.587621e+00  3.587636e+00  3.587660e+00  3.587697e+00  3.587757e+00  3.587851e+00  
3.588000e+00  3.588236e+00  3.588610e+00  3.589202e+00  3.590143e+00  3.591633e+00  
3.593995e+00  3.597738e+00  3.603669e+00  3.613054e+00  3.627866e+00  3.651081e+00  
3.686825e+00  3.739430e+00  3.812102e+00  3.894171e+00  3.961323e+00  4.019275e+00  
4.069666e+00  4.113970e+00  4.154381e+00  4.191094e+00  4.223800e+00  4.252760e+00  
4.279350e+00  4.304810e+00  4.329760e+00  4.355680e+00  4.384390e+00  4.417200e+00  
4.454150e+00  4.473130e+00  4.492270e+00  4.508510e+00  4.529390e+00  4.533300e+00  
4.532070e+00  4.531850e+00  4.532370e+00  4.532480e+00  4.532560e+00  4.532520e+00  
4.462817e+00  4.462820e+00  4.462821e+00  4.462824e+00  4.462828e+00  4.462835e+00  
4.462845e+00  4.462862e+00  4.462888e+00  4.462929e+00  4.462995e+00  4.463098e+00  
4.463263e+00  4.463523e+00  4.463937e+00  4.464592e+00  4.465629e+00  4.467274e+00  
4.469882e+00  4.474016e+00  4.480566e+00  4.490921e+00  4.507227e+00  4.532626e+00  
4.571118e+00  4.625344e+00  4.693505e+00  4.759270e+00  4.801508e+00  4.830151e+00  
4.848546e+00  4.859967e+00  4.868509e+00  4.873964e+00  4.874738e+00  4.871119e+00  
4.868350e+00  4.870790e+00  4.879030e+00  4.892640e+00  4.911090e+00  4.934350e+00  
4.963300e+00  4.980710e+00  4.999440e+00  5.013450e+00  5.021290e+00  5.025410e+00  
5.034950e+00  5.036250e+00  5.036240e+00  5.036190e+00  5.036140e+00  5.036250e+00  
5.104518e+00  5.104521e+00  5.104523e+00  5.104525e+00  5.104529e+00  5.104536e+00  
5.104547e+00  5.104563e+00  5.104590e+00  5.104632e+00  5.104699e+00  5.104805e+00  
5.104973e+00  5.105238e+00  5.105659e+00  5.106327e+00  5.107386e+00  5.109067e+00  
5.111729e+00  5.115949e+00  5.122636e+00  5.133199e+00  5.149794e+00  5.175489e+00  
5.213819e+00  5.265382e+00  5.323199e+00  5.366662e+00  5.380397e+00  5.378414e+00  
5.365661e+00  5.346677e+00  5.326831e+00  5.305891e+00  5.281443e+00  5.253730e+00  
5.229640e+00  5.214830e+00  5.209570e+00  5.211780e+00  5.219110e+00  5.230410e+00  
5.246790e+00  5.258910e+00  5.273180e+00  5.282260e+00  5.276620e+00  5.280010e+00  
5.297680e+00  5.300170e+00  5.299680e+00  5.299500e+00  5.299330e+00  5.299560e+00  
6.017603e+00  6.017606e+00  6.017607e+00  6.017610e+00  6.017614e+00  6.017620e+00  
6.017630e+00  6.017646e+00  6.017670e+00  6.017710e+00  6.017772e+00  6.017872e+00  
6.018029e+00  6.018278e+00  6.018671e+00  6.019296e+00  6.020288e+00  6.021863e+00  
6.024359e+00  6.028319e+00  6.034588e+00  6.044477e+00  6.059932e+00  6.083544e+00  
6.117536e+00  6.158248e+00  6.189045e+00  6.183809e+00  6.141627e+00  6.084096e+00  
6.018270e+00  5.949842e+00  5.884888e+00  5.823644e+00  5.763450e+00  5.704047e+00  
5.651640e+00  5.611090e+00  5.582170e+00  5.561720e+00  5.546170e+00  5.533390e+00  
5.523690e+00  5.522440e+00  5.523990e+00  5.522050e+00  5.497800e+00  5.498710e+00  
5.522670e+00  5.526160e+00  5.525100e+00  5.524780e+00  5.524500e+00  5.524820e+00  
6.676204e+00  6.676206e+00  6.676208e+00  6.676210e+00  6.676213e+00  6.676218e+00  
6.676227e+00  6.676240e+00  6.676261e+00  6.676295e+00  6.676347e+00  6.676431e+00  
6.676565e+00  6.676776e+00  6.677111e+00  6.677643e+00  6.678487e+00  6.679828e+00  
6.681957e+00  6.685336e+00  6.690685e+00  6.699102e+00  6.712161e+00  6.731770e+00  
6.758631e+00  6.785061e+00  6.786116e+00  6.733012e+00  6.640167e+00  6.535385e+00  
6.426728e+00  6.319664e+00  6.219878e+00  6.127811e+00  6.041458e+00  5.959985e+00  
5.887210e+00  5.826300e+00  5.776690e+00  5.735460e+00  5.699240e+00  5.665860e+00  
5.634530e+00  5.621350e+00  5.610750e+00  5.599760e+00  5.568320e+00  5.566800e+00  
5.587390e+00  5.590450e+00  5.589290e+00  5.588940e+00  5.588680e+00  5.588970e+00  
7.201197e+00  7.201198e+00  7.201199e+00  7.201200e+00  7.201203e+00  7.201207e+00  
7.201214e+00  7.201224e+00  7.201240e+00  7.201266e+00  7.201307e+00  7.201372e+00  
7.201473e+00  7.201636e+00  7.201894e+00  7.202304e+00  7.202956e+00  7.203993e+00  
7.205641e+00  7.208260e+00  7.212404e+00  7.218897e+00  7.228860e+00  7.243397e+00  
7.261623e+00  7.272117e+00  7.243035e+00  7.144641e+00  7.006406e+00  6.860987e+00  
6.716700e+00  6.578007e+00  6.449664e+00  6.332165e+00  6.224241e+00  6.124598e+00  
6.034727e+00  5.956020e+00  5.887870e+00  5.828040e+00  5.773930e+00  5.723630e+00  
5.675430e+00  5.652730e+00  5.631920e+00  5.614170e+00  5.583500e+00  5.579950e+00  
5.591480e+00  5.593260e+00  5.592310e+00  5.592040e+00  5.591850e+00  5.592040e+00  
7.643144e+00  7.643145e+00  7.643146e+00  7.643147e+00  7.643149e+00  7.643151e+00  
7.643156e+00  7.643162e+00  7.643172e+00  7.643189e+00  7.643216e+00  7.643258e+00  
7.643325e+00  7.643432e+00  7.643601e+00  7.643872e+00  7.644303e+00  7.644992e+00  
7.646091e+00  7.647841e+00  7.650607e+00  7.654903e+00  7.661341e+00  7.670170e+00  
7.678901e+00  7.672683e+00  7.613851e+00  7.472904e+00  7.293683e+00  7.112658e+00  
6.937888e+00  6.772396e+00  6.619712e+00  6.480370e+00  6.353601e+00  6.237806e+00  
6.132485e+00  6.037610e+00  5.952680e+00  5.876220e+00  5.806570e+00  5.742260e+00  
5.680790e+00  5.650610e+00  5.621370e+00  5.598610e+00  5.573020e+00  5.567800e+00  
5.567770e+00  5.567850e+00  5.567270e+00  5.567160e+00  5.567070e+00  5.567120e+00  
8.540242e+00  8.540237e+00  8.540235e+00  8.540231e+00  8.540224e+00  8.540213e+00  
8.540196e+00  8.540170e+00  8.540127e+00  8.540059e+00  8.539953e+00  8.539784e+00  
8.539516e+00  8.539092e+00  8.538421e+00  8.537360e+00  8.535683e+00  8.533033e+00  
8.528846e+00  8.522229e+00  8.511751e+00  8.495122e+00  8.468705e+00  8.426767e+00  
8.360293e+00  8.255347e+00  8.091025e+00  7.873371e+00  7.661366e+00  7.455426e+00  
7.255876e+00  7.062848e+00  6.877010e+00  6.699598e+00  6.531228e+00  6.372253e+00  
6.223862e+00  6.088060e+00  5.966170e+00  5.859810e+00  5.769790e+00  5.691600e+00  
5.622980e+00  5.595360e+00  5.574170e+00  5.556000e+00  5.492360e+00  5.461700e+00  
5.465430e+00  5.469220e+00  5.465770e+00  5.464240e+00  5.466620e+00  5.465270e+00  
8.895560e+00  8.895558e+00  8.895557e+00  8.895556e+00  8.895553e+00  8.895548e+00  
8.895542e+00  8.895532e+00  8.895516e+00  8.895492e+00  8.895451e+00  8.895389e+00  
8.895289e+00  8.895133e+00  8.894885e+00  8.894496e+00  8.893886e+00  8.892930e+00  
8.891429e+00  8.889067e+00  8.885303e+00  8.879202e+00  8.869091e+00  8.851548e+00  
8.818041e+00  8.743568e+00  8.574909e+00  8.291405e+00  7.984142e+00  7.694683e+00  
7.428967e+00  7.185828e+00  6.963988e+00  6.762597e+00  6.578633e+00  6.408963e+00  
6.251226e+00  6.104310e+00  5.968380e+00  5.842620e+00  5.726550e+00  5.619140e+00  
5.517180e+00  5.466820e+00  5.417850e+00  5.383950e+00  5.363850e+00  5.355020e+00  
5.328260e+00  5.322950e+00  5.322600e+00  5.323540e+00  5.322180e+00  5.322940e+00  
9.802145e+00  9.802140e+00  9.802137e+00  9.802132e+00  9.802125e+00  9.802113e+00  
9.802094e+00  9.802063e+00  9.802016e+00  9.801941e+00  9.801822e+00  9.801633e+00  
9.801335e+00  9.800864e+00  9.800119e+00  9.798946e+00  9.797099e+00  9.794187e+00  
9.789597e+00  9.782330e+00  9.770761e+00  9.752247e+00  9.722445e+00  9.673724e+00  
9.591213e+00  9.441374e+00  9.161117e+00  8.743751e+00  8.324744e+00  7.944687e+00  
7.605983e+00  7.304001e+00  7.033403e+00  6.787857e+00  6.558430e+00  6.339606e+00  
6.133306e+00  5.941628e+00  5.764640e+00  5.599370e+00  5.444170e+00  5.300520e+00  
5.166580e+00  5.100190e+00  5.033460e+00  4.983630e+00  4.946930e+00  4.934350e+00  
4.911580e+00  4.908410e+00  4.908050e+00  4.908110e+00  4.908170e+00  4.907960e+00  
1.045152e+01  1.045151e+01  1.045150e+01  1.045149e+01  1.045148e+01  1.045145e+01  
1.045141e+01  1.045134e+01  1.045123e+01  1.045107e+01  1.045079e+01  1.045038e+01  
1.044971e+01  1.044867e+01  1.044701e+01  1.044440e+01  1.044027e+01  1.043374e+01  
1.042343e+01  1.040709e+01  1.038111e+01  1.033982e+01  1.027428e+01  1.017038e+01  
1.000679e+01  9.753718e+00  9.371082e+00  8.884651e+00  8.433953e+00  8.017438e+00  
7.633399e+00  7.280578e+00  6.958411e+00  6.664777e+00  6.396748e+00  6.150675e+00  
5.921376e+00  5.705471e+00  5.504031e+00  5.317070e+00  5.142490e+00  4.972230e+00  
4.800510e+00  4.717570e+00  4.642300e+00  4.588460e+00  4.524020e+00  4.506440e+00  
4.502440e+00  4.502870e+00  4.501160e+00  4.500800e+00  4.500510e+00  4.500670e+00  
1.097543e+01  1.097542e+01  1.097541e+01  1.097540e+01  1.097538e+01  1.097535e+01  
1.097529e+01  1.097521e+01  1.097510e+01  1.097491e+01  1.097460e+01  1.097413e+01  
1.097337e+01  1.097218e+01  1.097030e+01  1.096734e+01  1.096266e+01  1.095529e+01  
1.094362e+01  1.092504e+01  1.089544e+01  1.084831e+01  1.077316e+01  1.065312e+01  
1.046144e+01  1.015506e+01  9.669296e+00  9.033278e+00  8.444969e+00  7.924381e+00  
7.468040e+00  7.066773e+00  6.711162e+00  6.389150e+00  6.084913e+00  5.790694e+00  
5.512504e+00  5.254738e+00  5.015848e+00  4.791180e+00  4.576290e+00  4.372560e+00  
4.180990e+00  4.089070e+00  3.999660e+00  3.929260e+00  3.851920e+00  3.834880e+00  
3.828860e+00  3.828260e+00  3.826670e+00  3.826370e+00  3.826170e+00  3.826220e+00  
1.131248e+01  1.131246e+01  1.131246e+01  1.131244e+01  1.131242e+01  1.131238e+01  
1.131232e+01  1.131223e+01  1.131208e+01  1.131184e+01  1.131147e+01  1.131088e+01  
1.130995e+01  1.130847e+01  1.130616e+01  1.130251e+01  1.129676e+01  1.128768e+01  
1.127326e+01  1.125025e+01  1.121361e+01  1.115523e+01  1.106213e+01  1.091394e+01  
1.067977e+01  1.031443e+01  9.756058e+00  9.046670e+00  8.403129e+00  7.833949e+00  
7.332846e+00  6.888431e+00  6.489301e+00  6.126636e+00  5.790998e+00  5.475970e+00  
5.180069e+00  4.902176e+00  4.641231e+00  4.394939e+00  4.161430e+00  3.940330e+00  
3.731520e+00  3.630920e+00  3.532220e+00  3.456120e+00  3.382830e+00  3.364130e+00  
3.347250e+00  3.345060e+00  3.343740e+00  3.343570e+00  3.343470e+00  3.343410e+00  
1.153496e+01  1.153494e+01  1.153493e+01  1.153491e+01  1.153489e+01  1.153484e+01  
1.153476e+01  1.153465e+01  1.153448e+01  1.153420e+01  1.153377e+01  1.153308e+01  
1.153199e+01  1.153028e+01  1.152758e+01  1.152333e+01  1.151664e+01  1.150604e+01  
1.148916e+01  1.146220e+01  1.141927e+01  1.135083e+01  1.124169e+01  1.106869e+01  
1.079813e+01  1.038653e+01  9.781608e+00  9.034859e+00  8.366283e+00  7.767192e+00  
7.231165e+00  6.749968e+00  6.315368e+00  5.921689e+00  5.563670e+00  5.235262e+00  
4.928577e+00  4.638070e+00  4.363309e+00  4.104079e+00  3.860100e+00  3.628720e+00  
3.409120e+00  3.303930e+00  3.199630e+00  3.118320e+00  3.042360e+00  3.023000e+00  
3.004220e+00  3.001770e+00  3.000320e+00  3.000110e+00  3.000040e+00  2.999980e+00  
1.165831e+01  1.165829e+01  1.165828e+01  1.165826e+01  1.165823e+01  1.165818e+01  
1.165811e+01  1.165800e+01  1.165781e+01  1.165751e+01  1.165705e+01  1.165633e+01  
1.165519e+01  1.165339e+01  1.165056e+01  1.164611e+01  1.163910e+01  1.162796e+01  
1.161017e+01  1.158177e+01  1.153645e+01  1.146405e+01  1.134845e+01  1.116527e+01  
1.087901e+01  1.044460e+01  9.808688e+00  9.025633e+00  8.327469e+00  7.703969e+00  
7.146499e+00  6.645354e+00  6.191147e+00  5.778216e+00  5.401915e+00  5.057200e+00  
4.737721e+00  4.438642e+00  4.158071e+00  3.893156e+00  3.641777e+00  3.402730e+00  
3.175420e+00  3.066270e+00  2.957970e+00  2.872860e+00  2.791100e+00  2.770990e+00  
2.753790e+00  2.751560e+00  2.749790e+00  2.749590e+00  2.749390e+00  2.749420e+00  
1.180557e+01  1.180555e+01  1.180554e+01  1.180552e+01  1.180549e+01  1.180543e+01  
1.180535e+01  1.180523e+01  1.180503e+01  1.180472e+01  1.180423e+01  1.180347e+01  
1.180226e+01  1.180037e+01  1.179740e+01  1.179276e+01  1.178540e+01  1.177366e+01  
1.175482e+01  1.172469e+01  1.167644e+01  1.159899e+01  1.147514e+01  1.127894e+01  
1.097252e+01  1.050920e+01  9.834169e+00  9.004891e+00  8.269068e+00  7.615252e+00  
7.031680e+00  6.507113e+00  6.031327e+00  5.598422e+00  5.203713e+00  4.842194e+00  
4.507845e+00  4.195875e+00  3.903910e+00  3.628294e+00  3.366076e+00  3.115910e+00  
2.875920e+00  2.759570e+00  2.644040e+00  2.552640e+00  2.461920e+00  2.439590e+00  
2.422990e+00  2.421130e+00  2.419180e+00  2.418850e+00  2.418790e+00  2.418640e+00  
1.188346e+01  1.188344e+01  1.188343e+01  1.188340e+01  1.188337e+01  1.188332e+01  
1.188324e+01  1.188311e+01  1.188291e+01  1.188259e+01  1.188209e+01  1.188131e+01  
1.188007e+01  1.187815e+01  1.187513e+01  1.187042e+01  1.186294e+01  1.185088e+01  
1.183151e+01  1.180044e+01  1.175044e+01  1.166983e+01  1.154088e+01  1.133655e+01  
1.101763e+01  1.053703e+01  9.839722e+00  8.986041e+00  8.232113e+00  7.564819e+00  
6.970429e+00  6.436370e+00  5.951711e+00  5.510368e+00  5.107556e+00  4.738105e+00  
4.395888e+00  4.075973e+00  3.775729e+00  3.491250e+00  3.219188e+00  2.957743e+00  
2.705140e+00  2.581680e+00  2.458990e+00  2.361650e+00  2.263460e+00  2.238570e+00  
2.219590e+00  2.217520e+00  2.215600e+00  2.215270e+00  2.215150e+00  2.214900e+00  
1.195099e+01  1.195097e+01  1.195096e+01  1.195093e+01  1.195089e+01  1.195084e+01  
1.195076e+01  1.195063e+01  1.195042e+01  1.195011e+01  1.194960e+01  1.194882e+01  
1.194762e+01  1.194575e+01  1.194288e+01  1.193833e+01  1.193096e+01  1.191895e+01  
1.189954e+01  1.186800e+01  1.181643e+01  1.173283e+01  1.159884e+01  1.138613e+01  
1.105533e+01  1.055922e+01  9.842630e+00  8.969467e+00  8.204104e+00  7.527425e+00  
6.925773e+00  6.385994e+00  5.896919e+00  5.451837e+00  5.045202e+00  4.670783e+00  
4.321040e+00  3.990335e+00  3.676645e+00  3.377231e+00  3.088455e+00  2.804314e+00  
2.519490e+00  2.375300e+00  2.228540e+00  2.109530e+00  1.990450e+00  1.959880e+00  
1.935070e+00  1.932210e+00  1.929920e+00  1.929550e+00  1.929350e+00  1.929050e+00  
1.193981e+01  1.193979e+01  1.193977e+01  1.193976e+01  1.193972e+01  1.193967e+01  
1.193958e+01  1.193945e+01  1.193926e+01  1.193895e+01  1.193847e+01  1.193774e+01  
1.193663e+01  1.193496e+01  1.193236e+01  1.192818e+01  1.192123e+01  1.190986e+01  
1.189121e+01  1.186026e+01  1.180901e+01  1.172568e+01  1.159149e+01  1.137874e+01  
1.104934e+01  1.055717e+01  9.846084e+00  8.981321e+00  8.224197e+00  7.552445e+00  
6.953606e+00  6.415202e+00  5.926537e+00  5.481210e+00  5.073821e+00  4.698410e+00  
4.347719e+00  4.015826e+00  3.699321e+00  3.393124e+00  3.091580e+00  2.788132e+00  
2.474699e+00  2.310400e+00  2.135400e+00  1.987450e+00  1.843250e+00  1.809040e+00  
1.781430e+00  1.777900e+00  1.774620e+00  1.774150e+00  1.773870e+00  1.774910e+00  
1.184696e+01  1.184694e+01  1.184693e+01  1.184691e+01  1.184688e+01  1.184683e+01  
1.184676e+01  1.184664e+01  1.184647e+01  1.184621e+01  1.184582e+01  1.184525e+01  
1.184446e+01  1.184330e+01  1.184143e+01  1.183815e+01  1.183257e+01  1.182310e+01  
1.180663e+01  1.177794e+01  1.172976e+01  1.165026e+01  1.152165e+01  1.131922e+01  
1.100769e+01  1.054223e+01  9.867054e+00  9.039712e+00  8.304367e+00  7.643695e+00  
7.049928e+00  6.515432e+00  6.033589e+00  5.597798e+00  5.201067e+00  4.835355e+00  
4.490474e+00  4.158692e+00  3.837319e+00  3.522595e+00  3.207338e+00  2.876365e+00  
2.511010e+00  2.309156e+00  2.088270e+00  1.893340e+00  1.689230e+00  1.642880e+00  
1.616900e+00  1.613870e+00  1.606970e+00  1.605470e+00  1.606520e+00  1.614550e+00  
1.177136e+01  1.177134e+01  1.177133e+01  1.177131e+01  1.177128e+01  1.177124e+01  
1.177117e+01  1.177107e+01  1.177091e+01  1.177070e+01  1.177040e+01  1.177002e+01  
1.176955e+01  1.176887e+01  1.176757e+01  1.176512e+01  1.176070e+01  1.175259e+01  
1.173724e+01  1.170974e+01  1.166276e+01  1.158422e+01  1.145799e+01  1.126099e+01  
1.095991e+01  1.050920e+01  9.865492e+00  9.074491e+00  8.367143e+00  7.729174e+00  
7.153619e+00  6.633657e+00  6.163320e+00  5.736525e+00  5.346831e+00  4.986596e+00  
4.646040e+00  4.317373e+00  3.997256e+00  3.680567e+00  3.357526e+00  3.007190e+00  
2.602710e+00  2.370274e+00  2.108710e+00  1.872140e+00  1.615780e+00  1.555440e+00  
1.530500e+00  1.528330e+00  1.518240e+00  1.515730e+00  1.518220e+00  1.531670e+00  
1.170172e+01  1.170170e+01  1.170169e+01  1.170167e+01  1.170165e+01  1.170160e+01  
1.170155e+01  1.170145e+01  1.170133e+01  1.170116e+01  1.170098e+01  1.170081e+01  
1.170068e+01  1.170046e+01  1.169973e+01  1.169813e+01  1.169483e+01  1.168779e+01  
1.167331e+01  1.164687e+01  1.160053e+01  1.152291e+01  1.139930e+01  1.120792e+01  
1.091647e+01  1.048133e+01  9.863432e+00  9.104213e+00  8.421960e+00  7.804592e+00  
7.245908e+00  6.739696e+00  6.280519e+00  5.862824e+00  5.480579e+00  5.126564e+00  
4.791347e+00  4.467220e+00  4.150229e+00  3.834267e+00  3.507313e+00  3.143612e+00  
2.709043e+00  2.451911e+00  2.155593e+00  1.882720e+00  1.577750e+00  1.503330e+00  
1.478250e+00  1.476860e+00  1.464110e+00  1.460780e+00  1.464530e+00  1.479320e+00  
1.164079e+01  1.164076e+01  1.164075e+01  1.164074e+01  1.164071e+01  1.164068e+01  
1.164063e+01  1.164054e+01  1.164045e+01  1.164035e+01  1.164029e+01  1.164035e+01  
1.164056e+01  1.164073e+01  1.164058e+01  1.163980e+01  1.163748e+01  1.163114e+01  
1.161737e+01  1.159147e+01  1.154515e+01  1.146806e+01  1.134641e+01  1.115970e+01  
1.087435e+01  1.045640e+01  9.861634e+00  9.129358e+00  8.469163e+00  7.870030e+00  
7.326509e+00  6.832889e+00  6.384184e+00  5.975231e+00  5.600379e+00  5.252764e+00  
4.923309e+00  4.604300e+00  4.291440e+00  3.977695e+00  3.649268e+00  3.276275e+00  
2.818062e+00  2.540441e+00  2.214349e+00  1.908870e+00  1.558720e+00  1.470530e+00  
1.443710e+00  1.442850e+00  1.427970e+00  1.423980e+00  1.428750e+00  1.442870e+00  
1.155580e+01  1.155578e+01  1.155577e+01  1.155576e+01  1.155574e+01  1.155571e+01  
1.155567e+01  1.155562e+01  1.155559e+01  1.155563e+01  1.155585e+01  1.155638e+01  
1.155721e+01  1.155816e+01  1.155915e+01  1.155988e+01  1.155895e+01  1.155352e+01  
1.154061e+01  1.151453e+01  1.146740e+01  1.139061e+01  1.127167e+01  1.109157e+01  
1.081681e+01  1.042749e+01  9.869349e+00  9.177264e+00  8.549928e+00  7.977687e+00  
7.456325e+00  6.981142e+00  6.548122e+00  6.152974e+00  5.790936e+00  5.456166e+00  
5.140795e+00  4.837318e+00  4.539599e+00  4.236904e+00  3.911794e+00  3.532115e+00  
3.045235e+00  2.732273e+00  2.341046e+00  1.961533e+00  1.545660e+00  1.449870e+00  
1.399740e+00  1.395100e+00  1.383360e+00  1.380830e+00  1.385370e+00  1.395350e+00  
1.148164e+01  1.148163e+01  1.148162e+01  1.148160e+01  1.148158e+01  1.148155e+01  
1.148154e+01  1.148153e+01  1.148158e+01  1.148179e+01  1.148232e+01  1.148332e+01  
1.148471e+01  1.148643e+01  1.148856e+01  1.149056e+01  1.149045e+01  1.148568e+01  
1.147294e+01  1.144582e+01  1.139773e+01  1.132093e+01  1.120430e+01  1.102606e+01  
1.076587e+01  1.039878e+01  9.870083e+00  9.210437e+00  8.610318e+00  8.061048e+00  
7.559353e+00  7.101387e+00  6.683933e+00  6.303060e+00  5.954247e+00  5.631802e+00  
5.327795e+00  5.034683e+00  4.746097e+00  4.450784e+00  4.129943e+00  3.747891e+00  
3.242725e+00  2.907040e+00  2.474522e+00  2.043318e+00  1.557000e+00  1.440450e+00  
1.375410e+00  1.369450e+00  1.356900e+00  1.354190e+00  1.358170e+00  1.365650e+00  
1.140691e+01  1.140689e+01  1.140689e+01  1.140687e+01  1.140686e+01  1.140686e+01  
1.140690e+01  1.140700e+01  1.140731e+01  1.140802e+01  1.140937e+01  1.141140e+01  
1.141409e+01  1.141775e+01  1.142225e+01  1.142603e+01  1.142681e+01  1.142225e+01  
1.140692e+01  1.137559e+01  1.132347e+01  1.124426e+01  1.112607e+01  1.094886e+01  
1.070958e+01  1.036797e+01  9.874520e+00  9.259077e+00  8.700488e+00  8.190868e+00  
7.726898e+00  7.304623e+00  6.920560e+00  6.570868e+00  6.251005e+00  5.954922e+00  
5.673835e+00  5.399895e+00  5.128340e+00  4.850755e+00  4.549409e+00  4.183407e+00  
3.670531e+00  3.302008e+00  2.790802e+00  2.255931e+00  1.620200e+00  1.446120e+00  
1.353800e+00  1.341740e+00  1.319540e+00  1.318470e+00  1.314560e+00  1.324360e+00  
1.134090e+01  1.134089e+01  1.134089e+01  1.134088e+01  1.134089e+01  1.134091e+01  
1.134102e+01  1.134129e+01  1.134192e+01  1.134321e+01  1.134534e+01  1.134829e+01  
1.135237e+01  1.135787e+01  1.136406e+01  1.136865e+01  1.136997e+01  1.136407e+01  
1.134553e+01  1.131086e+01  1.125606e+01  1.117621e+01  1.105136e+01  1.088884e+01  
1.066552e+01  1.034420e+01  9.877835e+00  9.295496e+00  8.766066e+00  8.282876e+00  
7.843017e+00  7.443070e+00  7.079944e+00  6.750239e+00  6.449764e+00  6.172828e+00  
5.910910e+00  5.656259e+00  5.404133e+00  5.145759e+00  4.862231e+00  4.508833e+00  
3.994275e+00  3.612686e+00  3.069333e+00  2.476447e+00  1.707510e+00  1.479700e+00  
1.342820e+00  1.326230e+00  1.301700e+00  1.299690e+00  1.296010e+00  1.302970e+00  
1.123019e+01  1.123018e+01  1.123018e+01  1.123019e+01  1.123023e+01  1.123035e+01  
1.123066e+01  1.123137e+01  1.123278e+01  1.123521e+01  1.123868e+01  1.124356e+01  
1.125038e+01  1.125873e+01  1.126648e+01  1.127213e+01  1.127242e+01  1.126199e+01  
1.123814e+01  1.119854e+01  1.114160e+01  1.105161e+01  1.093919e+01  1.079758e+01  
1.059979e+01  1.031165e+01  9.888148e+00  9.353956e+00  8.862986e+00  8.411260e+00  
7.997851e+00  7.621692e+00  7.282045e+00  6.976459e+00  6.701493e+00  6.452237e+00  
6.221110e+00  6.000441e+00  5.783700e+00  5.558032e+00  5.301831e+00  4.974070e+00  
4.480490e+00  4.097856e+00  3.525803e+00  2.853963e+00  1.888875e+00  1.590140e+00  
1.337470e+00  1.306470e+00  1.285440e+00  1.282460e+00  1.277330e+00  1.281150e+00  
1.120112e+01  1.120111e+01  1.120112e+01  1.120115e+01  1.120125e+01  1.120149e+01  
1.120207e+01  1.120329e+01  1.120553e+01  1.120893e+01  1.121371e+01  1.122055e+01  
1.122964e+01  1.123940e+01  1.124797e+01  1.125337e+01  1.125035e+01  1.123530e+01  
1.120644e+01  1.116303e+01  1.110008e+01  1.100615e+01  1.090319e+01  1.077021e+01  
1.058216e+01  1.030635e+01  9.899601e+00  9.385920e+00  8.913831e+00  8.480021e+00  
8.083867e+00  7.724733e+00  7.402250e+00  7.114309e+00  6.857798e+00  6.628186e+00  
6.418136e+00  6.220246e+00  6.028094e+00  5.828607e+00  5.600181e+00  5.302925e+00  
4.840279e+00  4.467968e+00  3.890230e+00  3.176189e+00  2.063547e+00  1.691940e+00  
1.351060e+00  1.305410e+00  1.275830e+00  1.272450e+00  1.264820e+00  1.269920e+00  
1.119493e+01  1.119493e+01  1.119495e+01  1.119501e+01  1.119518e+01  1.119558e+01  
1.119647e+01  1.119825e+01  1.120126e+01  1.120556e+01  1.121170e+01  1.122036e+01  
1.123108e+01  1.124161e+01  1.125062e+01  1.125444e+01  1.124777e+01  1.122860e+01  
1.119566e+01  1.114954e+01  1.107351e+01  1.098779e+01  1.089007e+01  1.076163e+01  
1.057819e+01  1.030795e+01  9.909242e+00  9.406813e+00  8.946379e+00  8.524674e+00  
8.140742e+00  7.793651e+00  7.482630e+00  7.206071e+00  6.961693e+00  6.746156e+00  
6.553760e+00  6.377835e+00  6.210278e+00  6.033599e+00  5.822574e+00  5.539142e+00  
5.095241e+00  4.743386e+00  4.201258e+00  3.491179e+00  2.229627e+00  1.776820e+00  
1.367190e+00  1.311670e+00  1.270800e+00  1.264790e+00  1.261420e+00  1.263090e+00  
1.118782e+01  1.118783e+01  1.118786e+01  1.118796e+01  1.118822e+01  1.118880e+01  
1.119005e+01  1.119240e+01  1.119608e+01  1.120130e+01  1.120882e+01  1.121911e+01  
1.123086e+01  1.124198e+01  1.125091e+01  1.125244e+01  1.124250e+01  1.121972e+01  
1.118394e+01  1.113480e+01  1.105312e+01  1.097314e+01  1.087997e+01  1.075600e+01  
1.057749e+01  1.031295e+01  9.920728e+00  9.425078e+00  8.970778e+00  8.556214e+00  
8.180504e+00  7.842414e+00  7.540925e+00  7.274297e+00  7.040181e+00  6.835286e+00  
6.654443e+00  6.491660e+00  6.339819e+00  6.182837e+00  5.995959e+00  5.737898e+00  
5.316631e+00  4.975783e+00  4.446208e+00  3.735615e+00  2.393591e+00  1.872813e+00  
1.383910e+00  1.316960e+00  1.267810e+00  1.261330e+00  1.257000e+00  1.258520e+00  
1.118326e+01  1.118329e+01  1.118337e+01  1.118356e+01  1.118402e+01  1.118503e+01  
1.118706e+01  1.119048e+01  1.119542e+01  1.120254e+01  1.121264e+01  1.122533e+01  
1.123825e+01  1.125012e+01  1.125711e+01  1.125364e+01  1.123792e+01  1.120929e+01  
1.116966e+01  1.110151e+01  1.102948e+01  1.095631e+01  1.086841e+01  1.074904e+01  
1.057514e+01  1.031635e+01  9.933049e+00  9.450127e+00  9.008001e+00  8.604450e+00  
8.239000e+00  7.911113e+00  7.620565e+00  7.366149e+00  7.145934e+00  6.956962e+00  
6.793861e+00  6.650753e+00  6.521746e+00  6.392592e+00  6.240596e+00  6.026201e+00  
5.659499e+00  5.349005e+00  4.843851e+00  4.128928e+00  2.676450e+00  2.066295e+00  
1.425040e+00  1.329130e+00  1.264650e+00  1.259100e+00  1.249090e+00  1.252790e+00  
1.120502e+01  1.120509e+01  1.120522e+01  1.120552e+01  1.120624e+01  1.120775e+01  
1.121057e+01  1.121492e+01  1.122112e+01  1.123014e+01  1.124246e+01  1.125649e+01  
1.127023e+01  1.128187e+01  1.128559e+01  1.127758e+01  1.125681e+01  1.122414e+01  
1.117908e+01  1.110292e+01  1.103690e+01  1.096728e+01  1.088144e+01  1.076276e+01  
1.058828e+01  1.032807e+01  9.943859e+00  9.462741e+00  9.025338e+00  8.628928e+00  
8.272279e+00  7.953822e+00  7.672304e+00  7.426458e+00  7.214574e+00  7.033822e+00  
6.879073e+00  6.745958e+00  6.632665e+00  6.532935e+00  6.426705e+00  6.253992e+00  
5.907278e+00  5.609087e+00  5.139336e+00  4.458787e+00  2.935144e+00  2.238924e+00  
1.463780e+00  1.346780e+00  1.265200e+00  1.255910e+00  1.248000e+00  1.249310e+00  
1.119704e+01  1.119724e+01  1.119754e+01  1.119824e+01  1.119975e+01  1.120261e+01  
1.120716e+01  1.121368e+01  1.122319e+01  1.123643e+01  1.125211e+01  1.126795e+01  
1.128244e+01  1.128977e+01  1.128537e+01  1.126816e+01  1.123894e+01  1.120028e+01  
1.112717e+01  1.106699e+01  1.101064e+01  1.094848e+01  1.086890e+01  1.075606e+01  
1.058786e+01  1.033545e+01  9.961679e+00  9.492607e+00  9.065336e+00  8.677915e+00  
8.329277e+00  8.018408e+00  7.744641e+00  7.507535e+00  7.306521e+00  7.140539e+00  
7.007122e+00  6.903227e+00  6.824577e+00  6.758132e+00  6.683082e+00  6.563275e+00  
6.312220e+00  6.073443e+00  5.665083e+00  5.038358e+00  3.472296e+00  2.613960e+00  
1.566300e+00  1.401500e+00  1.270030e+00  1.255990e+00  1.239830e+00  1.244650e+00  
1.119681e+01  1.119718e+01  1.119772e+01  1.119892e+01  1.120135e+01  1.120548e+01  
1.121152e+01  1.122030e+01  1.123290e+01  1.124910e+01  1.126630e+01  1.128321e+01  
1.129568e+01  1.129729e+01  1.128618e+01  1.126208e+01  1.122859e+01  1.116629e+01  
1.110316e+01  1.105076e+01  1.100006e+01  1.094234e+01  1.086643e+01  1.075696e+01  
1.059229e+01  1.034377e+01  9.974225e+00  9.509766e+00  9.086124e+00  8.701863e+00  
8.356393e+00  8.049384e+00  7.780826e+00  7.550439e+00  7.357544e+00  7.200913e+00  
7.077704e+00  6.985149e+00  6.920920e+00  6.875677e+00  6.832359e+00  6.755680e+00  
6.567082e+00  6.370889e+00  6.006494e+00  5.424304e+00  3.886436e+00  2.949443e+00  
1.664790e+00  1.450060e+00  1.278510e+00  1.258570e+00  1.241330e+00  1.242340e+00  
1.119934e+01  1.120022e+01  1.120139e+01  1.120380e+01  1.120801e+01  1.121426e+01  
1.122333e+01  1.123648e+01  1.125385e+01  1.127279e+01  1.129189e+01  1.130747e+01  
1.131241e+01  1.130433e+01  1.128272e+01  1.125128e+01  1.119401e+01  1.112866e+01  
1.107851e+01  1.103478e+01  1.099052e+01  1.093760e+01  1.086536e+01  1.075894e+01  
1.059713e+01  1.035150e+01  9.984957e+00  9.524110e+00  9.103996e+00  8.723864e+00  
8.383272e+00  8.082121e+00  7.820541e+00  7.597904e+00  7.412988e+00  7.264614e+00  
7.151213e+00  7.071577e+00  7.025087e+00  7.005103e+00  6.997957e+00  6.971723e+00  
6.853171e+00  6.711046e+00  6.445460e+00  5.984191e+00  4.480248e+00  3.414225e+00  
1.871461e+00  1.582340e+00  1.294330e+00  1.255310e+00  1.239430e+00  1.240000e+00  
1.121686e+01  1.121843e+01  1.122037e+01  1.122403e+01  1.122977e+01  1.123803e+01  
1.125017e+01  1.126704e+01  1.128687e+01  1.130739e+01  1.132664e+01  1.133752e+01  
1.133545e+01  1.131947e+01  1.129149e+01  1.125427e+01  1.117754e+01  1.112323e+01  
1.107982e+01  1.104080e+01  1.099964e+01  1.094844e+01  1.087668e+01  1.076955e+01  
1.060583e+01  1.035748e+01  9.988516e+00  9.526978e+00  9.108554e+00  8.731690e+00  
8.395298e+00  8.098615e+00  7.841105e+00  7.622325e+00  7.441728e+00  7.298032e+00  
7.188250e+00  7.111032e+00  7.069470e+00  7.064944e+00  7.090198e+00  7.106295e+00  
7.038889e+00  6.929863e+00  6.695664e+00  6.264214e+00  4.900434e+00  3.883356e+00  
2.036682e+00  1.666990e+00  1.319180e+00  1.276110e+00  1.238510e+00  1.238830e+00  
1.121747e+01  1.121989e+01  1.122268e+01  1.122750e+01  1.123460e+01  1.124496e+01  
1.125996e+01  1.127952e+01  1.130074e+01  1.132231e+01  1.133964e+01  1.134536e+01  
1.133728e+01  1.131519e+01  1.128372e+01  1.122100e+01  1.115659e+01  1.110892e+01  
1.107017e+01  1.103455e+01  1.099580e+01  1.094627e+01  1.087566e+01  1.076934e+01  
1.060632e+01  1.035871e+01  9.990822e+00  9.530674e+00  9.113669e+00  8.738345e+00  
8.403660e+00  8.108827e+00  7.853385e+00  7.636925e+00  7.458976e+00  7.318319e+00  
7.212086e+00  7.139147e+00  7.103153e+00  7.106536e+00  7.144048e+00  7.181074e+00  
7.150371e+00  7.068619e+00  6.870871e+00  6.489490e+00  5.227573e+00  4.207886e+00  
2.202393e+00  1.771210e+00  1.341690e+00  1.285460e+00  1.239220e+00  1.238130e+00  
1.119718e+01  1.120058e+01  1.120422e+01  1.121007e+01  1.121853e+01  1.123098e+01  
1.124853e+01  1.126980e+01  1.129214e+01  1.131391e+01  1.132812e+01  1.132913e+01  
1.131574e+01  1.128938e+01  1.125518e+01  1.117788e+01  1.112118e+01  1.107840e+01  
1.104335e+01  1.101064e+01  1.097431e+01  1.092707e+01  1.085903e+01  1.075600e+01  
1.059744e+01  1.035549e+01  9.993603e+00  9.537965e+00  9.122628e+00  8.747603e+00  
8.412488e+00  8.117144e+00  7.861762e+00  7.646000e+00  7.469440e+00  7.331423e+00  
7.230578e+00  7.166107e+00  7.138392e+00  7.142343e+00  7.170164e+00  7.208509e+00  
7.219445e+00  7.174856e+00  7.012245e+00  6.658528e+00  5.473889e+00  4.481378e+00  
2.360297e+00  1.871431e+00  1.364300e+00  1.295430e+00  1.239930e+00  1.237660e+00  
1.119669e+01  1.120234e+01  1.120756e+01  1.121526e+01  1.122655e+01  1.124289e+01  
1.126424e+01  1.128752e+01  1.131139e+01  1.133090e+01  1.133822e+01  1.133124e+01  
1.130930e+01  1.127808e+01  1.121300e+01  1.114705e+01  1.109972e+01  1.106346e+01  
1.103317e+01  1.100384e+01  1.096986e+01  1.092424e+01  1.085736e+01  1.075526e+01  
1.059754e+01  1.035650e+01  9.995691e+00  9.541381e+00  9.127364e+00  8.753736e+00  
8.420121e+00  8.126366e+00  7.872621e+00  7.658728e+00  7.484337e+00  7.348998e+00  
7.251352e+00  7.190809e+00  7.168252e+00  7.179430e+00  7.218087e+00  7.273719e+00  
7.316775e+00  7.302126e+00  7.191854e+00  6.906055e+00  5.842454e+00  4.904565e+00  
2.655088e+00  2.060062e+00  1.409260e+00  1.314520e+00  1.243640e+00  1.237060e+00  
1.119658e+01  1.120471e+01  1.121064e+01  1.122076e+01  1.123490e+01  1.125465e+01  
1.127813e+01  1.130202e+01  1.132711e+01  1.134315e+01  1.134329e+01  1.132914e+01  
1.130196e+01  1.126649e+01  1.118344e+01  1.112709e+01  1.108581e+01  1.105395e+01  
1.102682e+01  1.099970e+01  1.096722e+01  1.092263e+01  1.085648e+01  1.075494e+01  
1.059773e+01  1.035721e+01  9.997033e+00  9.543532e+00  9.130304e+00  8.757516e+00  
8.424799e+00  8.131983e+00  7.879187e+00  7.666364e+00  7.493331e+00  7.359651e+00  
7.264044e+00  7.205940e+00  7.186499e+00  7.202105e+00  7.247451e+00  7.313980e+00  
7.376912e+00  7.381364e+00  7.308525e+00  7.075166e+00  6.107540e+00  5.224334e+00  
2.917112e+00  2.233663e+00  1.453730e+00  1.334310e+00  1.248080e+00  1.236700e+00  
